QIZ20180.1	QIZ20180.1	100.000	283	0	0	1	283	1	283	0.0	577
QIZ20181.1	QIZ20181.1	100.000	230	0	0	1	230	1	230	1.45e-166	454
QIZ20182.1	QIZ20182.1	100.000	224	0	0	1	224	1	224	2.84e-163	445
QIZ20183.1	QIZ20183.1	100.000	129	0	0	1	129	1	129	5.90e-90	252
QIZ20184.1	QIZ20184.1	100.000	310	0	0	1	310	1	310	0.0	630
QIZ20185.1	QIZ20185.1	100.000	357	0	0	1	357	1	357	0.0	702
QIZ20186.1	QIZ20186.1	100.000	232	0	0	1	232	1	232	2.29e-169	461
QIZ20187.1	QIZ20187.1	100.000	326	0	0	1	326	1	326	0.0	660
QIZ20188.1	QIZ20188.1	100.000	156	0	0	1	156	1	156	2.88e-111	308
QIZ20189.1	QIZ20189.1	100.000	500	0	0	1	500	1	500	0.0	986
QIZ20190.1	QIZ20190.1	100.000	360	0	0	1	360	1	360	0.0	731
QIZ20191.1	QIZ20191.1	100.000	184	0	0	1	184	1	184	7.05e-140	383
QIZ20192.1	QIZ20192.1	100.000	167	0	0	1	167	1	167	7.07e-122	336
QIZ20193.1	QIZ20193.1	100.000	289	0	0	1	289	1	289	0.0	589
QIZ20194.1	QIZ20194.1	100.000	283	0	0	1	283	1	283	0.0	580
QIZ20195.1	QIZ20195.1	100.000	260	0	0	1	260	1	260	0.0	528
QIZ20196.1	QIZ20196.1	100.000	199	0	0	1	199	1	199	3.89e-152	415
QIZ20197.1	QIZ20197.1	100.000	289	0	0	1	289	1	289	0.0	592
QIZ20198.1	QIZ20198.1	100.000	402	0	0	1	402	1	402	0.0	782
QIZ20199.1	QIZ20199.1	100.000	175	0	0	1	175	1	175	1.09e-124	344
QIZ20200.1	QIZ20200.1	100.000	381	0	0	1	381	1	381	0.0	782
QIZ20201.1	QIZ20201.1	100.000	336	0	0	1	336	1	336	0.0	693
QIZ20202.1	QIZ20202.1	100.000	164	0	0	1	164	1	164	9.65e-121	333
QIZ20203.1	QIZ20203.1	100.000	443	0	0	1	443	1	443	0.0	868
QIZ20204.1	QIZ20204.1	100.000	328	0	0	1	328	1	328	0.0	681
QIZ20205.1	QIZ20205.1	100.000	278	0	0	1	278	1	278	0.0	533
QIZ20206.1	QIZ20206.1	100.000	434	0	0	1	434	1	434	0.0	880
QIZ20207.1	QIZ20207.1	100.000	66	0	0	1	66	1	66	5.61e-44	131
QIZ20208.1	QIZ20208.1	100.000	132	0	0	1	132	1	132	3.30e-91	256
QIZ20209.1	QIZ20209.1	100.000	115	0	0	1	115	1	115	3.70e-80	226
QIZ20210.1	QIZ20210.1	100.000	536	0	0	1	536	1	536	0.0	1057
QIZ20211.1	QIZ20211.1	100.000	97	0	0	1	97	1	97	1.18e-68	196
QIZ20212.1	QIZ20212.1	100.000	162	0	0	1	162	1	162	1.17e-122	338
QIZ20213.1	QIZ20213.1	100.000	177	0	0	1	177	1	177	5.88e-128	352
QIZ20214.1	QIZ20214.1	100.000	294	0	0	1	294	1	294	0.0	576
QIZ20215.1	QIZ20215.1	100.000	145	0	0	1	145	1	145	4.22e-108	299
QIZ20216.1	QIZ20216.1	100.000	318	0	0	1	318	1	318	0.0	636
QIZ20217.1	QIZ20217.1	100.000	448	0	0	1	448	1	448	0.0	917
QIZ20218.1	QIZ20218.1	100.000	380	0	0	1	380	1	380	0.0	780
QIZ20219.1	QIZ20219.1	100.000	93	0	0	1	93	1	93	1.76e-67	192
QIZ20220.1	QIZ20220.1	100.000	484	0	0	1	484	1	484	0.0	991
QIZ20221.1	QIZ20221.1	100.000	645	0	0	1	645	1	645	0.0	1346
QIZ20222.1	QIZ20222.1	100.000	342	0	0	1	342	1	342	0.0	720
QIZ20223.1	QIZ20223.1	100.000	189	0	0	1	189	1	189	1.75e-144	395
QIZ20224.1	QIZ20224.1	100.000	208	0	0	1	208	1	208	1.84e-154	422
QIZ20225.1	QIZ20225.1	100.000	374	0	0	1	374	1	374	0.0	772
QIZ20226.1	QIZ20226.1	100.000	298	0	0	1	298	1	298	0.0	612
QIZ20227.1	QIZ20227.1	100.000	500	0	0	1	500	1	500	0.0	1026
QIZ20228.1	QIZ20228.1	100.000	229	0	0	1	229	1	229	5.79e-173	470
QIZ20229.1	QIZ20229.1	100.000	207	0	0	1	207	1	207	2.37e-146	401
QIZ20230.1	QIZ20230.1	100.000	606	0	0	1	606	1	606	0.0	1241
QIZ20231.1	QIZ20231.1	100.000	459	0	0	1	459	1	459	0.0	956
QIZ20232.1	QIZ20232.1	100.000	245	0	0	1	245	1	245	0.0	507
QIZ20233.1	QIZ20233.1	100.000	453	0	0	1	453	1	453	0.0	915
QIZ20234.1	QIZ20234.1	100.000	533	0	0	1	533	1	533	0.0	1093
QIZ20235.1	QIZ20235.1	100.000	237	0	0	1	237	1	237	8.71e-173	471
QIZ20236.1	QIZ20236.1	100.000	205	0	0	1	205	1	205	3.15e-153	418
QIZ20237.1	QIZ20237.1	100.000	110	0	0	1	110	1	110	1.15e-80	227
QIZ20238.1	QIZ20238.1	100.000	76	0	0	1	76	1	76	1.91e-52	153
QIZ20239.1	QIZ20239.1	100.000	730	0	0	1	730	1	730	0.0	1501
QIZ20240.1	QIZ20240.1	100.000	227	0	0	1	227	1	227	4.23e-170	463
QIZ20241.1	QIZ20241.1	100.000	80	0	0	1	80	1	80	1.18e-54	159
QIZ20242.1	QIZ20242.1	100.000	260	0	0	1	260	1	260	0.0	520
QIZ20243.1	QIZ20243.1	100.000	430	0	0	1	430	1	430	0.0	883
QIZ20244.1	QIZ20244.1	100.000	256	0	0	1	256	1	256	0.0	533
QIZ20245.1	QIZ20245.1	100.000	232	0	0	1	232	1	232	1.07e-168	460
QIZ20246.1	QIZ20246.1	100.000	249	0	0	1	249	1	249	0.0	509
QIZ20247.1	QIZ20247.1	100.000	133	0	0	1	133	1	133	3.15e-96	268
QIZ20248.1	QIZ20248.1	100.000	259	0	0	1	259	1	259	0.0	508
QIZ20249.1	QIZ20249.1	100.000	247	0	0	1	247	1	247	0.0	506
QIZ20250.1	QIZ20250.1	100.000	396	0	0	1	396	1	396	0.0	803
QIZ20251.1	QIZ20251.1	100.000	63	0	0	1	63	1	63	8.54e-41	123
QIZ20252.1	QIZ20252.1	100.000	176	0	0	1	176	1	176	1.35e-127	351
QIZ20253.1	QIZ20253.1	100.000	141	0	0	1	141	1	141	1.62e-101	282
QIZ20254.1	QIZ20254.1	100.000	229	0	0	1	229	1	229	7.20e-166	452
QIZ20255.1	QIZ20255.1	100.000	166	0	0	1	166	1	166	1.61e-122	338
QIZ20256.1	QIZ20256.1	100.000	121	0	0	1	121	1	121	1.29e-79	226
QIZ20257.1	QIZ20257.1	100.000	1363	0	0	1	1363	1	1363	0.0	2781
QIZ20258.1	QIZ20258.1	100.000	1389	0	0	1	1389	1	1389	0.0	2849
QIZ20259.1	QIZ20259.1	100.000	123	0	0	1	123	1	123	2.65e-87	245
QIZ20260.1	QIZ20260.1	100.000	156	0	0	1	156	1	156	4.84e-114	315
QIZ20261.1	QIZ20261.1	100.000	692	0	0	1	692	1	692	0.0	1434
QIZ20262.1	QIZ20262.1	100.000	102	0	0	1	102	1	102	9.82e-72	204
QIZ20263.1	QIZ20263.1	100.000	236	0	0	1	236	1	236	1.26e-172	470
QIZ20264.1	QIZ20264.1	100.000	207	0	0	1	207	1	207	6.92e-148	405
QIZ20265.1	QIZ20265.1	100.000	97	0	0	1	97	1	97	8.37e-66	189
QIZ20266.1	QIZ20266.1	100.000	281	0	0	1	281	1	281	0.0	574
QIZ20267.1	QIZ20267.1	100.000	97	0	0	1	97	1	97	2.41e-67	192
QIZ20268.1	QIZ20268.1	100.000	132	0	0	1	132	1	132	5.43e-94	263
QIZ20269.1	QIZ20269.1	100.000	226	0	0	1	226	1	226	1.41e-168	459
QIZ20270.1	QIZ20270.1	100.000	136	0	0	1	136	1	136	1.04e-98	275
QIZ20271.1	QIZ20271.1	100.000	63	0	0	1	63	1	63	1.27e-39	120
QIZ20272.1	QIZ20272.1	100.000	78	0	0	1	78	1	78	3.16e-53	155
QIZ20273.1	QIZ20273.1	100.000	122	0	0	1	122	1	122	8.33e-86	241
QIZ20274.1	QIZ20274.1	100.000	82	0	0	1	82	1	82	1.96e-52	154
QIZ20275.1	QIZ20275.1	100.000	184	0	0	1	184	1	184	4.31e-134	368
QIZ20276.1	QIZ20276.1	100.000	101	0	0	1	101	1	101	1.25e-71	204
QIZ20277.1	QIZ20277.1	100.000	131	0	0	1	131	1	131	1.41e-94	264
QIZ20278.1	QIZ20278.1	100.000	179	0	0	1	179	1	179	1.53e-126	349
QIZ20279.1	QIZ20279.1	100.000	118	0	0	1	118	1	118	4.80e-82	231
QIZ20280.1	QIZ20280.1	100.000	170	0	0	1	170	1	170	4.59e-122	337
QIZ20281.1	QIZ20281.1	100.000	153	0	0	1	153	1	153	1.01e-106	296
QIZ20282.1	QIZ20282.1	100.000	426	0	0	1	426	1	426	0.0	846
QIZ20283.1	QIZ20283.1	100.000	213	0	0	1	213	1	213	2.59e-159	434
QIZ20284.1	QIZ20284.1	100.000	127	0	0	1	127	1	127	9.87e-92	256
QIZ20285.1	QIZ20285.1	100.000	150	0	0	1	150	1	150	2.50e-108	300
QIZ20286.1	QIZ20286.1	100.000	342	0	0	1	342	1	342	0.0	691
QIZ20287.1	QIZ20287.1	100.000	145	0	0	1	145	1	145	2.77e-105	292
QIZ20288.1	QIZ20288.1	100.000	304	0	0	1	304	1	304	0.0	624
QIZ20289.1	QIZ20289.1	100.000	206	0	0	1	206	1	206	3.63e-147	403
QIZ20290.1	QIZ20290.1	100.000	457	0	0	1	457	1	457	0.0	914
QIZ20291.1	QIZ20291.1	100.000	280	0	0	1	280	1	280	0.0	550
QIZ20292.1	QIZ20292.1	100.000	271	0	0	1	271	1	271	0.0	534
QIZ20293.1	QIZ20293.1	100.000	432	0	0	1	432	1	432	0.0	849
QIZ20294.1	QIZ20294.1	100.000	153	0	0	1	153	1	153	1.74e-111	308
QIZ20295.1	QIZ20295.1	100.000	100	0	0	1	100	1	100	6.08e-66	189
QIZ20296.1	QIZ20296.1	100.000	863	0	0	1	863	1	863	0.0	1763
QIZ20297.1	QIZ20297.1	100.000	191	0	0	1	191	1	191	1.56e-136	375
QIZ20298.1	QIZ20298.1	100.000	313	0	0	1	313	1	313	0.0	643
QIZ20299.1	QIZ20299.1	100.000	151	0	0	1	151	1	151	1.12e-107	299
QIZ20300.1	QIZ20300.1	100.000	95	0	0	1	95	1	95	2.13e-64	185
QIZ20301.1	QIZ20301.1	100.000	485	0	0	1	485	1	485	0.0	988
QIZ20302.1	QIZ20302.1	100.000	491	0	0	1	491	1	491	0.0	1004
QIZ20303.1	QIZ20303.1	100.000	216	0	0	1	216	1	216	1.55e-159	435
QIZ20304.1	QIZ20304.1	100.000	301	0	0	1	301	1	301	0.0	602
QIZ20305.1	QIZ20305.1	100.000	456	0	0	1	456	1	456	0.0	896
QIZ20306.1	QIZ20306.1	100.000	161	0	0	1	161	1	161	8.05e-120	330
QIZ20307.1	QIZ20307.1	100.000	160	0	0	1	160	1	160	1.73e-120	332
QIZ20308.1	QIZ20308.1	100.000	91	0	0	1	91	1	91	7.91e-64	183
QIZ20309.1	QIZ20309.1	100.000	408	0	0	1	408	1	408	0.0	840
QIZ20310.1	QIZ20310.1	100.000	90	0	0	1	90	1	90	2.02e-63	182
QIZ20311.1	QIZ20311.1	100.000	246	0	0	1	246	1	246	1.28e-174	476
QIZ20312.1	QIZ20312.1	100.000	255	0	0	1	255	1	255	0.0	514
QIZ20313.1	QIZ20313.1	100.000	187	0	0	1	187	1	187	6.62e-138	378
QIZ20314.1	QIZ20314.1	100.000	1002	0	0	1	1002	1	1002	0.0	2083
QIZ20315.1	QIZ20315.1	100.000	91	0	0	1	91	1	91	2.93e-68	194
QIZ20316.1	QIZ20316.1	100.000	417	0	0	1	417	1	417	0.0	863
QIZ20317.1	QIZ20317.1	100.000	736	0	0	1	736	1	736	0.0	1492
QIZ20318.1	QIZ20318.1	100.000	293	0	0	1	293	1	293	0.0	598
QIZ20319.1	QIZ20319.1	100.000	156	0	0	1	156	1	156	3.30e-113	313
QIZ20320.1	QIZ20320.1	100.000	173	0	0	1	173	1	173	3.33e-123	340
QIZ20321.1	QIZ20321.1	100.000	585	0	0	1	585	1	585	0.0	1195
QIZ20322.1	QIZ20322.1	100.000	195	0	0	1	195	1	195	4.20e-139	382
QIZ20323.1	QIZ20323.1	100.000	239	0	0	1	239	1	239	2.85e-172	469
QIZ20324.1	QIZ20324.1	100.000	128	0	0	1	128	1	128	5.10e-87	245
QIZ20325.1	QIZ20325.1	100.000	244	0	0	1	244	1	244	3.15e-180	490
QIZ20326.1	QIZ20326.1	100.000	222	0	0	1	222	1	222	1.53e-160	438
QIZ20327.1	QIZ20327.1	100.000	226	0	0	1	226	1	226	2.63e-164	448
QIZ20328.1	QIZ20328.1	100.000	329	0	0	1	329	1	329	0.0	668
QIZ20329.1	QIZ20329.1	100.000	213	0	0	1	213	1	213	3.07e-162	442
QIZ20330.1	QIZ20330.1	100.000	141	0	0	1	141	1	141	1.39e-102	285
QIZ20331.1	QIZ20331.1	100.000	436	0	0	1	436	1	436	0.0	900
QIZ20332.1	QIZ20332.1	100.000	152	0	0	1	152	1	152	1.47e-110	306
QIZ20333.1	QIZ20333.1	100.000	197	0	0	1	197	1	197	2.03e-142	390
QIZ20334.1	QIZ20334.1	100.000	366	0	0	1	366	1	366	0.0	722
QIZ20335.1	QIZ20335.1	100.000	128	0	0	1	128	1	128	1.17e-91	256
QIZ20336.1	QIZ20336.1	100.000	134	0	0	1	134	1	134	5.57e-96	268
QIZ20337.1	QIZ20337.1	100.000	319	0	0	1	319	1	319	0.0	619
QIZ20338.1	QIZ20338.1	100.000	701	0	0	1	701	1	701	0.0	1368
QIZ20339.1	QIZ20339.1	100.000	153	0	0	1	153	1	153	4.93e-112	310
QIZ20340.1	QIZ20340.1	100.000	155	0	0	1	155	1	155	3.12e-109	303
QIZ20341.1	QIZ20341.1	100.000	60	0	0	1	60	1	60	7.22e-42	125
QIZ20342.1	QIZ20342.1	100.000	334	0	0	1	334	1	334	0.0	674
QIZ20343.1	QIZ20343.1	100.000	100	0	0	1	100	1	100	6.82e-68	194
QIZ20344.1	QIZ20344.1	100.000	125	0	0	1	125	1	125	5.39e-86	242
QIZ20345.1	QIZ20345.1	100.000	63	0	0	1	63	1	63	4.14e-41	124
QIZ20346.1	QIZ20346.1	100.000	96	0	0	1	96	1	96	3.94e-62	179
QIZ20347.1	QIZ20347.1	100.000	336	0	0	1	336	1	336	0.0	661
QIZ20348.1	QIZ20348.1	100.000	442	0	0	1	442	1	442	0.0	907
QIZ20349.1	QIZ20349.1	100.000	153	0	0	1	153	1	153	2.05e-112	311
QIZ20350.1	QIZ20350.1	100.000	149	0	0	1	149	1	149	1.12e-110	306
QIZ20351.1	QIZ20351.1	100.000	340	0	0	1	340	1	340	0.0	674
QIZ20352.1	QIZ20352.1	100.000	74	0	0	1	74	1	74	4.50e-50	147
QIZ20353.1	QIZ20353.1	100.000	430	0	0	1	430	1	430	0.0	846
QIZ20354.1	QIZ20354.1	100.000	300	0	0	1	300	1	300	0.0	581
QIZ20355.1	QIZ20355.1	100.000	282	0	0	1	282	1	282	0.0	558
QIZ20356.1	QIZ20356.1	100.000	95	0	0	1	95	1	95	4.85e-67	192
QIZ20357.1	QIZ20357.1	100.000	145	0	0	1	145	1	145	3.35e-108	300
QIZ20358.1	QIZ20358.1	100.000	120	0	0	1	120	1	120	4.69e-89	249
QIZ20359.1	QIZ20359.1	100.000	305	0	0	1	305	1	305	0.0	627
QIZ20360.1	QIZ20360.1	100.000	706	0	0	1	706	1	706	0.0	1407
QIZ20361.1	QIZ20361.1	100.000	86	0	0	1	86	1	86	1.43e-57	167
QIZ20362.1	QIZ20362.1	100.000	564	0	0	1	564	1	564	0.0	1114
QIZ20363.1	QIZ20363.1	100.000	315	0	0	1	315	1	315	0.0	632
QIZ20364.1	QIZ20364.1	100.000	330	0	0	1	330	1	330	0.0	663
QIZ20365.1	QIZ20365.1	100.000	93	0	0	1	93	1	93	5.26e-65	186
QIZ20366.1	QIZ20366.1	100.000	168	0	0	1	168	1	168	4.30e-117	324
QIZ20367.1	QIZ20367.1	100.000	390	0	0	1	390	1	390	0.0	752
QIZ20368.1	QIZ20368.1	100.000	170	0	0	1	170	1	170	1.49e-126	348
QIZ20369.1	QIZ20369.1	100.000	259	0	0	1	259	1	259	0.0	526
QIZ20370.1	QIZ20370.1	100.000	254	0	0	1	254	1	254	0.0	513
QIZ20371.1	QIZ20371.1	100.000	513	0	0	1	513	1	513	0.0	1050
QIZ20372.1	QIZ20372.1	100.000	310	0	0	1	310	1	310	0.0	587
QIZ20373.1	QIZ20373.1	100.000	203	0	0	1	203	1	203	2.87e-143	393
QIZ20374.1	QIZ20374.1	100.000	383	0	0	1	383	1	383	0.0	767
QIZ20375.1	QIZ20375.1	100.000	252	0	0	1	252	1	252	7.70e-179	487
QIZ20376.1	QIZ20376.1	100.000	333	0	0	1	333	1	333	0.0	669
QIZ20377.1	QIZ20377.1	100.000	293	0	0	1	293	1	293	0.0	571
QIZ20378.1	QIZ20378.1	100.000	88	0	0	1	88	1	88	6.45e-60	173
QIZ20379.1	QIZ20379.1	100.000	683	0	0	1	683	1	683	0.0	1373
QIZ20380.1	QIZ20380.1	100.000	204	0	0	1	204	1	204	4.67e-147	403
QIZ20381.1	QIZ20381.1	100.000	275	0	0	1	275	1	275	0.0	572
QIZ20382.1	QIZ20382.1	100.000	370	0	0	1	370	1	370	0.0	761
QIZ20383.1	QIZ20383.1	100.000	184	0	0	1	184	1	184	9.67e-136	372
QIZ20384.1	QIZ20384.1	100.000	164	0	0	1	164	1	164	1.22e-117	325
QIZ20385.1	QIZ20385.1	100.000	849	0	0	1	849	1	849	0.0	1701
QIZ20386.1	QIZ20386.1	100.000	153	0	0	1	153	1	153	2.63e-113	313
QIZ20387.1	QIZ20387.1	100.000	959	0	0	1	959	1	959	0.0	1956
QIZ20388.1	QIZ20388.1	100.000	197	0	0	1	197	1	197	3.61e-145	397
QIZ20389.1	QIZ20389.1	100.000	295	0	0	1	295	1	295	0.0	575
QIZ20390.1	QIZ20390.1	100.000	517	0	0	1	517	1	517	0.0	1025
QIZ20391.1	QIZ20391.1	100.000	94	0	0	1	94	1	94	1.87e-64	185
QIZ20392.1	QIZ20392.1	100.000	419	0	0	1	419	1	419	0.0	858
QIZ20393.1	QIZ20393.1	100.000	252	0	0	1	252	1	252	0.0	496
QIZ20394.1	QIZ20394.1	100.000	73	0	0	1	73	1	73	1.60e-49	145
QIZ20395.1	QIZ20395.1	100.000	68	0	0	1	68	1	68	1.65e-45	135
QIZ20396.1	QIZ20396.1	100.000	236	0	0	1	236	1	236	7.76e-177	481
QIZ20397.1	QIZ20397.1	100.000	246	0	0	1	246	1	246	1.15e-179	489
QIZ20398.1	QIZ20398.1	100.000	316	0	0	1	316	1	316	0.0	630
QIZ20399.1	QIZ20399.1	100.000	87	0	0	1	87	1	87	2.45e-56	164
QIZ20400.1	QIZ20400.1	100.000	577	0	0	1	577	1	577	0.0	1161
QIZ20401.1	QIZ20401.1	100.000	371	0	0	1	371	1	371	0.0	743
QIZ20402.1	QIZ20402.1	100.000	105	0	0	1	105	1	105	1.52e-73	209
QIZ20403.1	QIZ20403.1	100.000	258	0	0	1	258	1	258	0.0	527
QIZ20404.1	QIZ20404.1	100.000	332	0	0	1	332	1	332	0.0	670
QIZ20405.1	QIZ20405.1	100.000	133	0	0	1	133	1	133	3.05e-96	268
QIZ20406.1	QIZ20406.1	100.000	267	0	0	1	267	1	267	0.0	510
QIZ20407.1	QIZ20407.1	100.000	251	0	0	1	251	1	251	0.0	509
QIZ20408.1	QIZ20408.1	100.000	360	0	0	1	360	1	360	0.0	723
QIZ20409.1	QIZ20409.1	100.000	73	0	0	1	73	1	73	7.03e-47	139
QIZ20410.1	QIZ20410.1	100.000	215	0	0	1	215	1	215	4.09e-155	424
QIZ20411.1	QIZ20411.1	100.000	321	0	0	1	321	1	321	0.0	643
QIZ20412.1	QIZ20412.1	100.000	401	0	0	1	401	1	401	0.0	810
QIZ20413.1	QIZ20413.1	100.000	572	0	0	1	572	1	572	0.0	1173
QIZ20414.1	QIZ20414.1	100.000	875	0	0	1	875	1	875	0.0	1786
QIZ20415.1	QIZ20415.1	100.000	123	0	0	1	123	1	123	3.52e-87	245
QIZ20416.1	QIZ20416.1	100.000	244	0	0	1	244	1	244	0.0	498
QIZ20417.1	QIZ20417.1	100.000	426	0	0	1	426	1	426	0.0	850
QIZ20418.1	QIZ20418.1	100.000	381	0	0	1	381	1	381	0.0	753
QIZ20419.1	QIZ20419.1	100.000	346	0	0	1	346	1	346	0.0	714
QIZ20420.1	QIZ20420.1	100.000	469	0	0	1	469	1	469	0.0	866
QIZ20421.1	QIZ20421.1	100.000	463	0	0	1	463	1	463	0.0	919
QIZ20422.1	QIZ20422.1	100.000	451	0	0	1	451	1	451	0.0	882
QIZ20423.1	QIZ20423.1	100.000	593	0	0	1	593	1	593	0.0	1142
QIZ20424.1	QIZ20424.1	100.000	371	0	0	1	371	1	371	0.0	730
QIZ20425.1	QIZ20425.1	100.000	167	0	0	1	167	1	167	9.23e-120	331
QIZ20426.1	QIZ20426.1	100.000	152	0	0	1	152	1	152	1.73e-104	291
QIZ20427.1	QIZ20427.1	100.000	145	0	0	1	145	1	145	7.42e-106	294
QIZ20428.1	QIZ20428.1	100.000	308	0	0	1	308	1	308	0.0	640
QIZ20429.1	QIZ20429.1	100.000	100	0	0	1	100	1	100	6.30e-65	187
QIZ20430.1	QIZ20430.1	100.000	418	0	0	1	418	1	418	0.0	842
QIZ20431.1	QIZ20431.1	100.000	274	0	0	1	274	1	274	0.0	565
QIZ20432.1	QIZ20432.1	100.000	538	0	0	1	538	1	538	0.0	1090
QIZ20433.1	QIZ20433.1	100.000	100	0	0	1	100	1	100	1.00e-67	194
QIZ20434.1	QIZ20434.1	100.000	246	0	0	1	246	1	246	0.0	495
QIZ20435.1	QIZ20435.1	100.000	473	0	0	1	473	1	473	0.0	911
QIZ20436.1	QIZ20436.1	100.000	484	0	0	1	484	1	484	0.0	971
QIZ20437.1	QIZ20437.1	100.000	191	0	0	1	191	1	191	1.96e-138	380
QIZ20438.1	QIZ20438.1	100.000	330	0	0	1	330	1	330	0.0	661
QIZ20439.1	QIZ20439.1	100.000	263	0	0	1	263	1	263	0.0	508
QIZ20440.1	QIZ20440.1	100.000	225	0	0	1	225	1	225	2.65e-166	453
QIZ20441.1	QIZ20441.1	100.000	466	0	0	1	466	1	466	0.0	949
QIZ20442.1	QIZ20442.1	100.000	378	0	0	1	378	1	378	0.0	736
QIZ20443.1	QIZ20443.1	100.000	261	0	0	1	261	1	261	0.0	503
QIZ20444.1	QIZ20444.1	100.000	260	0	0	1	260	1	260	0.0	525
QIZ20445.1	QIZ20445.1	100.000	326	0	0	1	326	1	326	0.0	640
QIZ20446.1	QIZ20446.1	100.000	146	0	0	1	146	1	146	4.07e-109	302
QIZ20447.1	QIZ20447.1	100.000	173	0	0	1	173	1	173	1.71e-113	315
QIZ20448.1	QIZ20448.1	100.000	388	0	0	1	388	1	388	0.0	751
QIZ20449.1	QIZ20449.1	100.000	220	0	0	1	220	1	220	3.80e-151	414
QIZ20450.1	QIZ20450.1	100.000	225	0	0	1	225	1	225	8.53e-162	442
QIZ20451.1	QIZ20451.1	100.000	183	0	0	1	183	1	183	1.62e-134	369
QIZ20452.1	QIZ20452.1	100.000	283	0	0	1	283	1	283	0.0	559
QIZ20453.1	QIZ20453.1	100.000	1138	0	0	1	1138	1	1138	0.0	2310
QIZ20454.1	QIZ20454.1	100.000	228	0	0	1	228	1	228	4.34e-168	458
QIZ20455.1	QIZ20455.1	100.000	410	0	0	1	410	1	410	0.0	788
QIZ20456.1	QIZ20456.1	100.000	444	0	0	1	444	1	444	0.0	902
QIZ20457.1	QIZ20457.1	100.000	81	0	0	1	81	1	81	6.95e-55	160
QIZ20458.1	QIZ20458.1	100.000	551	0	0	1	551	1	551	0.0	1138
QIZ20459.1	QIZ20459.1	100.000	248	0	0	1	248	1	248	1.44e-175	478
QIZ20460.1	QIZ20460.1	100.000	187	0	0	1	187	1	187	3.84e-129	356
QIZ20461.1	QIZ20461.1	100.000	471	0	0	1	471	1	471	0.0	924
QIZ20462.1	QIZ20462.1	100.000	497	0	0	1	497	1	497	0.0	992
QIZ20463.1	QIZ20463.1	100.000	637	0	0	1	637	1	637	0.0	1275
QIZ20464.1	QIZ20464.1	100.000	103	0	0	1	103	1	103	1.47e-67	194
QIZ20465.1	QIZ20465.1	100.000	210	0	0	1	210	1	210	1.54e-153	419
QIZ20466.1	QIZ20466.1	100.000	161	0	0	1	161	1	161	3.98e-121	333
QIZ20467.1	QIZ20467.1	100.000	332	0	0	1	332	1	332	0.0	655
QIZ20468.1	QIZ20468.1	100.000	679	0	0	1	679	1	679	0.0	1406
QIZ20469.1	QIZ20469.1	100.000	443	0	0	1	443	1	443	0.0	914
QIZ20470.1	QIZ20470.1	100.000	202	0	0	1	202	1	202	6.48e-154	420
QIZ20471.1	QIZ20471.1	100.000	391	0	0	1	391	1	391	0.0	809
QIZ20472.1	QIZ20472.1	100.000	202	0	0	1	202	1	202	1.14e-150	412
QIZ20473.1	QIZ20473.1	100.000	173	0	0	1	173	1	173	5.00e-133	365
QIZ20474.1	QIZ20474.1	100.000	122	0	0	1	122	1	122	6.00e-85	239
QIZ20475.1	QIZ20475.1	100.000	794	0	0	1	794	1	794	0.0	1599
QIZ20476.1	QIZ20476.1	100.000	422	0	0	1	422	1	422	0.0	864
QIZ20477.1	QIZ20477.1	100.000	203	0	0	1	203	1	203	3.44e-153	418
QIZ20478.1	QIZ20478.1	100.000	486	0	0	1	486	1	486	0.0	953
QIZ20479.1	QIZ20479.1	100.000	82	0	0	1	82	1	82	1.56e-57	167
QIZ20480.1	QIZ20480.1	100.000	186	0	0	1	186	1	186	3.05e-136	374
QIZ20481.1	QIZ20481.1	100.000	226	0	0	1	226	1	226	1.83e-166	454
QIZ20482.1	QIZ20482.1	100.000	140	0	0	1	140	1	140	2.25e-103	287
QIZ20483.1	QIZ20483.1	100.000	215	0	0	1	215	1	215	4.45e-157	429
QIZ20484.1	QIZ20484.1	100.000	248	0	0	1	248	1	248	0.0	504
QIZ20485.1	QIZ20485.1	100.000	485	0	0	1	485	1	485	0.0	936
QIZ20486.1	QIZ20486.1	100.000	296	0	0	1	296	1	296	0.0	579
QIZ20487.1	QIZ20487.1	100.000	441	0	0	1	441	1	441	0.0	847
QIZ20488.1	QIZ20488.1	100.000	219	0	0	1	219	1	219	2.80e-165	450
QIZ20489.1	QIZ20489.1	100.000	363	0	0	1	363	1	363	0.0	749
QIZ20490.1	QIZ20490.1	100.000	308	0	0	1	308	1	308	0.0	625
QIZ20491.1	QIZ20491.1	100.000	506	0	0	1	506	1	506	0.0	1041
QIZ20492.1	QIZ20492.1	100.000	258	0	0	1	258	1	258	0.0	519
QIZ20493.1	QIZ20493.1	100.000	138	0	0	1	138	1	138	1.19e-96	270
QIZ20494.1	QIZ20494.1	100.000	248	0	0	1	248	1	248	0.0	502
QIZ20495.1	QIZ20495.1	100.000	531	0	0	1	531	1	531	0.0	1109
QIZ20496.1	QIZ20496.1	100.000	196	0	0	1	196	1	196	1.54e-137	378
QIZ20497.1	QIZ20497.1	100.000	252	0	0	1	252	1	252	0.0	505
QIZ20498.1	QIZ20498.1	100.000	266	0	0	1	266	1	266	0.0	538
QIZ20499.1	QIZ20499.1	100.000	258	0	0	1	258	1	258	0.0	506
QIZ20500.1	QIZ20500.1	100.000	383	0	0	1	383	1	383	0.0	801
QIZ20501.1	QIZ20501.1	100.000	320	0	0	1	320	1	320	0.0	639
QIZ20502.1	QIZ20502.1	100.000	152	0	0	1	152	1	152	9.95e-102	284
QIZ20503.1	QIZ20503.1	100.000	499	0	0	1	499	1	499	0.0	974
QIZ20504.1	QIZ20504.1	100.000	316	0	0	1	316	1	316	0.0	641
QIZ20505.1	QIZ20505.1	100.000	388	0	0	1	388	1	388	0.0	793
QIZ20506.1	QIZ20506.1	100.000	204	0	0	1	204	1	204	5.74e-149	407
QIZ20507.1	QIZ20507.1	100.000	221	0	0	1	221	1	221	5.69e-161	439
QIZ20508.1	QIZ20508.1	100.000	861	0	0	1	861	1	861	0.0	1688
QIZ20509.1	QIZ20509.1	100.000	299	0	0	1	299	1	299	0.0	598
QIZ20510.1	QIZ20510.1	100.000	434	0	0	1	434	1	434	0.0	885
QIZ20511.1	QIZ20511.1	100.000	594	0	0	1	594	1	594	0.0	1231
QIZ20512.1	QIZ20512.1	100.000	94	0	0	1	94	1	94	3.00e-64	184
QIZ20513.1	QIZ20513.1	100.000	388	0	0	1	388	1	388	0.0	804
QIZ20514.1	QIZ20514.1	100.000	359	0	0	1	359	1	359	0.0	704
QIZ20515.1	QIZ20515.1	100.000	326	0	0	1	326	1	326	0.0	659
QIZ20516.1	QIZ20516.1	100.000	359	0	0	1	359	1	359	0.0	701
QIZ20517.1	QIZ20517.1	100.000	116	0	0	1	116	1	116	6.68e-84	236
QIZ20518.1	QIZ20518.1	100.000	619	0	0	1	619	1	619	0.0	1302
QIZ20519.1	QIZ20519.1	100.000	156	0	0	1	156	1	156	2.03e-119	329
QIZ20520.1	QIZ20520.1	100.000	264	0	0	1	264	1	264	0.0	538
QIZ20521.1	QIZ20521.1	100.000	132	0	0	1	132	1	132	1.81e-99	276
QIZ20522.1	QIZ20522.1	100.000	256	0	0	1	256	1	256	0.0	495
QIZ20523.1	QIZ20523.1	100.000	185	0	0	1	185	1	185	1.04e-136	375
QIZ20524.1	QIZ20524.1	100.000	387	0	0	1	387	1	387	0.0	764
QIZ20525.1	QIZ20525.1	100.000	406	0	0	1	406	1	406	0.0	796
QIZ20526.1	QIZ20526.1	100.000	391	0	0	1	391	1	391	0.0	800
QIZ20527.1	QIZ20527.1	100.000	371	0	0	1	371	1	371	0.0	754
QIZ20528.1	QIZ20528.1	100.000	68	0	0	1	68	1	68	1.86e-44	132
QIZ20529.1	QIZ20529.1	100.000	256	0	0	1	256	1	256	0.0	523
QIZ20530.1	QIZ20530.1	100.000	184	0	0	1	184	1	184	6.34e-133	365
QIZ20531.1	QIZ20531.1	100.000	157	0	0	1	157	1	157	3.10e-111	308
QIZ20532.1	QIZ20532.1	100.000	194	0	0	1	194	1	194	1.15e-142	391
QIZ20533.1	QIZ20533.1	100.000	127	0	0	1	127	1	127	2.70e-93	261
QIZ20534.1	QIZ20534.1	100.000	260	0	0	1	260	1	260	0.0	509
QIZ20535.1	QIZ20535.1	100.000	333	0	0	1	333	1	333	0.0	668
QIZ20536.1	QIZ20536.1	100.000	153	0	0	1	153	1	153	2.93e-109	303
QIZ20537.1	QIZ20537.1	100.000	433	0	0	1	433	1	433	0.0	857
QIZ20538.1	QIZ20538.1	100.000	91	0	0	1	91	1	91	2.32e-63	182
QIZ20539.1	QIZ20539.1	100.000	377	0	0	1	377	1	377	0.0	756
QIZ20540.1	QIZ20540.1	100.000	255	0	0	1	255	1	255	0.0	496
QIZ20541.1	QIZ20541.1	100.000	311	0	0	1	311	1	311	0.0	620
QIZ20542.1	QIZ20542.1	100.000	497	0	0	1	497	1	497	0.0	977
QIZ20543.1	QIZ20543.1	100.000	221	0	0	1	221	1	221	1.53e-161	441
QIZ20544.1	QIZ20544.1	100.000	169	0	0	1	169	1	169	2.79e-124	342
QIZ20545.1	QIZ20545.1	100.000	370	0	0	1	370	1	370	0.0	744
QIZ20546.1	QIZ20546.1	100.000	448	0	0	1	448	1	448	0.0	936
QIZ20547.1	QIZ20547.1	100.000	314	0	0	1	314	1	314	0.0	631
QIZ20548.1	QIZ20548.1	100.000	265	0	0	1	265	1	265	0.0	538
QIZ20549.1	QIZ20549.1	100.000	637	0	0	1	637	1	637	0.0	1285
QIZ20550.1	QIZ20550.1	100.000	336	0	0	1	336	1	336	0.0	677
QIZ20551.1	QIZ20551.1	100.000	380	0	0	1	380	1	380	0.0	793
QIZ20552.1	QIZ20552.1	100.000	303	0	0	1	303	1	303	0.0	607
QIZ20553.1	QIZ20553.1	100.000	428	0	0	1	428	1	428	0.0	885
QIZ20554.1	QIZ20554.1	100.000	202	0	0	1	202	1	202	1.94e-139	383
QIZ20555.1	QIZ20555.1	100.000	501	0	0	1	501	1	501	0.0	1007
QIZ20556.1	QIZ20556.1	100.000	350	0	0	1	350	1	350	0.0	705
QIZ20557.1	QIZ20557.1	100.000	320	0	0	1	320	1	320	0.0	655
QIZ20558.1	QIZ20558.1	100.000	216	0	0	1	216	1	216	1.14e-162	443
QIZ20559.1	QIZ20559.1	100.000	169	0	0	1	169	1	169	9.85e-125	343
QIZ20560.1	QIZ20560.1	100.000	427	0	0	1	427	1	427	0.0	818
QIZ20561.1	QIZ20561.1	100.000	346	0	0	1	346	1	346	0.0	712
QIZ20562.1	QIZ20562.1	100.000	493	0	0	1	493	1	493	0.0	1008
QIZ20563.1	QIZ20563.1	100.000	305	0	0	1	305	1	305	0.0	636
QIZ20564.1	QIZ20564.1	100.000	253	0	0	1	253	1	253	0.0	506
QIZ20565.1	QIZ20565.1	100.000	291	0	0	1	291	1	291	0.0	588
QIZ20566.1	QIZ20566.1	100.000	158	0	0	1	158	1	158	2.33e-116	321
QIZ20567.1	QIZ20567.1	100.000	136	0	0	1	136	1	136	1.27e-103	287
QIZ20568.1	QIZ20568.1	100.000	192	0	0	1	192	1	192	4.87e-143	392
QIZ20569.1	QIZ20569.1	100.000	333	0	0	1	333	1	333	0.0	674
QIZ20570.1	QIZ20570.1	100.000	138	0	0	1	138	1	138	1.97e-101	282
QIZ20571.1	QIZ20571.1	100.000	96	0	0	1	96	1	96	1.24e-68	196
QIZ20572.1	QIZ20572.1	100.000	127	0	0	1	127	1	127	1.81e-95	266
QIZ20573.1	QIZ20573.1	100.000	96	0	0	1	96	1	96	1.65e-70	201
QIZ20574.1	QIZ20574.1	100.000	122	0	0	1	122	1	122	9.29e-90	251
QIZ20575.1	QIZ20575.1	100.000	116	0	0	1	116	1	116	4.63e-85	239
QIZ20576.1	QIZ20576.1	100.000	98	0	0	1	98	1	98	2.96e-67	192
QIZ20577.1	QIZ20577.1	100.000	106	0	0	1	106	1	106	3.45e-76	216
QIZ20578.1	QIZ20578.1	100.000	68	0	0	1	68	1	68	1.27e-46	138
QIZ20579.1	QIZ20579.1	100.000	110	0	0	1	110	1	110	6.85e-73	207
QIZ20580.1	QIZ20580.1	100.000	73	0	0	1	73	1	73	2.02e-49	145
QIZ20581.1	QIZ20581.1	100.000	75	0	0	1	75	1	75	1.02e-51	151
QIZ20582.1	QIZ20582.1	100.000	111	0	0	1	111	1	111	1.53e-75	214
QIZ20583.1	QIZ20583.1	100.000	115	0	0	1	115	1	115	9.00e-84	236
QIZ20584.1	QIZ20584.1	100.000	186	0	0	1	186	1	186	1.57e-139	382
QIZ20585.1	QIZ20585.1	100.000	268	0	0	1	268	1	268	0.0	540
QIZ20586.1	QIZ20586.1	100.000	193	0	0	1	193	1	193	1.34e-142	390
QIZ20587.1	QIZ20587.1	100.000	235	0	0	1	235	1	235	5.26e-163	446
QIZ20588.1	QIZ20588.1	100.000	281	0	0	1	281	1	281	0.0	574
QIZ20589.1	QIZ20589.1	100.000	289	0	0	1	289	1	289	0.0	584
QIZ20590.1	QIZ20590.1	100.000	293	0	0	1	293	1	293	0.0	578
QIZ20591.1	QIZ20591.1	100.000	280	0	0	1	280	1	280	0.0	570
QIZ20592.1	QIZ20592.1	100.000	247	0	0	1	247	1	247	0.0	510
QIZ20593.1	QIZ20593.1	100.000	591	0	0	1	591	1	591	0.0	1222
QIZ20594.1	QIZ20594.1	100.000	253	0	0	1	253	1	253	0.0	522
QIZ20595.1	QIZ20595.1	100.000	366	0	0	1	366	1	366	0.0	749
QIZ20596.1	QIZ20596.1	100.000	300	0	0	1	300	1	300	0.0	604
QIZ20597.1	QIZ20597.1	100.000	290	0	0	1	290	1	290	0.0	580
QIZ20598.1	QIZ20598.1	100.000	419	0	0	1	419	1	419	0.0	855
QIZ20599.1	QIZ20599.1	100.000	300	0	0	1	300	1	300	0.0	613
QIZ20600.1	QIZ20600.1	100.000	248	0	0	1	248	1	248	0.0	509
QIZ20601.1	QIZ20601.1	100.000	495	0	0	1	495	1	495	0.0	965
QIZ20602.1	QIZ20602.1	100.000	169	0	0	1	169	1	169	9.39e-115	318
QIZ20603.1	QIZ20603.1	100.000	323	0	0	1	323	1	323	0.0	656
QIZ20604.1	QIZ20604.1	100.000	331	0	0	1	331	1	331	0.0	664
QIZ20605.1	QIZ20605.1	100.000	391	0	0	1	391	1	391	0.0	811
QIZ20606.1	QIZ20606.1	100.000	480	0	0	1	480	1	480	0.0	991
QIZ20607.1	QIZ20607.1	100.000	108	0	0	1	108	1	108	5.18e-77	218
QIZ20608.1	QIZ20608.1	100.000	277	0	0	1	277	1	277	0.0	569
QIZ20609.1	QIZ20609.1	100.000	330	0	0	1	330	1	330	0.0	674
QIZ20610.1	QIZ20610.1	100.000	181	0	0	1	181	1	181	6.01e-133	365
QIZ20611.1	QIZ20611.1	100.000	89	0	0	1	89	1	89	5.53e-59	171
QIZ20612.1	QIZ20612.1	100.000	150	0	0	1	150	1	150	1.57e-106	296
QIZ20613.1	QIZ20613.1	100.000	301	0	0	1	301	1	301	0.0	615
QIZ20614.1	QIZ20614.1	100.000	189	0	0	1	189	1	189	7.42e-135	370
QIZ20615.1	QIZ20615.1	100.000	115	0	0	1	115	1	115	1.33e-84	238
QIZ20616.1	QIZ20616.1	100.000	581	0	0	1	581	1	581	0.0	1202
QIZ20617.1	QIZ20617.1	100.000	81	0	0	1	81	1	81	6.85e-59	170
QIZ20618.1	QIZ20618.1	100.000	166	0	0	1	166	1	166	6.55e-122	336
QIZ20619.1	QIZ20619.1	100.000	248	0	0	1	248	1	248	4.68e-172	469
QIZ20620.1	QIZ20620.1	100.000	196	0	0	1	196	1	196	4.73e-141	387
QIZ20621.1	QIZ20621.1	100.000	302	0	0	1	302	1	302	0.0	619
QIZ20622.1	QIZ20622.1	100.000	295	0	0	1	295	1	295	0.0	573
QIZ20623.1	QIZ20623.1	100.000	159	0	0	1	159	1	159	1.72e-115	319
QIZ20624.1	QIZ20624.1	100.000	468	0	0	1	468	1	468	0.0	973
QIZ20625.1	QIZ20625.1	100.000	110	0	0	1	110	1	110	5.67e-78	221
QIZ20626.1	QIZ20626.1	100.000	98	0	0	1	98	1	98	1.32e-68	196
QIZ20627.1	QIZ20627.1	100.000	156	0	0	1	156	1	156	1.28e-115	319
QIZ20628.1	QIZ20628.1	100.000	406	0	0	1	406	1	406	0.0	836
QIZ20629.1	QIZ20629.1	100.000	415	0	0	1	415	1	415	0.0	820
QIZ20630.1	QIZ20630.1	100.000	244	0	0	1	244	1	244	2.07e-176	480
QIZ20631.1	QIZ20631.1	100.000	480	0	0	1	480	1	480	0.0	998
QIZ20632.1	QIZ20632.1	100.000	141	0	0	1	141	1	141	6.96e-103	286
QIZ20633.1	QIZ20633.1	100.000	218	0	0	1	218	1	218	1.53e-167	456
QIZ20634.1	QIZ20634.1	100.000	375	0	0	1	375	1	375	0.0	754
QIZ20635.1	QIZ20635.1	100.000	409	0	0	1	409	1	409	0.0	826
QIZ20636.1	QIZ20636.1	100.000	730	0	0	1	730	1	730	0.0	1390
QIZ20637.1	QIZ20637.1	100.000	619	0	0	1	619	1	619	0.0	1243
QIZ20638.1	QIZ20638.1	100.000	257	0	0	1	257	1	257	0.0	520
QIZ20639.1	QIZ20639.1	100.000	72	0	0	1	72	1	72	6.73e-43	129
QIZ20640.1	QIZ20640.1	100.000	146	0	0	1	146	1	146	1.29e-104	291
QIZ20641.1	QIZ20641.1	100.000	141	0	0	1	141	1	141	6.71e-100	278
QIZ20642.1	QIZ20642.1	100.000	445	0	0	1	445	1	445	0.0	922
QIZ20643.1	QIZ20643.1	100.000	132	0	0	1	132	1	132	2.25e-95	266
QIZ20644.1	QIZ20644.1	100.000	119	0	0	1	119	1	119	1.42e-86	243
QIZ20645.1	QIZ20645.1	100.000	273	0	0	1	273	1	273	0.0	555
QIZ20646.1	QIZ20646.1	100.000	594	0	0	1	594	1	594	0.0	1216
QIZ20647.1	QIZ20647.1	100.000	224	0	0	1	224	1	224	2.57e-158	433
QIZ20648.1	QIZ20648.1	100.000	359	0	0	1	359	1	359	0.0	685
QIZ20649.1	QIZ20649.1	100.000	342	0	0	1	342	1	342	0.0	665
QIZ20650.1	QIZ20650.1	100.000	192	0	0	1	192	1	192	2.01e-134	370
QIZ20651.1	QIZ20651.1	100.000	136	0	0	1	136	1	136	1.21e-99	277
QIZ20652.1	QIZ20652.1	100.000	485	0	0	1	485	1	485	0.0	972
QIZ20653.1	QIZ20653.1	100.000	378	0	0	1	378	1	378	0.0	726
QIZ20654.1	QIZ20654.1	100.000	357	0	0	1	357	1	357	0.0	662
QIZ20655.1	QIZ20655.1	100.000	814	0	0	1	814	1	814	0.0	1628
QIZ20656.1	QIZ20656.1	100.000	305	0	0	1	305	1	305	0.0	572
QIZ20657.1	QIZ20657.1	100.000	320	0	0	1	320	1	320	0.0	629
QIZ20658.1	QIZ20658.1	100.000	262	0	0	1	262	1	262	0.0	514
QIZ20659.1	QIZ20659.1	100.000	210	0	0	1	210	1	210	4.18e-155	424
QIZ20660.1	QIZ20660.1	100.000	79	0	0	1	79	1	79	1.08e-50	149
QIZ20661.1	QIZ20661.1	100.000	247	0	0	1	247	1	247	0.0	494
QIZ20662.1	QIZ20662.1	100.000	310	0	0	1	310	1	310	0.0	613
QIZ20663.1	QIZ20663.1	100.000	121	0	0	1	121	1	121	8.72e-86	241
QIZ20664.1	QIZ20664.1	100.000	70	0	0	1	70	1	70	7.38e-48	141
QIZ20665.1	QIZ20665.1	100.000	152	0	0	1	152	1	152	5.24e-105	292
QIZ20666.1	QIZ20666.1	100.000	472	0	0	1	472	1	472	0.0	962
QIZ20667.1	QIZ20667.1	100.000	794	0	0	1	794	1	794	0.0	1571
QIZ20668.1	QIZ20668.1	100.000	181	0	0	1	181	1	181	4.46e-128	353
QIZ20669.1	QIZ20669.1	100.000	493	0	0	1	493	1	493	0.0	1006
QIZ20670.1	QIZ20670.1	100.000	431	0	0	1	431	1	431	0.0	881
QIZ20671.1	QIZ20671.1	100.000	309	0	0	1	309	1	309	0.0	616
QIZ20672.1	QIZ20672.1	100.000	286	0	0	1	286	1	286	0.0	566
QIZ20673.1	QIZ20673.1	100.000	433	0	0	1	433	1	433	0.0	868
QIZ20674.1	QIZ20674.1	100.000	393	0	0	1	393	1	393	0.0	805
QIZ20675.1	QIZ20675.1	100.000	68	0	0	1	68	1	68	3.25e-45	134
QIZ20676.1	QIZ20676.1	100.000	161	0	0	1	161	1	161	2.66e-115	319
QIZ20677.1	QIZ20677.1	100.000	237	0	0	1	237	1	237	9.36e-154	422
QIZ20678.1	QIZ20678.1	100.000	410	0	0	1	410	1	410	0.0	846
QIZ20679.1	QIZ20679.1	100.000	75	0	0	1	75	1	75	4.35e-54	157
QIZ20680.1	QIZ20680.1	100.000	347	0	0	1	347	1	347	0.0	718
QIZ20681.1	QIZ20681.1	100.000	370	0	0	1	370	1	370	0.0	770
QIZ20682.1	QIZ20682.1	100.000	405	0	0	1	405	1	405	0.0	840
QIZ20683.1	QIZ20683.1	100.000	301	0	0	1	301	1	301	0.0	585
QIZ20684.1	QIZ20684.1	100.000	415	0	0	1	415	1	415	0.0	811
QIZ20685.1	QIZ20685.1	100.000	203	0	0	1	203	1	203	1.94e-149	409
QIZ20686.1	QIZ20686.1	100.000	136	0	0	1	136	1	136	2.07e-99	277
QIZ20687.1	QIZ20687.1	100.000	161	0	0	1	161	1	161	6.94e-112	310
QIZ20688.1	QIZ20688.1	100.000	399	0	0	1	399	1	399	0.0	835
QIZ20689.1	QIZ20689.1	100.000	277	0	0	1	277	1	277	0.0	558
QIZ20690.1	QIZ20690.1	100.000	552	0	0	1	552	1	552	0.0	1123
QIZ20691.1	QIZ20691.1	100.000	922	0	0	1	922	1	922	0.0	1927
QIZ20692.1	QIZ20692.1	100.000	491	0	0	1	491	1	491	0.0	1021
QIZ20693.1	QIZ20693.1	100.000	178	0	0	1	178	1	178	2.90e-130	358
QIZ20694.1	QIZ20694.1	100.000	367	0	0	1	367	1	367	0.0	759
QIZ20695.1	QIZ20695.1	100.000	155	0	0	1	155	1	155	4.08e-107	298
QIZ20696.1	QIZ20696.1	100.000	253	0	0	1	253	1	253	0.0	519
QIZ20697.1	QIZ20697.1	100.000	182	0	0	1	182	1	182	1.06e-135	372
QIZ20698.1	QIZ20698.1	100.000	392	0	0	1	392	1	392	0.0	787
QIZ20699.1	QIZ20699.1	100.000	414	0	0	1	414	1	414	0.0	845
QIZ20700.1	QIZ20700.1	100.000	952	0	0	1	952	1	952	0.0	1986
QIZ20701.1	QIZ20701.1	100.000	126	0	0	1	126	1	126	4.00e-90	253
QIZ20702.1	QIZ20702.1	100.000	368	0	0	1	368	1	368	0.0	744
QIZ20703.1	QIZ20703.1	100.000	297	0	0	1	297	1	297	0.0	578
QIZ20704.1	QIZ20704.1	100.000	317	0	0	1	317	1	317	0.0	639
QIZ20705.1	QIZ20705.1	100.000	228	0	0	1	228	1	228	2.70e-170	463
QIZ20706.1	QIZ20706.1	100.000	265	0	0	1	265	1	265	0.0	540
QIZ20707.1	QIZ20707.1	100.000	163	0	0	1	163	1	163	1.98e-118	327
QIZ20708.1	QIZ20708.1	100.000	261	0	0	1	261	1	261	0.0	540
QIZ20709.1	QIZ20709.1	100.000	235	0	0	1	235	1	235	1.61e-172	469
QIZ20710.1	QIZ20710.1	100.000	240	0	0	1	240	1	240	3.81e-176	479
QIZ20711.1	QIZ20711.1	100.000	336	0	0	1	336	1	336	0.0	664
QIZ20712.1	QIZ20712.1	100.000	288	0	0	1	288	1	288	0.0	565
QIZ20713.1	QIZ20713.1	100.000	418	0	0	1	418	1	418	0.0	862
QIZ20714.1	QIZ20714.1	100.000	204	0	0	1	204	1	204	3.65e-143	393
QIZ20715.1	QIZ20715.1	100.000	257	0	0	1	257	1	257	0.0	515
QIZ20716.1	QIZ20716.1	100.000	139	0	0	1	139	1	139	3.22e-105	291
QIZ20717.1	QIZ20717.1	100.000	521	0	0	1	521	1	521	0.0	1050
QIZ20718.1	QIZ20718.1	100.000	145	0	0	1	145	1	145	5.96e-101	281
QIZ20719.1	QIZ20719.1	100.000	358	0	0	1	358	1	358	0.0	704
QIZ20720.1	QIZ20720.1	100.000	203	0	0	1	203	1	203	8.73e-147	402
QIZ20721.1	QIZ20721.1	100.000	303	0	0	1	303	1	303	0.0	615
QIZ20722.1	QIZ20722.1	100.000	267	0	0	1	267	1	267	0.0	529
QIZ20723.1	QIZ20723.1	100.000	215	0	0	1	215	1	215	4.27e-162	442
QIZ20724.1	QIZ20724.1	100.000	404	0	0	1	404	1	404	0.0	838
QIZ20725.1	QIZ20725.1	100.000	889	0	0	1	889	1	889	0.0	1815
QIZ20726.1	QIZ20726.1	100.000	383	0	0	1	383	1	383	0.0	770
QIZ20727.1	QIZ20727.1	100.000	432	0	0	1	432	1	432	0.0	849
QIZ20728.1	QIZ20728.1	100.000	308	0	0	1	308	1	308	0.0	618
QIZ20729.1	QIZ20729.1	100.000	120	0	0	1	120	1	120	1.19e-88	248
QIZ20730.1	QIZ20730.1	100.000	189	0	0	1	189	1	189	4.14e-137	376
QIZ20731.1	QIZ20731.1	100.000	131	0	0	1	131	1	131	5.93e-95	265
QIZ20732.1	QIZ20732.1	100.000	426	0	0	1	426	1	426	0.0	870
QIZ20733.1	QIZ20733.1	100.000	290	0	0	1	290	1	290	0.0	584
QIZ20734.1	QIZ20734.1	100.000	180	0	0	1	180	1	180	1.73e-130	359
QIZ20735.1	QIZ20735.1	100.000	257	0	0	1	257	1	257	0.0	504
QIZ20736.1	QIZ20736.1	100.000	208	0	0	1	208	1	208	1.69e-158	432
QIZ20737.1	QIZ20737.1	100.000	338	0	0	1	338	1	338	0.0	684
QIZ20738.1	QIZ20738.1	100.000	106	0	0	1	106	1	106	5.74e-78	220
QIZ20739.1	QIZ20739.1	100.000	256	0	0	1	256	1	256	0.0	498
QIZ20740.1	QIZ20740.1	100.000	632	0	0	1	632	1	632	0.0	1298
QIZ20741.1	QIZ20741.1	100.000	110	0	0	1	110	1	110	3.87e-73	208
QIZ20742.1	QIZ20742.1	100.000	434	0	0	1	434	1	434	0.0	895
QIZ20743.1	QIZ20743.1	100.000	294	0	0	1	294	1	294	0.0	589
QIZ20744.1	QIZ20744.1	100.000	329	0	0	1	329	1	329	0.0	674
QIZ20745.1	QIZ20745.1	100.000	277	0	0	1	277	1	277	0.0	548
QIZ20746.1	QIZ20746.1	100.000	887	0	0	1	887	1	887	0.0	1820
QIZ20747.1	QIZ20747.1	100.000	688	0	0	1	688	1	688	0.0	1381
QIZ20748.1	QIZ20748.1	100.000	294	0	0	1	294	1	294	0.0	619
QIZ20749.1	QIZ20749.1	100.000	268	0	0	1	268	1	268	0.0	526
QIZ20750.1	QIZ20750.1	100.000	337	0	0	1	337	1	337	0.0	677
QIZ20751.1	QIZ20751.1	100.000	208	0	0	1	208	1	208	2.46e-156	426
QIZ20752.1	QIZ20752.1	100.000	360	0	0	1	360	1	360	0.0	742
QIZ20753.1	QIZ20753.1	100.000	637	0	0	1	637	1	637	0.0	1306
QIZ20754.1	QIZ20754.1	100.000	290	0	0	1	290	1	290	0.0	570
QIZ20755.1	QIZ20755.1	100.000	81	0	0	1	81	1	81	1.97e-51	151
QIZ20756.1	QIZ20756.1	100.000	310	0	0	1	310	1	310	0.0	617
QIZ20757.1	QIZ20757.1	100.000	326	0	0	1	326	1	326	0.0	661
QIZ20758.1	QIZ20758.1	100.000	293	0	0	1	293	1	293	0.0	597
QIZ20759.1	QIZ20759.1	100.000	430	0	0	1	430	1	430	0.0	872
QIZ20760.1	QIZ20760.1	100.000	270	0	0	1	270	1	270	0.0	534
QIZ20761.1	QIZ20761.1	100.000	443	0	0	1	443	1	443	0.0	885
QIZ20762.1	QIZ20762.1	100.000	350	0	0	1	350	1	350	0.0	689
QIZ20763.1	QIZ20763.1	100.000	628	0	0	1	628	1	628	0.0	1278
QIZ20764.1	QIZ20764.1	100.000	351	0	0	1	351	1	351	0.0	698
QIZ20765.1	QIZ20765.1	100.000	324	0	0	1	324	1	324	0.0	659
QIZ20766.1	QIZ20766.1	100.000	159	0	0	1	159	1	159	5.40e-118	325
QIZ20767.1	QIZ20767.1	100.000	446	0	0	1	446	1	446	0.0	910
QIZ20768.1	QIZ20768.1	100.000	269	0	0	1	269	1	269	0.0	535
QIZ20769.1	QIZ20769.1	100.000	138	0	0	1	138	1	138	1.70e-98	275
QIZ20770.1	QIZ20770.1	100.000	224	0	0	1	224	1	224	3.00e-164	448
QIZ20771.1	QIZ20771.1	100.000	164	0	0	1	164	1	164	2.61e-121	334
QIZ20772.1	QIZ20772.1	100.000	241	0	0	1	241	1	241	1.80e-180	490
QIZ20773.1	QIZ20773.1	100.000	268	0	0	1	268	1	268	0.0	548
QIZ20774.1	QIZ20774.1	100.000	181	0	0	1	181	1	181	5.73e-129	355
QIZ20775.1	QIZ20775.1	100.000	148	0	0	1	148	1	148	2.30e-103	288
QIZ20776.1	QIZ20776.1	100.000	107	0	0	1	107	1	107	2.10e-68	196
QIZ20777.1	QIZ20777.1	100.000	652	0	0	1	652	1	652	0.0	1339
QIZ20778.1	QIZ20778.1	100.000	335	0	0	1	335	1	335	0.0	686
QIZ20779.1	QIZ20779.1	100.000	392	0	0	1	392	1	392	0.0	776
QIZ20780.1	QIZ20780.1	100.000	336	0	0	1	336	1	336	0.0	692
QIZ20781.1	QIZ20781.1	100.000	207	0	0	1	207	1	207	3.12e-146	401
QIZ20782.1	QIZ20782.1	100.000	186	0	0	1	186	1	186	5.99e-139	381
QIZ20783.1	QIZ20783.1	100.000	246	0	0	1	246	1	246	0.0	499
QIZ20784.1	QIZ20784.1	100.000	76	0	0	1	76	1	76	2.88e-54	158
QIZ20785.1	QIZ20785.1	100.000	195	0	0	1	195	1	195	4.36e-144	394
QIZ20786.1	QIZ20786.1	100.000	64	0	0	1	64	1	64	4.42e-39	119
QIZ20787.1	QIZ20787.1	100.000	224	0	0	1	224	1	224	5.11e-160	437
QIZ20788.1	QIZ20788.1	100.000	464	0	0	1	464	1	464	0.0	927
QIZ20789.1	QIZ20789.1	100.000	102	0	0	1	102	1	102	1.58e-70	201
QIZ20790.1	QIZ20790.1	100.000	362	0	0	1	362	1	362	0.0	715
QIZ20791.1	QIZ20791.1	100.000	36	0	0	1	36	1	36	5.79e-22	73.9
QIZ20792.1	QIZ20792.1	100.000	41	0	0	1	41	1	41	1.01e-23	78.6
QIZ20793.1	QIZ20793.1	100.000	292	0	0	1	292	1	292	0.0	593
QIZ20794.1	QIZ20794.1	100.000	236	0	0	1	236	1	236	8.16e-172	468
QIZ20795.1	QIZ20795.1	100.000	339	0	0	1	339	1	339	0.0	690
QIZ20796.1	QIZ20796.1	100.000	313	0	0	1	313	1	313	0.0	625
QIZ20797.1	QIZ20797.1	100.000	319	0	0	1	319	1	319	0.0	621
QIZ20798.1	QIZ20798.1	100.000	65	0	0	1	65	1	65	1.35e-40	122
QIZ20799.1	QIZ20799.1	100.000	300	0	0	1	300	1	300	0.0	593
QIZ20800.1	QIZ20800.1	100.000	235	0	0	1	235	1	235	1.69e-168	459
QIZ20801.1	QIZ20801.1	100.000	392	0	0	1	392	1	392	0.0	754
QIZ20802.1	QIZ20802.1	100.000	339	0	0	1	339	1	339	0.0	638
QIZ20803.1	QIZ20803.1	100.000	243	0	0	1	243	1	243	6.61e-176	479
QIZ20804.1	QIZ20804.1	100.000	257	0	0	1	257	1	257	0.0	504
QIZ20805.1	QIZ20805.1	100.000	395	0	0	1	395	1	395	0.0	815
QIZ20806.1	QIZ20806.1	100.000	114	0	0	1	114	1	114	3.68e-79	224
QIZ20807.1	QIZ20807.1	100.000	366	0	0	1	366	1	366	0.0	721
QIZ20808.1	QIZ20808.1	100.000	344	0	0	1	344	1	344	0.0	684
QIZ20809.1	QIZ20809.1	100.000	402	0	0	1	402	1	402	0.0	776
QIZ20810.1	QIZ20810.1	100.000	335	0	0	1	335	1	335	0.0	654
QIZ20811.1	QIZ20811.1	100.000	379	0	0	1	379	1	379	0.0	733
QIZ20812.1	QIZ20812.1	100.000	380	0	0	1	380	1	380	0.0	768
QIZ20813.1	QIZ20813.1	100.000	232	0	0	1	232	1	232	4.19e-169	461
QIZ20814.1	QIZ20814.1	100.000	232	0	0	1	232	1	232	1.20e-167	457
QIZ20815.1	QIZ20815.1	100.000	99	0	0	1	99	1	99	6.52e-66	189
QIZ20816.1	QIZ20816.1	100.000	92	0	0	1	92	1	92	1.10e-61	178
QIZ20817.1	QIZ20817.1	100.000	281	0	0	1	281	1	281	0.0	562
QIZ20818.1	QIZ20818.1	100.000	333	0	0	1	333	1	333	0.0	645
QIZ20819.1	QIZ20819.1	100.000	490	0	0	1	490	1	490	0.0	993
QIZ20820.1	QIZ20820.1	100.000	445	0	0	1	445	1	445	0.0	875
QIZ20821.1	QIZ20821.1	100.000	111	0	0	1	111	1	111	7.57e-71	202
QIZ20822.1	QIZ20822.1	100.000	228	0	0	1	228	1	228	2.11e-166	454
QIZ20823.1	QIZ20823.1	100.000	248	0	0	1	248	1	248	0.0	503
QIZ20824.1	QIZ20824.1	100.000	413	0	0	1	413	1	413	0.0	818
QIZ20825.1	QIZ20825.1	100.000	379	0	0	1	379	1	379	0.0	757
QIZ20826.1	QIZ20826.1	100.000	396	0	0	1	396	1	396	0.0	795
QIZ20827.1	QIZ20827.1	100.000	249	0	0	1	249	1	249	3.53e-180	490
QIZ20828.1	QIZ20828.1	100.000	210	0	0	1	210	1	210	2.81e-156	426
QIZ20829.1	QIZ20829.1	100.000	375	0	0	1	375	1	375	0.0	749
QIZ20830.1	QIZ20830.1	100.000	156	0	0	1	156	1	156	4.01e-110	305
QIZ20831.1	QIZ20831.1	100.000	122	0	0	1	122	1	122	6.74e-87	244
QIZ20832.1	QIZ20832.1	100.000	61	0	0	1	61	1	61	4.97e-38	116
QIZ20833.1	QIZ20833.1	100.000	210	0	0	1	210	1	210	2.54e-143	394
QIZ20834.1	QIZ20834.1	100.000	334	0	0	1	334	1	334	0.0	675
QIZ20835.1	QIZ20835.1	100.000	320	0	0	1	320	1	320	0.0	647
QIZ20836.1	QIZ20836.1	100.000	314	0	0	1	314	1	314	0.0	634
QIZ20837.1	QIZ20837.1	100.000	588	0	0	1	588	1	588	0.0	1154
QIZ20838.1	QIZ20838.1	100.000	314	0	0	1	314	1	314	0.0	610
QIZ20839.1	QIZ20839.1	100.000	134	0	0	1	134	1	134	1.19e-90	254
QIZ20840.1	QIZ20840.1	100.000	91	0	0	1	91	1	91	3.84e-63	181
QIZ20841.1	QIZ20841.1	100.000	361	0	0	1	361	1	361	0.0	734
QIZ20842.1	QIZ20842.1	100.000	320	0	0	1	320	1	320	0.0	652
QIZ20843.1	QIZ20843.1	100.000	216	0	0	1	216	1	216	3.80e-159	434
QIZ20844.1	QIZ20844.1	100.000	367	0	0	1	367	1	367	0.0	754
QIZ20845.1	QIZ20845.1	100.000	94	0	0	1	94	1	94	5.26e-67	191
QIZ20846.1	QIZ20846.1	100.000	277	0	0	1	277	1	277	0.0	556
QIZ20847.1	QIZ20847.1	100.000	278	0	0	1	278	1	278	0.0	550
QIZ20848.1	QIZ20848.1	100.000	410	0	0	1	410	1	410	0.0	805
QIZ20849.1	QIZ20849.1	100.000	304	0	0	1	304	1	304	0.0	612
QIZ20850.1	QIZ20850.1	100.000	512	0	0	1	512	1	512	0.0	1035
QIZ20851.1	QIZ20851.1	100.000	328	0	0	1	328	1	328	0.0	665
QIZ20852.1	QIZ20852.1	100.000	333	0	0	1	333	1	333	0.0	675
QIZ20853.1	QIZ20853.1	100.000	238	0	0	1	238	1	238	4.31e-174	474
QIZ20854.1	QIZ20854.1	100.000	202	0	0	1	202	1	202	3.96e-147	403
QIZ20855.1	QIZ20855.1	100.000	241	0	0	1	241	1	241	5.57e-180	489
QIZ20856.1	QIZ20856.1	100.000	76	0	0	1	76	1	76	3.65e-50	147
QIZ20857.1	QIZ20857.1	100.000	356	0	0	1	356	1	356	0.0	703
QIZ20858.1	QIZ20858.1	100.000	412	0	0	1	412	1	412	0.0	798
QIZ20859.1	QIZ20859.1	100.000	276	0	0	1	276	1	276	0.0	546
QIZ20860.1	QIZ20860.1	100.000	432	0	0	1	432	1	432	0.0	860
QIZ20861.1	QIZ20861.1	100.000	157	0	0	1	157	1	157	3.03e-112	311
QIZ20862.1	QIZ20862.1	100.000	280	0	0	1	280	1	280	0.0	547
QIZ20863.1	QIZ20863.1	100.000	357	0	0	1	357	1	357	0.0	719
QIZ20864.1	QIZ20864.1	100.000	366	0	0	1	366	1	366	0.0	734
QIZ20865.1	QIZ20865.1	100.000	403	0	0	1	403	1	403	0.0	810
QIZ20866.1	QIZ20866.1	100.000	240	0	0	1	240	1	240	1.26e-174	475
QIZ20867.1	QIZ20867.1	100.000	143	0	0	1	143	1	143	3.09e-102	285
QIZ20868.1	QIZ20868.1	100.000	433	0	0	1	433	1	433	0.0	874
QIZ20869.1	QIZ20869.1	100.000	848	0	0	1	848	1	848	0.0	1725
QIZ20870.1	QIZ20870.1	100.000	368	0	0	1	368	1	368	0.0	746
QIZ20871.1	QIZ20871.1	100.000	733	0	0	1	733	1	733	0.0	1518
QIZ20872.1	QIZ20872.1	100.000	203	0	0	1	203	1	203	5.19e-150	410
QIZ20873.1	QIZ20873.1	100.000	105	0	0	1	105	1	105	1.18e-71	204
QIZ20874.1	QIZ20874.1	100.000	557	0	0	1	557	1	557	0.0	1107
QIZ20875.1	QIZ20875.1	100.000	276	0	0	1	276	1	276	0.0	566
QIZ20876.1	QIZ20876.1	100.000	246	0	0	1	246	1	246	0.0	494
QIZ20877.1	QIZ20877.1	100.000	189	0	0	1	189	1	189	1.52e-140	385
QIZ20878.1	QIZ20878.1	100.000	309	0	0	1	309	1	309	0.0	627
QIZ20879.1	QIZ20879.1	100.000	388	0	0	1	388	1	388	0.0	787
QIZ20880.1	QIZ20880.1	100.000	270	0	0	1	270	1	270	0.0	530
QIZ20881.1	QIZ20881.1	100.000	166	0	0	1	166	1	166	1.08e-123	340
QIZ20882.1	QIZ20882.1	100.000	322	0	0	1	322	1	322	0.0	659
QIZ20883.1	QIZ20883.1	100.000	203	0	0	1	203	1	203	2.80e-151	413
QIZ20884.1	QIZ20884.1	100.000	323	0	0	1	323	1	323	0.0	631
QIZ20885.1	QIZ20885.1	100.000	194	0	0	1	194	1	194	3.27e-138	379
QIZ20886.1	QIZ20886.1	100.000	258	0	0	1	258	1	258	0.0	518
QIZ20887.1	QIZ20887.1	100.000	442	0	0	1	442	1	442	0.0	870
QIZ20888.1	QIZ20888.1	100.000	217	0	0	1	217	1	217	1.52e-157	430
QIZ20889.1	QIZ20889.1	100.000	576	0	0	1	576	1	576	0.0	1160
QIZ20890.1	QIZ20890.1	100.000	96	0	0	1	96	1	96	1.69e-67	193
QIZ20891.1	QIZ20891.1	100.000	230	0	0	1	230	1	230	1.11e-168	459
QIZ20892.1	QIZ20892.1	100.000	209	0	0	1	209	1	209	5.57e-153	418
QIZ20893.1	QIZ20893.1	100.000	410	0	0	1	410	1	410	0.0	845
QIZ20894.1	QIZ20894.1	100.000	265	0	0	1	265	1	265	0.0	527
QIZ20895.1	QIZ20895.1	100.000	308	0	0	1	308	1	308	0.0	638
QIZ20896.1	QIZ20896.1	100.000	422	0	0	1	422	1	422	0.0	856
QIZ20897.1	QIZ20897.1	100.000	107	0	0	1	107	1	107	6.18e-78	220
QIZ20898.1	QIZ20898.1	100.000	473	0	0	1	473	1	473	0.0	975
QIZ20899.1	QIZ20899.1	100.000	85	0	0	1	85	1	85	1.31e-58	169
QIZ20900.1	QIZ20900.1	100.000	344	0	0	1	344	1	344	0.0	692
QIZ20901.1	QIZ20901.1	100.000	316	0	0	1	316	1	316	0.0	635
QIZ20902.1	QIZ20902.1	100.000	530	0	0	1	530	1	530	0.0	1090
QIZ20903.1	QIZ20903.1	100.000	61	0	0	1	61	1	61	3.56e-41	124
QIZ20904.1	QIZ20904.1	100.000	160	0	0	1	160	1	160	1.16e-113	315
QIZ20905.1	QIZ20905.1	100.000	284	0	0	1	284	1	284	0.0	577
QIZ20906.1	QIZ20906.1	100.000	96	0	0	1	96	1	96	1.92e-68	195
QIZ20907.1	QIZ20907.1	100.000	88	0	0	1	88	1	88	1.25e-61	177
QIZ20908.1	QIZ20908.1	100.000	234	0	0	1	234	1	234	1.16e-178	485
QIZ20909.1	QIZ20909.1	100.000	204	0	0	1	204	1	204	1.33e-151	414
QIZ20910.1	QIZ20910.1	100.000	125	0	0	1	125	1	125	1.21e-91	256
QIZ20911.1	QIZ20911.1	100.000	186	0	0	1	186	1	186	4.54e-140	384
QIZ20912.1	QIZ20912.1	100.000	339	0	0	1	339	1	339	0.0	694
QIZ20913.1	QIZ20913.1	100.000	681	0	0	1	681	1	681	0.0	1399
QIZ20914.1	QIZ20914.1	100.000	329	0	0	1	329	1	329	0.0	655
QIZ20915.1	QIZ20915.1	100.000	1081	0	0	1	1081	1	1081	0.0	2220
QIZ20916.1	QIZ20916.1	100.000	394	0	0	1	394	1	394	0.0	811
QIZ20917.1	QIZ20917.1	100.000	110	0	0	1	110	1	110	1.21e-77	219
QIZ20918.1	QIZ20918.1	100.000	205	0	0	1	205	1	205	1.25e-149	409
QIZ20919.1	QIZ20919.1	100.000	59	0	0	1	59	1	59	2.63e-34	106
QIZ20920.1	QIZ20920.1	100.000	228	0	0	1	228	1	228	4.25e-166	453
QIZ20921.1	QIZ20921.1	100.000	348	0	0	1	348	1	348	0.0	689
QIZ20922.1	QIZ20922.1	100.000	465	0	0	1	465	1	465	0.0	931
QIZ20923.1	QIZ20923.1	100.000	71	0	0	1	71	1	71	2.42e-50	147
QIZ20924.1	QIZ20924.1	100.000	428	0	0	1	428	1	428	0.0	851
QIZ20925.1	QIZ20925.1	100.000	131	0	0	1	131	1	131	2.86e-93	261
QIZ20926.1	QIZ20926.1	100.000	417	0	0	1	417	1	417	0.0	827
QIZ20927.1	QIZ20927.1	100.000	185	0	0	1	185	1	185	1.93e-136	374
QIZ20928.1	QIZ20928.1	100.000	65	0	0	1	65	1	65	3.04e-43	129
QIZ20929.1	QIZ20929.1	100.000	239	0	0	1	239	1	239	3.16e-168	459
QIZ20930.1	QIZ20930.1	100.000	54	0	0	1	54	1	54	3.72e-33	103
QIZ20931.1	QIZ20931.1	100.000	114	0	0	1	114	1	114	3.02e-75	214
QIZ20932.1	QIZ20932.1	100.000	83	0	0	1	83	1	83	7.85e-58	167
QIZ20933.1	QIZ20933.1	100.000	558	0	0	1	558	1	558	0.0	1135
QIZ20934.1	QIZ20934.1	100.000	288	0	0	1	288	1	288	0.0	563
QIZ20935.1	QIZ20935.1	100.000	223	0	0	1	223	1	223	4.35e-165	450
QIZ20936.1	QIZ20936.1	100.000	275	0	0	1	275	1	275	0.0	563
QIZ20937.1	QIZ20937.1	100.000	385	0	0	1	385	1	385	0.0	776
QIZ20938.1	QIZ20938.1	100.000	268	0	0	1	268	1	268	0.0	521
QIZ20939.1	QIZ20939.1	100.000	309	0	0	1	309	1	309	0.0	637
QIZ20940.1	QIZ20940.1	100.000	159	0	0	1	159	1	159	5.71e-117	323
QIZ20941.1	QIZ20941.1	100.000	246	0	0	1	246	1	246	0.0	494
QIZ20942.1	QIZ20942.1	100.000	310	0	0	1	310	1	310	0.0	622
QIZ20943.1	QIZ20943.1	100.000	172	0	0	1	172	1	172	1.70e-126	348
QIZ20944.1	QIZ20944.1	100.000	586	0	0	1	586	1	586	0.0	1160
QIZ20945.1	QIZ20945.1	100.000	170	0	0	1	170	1	170	2.40e-122	337
QIZ20946.1	QIZ20946.1	100.000	368	0	0	1	368	1	368	0.0	714
QIZ20947.1	QIZ20947.1	100.000	95	0	0	1	95	1	95	1.16e-62	181
QIZ20948.1	QIZ20948.1	100.000	175	0	0	1	175	1	175	4.07e-131	360
QIZ20949.1	QIZ20949.1	100.000	324	0	0	1	324	1	324	0.0	673
QIZ20950.1	QIZ20950.1	100.000	602	0	0	1	602	1	602	0.0	1207
QIZ20951.1	QIZ20951.1	100.000	426	0	0	1	426	1	426	0.0	847
QIZ20952.1	QIZ20952.1	100.000	685	0	0	1	685	1	685	0.0	1392
QIZ20953.1	QIZ20953.1	100.000	275	0	0	1	275	1	275	0.0	547
QIZ20954.1	QIZ20954.1	100.000	232	0	0	1	232	1	232	1.82e-168	459
QIZ20955.1	QIZ20955.1	100.000	249	0	0	1	249	1	249	1.89e-179	488
QIZ20956.1	QIZ20956.1	100.000	258	0	0	1	258	1	258	0.0	505
QIZ20957.1	QIZ20957.1	100.000	301	0	0	1	301	1	301	0.0	608
QIZ20958.1	QIZ20958.1	100.000	235	0	0	1	235	1	235	6.77e-172	468
QIZ20959.1	QIZ20959.1	100.000	601	0	0	1	601	1	601	0.0	1226
QIZ20960.1	QIZ20960.1	100.000	802	0	0	1	802	1	802	0.0	1608
QIZ20961.1	QIZ20961.1	100.000	355	0	0	1	355	1	355	0.0	728
QIZ20962.1	QIZ20962.1	100.000	118	0	0	1	118	1	118	1.11e-85	241
QIZ20963.1	QIZ20963.1	100.000	68	0	0	1	68	1	68	3.71e-45	134
QIZ20964.1	QIZ20964.1	100.000	181	0	0	1	181	1	181	1.82e-133	367
QIZ20965.1	QIZ20965.1	100.000	638	0	0	1	638	1	638	0.0	1318
QIZ20966.1	QIZ20966.1	100.000	384	0	0	1	384	1	384	0.0	788
QIZ20967.1	QIZ20967.1	100.000	251	0	0	1	251	1	251	0.0	493
QIZ20968.1	QIZ20968.1	100.000	291	0	0	1	291	1	291	0.0	577
QIZ20969.1	QIZ20969.1	100.000	1501	0	0	1	1501	1	1501	0.0	3097
QIZ20970.1	QIZ20970.1	100.000	479	0	0	1	479	1	479	0.0	982
QIZ20971.1	QIZ20971.1	100.000	256	0	0	1	256	1	256	4.98e-177	483
QIZ20972.1	QIZ20972.1	100.000	295	0	0	1	295	1	295	0.0	583
QIZ20973.1	QIZ20973.1	100.000	423	0	0	1	423	1	423	0.0	850
QIZ20974.1	QIZ20974.1	100.000	1012	0	0	1	1012	1	1012	0.0	2100
QIZ20975.1	QIZ20975.1	100.000	395	0	0	1	395	1	395	0.0	807
QIZ20976.1	QIZ20976.1	100.000	141	0	0	1	141	1	141	9.54e-104	288
QIZ20977.1	QIZ20977.1	100.000	811	0	0	1	811	1	811	0.0	1637
QIZ20978.1	QIZ20978.1	100.000	141	0	0	1	141	1	141	9.45e-99	275
QIZ20979.1	QIZ20979.1	100.000	108	0	0	1	108	1	108	1.16e-75	214
QIZ20980.1	QIZ20980.1	100.000	304	0	0	1	304	1	304	0.0	598
QIZ20981.1	QIZ20981.1	100.000	568	0	0	1	568	1	568	0.0	1138
QIZ20982.1	QIZ20982.1	100.000	198	0	0	1	198	1	198	1.22e-141	389
QIZ20983.1	QIZ20983.1	100.000	159	0	0	1	159	1	159	1.13e-111	310
QIZ20984.1	QIZ20984.1	100.000	177	0	0	1	177	1	177	3.56e-127	350
QIZ20985.1	QIZ20985.1	100.000	188	0	0	1	188	1	188	2.27e-142	389
QIZ20986.1	QIZ20986.1	100.000	218	0	0	1	218	1	218	3.06e-164	447
QIZ20987.1	QIZ20987.1	100.000	67	0	0	1	67	1	67	4.38e-41	124
QIZ20988.1	QIZ20988.1	100.000	171	0	0	1	171	1	171	7.74e-124	341
QIZ20989.1	QIZ20989.1	100.000	462	0	0	1	462	1	462	0.0	933
QIZ20990.1	QIZ20990.1	100.000	404	0	0	1	404	1	404	0.0	801
QIZ20991.1	QIZ20991.1	100.000	233	0	0	1	233	1	233	2.40e-168	459
QIZ20992.1	QIZ20992.1	100.000	370	0	0	1	370	1	370	0.0	737
QIZ20993.1	QIZ20993.1	100.000	470	0	0	1	470	1	470	0.0	945
QIZ20994.1	QIZ20994.1	100.000	86	0	0	1	86	1	86	4.66e-55	160
QIZ20995.1	QIZ20995.1	100.000	287	0	0	1	287	1	287	0.0	568
QIZ20996.1	QIZ20996.1	100.000	234	0	0	1	234	1	234	2.59e-176	479
QIZ20997.1	QIZ20997.1	100.000	522	0	0	1	522	1	522	0.0	1051
QIZ20998.1	QIZ20998.1	100.000	401	0	0	1	401	1	401	0.0	811
QIZ20999.1	QIZ20999.1	100.000	145	0	0	1	145	1	145	1.48e-105	293
QIZ21000.1	QIZ21000.1	100.000	251	0	0	1	251	1	251	8.49e-180	489
QIZ21001.1	QIZ21001.1	100.000	149	0	0	1	149	1	149	3.82e-106	295
QIZ21002.1	QIZ21002.1	100.000	197	0	0	1	197	1	197	1.58e-146	401
QIZ21003.1	QIZ21003.1	100.000	443	0	0	1	443	1	443	0.0	921
QIZ21004.1	QIZ21004.1	100.000	138	0	0	1	138	1	138	5.27e-102	283
QIZ21005.1	QIZ21005.1	100.000	142	0	0	1	142	1	142	7.10e-103	286
QIZ21006.1	QIZ21006.1	100.000	166	0	0	1	166	1	166	8.50e-123	338
QIZ21007.1	QIZ21007.1	100.000	403	0	0	1	403	1	403	0.0	830
QIZ21008.1	QIZ21008.1	100.000	261	0	0	1	261	1	261	0.0	536
QIZ21009.1	QIZ21009.1	100.000	126	0	0	1	126	1	126	2.27e-92	258
QIZ21010.1	QIZ21010.1	100.000	690	0	0	1	690	1	690	0.0	1400
QIZ21011.1	QIZ21011.1	100.000	82	0	0	1	82	1	82	9.37e-56	162
QIZ21012.1	QIZ21012.1	100.000	122	0	0	1	122	1	122	7.52e-87	244
QIZ21013.1	QIZ21013.1	100.000	736	0	0	1	736	1	736	0.0	1482
QIZ21014.1	QIZ21014.1	100.000	530	0	0	1	530	1	530	0.0	1061
QIZ21015.1	QIZ21015.1	100.000	389	0	0	1	389	1	389	0.0	803
QIZ21016.1	QIZ21016.1	100.000	517	0	0	1	517	1	517	0.0	1009
QIZ21017.1	QIZ21017.1	100.000	153	0	0	1	153	1	153	1.34e-105	294
QIZ21018.1	QIZ21018.1	100.000	333	0	0	1	333	1	333	0.0	671
QIZ21019.1	QIZ21019.1	100.000	455	0	0	1	455	1	455	0.0	920
QIZ21020.1	QIZ21020.1	100.000	136	0	0	1	136	1	136	1.23e-97	272
QIZ21021.1	QIZ21021.1	100.000	128	0	0	1	128	1	128	1.28e-91	256
QIZ21022.1	QIZ21022.1	100.000	332	0	0	1	332	1	332	0.0	677
QIZ21023.1	QIZ21023.1	100.000	180	0	0	1	180	1	180	3.68e-131	360
QIZ21024.1	QIZ21024.1	100.000	333	0	0	1	333	1	333	0.0	679
QIZ21025.1	QIZ21025.1	100.000	508	0	0	1	508	1	508	0.0	972
QIZ21026.1	QIZ21026.1	100.000	761	0	0	1	761	1	761	0.0	1551
QIZ21027.1	QIZ21027.1	100.000	197	0	0	1	197	1	197	8.44e-142	389
QIZ21028.1	QIZ21028.1	100.000	287	0	0	1	287	1	287	0.0	567
QIZ21029.1	QIZ21029.1	100.000	383	0	0	1	383	1	383	0.0	748
QIZ21030.1	QIZ21030.1	100.000	200	0	0	1	200	1	200	7.64e-142	389
QIZ21031.1	QIZ21031.1	100.000	211	0	0	1	211	1	211	4.73e-152	416
QIZ21032.1	QIZ21032.1	100.000	649	0	0	1	649	1	649	0.0	1297
QIZ21033.1	QIZ21033.1	100.000	373	0	0	1	373	1	373	0.0	758
QIZ21034.1	QIZ21034.1	100.000	258	0	0	1	258	1	258	0.0	513
QIZ21035.1	QIZ21035.1	100.000	217	0	0	1	217	1	217	8.59e-164	446
QIZ21036.1	QIZ21036.1	100.000	309	0	0	1	309	1	309	0.0	625
QIZ21037.1	QIZ21037.1	100.000	193	0	0	1	193	1	193	2.13e-133	367
QIZ21038.1	QIZ21038.1	100.000	162	0	0	1	162	1	162	1.67e-117	325
QIZ21039.1	QIZ21039.1	100.000	216	0	0	1	216	1	216	2.09e-162	442
QIZ21040.1	QIZ21040.1	100.000	180	0	0	1	180	1	180	2.05e-128	353
QIZ21041.1	QIZ21041.1	100.000	329	0	0	1	329	1	329	0.0	637
QIZ21042.1	QIZ21042.1	100.000	185	0	0	1	185	1	185	2.98e-137	376
QIZ21043.1	QIZ21043.1	100.000	844	0	0	1	844	1	844	0.0	1731
QIZ21044.1	QIZ21044.1	100.000	156	0	0	1	156	1	156	9.07e-107	297
QIZ21045.1	QIZ21045.1	100.000	331	0	0	1	331	1	331	0.0	641
QIZ21046.1	QIZ21046.1	100.000	282	0	0	1	282	1	282	0.0	560
QIZ21047.1	QIZ21047.1	100.000	264	0	0	1	264	1	264	0.0	536
QIZ21048.1	QIZ21048.1	100.000	213	0	0	1	213	1	213	1.83e-155	425
QIZ21049.1	QIZ21049.1	100.000	623	0	0	1	623	1	623	0.0	1274
QIZ21050.1	QIZ21050.1	100.000	443	0	0	1	443	1	443	0.0	881
QIZ21051.1	QIZ21051.1	100.000	555	0	0	1	555	1	555	0.0	1119
QIZ21052.1	QIZ21052.1	100.000	422	0	0	1	422	1	422	0.0	850
QIZ21053.1	QIZ21053.1	100.000	175	0	0	1	175	1	175	1.36e-127	351
QIZ21054.1	QIZ21054.1	100.000	372	0	0	1	372	1	372	0.0	774
QIZ21055.1	QIZ21055.1	100.000	333	0	0	1	333	1	333	0.0	667
QIZ21056.1	QIZ21056.1	100.000	274	0	0	1	274	1	274	0.0	559
QIZ21057.1	QIZ21057.1	100.000	195	0	0	1	195	1	195	4.73e-141	387
QIZ21058.1	QIZ21058.1	100.000	265	0	0	1	265	1	265	0.0	523
QIZ21059.1	QIZ21059.1	100.000	189	0	0	1	189	1	189	3.71e-130	359
QIZ21060.1	QIZ21060.1	100.000	223	0	0	1	223	1	223	1.49e-164	449
QIZ21061.1	QIZ21061.1	100.000	140	0	0	1	140	1	140	5.83e-100	278
QIZ21062.1	QIZ21062.1	100.000	140	0	0	1	140	1	140	6.60e-98	273
QIZ21063.1	QIZ21063.1	100.000	197	0	0	1	197	1	197	1.16e-143	394
QIZ21064.1	QIZ21064.1	100.000	173	0	0	1	173	1	173	4.63e-122	337
QIZ21065.1	QIZ21065.1	100.000	455	0	0	1	455	1	455	0.0	907
QIZ21066.1	QIZ21066.1	100.000	171	0	0	1	171	1	171	1.99e-123	340
QIZ21067.1	QIZ21067.1	100.000	196	0	0	1	196	1	196	4.14e-147	402
QIZ21068.1	QIZ21068.1	100.000	208	0	0	1	208	1	208	6.73e-152	415
QIZ21069.1	QIZ21069.1	100.000	64	0	0	1	64	1	64	5.05e-44	131
QIZ21070.1	QIZ21070.1	100.000	239	0	0	1	239	1	239	4.31e-175	476
QIZ21071.1	QIZ21071.1	100.000	251	0	0	1	251	1	251	0.0	510
QIZ21072.1	QIZ21072.1	100.000	101	0	0	1	101	1	101	1.35e-69	199
QIZ21073.1	QIZ21073.1	100.000	121	0	0	1	121	1	121	4.49e-88	247
QIZ21074.1	QIZ21074.1	100.000	167	0	0	1	167	1	167	2.86e-124	342
QIZ21075.1	QIZ21075.1	100.000	184	0	0	1	184	1	184	8.64e-131	360
QIZ21076.1	QIZ21076.1	100.000	696	0	0	1	696	1	696	0.0	1400
QIZ21077.1	QIZ21077.1	100.000	377	0	0	1	377	1	377	0.0	734
QIZ21078.1	QIZ21078.1	100.000	213	0	0	1	213	1	213	1.12e-156	428
QIZ21079.1	QIZ21079.1	100.000	518	0	0	1	518	1	518	0.0	1048
QIZ21080.1	QIZ21080.1	100.000	219	0	0	1	219	1	219	2.54e-158	432
QIZ21081.1	QIZ21081.1	100.000	118	0	0	1	118	1	118	3.09e-83	234
QIZ21082.1	QIZ21082.1	100.000	602	0	0	1	602	1	602	0.0	1200
QIZ21083.1	QIZ21083.1	100.000	86	0	0	1	86	1	86	4.81e-62	178
QIZ21084.1	QIZ21084.1	100.000	207	0	0	1	207	1	207	1.05e-151	415
QIZ21085.1	QIZ21085.1	100.000	680	0	0	1	680	1	680	0.0	1387
QIZ21086.1	QIZ21086.1	100.000	137	0	0	1	137	1	137	1.25e-99	277
QIZ21087.1	QIZ21087.1	100.000	281	0	0	1	281	1	281	0.0	561
QIZ21088.1	QIZ21088.1	100.000	357	0	0	1	357	1	357	0.0	726
QIZ21089.1	QIZ21089.1	100.000	307	0	0	1	307	1	307	0.0	610
QIZ21090.1	QIZ21090.1	100.000	232	0	0	1	232	1	232	5.37e-172	468
QIZ21091.1	QIZ21091.1	100.000	361	0	0	1	361	1	361	0.0	707
QIZ21092.1	QIZ21092.1	100.000	96	0	0	1	96	1	96	1.16e-64	186
QIZ21093.1	QIZ21093.1	100.000	281	0	0	1	281	1	281	0.0	561
QIZ21094.1	QIZ21094.1	100.000	350	0	0	1	350	1	350	0.0	714
QIZ21095.1	QIZ21095.1	100.000	363	0	0	1	363	1	363	0.0	733
QIZ21096.1	QIZ21096.1	100.000	236	0	0	1	236	1	236	4.30e-175	476
QIZ21097.1	QIZ21097.1	100.000	496	0	0	1	496	1	496	0.0	1012
QIZ21098.1	QIZ21098.1	100.000	109	0	0	1	109	1	109	3.84e-81	228
QIZ21099.1	QIZ21099.1	100.000	40	0	0	1	40	1	40	6.16e-24	79.3
QIZ21100.1	QIZ21100.1	100.000	138	0	0	1	138	1	138	2.45e-96	269
QIZ21101.1	QIZ21101.1	100.000	240	0	0	1	240	1	240	0.0	492
QIZ21102.1	QIZ21102.1	100.000	202	0	0	1	202	1	202	3.11e-140	385
QIZ21103.1	QIZ21103.1	100.000	380	0	0	1	380	1	380	0.0	770
QIZ21104.1	QIZ21104.1	100.000	126	0	0	1	126	1	126	7.68e-88	247
QIZ21105.1	QIZ21105.1	100.000	152	0	0	1	152	1	152	2.15e-110	306
QIZ21106.1	QIZ21106.1	100.000	205	0	0	1	205	1	205	9.25e-152	415
QIZ21107.1	QIZ21107.1	100.000	395	0	0	1	395	1	395	0.0	805
QIZ21108.1	QIZ21108.1	100.000	168	0	0	1	168	1	168	1.59e-126	348
QIZ21109.1	QIZ21109.1	100.000	345	0	0	1	345	1	345	0.0	717
QIZ21110.1	QIZ21110.1	100.000	253	0	0	1	253	1	253	0.0	495
QIZ21111.1	QIZ21111.1	100.000	114	0	0	1	114	1	114	5.45e-80	226
QIZ21112.1	QIZ21112.1	100.000	183	0	0	1	183	1	183	3.21e-133	366
QIZ21113.1	QIZ21113.1	100.000	106	0	0	1	106	1	106	1.12e-77	219
QIZ21114.1	QIZ21114.1	100.000	236	0	0	1	236	1	236	1.59e-171	467
QIZ21115.1	QIZ21115.1	100.000	75	0	0	1	75	1	75	2.13e-51	150
QIZ21116.1	QIZ21116.1	100.000	139	0	0	1	139	1	139	1.55e-98	275
QIZ21117.1	QIZ21117.1	100.000	625	0	0	1	625	1	625	0.0	1224
QIZ21118.1	QIZ21118.1	100.000	173	0	0	1	173	1	173	1.44e-125	346
QIZ21119.1	QIZ21119.1	100.000	126	0	0	1	126	1	126	3.68e-88	248
QIZ21120.1	QIZ21120.1	100.000	169	0	0	1	169	1	169	4.69e-123	339
QIZ21121.1	QIZ21121.1	100.000	383	0	0	1	383	1	383	0.0	797
QIZ21122.1	QIZ21122.1	100.000	383	0	0	1	383	1	383	0.0	800
QIZ21123.1	QIZ21123.1	100.000	388	0	0	1	388	1	388	0.0	808
QIZ21124.1	QIZ21124.1	100.000	457	0	0	1	457	1	457	0.0	941
QIZ21125.1	QIZ21125.1	100.000	317	0	0	1	317	1	317	0.0	644
QIZ21126.1	QIZ21126.1	100.000	402	0	0	1	402	1	402	0.0	781
QIZ21127.1	QIZ21127.1	100.000	360	0	0	1	360	1	360	0.0	733
QIZ21128.1	QIZ21128.1	100.000	353	0	0	1	353	1	353	0.0	711
QIZ21129.1	QIZ21129.1	100.000	511	0	0	1	511	1	511	0.0	1053
QIZ21130.1	QIZ21130.1	100.000	286	0	0	1	286	1	286	0.0	566
QIZ21131.1	QIZ21131.1	100.000	282	0	0	1	282	1	282	0.0	554
QIZ21132.1	QIZ21132.1	100.000	359	0	0	1	359	1	359	0.0	718
QIZ21133.1	QIZ21133.1	100.000	357	0	0	1	357	1	357	0.0	731
QIZ21134.1	QIZ21134.1	100.000	385	0	0	1	385	1	385	0.0	799
QIZ21135.1	QIZ21135.1	100.000	195	0	0	1	195	1	195	7.82e-148	404
QIZ21136.1	QIZ21136.1	100.000	453	0	0	1	453	1	453	0.0	894
QIZ21137.1	QIZ21137.1	100.000	445	0	0	1	445	1	445	0.0	916
QIZ21138.1	QIZ21138.1	100.000	59	0	0	1	59	1	59	1.68e-38	117
QIZ21139.1	QIZ21139.1	100.000	303	0	0	1	303	1	303	0.0	597
QIZ21140.1	QIZ21140.1	100.000	272	0	0	1	272	1	272	0.0	543
QIZ21141.1	QIZ21141.1	100.000	187	0	0	1	187	1	187	2.24e-137	377
QIZ21142.1	QIZ21142.1	100.000	305	0	0	1	305	1	305	0.0	605
QIZ21143.1	QIZ21143.1	100.000	274	0	0	1	274	1	274	0.0	551
QIZ21144.1	QIZ21144.1	100.000	452	0	0	1	452	1	452	0.0	904
QIZ21145.1	QIZ21145.1	100.000	172	0	0	1	172	1	172	4.34e-116	322
QIZ21146.1	QIZ21146.1	100.000	228	0	0	1	228	1	228	1.17e-169	462
QIZ21147.1	QIZ21147.1	100.000	174	0	0	1	174	1	174	2.07e-124	343
QIZ21148.1	QIZ21148.1	100.000	467	0	0	1	467	1	467	0.0	968
QIZ21149.1	QIZ21149.1	100.000	211	0	0	1	211	1	211	1.66e-155	425
QIZ21150.1	QIZ21150.1	100.000	368	0	0	1	368	1	368	0.0	750
QIZ21151.1	QIZ21151.1	100.000	587	0	0	1	587	1	587	0.0	1215
QIZ21152.1	QIZ21152.1	100.000	542	0	0	1	542	1	542	0.0	1126
QIZ21153.1	QIZ21153.1	100.000	258	0	0	1	258	1	258	0.0	529
QIZ21154.1	QIZ21154.1	100.000	369	0	0	1	369	1	369	0.0	763
QIZ21155.1	QIZ21155.1	100.000	333	0	0	1	333	1	333	0.0	677
QIZ21156.1	QIZ21156.1	100.000	127	0	0	1	127	1	127	4.51e-89	250
QIZ21157.1	QIZ21157.1	100.000	108	0	0	1	108	1	108	1.94e-72	206
QIZ21158.1	QIZ21158.1	100.000	590	0	0	1	590	1	590	0.0	1232
QIZ21159.1	QIZ21159.1	100.000	257	0	0	1	257	1	257	0.0	530
QIZ21160.1	QIZ21160.1	100.000	497	0	0	1	497	1	497	0.0	1019
QIZ21161.1	QIZ21161.1	100.000	320	0	0	1	320	1	320	0.0	640
QIZ21162.1	QIZ21162.1	100.000	386	0	0	1	386	1	386	0.0	769
QIZ21163.1	QIZ21163.1	100.000	291	0	0	1	291	1	291	0.0	585
QIZ21164.1	QIZ21164.1	100.000	968	0	0	1	968	1	968	0.0	2013
QIZ21165.1	QIZ21165.1	100.000	425	0	0	1	425	1	425	0.0	853
QIZ21166.1	QIZ21166.1	100.000	466	0	0	1	466	1	466	0.0	946
QIZ21167.1	QIZ21167.1	100.000	651	0	0	1	651	1	651	0.0	1324
QIZ21168.1	QIZ21168.1	100.000	185	0	0	1	185	1	185	4.61e-133	366
QIZ21169.1	QIZ21169.1	100.000	511	0	0	1	511	1	511	0.0	1032
QIZ21170.1	QIZ21170.1	100.000	291	0	0	1	291	1	291	0.0	590
QIZ21171.1	QIZ21171.1	100.000	472	0	0	1	472	1	472	0.0	956
QIZ21172.1	QIZ21172.1	100.000	130	0	0	1	130	1	130	1.19e-89	251
QIZ21173.1	QIZ21173.1	100.000	158	0	0	1	158	1	158	9.92e-116	320
QIZ21174.1	QIZ21174.1	100.000	379	0	0	1	379	1	379	0.0	759
QIZ21175.1	QIZ21175.1	100.000	116	0	0	1	116	1	116	1.19e-80	228
QIZ21176.1	QIZ21176.1	100.000	180	0	0	1	180	1	180	1.80e-127	351
QIZ21177.1	QIZ21177.1	100.000	416	0	0	1	416	1	416	0.0	849
QIZ21178.1	QIZ21178.1	100.000	368	0	0	1	368	1	368	0.0	732
QIZ21179.1	QIZ21179.1	100.000	327	0	0	1	327	1	327	0.0	660
QIZ21180.1	QIZ21180.1	100.000	84	0	0	1	84	1	84	2.62e-56	164
QIZ21181.1	QIZ21181.1	100.000	134	0	0	1	134	1	134	1.50e-94	264
QIZ21182.1	QIZ21182.1	100.000	239	0	0	1	239	1	239	0.0	491
QIZ21183.1	QIZ21183.1	100.000	198	0	0	1	198	1	198	2.53e-146	400
QIZ21184.1	QIZ21184.1	100.000	372	0	0	1	372	1	372	0.0	766
QIZ21185.1	QIZ21185.1	100.000	360	0	0	1	360	1	360	0.0	720
QIZ21186.1	QIZ21186.1	100.000	298	0	0	1	298	1	298	0.0	589
QIZ21187.1	QIZ21187.1	100.000	248	0	0	1	248	1	248	7.37e-178	484
QIZ21188.1	QIZ21188.1	100.000	458	0	0	1	458	1	458	0.0	907
QIZ21189.1	QIZ21189.1	100.000	481	0	0	1	481	1	481	0.0	932
QIZ21190.1	QIZ21190.1	100.000	525	0	0	1	525	1	525	0.0	1062
QIZ21191.1	QIZ21191.1	100.000	350	0	0	1	350	1	350	0.0	692
QIZ21192.1	QIZ21192.1	100.000	107	0	0	1	107	1	107	3.39e-73	208
QIZ21193.1	QIZ21193.1	100.000	184	0	0	1	184	1	184	3.12e-130	358
QIZ21194.1	QIZ21194.1	100.000	291	0	0	1	291	1	291	0.0	591
QIZ21195.1	QIZ21195.1	100.000	347	0	0	1	347	1	347	0.0	723
QIZ21196.1	QIZ21196.1	100.000	392	0	0	1	392	1	392	0.0	796
QIZ21197.1	QIZ21197.1	100.000	187	0	0	1	187	1	187	5.61e-139	381
QIZ21198.1	QIZ21198.1	100.000	183	0	0	1	183	1	183	1.90e-126	349
QIZ21199.1	QIZ21199.1	100.000	309	0	0	1	309	1	309	0.0	614
QIZ21200.1	QIZ21200.1	100.000	924	0	0	1	924	1	924	0.0	1877
QIZ21201.1	QIZ21201.1	100.000	235	0	0	1	235	1	235	3.47e-172	469
QIZ21202.1	QIZ21202.1	100.000	512	0	0	1	512	1	512	0.0	1009
QIZ21203.1	QIZ21203.1	100.000	428	0	0	1	428	1	428	0.0	881
QIZ21204.1	QIZ21204.1	100.000	153	0	0	1	153	1	153	1.45e-109	304
QIZ21205.1	QIZ21205.1	100.000	321	0	0	1	321	1	321	0.0	627
QIZ21206.1	QIZ21206.1	100.000	229	0	0	1	229	1	229	1.65e-162	444
QIZ21207.1	QIZ21207.1	100.000	238	0	0	1	238	1	238	0.0	491
QIZ21208.1	QIZ21208.1	100.000	126	0	0	1	126	1	126	7.80e-86	241
QIZ21209.1	QIZ21209.1	100.000	199	0	0	1	199	1	199	2.26e-149	408
QIZ21210.1	QIZ21210.1	100.000	1040	0	0	1	1040	1	1040	0.0	2075
QIZ21211.1	QIZ21211.1	100.000	305	0	0	1	305	1	305	0.0	600
QIZ21212.1	QIZ21212.1	100.000	270	0	0	1	270	1	270	0.0	554
QIZ21213.1	QIZ21213.1	100.000	147	0	0	1	147	1	147	1.59e-110	306
QIZ21214.1	QIZ21214.1	100.000	294	0	0	1	294	1	294	0.0	582
QIZ21215.1	QIZ21215.1	100.000	211	0	0	1	211	1	211	2.02e-155	424
QIZ21216.1	QIZ21216.1	100.000	98	0	0	1	98	1	98	3.29e-72	205
QIZ21217.1	QIZ21217.1	100.000	178	0	0	1	178	1	178	2.01e-133	366
QIZ21218.1	QIZ21218.1	100.000	436	0	0	1	436	1	436	0.0	855
QIZ21219.1	QIZ21219.1	100.000	101	0	0	1	101	1	101	3.37e-71	202
QIZ21220.1	QIZ21220.1	100.000	691	0	0	1	691	1	691	0.0	1411
QIZ21221.1	QIZ21221.1	100.000	168	0	0	1	168	1	168	2.49e-117	325
QIZ21222.1	QIZ21222.1	100.000	312	0	0	1	312	1	312	0.0	625
QIZ21223.1	QIZ21223.1	100.000	294	0	0	1	294	1	294	0.0	592
QIZ21224.1	QIZ21224.1	100.000	396	0	0	1	396	1	396	0.0	818
QIZ21225.1	QIZ21225.1	100.000	180	0	0	1	180	1	180	5.11e-132	363
QIZ21226.1	QIZ21226.1	100.000	115	0	0	1	115	1	115	2.16e-81	229
QIZ21227.1	QIZ21227.1	100.000	120	0	0	1	120	1	120	1.10e-86	243
QIZ21228.1	QIZ21228.1	100.000	470	0	0	1	470	1	470	0.0	962
QIZ21229.1	QIZ21229.1	100.000	439	0	0	1	439	1	439	0.0	880
QIZ21230.1	QIZ21230.1	100.000	323	0	0	1	323	1	323	0.0	642
QIZ21231.1	QIZ21231.1	100.000	226	0	0	1	226	1	226	1.71e-165	451
QIZ21232.1	QIZ21232.1	100.000	215	0	0	1	215	1	215	5.01e-150	411
QIZ21233.1	QIZ21233.1	100.000	608	0	0	1	608	1	608	0.0	1239
QIZ21234.1	QIZ21234.1	100.000	614	0	0	1	614	1	614	0.0	1224
QIZ21235.1	QIZ21235.1	100.000	555	0	0	1	555	1	555	0.0	1098
QIZ21236.1	QIZ21236.1	100.000	96	0	0	1	96	1	96	1.33e-65	188
QIZ21237.1	QIZ21237.1	100.000	272	0	0	1	272	1	272	0.0	551
QIZ21238.1	QIZ21238.1	100.000	305	0	0	1	305	1	305	0.0	597
QIZ21239.1	QIZ21239.1	100.000	905	0	0	1	905	1	905	0.0	1867
QIZ21240.1	QIZ21240.1	100.000	166	0	0	1	166	1	166	1.68e-115	320
QIZ21241.1	QIZ21241.1	100.000	145	0	0	1	145	1	145	1.14e-97	273
QIZ21242.1	QIZ21242.1	100.000	380	0	0	1	380	1	380	0.0	746
QIZ21243.1	QIZ21243.1	100.000	188	0	0	1	188	1	188	8.43e-131	360
QIZ21244.1	QIZ21244.1	100.000	421	0	0	1	421	1	421	0.0	843
QIZ21245.1	QIZ21245.1	100.000	62	0	0	1	62	1	62	2.27e-42	127
QIZ21246.1	QIZ21246.1	100.000	286	0	0	1	286	1	286	0.0	567
QIZ21247.1	QIZ21247.1	100.000	314	0	0	1	314	1	314	0.0	620
QIZ21248.1	QIZ21248.1	100.000	420	0	0	1	420	1	420	0.0	833
QIZ21249.1	QIZ21249.1	100.000	579	0	0	1	579	1	579	0.0	1156
QIZ21250.1	QIZ21250.1	100.000	287	0	0	1	287	1	287	0.0	567
QIZ21251.1	QIZ21251.1	100.000	134	0	0	1	134	1	134	2.45e-99	276
QIZ21252.1	QIZ21252.1	100.000	324	0	0	1	324	1	324	0.0	652
QIZ21253.1	QIZ21253.1	100.000	279	0	0	1	279	1	279	0.0	569
QIZ21254.1	QIZ21254.1	100.000	79	0	0	1	79	1	79	5.85e-57	165
QIZ21255.1	QIZ21255.1	100.000	119	0	0	1	119	1	119	1.46e-84	238
QIZ21256.1	QIZ21256.1	100.000	220	0	0	1	220	1	220	1.63e-162	443
QIZ21257.1	QIZ21257.1	100.000	233	0	0	1	233	1	233	1.31e-170	464
QIZ21258.1	QIZ21258.1	100.000	271	0	0	1	271	1	271	0.0	559
QIZ21259.1	QIZ21259.1	100.000	544	0	0	1	544	1	544	0.0	1086
QIZ21260.1	QIZ21260.1	100.000	303	0	0	1	303	1	303	0.0	604
QIZ21261.1	QIZ21261.1	100.000	41	0	0	1	41	1	41	3.06e-25	82.4
QIZ21262.1	QIZ21262.1	100.000	178	0	0	1	178	1	178	5.57e-133	365
QIZ21263.1	QIZ21263.1	100.000	262	0	0	1	262	1	262	0.0	529
QIZ21264.1	QIZ21264.1	100.000	217	0	0	1	217	1	217	4.17e-156	427
QIZ21265.1	QIZ21265.1	100.000	458	0	0	1	458	1	458	0.0	934
QIZ21266.1	QIZ21266.1	100.000	161	0	0	1	161	1	161	1.81e-120	332
QIZ21267.1	QIZ21267.1	100.000	141	0	0	1	141	1	141	9.40e-101	280
QIZ21268.1	QIZ21268.1	100.000	322	0	0	1	322	1	322	0.0	644
QIZ21269.1	QIZ21269.1	100.000	314	0	0	1	314	1	314	0.0	639
QIZ21270.1	QIZ21270.1	100.000	311	0	0	1	311	1	311	0.0	590
QIZ21271.1	QIZ21271.1	100.000	355	0	0	1	355	1	355	0.0	719
QIZ21272.1	QIZ21272.1	100.000	283	0	0	1	283	1	283	0.0	564
QIZ21273.1	QIZ21273.1	100.000	485	0	0	1	485	1	485	0.0	992
QIZ21274.1	QIZ21274.1	100.000	168	0	0	1	168	1	168	1.57e-116	323
QIZ21275.1	QIZ21275.1	100.000	179	0	0	1	179	1	179	6.07e-128	352
QIZ21276.1	QIZ21276.1	100.000	75	0	0	1	75	1	75	1.79e-46	138
QIZ21277.1	QIZ21277.1	100.000	244	0	0	1	244	1	244	1.29e-176	481
QIZ21278.1	QIZ21278.1	100.000	91	0	0	1	91	1	91	1.36e-62	180
QIZ21279.1	QIZ21279.1	100.000	857	0	0	1	857	1	857	0.0	1709
QIZ21280.1	QIZ21280.1	100.000	196	0	0	1	196	1	196	3.81e-145	397
QIZ21281.1	QIZ21281.1	100.000	162	0	0	1	162	1	162	1.58e-117	325
QIZ21282.1	QIZ21282.1	100.000	326	0	0	1	326	1	326	0.0	649
QIZ21283.1	QIZ21283.1	100.000	383	0	0	1	383	1	383	0.0	761
QIZ21284.1	QIZ21284.1	100.000	356	0	0	1	356	1	356	0.0	734
QIZ21285.1	QIZ21285.1	100.000	186	0	0	1	186	1	186	1.25e-134	370
QIZ21286.1	QIZ21286.1	100.000	243	0	0	1	243	1	243	4.49e-178	484
QIZ21287.1	QIZ21287.1	100.000	561	0	0	1	561	1	561	0.0	1113
QIZ21288.1	QIZ21288.1	100.000	281	0	0	1	281	1	281	0.0	550
QIZ21289.1	QIZ21289.1	100.000	424	0	0	1	424	1	424	0.0	847
QIZ21290.1	QIZ21290.1	100.000	158	0	0	1	158	1	158	8.38e-113	312
QIZ21291.1	QIZ21291.1	100.000	275	0	0	1	275	1	275	0.0	561
QIZ21292.1	QIZ21292.1	100.000	153	0	0	1	153	1	153	1.95e-114	316
QIZ21293.1	QIZ21293.1	100.000	169	0	0	1	169	1	169	6.81e-128	351
QIZ21294.1	QIZ21294.1	100.000	419	0	0	1	419	1	419	0.0	842
QIZ21295.1	QIZ21295.1	100.000	259	0	0	1	259	1	259	0.0	537
QIZ21296.1	QIZ21296.1	100.000	357	0	0	1	357	1	357	0.0	728
QIZ21297.1	QIZ21297.1	100.000	186	0	0	1	186	1	186	5.47e-135	371
QIZ21298.1	QIZ21298.1	100.000	230	0	0	1	230	1	230	1.26e-166	454
QIZ21299.1	QIZ21299.1	100.000	310	0	0	1	310	1	310	0.0	615
QIZ21300.1	QIZ21300.1	100.000	253	0	0	1	253	1	253	0.0	495
QIZ21301.1	QIZ21301.1	100.000	347	0	0	1	347	1	347	0.0	694
QIZ21302.1	QIZ21302.1	100.000	254	0	0	1	254	1	254	0.0	503
QIZ21303.1	QIZ21303.1	100.000	84	0	0	1	84	1	84	7.95e-53	155
QIZ21304.1	QIZ21304.1	100.000	439	0	0	1	439	1	439	0.0	885
QIZ21305.1	QIZ21305.1	100.000	225	0	0	1	225	1	225	5.39e-161	440
QIZ21306.1	QIZ21306.1	100.000	145	0	0	1	145	1	145	4.53e-101	281
QIZ21307.1	QIZ21307.1	100.000	290	0	0	1	290	1	290	0.0	608
QIZ21308.1	QIZ21308.1	100.000	194	0	0	1	194	1	194	1.16e-140	386
QIZ21309.1	QIZ21309.1	100.000	611	0	0	1	611	1	611	0.0	1252
QIZ21310.1	QIZ21310.1	100.000	141	0	0	1	141	1	141	7.13e-97	271
QIZ21311.1	QIZ21311.1	100.000	338	0	0	1	338	1	338	0.0	691
QIZ21312.1	QIZ21312.1	100.000	250	0	0	1	250	1	250	0.0	510
QIZ21313.1	QIZ21313.1	100.000	723	0	0	1	723	1	723	0.0	1491
QIZ21314.1	QIZ21314.1	100.000	399	0	0	1	399	1	399	0.0	821
QIZ21315.1	QIZ21315.1	100.000	149	0	0	1	149	1	149	6.90e-111	307
QIZ21316.1	QIZ21316.1	100.000	218	0	0	1	218	1	218	5.50e-162	442
QIZ21317.1	QIZ21317.1	100.000	314	0	0	1	314	1	314	0.0	647
QIZ21318.1	QIZ21318.1	100.000	314	0	0	1	314	1	314	0.0	640
QIZ21319.1	QIZ21319.1	100.000	220	0	0	1	220	1	220	3.29e-168	457
QIZ21320.1	QIZ21320.1	100.000	337	0	0	1	337	1	337	0.0	692
QIZ21321.1	QIZ21321.1	100.000	249	0	0	1	249	1	249	0.0	503
QIZ21322.1	QIZ21322.1	100.000	225	0	0	1	225	1	225	3.76e-168	458
QIZ21323.1	QIZ21323.1	100.000	311	0	0	1	311	1	311	0.0	645
QIZ21324.1	QIZ21324.1	100.000	257	0	0	1	257	1	257	0.0	532
QIZ21325.1	QIZ21325.1	100.000	174	0	0	1	174	1	174	1.81e-125	346
QIZ21326.1	QIZ21326.1	100.000	1577	0	0	1	1577	1	1577	0.0	3248
QIZ21327.1	QIZ21327.1	100.000	68	0	0	1	68	1	68	1.62e-43	130
QIZ21328.1	QIZ21328.1	100.000	254	0	0	1	254	1	254	0.0	497
QIZ21329.1	QIZ21329.1	100.000	448	0	0	1	448	1	448	0.0	917
QIZ21330.1	QIZ21330.1	100.000	800	0	0	1	800	1	800	0.0	1606
QIZ21331.1	QIZ21331.1	100.000	225	0	0	1	225	1	225	1.28e-161	441
QIZ21332.1	QIZ21332.1	100.000	167	0	0	1	167	1	167	6.73e-119	328
QIZ21333.1	QIZ21333.1	100.000	518	0	0	1	518	1	518	0.0	1033
QIZ21334.1	QIZ21334.1	100.000	583	0	0	1	583	1	583	0.0	1179
QIZ21335.1	QIZ21335.1	100.000	410	0	0	1	410	1	410	0.0	813
QIZ21336.1	QIZ21336.1	100.000	144	0	0	1	144	1	144	1.97e-105	293
QIZ21337.1	QIZ21337.1	100.000	99	0	0	1	99	1	99	4.19e-67	192
QIZ21338.1	QIZ21338.1	100.000	94	0	0	1	94	1	94	1.30e-65	188
QIZ21339.1	QIZ21339.1	100.000	156	0	0	1	156	1	156	3.71e-110	305
QIZ21340.1	QIZ21340.1	100.000	162	0	0	1	162	1	162	1.74e-117	325
QIZ21341.1	QIZ21341.1	100.000	96	0	0	1	96	1	96	1.93e-69	198
QIZ21342.1	QIZ21342.1	100.000	109	0	0	1	109	1	109	1.24e-78	222
QIZ21343.1	QIZ21343.1	100.000	745	0	0	1	745	1	745	0.0	1518
QIZ21344.1	QIZ21344.1	100.000	282	0	0	1	282	1	282	0.0	552
QIZ21345.1	QIZ21345.1	100.000	326	0	0	1	326	1	326	0.0	647
QIZ21346.1	QIZ21346.1	100.000	715	0	0	1	715	1	715	0.0	1456
QIZ21347.1	QIZ21347.1	100.000	587	0	0	1	587	1	587	0.0	1176
QIZ21348.1	QIZ21348.1	100.000	114	0	0	1	114	1	114	7.05e-82	231
QIZ21349.1	QIZ21349.1	100.000	701	0	0	1	701	1	701	0.0	1411
QIZ21350.1	QIZ21350.1	100.000	445	0	0	1	445	1	445	0.0	889
QIZ21351.1	QIZ21351.1	100.000	243	0	0	1	243	1	243	2.08e-180	490
QIZ21352.1	QIZ21352.1	100.000	1733	0	0	1	1733	1	1733	0.0	3451
QIZ21353.1	QIZ21353.1	100.000	705	0	0	1	705	1	705	0.0	1422
QIZ21354.1	QIZ21354.1	100.000	120	0	0	1	120	1	120	9.86e-86	241
QIZ21355.1	QIZ21355.1	100.000	114	0	0	1	114	1	114	1.00e-81	230
QIZ21356.1	QIZ21356.1	100.000	719	0	0	1	719	1	719	0.0	1448
QIZ21357.1	QIZ21357.1	100.000	756	0	0	1	756	1	756	0.0	1540
QIZ21358.1	QIZ21358.1	100.000	351	0	0	1	351	1	351	0.0	702
QIZ21359.1	QIZ21359.1	100.000	1074	0	0	1	1074	1	1074	0.0	2191
QIZ21360.1	QIZ21360.1	100.000	398	0	0	1	398	1	398	0.0	804
QIZ21361.1	QIZ21361.1	100.000	153	0	0	1	153	1	153	5.80e-108	300
QIZ21362.1	QIZ21362.1	100.000	591	0	0	1	591	1	591	0.0	1194
QIZ21363.1	QIZ21363.1	100.000	607	0	0	1	607	1	607	0.0	1231
QIZ21364.1	QIZ21364.1	100.000	197	0	0	1	197	1	197	4.17e-144	395
QIZ21365.1	QIZ21365.1	100.000	261	0	0	1	261	1	261	0.0	533
QIZ21366.1	QIZ21366.1	100.000	247	0	0	1	247	1	247	0.0	495
QIZ21367.1	QIZ21367.1	100.000	155	0	0	1	155	1	155	7.08e-116	320
QIZ21368.1	QIZ21368.1	100.000	495	0	0	1	495	1	495	0.0	997
QIZ21369.1	QIZ21369.1	100.000	336	0	0	1	336	1	336	0.0	673
QIZ21370.1	QIZ21370.1	100.000	102	0	0	1	102	1	102	1.76e-67	193
QIZ21371.1	QIZ21371.1	100.000	560	0	0	1	560	1	560	0.0	1114
QIZ21372.1	QIZ21372.1	100.000	948	0	0	1	948	1	948	0.0	1846
QIZ21373.1	QIZ21373.1	100.000	431	0	0	1	431	1	431	0.0	833
QIZ21374.1	QIZ21374.1	100.000	374	0	0	1	374	1	374	0.0	720
QIZ21375.1	QIZ21375.1	100.000	356	0	0	1	356	1	356	0.0	702
QIZ21376.1	QIZ21376.1	100.000	465	0	0	1	465	1	465	0.0	943
QIZ21377.1	QIZ21377.1	100.000	312	0	0	1	312	1	312	0.0	619
QIZ21378.1	QIZ21378.1	100.000	304	0	0	1	304	1	304	0.0	603
QIZ21379.1	QIZ21379.1	100.000	225	0	0	1	225	1	225	1.30e-158	434
QIZ21380.1	QIZ21380.1	100.000	369	0	0	1	369	1	369	0.0	724
QIZ21381.1	QIZ21381.1	100.000	306	0	0	1	306	1	306	0.0	613
QIZ21382.1	QIZ21382.1	100.000	282	0	0	1	282	1	282	0.0	570
QIZ21383.1	QIZ21383.1	100.000	676	0	0	1	676	1	676	0.0	1347
QIZ21384.1	QIZ21384.1	100.000	564	0	0	1	564	1	564	0.0	1125
QIZ21385.1	QIZ21385.1	100.000	678	0	0	1	678	1	678	0.0	1382
QIZ21386.1	QIZ21386.1	100.000	483	0	0	1	483	1	483	0.0	904
QIZ21387.1	QIZ21387.1	100.000	462	0	0	1	462	1	462	0.0	940
QIZ21388.1	QIZ21388.1	100.000	315	0	0	1	315	1	315	0.0	658
QIZ21389.1	QIZ21389.1	100.000	408	0	0	1	408	1	408	0.0	756
QIZ21390.1	QIZ21390.1	100.000	220	0	0	1	220	1	220	2.29e-161	440
QIZ21391.1	QIZ21391.1	100.000	434	0	0	1	434	1	434	0.0	831
QIZ21392.1	QIZ21392.1	100.000	413	0	0	1	413	1	413	0.0	816
QIZ21393.1	QIZ21393.1	100.000	251	0	0	1	251	1	251	5.37e-178	485
QIZ21394.1	QIZ21394.1	100.000	280	0	0	1	280	1	280	0.0	541
QIZ21395.1	QIZ21395.1	100.000	274	0	0	1	274	1	274	0.0	550
QIZ21396.1	QIZ21396.1	100.000	366	0	0	1	366	1	366	0.0	739
QIZ21397.1	QIZ21397.1	100.000	289	0	0	1	289	1	289	0.0	575
QIZ21398.1	QIZ21398.1	100.000	61	0	0	1	61	1	61	1.30e-38	117
QIZ21399.1	QIZ21399.1	100.000	471	0	0	1	471	1	471	0.0	933
QIZ21400.1	QIZ21400.1	100.000	311	0	0	1	311	1	311	0.0	621
QIZ21401.1	QIZ21401.1	100.000	588	0	0	1	588	1	588	0.0	1220
QIZ21402.1	QIZ21402.1	100.000	182	0	0	1	182	1	182	1.43e-133	367
QIZ21403.1	QIZ21403.1	100.000	339	0	0	1	339	1	339	0.0	692
QIZ21404.1	QIZ21404.1	100.000	520	0	0	1	520	1	520	0.0	1068
QIZ21405.1	QIZ21405.1	100.000	345	0	0	1	345	1	345	0.0	695
QIZ21406.1	QIZ21406.1	100.000	414	0	0	1	414	1	414	0.0	816
QIZ21407.1	QIZ21407.1	100.000	173	0	0	1	173	1	173	2.78e-119	330
QIZ21408.1	QIZ21408.1	100.000	654	0	0	1	654	1	654	0.0	1341
QIZ21409.1	QIZ21409.1	100.000	373	0	0	1	373	1	373	0.0	736
QIZ21410.1	QIZ21410.1	100.000	413	0	0	1	413	1	413	0.0	850
QIZ21411.1	QIZ21411.1	100.000	299	0	0	1	299	1	299	0.0	586
QIZ21412.1	QIZ21412.1	100.000	317	0	0	1	317	1	317	0.0	648
QIZ21413.1	QIZ21413.1	100.000	297	0	0	1	297	1	297	0.0	601
QIZ21414.1	QIZ21414.1	100.000	124	0	0	1	124	1	124	1.42e-92	258
QIZ21415.1	QIZ21415.1	100.000	84	0	0	1	84	1	84	8.53e-61	175
QIZ21416.1	QIZ21416.1	100.000	98	0	0	1	98	1	98	2.56e-68	195
QIZ21417.1	QIZ21417.1	100.000	204	0	0	1	204	1	204	1.87e-144	396
QIZ21418.1	QIZ21418.1	100.000	413	0	0	1	413	1	413	0.0	852
QIZ21419.1	QIZ21419.1	100.000	297	0	0	1	297	1	297	0.0	593
QIZ21420.1	QIZ21420.1	100.000	350	0	0	1	350	1	350	0.0	692
QIZ21421.1	QIZ21421.1	100.000	246	0	0	1	246	1	246	0.0	498
QIZ21422.1	QIZ21422.1	100.000	261	0	0	1	261	1	261	0.0	531
QIZ21423.1	QIZ21423.1	100.000	234	0	0	1	234	1	234	2.57e-173	471
QIZ21424.1	QIZ21424.1	100.000	107	0	0	1	107	1	107	3.88e-72	206
QIZ21425.1	QIZ21425.1	100.000	303	0	0	1	303	1	303	0.0	625
QIZ21426.1	QIZ21426.1	100.000	264	0	0	1	264	1	264	0.0	532
QIZ21427.1	QIZ21427.1	100.000	235	0	0	1	235	1	235	2.91e-173	471
QIZ21428.1	QIZ21428.1	100.000	336	0	0	1	336	1	336	0.0	662
QIZ21429.1	QIZ21429.1	100.000	443	0	0	1	443	1	443	0.0	877
QIZ21430.1	QIZ21430.1	100.000	387	0	0	1	387	1	387	0.0	769
QIZ21431.1	QIZ21431.1	100.000	253	0	0	1	253	1	253	2.33e-177	483
QIZ21432.1	QIZ21432.1	100.000	397	0	0	1	397	1	397	0.0	779
QIZ21433.1	QIZ21433.1	100.000	285	0	0	1	285	1	285	0.0	547
QIZ21434.1	QIZ21434.1	100.000	493	0	0	1	493	1	493	0.0	1014
QIZ21435.1	QIZ21435.1	100.000	260	0	0	1	260	1	260	0.0	534
QIZ21436.1	QIZ21436.1	100.000	195	0	0	1	195	1	195	2.90e-145	397
QIZ21437.1	QIZ21437.1	100.000	388	0	0	1	388	1	388	0.0	816
QIZ21438.1	QIZ21438.1	100.000	247	0	0	1	247	1	247	0.0	496
QIZ21439.1	QIZ21439.1	100.000	388	0	0	1	388	1	388	0.0	811
QIZ21440.1	QIZ21440.1	100.000	362	0	0	1	362	1	362	0.0	746
QIZ21441.1	QIZ21441.1	100.000	373	0	0	1	373	1	373	0.0	763
QIZ21442.1	QIZ21442.1	100.000	415	0	0	1	415	1	415	0.0	838
QIZ21443.1	QIZ21443.1	100.000	284	0	0	1	284	1	284	0.0	566
QIZ21444.1	QIZ21444.1	100.000	740	0	0	1	740	1	740	0.0	1503
QIZ21445.1	QIZ21445.1	100.000	214	0	0	1	214	1	214	3.49e-158	432
QIZ21446.1	QIZ21446.1	100.000	245	0	0	1	245	1	245	3.26e-180	490
QIZ21447.1	QIZ21447.1	100.000	319	0	0	1	319	1	319	0.0	660
QIZ21448.1	QIZ21448.1	100.000	478	0	0	1	478	1	478	0.0	985
QIZ21449.1	QIZ21449.1	100.000	396	0	0	1	396	1	396	0.0	811
QIZ21450.1	QIZ21450.1	100.000	113	0	0	1	113	1	113	6.88e-80	226
QIZ21451.1	QIZ21451.1	100.000	196	0	0	1	196	1	196	3.48e-141	387
QIZ21452.1	QIZ21452.1	100.000	889	0	0	1	889	1	889	0.0	1825
QIZ21453.1	QIZ21453.1	100.000	214	0	0	1	214	1	214	1.18e-150	412
QIZ21454.1	QIZ21454.1	100.000	433	0	0	1	433	1	433	0.0	836
QIZ21455.1	QIZ21455.1	100.000	142	0	0	1	142	1	142	6.86e-104	288
QIZ21456.1	QIZ21456.1	100.000	352	0	0	1	352	1	352	0.0	685
QIZ21457.1	QIZ21457.1	100.000	139	0	0	1	139	1	139	6.00e-102	283
QIZ21458.1	QIZ21458.1	100.000	473	0	0	1	473	1	473	0.0	961
QIZ21459.1	QIZ21459.1	100.000	380	0	0	1	380	1	380	0.0	773
QIZ21460.1	QIZ21460.1	100.000	441	0	0	1	441	1	441	0.0	919
QIZ21461.1	QIZ21461.1	100.000	442	0	0	1	442	1	442	0.0	905
QIZ21462.1	QIZ21462.1	100.000	227	0	0	1	227	1	227	1.17e-168	459
QIZ21463.1	QIZ21463.1	100.000	294	0	0	1	294	1	294	0.0	603
QIZ21464.1	QIZ21464.1	100.000	74	0	0	1	74	1	74	3.48e-51	150
QIZ21465.1	QIZ21465.1	100.000	466	0	0	1	466	1	466	0.0	937
QIZ21466.1	QIZ21466.1	100.000	133	0	0	1	133	1	133	2.57e-98	274
QIZ21467.1	QIZ21467.1	100.000	474	0	0	1	474	1	474	0.0	981
QIZ21468.1	QIZ21468.1	100.000	284	0	0	1	284	1	284	0.0	578
QIZ21469.1	QIZ21469.1	100.000	314	0	0	1	314	1	314	0.0	647
QIZ21470.1	QIZ21470.1	100.000	489	0	0	1	489	1	489	0.0	1029
QIZ21471.1	QIZ21471.1	100.000	442	0	0	1	442	1	442	0.0	917
QIZ21472.1	QIZ21472.1	100.000	115	0	0	1	115	1	115	1.44e-84	238
QIZ21473.1	QIZ21473.1	100.000	775	0	0	1	775	1	775	0.0	1607
QIZ21474.1	QIZ21474.1	100.000	314	0	0	1	314	1	314	0.0	644
QIZ21475.1	QIZ21475.1	100.000	147	0	0	1	147	1	147	2.46e-102	285
QIZ21476.1	QIZ21476.1	100.000	124	0	0	1	124	1	124	9.59e-89	249
QIZ21477.1	QIZ21477.1	100.000	183	0	0	1	183	1	183	5.14e-134	368
QIZ21478.1	QIZ21478.1	100.000	343	0	0	1	343	1	343	0.0	698
QIZ21479.1	QIZ21479.1	100.000	717	0	0	1	717	1	717	0.0	1442
QIZ21480.1	QIZ21480.1	100.000	445	0	0	1	445	1	445	0.0	929
QIZ21481.1	QIZ21481.1	100.000	342	0	0	1	342	1	342	0.0	687
QIZ21482.1	QIZ21482.1	100.000	64	0	0	1	64	1	64	5.68e-42	126
QIZ21483.1	QIZ21483.1	100.000	387	0	0	1	387	1	387	0.0	796
QIZ21484.1	QIZ21484.1	100.000	263	0	0	1	263	1	263	0.0	537
QIZ21485.1	QIZ21485.1	100.000	561	0	0	1	561	1	561	0.0	1149
QIZ21486.1	QIZ21486.1	100.000	418	0	0	1	418	1	418	0.0	870
QIZ21487.1	QIZ21487.1	100.000	88	0	0	1	88	1	88	5.85e-66	188
QIZ21488.1	QIZ21488.1	100.000	998	0	0	1	998	1	998	0.0	2063
QIZ21489.1	QIZ21489.1	100.000	195	0	0	1	195	1	195	3.07e-143	392
QIZ21490.1	QIZ21490.1	100.000	283	0	0	1	283	1	283	0.0	553
QIZ21491.1	QIZ21491.1	100.000	103	0	0	1	103	1	103	8.79e-71	202
QIZ21492.1	QIZ21492.1	100.000	146	0	0	1	146	1	146	4.98e-107	297
QIZ21493.1	QIZ21493.1	100.000	248	0	0	1	248	1	248	0.0	499
QIZ21494.1	QIZ21494.1	100.000	115	0	0	1	115	1	115	6.82e-85	238
QIZ21495.1	QIZ21495.1	100.000	252	0	0	1	252	1	252	0.0	520
QIZ21496.1	QIZ21496.1	100.000	68	0	0	1	68	1	68	2.29e-47	140
QIZ21497.1	QIZ21497.1	100.000	155	0	0	1	155	1	155	1.14e-114	317
QIZ21498.1	QIZ21498.1	100.000	348	0	0	1	348	1	348	0.0	705
QIZ21499.1	QIZ21499.1	100.000	163	0	0	1	163	1	163	4.06e-116	321
QIZ21500.1	QIZ21500.1	100.000	323	0	0	1	323	1	323	0.0	671
QIZ21501.1	QIZ21501.1	100.000	550	0	0	1	550	1	550	0.0	1129
QIZ21502.1	QIZ21502.1	100.000	203	0	0	1	203	1	203	1.14e-146	402
QIZ21503.1	QIZ21503.1	100.000	181	0	0	1	181	1	181	5.93e-128	352
QIZ21504.1	QIZ21504.1	100.000	452	0	0	1	452	1	452	0.0	942
QIZ21505.1	QIZ21505.1	100.000	242	0	0	1	242	1	242	0.0	491
QIZ21506.1	QIZ21506.1	100.000	398	0	0	1	398	1	398	0.0	825
QIZ21507.1	QIZ21507.1	100.000	134	0	0	1	134	1	134	3.11e-100	279
QIZ21508.1	QIZ21508.1	100.000	124	0	0	1	124	1	124	5.91e-93	259
QIZ21509.1	QIZ21509.1	100.000	261	0	0	1	261	1	261	0.0	528
QIZ21510.1	QIZ21510.1	100.000	141	0	0	1	141	1	141	6.69e-101	281
QIZ21511.1	QIZ21511.1	100.000	189	0	0	1	189	1	189	5.26e-143	391
QIZ21512.1	QIZ21512.1	100.000	166	0	0	1	166	1	166	2.09e-123	340
QIZ21513.1	QIZ21513.1	100.000	810	0	0	1	810	1	810	0.0	1677
QIZ21514.1	QIZ21514.1	100.000	249	0	0	1	249	1	249	1.00e-179	489
QIZ21515.1	QIZ21515.1	100.000	317	0	0	1	317	1	317	0.0	647
QIZ21516.1	QIZ21516.1	100.000	539	0	0	1	539	1	539	0.0	1116
QIZ21517.1	QIZ21517.1	100.000	72	0	0	1	72	1	72	2.52e-47	140
QIZ21518.1	QIZ21518.1	100.000	319	0	0	1	319	1	319	0.0	628
QIZ21519.1	QIZ21519.1	100.000	124	0	0	1	124	1	124	1.19e-92	259
QIZ21520.1	QIZ21520.1	100.000	155	0	0	1	155	1	155	1.26e-116	322
QIZ21521.1	QIZ21521.1	100.000	202	0	0	1	202	1	202	2.44e-154	421
QIZ21522.1	QIZ21522.1	100.000	333	0	0	1	333	1	333	0.0	673
QIZ21523.1	QIZ21523.1	100.000	295	0	0	1	295	1	295	0.0	606
QIZ21524.1	QIZ21524.1	100.000	477	0	0	1	477	1	477	0.0	973
QIZ21525.1	QIZ21525.1	100.000	425	0	0	1	425	1	425	0.0	886
QIZ21526.1	QIZ21526.1	100.000	97	0	0	1	97	1	97	1.98e-67	193
QIZ21527.1	QIZ21527.1	100.000	339	0	0	1	339	1	339	0.0	700
QIZ21528.1	QIZ21528.1	100.000	61	0	0	1	61	1	61	1.20e-41	125
QIZ21529.1	QIZ21529.1	100.000	167	0	0	1	167	1	167	1.60e-125	345
QIZ21530.1	QIZ21530.1	100.000	536	0	0	1	536	1	536	0.0	1045
QIZ21531.1	QIZ21531.1	100.000	352	0	0	1	352	1	352	0.0	711
QIZ21532.1	QIZ21532.1	100.000	232	0	0	1	232	1	232	1.67e-168	459
QIZ21533.1	QIZ21533.1	100.000	103	0	0	1	103	1	103	1.36e-71	204
QIZ21534.1	QIZ21534.1	100.000	122	0	0	1	122	1	122	2.02e-86	243
QIZ21535.1	QIZ21535.1	100.000	61	0	0	1	61	1	61	6.89e-36	110
QIZ21536.1	QIZ21536.1	100.000	227	0	0	1	227	1	227	2.37e-169	461
QIZ21537.1	QIZ21537.1	100.000	317	0	0	1	317	1	317	0.0	634
QIZ21538.1	QIZ21538.1	100.000	237	0	0	1	237	1	237	3.31e-166	454
QIZ21539.1	QIZ21539.1	100.000	180	0	0	1	180	1	180	3.29e-126	348
QIZ21540.1	QIZ21540.1	100.000	147	0	0	1	147	1	147	4.48e-109	302
QIZ21541.1	QIZ21541.1	100.000	814	0	0	1	814	1	814	0.0	1686
QIZ21542.1	QIZ21542.1	100.000	75	0	0	1	75	1	75	1.50e-49	146
QIZ21543.1	QIZ21543.1	100.000	417	0	0	1	417	1	417	0.0	866
QIZ21544.1	QIZ21544.1	100.000	86	0	0	1	86	1	86	1.42e-56	164
QIZ21545.1	QIZ21545.1	100.000	99	0	0	1	99	1	99	3.01e-71	202
QIZ21546.1	QIZ21546.1	100.000	96	0	0	1	96	1	96	3.37e-70	200
QIZ21547.1	QIZ21547.1	100.000	129	0	0	1	129	1	129	8.21e-98	272
QIZ21548.1	QIZ21548.1	100.000	89	0	0	1	89	1	89	7.72e-67	191
QIZ21549.1	QIZ21549.1	100.000	93	0	0	1	93	1	93	8.01e-64	183
QIZ21550.1	QIZ21550.1	100.000	104	0	0	1	104	1	104	4.82e-76	215
QIZ21551.1	QIZ21551.1	100.000	93	0	0	1	93	1	93	2.60e-66	190
QIZ21552.1	QIZ21552.1	100.000	193	0	0	1	193	1	193	2.21e-144	395
QIZ21553.1	QIZ21553.1	100.000	353	0	0	1	353	1	353	0.0	738
QIZ21554.1	QIZ21554.1	100.000	100	0	0	1	100	1	100	1.31e-72	206
QIZ21555.1	QIZ21555.1	100.000	445	0	0	1	445	1	445	0.0	917
QIZ21556.1	QIZ21556.1	100.000	163	0	0	1	163	1	163	1.24e-125	345
QIZ21557.1	QIZ21557.1	100.000	169	0	0	1	169	1	169	4.00e-126	347
QIZ21558.1	QIZ21558.1	100.000	153	0	0	1	153	1	153	1.69e-115	319
QIZ21559.1	QIZ21559.1	100.000	74	0	0	1	74	1	74	3.39e-52	152
QIZ21560.1	QIZ21560.1	100.000	122	0	0	1	122	1	122	1.30e-88	248
QIZ21561.1	QIZ21561.1	100.000	62	0	0	1	62	1	62	1.07e-43	130
QIZ21562.1	QIZ21562.1	100.000	423	0	0	1	423	1	423	0.0	889
QIZ21563.1	QIZ21563.1	100.000	75	0	0	1	75	1	75	4.50e-51	150
QIZ21564.1	QIZ21564.1	100.000	220	0	0	1	220	1	220	5.27e-161	439
QIZ21565.1	QIZ21565.1	100.000	538	0	0	1	538	1	538	0.0	1117
QIZ21566.1	QIZ21566.1	100.000	73	0	0	1	73	1	73	9.88e-50	146
QIZ21567.1	QIZ21567.1	100.000	280	0	0	1	280	1	280	0.0	569
QIZ21568.1	QIZ21568.1	100.000	70	0	0	1	70	1	70	3.30e-49	145
QIZ21569.1	QIZ21569.1	100.000	287	0	0	1	287	1	287	0.0	592
QIZ21570.1	QIZ21570.1	100.000	147	0	0	1	147	1	147	2.37e-105	293
QIZ21571.1	QIZ21571.1	100.000	91	0	0	1	91	1	91	4.38e-60	174
QIZ21572.1	QIZ21572.1	100.000	72	0	0	1	72	1	72	4.99e-52	152
QIZ21573.1	QIZ21573.1	100.000	192	0	0	1	192	1	192	9.39e-144	393
QIZ21574.1	QIZ21574.1	100.000	72	0	0	1	72	1	72	2.59e-51	150
QIZ21575.1	QIZ21575.1	100.000	673	0	0	1	673	1	673	0.0	1380
QIZ21576.1	QIZ21576.1	100.000	153	0	0	1	153	1	153	2.73e-116	321
QIZ21577.1	QIZ21577.1	100.000	167	0	0	1	167	1	167	3.27e-123	339
QIZ21578.1	QIZ21578.1	100.000	551	0	0	1	551	1	551	0.0	1118
QIZ21579.1	QIZ21579.1	100.000	936	0	0	1	936	1	936	0.0	1897
QIZ21580.1	QIZ21580.1	100.000	965	0	0	1	965	1	965	0.0	1964
QIZ21581.1	QIZ21581.1	100.000	746	0	0	1	746	1	746	0.0	1476
QIZ21582.1	QIZ21582.1	100.000	308	0	0	1	308	1	308	0.0	617
QIZ21583.1	QIZ21583.1	100.000	100	0	0	1	100	1	100	4.56e-70	200
QIZ21584.1	QIZ21584.1	100.000	419	0	0	1	419	1	419	0.0	848
QIZ21585.1	QIZ21585.1	100.000	75	0	0	1	75	1	75	1.64e-51	151
QIZ21586.1	QIZ21586.1	100.000	129	0	0	1	129	1	129	1.62e-98	274
QIZ21587.1	QIZ21587.1	100.000	126	0	0	1	126	1	126	8.48e-92	257
QIZ21588.1	QIZ21588.1	100.000	120	0	0	1	120	1	120	6.55e-87	244
QIZ21589.1	QIZ21589.1	100.000	65	0	0	1	65	1	65	5.51e-45	134
QIZ21590.1	QIZ21590.1	100.000	236	0	0	1	236	1	236	2.66e-173	472
QIZ21591.1	QIZ21591.1	100.000	175	0	0	1	175	1	175	8.93e-128	352
QIZ21592.1	QIZ21592.1	100.000	174	0	0	1	174	1	174	1.51e-128	353
QIZ21593.1	QIZ21593.1	100.000	346	0	0	1	346	1	346	0.0	707
