MDC3155335.1	QIZ20185.1	29.607	331	229	2	3	333	24	350	2.11e-38	135
MDC3155336.1	QIZ20184.1	70.550	309	91	0	1	309	1	309	2.21e-156	435
MDC3155337.1	QIZ20183.1	82.946	129	22	0	1	129	1	129	1.29e-73	211
MDC3155338.1	QIZ20511.1	94.781	594	31	0	1	594	1	594	0.0	1179
MDC3155339.1	QIZ20512.1	87.234	94	12	0	12	105	1	94	6.91e-57	166
MDC3155340.1	QIZ20513.1	94.072	388	23	0	1	388	1	388	0.0	767
MDC3155341.1	QIZ20514.1	66.854	356	116	1	1	354	1	356	1.39e-164	460
MDC3155342.1	QIZ20516.1	86.197	355	49	0	1	355	1	355	0.0	570
MDC3155344.1	QIZ20517.1	74.138	116	30	0	1	116	1	116	8.13e-62	180
MDC3155345.1	QIZ20518.1	96.284	619	23	0	1	619	1	619	0.0	1239
MDC3155346.1	QIZ20519.1	92.308	156	12	0	1	156	1	156	6.62e-111	307
MDC3155347.1	QIZ20520.1	73.485	264	70	0	1	264	1	264	1.39e-152	422
MDC3155348.1	QIZ20521.1	71.756	131	37	0	1	131	1	131	2.87e-75	215
MDC3155349.1	QIZ20522.1	57.422	256	109	0	1	256	1	256	7.67e-104	298
MDC3155350.1	QIZ20523.1	74.054	185	48	0	1	185	1	185	1.36e-88	253
MDC3155351.1	QIZ20524.1	70.543	387	113	1	1	386	1	387	0.0	528
MDC3155352.1	QIZ20525.1	84.975	406	61	0	1	406	1	406	0.0	673
MDC3155353.1	QIZ20526.1	81.330	391	73	0	1	391	1	391	0.0	667
MDC3155354.1	QIZ20527.1	74.728	368	91	2	5	371	4	370	0.0	569
MDC3155355.1	QIZ20528.1	79.630	54	11	0	1	54	13	66	1.04e-25	85.1
MDC3155356.1	QIZ20529.1	64.683	252	86	2	7	257	7	256	6.58e-113	321
MDC3155358.1	QIZ20530.1	76.630	184	43	0	4	187	1	184	1.90e-107	301
MDC3155359.1	QIZ20531.1	59.236	157	64	0	11	167	1	157	2.82e-69	202
MDC3155360.1	QIZ20532.1	60.622	193	74	1	1	193	1	191	1.63e-77	226
MDC3155361.1	QIZ20533.1	75.591	127	31	0	1	127	1	127	4.97e-71	204
MDC3155362.1	QIZ20534.1	51.673	269	120	3	1	268	1	260	1.34e-88	259
MDC3155363.1	QIZ20535.1	61.702	329	126	0	1	329	1	329	6.71e-152	426
MDC3155364.1	QIZ20537.1	63.048	433	160	0	1	433	1	433	0.0	509
MDC3155365.1	QIZ20538.1	93.407	91	6	0	1	91	1	91	4.29e-60	174
MDC3155366.1	QIZ20539.1	79.946	369	74	0	1	369	1	369	0.0	600
MDC3155367.1	QIZ21234.1	67.447	427	137	1	2	428	3	427	0.0	585
MDC3155368.1	QIZ21524.1	88.655	476	54	0	1	476	1	476	0.0	884
MDC3155370.1	QIZ21525.1	93.412	425	27	1	1	424	1	425	0.0	830
MDC3155374.1	QIZ20218.1	79.521	376	76	1	4	378	5	380	0.0	635
MDC3155375.1	QIZ20540.1	91.373	255	22	0	1	255	1	255	1.69e-171	469
MDC3155376.1	QIZ20541.1	83.923	311	50	0	1	311	1	311	0.0	530
MDC3155377.1	QIZ20542.1	47.890	474	244	1	3	473	2	475	2.70e-150	434
MDC3155378.1	QIZ20211.1	77.660	94	21	0	1	94	1	94	2.26e-51	152
MDC3155379.1	QIZ20586.1	88.542	192	22	0	1	192	1	192	8.41e-127	351
MDC3155380.1	QIZ20587.1	74.468	235	60	0	1	235	1	235	6.81e-124	347
MDC3155381.1	QIZ20591.1	54.122	279	128	0	1	279	1	279	2.79e-110	316
MDC3155382.1	QIZ20600.1	76.305	249	58	1	1	249	1	248	5.79e-142	394
MDC3155383.1	QIZ20601.1	93.361	482	32	0	1	482	1	482	0.0	832
MDC3155384.1	QIZ20602.1	72.566	113	30	1	1	112	1	113	1.09e-46	144
MDC3155385.1	QIZ20603.1	93.789	322	20	0	1	322	1	322	0.0	625
MDC3155386.1	QIZ20604.1	86.850	327	43	0	4	330	3	329	0.0	529
MDC3155387.1	QIZ20605.1	70.332	391	116	0	1	391	1	391	0.0	588
MDC3155388.1	QIZ20606.1	84.167	480	76	0	1	480	1	480	0.0	857
MDC3155389.1	QIZ20607.1	52.294	109	49	3	1	107	1	108	1.41e-30	100
MDC3155391.1	QIZ20615.1	64.815	108	38	0	1	108	1	108	1.10e-52	157
MDC3155392.1	QIZ20616.1	85.771	506	72	0	4	509	76	581	0.0	909
MDC3155393.1	QIZ20621.1	67.550	302	98	0	1	302	1	302	5.14e-146	408
MDC3155394.1	QIZ20622.1	84.694	294	45	0	1	294	1	294	3.45e-174	479
MDC3155395.1	QIZ20623.1	64.780	159	56	0	1	159	1	159	5.70e-68	199
MDC3155396.1	QIZ20624.1	84.615	468	72	0	1	468	1	468	0.0	845
MDC3155398.1	QIZ20625.1	85.455	110	16	0	1	110	1	110	4.08e-70	201
MDC3155399.1	QIZ20626.1	74.490	98	25	0	1	98	1	98	5.67e-52	154
MDC3155400.1	QIZ20627.1	85.714	154	22	0	1	154	1	154	1.42e-97	274
MDC3155401.1	QIZ20628.1	87.192	406	52	0	1	406	1	406	0.0	756
MDC3155402.1	QIZ20629.1	73.012	415	112	0	1	415	1	415	0.0	612
MDC3155403.1	QIZ20630.1	88.934	244	27	0	1	244	1	244	9.01e-160	438
MDC3155404.1	QIZ20631.1	93.958	480	29	0	1	480	1	480	0.0	950
MDC3155405.1	QIZ20632.1	77.143	140	32	0	1	140	1	140	1.77e-79	227
MDC3155406.1	QIZ20633.1	90.367	218	21	0	1	218	1	218	7.87e-147	403
MDC3155407.1	QIZ20634.1	56.000	375	165	0	1	375	1	375	8.41e-150	424
MDC3155408.1	QIZ20635.1	76.167	407	97	0	1	407	1	407	0.0	640
MDC3155409.1	QIZ20636.1	41.972	710	406	4	21	724	21	730	1.46e-168	498
MDC3155410.1	QIZ20863.1	41.532	248	137	5	98	341	104	347	1.44e-53	176
MDC3155412.1	QIZ20637.1	76.962	586	115	1	1	566	1	586	0.0	892
MDC3155413.1	QIZ20638.1	87.549	257	32	0	1	257	1	257	1.43e-166	456
MDC3155415.1	QIZ20640.1	82.353	136	24	0	10	145	10	145	7.25e-82	233
MDC3155416.1	QIZ20641.1	73.759	141	37	0	1	141	1	141	2.66e-71	206
MDC3155417.1	QIZ20642.1	91.685	445	37	0	1	445	1	445	0.0	849
MDC3155418.1	QIZ20643.1	69.388	98	30	0	36	133	35	132	3.86e-51	154
MDC3155419.1	QIZ20644.1	72.881	118	32	0	1	118	1	118	1.82e-62	182
MDC3155420.1	QIZ20645.1	81.295	278	43	4	1	274	1	273	4.82e-162	446
MDC3155421.1	QIZ20646.1	82.997	594	101	0	1	594	1	594	0.0	1048
MDC3155422.1	QIZ20647.1	67.273	220	72	0	1	220	5	224	2.39e-93	268
MDC3155423.1	QIZ20648.1	46.839	348	185	0	12	359	12	359	4.69e-105	308
MDC3155424.1	QIZ20649.1	77.674	215	48	0	1	215	1	215	3.90e-113	323
MDC3155425.1	QIZ20649.1	73.636	110	29	0	1	110	232	341	3.25e-53	165
MDC3155426.1	QIZ20650.1	63.874	191	69	0	1	191	1	191	1.82e-79	231
MDC3155427.1	QIZ20651.1	83.088	136	23	0	1	136	1	136	8.97e-73	209
MDC3155428.1	QIZ20652.1	84.330	485	76	0	1	485	1	485	0.0	843
MDC3155429.1	QIZ20653.1	43.799	379	209	3	1	376	1	378	1.44e-103	306
MDC3155430.1	QIZ20654.1	43.978	357	200	0	1	357	1	357	9.24e-90	270
MDC3155431.1	QIZ20655.1	44.198	810	440	5	1	803	1	805	0.0	660
MDC3155432.1	QIZ20656.1	45.033	302	162	1	10	311	7	304	1.27e-80	243
MDC3155433.1	QIZ20717.1	79.694	458	93	0	1	458	64	521	0.0	767
MDC3155434.1	QIZ20715.1	66.279	258	86	1	1	258	1	257	2.48e-123	347
MDC3155435.1	QIZ20714.1	82.843	204	34	1	1	203	1	204	2.59e-120	335
MDC3155438.1	QIZ20722.1	73.494	83	21	1	1	83	11	92	1.64e-29	103
MDC3155439.1	QIZ20723.1	73.023	215	58	0	1	215	1	215	3.19e-124	346
MDC3155440.1	QIZ20724.1	88.119	404	48	0	1	404	1	404	0.0	762
MDC3155441.1	QIZ20725.1	75.169	890	217	2	1	888	1	888	0.0	1379
MDC3155443.1	QIZ20726.1	88.643	361	41	0	5	365	21	381	0.0	657
MDC3155444.1	QIZ20727.1	60.241	415	164	1	18	431	18	432	8.46e-170	479
MDC3155445.1	QIZ20728.1	67.427	307	100	0	1	307	1	307	2.43e-147	412
MDC3155446.1	QIZ20729.1	84.167	120	19	0	1	120	1	120	4.24e-76	216
MDC3155447.1	QIZ20729.1	53.279	122	55	1	1	122	1	120	1.49e-45	139
MDC3155448.1	QIZ20731.1	80.916	131	25	0	1	131	1	131	1.11e-79	226
MDC3155449.1	QIZ20732.1	83.099	426	72	0	1	426	1	426	0.0	735
MDC3155450.1	QIZ20733.1	55.903	288	127	0	2	289	3	290	7.64e-121	343
MDC3155452.1	QIZ20734.1	80.000	145	29	0	30	174	36	180	2.67e-86	247
MDC3155453.1	QIZ20736.1	71.154	208	60	0	1	208	1	208	1.52e-114	321
MDC3155454.1	QIZ20737.1	70.710	338	99	0	1	338	1	338	0.0	501
MDC3155455.1	QIZ20738.1	80.952	105	20	0	1	105	1	105	3.64e-63	183
MDC3155456.1	QIZ20739.1	82.869	251	43	0	1	251	1	251	2.04e-153	423
MDC3155457.1	QIZ20740.1	89.065	631	69	0	1	631	1	631	0.0	1180
MDC3155458.1	QIZ20741.1	75.926	108	26	0	1	108	1	108	3.00e-57	168
MDC3155459.1	QIZ20742.1	87.558	434	54	0	1	434	1	434	0.0	801
MDC3155460.1	QIZ20743.1	72.318	289	80	0	5	293	6	294	5.45e-156	433
MDC3155461.1	QIZ20744.1	90.274	329	32	0	1	329	1	329	0.0	622
MDC3155462.1	QIZ20745.1	79.061	277	58	0	1	277	1	277	1.88e-161	445
MDC3155464.1	QIZ21387.1	81.128	461	87	0	1	461	1	461	0.0	759
MDC3155465.1	QIZ21386.1	27.434	452	310	9	12	454	2	444	1.28e-30	119
MDC3155466.1	QIZ21385.1	84.218	678	106	1	1	677	1	678	0.0	1191
MDC3155467.1	QIZ21384.1	59.823	565	226	1	1	565	1	564	0.0	677
MDC3155468.1	QIZ21383.1	68.114	668	212	1	9	675	9	676	0.0	914
MDC3155469.1	QIZ21382.1	59.696	263	105	1	18	280	19	280	2.29e-110	316
MDC3155470.1	QIZ21381.1	66.013	306	104	0	1	306	1	306	4.92e-146	409
MDC3155472.1	QIZ21379.1	39.565	230	123	7	1	220	1	224	8.29e-37	124
MDC3155473.1	QIZ21378.1	69.408	304	93	0	1	304	1	304	3.70e-147	411
MDC3155474.1	QIZ21377.1	62.914	302	112	0	1	302	11	312	1.98e-130	369
MDC3155475.1	QIZ21376.1	71.121	464	134	0	1	464	1	464	0.0	689
MDC3155476.1	QIZ21375.1	49.438	356	178	2	1	354	1	356	5.83e-116	336
MDC3155477.1	QIZ21374.1	66.043	374	127	0	1	374	1	374	1.12e-167	469
MDC3155478.1	QIZ21373.1	56.398	422	182	2	8	427	8	429	6.84e-145	416
MDC3155480.1	QIZ21372.1	57.566	945	395	3	1	943	1	941	0.0	992
MDC3155481.1	QIZ21371.1	65.841	565	180	5	1	560	3	559	0.0	734
MDC3155482.1	QIZ21370.1	50.515	97	47	1	1	97	1	96	5.21e-24	84.0
MDC3155483.1	QIZ21369.1	68.155	336	107	0	1	336	1	336	7.56e-169	469
MDC3155484.1	QIZ21368.1	77.666	497	97	5	1	485	1	495	0.0	682
MDC3155485.1	QIZ21367.1	83.871	155	25	0	1	155	1	155	9.72e-99	276
MDC3155486.1	QIZ21366.1	58.537	246	98	2	5	247	1	245	9.32e-95	274
MDC3155487.1	QIZ21365.1	64.341	258	92	0	2	259	1	258	9.56e-128	358
MDC3155488.1	QIZ21364.1	65.990	197	65	1	1	195	1	197	3.57e-91	261
MDC3155489.1	QIZ21363.1	90.969	609	52	2	1	608	1	607	0.0	1130
MDC3155490.1	QIZ21362.1	75.296	591	146	0	1	591	1	591	0.0	902
MDC3155491.1	QIZ21361.1	75.000	152	38	0	1	152	1	152	6.07e-72	209
MDC3155492.1	QIZ21360.1	84.156	385	60	1	1	384	1	385	0.0	670
MDC3155493.1	QIZ21359.1	87.244	1074	137	0	1	1074	1	1074	0.0	1939
MDC3155494.1	QIZ21319.1	86.301	219	30	0	1	219	1	219	1.28e-147	405
MDC3155495.1	QIZ21318.1	80.573	314	61	0	1	314	1	314	0.0	511
MDC3155496.1	QIZ21317.1	88.854	314	35	0	1	314	1	314	0.0	594
MDC3155497.1	QIZ21537.1	65.397	315	106	2	1	313	1	314	2.28e-138	390
MDC3155498.1	QIZ21314.1	74.623	398	97	1	1	394	1	398	0.0	632
MDC3155499.1	QIZ21313.1	86.517	712	96	0	1	712	1	712	0.0	1312
MDC3155500.1	QIZ21312.1	78.571	168	36	0	1	168	1	168	1.14e-87	253
MDC3155502.1	QIZ20908.1	48.927	233	112	3	1	226	1	233	6.23e-67	202
MDC3155503.1	QIZ20898.1	33.195	482	309	9	1	478	1	473	8.70e-88	272
MDC3155504.1	QIZ20897.1	57.009	107	43	2	1	105	1	106	2.03e-41	128
MDC3155505.1	QIZ20896.1	44.941	425	226	7	1	420	1	422	9.23e-121	353
MDC3155506.1	QIZ20895.1	75.649	308	75	0	1	308	1	308	0.0	508
MDC3155507.1	QIZ20894.1	78.707	263	56	0	4	266	2	264	5.13e-142	395
MDC3155508.1	QIZ20893.1	87.500	408	51	0	1	408	1	408	0.0	749
MDC3155509.1	QIZ20892.1	65.550	209	72	0	1	209	1	209	1.87e-96	275
MDC3155510.1	QIZ20891.1	51.327	226	102	5	6	224	6	230	3.77e-66	199
MDC3155511.1	QIZ20890.1	66.667	96	32	0	1	96	1	96	6.73e-43	131
MDC3155512.1	QIZ20889.1	81.675	573	104	1	1	572	1	573	0.0	973
MDC3155513.1	QIZ20888.1	71.707	205	58	0	13	217	12	216	6.56e-105	297
MDC3155514.1	QIZ20887.1	65.625	416	143	0	20	435	20	435	0.0	523
MDC3155515.1	QIZ20886.1	75.969	258	62	0	1	258	1	258	1.68e-144	401
MDC3155516.1	QIZ20885.1	40.132	152	91	0	38	189	41	192	8.43e-31	107
MDC3155517.1	QIZ20884.1	67.846	311	99	1	12	321	12	322	1.82e-149	419
MDC3155518.1	QIZ20883.1	82.266	203	36	0	1	203	1	203	4.76e-131	362
MDC3155519.1	QIZ20882.1	73.101	316	84	1	1	315	1	316	6.49e-178	491
MDC3155520.1	QIZ20881.1	77.108	166	36	2	1	164	1	166	1.53e-93	264
MDC3155521.1	QIZ20879.1	78.553	387	83	0	1	387	1	387	0.0	601
MDC3155522.1	QIZ20878.1	77.346	309	70	0	1	309	1	309	2.97e-176	485
MDC3155523.1	QIZ20877.1	73.184	179	48	0	1	179	11	189	3.87e-97	275
MDC3155524.1	QIZ20876.1	60.246	244	96	1	2	244	3	246	6.45e-98	282
MDC3155525.1	QIZ20875.1	81.522	276	51	0	1	276	1	276	2.93e-171	470
MDC3155526.1	QIZ20874.1	71.351	555	143	5	1	540	1	554	0.0	764
MDC3155527.1	QIZ20873.1	83.810	105	17	0	1	105	1	105	3.19e-60	175
MDC3155528.1	QIZ20872.1	78.049	205	43	1	1	205	1	203	1.10e-117	328
MDC3155529.1	QIZ20871.1	76.438	730	161	3	1	719	4	733	0.0	1177
MDC3155530.1	QIZ20870.1	73.984	369	90	2	1	364	1	368	0.0	564
MDC3155531.1	QIZ20869.1	76.636	856	187	3	1	851	1	848	0.0	1330
MDC3155532.1	QIZ20868.1	71.824	433	122	0	1	433	1	433	0.0	637
MDC3155533.1	QIZ20867.1	58.042	143	59	1	1	142	1	143	1.58e-47	146
MDC3155534.1	QIZ20866.1	71.548	239	68	0	4	242	2	240	2.77e-128	358
MDC3155535.1	QIZ20865.1	69.479	403	123	0	1	403	1	403	0.0	576
MDC3155536.1	QIZ20864.1	81.868	364	66	0	1	364	1	364	0.0	624
MDC3155537.1	QIZ20863.1	82.865	356	61	0	1	356	1	356	0.0	583
MDC3155538.1	QIZ20862.1	57.143	280	120	0	1	280	1	280	1.88e-110	316
MDC3155539.1	QIZ20861.1	49.624	133	48	3	3	135	15	128	4.76e-33	109
MDC3155540.1	QIZ20860.1	67.188	384	125	1	2	384	49	432	0.0	534
MDC3155541.1	QIZ21310.1	85.106	141	21	0	1	141	1	141	2.68e-83	236
MDC3155542.1	QIZ21309.1	76.432	611	144	0	1	611	1	611	0.0	990
MDC3155543.1	QIZ21308.1	88.083	193	23	0	1	193	1	193	2.64e-126	349
MDC3155544.1	QIZ21307.1	84.483	290	45	0	1	290	1	290	0.0	534
MDC3155545.1	QIZ21306.1	79.167	144	30	0	1	144	1	144	1.23e-80	230
MDC3155546.1	QIZ21305.1	74.667	225	57	0	1	225	1	225	3.89e-123	344
MDC3155547.1	QIZ21304.1	64.433	388	138	0	1	388	52	439	0.0	534
MDC3155548.1	QIZ21303.1	67.143	70	23	0	1	70	1	70	2.62e-29	95.9
MDC3155549.1	QIZ21302.1	64.000	250	90	0	1	250	1	250	6.20e-118	333
MDC3155550.1	QIZ21301.1	56.897	348	149	1	1	348	1	347	6.04e-133	379
MDC3155551.1	QIZ21300.1	59.289	253	103	0	1	253	1	253	2.57e-86	253
MDC3155552.1	QIZ21299.1	90.968	310	28	0	1	310	1	310	0.0	550
MDC3155553.1	QIZ21298.1	67.890	218	69	1	1	218	1	217	1.38e-105	301
MDC3155554.1	QIZ21297.1	81.720	186	34	0	1	186	1	186	1.06e-113	317
MDC3155555.1	QIZ21296.1	85.434	357	52	0	1	357	1	357	0.0	636
MDC3155556.1	QIZ21295.1	81.853	259	47	0	1	259	1	259	1.02e-154	427
MDC3155557.1	QIZ21294.1	92.806	417	30	0	1	417	1	417	0.0	776
MDC3155558.1	QIZ21293.1	88.166	169	20	0	1	169	1	169	1.81e-108	302
MDC3155559.1	QIZ21292.1	76.351	148	35	0	6	153	1	148	1.23e-84	241
MDC3155560.1	QIZ21291.1	71.168	274	79	0	1	274	1	274	5.01e-146	406
MDC3155561.1	QIZ21290.1	85.443	158	23	0	1	158	1	158	1.23e-97	274
MDC3155562.1	QIZ21289.1	58.019	424	178	0	1	424	1	424	2.51e-177	497
MDC3155563.1	QIZ21288.1	53.737	281	130	0	1	281	1	281	2.78e-94	275
MDC3155564.1	QIZ21287.1	56.856	547	235	1	16	561	15	561	0.0	621
MDC3155565.1	QIZ21286.1	57.202	243	100	1	1	239	1	243	1.39e-93	270
MDC3155566.1	QIZ21285.1	77.297	185	42	0	1	185	1	185	5.28e-100	282
MDC3155567.1	QIZ21284.1	87.640	356	44	0	11	366	1	356	0.0	659
MDC3155568.1	QIZ21283.1	52.083	384	180	4	1	381	1	383	3.37e-137	392
MDC3155569.1	QIZ21282.1	65.015	323	113	0	1	323	1	323	1.31e-153	429
MDC3155570.1	QIZ21281.1	65.644	163	54	2	1	162	1	162	1.28e-65	193
MDC3155571.1	QIZ21280.1	69.822	169	51	0	23	191	28	196	1.25e-85	246
MDC3155572.1	QIZ21279.1	76.663	857	141	2	1	798	1	857	0.0	1296
MDC3155573.1	QIZ21278.1	82.418	91	16	0	1	91	1	91	8.14e-50	148
MDC3155574.1	QIZ21277.1	90.574	244	23	0	1	244	1	244	1.05e-164	451
MDC3155575.1	QIZ21276.1	100.000	75	0	0	1	75	1	75	1.79e-46	138
MDC3155576.1	QIZ21275.1	68.539	178	56	0	19	196	2	179	3.66e-84	242
MDC3155577.1	QIZ21274.1	76.970	165	38	0	1	165	4	168	1.32e-88	252
MDC3155578.1	QIZ21273.1	82.922	486	82	1	1	486	1	485	0.0	839
MDC3155579.1	QIZ21272.1	61.484	283	109	0	1	283	1	283	9.53e-115	327
MDC3155580.1	QIZ21271.1	74.556	338	86	0	1	338	1	338	0.0	506
MDC3155581.1	QIZ20324.1	54.545	66	30	0	1	66	1	66	9.43e-22	77.4
MDC3155582.1	QIZ20323.1	67.782	239	77	0	1	239	1	239	1.03e-113	321
MDC3155583.1	QIZ20322.1	75.897	195	47	0	1	195	1	195	1.58e-101	287
MDC3155584.1	QIZ20321.1	78.803	585	120	1	1	581	1	585	0.0	959
MDC3155585.1	QIZ20320.1	59.036	166	65	1	3	165	8	173	7.50e-60	179
MDC3155586.1	QIZ20319.1	87.821	156	19	0	1	156	1	156	4.27e-105	293
MDC3155587.1	QIZ20318.1	81.229	293	55	0	1	293	1	293	0.0	498
MDC3155588.1	QIZ20317.1	68.114	737	223	4	6	735	5	736	0.0	1046
MDC3155589.1	QIZ20316.1	94.484	417	23	0	1	417	1	417	0.0	828
MDC3155590.1	QIZ20315.1	93.407	91	6	0	1	91	1	91	7.22e-65	186
MDC3155591.1	QIZ20314.1	79.840	1002	201	1	1	1001	1	1002	0.0	1721
MDC3155592.1	QIZ20313.1	60.963	187	73	0	1	187	1	187	6.78e-86	247
MDC3155593.1	QIZ20312.1	87.843	255	31	0	1	255	1	255	1.83e-158	436
MDC3155594.1	QIZ20311.1	86.420	243	33	0	1	243	1	243	7.68e-134	373
MDC3155595.1	QIZ20306.1	67.516	157	51	0	1	157	1	157	1.10e-80	231
MDC3155596.1	QIZ20305.1	83.114	456	77	0	1	456	1	456	0.0	761
MDC3155597.1	QIZ20304.1	68.543	302	94	1	1	302	1	301	6.97e-155	431
MDC3155598.1	QIZ20303.1	76.852	216	50	0	1	216	1	216	5.22e-126	350
MDC3155599.1	QIZ20302.1	88.595	491	56	0	1	491	1	491	0.0	883
MDC3155600.1	QIZ20301.1	88.454	485	56	0	1	485	1	485	0.0	873
MDC3155601.1	QIZ20300.1	80.000	95	19	0	1	95	1	95	2.35e-51	152
MDC3155602.1	QIZ20299.1	72.848	151	41	0	1	151	1	151	9.89e-78	223
MDC3155603.1	QIZ20298.1	91.667	312	26	0	1	312	1	312	0.0	597
MDC3155604.1	QIZ20742.1	27.818	417	260	13	25	423	22	415	7.77e-37	135
MDC3155605.1	QIZ20297.1	70.312	192	56	1	1	192	1	191	4.55e-91	260
MDC3155606.1	QIZ20296.1	83.333	852	140	1	1	850	1	852	0.0	1443
MDC3155607.1	QIZ20294.1	79.739	153	31	0	1	153	1	153	8.16e-91	256
MDC3155608.1	QIZ20293.1	73.318	431	115	0	1	431	1	431	0.0	639
MDC3155609.1	QIZ20292.1	76.296	270	64	0	1	270	1	270	1.80e-144	402
MDC3155610.1	QIZ20291.1	59.459	148	59	1	1	148	11	157	7.29e-53	164
MDC3155611.1	QIZ20762.1	59.236	157	63	1	1	156	1	157	7.53e-46	149
MDC3155612.1	QIZ20763.1	81.329	632	113	2	3	633	1	628	0.0	1021
MDC3155613.1	QIZ20764.1	53.353	343	158	1	1	341	1	343	5.44e-122	351
MDC3155614.1	QIZ20765.1	72.050	322	79	3	10	331	14	324	1.10e-168	468
MDC3155615.1	QIZ20766.1	87.421	159	20	0	15	173	1	159	1.33e-100	282
MDC3155616.1	QIZ20767.1	90.000	430	43	0	17	446	17	446	0.0	810
MDC3155617.1	QIZ20768.1	79.182	269	56	0	1	269	1	269	5.23e-137	383
MDC3155618.1	QIZ20769.1	94.203	138	8	0	1	138	1	138	1.23e-94	265
MDC3155619.1	QIZ20770.1	82.589	224	39	0	1	224	1	224	2.00e-136	377
MDC3155620.1	QIZ20771.1	86.585	164	22	0	1	164	1	164	1.54e-105	295
MDC3155621.1	QIZ20772.1	75.630	238	58	0	1	238	1	238	3.82e-137	381
MDC3155622.1	QIZ20773.1	75.655	267	65	0	1	267	1	267	5.65e-155	428
MDC3155623.1	QIZ20774.1	55.367	177	79	0	1	177	1	177	1.82e-70	207
MDC3155624.1	QIZ20775.1	76.552	145	34	0	1	145	1	145	4.86e-75	216
MDC3155625.1	QIZ20776.1	64.151	106	38	0	1	106	1	106	8.67e-38	119
MDC3155626.1	QIZ20777.1	69.632	652	186	3	1	644	1	648	0.0	934
MDC3155627.1	QIZ20778.1	79.104	335	68	1	1	333	1	335	0.0	555
MDC3155628.1	QIZ20779.1	64.450	391	139	0	1	391	1	391	0.0	519
MDC3155629.1	QIZ20780.1	76.048	334	80	0	1	334	1	334	0.0	532
MDC3155630.1	QIZ20781.1	66.990	206	65	2	1	203	1	206	5.25e-77	226
MDC3155631.1	QIZ20782.1	79.032	186	39	0	1	186	1	186	1.41e-113	317
MDC3155632.1	QIZ20783.1	75.610	246	59	1	1	245	1	246	5.94e-136	378
MDC3155633.1	QIZ20784.1	89.474	76	8	0	1	76	1	76	1.87e-49	146
MDC3155634.1	QIZ20785.1	84.571	175	27	0	1	175	1	175	2.62e-112	314
MDC3155635.1	QIZ20786.1	95.312	64	3	0	1	64	1	64	1.09e-37	115
MDC3155636.1	QIZ20787.1	56.281	199	87	0	1	199	26	224	6.64e-73	216
MDC3155637.1	QIZ20853.1	54.310	232	106	0	1	232	7	238	7.48e-86	250
MDC3155638.1	QIZ20788.1	92.888	464	33	0	2	465	1	464	0.0	878
MDC3155639.1	QIZ20789.1	91.579	95	8	0	1	95	1	95	4.77e-58	169
MDC3155640.1	QIZ20790.1	80.734	109	21	0	1	109	254	362	1.14e-59	182
MDC3155641.1	QIZ20790.1	77.200	250	57	0	1	250	1	250	2.92e-138	389
MDC3155643.1	QIZ20792.1	90.244	41	4	0	1	41	1	41	1.15e-21	73.6
MDC3155644.1	QIZ20800.1	45.494	233	121	2	7	237	4	232	1.13e-63	194
MDC3155645.1	QIZ20567.1	92.537	134	10	0	1	134	1	134	2.11e-96	269
MDC3155646.1	QIZ20568.1	84.896	192	29	0	1	192	1	192	3.50e-120	334
MDC3155647.1	QIZ20569.1	87.387	333	42	0	1	333	1	333	0.0	597
MDC3155648.1	QIZ20574.1	72.115	104	29	0	23	126	17	120	6.12e-57	169
MDC3155649.1	QIZ20576.1	78.125	96	19	1	1	94	1	96	4.48e-49	146
MDC3155650.1	QIZ20573.1	95.745	94	4	0	1	94	1	94	2.34e-67	192
MDC3155651.1	QIZ20570.1	54.348	138	62	1	1	138	1	137	8.68e-53	159
MDC3155652.1	QIZ20577.1	70.755	106	31	0	1	106	1	106	2.57e-56	166
MDC3155654.1	QIZ20580.1	55.932	59	26	0	1	59	15	73	3.26e-22	76.6
MDC3155655.1	QIZ20582.1	56.757	111	48	0	1	111	1	111	1.71e-33	108
MDC3155656.1	QIZ20585.1	68.284	268	85	0	1	268	1	268	1.64e-140	392
MDC3155659.1	QIZ21540.1	59.459	148	59	1	5	152	1	147	3.07e-61	181
MDC3155660.1	QIZ21539.1	59.429	175	71	0	1	175	6	180	6.35e-64	190
MDC3155661.1	QIZ21538.1	53.680	231	107	0	6	236	4	234	1.45e-74	222
MDC3155662.1	QIZ20215.1	74.483	145	37	0	1	145	1	145	2.02e-82	234
MDC3155663.1	QIZ21536.1	78.761	226	48	0	1	226	1	226	1.90e-137	380
MDC3155664.1	QIZ21534.1	77.778	117	19	1	13	129	13	122	1.22e-62	183
MDC3155665.1	QIZ21533.1	64.706	102	36	0	3	104	2	103	1.80e-46	140
MDC3155666.1	QIZ21532.1	66.667	216	71	1	1	215	1	216	2.71e-100	286
MDC3155667.1	QIZ21531.1	74.504	353	89	1	1	353	1	352	0.0	509
MDC3155668.1	QIZ21530.1	70.577	537	155	1	2	538	3	536	0.0	731
MDC3155670.1	QIZ21527.1	69.883	342	100	3	1	342	1	339	1.18e-177	491
MDC3155671.1	QIZ21523.1	92.881	295	21	0	1	295	1	295	0.0	575
MDC3155672.1	QIZ21522.1	85.586	333	48	0	1	333	1	333	0.0	587
MDC3155673.1	QIZ21521.1	85.572	201	28	1	1	200	1	201	1.37e-131	363
MDC3155674.1	QIZ21520.1	88.387	155	18	0	1	155	1	155	1.12e-106	296
MDC3155675.1	QIZ21519.1	83.065	124	21	0	1	124	1	124	4.08e-78	222
MDC3155676.1	QIZ21516.1	88.706	425	48	0	1	425	115	539	0.0	809
MDC3155678.1	QIZ21045.1	48.640	331	169	1	1	330	1	331	1.38e-100	295
MDC3155679.1	QIZ21046.1	74.552	279	71	0	2	280	4	282	2.83e-151	420
MDC3155680.1	QIZ21047.1	82.576	264	46	0	1	264	1	264	1.94e-165	454
MDC3155681.1	QIZ21048.1	56.667	210	91	0	4	213	3	212	5.53e-88	254
MDC3155682.1	QIZ21049.1	83.307	623	104	0	1	623	1	623	0.0	1063
MDC3155683.1	QIZ21050.1	76.072	443	106	0	1	443	1	443	0.0	677
MDC3155684.1	QIZ21052.1	94.787	422	22	0	1	422	1	422	0.0	813
MDC3155686.1	QIZ21054.1	31.657	338	203	10	1	319	1	329	1.03e-54	179
MDC3155687.1	QIZ21055.1	69.970	333	100	0	1	333	1	333	2.97e-176	487
MDC3155688.1	QIZ21056.1	75.092	273	68	0	1	273	1	273	4.68e-155	429
MDC3155689.1	QIZ21057.1	70.899	189	55	0	3	191	4	192	7.36e-97	275
MDC3155690.1	QIZ21058.1	54.962	262	118	0	2	263	3	264	1.42e-103	298
MDC3155691.1	QIZ21059.1	63.068	176	65	0	1	176	1	176	1.36e-71	211
MDC3155692.1	QIZ21060.1	74.667	225	51	3	1	221	1	223	2.08e-120	337
MDC3155693.1	QIZ21061.1	55.000	140	63	0	1	140	1	140	1.80e-55	166
MDC3155694.1	QIZ21062.1	70.213	141	41	1	1	141	1	140	1.94e-56	169
MDC3155695.1	QIZ21063.1	73.604	197	51	1	1	197	1	196	3.72e-103	291
MDC3155696.1	QIZ21064.1	56.061	132	57	1	7	137	38	169	1.80e-48	149
MDC3155697.1	QIZ21065.1	86.681	458	58	2	1	458	1	455	0.0	783
MDC3155698.1	QIZ21249.1	72.110	545	152	0	1	545	1	545	0.0	797
MDC3155699.1	QIZ21250.1	71.678	286	81	0	1	286	1	286	1.59e-153	426
MDC3155700.1	QIZ21251.1	85.075	134	20	0	1	134	1	134	7.00e-86	242
MDC3155701.1	QIZ21252.1	83.901	323	52	0	1	323	1	323	0.0	566
MDC3155702.1	QIZ21253.1	81.588	277	50	1	2	277	3	279	4.99e-170	467
MDC3155703.1	QIZ21254.1	81.013	79	15	0	1	79	1	79	4.27e-47	140
MDC3155704.1	QIZ21256.1	86.364	220	30	0	1	220	1	220	9.72e-133	368
MDC3155705.1	QIZ21257.1	72.961	233	63	0	1	233	1	233	1.02e-123	346
MDC3155706.1	QIZ21258.1	78.967	271	56	1	1	270	1	271	2.74e-157	434
MDC3155707.1	QIZ21259.1	93.382	544	36	0	1	544	1	544	0.0	989
MDC3155708.1	QIZ21260.1	82.178	303	54	0	1	303	1	303	0.0	518
MDC3155709.1	QIZ21262.1	82.386	176	31	0	2	177	1	176	1.58e-111	311
MDC3155710.1	QIZ21263.1	86.641	262	35	0	1	262	1	262	8.74e-166	455
MDC3155711.1	QIZ21264.1	69.124	217	67	0	1	217	1	217	2.06e-98	281
MDC3155712.1	QIZ21265.1	59.825	458	183	1	1	457	1	458	0.0	588
MDC3155713.1	QIZ21266.1	51.572	159	77	0	1	159	1	159	1.06e-60	181
MDC3155714.1	QIZ21267.1	59.420	138	56	0	1	138	1	138	9.01e-56	167
MDC3155715.1	QIZ21268.1	61.180	322	124	1	1	321	1	322	1.57e-142	401
MDC3155716.1	QIZ21269.1	76.433	314	74	0	1	314	1	314	0.0	506
MDC3155717.1	QIZ21270.1	59.055	254	104	0	1	254	58	311	5.55e-101	292
MDC3155718.1	QIZ21012.1	81.967	122	22	0	1	122	1	122	5.34e-72	206
MDC3155719.1	QIZ21011.1	84.146	82	13	0	1	82	1	82	3.41e-46	138
MDC3155720.1	QIZ21010.1	92.609	690	51	0	1	690	1	690	0.0	1311
MDC3155721.1	QIZ21008.1	91.571	261	22	0	1	261	1	261	0.0	497
MDC3155722.1	QIZ21007.1	94.541	403	22	0	1	403	1	403	0.0	799
MDC3155723.1	QIZ21006.1	87.349	166	21	0	1	166	1	166	3.01e-109	304
MDC3155724.1	QIZ21005.1	64.844	128	45	0	3	130	7	134	2.20e-59	176
MDC3155726.1	QIZ20329.1	63.542	192	68	2	6	196	22	212	1.04e-92	265
MDC3155729.1	QIZ21001.1	62.914	151	53	2	1	151	1	148	2.64e-65	192
MDC3155730.1	QIZ21000.1	71.660	247	70	0	1	247	1	247	7.59e-125	350
MDC3155731.1	QIZ20999.1	73.793	145	38	0	1	145	1	145	1.95e-78	224
MDC3155732.1	QIZ20998.1	69.652	402	120	2	1	401	1	401	0.0	588
MDC3155733.1	QIZ20997.1	82.567	522	91	0	1	522	1	522	0.0	881
MDC3155734.1	QIZ20996.1	75.641	234	57	0	1	234	1	234	1.15e-135	376
MDC3155735.1	QIZ20995.1	65.505	287	99	0	1	287	1	287	2.38e-127	360
MDC3155736.1	QIZ20994.1	79.070	86	18	0	1	86	1	86	5.43e-43	130
MDC3155737.1	QIZ21439.1	82.474	194	34	0	2	195	195	388	9.60e-122	345
MDC3155738.1	QIZ21440.1	86.908	359	46	1	2	359	4	362	0.0	649
MDC3155739.1	QIZ21441.1	77.072	362	81	2	13	373	13	373	0.0	580
MDC3155740.1	QIZ21442.1	71.981	414	116	0	4	417	2	415	0.0	632
MDC3155741.1	QIZ21443.1	87.324	284	36	0	1	284	1	284	7.43e-174	477
MDC3155742.1	QIZ21444.1	86.216	740	102	0	1	740	1	740	0.0	1315
MDC3155743.1	QIZ21445.1	66.667	213	71	0	1	213	1	213	3.48e-106	300
MDC3155744.1	QIZ21446.1	63.274	226	78	2	18	238	18	243	1.23e-98	283
MDC3155745.1	QIZ21447.1	93.396	318	21	0	1	318	1	318	0.0	621
MDC3155746.1	QIZ21448.1	75.052	477	119	0	1	477	1	477	0.0	741
MDC3155747.1	QIZ21449.1	79.040	396	83	0	1	396	1	396	0.0	677
MDC3155748.1	QIZ21450.1	87.611	113	14	0	1	113	1	113	4.57e-73	208
MDC3155749.1	QIZ21451.1	56.633	196	85	0	1	196	1	196	5.35e-76	222
MDC3155750.1	QIZ21452.1	86.025	644	90	0	1	644	1	644	0.0	1158
MDC3155751.1	QIZ21452.1	88.889	171	19	0	1	171	669	839	2.63e-106	319
MDC3155752.1	QIZ20777.1	30.579	242	149	7	24	252	26	261	4.09e-22	91.3
MDC3155755.1	QIZ20661.1	33.594	256	151	9	3	256	6	244	5.34e-32	114
MDC3155760.1	QIZ20842.1	34.463	177	96	3	4	160	1	177	1.10e-22	88.6
MDC3155764.1	QIZ21209.1	75.879	199	48	0	1	199	1	199	1.99e-114	320
MDC3155765.1	QIZ21210.1	78.922	1039	219	0	1	1039	1	1039	0.0	1628
MDC3155766.1	QIZ21211.1	55.017	289	130	0	1	289	1	289	8.39e-111	318
MDC3155767.1	QIZ21212.1	66.543	269	89	1	1	269	1	268	1.71e-135	379
MDC3155768.1	QIZ21213.1	80.272	147	29	0	1	147	1	147	8.12e-89	251
MDC3155769.1	QIZ21214.1	75.510	294	72	0	1	294	1	294	1.92e-163	452
MDC3155770.1	QIZ21215.1	79.621	211	43	0	1	211	1	211	2.07e-124	346
MDC3155771.1	QIZ21216.1	64.286	98	35	0	1	98	1	98	4.44e-47	141
MDC3155772.1	QIZ21217.1	85.393	178	26	0	1	178	1	178	2.96e-116	323
MDC3155773.1	QIZ21218.1	91.972	436	35	0	1	436	1	436	0.0	809
MDC3155774.1	QIZ21219.1	73.267	101	27	0	1	101	1	101	2.64e-53	157
MDC3155776.1	QIZ21220.1	82.416	563	99	0	5	567	129	691	0.0	972
MDC3155777.1	QIZ21224.1	84.334	383	59	1	1	382	1	383	0.0	682
MDC3155778.1	QIZ21223.1	71.429	294	84	0	1	294	1	294	1.45e-158	439
MDC3155780.1	QIZ21096.1	83.898	236	38	0	1	236	1	236	5.60e-150	413
MDC3155781.1	QIZ21095.1	74.862	362	91	0	1	362	1	362	0.0	565
MDC3155782.1	QIZ21094.1	74.148	352	88	1	7	358	1	349	0.0	548
MDC3155785.1	QIZ21093.1	86.429	280	38	0	1	280	1	280	0.0	500
MDC3155786.1	QIZ21092.1	88.542	96	11	0	1	96	1	96	5.12e-59	171
MDC3155787.1	QIZ21091.1	84.765	361	55	0	1	361	1	361	0.0	575
MDC3155788.1	QIZ21090.1	71.983	232	65	0	1	232	1	232	5.41e-126	352
MDC3155789.1	QIZ21089.1	62.500	304	113	1	2	304	3	306	1.45e-132	374
MDC3155790.1	QIZ21088.1	79.832	357	72	0	1	357	1	357	0.0	603
MDC3155791.1	QIZ21086.1	82.482	137	24	0	1	137	1	137	5.79e-83	235
MDC3155792.1	QIZ21085.1	88.768	641	72	0	50	690	39	679	0.0	1199
MDC3155793.1	QIZ21084.1	71.981	207	58	0	1	207	1	207	5.20e-114	319
MDC3155794.1	QIZ21083.1	81.395	86	16	0	1	86	1	86	8.56e-50	147
MDC3155795.1	QIZ21082.1	90.864	602	55	0	1	602	1	602	0.0	1075
MDC3155796.1	QIZ21081.1	87.288	118	15	0	1	118	1	118	2.75e-76	217
MDC3155797.1	QIZ21080.1	79.195	149	31	0	1	149	1	149	1.56e-82	238
MDC3155798.1	QIZ21344.1	73.000	100	26	1	1	100	184	282	1.66e-48	151
MDC3155799.1	QIZ21541.1	64.560	807	286	0	1	807	1	807	0.0	1117
MDC3155800.1	QIZ20545.1	87.432	366	46	0	1	366	1	366	0.0	622
MDC3155801.1	QIZ20546.1	89.732	448	46	0	1	448	1	448	0.0	837
MDC3155802.1	QIZ20547.1	82.803	314	53	1	1	313	1	314	0.0	525
MDC3155803.1	QIZ20548.1	93.208	265	18	0	1	265	1	265	0.0	506
MDC3155804.1	QIZ20549.1	73.554	605	154	3	1	604	1	600	0.0	913
MDC3155805.1	QIZ20550.1	77.545	334	74	1	1	333	1	334	0.0	502
MDC3155806.1	QIZ20552.1	86.799	303	40	0	1	303	1	303	0.0	535
MDC3155807.1	QIZ20553.1	93.224	428	29	0	1	428	1	428	0.0	816
MDC3155808.1	QIZ21414.1	57.500	120	51	0	32	151	3	122	6.16e-53	159
MDC3155809.1	QIZ20558.1	78.037	214	46	1	1	213	1	214	7.81e-128	355
MDC3155810.1	QIZ20554.1	63.953	86	31	0	1	86	116	201	1.30e-33	110
MDC3155811.1	QIZ20694.1	89.918	367	37	0	1	367	1	367	0.0	673
MDC3155812.1	QIZ20695.1	73.548	155	41	0	1	155	1	155	1.61e-64	190
MDC3155813.1	QIZ20696.1	59.756	246	99	0	3	248	4	249	2.28e-108	309
MDC3155814.1	QIZ20697.1	65.169	178	62	0	4	181	5	182	2.92e-82	237
MDC3155815.1	QIZ20698.1	71.939	392	110	0	1	392	1	392	0.0	578
MDC3155817.1	QIZ20699.1	65.942	414	139	2	1	412	1	414	0.0	557
MDC3155818.1	QIZ20700.1	81.904	956	169	2	1	956	1	952	0.0	1635
MDC3155819.1	QIZ20701.1	75.397	126	31	0	1	126	1	126	4.00e-72	207
MDC3155820.1	QIZ20702.1	70.109	368	110	0	1	368	1	368	0.0	526
MDC3155821.1	QIZ20703.1	68.657	134	36	2	1	128	164	297	7.73e-58	177
MDC3155823.1	QIZ20959.1	89.967	598	60	0	1	598	4	601	0.0	1126
MDC3155824.1	QIZ20960.1	70.200	802	238	1	1	801	1	802	0.0	1108
MDC3155825.1	QIZ20961.1	87.324	355	45	0	1	355	1	355	0.0	662
MDC3155826.1	QIZ20962.1	92.373	118	9	0	1	118	1	118	5.45e-80	226
MDC3155827.1	QIZ20963.1	97.059	68	2	0	1	68	1	68	1.83e-43	130
MDC3155828.1	QIZ20964.1	91.160	181	16	0	1	181	1	181	2.25e-122	338
MDC3155829.1	QIZ20965.1	84.977	639	95	1	1	639	1	638	0.0	1160
MDC3155830.1	QIZ20966.1	73.204	362	97	0	1	362	23	384	0.0	530
MDC3155831.1	QIZ21229.1	70.159	439	130	1	1	438	1	439	0.0	593
MDC3155832.1	QIZ21230.1	65.528	322	111	0	1	322	1	322	2.73e-155	433
MDC3155833.1	QIZ21231.1	72.330	206	57	0	1	206	21	226	1.50e-112	317
MDC3155834.1	QIZ21232.1	74.884	215	54	0	1	215	1	215	1.77e-116	326
MDC3155835.1	QIZ21233.1	89.604	606	63	0	1	606	1	606	0.0	1125
MDC3155836.1	QIZ21235.1	90.359	529	51	0	1	529	1	529	0.0	961
MDC3155837.1	QIZ21236.1	91.667	96	8	0	1	96	1	96	3.70e-61	177
MDC3155838.1	QIZ21237.1	70.956	272	79	0	1	272	1	272	2.65e-148	412
MDC3155839.1	QIZ20343.1	63.235	68	25	0	1	68	32	99	2.59e-25	85.5
MDC3155840.1	QIZ20344.1	63.559	118	42	1	7	123	8	125	2.40e-45	139
MDC3155841.1	QIZ20345.1	92.063	63	5	0	1	63	1	63	5.31e-39	119
MDC3155842.1	QIZ20346.1	69.792	96	29	0	1	96	1	96	2.04e-42	129
MDC3155843.1	QIZ20347.1	52.294	327	152	2	12	336	12	336	3.24e-101	297
MDC3155844.1	QIZ20348.1	84.163	442	70	0	1	442	1	442	0.0	771
MDC3155845.1	QIZ20349.1	77.778	153	33	1	1	152	1	153	2.25e-91	258
MDC3155846.1	QIZ20350.1	78.169	142	31	0	4	145	8	149	5.91e-84	238
MDC3155847.1	QIZ20351.1	71.091	339	98	0	1	339	1	339	3.86e-176	488
MDC3155848.1	QIZ20352.1	44.286	70	39	0	5	74	4	73	3.01e-21	74.7
MDC3155849.1	QIZ20353.1	80.000	430	86	0	1	430	1	430	0.0	670
MDC3155850.1	QIZ20354.1	77.333	300	68	0	1	300	1	300	8.51e-171	471
MDC3155851.1	QIZ20355.1	88.095	252	30	0	1	252	17	268	1.89e-155	429
MDC3155852.1	QIZ21158.1	91.878	591	47	1	1	591	1	590	0.0	1144
MDC3155853.1	QIZ21159.1	87.938	257	31	0	1	257	1	257	1.93e-176	481
MDC3155854.1	QIZ21160.1	90.744	497	46	0	1	497	1	497	0.0	947
MDC3155855.1	QIZ21161.1	94.062	320	19	0	1	320	1	320	0.0	608
MDC3155856.1	QIZ21162.1	87.824	386	47	0	1	386	1	386	0.0	689
MDC3155857.1	QIZ21163.1	91.753	291	24	0	1	291	1	291	0.0	516
MDC3155858.1	QIZ21164.1	78.244	501	98	3	1	490	1	501	0.0	828
MDC3155860.1	QIZ20280.1	87.574	169	21	0	3	171	2	170	3.68e-106	296
MDC3155861.1	QIZ20281.1	73.203	153	38	2	1	150	1	153	9.03e-64	188
MDC3155862.1	QIZ20282.1	87.559	426	53	0	1	426	1	426	0.0	764
MDC3155863.1	QIZ20283.1	46.948	213	87	1	1	187	1	213	1.16e-61	186
MDC3155864.1	QIZ20284.1	91.339	127	11	0	1	127	1	127	2.46e-85	240
MDC3155865.1	QIZ20285.1	83.333	150	24	1	1	149	1	150	1.58e-74	215
MDC3155866.1	QIZ20286.1	91.228	342	30	0	1	342	1	342	0.0	638
MDC3155867.1	QIZ20287.1	83.673	147	22	1	1	147	1	145	1.87e-87	247
MDC3155868.1	QIZ20288.1	74.653	288	73	0	1	288	14	301	9.68e-158	437
MDC3155869.1	QIZ20289.1	68.293	205	65	0	1	205	1	205	1.68e-100	285
MDC3155870.1	QIZ20290.1	86.214	457	63	0	1	457	1	457	0.0	806
MDC3155871.1	QIZ20337.1	67.143	70	23	0	1	70	103	172	1.12e-27	97.1
MDC3155872.1	QIZ20337.1	73.118	93	25	0	1	93	1	93	1.09e-42	137
MDC3155873.1	QIZ20336.1	68.657	134	41	1	1	133	1	134	1.07e-65	191
MDC3155874.1	QIZ20335.1	78.125	128	28	0	1	128	1	128	1.25e-72	208
MDC3155875.1	QIZ20334.1	86.550	171	23	0	2	172	185	355	4.28e-93	271
MDC3155876.1	QIZ20334.1	91.099	191	17	0	1	191	1	191	1.37e-126	357
MDC3155877.1	QIZ20333.1	77.665	197	44	0	1	197	1	197	2.21e-113	317
MDC3155880.1	QIZ20332.1	86.842	152	20	0	1	152	1	152	1.30e-97	273
MDC3155881.1	QIZ20330.1	62.676	142	51	2	1	141	1	141	1.95e-61	181
MDC3155882.1	QIZ20329.1	79.381	194	40	0	3	196	20	213	2.20e-121	338
MDC3155883.1	QIZ20328.1	79.331	329	68	0	1	329	1	329	0.0	547
MDC3155885.1	QIZ21155.1	72.810	331	90	0	1	331	1	331	0.0	504
MDC3155886.1	QIZ21154.1	66.396	369	124	0	1	369	1	369	0.0	512
MDC3155887.1	QIZ21153.1	68.217	258	82	0	1	258	1	258	7.33e-140	389
MDC3155888.1	QIZ21152.1	78.771	537	114	0	1	537	1	537	0.0	911
MDC3155889.1	QIZ21151.1	83.646	587	96	0	1	587	1	587	0.0	1039
MDC3155890.1	QIZ21150.1	92.945	326	23	0	1	326	43	368	0.0	608
MDC3155891.1	QIZ21032.1	88.020	409	48	1	1	409	221	628	0.0	723
MDC3155892.1	QIZ21033.1	83.378	373	60	2	1	373	1	371	0.0	621
MDC3155893.1	QIZ21034.1	80.934	257	49	0	1	257	1	257	1.37e-155	429
MDC3155894.1	QIZ21035.1	83.500	200	33	0	18	217	18	217	1.60e-128	357
MDC3155895.1	QIZ21036.1	72.168	309	85	1	1	309	1	308	3.60e-164	455
MDC3155896.1	QIZ21037.1	44.974	189	94	2	4	182	2	190	3.50e-43	139
MDC3155897.1	QIZ21038.1	50.920	163	78	2	1	163	1	161	9.60e-46	143
MDC3155898.1	QIZ21039.1	63.470	219	77	1	1	219	1	216	1.53e-100	286
MDC3155899.1	QIZ21040.1	63.918	97	34	1	1	97	6	101	3.08e-38	122
MDC3155900.1	QIZ21468.1	92.361	144	11	0	1	144	141	284	3.32e-93	267
MDC3155901.1	QIZ21467.1	95.652	460	19	1	10	469	16	474	0.0	920
MDC3155902.1	QIZ21466.1	92.308	117	9	0	22	138	17	133	2.59e-81	231
MDC3155903.1	QIZ21465.1	87.339	466	59	0	1	466	1	466	0.0	835
MDC3155904.1	QIZ21464.1	71.053	76	20	1	1	76	1	74	3.98e-36	112
MDC3155906.1	QIZ21460.1	77.324	441	100	0	1	441	1	441	0.0	730
MDC3155907.1	QIZ21459.1	57.307	349	149	0	9	357	9	357	6.65e-153	431
MDC3155908.1	QIZ21175.1	78.448	116	25	0	1	116	1	116	3.06e-64	186
MDC3155909.1	QIZ21174.1	81.944	360	65	0	19	378	20	379	0.0	609
MDC3155910.1	QIZ21173.1	75.658	152	37	0	7	158	7	158	3.70e-87	248
MDC3155911.1	QIZ21172.1	78.462	130	28	0	1	130	1	130	4.55e-72	207
MDC3155912.1	QIZ21171.1	94.280	472	27	0	1	472	1	472	0.0	911
MDC3155913.1	QIZ21170.1	85.567	291	41	1	1	290	1	291	0.0	508
MDC3155914.1	QIZ21169.1	92.172	511	40	0	1	511	1	511	0.0	972
MDC3155915.1	QIZ21168.1	84.416	77	12	0	1	77	109	185	1.11e-41	130
MDC3155917.1	QIZ21041.1	36.080	352	181	15	2	334	3	329	4.55e-37	131
MDC3155918.1	QIZ21042.1	61.765	170	61	3	7	175	11	177	1.39e-65	195
MDC3155919.1	QIZ21043.1	68.820	805	249	2	1	804	1	804	0.0	1172
MDC3155920.1	QIZ20944.1	62.376	101	38	0	3	103	486	586	4.14e-40	135
MDC3155921.1	QIZ20943.1	56.322	174	74	1	1	174	1	172	6.78e-71	207
MDC3155922.1	QIZ20942.1	65.798	307	105	0	1	307	1	307	3.31e-148	415
MDC3155923.1	QIZ20950.1	71.875	416	115	2	1	414	187	602	0.0	601
MDC3155924.1	QIZ20951.1	66.667	426	142	0	1	426	1	426	0.0	568
MDC3155925.1	QIZ20952.1	85.024	414	60	1	1	414	274	685	0.0	726
MDC3155926.1	QIZ20667.1	80.501	359	69	1	1	359	1	358	0.0	600
MDC3155927.1	QIZ20666.1	90.213	470	46	0	1	470	1	470	0.0	876
MDC3155928.1	QIZ20665.1	78.947	152	32	0	1	152	1	152	2.31e-75	217
MDC3155929.1	QIZ20662.1	68.722	227	71	0	1	227	1	227	1.92e-104	301
MDC3155930.1	QIZ20663.1	81.159	69	13	0	1	69	1	69	1.15e-40	125
MDC3155931.1	QIZ21453.1	56.566	198	86	0	1	198	17	214	7.53e-60	182
MDC3155932.1	QIZ21454.1	46.411	418	224	0	15	432	16	433	1.35e-121	356
MDC3155933.1	QIZ21455.1	89.437	142	15	0	1	142	1	142	2.46e-95	267
MDC3155934.1	QIZ21456.1	60.399	351	135	3	1	348	1	350	6.29e-141	399
MDC3155935.1	QIZ21457.1	76.259	139	33	0	1	139	1	139	9.23e-82	232
MDC3155937.1	QIZ21168.1	67.742	62	20	0	1	62	1	62	5.36e-22	79.3
MDC3155938.1	QIZ21167.1	77.720	193	43	0	25	217	459	651	2.81e-107	318
MDC3155939.1	QIZ21166.1	84.950	299	45	0	4	302	168	466	0.0	528
MDC3155940.1	QIZ21167.1	78.341	651	141	0	1	651	1	651	0.0	1063
MDC3155941.1	QIZ21168.1	67.742	62	20	0	1	62	1	62	5.36e-22	79.3
MDC3155942.1	QIZ20969.1	83.333	354	59	0	1	354	219	572	0.0	633
MDC3155943.1	QIZ20969.1	82.731	886	153	0	1	886	605	1490	0.0	1531
MDC3155944.1	QIZ21238.1	75.676	148	36	0	1	148	157	304	1.84e-74	220
MDC3155945.1	QIZ21239.1	80.731	903	174	0	1	903	1	903	0.0	1511
MDC3155946.1	QIZ21240.1	50.000	154	77	0	7	160	7	160	2.05e-43	137
MDC3155947.1	QIZ20667.1	84.783	92	14	0	5	96	703	794	1.68e-48	159
MDC3155948.1	QIZ20668.1	66.667	180	60	0	1	180	2	181	1.43e-83	240
MDC3155949.1	QIZ20669.1	88.415	328	38	0	14	341	14	341	0.0	606
MDC3155950.1	QIZ20669.1	88.961	154	17	0	11	164	340	493	1.98e-98	288
MDC3155952.1	QIZ20670.1	74.375	160	41	0	1	160	1	160	3.44e-85	252
MDC3155953.1	QIZ20795.1	31.532	333	200	9	5	316	7	332	2.75e-34	124
MDC3155957.1	QIZ20722.1	62.195	164	61	1	1	163	104	267	9.59e-73	215
MDC3155958.1	QIZ20721.1	75.083	301	75	0	1	301	1	301	1.28e-174	481
MDC3155959.1	QIZ20720.1	74.384	203	52	0	1	203	1	203	1.33e-113	318
MDC3155960.1	QIZ20719.1	82.249	338	60	0	1	338	1	338	0.0	540
MDC3155961.1	QIZ20759.1	93.333	120	8	0	1	120	1	120	4.86e-78	232
MDC3155962.1	QIZ20760.1	71.852	270	76	0	1	270	1	270	7.29e-143	397
MDC3155963.1	QIZ20761.1	72.210	439	122	0	2	440	4	442	0.0	647
MDC3155964.1	QIZ20762.1	71.774	124	35	0	1	124	226	349	8.74e-64	193
MDC3155965.1	QIZ20993.1	78.924	446	93	1	11	456	1	445	0.0	724
MDC3155966.1	QIZ20991.1	64.103	78	28	0	2	79	156	233	7.64e-31	103
MDC3155967.1	QIZ20992.1	88.649	370	42	0	7	376	1	370	0.0	672
MDC3155970.1	QIZ20953.1	35.531	273	165	6	4	267	2	272	1.46e-45	150
MDC3155972.1	QIZ20753.1	71.648	261	74	0	1	261	366	626	1.65e-136	395
MDC3155973.1	QIZ20752.1	88.056	360	43	0	1	360	1	360	0.0	644
MDC3155974.1	QIZ20751.1	71.154	208	60	0	1	208	1	208	2.71e-112	315
MDC3155975.1	QIZ20338.1	91.869	701	57	0	1	701	1	701	0.0	1249
MDC3155976.1	QIZ20339.1	52.174	92	44	0	1	92	62	153	4.20e-33	108
MDC3155977.1	QIZ21029.1	61.905	252	96	0	1	252	132	383	5.72e-107	310
MDC3155978.1	QIZ21030.1	67.500	200	65	0	1	200	1	200	6.81e-90	258
MDC3155979.1	QIZ21031.1	71.839	174	48	1	47	219	35	208	4.08e-88	254
MDC3155980.1	QIZ21032.1	91.503	153	13	0	1	153	1	153	2.67e-99	294
MDC3155982.1	QIZ21097.1	87.248	298	38	0	1	298	198	495	0.0	562
MDC3155983.1	QIZ20403.1	76.471	119	28	0	1	119	140	258	1.81e-70	207
MDC3155984.1	QIZ20404.1	80.120	332	66	0	1	332	1	332	0.0	561
MDC3155985.1	QIZ20408.1	67.403	362	98	5	4	349	1	358	2.61e-170	474
MDC3155986.1	QIZ21243.1	64.925	134	47	0	1	134	1	134	3.21e-52	159
MDC3155987.1	QIZ21244.1	66.508	421	141	0	1	421	1	421	0.0	586
MDC3155988.1	QIZ21245.1	83.333	60	10	0	1	60	1	60	1.05e-33	105
MDC3155989.1	QIZ21246.1	60.360	111	44	0	1	111	176	286	3.04e-44	141
MDC3155990.1	QIZ20673.1	85.612	417	60	0	1	417	1	417	0.0	704
MDC3155991.1	QIZ20672.1	85.145	276	41	0	1	276	11	286	5.86e-172	472
MDC3155992.1	QIZ21439.1	79.375	160	33	0	1	160	1	160	6.08e-97	281
MDC3155993.1	QIZ21438.1	72.470	247	68	0	1	247	1	247	1.39e-132	370
MDC3155996.1	QIZ20984.1	83.616	177	28	1	1	176	1	177	6.12e-100	281
MDC3155997.1	QIZ20985.1	84.946	186	28	0	4	189	3	188	2.18e-123	342
MDC3155998.1	QIZ20986.1	68.981	216	67	0	1	216	1	216	2.95e-114	321
