MDA7638143.1	QIZ21410.1	96.359	412	15	0	1	412	1	412	0.0	822
MDA7638144.1	QIZ21409.1	93.834	373	23	0	1	373	1	373	0.0	654
MDA7638145.1	QIZ21408.1	88.217	645	75	1	1	645	1	644	0.0	1175
MDA7638146.1	QIZ21407.1	73.410	173	46	0	1	173	1	173	1.26e-76	222
MDA7638147.1	QIZ21406.1	58.537	287	113	2	1	281	1	287	4.62e-108	315
MDA7638148.1	QIZ21405.1	97.391	345	9	0	1	345	1	345	0.0	681
MDA7638149.1	QIZ21404.1	98.462	520	8	0	1	520	1	520	0.0	1054
MDA7638150.1	QIZ21403.1	99.704	338	1	0	1	338	1	338	0.0	689
MDA7638151.1	QIZ21402.1	92.857	182	13	0	1	182	1	182	2.08e-122	338
MDA7638152.1	QIZ21401.1	97.789	588	13	0	1	588	1	588	0.0	1201
MDA7638153.1	QIZ21400.1	93.891	311	19	0	1	311	1	311	0.0	516
MDA7638154.1	QIZ21399.1	96.603	471	16	0	1	471	1	471	0.0	905
MDA7638155.1	QIZ21398.1	96.721	61	2	0	1	61	1	61	1.29e-37	115
MDA7638156.1	QIZ21397.1	98.252	286	5	0	2	287	4	289	0.0	559
MDA7638157.1	QIZ21396.1	97.541	366	9	0	1	366	1	366	0.0	726
MDA7638158.1	QIZ21395.1	98.540	274	4	0	1	274	1	274	0.0	547
MDA7638159.1	QIZ21388.1	91.746	315	26	0	1	315	1	315	0.0	611
MDA7638162.1	QIZ21387.1	96.095	461	18	0	1	461	1	461	0.0	885
MDA7638163.1	QIZ21386.1	76.443	433	102	0	1	433	51	483	0.0	625
MDA7638164.1	QIZ21385.1	97.198	678	19	0	1	678	1	678	0.0	1354
MDA7638165.1	QIZ21384.1	92.199	564	44	0	1	564	1	564	0.0	1048
MDA7638166.1	QIZ21383.1	95.118	676	33	0	1	676	1	676	0.0	1292
MDA7638167.1	QIZ21382.1	89.811	265	27	0	18	282	18	282	3.19e-172	473
MDA7638168.1	QIZ21381.1	91.503	306	26	0	1	306	1	306	0.0	548
MDA7638169.1	QIZ21380.1	89.702	369	38	0	1	369	1	369	0.0	654
MDA7638170.1	QIZ21379.1	84.889	225	34	0	1	225	1	225	2.74e-124	347
MDA7638171.1	QIZ21378.1	93.750	304	19	0	1	304	1	304	0.0	544
MDA7638172.1	QIZ21377.1	91.026	312	28	0	1	312	1	312	0.0	534
MDA7638173.1	QIZ21376.1	96.983	464	14	0	1	464	1	464	0.0	916
MDA7638174.1	QIZ21375.1	91.292	356	31	0	1	356	1	356	0.0	645
MDA7638175.1	QIZ21374.1	98.396	374	6	0	1	374	1	374	0.0	710
MDA7638176.1	QIZ21373.1	95.592	431	19	0	1	431	1	431	0.0	768
MDA7638178.1	QIZ21372.1	93.776	948	59	0	1	948	1	948	0.0	1691
MDA7638179.1	QIZ21371.1	95.699	558	24	0	1	558	3	560	0.0	1067
MDA7638180.1	QIZ21370.1	89.216	102	11	0	1	102	1	102	1.70e-58	171
MDA7638181.1	QIZ21369.1	96.726	336	11	0	1	336	1	336	0.0	654
MDA7638182.1	QIZ21368.1	93.939	495	30	0	1	495	1	495	0.0	870
MDA7638183.1	QIZ21367.1	97.419	155	4	0	1	155	1	155	2.25e-113	313
MDA7638184.1	QIZ21366.1	82.186	247	44	0	1	247	1	247	7.38e-151	416
MDA7638185.1	QIZ21365.1	88.506	261	30	0	1	261	1	261	3.28e-178	486
MDA7638186.1	QIZ21364.1	89.340	197	21	0	1	197	1	197	5.07e-128	354
MDA7638187.1	QIZ21328.1	32.400	250	151	6	7	245	7	249	1.80e-34	120
MDA7638190.1	QIZ21335.1	41.247	417	233	3	1	413	1	409	5.89e-98	294
MDA7638191.1	QIZ21334.1	41.438	584	314	7	1	560	2	581	2.78e-148	435
MDA7638192.1	QIZ21333.1	33.333	528	284	17	3	472	1	518	2.70e-78	249
MDA7638203.1	QIZ21320.1	51.402	321	154	2	5	323	3	323	2.70e-116	335
MDA7638205.1	QIZ21343.1	33.992	253	154	7	411	661	487	728	6.38e-39	149
MDA7638209.1	QIZ21336.1	35.115	131	84	1	3	132	12	142	3.49e-28	97.1
MDA7638210.1	QIZ21342.1	42.708	96	55	0	7	102	5	100	1.14e-22	80.9
MDA7638211.1	QIZ21363.1	98.023	607	12	0	1	607	1	607	0.0	1210
MDA7638212.1	QIZ21362.1	96.616	591	20	0	1	591	1	591	0.0	1159
MDA7638213.1	QIZ21361.1	95.425	153	7	0	1	153	1	153	1.93e-95	268
MDA7638214.1	QIZ21360.1	97.229	397	11	0	1	397	1	397	0.0	788
MDA7638215.1	QIZ21359.1	97.672	1074	25	0	1	1074	1	1074	0.0	2154
MDA7638216.1	QIZ21358.1	92.593	351	26	0	1	351	1	351	0.0	659
MDA7638217.1	QIZ21319.1	89.041	219	24	0	1	219	1	219	6.72e-151	414
MDA7638218.1	QIZ21318.1	84.665	313	48	0	1	313	1	313	0.0	545
MDA7638219.1	QIZ21317.1	94.569	313	17	0	1	313	1	313	0.0	615
MDA7638221.1	QIZ20493.1	45.098	102	53	2	11	110	11	111	4.16e-24	85.5
MDA7638224.1	QIZ21316.1	82.547	212	37	0	1	212	1	212	2.17e-123	344
MDA7638225.1	QIZ21315.1	97.297	37	1	0	1	37	113	149	8.79e-21	73.9
MDA7638226.1	QIZ20218.1	96.842	380	12	0	1	380	1	380	0.0	761
MDA7638227.1	QIZ20219.1	89.247	93	10	0	1	93	1	93	2.48e-60	174
MDA7638228.1	QIZ20220.1	96.694	484	16	0	1	484	1	484	0.0	963
MDA7638229.1	QIZ20221.1	97.054	645	19	0	1	645	1	645	0.0	1313
MDA7638230.1	QIZ20222.1	98.830	342	4	0	1	342	1	342	0.0	714
MDA7638232.1	QIZ20503.1	43.933	478	261	6	22	494	23	498	1.05e-125	372
MDA7638234.1	QIZ20504.1	27.653	311	214	6	3	312	2	302	6.30e-28	106
MDA7638236.1	QIZ21152.1	25.714	490	321	11	52	508	60	539	4.57e-40	147
MDA7638237.1	QIZ20225.1	95.722	374	16	0	1	374	1	374	0.0	742
MDA7638238.1	QIZ20226.1	97.315	298	8	0	1	298	1	298	0.0	599
MDA7638239.1	QIZ20227.1	98.000	500	10	0	1	500	1	500	0.0	1010
MDA7638240.1	QIZ20228.1	95.197	229	11	0	1	229	1	229	3.42e-166	453
MDA7638241.1	QIZ20229.1	95.146	206	10	0	1	206	1	206	2.03e-139	384
MDA7638242.1	QIZ20230.1	96.370	606	22	0	1	606	1	606	0.0	1205
MDA7638243.1	QIZ20231.1	98.911	459	5	0	1	459	1	459	0.0	949
MDA7638244.1	QIZ20232.1	94.694	245	13	0	1	245	1	245	4.96e-178	484
MDA7638245.1	QIZ20233.1	94.702	453	24	0	1	453	1	453	0.0	876
MDA7638246.1	QIZ20234.1	96.811	533	17	0	1	533	1	533	0.0	1068
MDA7638247.1	QIZ20235.1	94.093	237	14	0	1	237	1	237	6.41e-163	446
MDA7638248.1	QIZ20236.1	97.561	205	5	0	1	205	1	205	1.44e-150	412
MDA7638249.1	QIZ21224.1	83.291	395	66	0	1	395	1	395	0.0	702
MDA7638250.1	QIZ20237.1	95.455	110	5	0	1	110	1	110	1.56e-77	219
MDA7638251.1	QIZ20238.1	97.368	76	2	0	1	76	1	76	9.01e-52	152
MDA7638252.1	QIZ20239.1	96.986	730	22	0	1	730	1	730	0.0	1462
MDA7638253.1	QIZ20240.1	97.357	227	6	0	1	227	1	227	3.20e-166	453
MDA7638254.1	QIZ20241.1	96.250	80	3	0	1	80	1	80	4.22e-52	153
MDA7638255.1	QIZ20242.1	96.923	260	8	0	1	260	1	260	0.0	507
MDA7638256.1	QIZ20243.1	97.209	430	12	0	1	430	1	430	0.0	867
MDA7638257.1	QIZ20244.1	98.047	256	5	0	1	256	1	256	0.0	527
MDA7638258.1	QIZ20245.1	94.495	218	12	0	1	218	1	218	1.59e-151	416
MDA7638259.1	QIZ20246.1	93.976	249	15	0	1	249	1	249	2.75e-177	483
MDA7638260.1	QIZ20247.1	95.489	133	6	0	1	133	1	133	1.14e-93	262
MDA7638261.1	QIZ20248.1	93.436	259	17	0	1	259	1	259	3.88e-175	478
MDA7638272.1	QIZ20249.1	98.381	247	4	0	1	247	1	247	0.0	499
MDA7638273.1	QIZ20250.1	97.475	396	10	0	1	396	1	396	0.0	789
MDA7638274.1	QIZ20251.1	100.000	63	0	0	1	63	1	63	8.54e-41	123
MDA7638275.1	QIZ20252.1	99.432	176	1	0	1	176	1	176	6.44e-127	350
MDA7638276.1	QIZ20253.1	97.163	141	4	0	1	141	1	141	5.70e-99	276
MDA7638277.1	QIZ20254.1	95.197	229	11	0	1	229	1	229	2.35e-158	433
MDA7638278.1	QIZ20255.1	94.578	166	9	0	1	166	1	166	1.01e-116	323
MDA7638279.1	QIZ20256.1	95.868	121	5	0	1	121	1	121	2.93e-63	184
MDA7638280.1	QIZ20257.1	98.019	1363	27	0	1	1363	1	1363	0.0	2737
MDA7638281.1	QIZ20258.1	98.128	1389	26	0	1	1389	1	1389	0.0	2808
MDA7638282.1	QIZ20259.1	100.000	123	0	0	1	123	1	123	2.65e-87	245
MDA7638283.1	QIZ20260.1	99.359	156	1	0	1	156	1	156	1.71e-113	314
MDA7638284.1	QIZ20261.1	98.410	692	11	0	1	692	1	692	0.0	1415
MDA7638285.1	QIZ20262.1	100.000	102	0	0	1	102	1	102	9.82e-72	204
MDA7638286.1	QIZ20263.1	96.610	236	8	0	1	236	1	236	5.11e-169	461
MDA7638287.1	QIZ20264.1	95.652	207	9	0	1	207	1	207	8.59e-142	390
MDA7638288.1	QIZ20265.1	97.938	97	2	0	1	97	1	97	3.03e-64	185
MDA7638289.1	QIZ20266.1	98.221	281	5	0	1	281	1	281	0.0	568
MDA7638290.1	QIZ20267.1	100.000	97	0	0	1	97	1	97	2.41e-67	192
MDA7638291.1	QIZ20268.1	99.242	132	1	0	1	132	1	132	1.61e-93	261
MDA7638292.1	QIZ20269.1	99.558	226	1	0	1	226	1	226	8.28e-168	457
MDA7638293.1	QIZ20270.1	97.794	136	3	0	1	136	1	136	1.15e-97	272
MDA7638294.1	QIZ20271.1	100.000	63	0	0	1	63	1	63	1.27e-39	120
MDA7638295.1	QIZ20272.1	98.718	78	1	0	1	78	1	78	1.59e-52	154
MDA7638296.1	QIZ20273.1	100.000	122	0	0	1	122	1	122	8.33e-86	241
MDA7638297.1	QIZ20274.1	95.714	70	3	0	1	70	1	70	4.01e-43	130
MDA7638298.1	QIZ20275.1	97.826	184	4	0	1	184	1	184	3.96e-132	363
MDA7638299.1	QIZ20276.1	98.020	101	2	0	1	101	1	101	4.16e-70	200
MDA7638300.1	QIZ20277.1	98.473	131	2	0	1	131	1	131	3.33e-93	261
MDA7638301.1	QIZ20278.1	96.648	179	6	0	1	179	1	179	1.28e-122	339
MDA7638302.1	QIZ20279.1	100.000	118	0	0	1	118	1	118	4.80e-82	231
MDA7638303.1	QIZ20280.1	100.000	170	0	0	1	170	1	170	4.59e-122	337
MDA7638304.1	QIZ20281.1	98.693	153	2	0	1	153	1	153	7.17e-106	295
MDA7638305.1	QIZ20282.1	98.826	426	5	0	1	426	1	426	0.0	837
MDA7638306.1	QIZ20283.1	92.958	213	15	0	1	213	1	213	2.16e-149	409
MDA7638307.1	QIZ20284.1	97.638	127	3	0	1	127	1	127	6.06e-90	252
MDA7638308.1	QIZ20285.1	99.333	150	1	0	1	150	1	150	4.43e-108	300
MDA7638309.1	QIZ20286.1	99.123	342	3	0	1	342	1	342	0.0	686
MDA7638310.1	QIZ20287.1	100.000	145	0	0	1	145	1	145	2.77e-105	292
MDA7638311.1	QIZ20288.1	98.020	303	6	0	1	303	1	303	0.0	612
MDA7638312.1	QIZ20289.1	88.835	206	23	0	1	206	1	206	5.23e-132	365
MDA7638313.1	QIZ20290.1	98.468	457	7	0	1	457	1	457	0.0	903
MDA7638314.1	QIZ20291.1	86.071	280	39	0	1	280	1	280	6.95e-169	464
MDA7638315.1	QIZ20292.1	94.465	271	15	0	1	271	1	271	2.16e-177	485
MDA7638316.1	QIZ20293.1	87.731	432	53	0	1	432	1	432	0.0	746
MDA7638317.1	QIZ20294.1	91.503	153	13	0	1	153	1	153	3.17e-103	288
MDA7638318.1	QIZ20295.1	70.297	101	29	1	1	101	1	100	5.87e-45	136
MDA7638319.1	QIZ20296.1	97.451	863	22	0	1	863	1	863	0.0	1719
MDA7638320.1	QIZ20297.1	95.288	191	9	0	1	191	1	191	2.25e-122	339
MDA7638321.1	QIZ20742.1	25.616	406	277	10	28	423	25	415	5.25e-35	130
MDA7638322.1	QIZ20298.1	98.403	313	5	0	1	313	1	313	0.0	636
MDA7638323.1	QIZ21234.1	93.932	412	25	0	1	412	1	412	0.0	801
MDA7638324.1	QIZ21233.1	96.217	608	23	0	1	608	1	608	0.0	1202
MDA7638325.1	QIZ21232.1	89.302	215	23	0	1	215	1	215	9.36e-135	372
MDA7638326.1	QIZ21231.1	94.248	226	13	0	1	226	1	226	4.85e-158	432
MDA7638327.1	QIZ21230.1	87.926	323	39	0	1	323	1	323	0.0	578
MDA7638328.1	QIZ21229.1	94.761	439	23	0	1	439	1	439	0.0	795
MDA7638329.1	QIZ21228.1	97.660	470	11	0	1	470	1	470	0.0	941
MDA7638330.1	QIZ21227.1	94.167	120	7	0	1	120	1	120	4.22e-83	234
MDA7638331.1	QIZ21226.1	94.783	115	6	0	1	115	1	115	1.84e-78	222
MDA7638332.1	QIZ21225.1	91.667	180	15	0	1	180	1	180	4.79e-116	322
MDA7638334.1	QIZ21223.1	83.904	292	47	0	1	292	1	292	0.0	499
MDA7638336.1	QIZ21222.1	87.500	312	39	0	1	312	1	312	0.0	516
MDA7638337.1	QIZ21221.1	88.690	168	19	0	1	168	1	168	7.67e-97	273
MDA7638338.1	QIZ21220.1	93.922	691	42	0	1	691	1	691	0.0	1338
MDA7638341.1	QIZ21219.1	87.912	91	11	0	10	100	11	101	2.21e-57	168
MDA7638342.1	QIZ21218.1	76.147	436	97	1	1	429	1	436	0.0	675
MDA7638343.1	QIZ21217.1	58.621	174	70	2	1	173	6	178	6.48e-78	226
MDA7638353.1	QIZ21216.1	91.837	98	8	0	1	98	1	98	6.72e-68	194
MDA7638354.1	QIZ21215.1	90.995	211	19	0	1	211	1	211	2.89e-143	394
MDA7638355.1	QIZ21214.1	67.007	294	97	0	1	294	1	294	1.46e-149	417
MDA7638356.1	QIZ21213.1	93.878	147	9	0	1	147	1	147	1.40e-104	291
MDA7638357.1	QIZ21212.1	88.889	270	30	0	1	270	1	270	0.0	504
MDA7638358.1	QIZ21211.1	94.020	301	18	0	1	301	1	301	0.0	558
MDA7638359.1	QIZ21210.1	97.019	1040	31	0	1	1040	1	1040	0.0	2025
MDA7638360.1	QIZ21209.1	91.457	199	17	0	1	199	1	199	1.71e-138	380
MDA7638361.1	QIZ21207.1	80.252	238	47	0	1	238	1	238	3.60e-152	419
MDA7638362.1	QIZ21206.1	71.616	229	65	0	1	229	1	229	1.20e-114	323
MDA7638363.1	QIZ21205.1	69.108	314	97	0	8	321	8	321	5.81e-153	427
MDA7638364.1	QIZ21204.1	75.658	152	37	0	1	152	1	152	3.22e-81	232
MDA7638365.1	QIZ21203.1	98.364	428	7	0	1	428	1	428	0.0	866
MDA7638366.1	QIZ21202.1	97.461	512	13	0	1	512	1	512	0.0	987
MDA7638367.1	QIZ21201.1	97.872	235	5	0	1	235	1	235	2.35e-169	462
MDA7638368.1	QIZ21200.1	96.970	924	28	0	1	924	1	924	0.0	1822
MDA7638369.1	QIZ21199.1	95.146	309	15	0	1	309	1	309	0.0	594
MDA7638370.1	QIZ21198.1	96.721	183	6	0	3	185	1	183	7.45e-124	342
MDA7638371.1	QIZ21197.1	97.326	187	5	0	1	187	1	187	1.58e-135	372
MDA7638372.1	QIZ21196.1	96.429	392	14	0	1	392	1	392	0.0	773
MDA7638373.1	QIZ21195.1	98.559	347	5	0	1	347	1	347	0.0	714
MDA7638374.1	QIZ21194.1	97.251	291	8	0	1	291	1	291	0.0	578
MDA7638375.1	QIZ21193.1	96.175	183	7	0	1	183	1	183	3.01e-125	346
MDA7638376.1	QIZ21191.1	97.429	350	9	0	1	350	1	350	0.0	672
MDA7638377.1	QIZ21190.1	95.385	520	24	0	1	520	6	525	0.0	1013
MDA7638378.1	QIZ21189.1	92.931	481	34	0	1	481	1	481	0.0	821
MDA7638379.1	QIZ21188.1	94.541	458	25	0	1	458	1	458	0.0	815
MDA7638380.1	QIZ21187.1	84.274	248	39	0	1	248	1	248	2.16e-149	412
MDA7638381.1	QIZ21186.1	91.946	298	24	0	1	298	1	298	0.0	552
MDA7638382.1	QIZ21185.1	83.611	360	59	0	1	360	1	360	0.0	614
MDA7638383.1	QIZ21184.1	88.441	372	43	0	1	372	1	372	0.0	688
MDA7638384.1	QIZ21183.1	86.802	197	26	0	1	197	1	197	1.14e-128	356
MDA7638385.1	QIZ21182.1	73.640	239	63	0	1	239	1	239	3.19e-134	373
MDA7638386.1	QIZ21181.1	97.015	134	4	0	1	134	1	134	2.72e-92	258
MDA7638387.1	QIZ21180.1	100.000	84	0	0	1	84	1	84	2.62e-56	164
MDA7638388.1	QIZ21179.1	99.240	263	2	0	1	263	1	263	0.0	535
MDA7638389.1	QIZ21252.1	97.966	295	6	0	1	295	1	295	0.0	586
MDA7638390.1	QIZ21253.1	97.491	279	7	0	1	279	1	279	0.0	555
MDA7638391.1	QIZ21254.1	98.734	79	1	0	1	79	1	79	1.35e-56	164
MDA7638392.1	QIZ21255.1	96.639	119	4	0	1	119	1	119	1.10e-82	233
MDA7638393.1	QIZ21256.1	94.545	220	12	0	1	220	1	220	1.49e-145	400
MDA7638394.1	QIZ21257.1	90.987	233	21	0	1	233	1	233	9.48e-154	422
MDA7638395.1	QIZ21258.1	91.882	271	22	0	1	271	1	271	0.0	496
MDA7638396.1	QIZ21259.1	95.221	544	26	0	1	544	1	544	0.0	999
MDA7638397.1	QIZ21262.1	93.258	178	12	0	2	179	1	178	7.48e-126	347
MDA7638398.1	QIZ21263.1	81.679	262	48	0	1	262	1	262	7.29e-155	427
MDA7638399.1	QIZ21264.1	68.203	217	69	0	1	217	1	217	9.44e-96	274
MDA7638402.1	QIZ21258.1	24.911	281	178	5	11	272	4	270	3.02e-21	86.3
MDA7638403.1	QIZ21259.1	40.290	551	295	9	38	577	4	531	5.21e-124	373
MDA7638407.1	QIZ21260.1	75.172	290	68	1	10	299	18	303	1.37e-161	447
MDA7638408.1	QIZ20457.1	59.259	81	33	0	1	81	1	81	9.10e-25	84.3
MDA7638409.1	QIZ21265.1	90.830	458	42	0	1	458	1	458	0.0	856
MDA7638410.1	QIZ21266.1	88.199	161	19	0	1	161	1	161	1.25e-109	305
MDA7638411.1	QIZ21267.1	96.454	141	5	0	1	141	1	141	2.81e-97	272
MDA7638412.1	QIZ21268.1	92.547	322	24	0	1	322	1	322	0.0	604
MDA7638413.1	QIZ21269.1	92.675	314	23	0	1	314	1	314	0.0	599
MDA7638414.1	QIZ21270.1	90.244	287	28	0	1	287	25	311	0.0	507
MDA7638415.1	QIZ21271.1	91.292	356	30	1	1	356	1	355	0.0	644
MDA7638416.1	QIZ21272.1	89.753	283	29	0	1	283	1	283	2.33e-176	483
MDA7638417.1	QIZ21273.1	97.732	485	11	0	1	485	1	485	0.0	971
MDA7638418.1	QIZ21274.1	96.429	168	6	0	1	168	1	168	9.98e-112	310
MDA7638419.1	QIZ21275.1	94.972	179	9	0	18	196	1	179	2.25e-121	337
MDA7638420.1	QIZ21276.1	100.000	75	0	0	1	75	1	75	1.79e-46	138
MDA7638421.1	QIZ21277.1	100.000	244	0	0	1	244	1	244	1.29e-176	481
MDA7638422.1	QIZ21278.1	98.901	91	1	0	1	91	1	91	5.42e-62	179
MDA7638423.1	QIZ21279.1	94.282	857	49	0	1	857	1	857	0.0	1623
MDA7638424.1	QIZ21280.1	90.306	196	19	0	1	196	1	196	3.69e-127	352
MDA7638425.1	QIZ21281.1	95.062	162	8	0	1	162	1	162	5.82e-104	290
MDA7638426.1	QIZ21282.1	95.399	326	15	0	1	326	1	326	0.0	624
MDA7638427.1	QIZ21283.1	90.339	383	37	0	1	383	1	383	0.0	706
MDA7638428.1	QIZ21284.1	98.876	356	4	0	1	356	1	356	0.0	726
MDA7638429.1	QIZ21285.1	92.473	186	14	0	1	186	1	186	7.62e-126	348
MDA7638430.1	QIZ21286.1	92.593	243	18	0	1	243	1	243	7.32e-157	431
MDA7638431.1	QIZ21287.1	96.970	528	16	0	1	528	34	561	0.0	1022
MDA7638432.1	QIZ21288.1	92.171	281	22	0	1	281	1	281	5.79e-175	480
MDA7638433.1	QIZ21289.1	94.811	424	22	0	1	424	1	424	0.0	803
MDA7638434.1	QIZ21290.1	96.835	158	5	0	1	158	1	158	6.06e-110	305
MDA7638435.1	QIZ21291.1	93.091	275	19	0	1	275	1	275	0.0	530
MDA7638436.1	QIZ21292.1	97.386	153	4	0	1	153	1	153	5.88e-112	310
MDA7638437.1	QIZ21293.1	99.408	169	1	0	1	169	1	169	2.41e-127	350
MDA7638438.1	QIZ21294.1	99.284	419	3	0	1	419	1	419	0.0	837
MDA7638439.1	QIZ21295.1	97.297	259	7	0	1	259	1	259	0.0	526
MDA7638440.1	QIZ21296.1	98.039	357	7	0	1	357	1	357	0.0	718
MDA7638441.1	QIZ21297.1	95.699	186	8	0	1	186	1	186	4.52e-131	361
MDA7638442.1	QIZ21298.1	88.636	220	24	1	1	219	1	220	3.05e-137	380
MDA7638443.1	QIZ21299.1	98.065	310	6	0	1	310	1	310	0.0	607
MDA7638444.1	QIZ21300.1	94.444	252	14	0	1	252	2	253	1.05e-146	406
MDA7638445.1	QIZ21301.1	91.931	347	28	0	1	347	1	347	0.0	615
MDA7638446.1	QIZ21302.1	93.701	254	16	0	1	254	1	254	1.97e-174	476
MDA7638447.1	QIZ21303.1	95.714	70	3	0	1	70	1	70	3.05e-42	128
MDA7638448.1	QIZ21304.1	94.305	439	25	0	1	439	1	439	0.0	841
MDA7638449.1	QIZ21305.1	96.889	225	7	0	1	225	1	225	7.54e-155	424
MDA7638450.1	QIZ21306.1	98.621	145	2	0	1	145	1	145	1.45e-99	278
MDA7638451.1	QIZ21307.1	98.621	290	4	0	1	290	1	290	0.0	603
MDA7638452.1	QIZ21308.1	98.969	194	2	0	1	194	1	194	7.51e-140	384
MDA7638453.1	QIZ21309.1	97.218	611	17	0	1	611	1	611	0.0	1222
MDA7638454.1	QIZ21310.1	97.163	141	4	0	1	141	1	141	1.94e-94	265
MDA7638455.1	QIZ21312.1	96.800	250	8	0	1	250	1	250	0.0	496
MDA7638456.1	QIZ21313.1	98.701	154	2	0	1	154	570	723	1.02e-103	308
MDA7638457.1	QIZ20713.1	97.260	292	8	0	1	292	127	418	0.0	595
MDA7638458.1	QIZ20714.1	98.039	204	4	0	1	204	1	204	1.03e-140	387
MDA7638459.1	QIZ20715.1	90.661	257	24	0	1	257	1	257	2.48e-171	468
MDA7638460.1	QIZ20716.1	96.403	139	5	0	1	139	1	139	4.03e-103	286
MDA7638461.1	QIZ20717.1	93.858	521	32	0	1	521	1	521	0.0	980
MDA7638462.1	QIZ20718.1	94.483	145	8	0	1	145	1	145	7.65e-96	268
MDA7638463.1	QIZ20719.1	96.648	358	12	0	1	358	1	358	0.0	682
MDA7638464.1	QIZ20720.1	98.030	203	4	0	1	203	1	203	6.97e-144	395
MDA7638465.1	QIZ20721.1	95.033	302	15	0	1	302	1	302	0.0	586
MDA7638466.1	QIZ20722.1	95.506	267	12	0	1	267	1	267	6.00e-177	484
MDA7638467.1	QIZ20723.1	92.558	215	16	0	1	215	1	215	1.63e-152	417
MDA7638468.1	QIZ20724.1	89.604	404	42	0	1	404	1	404	0.0	763
MDA7638469.1	QIZ20725.1	93.926	889	54	0	1	889	1	889	0.0	1702
MDA7638470.1	QIZ20726.1	96.325	381	14	0	1	381	1	381	0.0	744
MDA7638471.1	QIZ20727.1	66.898	432	142	1	1	431	1	432	0.0	543
MDA7638472.1	QIZ20728.1	94.481	308	17	0	1	308	1	308	0.0	566
MDA7638473.1	QIZ20729.1	93.333	120	8	0	1	120	1	120	4.13e-83	234
MDA7638474.1	QIZ20730.1	85.714	189	27	0	1	189	1	189	5.09e-119	331
MDA7638475.1	QIZ20731.1	96.947	131	4	0	1	131	1	131	1.55e-92	259
MDA7638476.1	QIZ20732.1	94.353	425	24	0	1	425	1	425	0.0	832
MDA7638480.1	QIZ20733.1	57.639	288	122	0	2	289	3	290	1.57e-112	322
MDA7638482.1	QIZ20734.1	90.000	180	18	0	1	180	1	180	9.80e-111	309
MDA7638483.1	QIZ20735.1	58.462	260	104	2	1	260	1	256	5.60e-90	263
MDA7638485.1	QIZ20736.1	80.676	207	40	0	1	207	1	207	6.65e-130	360
MDA7638486.1	QIZ20737.1	94.379	338	19	0	1	338	1	338	0.0	636
MDA7638487.1	QIZ20738.1	95.283	106	5	0	1	106	1	106	3.69e-75	213
MDA7638488.1	QIZ20739.1	86.561	253	34	0	1	253	1	253	3.58e-160	440
MDA7638489.1	QIZ20740.1	98.574	631	9	0	1	631	1	631	0.0	1283
MDA7638490.1	QIZ20741.1	98.182	110	2	0	1	110	1	110	1.84e-71	204
MDA7638491.1	QIZ20742.1	96.083	434	17	0	1	434	1	434	0.0	866
MDA7638492.1	QIZ20743.1	93.537	294	19	0	1	294	1	294	0.0	557
MDA7638493.1	QIZ20744.1	97.568	329	8	0	1	329	1	329	0.0	664
MDA7638494.1	QIZ20745.1	92.058	277	22	0	1	277	1	277	0.0	518
MDA7638495.1	QIZ20746.1	97.856	886	19	0	1	886	1	886	0.0	1783
MDA7638496.1	QIZ20747.1	93.459	688	45	0	1	688	1	688	0.0	1283
MDA7638497.1	QIZ20748.1	98.299	294	5	0	1	294	1	294	0.0	610
MDA7638498.1	QIZ20749.1	98.507	268	4	0	1	268	1	268	0.0	520
MDA7638499.1	QIZ20750.1	97.329	337	9	0	1	337	1	337	0.0	662
MDA7638500.1	QIZ20751.1	93.750	208	13	0	1	208	1	208	1.68e-147	404
MDA7638501.1	QIZ20752.1	97.778	360	8	0	1	360	1	360	0.0	731
MDA7638502.1	QIZ20753.1	95.918	637	26	0	1	637	1	637	0.0	1270
MDA7638503.1	QIZ20754.1	93.448	290	19	0	1	290	1	290	0.0	520
MDA7638504.1	QIZ20755.1	91.358	81	7	0	1	81	1	81	4.55e-47	140
MDA7638505.1	QIZ20756.1	91.463	246	21	0	1	246	1	246	5.96e-165	454
MDA7638506.1	QIZ20321.1	84.688	320	45	1	1	316	266	585	0.0	582
MDA7638507.1	QIZ20322.1	98.974	195	2	0	1	195	1	195	3.27e-138	380
MDA7638508.1	QIZ20323.1	94.142	239	14	0	1	239	1	239	9.76e-155	425
MDA7638509.1	QIZ20324.1	91.406	128	11	0	1	128	1	128	1.62e-80	228
MDA7638510.1	QIZ20325.1	94.672	244	13	0	1	244	1	244	2.50e-171	468
MDA7638511.1	QIZ20326.1	94.144	222	13	0	1	222	1	222	2.45e-152	417
MDA7638512.1	QIZ20327.1	96.018	226	9	0	1	226	1	226	4.79e-159	435
MDA7638513.1	QIZ20328.1	95.137	329	16	0	1	329	1	329	0.0	636
MDA7638514.1	QIZ20329.1	85.052	194	29	0	3	196	20	213	1.65e-129	358
MDA7638515.1	QIZ20330.1	91.489	141	12	0	1	141	1	141	4.62e-95	266
MDA7638516.1	QIZ20331.1	98.624	436	6	0	1	436	1	436	0.0	891
MDA7638517.1	QIZ20332.1	97.368	152	4	0	1	152	1	152	2.72e-108	300
MDA7638519.1	QIZ20333.1	83.756	197	32	0	1	197	1	197	1.29e-120	335
MDA7638520.1	QIZ20334.1	98.361	366	6	0	1	366	1	366	0.0	714
MDA7638521.1	QIZ20335.1	94.531	128	7	0	1	128	1	128	9.75e-87	244
MDA7638522.1	QIZ20336.1	98.507	134	2	0	1	134	1	134	7.03e-95	265
MDA7638523.1	QIZ20337.1	90.596	319	30	0	1	319	1	319	0.0	541
MDA7638524.1	QIZ20338.1	98.431	701	11	0	1	701	1	701	0.0	1351
MDA7638525.1	QIZ20339.1	82.734	139	24	0	15	153	15	153	4.01e-84	239
MDA7638526.1	QIZ20340.1	93.056	144	10	0	12	155	12	155	3.03e-84	240
MDA7638527.1	QIZ20341.1	93.333	60	4	0	1	60	1	60	3.02e-38	116
MDA7638528.1	QIZ20342.1	93.656	331	21	0	1	331	1	331	0.0	627
MDA7638529.1	QIZ20343.1	92.929	99	7	0	1	99	1	99	3.21e-62	180
MDA7638530.1	QIZ20344.1	95.200	125	6	0	1	125	1	125	6.08e-81	229
MDA7638531.1	QIZ20345.1	96.825	63	2	0	1	63	1	63	1.95e-40	122
MDA7638532.1	QIZ20346.1	96.875	96	3	0	1	96	1	96	1.65e-60	175
MDA7638533.1	QIZ20347.1	90.774	336	31	0	1	336	1	336	0.0	557
MDA7638534.1	QIZ20348.1	98.416	442	7	0	1	442	1	442	0.0	899
MDA7638535.1	QIZ20349.1	98.039	153	3	0	1	153	1	153	1.18e-110	306
MDA7638536.1	QIZ20350.1	97.315	149	4	0	1	149	1	149	4.73e-108	300
MDA7638537.1	QIZ20351.1	90.588	340	32	0	33	372	1	340	0.0	623
MDA7638538.1	QIZ20352.1	83.784	74	12	0	1	74	1	74	8.48e-42	126
MDA7638539.1	QIZ20353.1	96.512	430	15	0	1	430	1	430	0.0	825
MDA7638540.1	QIZ20354.1	93.333	300	20	0	1	300	1	300	0.0	551
MDA7638541.1	QIZ20355.1	98.936	282	3	0	1	282	1	282	0.0	555
MDA7638542.1	QIZ20356.1	93.478	92	6	0	1	92	4	95	7.10e-60	173
MDA7638543.1	QIZ20357.1	91.724	145	12	0	1	145	1	145	7.27e-100	278
MDA7638544.1	QIZ20358.1	97.521	121	2	1	13	133	1	120	9.18e-87	244
MDA7638545.1	QIZ20359.1	62.893	318	105	2	1	318	1	305	3.70e-151	422
MDA7638549.1	QIZ20846.1	34.848	264	155	6	7	268	19	267	1.75e-30	113
MDA7638550.1	QIZ20795.1	51.471	340	157	5	1	338	1	334	1.19e-115	334
MDA7638553.1	QIZ20793.1	53.425	292	133	2	1	290	1	291	5.05e-107	308
MDA7638554.1	QIZ20360.1	44.492	699	372	9	1	692	7	696	0.0	537
MDA7638555.1	QIZ20361.1	59.494	79	32	0	1	79	1	79	3.94e-30	98.2
MDA7638556.1	QIZ20362.1	83.511	564	93	0	1	564	1	564	0.0	951
MDA7638557.1	QIZ20363.1	88.571	315	36	0	1	315	1	315	0.0	571
MDA7638558.1	QIZ20364.1	92.705	329	24	0	1	329	1	329	0.0	623
MDA7638559.1	QIZ20365.1	95.699	93	4	0	1	93	1	93	2.49e-62	179
MDA7638560.1	QIZ20366.1	68.235	170	52	1	1	170	1	168	7.84e-78	225
MDA7638561.1	QIZ20367.1	95.897	390	16	0	1	390	1	390	0.0	672
MDA7638562.1	QIZ20368.1	89.412	170	18	0	1	170	1	170	2.14e-113	315
MDA7638563.1	QIZ20369.1	88.327	257	30	0	1	257	1	257	6.06e-171	468
MDA7638564.1	QIZ20370.1	91.732	254	21	0	1	254	1	254	5.18e-167	457
MDA7638565.1	QIZ20371.1	93.478	506	33	0	1	506	8	513	0.0	981
MDA7638566.1	QIZ20619.1	89.674	184	19	0	1	184	65	248	3.27e-91	262
MDA7638567.1	QIZ20620.1	93.878	196	12	0	1	196	1	196	4.65e-126	349
MDA7638568.1	QIZ20621.1	92.715	302	22	0	1	302	1	302	0.0	555
MDA7638569.1	QIZ20622.1	97.288	295	8	0	1	295	1	295	0.0	563
MDA7638570.1	QIZ20623.1	88.679	159	18	0	1	159	1	159	7.19e-94	265
MDA7638571.1	QIZ20624.1	99.359	468	3	0	1	468	1	468	0.0	968
MDA7638573.1	QIZ20625.1	100.000	110	0	0	1	110	1	110	5.67e-78	221
MDA7638574.1	QIZ20626.1	96.939	98	3	0	1	98	1	98	6.24e-67	192
MDA7638575.1	QIZ20627.1	85.161	155	23	0	1	155	1	155	8.61e-97	272
MDA7638576.1	QIZ20628.1	82.921	404	69	0	1	404	1	404	0.0	729
MDA7638577.1	QIZ20629.1	58.663	404	166	1	1	403	12	415	5.20e-161	455
MDA7638578.1	QIZ20630.1	79.012	243	51	0	1	243	1	243	9.65e-139	385
MDA7638579.1	QIZ20631.1	91.458	480	41	0	1	480	1	480	0.0	924
MDA7638580.1	QIZ20632.1	93.617	141	9	0	1	141	1	141	3.86e-97	271
MDA7638581.1	QIZ20633.1	99.083	218	2	0	1	218	1	218	2.37e-166	452
MDA7638582.1	QIZ20634.1	87.733	375	46	0	1	375	1	375	0.0	680
MDA7638583.1	QIZ20635.1	94.377	409	23	0	1	409	1	409	0.0	766
MDA7638584.1	QIZ20636.1	81.507	730	135	0	1	730	1	730	0.0	1105
MDA7638585.1	QIZ20863.1	41.975	243	133	5	104	342	104	342	2.58e-54	178
MDA7638587.1	QIZ20637.1	94.983	598	30	0	1	598	1	598	0.0	1099
MDA7638588.1	QIZ20638.1	97.665	257	6	0	1	257	1	257	0.0	506
MDA7638590.1	QIZ20640.1	92.647	136	10	0	10	145	10	145	1.06e-91	258
MDA7638591.1	QIZ20641.1	87.943	141	17	0	1	141	1	141	2.92e-87	246
MDA7638592.1	QIZ20642.1	97.079	445	13	0	1	445	1	445	0.0	905
MDA7638593.1	QIZ20643.1	85.606	132	19	0	1	132	1	132	1.05e-74	214
MDA7638594.1	QIZ20644.1	95.798	119	5	0	1	119	1	119	9.03e-83	233
MDA7638595.1	QIZ20645.1	98.168	273	5	0	1	273	1	273	0.0	544
MDA7638596.1	QIZ20646.1	95.623	594	26	0	1	594	1	594	0.0	1176
MDA7638597.1	QIZ20647.1	95.909	220	9	0	1	220	5	224	1.05e-139	385
MDA7638598.1	QIZ20648.1	83.962	106	17	0	1	106	254	359	1.36e-54	169
MDA7638599.1	QIZ20516.1	95.543	359	16	0	1	359	1	359	0.0	629
MDA7638600.1	QIZ20515.1	62.346	324	122	0	1	324	1	324	5.51e-149	417
MDA7638601.1	QIZ20514.1	68.362	354	111	1	1	353	1	354	1.25e-167	468
MDA7638602.1	QIZ20513.1	95.361	388	18	0	1	388	1	388	0.0	776
MDA7638603.1	QIZ20512.1	97.872	94	2	0	1	94	1	94	1.96e-63	182
MDA7638604.1	QIZ20511.1	98.308	591	10	0	1	591	4	594	0.0	1209
MDA7638605.1	QIZ20510.1	91.244	434	38	0	1	434	1	434	0.0	818
MDA7638607.1	QIZ20500.1	92.167	383	30	0	1	383	1	383	0.0	751
MDA7638608.1	QIZ20499.1	92.636	258	19	0	1	258	1	258	7.17e-172	470
MDA7638609.1	QIZ20498.1	95.181	249	12	0	13	261	18	266	5.13e-162	446
MDA7638610.1	QIZ20497.1	93.254	252	17	0	1	252	1	252	1.69e-164	451
MDA7638611.1	QIZ20496.1	98.469	196	3	0	1	196	1	196	6.63e-135	371
MDA7638612.1	QIZ20495.1	96.610	531	18	0	1	531	1	531	0.0	1079
MDA7638613.1	QIZ20494.1	97.177	248	7	0	1	248	1	248	0.0	493
MDA7638614.1	QIZ20493.1	92.701	137	10	0	1	137	1	137	7.12e-90	253
MDA7638615.1	QIZ20492.1	96.124	258	10	0	1	258	1	258	0.0	504
MDA7638616.1	QIZ20491.1	97.036	506	15	0	1	506	1	506	0.0	1017
MDA7638617.1	QIZ20490.1	96.753	308	10	0	1	308	1	308	0.0	609
MDA7638618.1	QIZ20489.1	97.521	363	9	0	1	363	1	363	0.0	736
MDA7638619.1	QIZ20488.1	96.347	219	8	0	1	219	1	219	1.05e-161	441
MDA7638620.1	QIZ20487.1	98.639	441	6	0	1	441	1	441	0.0	840
MDA7638621.1	QIZ20486.1	98.311	296	5	0	1	296	1	296	0.0	568
MDA7638622.1	QIZ20485.1	95.106	470	23	0	1	470	16	485	0.0	840
MDA7638623.1	QIZ20484.1	97.581	248	6	0	1	248	1	248	0.0	494
MDA7638624.1	QIZ20483.1	94.884	215	11	0	1	215	1	215	7.95e-149	408
MDA7638626.1	QIZ20482.1	79.286	140	29	0	1	140	1	140	1.57e-84	239
MDA7638627.1	QIZ20481.1	73.636	220	58	0	1	220	1	220	1.55e-120	337
MDA7638628.1	QIZ20480.1	65.882	170	58	0	13	182	13	182	5.16e-81	234
MDA7638630.1	QIZ21052.1	98.337	421	7	0	1	421	1	421	0.0	837
MDA7638631.1	QIZ21051.1	54.545	550	239	4	10	555	12	554	0.0	564
MDA7638632.1	QIZ21050.1	93.228	443	30	0	1	443	1	443	0.0	822
MDA7638633.1	QIZ21049.1	94.864	623	32	0	1	623	1	623	0.0	1205
MDA7638634.1	QIZ21048.1	84.977	213	32	0	1	213	1	213	2.49e-134	371
MDA7638635.1	QIZ21047.1	92.803	264	19	0	1	264	1	264	0.0	504
MDA7638636.1	QIZ21046.1	87.633	283	34	1	1	283	1	282	1.48e-180	494
MDA7638637.1	QIZ21045.1	81.873	331	60	0	1	331	1	331	0.0	546
MDA7638638.1	QIZ21044.1	54.930	142	60	1	15	156	17	154	5.77e-45	140
MDA7638639.1	QIZ21043.1	86.493	844	114	0	1	844	1	844	0.0	1524
MDA7638640.1	QIZ21042.1	71.823	181	48	2	1	181	1	178	1.12e-89	256
MDA7638641.1	QIZ21041.1	38.710	341	183	10	1	327	1	329	2.83e-54	176
MDA7638642.1	QIZ21040.1	78.333	180	39	0	1	180	1	180	4.59e-99	280
MDA7638643.1	QIZ21039.1	79.630	216	43	1	1	215	1	216	6.38e-124	345
MDA7638644.1	QIZ21038.1	81.481	162	30	0	1	162	1	162	1.89e-90	256
MDA7638645.1	QIZ21037.1	79.793	193	39	0	1	193	1	193	8.98e-103	290
MDA7638646.1	QIZ21036.1	87.055	309	40	0	1	309	1	309	0.0	553
MDA7638647.1	QIZ21035.1	90.500	200	19	0	18	217	18	217	2.01e-141	390
MDA7638648.1	QIZ21034.1	91.473	258	22	0	1	258	1	258	1.46e-175	479
MDA7638649.1	QIZ21033.1	97.319	373	10	0	1	373	1	373	0.0	743
MDA7638650.1	QIZ21032.1	98.151	649	12	0	1	649	1	649	0.0	1276
MDA7638651.1	QIZ21031.1	86.256	211	29	0	1	211	1	211	8.07e-131	362
MDA7638652.1	QIZ21030.1	91.500	200	17	0	1	200	1	200	7.93e-124	343
MDA7638653.1	QIZ21029.1	89.556	383	40	0	1	383	1	383	0.0	672
MDA7638654.1	QIZ21028.1	91.289	287	25	0	1	287	1	287	0.0	509
MDA7638655.1	QIZ21027.1	94.924	197	10	0	1	197	1	197	8.43e-135	371
MDA7638656.1	QIZ21026.1	92.793	222	16	0	1	222	540	761	4.19e-150	431
MDA7638657.1	QIZ20767.1	96.183	131	5	0	16	146	16	146	2.20e-86	255
MDA7638658.1	QIZ20768.1	97.026	269	8	0	1	269	1	269	0.0	521
MDA7638659.1	QIZ20769.1	100.000	138	0	0	1	138	1	138	1.70e-98	275
MDA7638660.1	QIZ20770.1	99.107	224	2	0	1	224	1	224	3.83e-163	445
MDA7638661.1	QIZ20771.1	95.122	164	8	0	1	164	1	164	8.91e-117	323
MDA7638662.1	QIZ20772.1	97.917	240	5	0	1	240	1	240	2.96e-177	482
MDA7638663.1	QIZ20773.1	94.030	268	16	0	1	268	1	268	0.0	523
MDA7638664.1	QIZ20774.1	85.083	181	27	0	1	181	1	181	3.38e-110	308
MDA7638665.1	QIZ20775.1	95.270	148	7	0	1	148	1	148	1.09e-99	278
MDA7638666.1	QIZ20776.1	95.327	107	5	0	1	107	1	107	2.80e-66	191
MDA7638667.1	QIZ20777.1	92.178	652	51	0	1	652	1	652	0.0	1247
MDA7638668.1	QIZ20778.1	95.821	335	14	0	1	335	1	335	0.0	659
MDA7638669.1	QIZ20779.1	89.541	392	41	0	1	392	1	392	0.0	693
MDA7638670.1	QIZ20780.1	89.881	336	34	0	1	336	1	336	0.0	629
MDA7638671.1	QIZ20781.1	89.372	207	22	0	1	207	1	207	1.99e-117	328
MDA7638672.1	QIZ20782.1	97.849	186	4	0	1	186	1	186	3.26e-136	374
MDA7638673.1	QIZ20783.1	95.528	246	11	0	1	246	1	246	5.61e-176	479
MDA7638674.1	QIZ20784.1	98.684	76	1	0	1	76	1	76	1.48e-53	156
MDA7638675.1	QIZ20785.1	94.872	195	10	0	1	195	1	195	1.39e-129	358
MDA7638676.1	QIZ20786.1	100.000	64	0	0	1	64	1	64	4.42e-39	119
MDA7638677.1	QIZ20853.1	52.155	232	111	0	1	232	7	238	3.38e-83	244
MDA7638678.1	QIZ20788.1	95.474	464	21	0	1	464	1	464	0.0	894
MDA7638679.1	QIZ20789.1	98.039	102	2	0	1	102	1	102	2.73e-70	200
MDA7638680.1	QIZ20790.1	87.845	362	44	0	1	362	1	362	0.0	643
MDA7638682.1	QIZ20792.1	100.000	41	0	0	1	41	1	41	1.01e-23	78.6
MDA7638688.1	QIZ20846.1	37.190	242	138	3	8	248	37	265	1.11e-39	138
MDA7638689.1	QIZ21144.1	98.230	452	8	0	1	452	1	452	0.0	893
MDA7638690.1	QIZ21143.1	95.620	274	12	0	1	274	1	274	0.0	499
MDA7638691.1	QIZ21142.1	96.721	305	10	0	1	305	1	305	0.0	591
MDA7638692.1	QIZ21141.1	93.583	187	12	0	1	187	1	187	2.13e-128	354
MDA7638693.1	QIZ21140.1	96.691	272	9	0	1	272	1	272	0.0	530
MDA7638694.1	QIZ21139.1	93.857	293	18	0	1	293	1	293	0.0	515
MDA7638695.1	QIZ21138.1	89.831	59	6	0	1	59	1	59	4.74e-35	108
MDA7638696.1	QIZ21137.1	96.629	445	15	0	1	445	1	445	0.0	889
MDA7638697.1	QIZ21136.1	99.779	453	1	0	1	453	1	453	0.0	893
MDA7638698.1	QIZ21135.1	95.385	195	9	0	1	195	1	195	2.24e-142	390
MDA7638699.1	QIZ21134.1	99.221	385	3	0	1	385	1	385	0.0	793
MDA7638700.1	QIZ21133.1	94.678	357	19	0	1	357	1	357	0.0	697
MDA7638701.1	QIZ21132.1	95.822	359	15	0	1	359	1	359	0.0	690
MDA7638702.1	QIZ21131.1	99.645	282	1	0	1	282	1	282	0.0	553
MDA7638703.1	QIZ21130.1	99.650	286	1	0	1	286	1	286	0.0	565
MDA7638704.1	QIZ21129.1	97.652	511	12	0	1	511	1	511	0.0	1032
MDA7638705.1	QIZ21128.1	99.433	353	2	0	1	353	1	353	0.0	709
MDA7638706.1	QIZ21127.1	91.160	362	30	1	1	362	1	360	0.0	637
MDA7638707.1	QIZ21126.1	93.827	405	22	1	1	405	1	402	0.0	688
MDA7638708.1	QIZ21125.1	96.215	317	12	0	1	317	1	317	0.0	623
MDA7638709.1	QIZ21124.1	98.687	457	6	0	1	457	1	457	0.0	932
MDA7638714.1	QIZ20844.1	30.495	364	215	13	29	382	32	367	3.27e-34	125
MDA7638722.1	QIZ20837.1	28.302	583	365	8	22	574	26	585	9.37e-74	242
MDA7638724.1	QIZ20879.1	33.504	391	223	9	40	424	12	371	1.96e-51	174
MDA7638726.1	QIZ20600.1	28.352	261	155	6	7	254	5	246	1.85e-24	94.0
MDA7638732.1	QIZ21479.1	93.487	261	17	0	7	267	457	717	1.06e-176	500
MDA7638732.1	QIZ21479.1	28.507	221	157	1	45	265	172	391	4.69e-26	102
MDA7638733.1	QIZ21480.1	92.135	445	35	0	1	445	1	445	0.0	872
MDA7638734.1	QIZ21481.1	92.105	342	27	0	1	342	1	342	0.0	640
MDA7638735.1	QIZ21482.1	96.825	63	2	0	1	63	1	63	4.50e-40	121
MDA7638736.1	QIZ20488.1	27.027	185	102	3	1	159	31	208	9.62e-21	80.9
MDA7638737.1	QIZ20203.1	29.493	434	299	6	11	441	6	435	5.99e-63	206
MDA7638739.1	QIZ20661.1	37.652	247	142	6	5	247	6	244	1.42e-40	135
MDA7638740.1	QIZ20491.1	28.095	420	287	6	26	435	63	477	1.93e-55	188
MDA7638741.1	QIZ21483.1	86.528	386	52	0	3	388	2	387	0.0	700
MDA7638742.1	QIZ21484.1	90.494	263	25	0	1	263	1	263	8.61e-180	490
MDA7638743.1	QIZ21485.1	98.217	561	10	0	1	561	1	561	0.0	1131
MDA7638744.1	QIZ21486.1	97.129	418	12	0	1	418	1	418	0.0	850
MDA7638745.1	QIZ21487.1	97.727	88	2	0	1	88	1	88	8.25e-65	186
MDA7638746.1	QIZ21488.1	96.894	998	31	0	1	998	1	998	0.0	2014
MDA7638747.1	QIZ21489.1	87.179	195	25	0	1	195	1	195	3.39e-126	349
MDA7638748.1	QIZ21490.1	97.173	283	8	0	7	289	1	283	0.0	538
MDA7638749.1	QIZ21491.1	82.524	103	18	0	1	103	1	103	1.67e-46	140
MDA7638750.1	QIZ21492.1	94.521	146	8	0	1	146	1	146	1.96e-101	283
MDA7638751.1	QIZ21493.1	92.742	248	18	0	1	248	1	248	1.89e-164	450
MDA7638752.1	QIZ21494.1	96.364	55	2	0	1	55	61	115	1.62e-35	111
MDA7638753.1	QIZ20992.1	99.029	103	1	0	1	103	1	103	1.18e-67	203
MDA7638754.1	QIZ20993.1	97.021	470	14	0	1	470	1	470	0.0	925
MDA7638755.1	QIZ20994.1	97.674	86	2	0	1	86	1	86	2.11e-53	157
MDA7638756.1	QIZ20995.1	93.380	287	19	0	1	287	1	287	0.0	508
MDA7638757.1	QIZ20996.1	96.154	234	9	0	1	234	1	234	9.32e-171	465
MDA7638758.1	QIZ20997.1	97.126	522	15	0	1	522	1	522	0.0	1026
MDA7638759.1	QIZ20998.1	92.768	401	29	0	1	401	1	401	0.0	761
MDA7638760.1	QIZ20999.1	95.862	145	6	0	1	145	1	145	6.16e-101	281
MDA7638761.1	QIZ21000.1	97.610	251	6	0	1	251	1	251	3.74e-177	483
MDA7638762.1	QIZ21001.1	91.946	149	12	0	1	149	1	149	2.99e-96	270
MDA7638763.1	QIZ21002.1	92.386	197	15	0	1	197	1	197	6.47e-136	374
MDA7638764.1	QIZ21003.1	96.163	443	17	0	1	443	1	443	0.0	894
MDA7638765.1	QIZ21004.1	98.551	138	2	0	1	138	1	138	2.62e-100	279
MDA7638766.1	QIZ21005.1	95.745	141	6	0	1	141	1	141	6.35e-99	276
MDA7638767.1	QIZ21006.1	97.590	166	4	0	1	166	1	166	3.12e-120	332
MDA7638768.1	QIZ21007.1	87.593	403	50	0	1	403	1	403	0.0	746
MDA7638769.1	QIZ21008.1	97.701	261	6	0	1	261	1	261	0.0	525
MDA7638770.1	QIZ21009.1	92.063	126	10	0	1	126	1	126	9.59e-87	244
MDA7638771.1	QIZ21010.1	96.677	662	22	0	1	662	29	690	0.0	1307
MDA7638772.1	QIZ20453.1	96.749	1138	37	0	1	1138	1	1138	0.0	2246
MDA7638774.1	QIZ20452.1	95.760	283	12	0	1	283	1	283	0.0	536
MDA7638775.1	QIZ20451.1	96.532	173	6	0	1	173	11	183	1.67e-121	336
MDA7638776.1	QIZ20450.1	82.857	140	24	0	1	140	1	140	8.87e-71	208
MDA7638777.1	QIZ20450.1	89.091	55	6	0	1	55	171	225	1.40e-31	104
MDA7638778.1	QIZ20449.1	85.909	220	31	0	1	220	1	220	3.87e-119	333
MDA7638779.1	QIZ20448.1	85.567	388	56	0	1	388	1	388	0.0	659
MDA7638781.1	QIZ20447.1	59.538	173	69	1	1	172	1	173	1.81e-56	171
MDA7638782.1	QIZ20446.1	94.521	146	8	0	5	150	1	146	4.07e-104	290
MDA7638783.1	QIZ20445.1	85.583	326	47	0	1	326	1	326	0.0	553
MDA7638784.1	QIZ20444.1	94.231	260	15	0	1	260	1	260	0.0	499
MDA7638785.1	QIZ20443.1	89.272	261	28	0	1	261	1	261	9.11e-148	409
MDA7638786.1	QIZ20442.1	91.799	378	31	0	1	378	1	378	0.0	665
MDA7638787.1	QIZ20441.1	91.489	235	20	0	1	235	232	466	4.22e-153	429
MDA7638790.1	QIZ20416.1	33.482	224	138	4	1	222	5	219	2.13e-38	129
MDA7638794.1	QIZ20411.1	99.060	319	3	0	1	319	3	321	0.0	636
MDA7638795.1	QIZ20408.1	86.389	360	10	1	1	321	1	360	0.0	619
MDA7638796.1	QIZ20407.1	97.610	251	6	0	1	251	1	251	0.0	500
MDA7638797.1	QIZ20406.1	95.131	267	13	0	1	267	1	267	0.0	494
MDA7638798.1	QIZ20405.1	93.233	133	9	0	1	133	1	133	1.55e-89	251
MDA7638799.1	QIZ20404.1	96.687	332	11	0	1	332	1	332	0.0	654
MDA7638800.1	QIZ20403.1	96.899	258	8	0	1	258	1	258	0.0	520
MDA7638801.1	QIZ20402.1	98.095	105	2	0	1	105	1	105	1.06e-72	207
MDA7638802.1	QIZ20401.1	95.676	370	16	0	1	370	1	370	0.0	694
MDA7638803.1	QIZ20400.1	95.147	577	28	0	1	577	1	577	0.0	1111
MDA7638804.1	QIZ20399.1	94.253	87	5	0	1	87	1	87	3.68e-52	154
MDA7638805.1	QIZ20398.1	92.722	316	23	0	1	316	1	316	0.0	588
MDA7638806.1	QIZ20397.1	97.967	246	5	0	1	246	1	246	1.42e-176	481
MDA7638807.1	QIZ20396.1	94.000	100	6	0	9	108	12	111	1.82e-65	193
MDA7638808.1	QIZ21526.1	86.747	83	11	0	15	97	15	97	1.74e-53	157
MDA7638809.1	QIZ21527.1	96.165	339	13	0	1	339	1	339	0.0	679
MDA7638810.1	QIZ21528.1	98.361	61	1	0	1	61	1	61	9.27e-41	123
MDA7638811.1	QIZ21529.1	92.216	167	13	0	2	168	1	167	4.47e-119	329
MDA7638812.1	QIZ21530.1	93.878	539	30	1	1	539	1	536	0.0	971
MDA7638813.1	QIZ21531.1	96.307	352	13	0	1	352	1	352	0.0	693
MDA7638814.1	QIZ21532.1	97.414	232	6	0	1	232	1	232	2.23e-165	451
MDA7638815.1	QIZ21533.1	98.058	103	2	0	1	103	1	103	3.39e-70	200
MDA7638816.1	QIZ21534.1	94.262	122	7	0	1	122	1	122	1.35e-74	213
MDA7638817.1	QIZ21536.1	96.018	226	9	0	1	226	1	226	1.38e-163	446
MDA7638818.1	QIZ21537.1	93.691	317	20	0	1	317	1	317	0.0	563
MDA7638819.1	QIZ21538.1	87.764	237	29	0	1	237	1	237	4.96e-145	400
MDA7638820.1	QIZ21539.1	81.143	175	33	0	1	175	6	180	1.76e-93	265
MDA7638821.1	QIZ21540.1	89.116	147	16	0	1	147	1	147	4.91e-97	271
MDA7638822.1	QIZ21513.1	42.085	796	451	7	21	809	18	810	0.0	638
MDA7638823.1	QIZ21541.1	94.349	814	46	0	1	814	1	814	0.0	1582
MDA7638824.1	QIZ21516.1	98.846	260	3	0	1	260	1	260	0.0	532
MDA7638825.1	QIZ21515.1	96.530	317	11	0	1	317	1	317	0.0	623
MDA7638826.1	QIZ21514.1	94.779	249	13	0	1	249	1	249	5.05e-173	472
MDA7638827.1	QIZ21513.1	99.383	810	5	0	1	810	1	810	0.0	1669
MDA7638828.1	QIZ21512.1	89.024	164	18	0	4	167	3	166	1.48e-101	285
MDA7638829.1	QIZ21511.1	86.243	189	26	0	1	189	1	189	1.93e-124	344
MDA7638831.1	QIZ21510.1	51.880	133	64	0	1	133	6	138	1.80e-47	146
MDA7638832.1	QIZ21509.1	93.870	261	16	0	1	261	1	261	0.0	496
MDA7638833.1	QIZ21508.1	97.581	124	3	0	1	124	1	124	4.88e-91	254
MDA7638834.1	QIZ21507.1	73.134	134	36	0	1	134	1	134	8.34e-73	209
MDA7638835.1	QIZ21506.1	73.048	397	107	0	1	397	1	397	0.0	643
MDA7638836.1	QIZ21505.1	97.521	242	6	0	1	242	1	242	1.10e-177	483
MDA7638837.1	QIZ21504.1	98.009	452	9	0	1	452	1	452	0.0	929
MDA7638838.1	QIZ21503.1	97.790	181	4	0	1	181	1	181	1.78e-125	346
MDA7638840.1	QIZ21502.1	98.030	203	4	0	1	203	1	203	5.29e-145	397
MDA7638841.1	QIZ21501.1	97.059	170	5	0	1	170	381	550	1.83e-119	344
MDA7638842.1	QIZ20321.1	89.394	198	21	0	1	198	1	198	3.18e-128	369
MDA7638843.1	QIZ20320.1	93.642	173	11	0	1	173	1	173	9.97e-116	321
MDA7638844.1	QIZ20319.1	100.000	156	0	0	1	156	1	156	3.30e-113	313
MDA7638845.1	QIZ20318.1	94.881	293	15	0	1	293	1	293	0.0	575
MDA7638846.1	QIZ20317.1	93.487	737	47	1	1	737	1	736	0.0	1403
MDA7638847.1	QIZ20316.1	97.602	417	10	0	1	417	1	417	0.0	850
MDA7638848.1	QIZ20315.1	97.802	91	2	0	1	91	1	91	5.21e-67	191
MDA7638849.1	QIZ20314.1	94.012	1002	60	0	1	1002	1	1002	0.0	1989
MDA7638850.1	QIZ20313.1	87.166	187	24	0	1	187	1	187	2.47e-122	339
MDA7638851.1	QIZ20312.1	94.510	255	14	0	1	255	1	255	7.42e-172	469
MDA7638852.1	QIZ20311.1	97.561	246	6	0	1	246	1	246	1.51e-170	466
MDA7638853.1	QIZ20310.1	87.778	90	11	0	1	90	1	90	5.78e-57	166
MDA7638855.1	QIZ20306.1	91.304	161	14	0	1	161	1	161	3.60e-110	306
MDA7638856.1	QIZ20198.1	94.241	191	11	0	1	191	1	191	1.74e-96	281
MDA7638857.1	QIZ20197.1	97.232	289	8	0	1	289	1	289	0.0	580
MDA7638858.1	QIZ20196.1	92.462	199	15	0	1	199	1	199	4.57e-141	387
MDA7638859.1	QIZ20192.1	96.407	167	6	0	1	167	1	167	2.11e-118	327
MDA7638860.1	QIZ20191.1	89.130	184	20	0	1	184	1	184	7.00e-125	345
MDA7638861.1	QIZ20190.1	93.611	360	23	0	1	360	1	360	0.0	694
MDA7638862.1	QIZ20189.1	95.600	500	22	0	1	500	1	500	0.0	934
MDA7638863.1	QIZ20188.1	91.667	156	13	0	1	156	1	156	1.47e-101	284
MDA7638864.1	QIZ20187.1	89.877	326	33	0	1	326	1	326	0.0	572
MDA7638865.1	QIZ20185.1	88.793	348	39	0	14	361	7	354	0.0	548
MDA7638866.1	QIZ20184.1	90.260	308	30	0	1	308	1	308	0.0	551
MDA7638867.1	QIZ20183.1	91.473	129	11	0	1	129	1	129	9.97e-80	226
MDA7638868.1	QIZ20608.1	28.044	271	181	7	3	260	5	274	3.61e-23	91.3
MDA7638869.1	QIZ20182.1	98.661	224	3	0	1	224	1	224	5.45e-161	439
MDA7638870.1	QIZ20181.1	98.261	230	4	0	1	230	1	230	6.12e-165	450
MDA7638871.1	QIZ20698.1	99.078	217	2	0	1	217	176	392	5.80e-160	443
MDA7638872.1	QIZ20697.1	98.901	182	2	0	1	182	1	182	9.71e-134	367
MDA7638873.1	QIZ20696.1	95.257	253	12	0	1	253	1	253	0.0	499
MDA7638875.1	QIZ20695.1	93.893	131	8	0	1	131	25	155	3.93e-66	193
MDA7638876.1	QIZ20694.1	98.365	367	6	0	1	367	1	367	0.0	749
MDA7638877.1	QIZ20693.1	62.570	179	57	2	1	170	1	178	3.23e-74	216
MDA7638878.1	QIZ20692.1	85.336	491	72	0	1	491	1	491	0.0	892
MDA7638879.1	QIZ20691.1	98.807	922	11	0	1	922	1	922	0.0	1911
MDA7638880.1	QIZ20690.1	97.101	552	16	0	1	552	1	552	0.0	1092
MDA7638881.1	QIZ20689.1	80.072	276	55	0	1	276	1	276	3.15e-166	457
MDA7638882.1	QIZ20687.1	95.031	161	8	0	1	161	1	161	8.69e-99	277
MDA7638883.1	QIZ20676.1	94.382	89	5	0	1	89	73	161	2.10e-45	139
MDA7638884.1	QIZ20679.1	96.000	75	3	0	1	75	1	75	7.44e-52	152
MDA7638886.1	QIZ21307.1	25.564	266	190	6	8	268	9	271	1.08e-26	102
MDA7638887.1	QIZ20680.1	78.488	344	74	0	4	347	3	346	0.0	575
MDA7638888.1	QIZ20681.1	98.098	368	7	0	4	371	3	370	0.0	756
MDA7638889.1	QIZ20682.1	97.037	405	12	0	1	405	1	405	0.0	818
MDA7638890.1	QIZ20683.1	97.010	301	9	0	1	301	1	301	0.0	573
MDA7638891.1	QIZ20684.1	94.458	415	23	0	1	415	1	415	0.0	753
MDA7638892.1	QIZ20685.1	96.040	202	8	0	1	202	1	202	1.54e-141	389
MDA7638893.1	QIZ20686.1	96.610	59	2	0	1	59	1	59	5.00e-40	123
MDA7638894.1	QIZ21016.1	91.784	499	41	0	15	513	19	517	0.0	857
MDA7638895.1	QIZ21015.1	97.686	389	9	0	1	389	1	389	0.0	789
MDA7638896.1	QIZ21014.1	99.057	530	5	0	1	530	1	530	0.0	1053
MDA7638897.1	QIZ21013.1	97.693	737	13	2	1	734	1	736	0.0	1442
MDA7638898.1	QIZ21012.1	97.541	122	3	0	1	122	1	122	2.00e-85	240
MDA7638899.1	QIZ21011.1	100.000	50	0	0	1	50	1	50	1.78e-31	99.8
MDA7638900.1	QIZ21151.1	99.213	127	1	0	1	127	461	587	2.44e-88	263
MDA7638901.1	QIZ21152.1	99.815	542	1	0	1	542	1	542	0.0	1124
MDA7638902.1	QIZ21153.1	93.023	258	18	0	1	258	1	258	0.0	499
MDA7638903.1	QIZ21154.1	95.935	369	15	0	1	369	1	369	0.0	717
MDA7638904.1	QIZ21155.1	95.495	333	15	0	1	333	1	333	0.0	654
MDA7638905.1	QIZ21156.1	93.701	127	8	0	1	127	1	127	1.47e-84	238
MDA7638906.1	QIZ21157.1	94.444	108	6	0	1	108	1	108	7.32e-61	177
MDA7638907.1	QIZ21158.1	99.254	134	1	0	1	134	1	134	2.07e-95	282
MDA7638908.1	QIZ21146.1	96.491	228	8	0	1	228	1	228	8.23e-165	449
MDA7638909.1	QIZ21148.1	98.929	467	5	0	1	467	1	467	0.0	959
MDA7638910.1	QIZ21149.1	99.015	203	2	0	1	203	9	211	8.09e-148	405
MDA7638911.1	QIZ21150.1	98.641	368	5	0	1	368	1	368	0.0	744
MDA7638912.1	QIZ21151.1	96.438	393	14	0	1	393	1	393	0.0	785
MDA7638913.1	QIZ20663.1	97.260	73	2	0	1	73	1	73	4.52e-49	146
MDA7638914.1	QIZ20662.1	95.161	310	15	0	1	310	1	310	0.0	574
MDA7638915.1	QIZ20661.1	96.735	245	8	0	1	245	3	247	2.20e-174	475
MDA7638916.1	QIZ20660.1	100.000	79	0	0	1	79	1	79	1.08e-50	149
MDA7638917.1	QIZ20659.1	94.762	210	11	0	1	210	1	210	1.72e-147	404
MDA7638918.1	QIZ20658.1	88.931	262	29	0	1	262	1	262	1.35e-170	467
MDA7638919.1	QIZ20657.1	89.688	320	33	0	1	320	1	320	0.0	537
MDA7638920.1	QIZ20656.1	75.600	250	61	0	1	250	56	305	4.90e-129	363
MDA7638921.1	QIZ20198.1	87.500	144	18	0	1	144	259	402	8.95e-84	247
MDA7638922.1	QIZ20199.1	94.286	175	7	1	1	172	1	175	1.14e-114	319
MDA7638923.1	QIZ20204.1	59.375	320	130	0	1	320	1	320	1.58e-149	419
MDA7638924.1	QIZ20205.1	47.328	262	137	1	1	261	16	277	1.21e-58	184
MDA7638925.1	QIZ20208.1	85.606	132	19	0	1	132	1	132	9.42e-77	219
MDA7638926.1	QIZ20210.1	88.776	490	55	0	11	500	11	500	0.0	849
MDA7638927.1	QIZ20758.1	98.976	293	3	0	1	293	1	293	0.0	593
MDA7638928.1	QIZ20759.1	99.070	430	4	0	1	430	1	430	0.0	865
MDA7638929.1	QIZ20760.1	97.407	270	7	0	1	270	1	270	0.0	520
MDA7638930.1	QIZ20761.1	94.211	190	11	0	1	190	254	443	8.15e-125	355
MDA7638931.1	QIZ20664.1	100.000	70	0	0	1	70	1	70	7.38e-48	141
MDA7638932.1	QIZ20665.1	96.711	152	5	0	1	152	1	152	3.70e-102	285
MDA7638933.1	QIZ20666.1	91.026	468	42	0	1	468	1	468	0.0	883
MDA7638934.1	QIZ20667.1	95.038	786	39	0	1	786	1	786	0.0	1439
MDA7638935.1	QIZ20618.1	95.783	166	7	0	3	168	1	166	8.18e-110	305
MDA7638936.1	QIZ20617.1	95.062	81	4	0	1	81	1	81	1.27e-55	162
MDA7638937.1	QIZ20616.1	96.731	520	17	0	57	576	62	581	0.0	1041
MDA7638938.1	QIZ20615.1	93.043	115	8	0	1	115	1	115	1.08e-80	228
MDA7638939.1	QIZ20614.1	95.767	189	8	0	3	191	1	189	1.60e-121	337
MDA7638940.1	QIZ20613.1	97.611	293	7	0	1	293	9	301	0.0	590
MDA7638941.1	QIZ20655.1	57.176	850	327	4	1	850	1	813	0.0	968
MDA7638942.1	QIZ20654.1	68.302	265	84	0	1	265	93	357	4.86e-114	328
MDA7638947.1	QIZ20372.1	88.500	200	23	0	1	200	1	200	1.95e-124	349
MDA7638948.1	QIZ20373.1	89.163	203	22	0	1	203	1	203	2.19e-121	338
MDA7638949.1	QIZ20374.1	92.689	383	28	0	1	383	1	383	0.0	721
MDA7638950.1	QIZ20375.1	80.451	133	26	0	1	133	120	252	1.80e-74	218
MDA7638952.1	QIZ20851.1	29.305	331	191	9	4	327	6	300	3.13e-33	121
MDA7638954.1	QIZ20911.1	72.193	187	51	1	1	187	1	186	5.36e-99	280
MDA7638955.1	QIZ20910.1	88.679	106	12	0	13	118	13	118	5.96e-72	206
