MDA8825098.1	QIZ20584.1	81.522	184	34	0	6	189	3	186	7.61e-111	310
MDA8825099.1	QIZ20585.1	86.567	268	36	0	1	268	1	268	2.73e-173	474
MDA8825100.1	QIZ20586.1	75.130	193	48	0	1	193	1	193	6.17e-111	310
MDA8825101.1	QIZ20587.1	81.702	235	43	0	1	235	1	235	3.85e-140	388
MDA8825102.1	QIZ20588.1	88.571	280	32	0	1	280	1	280	0.0	522
MDA8825103.1	QIZ20589.1	91.349	289	25	0	1	289	1	289	0.0	544
MDA8825104.1	QIZ20590.1	86.007	293	41	0	1	293	1	293	1.76e-166	459
MDA8825105.1	QIZ20591.1	95.357	280	13	0	1	280	1	280	0.0	548
MDA8825106.1	QIZ20592.1	97.571	247	6	0	1	247	1	247	0.0	498
MDA8825107.1	QIZ20593.1	96.616	591	20	0	1	591	1	591	0.0	1196
MDA8825108.1	QIZ20594.1	89.328	253	27	0	1	253	1	253	7.04e-168	459
MDA8825109.1	QIZ20599.1	82.000	300	54	0	1	300	1	300	0.0	528
MDA8825111.1	QIZ20511.1	24.359	546	343	16	64	572	49	561	8.08e-26	107
MDA8825112.1	QIZ20606.1	80.625	480	93	0	1	480	1	480	0.0	823
MDA8825114.1	QIZ20501.1	49.371	318	159	1	6	321	3	320	4.38e-103	301
MDA8825121.1	QIZ20416.1	30.568	229	139	5	1	222	1	216	4.58e-31	111
MDA8825123.1	QIZ20609.1	92.121	330	26	0	1	330	1	330	0.0	626
MDA8825124.1	QIZ20610.1	91.713	181	15	0	1	181	1	181	7.52e-123	340
MDA8825125.1	QIZ20611.1	80.952	84	16	0	1	84	1	84	8.37e-41	125
MDA8825126.1	QIZ20612.1	92.000	150	12	0	1	150	1	150	1.30e-91	258
MDA8825127.1	QIZ20613.1	90.698	301	28	0	1	301	1	301	0.0	576
MDA8825128.1	QIZ20614.1	95.513	156	7	0	1	156	34	189	1.39e-96	272
MDA8825129.1	QIZ20615.1	94.783	115	6	0	1	115	1	115	5.59e-82	231
MDA8825130.1	QIZ20616.1	95.528	559	25	0	23	581	23	581	0.0	1046
MDA8825131.1	QIZ20617.1	91.358	81	7	0	1	81	1	81	4.09e-53	155
MDA8825132.1	QIZ20618.1	97.590	166	4	0	1	166	1	166	6.88e-119	328
MDA8825133.1	QIZ20619.1	91.129	248	22	0	1	248	1	248	5.11e-136	379
MDA8825134.1	QIZ20620.1	93.878	196	12	0	1	196	1	196	1.63e-124	345
MDA8825135.1	QIZ20621.1	78.477	302	65	0	1	302	1	302	2.61e-172	475
MDA8825136.1	QIZ20622.1	87.119	295	38	0	1	295	1	295	1.60e-180	495
MDA8825137.1	QIZ20623.1	84.277	159	25	0	1	159	1	159	1.93e-90	256
MDA8825138.1	QIZ20624.1	97.863	468	10	0	1	468	1	468	0.0	958
MDA8825140.1	QIZ20625.1	100.000	110	0	0	1	110	1	110	5.67e-78	221
MDA8825141.1	QIZ20626.1	100.000	98	0	0	1	98	1	98	1.32e-68	196
MDA8825142.1	QIZ20627.1	85.897	156	22	0	1	156	1	156	2.11e-98	276
MDA8825143.1	QIZ20628.1	82.673	404	70	0	1	404	1	404	0.0	729
MDA8825144.1	QIZ20629.1	59.759	415	166	1	1	414	1	415	1.04e-169	477
MDA8825145.1	QIZ20630.1	80.247	243	48	0	1	243	1	243	6.96e-141	390
MDA8825146.1	QIZ20631.1	91.875	480	39	0	1	480	1	480	0.0	927
MDA8825147.1	QIZ20632.1	96.454	141	5	0	1	141	1	141	9.53e-100	278
MDA8825148.1	QIZ20633.1	99.541	218	1	0	1	218	1	218	1.25e-166	453
MDA8825149.1	QIZ20634.1	92.267	375	29	0	1	375	1	375	0.0	697
MDA8825150.1	QIZ20635.1	95.110	409	20	0	1	409	1	409	0.0	771
MDA8825151.1	QIZ20636.1	87.397	730	92	0	1	730	1	730	0.0	1175
MDA8825152.1	QIZ20863.1	41.975	243	133	5	104	342	104	342	2.18e-54	178
MDA8825154.1	QIZ20637.1	94.147	598	35	0	1	598	1	598	0.0	1090
MDA8825155.1	QIZ20638.1	98.444	257	4	0	1	257	1	257	0.0	513
MDA8825157.1	QIZ20640.1	94.118	136	8	0	10	145	10	145	2.40e-92	260
MDA8825158.1	QIZ20641.1	93.617	141	9	0	1	141	1	141	1.20e-93	263
MDA8825159.1	QIZ20642.1	97.973	444	9	0	1	444	1	444	0.0	909
MDA8825160.1	QIZ20643.1	78.519	135	26	1	1	135	1	132	1.88e-67	196
MDA8825161.1	QIZ20644.1	95.798	119	5	0	1	119	1	119	2.59e-82	232
MDA8825162.1	QIZ20645.1	94.872	273	14	0	1	273	1	273	0.0	529
MDA8825163.1	QIZ20646.1	95.791	594	25	0	1	594	1	594	0.0	1179
MDA8825164.1	QIZ20647.1	95.000	220	11	0	1	220	5	224	2.85e-139	384
MDA8825165.1	QIZ20648.1	91.086	359	32	0	1	359	1	359	0.0	624
MDA8825166.1	QIZ20649.1	92.105	342	27	0	1	342	1	342	0.0	603
MDA8825167.1	QIZ20650.1	88.542	192	22	0	1	192	1	192	3.99e-115	321
MDA8825168.1	QIZ20651.1	94.853	136	7	0	1	136	1	136	3.29e-82	233
MDA8825169.1	QIZ20652.1	94.433	485	27	0	1	485	1	485	0.0	926
MDA8825170.1	QIZ20653.1	85.915	284	40	0	1	284	1	284	2.12e-172	477
MDA8825171.1	QIZ21400.1	82.550	149	26	0	1	149	163	311	3.28e-80	235
MDA8825172.1	QIZ21401.1	92.007	588	47	0	1	588	1	588	0.0	1097
MDA8825173.1	QIZ21402.1	92.308	182	14	0	1	182	1	182	4.07e-122	338
MDA8825174.1	QIZ21403.1	97.640	339	8	0	1	339	1	339	0.0	681
MDA8825175.1	QIZ21404.1	95.000	520	26	0	1	520	1	520	0.0	1026
MDA8825176.1	QIZ21405.1	97.971	345	7	0	1	345	1	345	0.0	681
MDA8825177.1	QIZ21406.1	59.582	287	110	2	1	281	1	287	1.10e-108	317
MDA8825178.1	QIZ21407.1	75.145	173	43	0	1	173	1	173	1.02e-79	230
MDA8825179.1	QIZ21408.1	86.107	655	90	1	1	655	1	654	0.0	1168
MDA8825180.1	QIZ21409.1	94.638	373	20	0	1	373	1	373	0.0	656
MDA8825181.1	QIZ21410.1	96.117	412	16	0	1	412	1	412	0.0	823
MDA8825182.1	QIZ21411.1	94.314	299	17	0	1	299	1	299	0.0	561
MDA8825183.1	QIZ21412.1	94.620	316	17	0	1	316	1	316	0.0	622
MDA8825184.1	QIZ21414.1	97.561	123	3	0	1	123	1	123	6.10e-90	252
MDA8825185.1	QIZ21415.1	86.905	84	11	0	1	84	1	84	4.80e-53	155
MDA8825186.1	QIZ21416.1	96.939	98	3	0	1	98	1	98	8.78e-67	191
MDA8825187.1	QIZ21417.1	94.608	204	11	0	1	204	1	204	1.08e-122	341
MDA8825188.1	QIZ21418.1	95.400	413	19	0	1	413	1	413	0.0	816
MDA8825189.1	QIZ21419.1	95.960	297	12	0	1	297	1	297	0.0	580
MDA8825190.1	QIZ21420.1	94.286	350	20	0	1	350	1	350	0.0	663
MDA8825191.1	QIZ21421.1	96.341	246	9	0	1	246	1	246	5.43e-176	479
MDA8825192.1	QIZ21422.1	94.636	261	14	0	1	261	1	261	0.0	504
MDA8825193.1	QIZ21423.1	96.581	234	8	0	1	234	1	234	4.79e-169	461
MDA8825194.1	QIZ21424.1	89.623	106	11	0	1	106	1	106	4.21e-65	188
MDA8825195.1	QIZ21425.1	86.799	303	40	0	1	303	1	303	0.0	540
MDA8825197.1	QIZ21426.1	95.076	264	13	0	1	264	1	264	0.0	506
MDA8825198.1	QIZ21427.1	95.745	235	10	0	1	235	1	235	1.46e-159	437
MDA8825199.1	QIZ21428.1	95.639	321	14	0	1	321	16	336	0.0	612
MDA8825200.1	QIZ21429.1	94.808	443	23	0	14	456	1	443	0.0	821
MDA8825201.1	QIZ21430.1	93.282	387	26	0	1	387	1	387	0.0	698
MDA8825202.1	QIZ21431.1	85.771	253	36	0	1	253	1	253	1.53e-148	410
MDA8825203.1	QIZ21432.1	94.458	397	19	1	1	394	1	397	0.0	726
MDA8825204.1	QIZ21433.1	50.526	285	141	0	1	285	1	285	5.84e-97	282
MDA8825205.1	QIZ21434.1	92.089	493	39	0	1	493	1	493	0.0	947
MDA8825206.1	QIZ21435.1	79.151	259	54	0	1	259	1	259	4.23e-157	433
MDA8825207.1	QIZ21436.1	95.385	195	9	0	1	195	1	195	3.69e-139	382
MDA8825208.1	QIZ21437.1	94.845	388	20	0	1	388	1	388	0.0	781
MDA8825209.1	QIZ21438.1	83.673	245	40	0	1	245	1	245	1.93e-154	425
MDA8825210.1	QIZ21439.1	81.186	388	73	0	1	388	1	388	0.0	677
MDA8825211.1	QIZ21440.1	97.514	362	9	0	1	362	1	362	0.0	730
MDA8825212.1	QIZ21441.1	95.568	361	16	0	13	373	13	373	0.0	711
MDA8825213.1	QIZ21442.1	93.253	415	28	0	1	415	1	415	0.0	795
MDA8825214.1	QIZ21443.1	97.535	284	7	0	1	284	1	284	0.0	560
MDA8825215.1	QIZ21444.1	94.459	740	41	0	1	740	1	740	0.0	1429
MDA8825216.1	QIZ21445.1	91.589	214	18	0	1	214	1	214	6.77e-146	400
MDA8825217.1	QIZ21446.1	90.789	228	21	0	18	245	18	245	1.07e-152	421
MDA8825218.1	QIZ21447.1	95.597	318	14	0	1	318	1	318	0.0	636
MDA8825219.1	QIZ21448.1	94.351	478	27	0	1	478	1	478	0.0	916
MDA8825220.1	QIZ20485.1	31.034	493	308	6	6	482	9	485	1.78e-84	264
MDA8825224.1	QIZ21449.1	85.990	207	29	0	1	207	190	396	1.26e-134	379
MDA8825225.1	QIZ21272.1	80.000	50	10	0	1	50	1	50	4.87e-26	91.3
MDA8825226.1	QIZ21273.1	97.732	485	11	0	1	485	1	485	0.0	973
MDA8825227.1	QIZ21274.1	97.619	168	4	0	1	168	1	168	4.73e-113	314
MDA8825228.1	QIZ21275.1	93.855	179	11	0	18	196	1	179	2.23e-120	334
MDA8825229.1	QIZ21276.1	100.000	75	0	0	1	75	1	75	1.79e-46	138
MDA8825230.1	QIZ21277.1	99.180	244	2	0	1	244	1	244	6.06e-176	479
MDA8825231.1	QIZ21278.1	98.901	91	1	0	1	91	1	91	5.42e-62	179
MDA8825232.1	QIZ21279.1	94.166	857	50	0	1	857	1	857	0.0	1614
MDA8825233.1	QIZ21280.1	94.898	196	10	0	1	196	1	196	1.40e-131	363
MDA8825234.1	QIZ21281.1	97.531	162	4	0	1	162	1	162	3.09e-115	319
MDA8825235.1	QIZ21282.1	96.319	326	12	0	1	326	1	326	0.0	629
MDA8825236.1	QIZ21283.1	91.645	383	32	0	1	383	1	383	0.0	704
MDA8825237.1	QIZ21284.1	98.315	356	6	0	1	356	1	356	0.0	723
MDA8825238.1	QIZ21285.1	95.699	186	8	0	1	186	1	186	1.48e-129	357
MDA8825239.1	QIZ21286.1	92.181	243	19	0	1	243	1	243	2.39e-157	432
MDA8825240.1	QIZ21287.1	93.419	547	36	0	15	561	15	561	0.0	1009
MDA8825241.1	QIZ21288.1	90.747	281	26	0	1	281	1	281	1.45e-175	481
MDA8825242.1	QIZ21289.1	92.925	424	30	0	1	424	1	424	0.0	794
MDA8825243.1	QIZ21290.1	97.468	158	4	0	1	158	1	158	1.12e-110	307
MDA8825244.1	QIZ21291.1	93.455	275	18	0	1	275	1	275	0.0	531
MDA8825245.1	QIZ21292.1	97.386	153	4	0	1	153	1	153	1.27e-111	309
MDA8825246.1	QIZ21293.1	98.817	169	2	0	1	169	1	169	1.00e-126	348
MDA8825247.1	QIZ21294.1	99.284	419	3	0	1	419	1	419	0.0	837
MDA8825248.1	QIZ21295.1	91.892	259	21	0	1	259	1	259	3.29e-176	481
MDA8825249.1	QIZ21296.1	97.759	357	8	0	1	357	1	357	0.0	717
MDA8825250.1	QIZ21297.1	96.237	186	7	0	1	186	1	186	2.24e-131	362
MDA8825251.1	QIZ21298.1	89.545	220	21	1	1	218	1	220	8.22e-136	376
MDA8825252.1	QIZ21299.1	98.065	310	6	0	1	310	1	310	0.0	607
MDA8825253.1	QIZ21300.1	92.857	252	18	0	1	252	2	253	2.97e-146	405
MDA8825254.1	QIZ21301.1	91.931	347	28	0	1	347	1	347	0.0	617
MDA8825255.1	QIZ21302.1	94.094	254	15	0	1	254	1	254	4.15e-177	483
MDA8825256.1	QIZ21303.1	91.429	70	6	0	1	70	1	70	2.74e-40	123
MDA8825257.1	QIZ21304.1	93.103	435	30	0	1	435	5	439	0.0	827
MDA8825258.1	QIZ21305.1	97.333	225	6	0	1	225	1	225	2.68e-157	430
MDA8825259.1	QIZ21306.1	98.621	145	2	0	1	145	1	145	1.45e-99	278
MDA8825260.1	QIZ21307.1	88.966	290	32	0	1	290	1	290	0.0	552
MDA8825261.1	QIZ21308.1	99.485	194	1	0	1	194	1	194	1.22e-139	383
MDA8825262.1	QIZ21309.1	97.054	611	18	0	1	611	1	611	0.0	1221
MDA8825263.1	QIZ21310.1	90.780	141	13	0	1	141	1	141	1.51e-89	252
MDA8825264.1	QIZ21311.1	84.024	338	54	0	1	338	1	338	0.0	578
MDA8825265.1	QIZ21312.1	93.600	250	16	0	1	250	1	250	1.40e-169	463
MDA8825266.1	QIZ21313.1	97.510	723	18	0	1	723	1	723	0.0	1465
MDA8825267.1	QIZ21314.1	97.494	399	10	0	1	399	1	399	0.0	801
MDA8825268.1	QIZ21315.1	96.644	149	5	0	1	149	1	149	1.15e-107	298
MDA8825269.1	QIZ21316.1	82.075	212	38	0	1	212	1	212	4.86e-121	338
MDA8825272.1	QIZ20493.1	43.137	102	55	2	11	110	11	111	8.84e-23	82.0
MDA8825274.1	QIZ21317.1	93.610	313	20	0	1	313	1	313	0.0	610
MDA8825275.1	QIZ21318.1	83.077	65	11	0	1	65	1	65	5.37e-36	118
MDA8825276.1	QIZ20242.1	97.143	175	5	0	1	175	86	260	2.84e-124	346
MDA8825277.1	QIZ20241.1	96.250	80	3	0	1	80	1	80	1.33e-52	154
MDA8825278.1	QIZ20240.1	95.154	227	11	0	1	227	1	227	2.00e-163	446
MDA8825279.1	QIZ20239.1	97.397	730	19	0	1	730	1	730	0.0	1466
MDA8825280.1	QIZ20238.1	97.368	76	2	0	1	76	1	76	4.53e-51	150
MDA8825281.1	QIZ20237.1	95.455	110	5	0	1	110	1	110	7.08e-77	218
MDA8825282.1	QIZ21224.1	83.038	395	67	0	1	395	1	395	0.0	702
MDA8825283.1	QIZ20236.1	97.073	205	6	0	1	205	1	205	2.30e-150	411
MDA8825284.1	QIZ20235.1	95.781	237	10	0	1	237	1	237	6.33e-165	451
MDA8825285.1	QIZ20234.1	96.811	533	17	0	1	533	1	533	0.0	1070
MDA8825286.1	QIZ20233.1	93.157	453	31	0	1	453	1	453	0.0	860
MDA8825287.1	QIZ20232.1	93.878	245	15	0	1	245	1	245	1.35e-176	481
MDA8825288.1	QIZ20231.1	98.475	459	7	0	1	459	1	459	0.0	946
MDA8825289.1	QIZ20230.1	96.205	606	23	0	1	606	1	606	0.0	1203
MDA8825290.1	QIZ20229.1	91.787	207	17	0	1	207	1	207	4.32e-137	378
MDA8825291.1	QIZ20228.1	98.253	229	4	0	1	229	1	229	4.32e-171	466
MDA8825292.1	QIZ20227.1	98.600	500	7	0	1	500	1	500	0.0	1014
MDA8825293.1	QIZ20226.1	97.315	298	8	0	1	298	1	298	0.0	598
MDA8825294.1	QIZ20225.1	96.257	374	14	0	1	374	1	374	0.0	749
MDA8825295.1	QIZ20224.1	92.308	208	16	0	1	208	1	208	6.24e-143	392
MDA8825296.1	QIZ20222.1	98.246	342	6	0	1	342	1	342	0.0	710
MDA8825297.1	QIZ20221.1	98.760	645	8	0	1	645	1	645	0.0	1329
MDA8825298.1	QIZ20220.1	96.901	484	15	0	1	484	1	484	0.0	962
MDA8825299.1	QIZ20219.1	85.556	90	13	0	1	90	1	90	3.08e-55	162
MDA8825300.1	QIZ20218.1	96.316	380	14	0	1	380	1	380	0.0	757
MDA8825303.1	QIZ21449.1	38.522	379	222	5	6	378	14	387	9.00e-86	261
MDA8825307.1	QIZ21307.1	26.692	266	187	6	9	269	9	271	1.71e-27	103
MDA8825312.1	QIZ21091.1	80.952	63	12	0	1	63	299	361	3.09e-29	101
MDA8825313.1	QIZ21092.1	97.917	96	2	0	1	96	1	96	2.42e-63	182
MDA8825314.1	QIZ21093.1	98.577	281	4	0	1	281	1	281	0.0	554
MDA8825315.1	QIZ21094.1	93.030	330	23	0	1	330	21	350	0.0	647
MDA8825316.1	QIZ21095.1	91.736	363	30	0	1	363	1	363	0.0	659
MDA8825317.1	QIZ21096.1	95.339	236	11	0	1	236	1	236	6.45e-168	458
MDA8825318.1	QIZ21097.1	97.778	495	11	0	1	495	1	495	0.0	993
MDA8825319.1	QIZ21098.1	56.481	108	47	0	1	108	1	108	2.81e-45	138
MDA8825320.1	QIZ21099.1	95.000	40	2	0	1	40	1	40	1.92e-22	75.5
MDA8825321.1	QIZ21100.1	88.971	136	15	0	1	136	1	136	3.13e-84	238
MDA8825322.1	QIZ21102.1	83.582	201	33	0	1	201	1	201	3.23e-103	292
MDA8825324.1	QIZ21103.1	90.526	380	36	0	1	380	1	380	0.0	712
MDA8825325.1	QIZ21104.1	100.000	126	0	0	1	126	1	126	7.68e-88	247
MDA8825326.1	QIZ21105.1	96.053	152	6	0	1	152	1	152	1.05e-106	296
MDA8825327.1	QIZ21106.1	90.732	205	19	0	1	205	1	205	6.42e-139	382
MDA8825328.1	QIZ21107.1	97.722	395	9	0	1	395	1	395	0.0	791
MDA8825329.1	QIZ21108.1	72.619	168	46	0	1	168	1	168	3.97e-92	261
MDA8825330.1	QIZ21109.1	76.522	345	81	0	1	345	1	345	0.0	582
MDA8825331.1	QIZ21110.1	96.838	253	8	0	1	253	1	253	1.41e-178	486
MDA8825332.1	QIZ21111.1	99.123	114	1	0	1	114	1	114	1.95e-79	224
MDA8825333.1	QIZ21112.1	95.628	183	8	0	1	183	1	183	8.50e-128	352
MDA8825334.1	QIZ21113.1	100.000	106	0	0	1	106	1	106	1.12e-77	219
MDA8825335.1	QIZ21114.1	97.034	236	7	0	1	236	1	236	8.20e-169	460
MDA8825336.1	QIZ21115.1	93.333	75	5	0	1	75	1	75	1.39e-48	144
MDA8825337.1	QIZ21116.1	94.203	138	8	0	1	138	1	138	1.81e-94	265
MDA8825338.1	QIZ21117.1	94.720	625	33	0	1	625	1	625	0.0	1114
MDA8825339.1	QIZ21118.1	90.173	173	17	0	1	173	1	173	4.48e-115	319
MDA8825340.1	QIZ21119.1	95.238	126	6	0	1	126	1	126	2.90e-75	215
MDA8825341.1	QIZ21120.1	97.041	169	5	0	1	169	1	169	3.39e-120	332
MDA8825342.1	QIZ21122.1	91.384	383	33	0	1	383	1	383	0.0	750
MDA8825343.1	QIZ21123.1	87.306	386	49	0	1	386	1	386	0.0	698
MDA8825344.1	QIZ21124.1	33.492	421	271	6	57	473	41	456	3.34e-75	240
MDA8825347.1	QIZ21125.1	93.060	317	22	0	1	317	1	317	0.0	610
MDA8825348.1	QIZ21126.1	86.420	405	52	1	1	405	1	402	0.0	644
MDA8825349.1	QIZ21127.1	89.804	255	26	0	1	255	106	360	3.81e-164	454
MDA8825350.1	QIZ20485.1	77.143	105	24	0	1	105	1	105	1.67e-51	164
MDA8825351.1	QIZ20487.1	77.904	439	97	0	4	442	2	440	0.0	664
MDA8825352.1	QIZ20488.1	55.340	206	78	2	3	195	15	219	1.75e-70	209
MDA8825353.1	QIZ20489.1	62.637	364	135	1	1	364	1	363	1.14e-168	471
MDA8825354.1	QIZ20495.1	95.104	531	26	0	1	531	1	531	0.0	1070
MDA8825355.1	QIZ20496.1	97.959	196	4	0	1	196	1	196	4.00e-135	372
MDA8825356.1	QIZ20497.1	96.825	252	8	0	1	252	1	252	0.0	496
MDA8825357.1	QIZ20498.1	94.361	266	15	0	1	266	1	266	2.01e-168	462
MDA8825358.1	QIZ20499.1	92.248	258	20	0	1	258	1	258	2.37e-171	469
MDA8825359.1	QIZ20500.1	95.561	383	17	0	1	383	1	383	0.0	775
MDA8825361.1	QIZ20506.1	87.745	204	25	0	1	204	1	204	1.29e-131	363
MDA8825362.1	QIZ20507.1	99.548	221	1	0	1	221	1	221	9.23e-161	439
MDA8825363.1	QIZ20508.1	95.503	845	38	0	1	845	17	861	0.0	1531
MDA8825364.1	QIZ20510.1	90.092	434	43	0	1	434	1	434	0.0	809
MDA8825365.1	QIZ20511.1	98.822	594	7	0	1	594	1	594	0.0	1219
MDA8825366.1	QIZ20512.1	97.872	94	2	0	1	94	1	94	1.96e-63	182
MDA8825367.1	QIZ20513.1	94.845	388	20	0	1	388	1	388	0.0	774
MDA8825368.1	QIZ20514.1	91.922	359	29	0	1	359	1	359	0.0	639
MDA8825370.1	QIZ20853.1	59.375	96	39	0	2	97	143	238	2.02e-37	121
MDA8825373.1	QIZ20654.1	88.136	295	35	0	1	295	63	357	2.40e-171	474
MDA8825374.1	QIZ20655.1	87.346	814	103	0	1	814	1	814	0.0	1454
MDA8825375.1	QIZ20656.1	84.262	305	48	0	1	305	1	305	5.21e-175	482
MDA8825376.1	QIZ20657.1	89.062	320	35	0	1	320	1	320	0.0	532
MDA8825377.1	QIZ20658.1	89.695	262	27	0	1	262	1	262	8.45e-172	470
MDA8825378.1	QIZ20659.1	96.667	210	7	0	1	210	1	210	9.47e-151	412
MDA8825379.1	QIZ20660.1	100.000	79	0	0	1	79	1	79	1.08e-50	149
MDA8825380.1	QIZ20661.1	100.000	245	0	0	1	245	3	247	3.39e-180	490
MDA8825381.1	QIZ20662.1	98.710	310	4	0	1	310	1	310	0.0	608
MDA8825382.1	QIZ20663.1	99.174	121	1	0	1	121	1	121	1.37e-85	241
MDA8825383.1	QIZ20664.1	98.571	70	1	0	23	92	1	70	6.03e-47	140
MDA8825384.1	QIZ20665.1	98.026	152	3	0	1	152	1	152	6.40e-103	287
MDA8825385.1	QIZ20666.1	99.364	472	3	0	1	472	1	472	0.0	957
MDA8825386.1	QIZ20667.1	97.103	794	23	0	1	794	1	794	0.0	1533
MDA8825387.1	QIZ20668.1	91.713	181	15	0	1	181	1	181	2.18e-109	306
MDA8825388.1	QIZ20669.1	92.276	479	37	0	15	493	15	493	0.0	919
MDA8825389.1	QIZ20670.1	96.520	431	15	0	1	431	1	431	0.0	859
MDA8825390.1	QIZ20671.1	94.822	309	16	0	1	309	1	309	0.0	589
MDA8825391.1	QIZ20672.1	96.503	286	10	0	1	286	1	286	0.0	551
MDA8825399.1	QIZ20258.1	98.411	1133	18	0	1	1133	1	1133	0.0	2304
MDA8825400.1	QIZ20257.1	98.533	1363	20	0	1	1363	1	1363	0.0	2748
MDA8825401.1	QIZ20256.1	96.694	121	4	0	1	121	1	121	1.05e-77	221
MDA8825402.1	QIZ20255.1	95.181	166	8	0	1	166	1	166	7.54e-117	323
MDA8825403.1	QIZ20254.1	95.633	229	10	0	1	229	1	229	1.02e-159	437
MDA8825404.1	QIZ20253.1	98.582	141	2	0	1	141	1	141	4.05e-100	279
MDA8825405.1	QIZ20252.1	99.432	176	1	0	1	176	1	176	6.44e-127	350
MDA8825406.1	QIZ20251.1	100.000	63	0	0	1	63	1	63	8.54e-41	123
MDA8825407.1	QIZ20250.1	97.222	396	11	0	1	396	1	396	0.0	788
MDA8825408.1	QIZ20249.1	98.381	247	4	0	1	247	1	247	0.0	499
MDA8825409.1	QIZ20248.1	93.822	259	16	0	1	259	1	259	2.55e-176	481
MDA8825410.1	QIZ20247.1	96.241	133	5	0	1	133	1	133	5.62e-93	260
MDA8825411.1	QIZ20246.1	95.984	249	10	0	1	249	1	249	0.0	493
MDA8825412.1	QIZ20245.1	94.495	218	12	0	1	218	1	218	2.33e-151	416
MDA8825413.1	QIZ20244.1	96.875	256	8	0	1	256	1	256	0.0	525
MDA8825414.1	QIZ20243.1	97.442	430	11	0	1	430	1	430	0.0	865
MDA8825415.1	QIZ20730.1	92.000	150	12	0	1	150	1	150	1.99e-99	279
MDA8825416.1	QIZ20731.1	98.473	131	2	0	1	131	1	131	3.88e-93	260
MDA8825417.1	QIZ20732.1	97.887	426	9	0	1	426	1	426	0.0	853
MDA8825418.1	QIZ20733.1	93.448	290	19	0	1	290	1	290	0.0	526
MDA8825420.1	QIZ20734.1	89.444	180	19	0	1	180	1	180	1.73e-111	311
MDA8825421.1	QIZ20735.1	58.238	261	105	2	1	261	1	257	1.31e-88	259
MDA8825423.1	QIZ20736.1	84.541	207	32	0	1	207	1	207	7.81e-137	377
MDA8825424.1	QIZ20737.1	75.740	338	82	0	1	338	1	338	0.0	532
MDA8825425.1	QIZ20738.1	93.396	106	7	0	1	106	1	106	3.15e-73	208
MDA8825426.1	QIZ20739.1	86.166	253	35	0	1	253	1	253	1.22e-159	439
MDA8825427.1	QIZ20740.1	93.027	631	44	0	1	631	1	631	0.0	1228
MDA8825428.1	QIZ20741.1	86.364	110	15	0	1	110	1	110	2.14e-64	186
MDA8825429.1	QIZ20742.1	93.318	434	29	0	1	434	1	434	0.0	845
MDA8825430.1	QIZ20743.1	84.354	294	46	0	1	294	1	294	0.0	500
MDA8825431.1	QIZ20744.1	91.935	310	25	0	1	310	1	310	0.0	597
MDA8825432.1	QIZ20217.1	95.853	434	18	0	1	434	1	434	0.0	860
MDA8825433.1	QIZ21513.1	35.723	809	507	6	1	803	1	802	1.94e-166	498
MDA8825438.1	QIZ20411.1	98.754	321	4	0	1	321	1	321	0.0	638
MDA8825442.1	QIZ20216.1	96.845	317	10	0	1	317	2	318	0.0	622
MDA8825445.1	QIZ20215.1	97.241	145	4	0	1	145	1	145	1.02e-105	293
MDA8825449.1	QIZ20384.1	94.118	102	6	0	1	102	1	102	6.80e-68	196
MDA8825450.1	QIZ20385.1	97.173	849	24	0	1	849	1	849	0.0	1656
MDA8825451.1	QIZ20386.1	98.039	153	2	1	1	152	1	153	2.11e-109	303
MDA8825452.1	QIZ20387.1	98.186	441	8	0	1	441	1	441	0.0	888
MDA8825453.1	QIZ20387.1	99.042	522	5	0	2	523	438	959	0.0	1059
MDA8825453.1	QIZ20387.1	40.000	190	97	2	336	509	413	601	8.53e-38	144
MDA8825454.1	QIZ20388.1	96.954	197	6	0	1	197	1	197	8.91e-142	389
MDA8825455.1	QIZ20389.1	95.932	295	12	0	1	295	1	295	0.0	559
MDA8825456.1	QIZ20390.1	93.810	517	32	0	1	517	1	517	0.0	972
MDA8825457.1	QIZ20391.1	98.889	90	1	0	1	90	1	90	4.96e-61	176
MDA8825458.1	QIZ20392.1	92.124	419	33	0	1	419	1	419	0.0	801
MDA8825459.1	QIZ20393.1	96.032	252	10	0	1	252	1	252	3.26e-177	483
MDA8825460.1	QIZ20394.1	94.521	73	4	0	1	73	1	73	2.58e-39	120
MDA8825461.1	QIZ20395.1	94.118	68	2	1	1	66	1	68	1.15e-40	123
MDA8825462.1	QIZ20396.1	95.111	225	11	0	9	233	12	236	5.74e-162	443
MDA8825463.1	QIZ20397.1	98.374	246	4	0	1	246	1	246	9.18e-177	481
MDA8825464.1	QIZ20398.1	90.000	200	20	0	1	200	117	316	3.16e-129	362
MDA8825466.1	QIZ21134.1	92.487	386	28	1	1	386	1	385	0.0	725
MDA8825467.1	QIZ21135.1	93.299	194	13	0	1	194	2	195	3.27e-140	385
MDA8825468.1	QIZ21136.1	97.130	453	13	0	1	453	1	453	0.0	870
MDA8825469.1	QIZ21137.1	86.067	445	62	0	1	445	1	445	0.0	764
MDA8825470.1	QIZ21138.1	88.136	59	7	0	1	59	1	59	8.16e-34	105
MDA8825471.1	QIZ21139.1	92.833	293	21	0	1	293	1	293	0.0	518
MDA8825472.1	QIZ21141.1	76.471	187	44	0	1	187	1	187	5.90e-105	295
MDA8825473.1	QIZ21142.1	95.082	305	15	0	1	305	1	305	0.0	579
MDA8825474.1	QIZ21143.1	92.701	274	20	0	1	274	1	274	1.83e-179	491
MDA8825475.1	QIZ21144.1	96.460	452	16	0	1	452	1	452	0.0	879
MDA8825476.1	QIZ21146.1	97.368	228	6	0	1	228	1	228	2.62e-166	453
MDA8825477.1	QIZ21148.1	98.929	467	5	0	1	467	1	467	0.0	957
MDA8825478.1	QIZ21149.1	99.091	110	1	0	1	110	9	118	5.97e-80	229
MDA8825479.1	QIZ20317.1	84.893	609	92	0	2	610	128	736	0.0	1078
MDA8825480.1	QIZ20316.1	98.321	417	7	0	1	417	1	417	0.0	854
MDA8825481.1	QIZ20315.1	98.901	91	1	0	1	91	1	91	1.82e-67	192
MDA8825482.1	QIZ20314.1	93.513	1002	65	0	1	1002	1	1002	0.0	1976
MDA8825483.1	QIZ20313.1	88.770	187	21	0	1	187	1	187	1.76e-122	339
MDA8825484.1	QIZ20312.1	95.294	255	12	0	1	255	1	255	1.82e-173	474
MDA8825485.1	QIZ20311.1	97.154	246	7	0	1	246	1	246	3.33e-170	465
MDA8825486.1	QIZ20306.1	88.820	161	18	0	2	162	1	161	3.20e-107	298
MDA8825487.1	QIZ20305.1	95.395	456	21	0	1	456	1	456	0.0	862
MDA8825488.1	QIZ20777.1	95.092	652	32	0	1	652	1	652	0.0	1286
MDA8825489.1	QIZ20778.1	97.015	335	10	0	1	335	1	335	0.0	668
MDA8825490.1	QIZ20779.1	91.071	392	35	0	1	392	1	392	0.0	711
MDA8825491.1	QIZ20780.1	89.286	336	36	0	1	336	1	336	0.0	631
MDA8825492.1	QIZ20781.1	91.787	207	17	0	1	207	1	207	1.62e-119	333
MDA8825493.1	QIZ20782.1	96.774	186	6	0	1	186	1	186	3.09e-136	374
MDA8825494.1	QIZ20783.1	97.967	246	5	0	1	246	1	246	0.0	491
MDA8825495.1	QIZ20784.1	96.053	76	3	0	1	76	1	76	1.73e-52	153
MDA8825496.1	QIZ20785.1	96.410	195	7	0	1	195	1	195	2.22e-139	382
MDA8825497.1	QIZ20786.1	100.000	64	0	0	1	64	1	64	4.42e-39	119
MDA8825498.1	QIZ20796.1	61.409	298	115	0	8	305	7	304	3.75e-127	361
MDA8825499.1	QIZ20795.1	55.674	282	120	4	29	307	60	339	3.65e-104	303
MDA8825500.1	QIZ20296.1	97.798	863	19	0	1	863	1	863	0.0	1734
MDA8825501.1	QIZ20297.1	95.812	191	8	0	1	191	1	191	3.85e-123	341
MDA8825502.1	QIZ20742.1	25.564	399	276	10	36	423	27	415	5.92e-35	130
MDA8825503.1	QIZ20298.1	98.403	313	5	0	1	313	1	313	0.0	635
MDA8825504.1	QIZ20299.1	98.675	151	2	0	1	151	1	151	2.08e-106	296
MDA8825505.1	QIZ20300.1	94.737	95	5	0	1	95	1	95	1.78e-61	177
MDA8825506.1	QIZ20301.1	97.113	485	14	0	1	485	1	485	0.0	966
MDA8825507.1	QIZ20302.1	96.538	491	17	0	1	491	1	491	0.0	978
MDA8825508.1	QIZ20303.1	94.444	216	12	0	1	216	1	216	1.10e-151	416
MDA8825509.1	QIZ20304.1	92.623	122	9	0	1	122	1	122	9.17e-75	219
MDA8825510.1	QIZ21258.1	90.406	271	26	0	1	271	1	271	2.97e-180	492
MDA8825511.1	QIZ21259.1	97.978	544	11	0	1	544	1	544	0.0	1073
MDA8825512.1	QIZ21260.1	94.389	303	17	0	1	303	1	303	0.0	575
MDA8825513.1	QIZ21262.1	93.258	178	12	0	1	178	1	178	1.30e-126	349
MDA8825514.1	QIZ21263.1	98.473	262	4	0	1	262	1	262	0.0	525
MDA8825515.1	QIZ21264.1	81.106	217	41	0	1	217	1	217	7.27e-119	332
MDA8825516.1	QIZ21265.1	80.131	458	91	0	1	458	1	458	0.0	767
MDA8825517.1	QIZ21266.1	85.093	161	24	0	1	161	1	161	7.92e-104	290
MDA8825518.1	QIZ21267.1	83.688	141	23	0	1	141	1	141	7.69e-84	238
MDA8825519.1	QIZ21268.1	86.957	322	42	0	1	322	1	322	0.0	573
MDA8825520.1	QIZ21269.1	92.038	314	25	0	1	314	1	314	0.0	598
MDA8825521.1	QIZ21270.1	80.645	93	18	0	1	93	219	311	1.09e-46	147
MDA8825522.1	QIZ20717.1	96.585	205	7	0	1	205	317	521	1.76e-147	416
MDA8825523.1	QIZ20716.1	95.489	133	6	0	1	133	7	139	1.08e-96	270
MDA8825524.1	QIZ20715.1	88.327	257	30	0	1	257	1	257	5.52e-171	468
MDA8825525.1	QIZ20714.1	99.020	204	2	0	1	204	1	204	2.02e-141	389
MDA8825526.1	QIZ20713.1	98.086	418	8	0	1	418	1	418	0.0	851
MDA8825527.1	QIZ20712.1	97.917	288	6	0	1	288	1	288	0.0	558
MDA8825528.1	QIZ20711.1	97.917	336	7	0	1	336	1	336	0.0	652
MDA8825529.1	QIZ20710.1	98.333	240	4	0	1	240	1	240	1.13e-173	473
MDA8825530.1	QIZ20709.1	98.298	235	4	0	1	235	1	235	1.14e-169	462
MDA8825531.1	QIZ20708.1	97.701	261	6	0	1	261	1	261	0.0	532
MDA8825532.1	QIZ20707.1	90.798	163	15	0	1	163	1	163	1.42e-108	302
MDA8825533.1	QIZ20706.1	96.109	257	10	0	1	257	9	265	0.0	508
MDA8825536.1	QIZ20722.1	88.060	268	31	1	1	268	1	267	2.42e-159	439
MDA8825537.1	QIZ20723.1	93.953	215	13	0	1	215	1	215	4.61e-155	424
MDA8825538.1	QIZ20724.1	89.604	404	42	0	1	404	1	404	0.0	764
MDA8825539.1	QIZ20725.1	94.038	889	53	0	1	889	1	889	0.0	1709
MDA8825541.1	QIZ21360.1	97.396	192	5	0	1	192	207	398	2.19e-138	388
MDA8825542.1	QIZ21359.1	97.672	1074	25	0	1	1074	1	1074	0.0	2151
MDA8825543.1	QIZ21358.1	93.162	351	24	0	1	351	1	351	0.0	662
MDA8825545.1	QIZ21319.1	92.818	181	13	0	1	181	40	220	9.14e-128	353
MDA8825546.1	QIZ21150.1	98.813	337	4	0	1	337	32	368	0.0	683
MDA8825547.1	QIZ21151.1	98.637	587	8	0	1	587	1	587	0.0	1196
MDA8825548.1	QIZ21152.1	98.155	542	10	0	1	542	1	542	0.0	1111
MDA8825549.1	QIZ21153.1	88.372	258	23	1	1	251	1	258	1.55e-171	469
MDA8825550.1	QIZ21154.1	95.935	369	15	0	1	369	1	369	0.0	719
MDA8825551.1	QIZ21155.1	94.895	333	17	0	1	333	1	333	0.0	650
MDA8825552.1	QIZ21156.1	90.141	71	7	0	1	71	1	71	1.07e-42	130
MDA8825553.1	QIZ20766.1	98.113	159	3	0	22	180	1	159	4.55e-116	322
MDA8825554.1	QIZ20767.1	97.982	446	9	0	1	446	1	446	0.0	897
MDA8825555.1	QIZ20768.1	96.654	269	9	0	1	269	1	269	0.0	522
MDA8825556.1	QIZ20769.1	98.551	138	2	0	1	138	1	138	9.97e-97	270
MDA8825557.1	QIZ20770.1	99.554	224	1	0	1	224	1	224	1.96e-163	446
MDA8825558.1	QIZ20771.1	98.780	164	2	0	1	164	1	164	4.74e-120	331
MDA8825559.1	QIZ20772.1	99.167	240	2	0	1	240	1	240	6.58e-179	486
MDA8825560.1	QIZ20773.1	97.761	268	6	0	1	268	1	268	0.0	540
MDA8825561.1	QIZ20774.1	94.000	50	3	0	1	50	132	181	4.89e-28	94.0
MDA8825562.1	QIZ20972.1	95.257	253	12	0	1	253	1	253	3.34e-176	482
MDA8825563.1	QIZ20973.1	90.780	423	38	1	1	422	1	423	0.0	777
MDA8825564.1	QIZ20974.1	98.221	1012	18	0	1	1012	1	1012	0.0	2070
MDA8825565.1	QIZ20975.1	94.430	395	22	0	1	395	1	395	0.0	769
MDA8825566.1	QIZ20976.1	97.872	141	3	0	1	141	1	141	1.39e-101	283
MDA8825567.1	QIZ20969.1	97.975	1432	29	0	1	1432	1	1432	0.0	2904
MDA8825568.1	QIZ20970.1	97.495	479	12	0	1	479	1	479	0.0	962
MDA8825569.1	QIZ20971.1	92.275	233	18	0	1	233	1	233	6.42e-151	416
MDA8825570.1	QIZ20729.1	97.826	92	2	0	1	92	29	120	1.38e-66	191
MDA8825571.1	QIZ20728.1	97.727	308	7	0	1	308	1	308	0.0	610
MDA8825572.1	QIZ20727.1	98.148	432	8	0	1	432	1	432	0.0	832
MDA8825573.1	QIZ20726.1	98.433	383	6	0	1	383	1	383	0.0	762
MDA8825574.1	QIZ20719.1	90.882	340	24	2	3	342	1	333	0.0	565
MDA8825575.1	QIZ20720.1	98.030	203	4	0	1	203	1	203	7.04e-144	395
MDA8825578.1	QIZ20416.1	34.821	224	135	4	1	222	5	219	3.86e-40	134
MDA8825582.1	QIZ21009.1	92.063	126	10	0	1	126	1	126	2.84e-86	243
MDA8825583.1	QIZ21008.1	97.701	261	6	0	1	261	1	261	0.0	524
MDA8825584.1	QIZ21007.1	87.593	403	50	0	1	403	1	403	0.0	748
MDA8825585.1	QIZ21006.1	97.590	166	4	0	1	166	1	166	5.96e-120	331
MDA8825586.1	QIZ21005.1	92.958	142	10	0	1	142	1	142	6.31e-97	271
MDA8825587.1	QIZ21004.1	99.275	138	1	0	1	138	1	138	2.86e-101	281
MDA8825588.1	QIZ21003.1	96.614	443	15	0	1	443	1	443	0.0	899
MDA8825589.1	QIZ21002.1	89.340	197	21	0	1	197	1	197	6.57e-132	364
MDA8825590.1	QIZ21001.1	93.220	59	4	0	1	59	91	149	1.04e-36	115
MDA8825595.1	QIZ21010.1	97.971	690	14	0	1	690	1	690	0.0	1376
MDA8825596.1	QIZ21011.1	100.000	82	0	0	1	82	1	82	9.37e-56	162
MDA8825597.1	QIZ21013.1	97.063	715	17	2	1	712	23	736	0.0	1395
MDA8825599.1	QIZ20962.1	98.305	118	2	0	1	118	1	118	1.40e-84	238
MDA8825600.1	QIZ20963.1	98.529	68	1	0	1	68	1	68	1.82e-44	132
MDA8825601.1	QIZ20964.1	96.364	55	2	0	7	61	127	181	2.19e-34	110
MDA8825602.1	QIZ20964.1	100.000	126	0	0	1	126	1	126	1.29e-90	256
MDA8825603.1	QIZ20965.1	98.276	638	11	0	1	638	1	638	0.0	1302
MDA8825604.1	QIZ20966.1	94.531	384	21	0	1	384	1	384	0.0	723
MDA8825605.1	QIZ20967.1	91.875	160	13	0	1	160	1	160	6.43e-105	296
MDA8825609.1	QIZ20805.1	43.415	410	192	10	190	578	1	391	7.39e-98	299
MDA8825612.1	QIZ21257.1	91.620	179	15	0	1	179	1	179	2.47e-115	323
MDA8825613.1	QIZ21256.1	95.000	220	11	0	1	220	1	220	6.53e-146	401
MDA8825614.1	QIZ21255.1	88.235	119	14	0	1	119	1	119	3.09e-77	219
MDA8825615.1	QIZ21254.1	87.179	78	10	0	1	78	1	78	3.55e-50	148
MDA8825616.1	QIZ21253.1	96.057	279	11	0	1	279	1	279	0.0	550
MDA8825617.1	QIZ21252.1	98.148	324	6	0	1	324	1	324	0.0	640
MDA8825618.1	QIZ21251.1	97.761	134	3	0	1	134	1	134	1.05e-97	272
MDA8825619.1	QIZ21250.1	95.031	161	8	0	1	161	1	161	6.66e-110	310
MDA8825620.1	QIZ21000.1	92.718	206	15	0	1	206	1	206	1.43e-139	386
MDA8825621.1	QIZ20999.1	94.483	145	8	0	1	145	1	145	5.64e-101	281
MDA8825622.1	QIZ20998.1	92.519	401	30	0	1	401	1	401	0.0	761
MDA8825623.1	QIZ20997.1	97.893	522	11	0	1	522	1	522	0.0	1034
MDA8825624.1	QIZ20996.1	97.260	219	6	0	1	219	16	234	4.03e-161	440
MDA8825625.1	QIZ20318.1	93.773	273	17	0	1	273	21	293	0.0	535
MDA8825626.1	QIZ20319.1	98.718	156	2	0	1	156	1	156	4.17e-112	310
MDA8825627.1	QIZ20320.1	89.017	173	19	0	1	173	1	173	4.67e-107	299
MDA8825628.1	QIZ20321.1	86.667	585	74	1	1	581	1	585	0.0	1058
MDA8825629.1	QIZ20322.1	96.923	195	6	0	1	195	1	195	7.31e-136	374
MDA8825630.1	QIZ20323.1	93.458	107	7	0	1	107	1	107	7.21e-70	205
MDA8825634.1	QIZ21397.1	91.667	288	24	0	1	288	1	288	0.0	518
MDA8825635.1	QIZ21396.1	91.257	366	32	0	1	366	1	366	0.0	640
MDA8825636.1	QIZ21395.1	98.905	274	3	0	18	291	1	274	0.0	549
MDA8825637.1	QIZ21388.1	93.016	315	22	0	1	315	1	315	0.0	616
MDA8825639.1	QIZ20788.1	95.259	464	22	0	1	464	1	464	0.0	892
MDA8825640.1	QIZ20789.1	97.059	102	3	0	1	102	1	102	6.32e-69	197
MDA8825641.1	QIZ20790.1	95.146	206	10	0	1	206	157	362	5.66e-140	391
MDA8825642.1	QIZ20790.1	82.781	151	26	0	1	151	1	151	6.19e-89	259
MDA8825644.1	QIZ20792.1	100.000	41	0	0	1	41	1	41	1.01e-23	78.6
MDA8825645.1	QIZ20793.1	73.118	93	25	0	1	93	200	292	8.40e-46	144
MDA8825646.1	QIZ21511.1	88.235	119	14	0	1	119	71	189	1.12e-76	220
MDA8825647.1	QIZ21512.1	72.174	115	32	0	1	115	52	166	1.96e-61	181
MDA8825648.1	QIZ21513.1	94.966	735	37	0	1	735	1	735	0.0	1445
MDA8825649.1	QIZ21513.1	88.525	61	7	0	1	61	750	810	3.89e-34	117
MDA8825650.1	QIZ21514.1	87.356	174	22	0	1	174	1	174	9.99e-112	314
MDA8825651.1	QIZ20987.1	95.522	67	3	0	1	67	1	67	4.49e-31	99.0
MDA8825652.1	QIZ20986.1	93.119	218	15	0	1	218	1	218	3.32e-154	422
MDA8825653.1	QIZ20985.1	97.872	188	4	0	1	188	1	188	4.03e-140	384
MDA8825654.1	QIZ20984.1	96.610	177	6	0	1	177	1	177	4.71e-123	340
MDA8825655.1	QIZ20983.1	91.824	159	13	0	1	159	1	159	4.64e-95	268
MDA8825656.1	QIZ20982.1	95.455	198	9	0	1	198	1	198	6.97e-137	377
MDA8825657.1	QIZ20981.1	92.473	93	7	0	1	93	1	93	2.08e-56	178
MDA8825658.1	QIZ21367.1	99.355	155	1	0	1	155	1	155	3.67e-115	318
MDA8825659.1	QIZ21368.1	95.354	495	23	0	1	495	1	495	0.0	890
MDA8825660.1	QIZ21369.1	95.820	311	13	0	1	311	1	311	0.0	603
MDA8825661.1	QIZ21504.1	97.566	452	11	0	1	452	1	452	0.0	922
MDA8825662.1	QIZ21503.1	97.238	181	5	0	1	181	1	181	3.19e-125	345
MDA8825664.1	QIZ21502.1	96.552	203	7	0	1	203	1	203	1.02e-142	392
MDA8825665.1	QIZ21501.1	97.500	160	4	0	1	160	391	550	3.94e-112	325
MDA8825669.1	QIZ20401.1	96.825	189	6	0	1	189	1	189	5.38e-135	378
MDA8825670.1	QIZ20402.1	98.095	105	2	0	1	105	1	105	1.06e-72	207
MDA8825671.1	QIZ20403.1	96.124	258	10	0	1	258	1	258	0.0	513
MDA8825672.1	QIZ20404.1	97.892	332	7	0	1	332	1	332	0.0	657
MDA8825674.1	QIZ21032.1	96.517	402	14	0	1	402	227	628	0.0	774
MDA8825675.1	QIZ21033.1	95.745	376	13	1	1	376	1	373	0.0	728
MDA8825676.1	QIZ21034.1	92.275	233	18	0	1	233	8	240	1.97e-160	440
MDA8825678.1	QIZ21509.1	95.098	204	10	0	1	204	1	204	6.96e-141	389
MDA8825679.1	QIZ21508.1	96.774	124	4	0	15	138	1	124	4.54e-91	255
MDA8825680.1	QIZ21506.1	74.307	397	102	0	1	397	1	397	0.0	647
MDA8825681.1	QIZ21505.1	96.296	162	6	0	1	162	1	162	5.64e-115	321
MDA8825682.1	QIZ21363.1	99.213	381	3	0	1	381	227	607	0.0	766
MDA8825683.1	QIZ21364.1	93.401	197	13	0	1	197	1	197	2.05e-132	365
MDA8825684.1	QIZ21365.1	88.889	261	29	0	1	261	1	261	1.96e-179	489
MDA8825685.1	QIZ21086.1	93.182	132	9	0	1	132	1	132	1.77e-91	256
MDA8825686.1	QIZ21088.1	96.639	357	12	0	1	357	1	357	0.0	702
MDA8825687.1	QIZ21089.1	94.788	307	16	0	1	307	1	307	0.0	585
MDA8825688.1	QIZ21090.1	92.500	120	9	0	1	120	1	120	3.11e-80	231
MDA8825689.1	QIZ20673.1	79.567	323	66	0	2	324	111	433	0.0	515
MDA8825690.1	QIZ20674.1	96.183	393	15	0	1	393	1	393	0.0	783
MDA8825691.1	QIZ20675.1	91.176	68	6	0	1	68	1	68	3.84e-42	127
MDA8825692.1	QIZ20676.1	94.495	109	6	0	1	109	1	109	2.39e-73	211
MDA8825693.1	QIZ20329.1	93.836	146	9	0	1	146	68	213	1.07e-106	298
MDA8825694.1	QIZ20330.1	93.617	141	9	0	1	141	1	141	4.07e-97	271
MDA8825695.1	QIZ20331.1	97.936	436	9	0	1	436	1	436	0.0	885
MDA8825696.1	QIZ20332.1	98.684	152	2	0	1	152	1	152	8.68e-110	304
MDA8825698.1	QIZ20872.1	99.507	203	1	0	1	203	1	203	2.23e-149	409
MDA8825699.1	QIZ20871.1	94.178	687	38	1	1	685	47	733	0.0	1352
MDA8825700.1	QIZ21494.1	79.348	92	19	0	1	92	1	92	4.18e-54	159
MDA8825701.1	QIZ21495.1	91.270	252	22	0	1	252	1	252	4.51e-177	483
MDA8825702.1	QIZ21496.1	100.000	68	0	0	1	68	1	68	2.29e-47	140
MDA8825703.1	QIZ21497.1	93.548	155	10	0	1	155	1	155	9.79e-108	299
MDA8825704.1	QIZ21498.1	94.656	131	7	0	1	131	218	348	1.15e-90	262
MDA8825707.1	QIZ21387.1	96.320	462	13	1	1	458	1	462	0.0	909
MDA8825708.1	QIZ20989.1	98.000	350	7	0	1	350	113	462	0.0	697
MDA8825709.1	QIZ20990.1	93.531	371	24	0	1	371	1	371	0.0	699
MDA8825710.1	QIZ21489.1	83.471	121	20	0	1	121	1	121	1.50e-69	202
MDA8825711.1	QIZ21488.1	96.220	635	24	0	1	635	364	998	0.0	1271
MDA8825712.1	QIZ21043.1	93.146	642	44	0	1	642	1	642	0.0	1269
MDA8825714.1	QIZ20992.1	97.814	183	4	0	1	183	1	183	2.35e-129	363
MDA8825715.1	QIZ20993.1	97.447	470	12	0	1	470	1	470	0.0	924
