MDA7552648.1	QIZ21371.1	62.715	523	190	4	2	523	41	559	0.0	656
MDA7552649.1	QIZ21372.1	58.157	944	392	1	1	944	1	941	0.0	1030
MDA7552651.1	QIZ21373.1	55.869	426	182	4	8	430	8	430	1.30e-149	427
MDA7552652.1	QIZ21374.1	69.067	375	114	2	1	374	1	374	3.71e-170	475
MDA7552653.1	QIZ21375.1	48.034	356	184	1	1	355	1	356	1.55e-119	345
MDA7552654.1	QIZ21376.1	74.784	464	117	0	1	464	1	464	0.0	726
MDA7552655.1	QIZ21377.1	64.626	294	104	0	6	299	19	312	1.02e-129	367
MDA7552656.1	QIZ21378.1	75.987	304	73	0	1	304	1	304	3.15e-157	437
MDA7552657.1	QIZ21379.1	35.714	224	134	4	1	215	1	223	1.13e-35	121
MDA7552660.1	QIZ21381.1	67.320	306	100	0	1	306	1	306	1.38e-146	410
MDA7552661.1	QIZ21382.1	50.189	265	130	1	17	279	18	282	1.92e-93	273
MDA7552662.1	QIZ21383.1	65.817	667	228	0	10	676	10	676	0.0	887
MDA7552663.1	QIZ21384.1	61.388	562	216	1	3	564	4	564	0.0	688
MDA7552664.1	QIZ21385.1	86.578	678	91	0	1	678	1	678	0.0	1228
MDA7552665.1	QIZ21386.1	29.501	461	310	8	41	496	33	483	4.75e-36	135
MDA7552666.1	QIZ21387.1	88.961	462	51	0	1	462	1	462	0.0	833
MDA7552668.1	QIZ20745.1	76.173	277	66	0	1	277	1	277	7.74e-156	431
MDA7552669.1	QIZ20744.1	89.362	329	35	0	1	329	1	329	0.0	620
MDA7552670.1	QIZ20743.1	74.490	294	75	0	1	294	1	294	3.38e-164	454
MDA7552671.1	QIZ20742.1	85.253	434	64	0	1	434	1	434	0.0	790
MDA7552672.1	QIZ20741.1	74.074	108	28	0	1	108	1	108	1.13e-54	162
MDA7552673.1	QIZ20740.1	89.206	630	68	0	8	637	1	630	0.0	1182
MDA7552674.1	QIZ20739.1	81.034	116	22	0	1	116	1	116	8.28e-67	198
MDA7552675.1	QIZ20739.1	88.430	121	14	0	1	121	133	253	9.03e-73	213
MDA7552677.1	QIZ20738.1	81.132	106	20	0	1	106	1	106	9.35e-64	184
MDA7552678.1	QIZ20737.1	73.373	338	90	0	1	338	1	338	0.0	512
MDA7552679.1	QIZ20736.1	74.879	207	52	0	1	207	1	207	2.70e-120	335
MDA7552683.1	QIZ20734.1	71.930	171	33	1	3	173	25	180	1.22e-85	245
MDA7552685.1	QIZ20733.1	56.552	290	126	0	1	290	1	290	4.92e-112	321
MDA7552690.1	QIZ20732.1	81.412	425	79	0	1	425	1	425	0.0	726
MDA7552691.1	QIZ20731.1	80.916	131	25	0	1	131	1	131	3.20e-80	228
MDA7552692.1	QIZ21069.1	82.258	62	11	0	1	62	1	62	2.80e-35	109
MDA7552693.1	QIZ20729.1	73.109	119	31	1	2	120	3	120	1.10e-66	193
MDA7552694.1	QIZ20728.1	67.208	308	101	0	1	308	1	308	5.65e-150	419
MDA7552695.1	QIZ20727.1	54.940	415	185	2	18	430	18	432	4.82e-155	441
MDA7552696.1	QIZ20726.1	93.963	381	23	0	1	381	1	381	0.0	734
MDA7552697.1	QIZ20725.1	76.802	888	206	0	1	888	1	888	0.0	1425
MDA7552698.1	QIZ20724.1	88.861	404	45	0	1	404	1	404	0.0	765
MDA7552699.1	QIZ20723.1	73.023	215	58	0	1	215	1	215	7.09e-122	340
MDA7552700.1	QIZ20722.1	67.528	271	80	3	1	267	1	267	4.97e-125	352
MDA7552701.1	QIZ20721.1	77.741	301	67	0	1	301	1	301	1.50e-179	493
MDA7552702.1	QIZ20720.1	73.399	203	54	0	1	203	1	203	4.97e-106	299
MDA7552703.1	QIZ20719.1	84.637	358	55	0	1	358	1	358	0.0	585
MDA7552704.1	QIZ20718.1	53.793	145	67	0	1	145	1	145	1.66e-52	159
MDA7552705.1	QIZ20717.1	80.806	521	99	1	1	520	1	521	0.0	862
MDA7552706.1	QIZ20716.1	82.734	139	24	0	1	139	1	139	8.10e-90	253
MDA7552707.1	QIZ20715.1	68.482	257	81	0	1	257	1	257	1.63e-130	365
MDA7552708.1	QIZ20714.1	87.255	204	26	0	1	204	1	204	1.51e-122	341
MDA7552709.1	QIZ20707.1	69.325	163	48	1	2	162	1	163	5.53e-77	222
MDA7552710.1	QIZ20706.1	81.250	256	48	0	1	256	9	264	2.87e-157	433
MDA7552711.1	QIZ20705.1	67.544	228	70	1	1	224	1	228	1.74e-110	312
MDA7552712.1	QIZ20704.1	56.190	315	136	2	1	313	1	315	8.40e-125	355
MDA7552713.1	QIZ20703.1	75.768	293	67	1	1	289	1	293	1.18e-153	427
MDA7552714.1	QIZ20702.1	68.392	367	116	0	1	367	1	367	0.0	519
MDA7552715.1	QIZ20701.1	81.746	126	23	0	1	126	1	126	8.37e-78	221
MDA7552716.1	QIZ20700.1	86.660	952	127	0	1	952	1	952	0.0	1717
MDA7552717.1	QIZ20699.1	70.773	414	121	0	1	414	1	414	0.0	605
MDA7552719.1	QIZ20698.1	73.214	392	105	0	1	392	1	392	0.0	590
MDA7552720.1	QIZ20697.1	64.835	182	64	0	1	182	1	182	1.29e-85	246
MDA7552721.1	QIZ20696.1	57.724	246	104	0	3	248	4	249	2.67e-103	296
MDA7552722.1	QIZ20695.1	70.323	155	46	0	1	155	1	155	2.41e-63	187
MDA7552723.1	QIZ20694.1	93.188	367	25	0	1	367	1	367	0.0	699
MDA7552724.1	QIZ20692.1	66.042	480	162	1	4	482	12	491	0.0	674
MDA7552725.1	QIZ20691.1	90.130	922	91	0	1	922	1	922	0.0	1778
MDA7552726.1	QIZ20690.1	84.058	552	87	1	1	551	1	552	0.0	953
MDA7552727.1	QIZ20689.1	63.768	276	100	0	1	276	1	276	2.43e-136	382
MDA7552728.1	QIZ20687.1	60.256	156	62	0	1	156	1	156	7.52e-59	176
MDA7552729.1	QIZ20686.1	59.124	137	50	2	1	132	1	136	1.04e-54	164
MDA7552730.1	QIZ20685.1	55.721	201	88	1	1	200	1	201	2.38e-78	229
MDA7552731.1	QIZ20684.1	64.649	413	143	1	1	413	1	410	0.0	506
MDA7552732.1	QIZ20683.1	76.744	301	70	0	1	301	1	301	1.18e-166	460
MDA7552733.1	QIZ20682.1	88.642	405	46	0	1	405	1	405	0.0	760
MDA7552734.1	QIZ20681.1	94.823	367	19	0	5	371	4	370	0.0	741
MDA7552735.1	QIZ20680.1	78.674	347	74	0	1	347	1	347	0.0	593
MDA7552736.1	QIZ20679.1	85.333	75	11	0	1	75	1	75	4.96e-46	137
MDA7552738.1	QIZ21307.1	27.203	261	182	6	8	263	9	266	4.22e-27	103
MDA7552739.1	QIZ20676.1	81.988	161	29	0	1	161	1	161	1.94e-87	248
MDA7552741.1	QIZ20888.1	33.816	207	127	3	12	211	12	215	2.03e-28	102
MDA7552742.1	QIZ20673.1	78.774	424	90	0	1	424	1	424	0.0	669
MDA7552743.1	QIZ20672.1	70.280	286	85	0	1	286	1	286	6.66e-154	427
MDA7552744.1	QIZ20671.1	74.110	309	79	1	1	308	1	309	2.30e-171	473
MDA7552745.1	QIZ20670.1	75.406	431	106	0	1	431	1	431	0.0	693
MDA7552747.1	QIZ20669.1	87.917	480	58	0	14	493	14	493	0.0	888
MDA7552748.1	QIZ20668.1	66.851	181	60	0	6	186	1	181	1.04e-82	238
MDA7552749.1	QIZ20667.1	81.454	798	144	2	1	798	1	794	0.0	1251
MDA7552750.1	QIZ20666.1	86.229	472	65	0	1	472	1	472	0.0	857
MDA7552751.1	QIZ20665.1	80.263	152	30	0	1	152	1	152	6.50e-79	226
MDA7552752.1	QIZ20664.1	95.714	70	3	0	21	90	1	70	1.65e-45	136
MDA7552753.1	QIZ20663.1	82.524	103	18	0	1	103	1	103	5.20e-62	181
MDA7552754.1	QIZ20662.1	68.182	308	98	0	1	308	1	308	5.21e-147	411
MDA7552755.1	QIZ20661.1	83.673	245	40	0	1	245	3	247	1.03e-150	416
MDA7552756.1	QIZ20660.1	92.405	79	6	0	1	79	1	79	9.21e-47	139
MDA7552757.1	QIZ20659.1	76.190	210	50	0	1	210	1	210	2.76e-122	340
MDA7552758.1	QIZ20658.1	65.385	260	90	0	2	261	3	262	2.72e-125	352
MDA7552759.1	QIZ20657.1	59.317	322	126	3	1	319	1	320	5.14e-114	328
MDA7552760.1	QIZ20656.1	39.716	282	167	3	13	292	24	304	1.56e-51	167
MDA7552761.1	QIZ20655.1	34.870	846	484	19	1	818	1	807	1.11e-142	437
MDA7552762.1	QIZ20654.1	49.020	357	181	1	3	359	2	357	6.11e-91	273
MDA7552763.1	QIZ20653.1	39.143	350	208	4	1	346	1	349	6.38e-79	243
MDA7552764.1	QIZ20652.1	86.186	485	67	0	1	485	1	485	0.0	857
MDA7552765.1	QIZ20651.1	89.706	136	14	0	1	136	1	136	2.32e-78	224
MDA7552766.1	QIZ20650.1	69.271	192	58	1	1	191	1	192	3.19e-86	248
MDA7552767.1	QIZ20649.1	76.316	342	80	1	1	342	1	341	0.0	503
MDA7552768.1	QIZ20648.1	40.922	347	205	0	13	359	13	359	1.72e-91	274
MDA7552769.1	QIZ20647.1	65.909	220	75	0	1	220	5	224	5.56e-93	267
MDA7552770.1	QIZ20646.1	84.007	594	95	0	1	594	1	594	0.0	1044
MDA7552771.1	QIZ20645.1	85.401	274	39	1	1	274	1	273	1.57e-172	473
MDA7552772.1	QIZ20644.1	77.119	118	27	0	1	118	1	118	2.74e-65	189
MDA7552773.1	QIZ20643.1	71.429	98	28	0	38	135	35	132	2.86e-50	152
MDA7552774.1	QIZ20642.1	89.888	445	45	0	1	445	1	445	0.0	829
MDA7552775.1	QIZ20641.1	74.468	141	35	1	1	140	1	141	3.92e-72	208
MDA7552776.1	QIZ20640.1	77.941	136	30	0	10	145	10	145	4.57e-78	224
MDA7552778.1	QIZ20638.1	89.105	257	28	0	1	257	1	257	6.92e-170	465
MDA7552779.1	QIZ20637.1	77.196	592	119	2	1	576	1	592	0.0	899
MDA7552781.1	QIZ20863.1	40.726	248	139	5	98	341	104	347	9.95e-54	176
MDA7552782.1	QIZ20636.1	48.559	451	216	6	363	807	290	730	3.30e-120	375
MDA7552782.1	QIZ20636.1	32.440	336	214	4	20	347	19	349	8.14e-36	140
MDA7552783.1	QIZ20635.1	76.471	408	96	0	1	408	1	408	0.0	647
MDA7552784.1	QIZ20634.1	50.914	383	176	5	3	382	2	375	6.07e-134	384
MDA7552785.1	QIZ20633.1	89.908	218	22	0	1	218	1	218	9.81e-146	400
MDA7552786.1	QIZ20632.1	79.286	140	29	0	1	140	1	140	2.02e-82	234
MDA7552787.1	QIZ20631.1	93.125	480	33	0	1	480	1	480	0.0	941
MDA7552788.1	QIZ20630.1	79.508	244	50	0	1	244	1	244	6.66e-141	390
MDA7552789.1	QIZ20629.1	51.675	418	193	5	1	412	1	415	4.89e-136	392
MDA7552790.1	QIZ20628.1	90.887	406	37	0	1	406	1	406	0.0	778
MDA7552791.1	QIZ20627.1	87.582	153	19	0	1	153	1	153	2.53e-99	278
MDA7552792.1	QIZ20626.1	77.778	99	21	1	1	99	1	98	1.57e-51	153
MDA7552793.1	QIZ20625.1	84.545	110	17	0	1	110	1	110	4.84e-70	201
MDA7552795.1	QIZ20624.1	93.162	468	32	0	1	468	1	468	0.0	924
MDA7552796.1	QIZ20623.1	66.879	157	52	0	4	160	3	159	2.22e-72	210
MDA7552797.1	QIZ20622.1	84.300	293	46	0	1	293	1	293	2.62e-171	472
MDA7552798.1	QIZ20621.1	70.199	302	89	1	1	301	1	302	7.56e-148	413
MDA7552799.1	QIZ20620.1	68.367	196	62	0	1	196	1	196	1.76e-89	256
MDA7552800.1	QIZ20619.1	61.382	246	95	0	1	246	1	246	1.44e-84	248
MDA7552801.1	QIZ20618.1	89.091	165	18	0	1	165	1	165	6.70e-101	283
MDA7552802.1	QIZ20617.1	80.247	81	16	0	1	81	1	81	1.08e-47	142
MDA7552803.1	QIZ20614.1	60.963	187	73	0	1	187	1	187	4.37e-79	230
MDA7552804.1	QIZ20613.1	78.073	301	65	1	1	300	1	301	4.10e-179	492
MDA7552805.1	QIZ20612.1	71.141	149	43	0	1	149	1	149	4.90e-73	211
MDA7552806.1	QIZ20611.1	58.228	79	32	1	1	78	1	79	3.28e-28	93.6
MDA7552807.1	QIZ20610.1	83.978	181	29	0	1	181	1	181	3.89e-114	318
MDA7552808.1	QIZ20609.1	71.212	330	95	0	1	330	1	330	1.25e-178	493
MDA7552810.1	QIZ20608.1	77.617	277	62	0	1	277	1	277	2.21e-161	445
MDA7552813.1	QIZ20492.1	28.906	256	170	6	12	266	2	246	3.46e-24	94.0
MDA7552817.1	QIZ20710.1	28.163	245	168	2	1	244	1	238	6.43e-32	113
MDA7552820.1	QIZ20501.1	47.500	320	166	1	1	318	1	320	1.03e-98	290
MDA7552827.1	QIZ20606.1	77.871	479	106	0	1	479	1	479	0.0	804
MDA7552828.1	QIZ20511.1	23.519	540	348	14	64	569	49	557	2.40e-25	105
MDA7552831.1	QIZ20416.1	32.273	220	139	5	8	225	5	216	1.13e-31	112
MDA7552836.1	QIZ21109.1	29.787	329	195	11	13	312	1	322	1.35e-26	103
MDA7552837.1	QIZ20605.1	87.980	391	47	0	1	391	1	391	0.0	717
MDA7552838.1	QIZ20604.1	88.073	327	39	0	4	330	3	329	0.0	546
MDA7552839.1	QIZ20603.1	94.410	322	18	0	1	322	1	322	0.0	627
MDA7552840.1	QIZ20602.1	75.740	169	40	1	1	168	1	169	4.48e-80	231
MDA7552841.1	QIZ20601.1	95.021	482	24	0	1	482	1	482	0.0	845
MDA7552842.1	QIZ20600.1	74.297	249	63	1	1	249	1	248	5.75e-137	381
MDA7552843.1	QIZ20599.1	72.667	300	82	0	1	300	1	300	8.42e-171	471
MDA7552846.1	QIZ20416.1	32.468	231	147	4	6	235	5	227	2.00e-31	112
MDA7552847.1	QIZ20594.1	76.285	253	60	0	1	253	1	253	1.30e-141	393
MDA7552849.1	QIZ20834.1	28.161	348	218	8	9	342	1	330	1.49e-27	106
MDA7552851.1	QIZ20513.1	27.919	394	257	8	105	492	7	379	1.90e-36	134
MDA7552852.1	QIZ20593.1	82.366	465	82	0	5	469	2	466	0.0	824
MDA7552855.1	QIZ20495.1	43.750	528	294	3	3	527	4	531	8.52e-146	425
MDA7552856.1	QIZ20216.1	59.621	317	127	1	1	316	1	317	4.81e-130	369
MDA7552858.1	QIZ21437.1	75.835	389	93	1	1	389	1	388	0.0	645
MDA7552859.1	QIZ20511.1	29.758	578	377	10	7	562	3	573	1.51e-73	241
MDA7552861.1	QIZ21436.1	91.282	195	17	0	1	195	1	195	5.10e-134	369
MDA7552862.1	QIZ21435.1	51.406	249	115	3	12	257	14	259	2.77e-88	258
MDA7552863.1	QIZ21434.1	77.033	492	113	0	1	492	1	492	0.0	809
MDA7552864.1	QIZ21433.1	83.860	285	46	0	1	285	1	285	7.92e-172	472
MDA7552865.1	QIZ21432.1	91.184	397	34	1	1	396	1	397	0.0	698
MDA7552866.1	QIZ21431.1	78.175	252	55	0	1	252	1	252	1.12e-133	373
MDA7552867.1	QIZ21429.1	90.068	443	44	0	14	456	1	443	0.0	785
MDA7552868.1	QIZ21428.1	93.452	336	22	0	1	336	1	336	0.0	632
MDA7552869.1	QIZ21427.1	88.511	235	27	0	1	235	1	235	7.70e-147	405
MDA7552870.1	QIZ21426.1	85.385	260	38	0	3	262	5	264	3.86e-165	453
MDA7552873.1	QIZ21425.1	81.063	301	57	0	1	301	1	301	0.0	511
MDA7552874.1	QIZ21424.1	90.654	107	10	0	1	107	1	107	1.97e-66	191
MDA7552875.1	QIZ21423.1	93.162	234	16	0	1	234	1	234	9.82e-164	447
MDA7552876.1	QIZ21422.1	89.655	261	27	0	1	261	1	261	8.92e-174	475
MDA7552877.1	QIZ21421.1	83.740	246	40	0	1	246	1	246	4.32e-157	432
MDA7552878.1	QIZ21420.1	73.636	330	86	1	1	329	21	350	0.0	503
MDA7552879.1	QIZ21419.1	85.185	297	44	0	1	297	1	297	0.0	514
MDA7552880.1	QIZ21418.1	85.472	413	58	1	1	411	1	413	0.0	744
MDA7552881.1	QIZ21417.1	87.255	204	26	0	1	204	1	204	2.87e-118	330
MDA7552882.1	QIZ21416.1	91.837	98	8	0	1	98	1	98	1.69e-64	186
MDA7552883.1	QIZ21415.1	84.524	84	13	0	1	84	1	84	1.45e-52	154
MDA7552884.1	QIZ21414.1	86.179	123	17	0	1	123	1	123	2.23e-79	225
MDA7552885.1	QIZ21413.1	89.562	297	31	0	1	297	1	297	0.0	558
MDA7552886.1	QIZ21412.1	83.912	317	51	0	1	317	1	317	0.0	560
MDA7552887.1	QIZ21411.1	47.987	298	155	0	1	298	2	299	7.26e-99	288
MDA7552888.1	QIZ21410.1	85.194	412	61	0	1	412	1	412	0.0	739
MDA7552889.1	QIZ21409.1	68.280	372	118	0	3	374	2	373	1.42e-176	491
MDA7552890.1	QIZ21408.1	66.822	645	194	2	1	625	1	645	0.0	918
MDA7552891.1	QIZ21407.1	51.807	166	80	0	1	166	1	166	8.89e-45	141
MDA7552892.1	QIZ21406.1	53.147	286	126	5	1	280	1	284	1.49e-95	283
MDA7552893.1	QIZ21405.1	90.533	338	32	0	7	344	8	345	0.0	628
MDA7552894.1	QIZ21404.1	83.174	523	85	2	1	523	1	520	0.0	906
MDA7552895.1	QIZ20556.1	37.607	234	129	6	318	545	40	262	3.84e-41	147
MDA7552895.1	QIZ20556.1	32.157	255	151	6	19	270	41	276	4.73e-34	128
MDA7552899.1	QIZ21403.1	85.588	340	48	1	1	340	1	339	0.0	610
MDA7552900.1	QIZ21402.1	88.462	182	21	0	1	182	1	182	1.24e-118	329
MDA7552901.1	QIZ21401.1	92.347	588	45	0	1	588	1	588	0.0	1098
MDA7552902.1	QIZ21400.1	60.870	299	117	0	1	299	1	299	5.19e-116	332
MDA7552903.1	QIZ21399.1	76.533	473	105	4	1	469	1	471	0.0	701
MDA7552904.1	QIZ21398.1	86.885	61	8	0	1	61	1	61	5.68e-35	108
MDA7552905.1	QIZ21397.1	92.042	289	23	0	1	289	1	289	0.0	527
MDA7552906.1	QIZ21396.1	90.191	367	35	1	1	367	1	366	0.0	643
MDA7552907.1	QIZ21395.1	94.161	274	16	0	1	274	1	274	0.0	523
MDA7552911.1	QIZ21388.1	90.159	315	31	0	1	315	1	315	0.0	600
MDA7552913.1	QIZ20746.1	87.571	885	110	0	1	885	1	885	0.0	1617
MDA7552914.1	QIZ20747.1	69.578	687	209	0	1	687	1	687	0.0	951
MDA7552915.1	QIZ20748.1	88.396	293	34	0	1	293	1	293	0.0	553
MDA7552916.1	QIZ20749.1	86.194	268	37	0	1	268	1	268	1.20e-156	432
MDA7552917.1	QIZ20750.1	81.602	337	62	0	1	337	1	337	0.0	557
MDA7552918.1	QIZ20751.1	72.596	208	57	0	1	208	1	208	1.81e-115	323
MDA7552919.1	QIZ20752.1	90.556	360	34	0	1	360	1	360	0.0	669
MDA7552920.1	QIZ20753.1	88.226	637	75	0	1	637	1	637	0.0	1183
MDA7552921.1	QIZ20754.1	75.862	290	70	0	1	290	1	290	2.05e-155	431
MDA7552922.1	QIZ20755.1	70.513	78	23	0	1	78	1	78	1.60e-31	101
MDA7552923.1	QIZ20756.1	72.258	310	86	0	1	310	1	310	1.03e-158	441
MDA7552924.1	QIZ20541.1	31.579	247	163	3	4	245	5	250	5.37e-33	117
MDA7552926.1	QIZ20757.1	83.591	323	53	0	1	323	1	323	0.0	540
MDA7552927.1	QIZ20758.1	92.833	293	21	0	5	297	1	293	0.0	562
MDA7552928.1	QIZ20759.1	90.930	430	39	0	1	430	1	430	0.0	814
MDA7552929.1	QIZ20760.1	75.556	270	66	0	1	270	1	270	5.41e-147	408
MDA7552930.1	QIZ20761.1	81.490	443	82	0	1	443	1	443	0.0	740
MDA7552931.1	QIZ20762.1	69.054	349	108	0	1	349	1	349	8.39e-161	449
MDA7552932.1	QIZ20763.1	80.885	633	116	2	3	635	1	628	0.0	1006
MDA7552933.1	QIZ20764.1	52.770	343	160	2	1	341	1	343	4.97e-122	351
MDA7552934.1	QIZ20765.1	74.018	331	75	5	3	330	2	324	5.33e-175	484
MDA7552935.1	QIZ20766.1	85.976	164	18	1	1	164	1	159	1.38e-95	269
MDA7552936.1	QIZ20767.1	88.399	431	50	0	17	447	16	446	0.0	803
MDA7552937.1	QIZ20768.1	68.836	292	68	2	1	292	1	269	1.28e-124	352
MDA7552938.1	QIZ20769.1	92.754	138	10	0	1	138	1	138	7.48e-93	260
MDA7552939.1	QIZ20770.1	83.482	224	37	0	1	224	1	224	6.53e-139	384
MDA7552940.1	QIZ20771.1	84.756	164	25	0	1	164	1	164	7.78e-106	295
MDA7552941.1	QIZ20772.1	83.750	240	39	0	1	240	1	240	1.48e-153	422
MDA7552942.1	QIZ20773.1	76.493	268	63	0	1	268	1	268	9.39e-163	448
MDA7552943.1	QIZ20774.1	58.011	181	76	0	1	181	1	181	1.27e-68	202
MDA7552944.1	QIZ20775.1	75.676	148	36	0	1	148	1	148	9.88e-76	218
MDA7552945.1	QIZ20776.1	60.748	107	42	0	1	107	1	107	1.15e-34	111
MDA7552946.1	QIZ20777.1	84.284	649	102	0	1	649	1	649	0.0	1147
MDA7552947.1	QIZ20778.1	88.657	335	38	0	1	335	1	335	0.0	614
MDA7552948.1	QIZ20779.1	72.959	392	106	0	1	392	1	392	0.0	579
MDA7552949.1	QIZ20780.1	79.464	336	69	0	1	336	1	336	0.0	552
MDA7552950.1	QIZ20781.1	64.500	200	70	1	6	204	8	207	7.05e-80	233
MDA7552951.1	QIZ20782.1	81.720	186	34	0	1	186	1	186	6.44e-118	328
MDA7552952.1	QIZ20783.1	65.447	246	85	0	1	246	1	246	4.00e-117	330
MDA7552953.1	QIZ20784.1	86.842	76	10	0	1	76	1	76	1.03e-48	144
MDA7552954.1	QIZ20785.1	82.564	195	34	0	1	195	1	195	6.21e-113	316
MDA7552955.1	QIZ20786.1	95.312	64	3	0	1	64	1	64	1.09e-37	115
MDA7552957.1	QIZ20788.1	92.903	465	32	1	2	466	1	464	0.0	870
MDA7552958.1	QIZ20789.1	92.632	95	7	0	1	95	1	95	1.17e-58	171
MDA7552959.1	QIZ20790.1	82.320	362	64	0	1	362	1	362	0.0	598
MDA7552961.1	QIZ20792.1	97.561	41	1	0	1	41	1	41	2.51e-23	77.8
MDA7552962.1	QIZ20793.1	68.385	291	92	0	1	291	1	291	1.49e-148	414
MDA7552969.1	QIZ21390.1	55.760	217	96	0	2	218	1	217	5.99e-81	237
MDA7552971.1	QIZ20796.1	47.059	306	153	1	1	306	1	297	1.84e-89	265
MDA7552972.1	QIZ20795.1	49.570	349	159	5	2	346	3	338	3.45e-106	310
MDA7552981.1	QIZ20795.1	36.336	333	179	10	1	306	1	327	1.70e-46	155
MDA7552982.1	QIZ20804.1	32.323	198	126	5	28	219	4	199	4.81e-23	90.9
MDA7552983.1	QIZ20851.1	25.914	301	200	7	4	294	6	293	1.17e-24	97.4
MDA7552986.1	QIZ20837.1	31.208	596	355	14	12	571	4	580	1.80e-63	214
MDA7552994.1	QIZ20844.1	29.016	386	228	14	12	383	14	367	1.38e-27	107
MDA7552997.1	QIZ21071.1	31.416	226	152	3	2	224	5	230	2.58e-28	103
MDA7552998.1	QIZ20828.1	31.132	212	135	5	2	207	4	210	8.73e-25	92.8
MDA7553000.1	QIZ20995.1	64.151	106	38	0	1	106	1	106	5.63e-33	112
MDA7553001.1	QIZ20996.1	80.687	233	45	0	1	233	1	233	1.07e-143	397
MDA7553002.1	QIZ20997.1	82.567	522	91	0	1	522	1	522	0.0	884
MDA7553003.1	QIZ20998.1	72.818	401	107	1	1	399	1	401	0.0	608
MDA7553004.1	QIZ20999.1	78.621	145	31	0	1	145	1	145	3.19e-84	239
MDA7553005.1	QIZ21000.1	66.000	250	85	0	1	250	1	250	4.48e-122	343
MDA7553006.1	QIZ21001.1	65.035	143	50	0	4	146	6	148	1.12e-69	202
MDA7553007.1	QIZ21002.1	73.469	196	52	0	1	196	1	196	9.91e-112	313
MDA7553008.1	QIZ21003.1	88.262	443	52	0	1	443	1	443	0.0	830
MDA7553009.1	QIZ21004.1	96.350	137	5	0	1	137	1	137	6.15e-97	271
MDA7553010.1	QIZ21005.1	79.259	135	28	0	7	141	7	141	5.35e-79	226
MDA7553011.1	QIZ21006.1	89.157	166	18	0	1	166	1	166	1.41e-111	310
MDA7553012.1	QIZ21007.1	95.533	403	18	0	1	403	1	403	0.0	805
MDA7553013.1	QIZ21008.1	91.954	261	21	0	1	261	1	261	0.0	504
MDA7553015.1	QIZ21010.1	95.362	690	32	0	1	690	1	690	0.0	1348
MDA7553016.1	QIZ21011.1	87.805	82	10	0	1	82	1	82	1.17e-47	142
MDA7553017.1	QIZ21012.1	82.787	122	21	0	1	122	1	122	2.20e-72	207
MDA7553018.1	QIZ21013.1	81.436	738	130	3	3	738	4	736	0.0	1191
MDA7553019.1	QIZ21014.1	90.943	530	48	0	1	530	1	530	0.0	958
MDA7553020.1	QIZ21015.1	87.918	389	47	0	1	389	1	389	0.0	697
MDA7553021.1	QIZ21016.1	58.910	477	196	0	16	492	19	495	0.0	548
MDA7553022.1	QIZ21017.1	61.184	152	59	0	1	152	1	152	2.99e-53	161
MDA7553023.1	QIZ21018.1	87.500	328	41	0	1	328	1	328	0.0	592
MDA7553024.1	QIZ21019.1	72.870	446	117	1	1	442	10	455	0.0	664
MDA7553025.1	QIZ21020.1	89.706	136	14	0	1	136	1	136	3.40e-89	251
MDA7553026.1	QIZ21021.1	55.469	128	57	0	1	128	1	128	2.09e-52	157
MDA7553027.1	QIZ21022.1	61.862	333	126	1	6	338	1	332	1.17e-149	420
MDA7553029.1	QIZ21023.1	75.556	180	43	1	1	179	1	180	2.24e-99	280
MDA7553030.1	QIZ21024.1	78.078	333	73	0	1	333	1	333	0.0	545
MDA7553031.1	QIZ21025.1	73.190	511	132	3	1	509	1	508	0.0	716
MDA7553032.1	QIZ21026.1	85.933	327	46	0	1	327	434	760	0.0	567
MDA7553033.1	QIZ21027.1	75.510	196	48	0	1	196	1	196	2.25e-109	307
MDA7553034.1	QIZ21028.1	61.888	286	109	0	1	286	1	286	4.10e-117	334
MDA7553035.1	QIZ21029.1	61.039	385	147	2	11	394	1	383	1.94e-159	449
MDA7553036.1	QIZ21030.1	66.837	196	65	0	3	198	5	200	7.96e-91	260
MDA7553037.1	QIZ21031.1	70.755	212	54	3	1	208	1	208	4.65e-102	290
MDA7553038.1	QIZ21032.1	93.153	628	43	0	1	628	1	628	0.0	1184
MDA7553039.1	QIZ21033.1	86.400	375	49	1	1	375	1	373	0.0	643
MDA7553040.1	QIZ21034.1	81.712	257	47	0	1	257	1	257	8.18e-158	434
MDA7553041.1	QIZ21035.1	82.000	200	36	0	18	217	18	217	1.40e-126	352
MDA7553042.1	QIZ21036.1	71.845	309	86	1	1	309	1	308	1.43e-163	453
MDA7553043.1	QIZ21037.1	42.188	192	103	2	4	187	2	193	5.13e-39	128
MDA7553044.1	QIZ21038.1	50.920	163	78	2	1	163	1	161	2.07e-48	150
MDA7553045.1	QIZ21039.1	61.860	215	82	0	1	215	1	215	3.43e-94	270
MDA7553046.1	QIZ21040.1	46.154	182	96	1	1	182	1	180	1.97e-46	146
MDA7553047.1	QIZ21041.1	39.701	335	166	13	1	305	1	329	4.71e-50	164
MDA7553048.1	QIZ21042.1	52.201	159	74	2	12	169	12	169	2.63e-57	174
MDA7553049.1	QIZ21043.1	67.494	846	271	4	1	844	1	844	0.0	1182
MDA7553051.1	QIZ21045.1	48.943	331	168	1	1	330	1	331	2.05e-102	300
MDA7553052.1	QIZ21046.1	71.685	279	79	0	2	280	4	282	1.72e-146	408
MDA7553053.1	QIZ21047.1	84.351	262	41	0	1	262	1	262	1.24e-164	452
MDA7553054.1	QIZ21048.1	60.849	212	83	0	3	214	2	213	6.11e-95	272
MDA7553055.1	QIZ21049.1	86.677	623	83	0	1	623	1	623	0.0	1114
MDA7553056.1	QIZ21050.1	82.167	443	79	0	1	443	1	443	0.0	741
MDA7553058.1	QIZ21052.1	95.972	422	17	0	1	422	1	422	0.0	822
MDA7553061.1	QIZ21055.1	77.177	333	76	0	1	333	1	333	0.0	535
MDA7553062.1	QIZ21056.1	75.465	269	66	0	1	269	1	269	1.75e-157	435
MDA7553063.1	QIZ21057.1	70.157	191	57	0	1	191	1	191	2.17e-93	266
MDA7553064.1	QIZ21058.1	63.359	262	96	0	2	263	3	264	7.69e-117	331
MDA7553065.1	QIZ21059.1	64.972	177	62	0	1	177	1	177	2.99e-73	215
MDA7553066.1	QIZ21060.1	79.372	223	43	2	1	220	1	223	1.03e-129	360
MDA7553067.1	QIZ21061.1	62.857	140	52	0	1	140	1	140	6.93e-63	185
MDA7553068.1	QIZ21062.1	65.248	141	48	1	1	141	1	140	1.08e-50	154
MDA7553069.1	QIZ21063.1	73.232	198	52	1	1	198	1	197	1.04e-106	300
MDA7553070.1	QIZ21064.1	61.029	136	51	2	4	137	35	170	4.26e-54	164
MDA7553071.1	QIZ21065.1	88.403	457	51	2	1	457	1	455	0.0	801
MDA7553072.1	QIZ21066.1	87.719	171	21	0	1	171	1	171	1.04e-111	311
MDA7553073.1	QIZ21067.1	92.347	196	15	0	1	196	1	196	1.04e-135	374
MDA7553074.1	QIZ21068.1	87.019	208	27	0	1	208	1	208	1.78e-134	371
MDA7553075.1	QIZ21070.1	86.722	241	30	1	1	241	1	239	1.12e-153	422
MDA7553076.1	QIZ21071.1	89.641	251	26	0	1	251	1	251	2.65e-170	465
MDA7553077.1	QIZ21072.1	50.000	92	43	2	1	90	1	91	9.38e-21	75.1
MDA7553078.1	QIZ21073.1	76.033	121	29	0	1	121	1	121	2.48e-65	189
MDA7553079.1	QIZ21074.1	62.651	166	62	0	1	166	1	166	5.74e-75	218
MDA7553080.1	QIZ21075.1	59.116	181	72	1	1	179	1	181	6.97e-70	206
MDA7553081.1	QIZ21076.1	76.437	696	162	2	1	694	1	696	0.0	1035
MDA7553082.1	QIZ21077.1	52.732	366	164	6	1	359	14	377	1.34e-118	344
MDA7553083.1	QIZ21078.1	65.116	215	73	1	1	215	1	213	8.71e-99	281
MDA7553085.1	QIZ21079.1	75.542	507	120	2	7	511	14	518	0.0	761
MDA7553087.1	QIZ21080.1	82.949	217	37	0	1	217	1	217	6.78e-131	363
MDA7553088.1	QIZ21081.1	95.763	118	5	0	1	118	1	118	4.61e-81	229
MDA7553089.1	QIZ21082.1	97.342	602	16	0	1	602	1	602	0.0	1176
MDA7553090.1	QIZ21083.1	96.471	85	3	0	1	85	1	85	7.54e-59	170
MDA7553091.1	QIZ21084.1	87.923	207	25	0	1	207	1	207	5.22e-135	372
MDA7553092.1	QIZ21085.1	88.318	642	75	0	36	677	39	680	0.0	1191
MDA7553093.1	QIZ21086.1	86.861	137	18	0	1	137	1	137	1.21e-88	249
MDA7553094.1	QIZ21088.1	80.392	357	70	0	1	357	1	357	0.0	604
MDA7553095.1	QIZ21089.1	66.776	304	100	1	3	305	4	307	3.05e-143	401
MDA7553096.1	QIZ21090.1	70.259	232	69	0	1	232	1	232	6.22e-124	347
MDA7553097.1	QIZ21091.1	83.934	361	58	0	1	361	1	361	0.0	572
MDA7553098.1	QIZ21092.1	86.458	96	13	0	1	96	1	96	4.80e-58	169
MDA7553099.1	QIZ21093.1	90.391	281	27	0	1	281	1	281	0.0	522
MDA7553100.1	QIZ21094.1	86.667	330	44	0	1	330	21	350	0.0	603
MDA7553103.1	QIZ21095.1	82.596	339	59	0	14	352	24	362	0.0	584
MDA7553104.1	QIZ21096.1	91.667	132	11	0	1	132	105	236	1.40e-86	248
MDA7553106.1	QIZ20409.1	97.222	72	2	0	1	72	1	72	6.05e-46	137
MDA7553108.1	QIZ20410.1	92.991	214	15	0	4	217	2	215	1.43e-144	397
MDA7553109.1	QIZ20411.1	89.342	319	34	0	1	319	3	321	0.0	583
MDA7553110.1	QIZ20412.1	87.032	401	52	0	1	401	1	401	0.0	691
MDA7553111.1	QIZ20413.1	93.881	572	35	0	1	572	1	572	0.0	1113
MDA7553112.1	QIZ20414.1	84.000	875	140	0	1	875	1	875	0.0	1542
MDA7553113.1	QIZ20415.1	87.705	122	15	0	1	122	1	122	1.66e-74	213
MDA7553114.1	QIZ20416.1	92.083	240	19	0	1	240	5	244	4.60e-168	459
MDA7553115.1	QIZ20417.1	83.568	426	67	1	1	423	1	426	0.0	720
MDA7553116.1	QIZ20418.1	85.039	381	57	0	1	381	1	381	0.0	617
MDA7553117.1	QIZ20419.1	95.087	346	17	0	1	346	1	346	0.0	691
MDA7553118.1	QIZ20420.1	69.658	468	141	1	1	467	1	468	0.0	524
MDA7553119.1	QIZ20421.1	80.778	463	89	0	1	463	1	463	0.0	704
MDA7553120.1	QIZ20422.1	76.275	451	107	0	1	451	1	451	0.0	697
MDA7553121.1	QIZ20423.1	67.572	589	191	0	1	589	1	589	0.0	745
MDA7553122.1	QIZ20424.1	53.406	367	168	2	2	365	1	367	1.56e-110	323
MDA7553123.1	QIZ20425.1	43.046	151	85	1	1	151	2	151	1.11e-35	117
MDA7553124.1	QIZ20426.1	59.854	137	55	0	18	154	16	152	2.05e-54	164
MDA7553125.1	QIZ20427.1	66.897	145	48	0	1	145	1	145	6.02e-70	203
MDA7553126.1	QIZ20428.1	82.353	306	54	0	1	306	3	308	0.0	522
MDA7553127.1	QIZ20429.1	73.000	100	27	0	1	100	1	100	1.09e-44	135
MDA7553128.1	QIZ20430.1	84.450	418	65	0	1	418	1	418	0.0	709
MDA7553129.1	QIZ20431.1	91.241	274	24	0	1	274	1	274	0.0	497
MDA7553130.1	QIZ20432.1	87.175	538	69	0	1	538	1	538	0.0	971
MDA7553131.1	QIZ20433.1	82.828	99	17	0	1	99	1	99	7.11e-57	166
MDA7553132.1	QIZ20434.1	69.262	244	75	0	1	244	1	244	6.61e-127	355
MDA7553133.1	QIZ20435.1	48.312	474	243	2	1	473	1	473	2.15e-132	387
MDA7553134.1	QIZ20436.1	82.887	485	82	1	2	486	1	484	0.0	774
MDA7553135.1	QIZ20437.1	80.319	188	37	0	1	188	1	188	1.22e-113	317
MDA7553136.1	QIZ20438.1	79.697	330	67	0	1	330	1	330	0.0	541
MDA7553137.1	QIZ20439.1	77.947	263	58	0	1	263	1	263	3.19e-144	400
MDA7553138.1	QIZ20440.1	92.889	225	16	0	1	225	1	225	4.60e-155	425
MDA7553139.1	QIZ20441.1	83.585	463	76	0	1	463	1	463	0.0	809
MDA7553140.1	QIZ20442.1	69.761	377	114	0	1	377	1	377	0.0	529
MDA7553141.1	QIZ20443.1	57.414	263	109	1	1	263	1	260	4.70e-89	261
MDA7553142.1	QIZ20444.1	69.498	259	78	1	1	258	1	259	9.20e-129	361
MDA7553143.1	QIZ20445.1	67.791	326	105	0	1	326	1	326	9.94e-156	435
MDA7553144.1	QIZ20446.1	78.082	146	32	0	1	146	1	146	1.02e-85	243
MDA7553147.1	QIZ20448.1	53.093	388	175	3	3	388	2	384	2.31e-137	393
MDA7553148.1	QIZ20449.1	46.667	165	63	5	57	219	74	215	5.32e-34	117
MDA7553149.1	QIZ20450.1	64.000	225	80	1	1	224	1	225	1.34e-93	269
MDA7553150.1	QIZ20451.1	78.142	183	40	0	1	183	1	183	2.27e-105	296
MDA7553151.1	QIZ20452.1	77.739	283	63	0	1	283	1	283	2.71e-162	448
MDA7553153.1	QIZ20453.1	78.534	1132	243	0	7	1138	7	1138	0.0	1848
MDA7553154.1	QIZ20454.1	63.556	225	82	0	1	225	1	225	4.28e-104	296
MDA7553155.1	QIZ20455.1	74.209	411	105	1	1	411	1	410	0.0	587
MDA7553156.1	QIZ20456.1	81.081	444	84	0	1	444	1	444	0.0	756
MDA7553157.1	QIZ20457.1	83.951	81	13	0	1	81	1	81	1.09e-38	119
MDA7553158.1	QIZ20458.1	87.659	551	68	0	1	551	1	551	0.0	1016
MDA7553159.1	QIZ20459.1	68.145	248	79	0	1	248	1	248	7.29e-109	310
MDA7553160.1	QIZ20460.1	57.865	178	75	0	1	178	1	178	5.85e-65	193
MDA7553161.1	QIZ20461.1	78.178	472	102	1	1	472	1	471	0.0	709
MDA7553162.1	QIZ20462.1	84.694	490	73	1	1	490	1	488	0.0	846
MDA7553163.1	QIZ20463.1	83.830	637	103	0	1	637	1	637	0.0	1090
MDA7553164.1	QIZ20464.1	85.437	103	15	0	1	103	1	103	6.31e-50	149
MDA7553165.1	QIZ20465.1	80.000	210	42	0	1	210	1	210	8.17e-124	344
MDA7553166.1	QIZ20466.1	90.062	161	16	0	1	161	1	161	1.73e-110	307
MDA7553167.1	QIZ20467.1	93.373	332	22	0	1	332	1	332	0.0	627
MDA7553168.1	QIZ20468.1	78.152	682	143	3	1	679	1	679	0.0	1111
MDA7553169.1	QIZ20469.1	88.939	443	49	0	1	443	1	443	0.0	840
MDA7553170.1	QIZ20470.1	85.149	202	30	0	1	202	1	202	1.52e-134	371
MDA7553171.1	QIZ20471.1	93.606	391	25	0	1	391	1	391	0.0	766
MDA7553172.1	QIZ20472.1	83.168	202	33	1	1	201	1	202	1.47e-126	351
MDA7553173.1	QIZ20473.1	90.643	171	16	0	1	171	3	173	3.67e-121	335
MDA7553174.1	QIZ20474.1	95.902	122	5	0	1	122	1	122	2.03e-80	228
MDA7553175.1	QIZ20475.1	89.155	793	85	1	1	792	2	794	0.0	1422
MDA7553176.1	QIZ20476.1	93.365	422	28	0	1	422	1	422	0.0	816
MDA7553177.1	QIZ20477.1	88.177	203	24	0	1	203	1	203	1.03e-136	377
MDA7553178.1	QIZ20478.1	70.370	351	97	2	1	345	137	486	3.73e-166	468
MDA7553182.1	QIZ21363.1	92.916	607	42	1	1	606	1	607	0.0	1150
MDA7553183.1	QIZ21362.1	76.819	591	137	0	1	591	1	591	0.0	911
MDA7553184.1	QIZ21361.1	74.342	152	39	0	1	152	1	152	2.39e-71	207
MDA7553185.1	QIZ21360.1	84.156	385	60	1	1	384	1	385	0.0	668
MDA7553186.1	QIZ21359.1	89.013	1074	118	0	1	1074	1	1074	0.0	1975
MDA7553187.1	QIZ21358.1	79.487	351	72	0	1	351	1	351	0.0	563
MDA7553188.1	QIZ21319.1	92.237	219	17	0	1	219	1	219	8.99e-156	426
MDA7553189.1	QIZ21318.1	84.395	314	49	0	1	314	1	314	0.0	548
MDA7553190.1	QIZ21317.1	96.497	314	11	0	1	314	1	314	0.0	630
MDA7553192.1	QIZ21316.1	77.064	218	50	0	1	218	1	218	4.05e-117	328
MDA7553193.1	QIZ21314.1	75.439	399	94	1	1	395	1	399	0.0	636
MDA7553194.1	QIZ21313.1	91.164	713	63	0	1	713	1	713	0.0	1361
MDA7553195.1	QIZ21312.1	78.226	248	54	0	1	248	1	248	7.05e-144	399
MDA7553196.1	QIZ21311.1	83.136	338	57	0	1	338	1	338	0.0	571
MDA7553197.1	QIZ21310.1	92.199	141	11	0	1	141	1	141	4.27e-89	251
MDA7553198.1	QIZ21309.1	90.671	611	57	0	1	611	1	611	0.0	1157
MDA7553199.1	QIZ21308.1	90.155	193	19	0	1	193	1	193	1.52e-128	355
MDA7553200.1	QIZ21307.1	88.966	290	32	0	1	290	1	290	0.0	558
MDA7553201.1	QIZ21306.1	80.556	144	28	0	1	144	1	144	1.15e-82	235
MDA7553202.1	QIZ21305.1	80.000	225	45	0	1	225	1	225	2.64e-130	362
MDA7553203.1	QIZ21304.1	66.515	439	147	0	1	439	1	439	0.0	620
MDA7553204.1	QIZ21303.1	71.429	70	20	0	1	70	1	70	3.05e-30	98.2
MDA7553205.1	QIZ21302.1	66.929	254	84	0	1	254	1	254	4.12e-124	349
MDA7553206.1	QIZ21301.1	54.942	344	154	1	4	347	5	347	1.56e-127	365
MDA7553207.1	QIZ21300.1	60.474	253	98	2	3	253	1	253	3.42e-87	255
MDA7553208.1	QIZ21299.1	93.548	310	20	0	1	310	1	310	0.0	560
MDA7553209.1	QIZ21298.1	71.875	224	57	2	1	222	1	220	1.84e-104	297
MDA7553210.1	QIZ21297.1	81.081	185	35	0	1	185	1	185	3.64e-112	313
MDA7553211.1	QIZ21296.1	87.955	357	43	0	1	357	1	357	0.0	658
MDA7553212.1	QIZ21295.1	78.378	259	56	0	1	259	1	259	5.59e-149	412
MDA7553213.1	QIZ21294.1	94.272	419	24	0	1	419	1	419	0.0	788
MDA7553214.1	QIZ21293.1	88.166	169	20	0	1	169	1	169	3.57e-107	299
MDA7553215.1	QIZ21292.1	72.973	148	40	0	1	148	1	148	3.76e-80	229
MDA7553216.1	QIZ21291.1	77.007	274	63	0	1	274	1	274	1.11e-160	443
MDA7553217.1	QIZ21290.1	86.709	158	21	0	1	158	1	158	1.84e-99	279
MDA7553218.1	QIZ21289.1	63.033	422	156	0	1	422	1	422	0.0	556
MDA7553219.1	QIZ21288.1	55.516	281	125	0	1	281	1	281	2.99e-100	290
MDA7553220.1	QIZ21287.1	59.415	547	221	1	16	561	15	561	0.0	653
MDA7553221.1	QIZ21286.1	64.609	243	82	1	1	239	1	243	1.79e-105	300
MDA7553222.1	QIZ21285.1	79.781	183	37	0	1	183	1	183	1.44e-103	291
MDA7553223.1	QIZ21284.1	89.607	356	37	0	1	356	1	356	0.0	668
MDA7553224.1	QIZ21283.1	54.948	384	171	2	1	383	1	383	4.17e-144	410
MDA7553225.1	QIZ21282.1	63.323	319	117	0	6	324	6	324	3.05e-149	418
MDA7553226.1	QIZ21281.1	71.605	162	46	0	1	162	1	162	1.82e-76	221
MDA7553227.1	QIZ21280.1	68.182	176	56	0	17	192	21	196	5.47e-89	255
MDA7553228.1	QIZ21279.1	83.081	857	145	0	1	857	1	857	0.0	1450
MDA7553229.1	QIZ21278.1	78.022	91	20	0	1	91	1	91	4.83e-48	143
MDA7553230.1	QIZ21277.1	92.213	244	19	0	1	244	1	244	1.85e-166	455
MDA7553231.1	QIZ21276.1	100.000	75	0	0	1	75	1	75	1.79e-46	138
MDA7553232.1	QIZ21275.1	77.095	179	41	0	18	196	1	179	2.44e-97	276
MDA7553233.1	QIZ21274.1	78.182	165	36	0	1	165	4	168	6.71e-90	255
MDA7553234.1	QIZ21273.1	81.481	486	89	1	1	486	1	485	0.0	814
MDA7553235.1	QIZ21272.1	60.777	283	111	0	1	283	1	283	2.48e-116	332
MDA7553236.1	QIZ21271.1	68.927	354	110	0	1	354	1	354	8.17e-178	493
MDA7553237.1	QIZ21270.1	59.486	311	126	0	1	311	1	311	8.82e-122	347
MDA7553238.1	QIZ21269.1	76.115	314	75	0	1	314	1	314	0.0	504
MDA7553239.1	QIZ21268.1	64.062	320	114	1	1	319	1	320	2.38e-145	408
MDA7553240.1	QIZ21267.1	72.340	141	39	0	1	141	1	141	3.54e-74	213
MDA7553241.1	QIZ21266.1	72.050	161	45	0	1	161	1	161	6.07e-92	260
MDA7553242.1	QIZ21265.1	72.331	459	126	1	1	459	1	458	0.0	697
MDA7553243.1	QIZ21264.1	65.899	217	74	0	1	217	1	217	1.92e-97	278
MDA7553244.1	QIZ21263.1	86.260	262	36	0	1	262	1	262	1.90e-166	457
MDA7553245.1	QIZ21262.1	82.386	176	31	0	2	177	1	176	4.47e-114	317
MDA7553246.1	QIZ21260.1	86.139	303	42	0	1	303	1	303	0.0	535
MDA7553247.1	QIZ21259.1	95.956	544	22	0	1	544	1	544	0.0	1014
MDA7553248.1	QIZ21258.1	83.395	271	45	0	1	271	1	271	2.02e-164	452
MDA7553249.1	QIZ21257.1	81.116	233	44	0	1	233	1	233	1.26e-137	381
MDA7553250.1	QIZ21256.1	87.558	217	27	0	1	217	1	217	4.36e-133	369
MDA7553252.1	QIZ21255.1	79.832	119	24	0	1	119	1	119	3.86e-70	201
MDA7553253.1	QIZ21254.1	83.544	79	13	0	1	79	1	79	6.65e-49	145
MDA7553254.1	QIZ21253.1	83.154	279	46	1	1	278	1	279	5.15e-175	479
MDA7553255.1	QIZ21252.1	55.108	323	145	0	1	323	1	323	1.47e-128	365
MDA7553256.1	QIZ21251.1	86.567	134	18	0	1	134	1	134	8.42e-87	244
MDA7553257.1	QIZ21250.1	70.383	287	85	0	1	287	1	287	7.04e-151	419
MDA7553258.1	QIZ21249.1	65.052	578	202	0	1	578	1	578	0.0	774
MDA7553259.1	QIZ20355.1	37.383	214	134	0	5	218	64	277	1.56e-33	117
MDA7553260.1	QIZ21214.1	37.023	262	158	4	29	286	29	287	2.90e-41	140
MDA7553261.1	QIZ20189.1	94.790	499	26	0	1	499	1	499	0.0	921
MDA7553262.1	QIZ20188.1	89.103	156	17	0	1	156	1	156	1.32e-99	279
MDA7553263.1	QIZ20187.1	89.571	326	34	0	1	326	1	326	0.0	571
MDA7553264.1	QIZ20186.1	69.091	220	68	0	1	220	1	220	2.61e-108	307
MDA7553265.1	QIZ20185.1	80.580	345	67	0	3	347	10	354	0.0	501
MDA7553266.1	QIZ20184.1	70.130	308	92	0	1	308	1	308	1.79e-156	436
MDA7553267.1	QIZ20183.1	88.372	129	15	0	1	129	1	129	1.50e-78	223
MDA7553268.1	QIZ20608.1	28.279	244	158	7	3	233	5	244	3.47e-22	88.6
MDA7553269.1	QIZ20182.1	87.500	224	28	0	1	224	1	224	1.92e-145	400
MDA7553270.1	QIZ20181.1	92.609	230	17	0	1	230	1	230	1.39e-155	426
MDA7553271.1	QIZ20180.1	93.640	283	18	0	1	283	1	283	0.0	540
MDA7553272.1	QIZ21593.1	84.393	346	54	0	1	346	1	346	0.0	592
MDA7553278.1	QIZ21591.1	81.143	175	33	0	2	176	1	175	3.56e-96	272
MDA7553279.1	QIZ20957.1	27.157	313	196	9	1	294	1	300	2.68e-23	92.8
MDA7553280.1	QIZ20851.1	32.381	315	189	8	1	310	1	296	1.36e-41	143
MDA7553281.1	QIZ20292.1	31.250	272	145	8	1	237	1	265	1.52e-22	90.1
MDA7553283.1	QIZ20844.1	31.398	379	224	8	21	398	24	367	3.85e-31	117
MDA7553287.1	QIZ21541.1	79.332	808	167	0	1	808	1	808	0.0	1345
MDA7553288.1	QIZ20853.1	53.043	230	108	0	2	231	9	238	5.67e-85	248
MDA7553289.1	QIZ20545.1	88.525	366	42	0	1	366	1	366	0.0	632
MDA7553290.1	QIZ20546.1	96.205	448	17	0	1	448	1	448	0.0	895
MDA7553291.1	QIZ20547.1	88.854	314	34	1	1	313	1	314	0.0	562
MDA7553292.1	QIZ20548.1	93.208	265	18	0	1	265	1	265	0.0	505
MDA7553293.1	QIZ20549.1	78.650	637	135	1	1	636	1	637	0.0	1042
MDA7553294.1	QIZ20550.1	80.781	333	63	1	1	332	1	333	0.0	525
MDA7553297.1	QIZ21518.1	53.145	318	149	0	1	318	1	318	2.86e-117	337
MDA7553298.1	QIZ21518.1	56.369	314	137	0	5	318	5	318	1.39e-120	345
MDA7553299.1	QIZ21344.1	62.766	282	105	0	1	282	1	282	1.34e-127	360
MDA7553302.1	QIZ21440.1	42.088	297	160	5	6	293	8	301	2.72e-79	243
MDA7553303.1	QIZ20551.1	76.316	380	90	0	1	380	1	380	0.0	600
MDA7553304.1	QIZ20552.1	86.469	303	41	0	1	303	1	303	0.0	536
MDA7553305.1	QIZ20553.1	89.252	428	46	0	1	428	1	428	0.0	784
MDA7553307.1	QIZ21087.1	46.071	280	149	1	1	280	1	278	2.22e-80	240
MDA7553308.1	QIZ20554.1	72.362	199	55	0	1	199	1	199	1.33e-92	265
MDA7553310.1	QIZ20555.1	85.828	501	71	0	1	501	1	501	0.0	898
MDA7553311.1	QIZ20556.1	83.908	348	56	0	6	353	3	350	0.0	600
MDA7553312.1	QIZ20557.1	95.625	320	14	0	1	320	1	320	0.0	626
MDA7553313.1	QIZ20562.1	88.821	492	55	0	1	492	1	492	0.0	906
MDA7553314.1	QIZ20563.1	91.776	304	23	1	16	319	4	305	0.0	562
MDA7553316.1	QIZ20193.1	52.508	299	128	5	3	297	1	289	1.69e-98	287
MDA7553317.1	QIZ20566.1	87.975	158	19	0	1	158	1	158	4.66e-103	288
MDA7553318.1	QIZ20567.1	94.074	135	8	0	1	135	1	135	3.32e-99	276
MDA7553319.1	QIZ20568.1	82.632	190	32	1	1	189	1	190	2.25e-113	317
MDA7553320.1	QIZ20569.1	89.489	333	35	0	1	333	1	333	0.0	615
MDA7553321.1	QIZ20570.1	81.818	110	20	0	1	110	28	137	3.49e-68	197
MDA7553322.1	QIZ20571.1	94.792	96	5	0	9	104	1	96	2.41e-66	190
MDA7553324.1	QIZ20573.1	94.737	95	5	0	1	95	1	95	1.27e-66	191
MDA7553325.1	QIZ20574.1	80.189	106	21	0	15	120	15	120	1.31e-62	182
MDA7553326.1	QIZ20576.1	91.837	98	8	0	1	98	1	98	6.20e-62	179
MDA7553328.1	QIZ20577.1	87.736	106	13	0	1	106	1	106	4.07e-68	195
MDA7553329.1	QIZ20579.1	91.818	110	9	0	1	110	1	110	1.17e-67	194
MDA7553330.1	QIZ20582.1	74.775	111	28	0	1	111	1	111	5.73e-46	140
MDA7553331.1	QIZ20615.1	86.087	115	16	0	1	115	1	115	2.19e-75	214
MDA7553332.1	QIZ20616.1	88.201	517	61	0	64	580	65	581	0.0	958
MDA7553334.1	QIZ20323.1	70.000	160	48	0	1	160	1	160	1.66e-73	216
MDA7553335.1	QIZ20322.1	81.538	195	36	0	1	195	1	195	9.58e-106	298
MDA7553336.1	QIZ20321.1	79.658	585	115	1	1	581	1	585	0.0	978
MDA7553337.1	QIZ20320.1	56.647	173	72	1	1	170	1	173	1.08e-60	182
MDA7553338.1	QIZ20319.1	91.026	156	14	0	1	156	1	156	5.73e-106	295
MDA7553339.1	QIZ20318.1	80.339	295	54	2	1	293	1	293	1.31e-177	488
MDA7553340.1	QIZ20317.1	71.833	742	203	2	1	742	1	736	0.0	1085
MDA7553341.1	QIZ20316.1	95.204	417	20	0	1	417	1	417	0.0	831
MDA7553342.1	QIZ20315.1	89.011	91	10	0	1	91	1	91	8.20e-63	181
MDA7553343.1	QIZ20314.1	81.038	1002	189	1	1	1001	1	1002	0.0	1729
MDA7553344.1	QIZ20313.1	55.615	187	83	0	1	187	1	187	3.78e-82	237
MDA7553345.1	QIZ20312.1	85.882	255	36	0	1	255	1	255	5.29e-160	440
MDA7553346.1	QIZ20311.1	89.712	243	25	0	1	243	1	243	1.59e-135	377
MDA7553347.1	QIZ20306.1	71.338	157	45	0	1	157	1	157	1.57e-86	246
MDA7553348.1	QIZ20305.1	89.693	456	47	0	1	456	1	456	0.0	822
MDA7553349.1	QIZ20304.1	73.841	302	78	1	1	302	1	301	5.14e-168	464
MDA7553350.1	QIZ20303.1	84.259	216	34	0	1	216	1	216	5.23e-136	376
MDA7553351.1	QIZ20302.1	93.279	491	33	0	1	491	1	491	0.0	922
MDA7553352.1	QIZ20301.1	85.567	485	70	0	1	485	1	485	0.0	851
MDA7553353.1	QIZ20300.1	85.263	95	14	0	1	95	1	95	9.60e-55	160
MDA7553354.1	QIZ20299.1	79.470	151	31	0	1	151	1	151	3.58e-84	239
MDA7553355.1	QIZ20298.1	92.971	313	22	0	1	313	1	313	0.0	608
MDA7553356.1	QIZ20742.1	27.338	417	262	11	25	423	22	415	1.18e-38	140
MDA7553357.1	QIZ20297.1	73.958	192	49	1	1	192	1	191	3.51e-97	276
MDA7553358.1	QIZ20296.1	82.864	852	144	1	1	850	1	852	0.0	1442
MDA7553360.1	QIZ20294.1	75.163	153	38	0	1	153	1	153	1.34e-85	243
MDA7553361.1	QIZ20293.1	76.334	431	102	0	1	431	1	431	0.0	653
MDA7553362.1	QIZ20292.1	78.519	270	58	0	1	270	1	270	2.36e-148	412
MDA7553363.1	QIZ20291.1	56.618	272	115	3	1	271	11	280	4.29e-91	267
MDA7553364.1	QIZ20290.1	88.621	457	52	0	1	457	1	457	0.0	827
MDA7553365.1	QIZ20289.1	67.476	206	66	1	1	205	1	206	9.66e-95	271
MDA7553366.1	QIZ20288.1	78.218	303	66	0	1	303	1	303	1.74e-171	473
MDA7553367.1	QIZ20287.1	87.755	147	16	1	1	147	1	145	3.44e-92	259
MDA7553368.1	QIZ20286.1	92.982	342	24	0	1	342	1	342	0.0	645
MDA7553369.1	QIZ20285.1	86.667	150	19	1	1	149	1	150	2.29e-78	224
MDA7553370.1	QIZ20284.1	94.488	127	7	0	1	127	1	127	3.48e-87	245
MDA7553371.1	QIZ20283.1	69.014	213	66	0	1	213	1	213	7.78e-109	307
MDA7553372.1	QIZ20282.1	92.019	426	34	0	1	426	1	426	0.0	793
MDA7553373.1	QIZ20281.1	82.353	153	24	2	1	150	1	153	2.27e-73	212
MDA7553374.1	QIZ20280.1	88.757	169	19	0	3	171	2	170	5.33e-107	299
MDA7553375.1	QIZ20279.1	77.966	118	26	0	1	118	1	118	2.31e-63	184
MDA7553376.1	QIZ20278.1	84.358	179	28	0	1	179	1	179	6.70e-107	299
MDA7553377.1	QIZ20277.1	87.023	131	17	0	1	131	1	131	2.47e-84	238
MDA7553378.1	QIZ20276.1	90.099	101	10	0	1	101	1	101	1.05e-64	186
MDA7553379.1	QIZ20275.1	84.239	184	29	0	1	184	1	184	4.50e-117	325
MDA7553380.1	QIZ20274.1	91.429	70	6	0	1	70	1	70	2.81e-41	125
MDA7553381.1	QIZ20273.1	95.902	122	5	0	1	122	1	122	8.88e-82	231
MDA7553382.1	QIZ20272.1	87.179	78	10	0	1	78	1	78	2.52e-38	118
MDA7553383.1	QIZ20271.1	82.540	63	11	0	1	63	1	63	2.98e-33	104
MDA7553384.1	QIZ20270.1	88.971	136	15	0	1	136	1	136	3.59e-89	251
MDA7553385.1	QIZ20269.1	94.690	226	12	0	1	226	1	226	2.95e-161	441
MDA7553386.1	QIZ20268.1	83.333	132	22	0	1	132	1	132	1.09e-80	229
MDA7553387.1	QIZ20267.1	86.207	87	12	0	1	87	1	87	9.79e-55	161
MDA7553388.1	QIZ20266.1	85.714	280	39	1	1	279	1	280	1.42e-175	481
MDA7553389.1	QIZ20265.1	88.660	97	11	0	1	97	1	97	3.18e-58	169
MDA7553390.1	QIZ20264.1	83.575	207	34	0	1	207	1	207	5.41e-127	352
MDA7553391.1	QIZ20263.1	87.225	227	29	0	1	227	1	227	1.55e-146	404
MDA7553392.1	QIZ20262.1	99.020	102	1	0	1	102	1	102	2.31e-71	203
MDA7553393.1	QIZ20261.1	94.364	692	39	0	1	692	1	692	0.0	1360
MDA7553394.1	QIZ20260.1	89.103	156	17	0	1	156	1	156	3.59e-103	288
MDA7553395.1	QIZ20259.1	95.935	123	5	0	1	123	1	123	2.14e-83	235
MDA7553396.1	QIZ20258.1	90.647	1390	128	2	1	1389	1	1389	0.0	2624
MDA7553397.1	QIZ20257.1	91.648	1353	111	2	1	1351	11	1363	0.0	2556
MDA7553398.1	QIZ21515.1	82.867	286	49	0	1	286	1	286	0.0	503
MDA7553399.1	QIZ21514.1	83.936	249	40	0	1	249	1	249	6.98e-157	431
MDA7553400.1	QIZ21513.1	89.630	810	83	1	1	809	1	810	0.0	1507
MDA7553401.1	QIZ21512.1	59.574	141	57	0	17	157	26	166	6.59e-59	176
MDA7553402.1	QIZ21511.1	84.127	189	30	0	1	189	1	189	3.91e-119	331
MDA7553405.1	QIZ21510.1	52.308	130	62	0	5	134	11	140	1.52e-46	144
MDA7553406.1	QIZ21482.1	77.049	61	14	0	10	70	3	63	3.02e-32	102
MDA7553407.1	QIZ21509.1	84.047	257	41	0	3	259	5	261	2.24e-162	446
MDA7553409.1	QIZ21508.1	88.710	124	14	0	1	124	1	124	4.50e-84	237
MDA7553410.1	QIZ21507.1	76.119	134	32	0	1	134	1	134	4.71e-76	218
MDA7553411.1	QIZ21506.1	74.227	388	100	0	10	397	10	397	0.0	636
MDA7553412.1	QIZ21505.1	87.190	242	31	0	1	242	1	242	4.93e-160	439
MDA7553413.1	QIZ21504.1	95.575	452	20	0	1	452	1	452	0.0	906
MDA7553414.1	QIZ21503.1	85.083	181	27	0	1	181	1	181	7.52e-112	312
MDA7553416.1	QIZ21502.1	55.172	203	91	0	1	203	1	203	1.16e-79	232
MDA7553417.1	QIZ21501.1	78.625	538	115	0	1	538	12	549	0.0	887
MDA7553418.1	QIZ21500.1	80.997	321	61	0	1	321	1	321	0.0	559
MDA7553419.1	QIZ21499.1	80.982	163	31	0	1	163	1	163	4.25e-91	258
MDA7553420.1	QIZ21498.1	76.577	333	77	1	16	348	16	347	0.0	527
MDA7553421.1	QIZ21497.1	80.537	149	29	0	1	149	1	149	2.60e-89	253
MDA7553422.1	QIZ21496.1	98.529	68	1	0	1	68	1	68	8.57e-47	139
MDA7553423.1	QIZ21494.1	68.142	113	36	0	1	113	1	113	1.84e-58	172
MDA7553424.1	QIZ21493.1	75.000	248	62	0	1	248	1	248	6.97e-128	358
MDA7553425.1	QIZ21492.1	59.589	146	59	0	1	146	1	146	1.39e-61	182
MDA7553427.1	QIZ21490.1	74.468	282	72	0	11	292	1	282	3.76e-155	430
MDA7553428.1	QIZ21489.1	61.026	195	76	0	1	195	1	195	4.72e-89	255
MDA7553429.1	QIZ21488.1	90.882	998	91	0	1	998	1	998	0.0	1918
MDA7553430.1	QIZ21487.1	92.045	88	7	0	1	88	1	88	1.01e-61	178
MDA7553431.1	QIZ21486.1	95.455	418	19	0	1	418	1	418	0.0	827
MDA7553432.1	QIZ21485.1	95.009	561	28	0	1	561	1	561	0.0	1093
MDA7553433.1	QIZ21484.1	87.072	263	34	0	1	263	1	263	5.69e-175	478
MDA7553434.1	QIZ21483.1	91.990	387	31	0	1	387	1	387	0.0	738
MDA7553435.1	QIZ21481.1	78.070	342	75	0	1	342	1	342	0.0	555
MDA7553437.1	QIZ21480.1	88.036	443	53	0	1	443	1	443	0.0	829
MDA7553438.1	QIZ21479.1	89.400	717	76	0	1	717	1	717	0.0	1295
MDA7553439.1	QIZ21478.1	89.474	342	36	0	1	342	1	342	0.0	630
MDA7553440.1	QIZ21477.1	75.281	178	44	0	15	192	6	183	1.14e-86	249
MDA7553441.1	QIZ21476.1	73.600	125	32	1	1	125	1	124	3.07e-64	187
MDA7553442.1	QIZ21475.1	66.667	147	49	0	1	147	1	147	4.88e-67	196
MDA7553443.1	QIZ21474.1	93.631	314	20	0	1	314	1	314	0.0	614
MDA7553444.1	QIZ21473.1	89.419	775	82	0	1	775	1	775	0.0	1467
MDA7553445.1	QIZ21472.1	84.821	112	17	0	5	116	4	115	3.29e-68	196
MDA7553446.1	QIZ21471.1	88.462	442	51	0	1	442	1	442	0.0	833
MDA7553447.1	QIZ21470.1	95.092	489	24	0	1	489	1	489	0.0	993
MDA7553448.1	QIZ21469.1	95.860	314	13	0	1	314	1	314	0.0	628
MDA7553449.1	QIZ21468.1	92.254	284	22	0	1	284	1	284	0.0	540
MDA7553450.1	QIZ21467.1	97.162	458	13	0	12	469	17	474	0.0	929
MDA7553451.1	QIZ21466.1	94.017	117	7	0	25	141	17	133	7.83e-84	238
MDA7553452.1	QIZ21465.1	93.991	466	28	0	1	466	1	466	0.0	895
MDA7553453.1	QIZ21464.1	85.135	74	11	0	1	74	1	74	2.68e-45	135
MDA7553455.1	QIZ21463.1	70.890	292	85	0	1	292	1	292	4.74e-156	433
MDA7553456.1	QIZ21462.1	69.585	217	65	1	11	226	11	227	3.25e-111	314
MDA7553457.1	QIZ21461.1	75.587	426	104	0	10	435	14	439	0.0	600
MDA7553458.1	QIZ21460.1	81.406	441	82	0	1	441	1	441	0.0	761
MDA7553459.1	QIZ21459.1	66.463	164	55	0	10	173	10	173	1.80e-76	229
MDA7553460.1	QIZ21214.1	73.810	252	66	0	1	252	1	252	2.10e-132	371
MDA7553461.1	QIZ21213.1	82.313	147	26	0	1	147	1	147	1.78e-93	263
MDA7553462.1	QIZ21212.1	68.773	269	84	0	1	269	1	269	3.00e-139	389
MDA7553463.1	QIZ21211.1	62.092	153	58	0	1	153	1	153	9.39e-68	203
MDA7553464.1	QIZ21211.1	56.000	75	33	0	1	75	227	301	1.20e-21	82.4
MDA7553465.1	QIZ21210.1	80.943	1039	198	0	1	1039	1	1039	0.0	1660
MDA7553466.1	QIZ21209.1	74.874	199	50	0	1	199	1	199	6.38e-116	323
MDA7553467.1	QIZ21208.1	61.157	121	42	2	1	121	1	116	1.51e-43	135
MDA7553468.1	QIZ21207.1	70.588	238	69	1	1	237	1	238	9.18e-126	352
MDA7553469.1	QIZ21206.1	59.735	226	91	0	1	226	1	226	4.50e-93	268
MDA7553470.1	QIZ21205.1	63.194	144	51	2	4	146	173	315	1.08e-53	168
MDA7553471.1	QIZ21205.1	54.688	128	56	1	1	126	2	129	4.99e-40	132
MDA7553472.1	QIZ21204.1	48.000	150	77	1	1	150	1	149	8.95e-47	145
MDA7553473.1	QIZ21203.1	89.720	428	44	0	1	428	1	428	0.0	788
MDA7553474.1	QIZ21202.1	66.926	514	165	3	1	511	1	512	0.0	626
MDA7553475.1	QIZ21201.1	92.340	235	18	0	1	235	1	235	1.14e-160	440
MDA7553476.1	QIZ21200.1	85.714	924	132	0	1	924	1	924	0.0	1622
MDA7553477.1	QIZ21198.1	63.388	183	67	0	9	191	1	183	1.28e-82	238
MDA7553478.1	QIZ21197.1	90.055	181	18	0	7	187	7	187	2.61e-121	336
MDA7553479.1	QIZ21196.1	81.472	394	71	1	1	394	1	392	0.0	673
MDA7553480.1	QIZ21195.1	89.625	347	36	0	1	347	1	347	0.0	636
MDA7553481.1	QIZ21194.1	94.158	291	17	0	1	291	1	291	0.0	540
MDA7553482.1	QIZ21193.1	80.000	180	36	0	1	180	1	180	2.18e-102	288
MDA7553483.1	QIZ21192.1	86.598	97	13	0	1	97	1	97	4.60e-49	147
MDA7553484.1	QIZ21191.1	70.029	347	104	0	1	347	1	347	5.38e-179	496
MDA7553485.1	QIZ21190.1	84.615	520	80	0	1	520	6	525	0.0	906
MDA7553486.1	QIZ21189.1	79.783	460	91	1	1	458	22	481	0.0	696
MDA7553487.1	QIZ21188.1	88.428	458	53	0	1	458	1	458	0.0	766
MDA7553488.1	QIZ21187.1	68.145	248	79	0	1	248	1	248	1.22e-115	327
MDA7553489.1	QIZ21186.1	70.470	298	88	0	1	298	1	298	5.10e-153	426
MDA7553490.1	QIZ21185.1	69.444	360	110	0	1	360	1	360	0.0	530
MDA7553491.1	QIZ21184.1	75.676	370	90	0	1	370	1	370	0.0	607
MDA7553492.1	QIZ21183.1	75.127	197	49	0	1	197	1	197	3.15e-108	304
MDA7553493.1	QIZ21182.1	69.456	239	73	0	5	243	1	239	3.54e-127	355
MDA7553494.1	QIZ21181.1	79.104	134	25	1	1	131	1	134	1.56e-76	219
MDA7553495.1	QIZ21180.1	95.238	84	4	0	1	84	1	84	4.89e-54	158
MDA7553496.1	QIZ21179.1	77.982	327	72	0	1	327	1	327	0.0	511
MDA7553497.1	QIZ21178.1	75.543	368	90	0	1	368	1	368	0.0	564
MDA7553498.1	QIZ21177.1	79.087	416	87	0	1	416	1	416	0.0	650
MDA7553499.1	QIZ21176.1	65.896	173	59	0	1	173	8	180	1.22e-76	223
MDA7553500.1	QIZ21175.1	81.034	116	22	0	1	116	1	116	5.89e-66	191
MDA7553501.1	QIZ21174.1	82.073	357	64	0	23	379	23	379	0.0	606
MDA7553502.1	QIZ21173.1	72.785	158	43	0	1	158	1	158	2.18e-85	243
MDA7553503.1	QIZ21172.1	80.000	130	26	0	1	130	1	130	3.31e-72	207
MDA7553504.1	QIZ21171.1	95.127	472	23	0	1	472	1	472	0.0	916
MDA7553505.1	QIZ21170.1	86.942	291	38	0	1	291	1	291	0.0	523
MDA7553506.1	QIZ21169.1	93.869	473	29	0	1	473	39	511	0.0	915
MDA7553508.1	QIZ20400.1	72.444	577	159	0	1	577	1	577	0.0	862
MDA7553509.1	QIZ20399.1	61.628	86	33	0	1	86	1	86	1.67e-32	104
MDA7553510.1	QIZ20398.1	63.291	316	116	0	1	316	1	316	5.29e-143	402
MDA7553511.1	QIZ20397.1	81.224	245	46	0	1	245	1	245	2.35e-138	384
MDA7553512.1	QIZ20396.1	79.730	222	45	0	10	231	13	234	7.13e-134	372
MDA7553513.1	QIZ20395.1	77.941	68	13	1	1	66	1	68	7.26e-34	106
MDA7553514.1	QIZ20394.1	66.154	65	19	1	1	65	1	62	1.89e-22	77.8
MDA7553515.1	QIZ20393.1	85.600	250	36	0	1	250	1	250	7.92e-160	439
MDA7553516.1	QIZ20392.1	75.779	417	101	0	1	417	1	417	0.0	677
MDA7553517.1	QIZ20391.1	83.696	92	15	0	4	95	3	94	3.01e-54	159
MDA7553518.1	QIZ20390.1	75.822	517	125	0	1	517	1	517	0.0	788
MDA7553519.1	QIZ20389.1	78.305	295	64	0	1	295	1	295	6.25e-168	463
MDA7553520.1	QIZ20388.1	84.000	200	29	1	1	200	1	197	8.61e-121	336
MDA7553521.1	QIZ20387.1	93.354	948	63	0	1	948	1	948	0.0	1831
MDA7553522.1	QIZ20386.1	88.235	153	15	2	1	150	1	153	7.97e-92	259
MDA7553523.1	QIZ20385.1	85.897	858	111	2	1	858	1	848	0.0	1461
MDA7553524.1	QIZ20384.1	84.756	164	25	0	1	164	1	164	7.16e-101	283
MDA7553525.1	QIZ20383.1	78.261	184	40	0	1	184	1	184	8.10e-109	305
MDA7553526.1	QIZ20382.1	80.811	370	71	0	1	370	1	370	0.0	638
MDA7553527.1	QIZ20381.1	78.309	272	59	0	1	272	1	272	1.04e-167	461
MDA7553528.1	QIZ20380.1	70.000	200	60	0	6	205	5	204	8.18e-98	278
MDA7553529.1	QIZ20379.1	72.328	683	189	0	1	683	1	683	0.0	991
MDA7553530.1	QIZ20378.1	54.118	85	39	0	1	85	1	85	6.83e-21	75.1
MDA7553531.1	QIZ20377.1	69.416	291	89	0	2	292	3	293	2.63e-139	390
MDA7553532.1	QIZ20376.1	62.145	317	120	0	17	333	17	333	8.53e-145	407
MDA7553533.1	QIZ20375.1	49.074	216	108	2	38	253	38	251	1.52e-64	197
MDA7553534.1	QIZ20374.1	73.890	383	100	0	1	383	1	383	0.0	585
MDA7553535.1	QIZ20373.1	64.532	203	72	0	1	203	1	203	3.24e-87	251
MDA7553536.1	QIZ20372.1	52.258	310	145	2	1	307	1	310	2.69e-100	293
MDA7553537.1	QIZ20371.1	77.778	513	114	0	1	513	1	513	0.0	837
MDA7553538.1	QIZ20370.1	68.254	252	79	1	1	251	1	252	1.05e-118	335
MDA7553539.1	QIZ20369.1	62.257	257	94	2	1	256	3	257	5.19e-114	323
MDA7553540.1	QIZ20368.1	71.975	157	44	0	6	162	14	170	2.90e-81	233
MDA7553541.1	QIZ20367.1	82.821	390	67	0	1	390	1	390	0.0	590
MDA7553542.1	QIZ20366.1	37.791	172	94	6	1	164	1	167	1.76e-26	94.4
MDA7553543.1	QIZ20365.1	72.043	93	26	0	1	93	1	93	8.85e-45	135
MDA7553544.1	QIZ20364.1	89.970	329	33	0	1	329	1	329	0.0	602
MDA7553545.1	QIZ20363.1	73.333	315	84	0	1	315	1	315	4.52e-176	485
MDA7553546.1	QIZ20362.1	59.043	564	231	0	1	564	1	564	0.0	664
MDA7553547.1	QIZ20361.1	59.494	79	32	0	1	79	1	79	1.45e-31	101
MDA7553548.1	QIZ20360.1	65.861	703	235	4	1	701	7	706	0.0	911
MDA7553549.1	QIZ20958.1	31.646	237	141	7	17	247	4	225	3.44e-29	106
MDA7553554.1	QIZ20248.1	68.235	255	81	0	2	256	3	257	7.80e-121	341
MDA7553555.1	QIZ20534.1	38.931	262	148	6	8	264	6	260	1.55e-58	183
MDA7553556.1	QIZ20247.1	80.451	133	26	0	1	133	1	133	1.19e-77	221
MDA7553557.1	QIZ20246.1	83.534	249	41	0	1	249	1	249	8.60e-156	429
MDA7553558.1	QIZ20245.1	80.275	218	43	0	1	218	1	218	2.34e-129	360
MDA7553559.1	QIZ20244.1	86.328	256	35	0	1	256	1	256	4.19e-173	473
MDA7553560.1	QIZ20243.1	89.302	430	46	0	1	430	1	430	0.0	814
MDA7553561.1	QIZ20242.1	91.538	260	22	0	1	260	1	260	7.04e-179	488
MDA7553562.1	QIZ20241.1	86.250	80	11	0	1	80	1	80	9.56e-47	139
MDA7553563.1	QIZ20240.1	81.057	227	43	0	1	227	1	227	1.63e-140	388
MDA7553564.1	QIZ20239.1	87.088	728	94	0	1	728	1	728	0.0	1331
MDA7553565.1	QIZ20238.1	86.842	76	10	0	1	76	1	76	8.41e-47	139
MDA7553566.1	QIZ20237.1	86.364	110	15	0	1	110	1	110	3.61e-70	201
MDA7553568.1	QIZ20236.1	89.756	205	21	0	1	205	1	205	1.30e-142	392
MDA7553569.1	QIZ20235.1	75.000	236	59	0	1	236	1	236	1.78e-130	363
MDA7553570.1	QIZ20234.1	81.801	533	97	0	1	533	1	533	0.0	927
MDA7553571.1	QIZ20233.1	74.834	453	110	2	1	449	1	453	0.0	697
MDA7553572.1	QIZ20232.1	84.490	245	38	0	1	245	1	245	8.16e-158	433
MDA7553573.1	QIZ20231.1	89.542	459	48	0	1	459	1	459	0.0	868
MDA7553574.1	QIZ20230.1	83.663	606	99	0	1	606	1	606	0.0	1063
MDA7553575.1	QIZ20229.1	81.463	205	38	0	1	205	1	205	1.21e-117	328
MDA7553576.1	QIZ20228.1	78.414	227	49	0	1	227	1	227	3.95e-140	387
MDA7553577.1	QIZ20227.1	88.600	500	57	0	1	500	1	500	0.0	929
MDA7553578.1	QIZ20226.1	93.960	298	18	0	1	298	1	298	0.0	579
MDA7553579.1	QIZ20225.1	86.096	374	52	0	1	374	1	374	0.0	675
MDA7553580.1	QIZ20222.1	90.000	330	31	1	8	337	15	342	0.0	634
MDA7553581.1	QIZ20221.1	90.078	645	64	0	1	645	1	645	0.0	1230
MDA7553582.1	QIZ20220.1	89.050	484	53	0	1	484	1	484	0.0	878
MDA7553583.1	QIZ20219.1	56.667	90	39	0	1	90	1	90	4.96e-34	108
MDA7553584.1	QIZ20208.1	68.939	132	41	0	1	132	1	132	1.10e-62	184
MDA7553585.1	QIZ20205.1	47.710	262	136	1	1	261	16	277	7.85e-59	184
MDA7553586.1	QIZ20204.1	58.125	320	134	0	1	320	1	320	5.72e-148	415
MDA7553588.1	QIZ20587.1	77.021	235	54	0	1	235	1	235	5.40e-128	357
MDA7553589.1	QIZ20586.1	89.119	193	21	0	1	193	1	193	1.02e-130	360
MDA7553590.1	QIZ21150.1	32.213	357	208	13	1	337	4	346	4.32e-43	149
MDA7553591.1	QIZ20213.1	61.842	152	58	0	18	169	26	177	5.87e-63	187
MDA7553592.1	QIZ20211.1	69.792	96	29	0	1	96	1	96	2.09e-47	142
MDA7553593.1	QIZ21109.1	28.035	346	212	12	13	329	1	338	2.34e-27	105
MDA7553594.1	QIZ20542.1	49.380	484	240	3	1	480	1	483	1.33e-151	437
MDA7553595.1	QIZ21534.1	77.273	110	25	0	13	122	13	122	1.27e-60	177
MDA7553596.1	QIZ20541.1	77.170	311	71	0	1	311	1	311	3.08e-180	496
MDA7553597.1	QIZ20540.1	83.137	255	43	0	1	255	1	255	6.37e-156	429
MDA7553598.1	QIZ20218.1	80.851	376	72	0	4	379	5	380	0.0	646
MDA7553599.1	QIZ21525.1	89.882	425	42	1	1	424	1	425	0.0	813
MDA7553601.1	QIZ21524.1	88.819	474	53	0	1	474	1	474	0.0	878
MDA7553602.1	QIZ20310.1	60.976	82	32	0	1	82	1	82	5.03e-33	105
MDA7553605.1	QIZ20730.1	70.552	163	48	0	1	163	19	181	5.50e-85	243
MDA7553607.1	QIZ20508.1	71.243	845	243	0	1	845	17	861	0.0	1179
MDA7553608.1	QIZ20507.1	83.636	220	36	0	1	220	1	220	1.82e-135	375
MDA7553609.1	QIZ20506.1	71.859	199	56	0	1	199	1	199	4.55e-103	291
MDA7553610.1	QIZ21225.1	45.283	159	85	2	24	181	23	180	3.04e-45	143
MDA7553611.1	QIZ20210.1	86.142	534	74	0	8	541	3	536	0.0	918
MDA7553612.1	QIZ20674.1	75.064	393	98	0	1	393	1	393	0.0	622
MDA7553615.1	QIZ20217.1	85.938	448	62	1	1	448	1	447	0.0	806
MDA7553616.1	QIZ21315.1	76.510	149	35	0	1	149	1	149	4.18e-89	252
MDA7553620.1	QIZ21328.1	51.029	243	117	2	9	250	6	247	1.79e-86	253
MDA7553621.1	QIZ21320.1	70.821	329	96	0	1	329	1	329	1.83e-175	486
MDA7553626.1	QIZ20981.1	58.579	577	228	5	7	582	1	567	0.0	637
MDA7553627.1	QIZ20980.1	70.288	313	71	4	1	305	6	304	7.28e-139	390
MDA7553628.1	QIZ20979.1	85.185	108	16	0	1	108	1	108	4.94e-66	190
MDA7553629.1	QIZ20978.1	62.222	135	50	1	2	135	4	138	2.86e-53	160
MDA7553630.1	QIZ20977.1	79.500	800	163	1	1	800	3	801	0.0	1319
MDA7553631.1	QIZ21085.1	24.766	642	434	17	28	645	57	673	1.91e-39	149
MDA7553632.1	QIZ21314.1	28.117	377	239	13	1	354	3	370	1.69e-43	152
MDA7553635.1	QIZ20976.1	90.780	141	13	0	1	141	1	141	1.21e-97	273
MDA7553636.1	QIZ20974.1	92.194	1012	78	1	1	1011	1	1012	0.0	1970
MDA7553637.1	QIZ20973.1	70.737	434	103	5	1	421	1	423	0.0	618
MDA7553638.1	QIZ20972.1	75.254	295	73	0	1	295	1	295	8.71e-162	447
MDA7553639.1	QIZ20971.1	64.583	240	84	1	1	239	1	240	3.14e-111	316
MDA7553640.1	QIZ20970.1	86.221	479	66	0	1	479	1	479	0.0	843
MDA7553641.1	QIZ20969.1	81.667	1500	275	0	1	1500	1	1500	0.0	2592
MDA7553642.1	QIZ20967.1	71.138	246	71	0	1	246	1	246	8.64e-120	337
MDA7553643.1	QIZ20966.1	77.083	384	88	0	1	384	1	384	0.0	598
MDA7553644.1	QIZ20965.1	87.461	638	80	0	1	638	1	638	0.0	1187
MDA7553645.1	QIZ20944.1	55.838	591	252	4	1	587	1	586	0.0	610
MDA7553646.1	QIZ20943.1	81.977	172	30	1	1	171	1	172	2.69e-103	290
MDA7553647.1	QIZ20942.1	68.525	305	96	0	1	305	1	305	6.67e-158	439
MDA7553648.1	QIZ20941.1	70.325	246	73	0	1	246	1	246	3.79e-132	369
MDA7553649.1	QIZ20940.1	83.226	155	26	0	1	155	1	155	1.16e-97	274
MDA7553650.1	QIZ20939.1	79.612	309	63	0	1	309	1	309	0.0	523
MDA7553651.1	QIZ20937.1	78.385	384	83	0	1	384	1	384	0.0	630
MDA7553652.1	QIZ20936.1	75.000	276	68	1	1	276	1	275	8.56e-159	438
MDA7553653.1	QIZ20935.1	86.878	221	29	0	1	221	1	221	5.59e-147	404
MDA7553654.1	QIZ20934.1	71.181	288	83	0	1	288	1	288	6.50e-147	409
MDA7553655.1	QIZ20933.1	74.194	558	143	1	1	557	1	558	0.0	896
MDA7553656.1	QIZ20932.1	66.265	83	28	0	1	83	1	83	1.39e-36	114
MDA7553657.1	QIZ20931.1	78.947	114	23	1	1	113	1	114	4.52e-56	166
MDA7553659.1	QIZ20929.1	66.250	240	80	1	1	240	1	239	4.17e-112	317
MDA7553660.1	QIZ20928.1	86.154	65	9	0	1	65	1	65	2.02e-28	92.4
MDA7553661.1	QIZ20927.1	75.676	185	44	1	1	184	1	185	6.61e-99	280
MDA7553662.1	QIZ20926.1	80.815	417	80	0	1	417	1	417	0.0	675
MDA7553663.1	QIZ20925.1	72.093	129	36	0	1	129	1	129	1.20e-65	191
MDA7553664.1	QIZ20924.1	81.265	427	80	0	1	427	2	428	0.0	693
MDA7553665.1	QIZ20923.1	84.507	71	11	0	1	71	1	71	1.79e-41	125
MDA7553666.1	QIZ21496.1	67.692	65	21	0	3	67	2	66	1.17e-29	95.9
MDA7553667.1	QIZ20922.1	64.240	467	162	4	1	464	1	465	0.0	587
MDA7553668.1	QIZ20921.1	46.857	350	181	3	1	349	1	346	1.50e-111	324
MDA7553669.1	QIZ20920.1	51.092	229	111	1	1	229	1	228	6.67e-77	227
MDA7553671.1	QIZ20908.1	49.130	230	110	3	1	223	1	230	1.12e-71	214
MDA7553672.1	QIZ20898.1	36.952	479	291	4	4	481	5	473	7.00e-112	335
MDA7553673.1	QIZ20897.1	58.879	107	41	2	1	105	1	106	1.61e-40	125
MDA7553674.1	QIZ20896.1	48.122	426	213	7	1	422	1	422	5.20e-137	395
MDA7553675.1	QIZ20895.1	73.701	308	81	0	1	308	1	308	0.0	499
MDA7553676.1	QIZ20894.1	83.270	263	44	0	3	265	2	264	6.92e-154	425
MDA7553677.1	QIZ20893.1	86.765	408	54	0	1	408	1	408	0.0	746
MDA7553678.1	QIZ20892.1	67.980	203	65	0	1	203	1	203	2.68e-98	280
MDA7553679.1	QIZ20891.1	86.364	198	27	0	1	198	33	230	2.17e-126	351
MDA7553680.1	QIZ21445.1	66.000	50	17	0	1	50	165	214	8.01e-22	79.0
MDA7553681.1	QIZ21444.1	88.919	740	82	0	1	740	1	740	0.0	1348
MDA7553682.1	QIZ20975.1	37.468	387	220	6	5	371	9	393	5.61e-70	220
MDA7553683.1	QIZ21443.1	93.662	284	18	0	1	284	1	284	0.0	512
MDA7553684.1	QIZ21442.1	85.542	415	60	0	1	415	1	415	0.0	739
MDA7553685.1	QIZ21441.1	87.363	364	42	2	13	375	13	373	0.0	655
MDA7553686.1	QIZ21440.1	87.465	359	45	0	3	361	4	362	0.0	664
MDA7553687.1	QIZ21439.1	82.732	388	67	0	1	388	1	388	0.0	684
MDA7553688.1	QIZ21438.1	65.560	241	83	0	5	245	5	245	4.73e-119	335
MDA7553689.1	QIZ20490.1	27.174	276	180	3	3	264	5	273	3.82e-28	106
MDA7553690.1	QIZ21448.1	62.185	476	179	1	1	475	1	476	0.0	594
MDA7553695.1	QIZ20555.1	41.825	263	149	3	59	321	238	496	6.19e-58	191
MDA7553696.1	QIZ20556.1	46.291	337	177	2	2	334	3	339	6.91e-109	317
MDA7553697.1	QIZ20592.1	33.992	253	151	6	6	256	5	243	1.11e-41	139
MDA7553700.1	QIZ21460.1	31.004	458	282	11	25	470	4	439	3.18e-56	189
MDA7553702.1	QIZ20716.1	35.833	120	71	3	14	133	5	118	1.84e-22	82.4
MDA7553703.1	QIZ21506.1	33.938	386	218	12	5	362	17	393	7.32e-66	210
MDA7553707.1	QIZ20860.1	68.966	348	107	1	1	347	85	432	5.64e-179	499
MDA7553708.1	QIZ20861.1	52.143	140	51	3	4	139	16	143	2.61e-37	120
MDA7553709.1	QIZ20862.1	59.643	280	113	0	1	280	1	280	5.87e-117	333
MDA7553710.1	QIZ20863.1	85.714	357	51	0	1	357	1	357	0.0	600
MDA7553711.1	QIZ20864.1	88.767	365	41	0	1	365	1	365	0.0	668
MDA7553712.1	QIZ20865.1	75.931	403	97	0	1	403	1	403	0.0	635
MDA7553713.1	QIZ20866.1	74.477	239	61	0	1	239	1	239	2.29e-132	369
MDA7553714.1	QIZ20867.1	62.937	143	52	1	1	142	1	143	2.20e-55	166
MDA7553715.1	QIZ20868.1	69.977	433	130	0	1	433	1	433	0.0	616
MDA7553716.1	QIZ20869.1	76.959	855	189	3	1	854	1	848	0.0	1323
MDA7553717.1	QIZ20870.1	79.224	361	74	1	1	360	1	361	0.0	594
MDA7553718.1	QIZ20871.1	78.082	730	150	2	1	720	4	733	0.0	1190
MDA7553719.1	QIZ20872.1	85.714	203	29	0	1	203	1	203	1.20e-128	356
MDA7553720.1	QIZ20873.1	82.857	105	18	0	1	105	1	105	3.41e-60	175
MDA7553721.1	QIZ20874.1	72.500	560	144	4	1	553	1	557	0.0	790
MDA7553722.1	QIZ20875.1	81.159	276	52	0	1	276	1	276	2.79e-171	470
MDA7553723.1	QIZ20876.1	67.623	244	77	1	2	243	3	246	1.28e-111	317
MDA7553724.1	QIZ20877.1	73.743	179	47	0	1	179	11	189	6.49e-100	282
MDA7553725.1	QIZ20878.1	79.184	245	51	0	1	245	65	309	3.81e-144	401
MDA7553726.1	QIZ20478.1	82.609	69	12	0	1	69	1	69	6.03e-36	121
MDA7553727.1	QIZ20479.1	70.000	80	24	0	1	80	1	80	2.11e-39	121
MDA7553731.1	QIZ20480.1	59.172	169	69	0	13	181	13	181	1.23e-69	205
MDA7553732.1	QIZ20481.1	71.493	221	63	0	1	221	1	221	9.20e-116	325
MDA7553733.1	QIZ20482.1	72.857	140	38	0	1	140	1	140	4.99e-79	226
MDA7553735.1	QIZ20483.1	65.854	205	66	2	12	215	13	214	2.71e-95	273
MDA7553736.1	QIZ20484.1	77.823	248	55	0	1	248	1	248	1.71e-146	405
MDA7553737.1	QIZ20485.1	64.330	485	173	0	1	485	1	485	0.0	614
MDA7553738.1	QIZ20487.1	76.993	439	101	0	4	442	2	440	0.0	656
MDA7553739.1	QIZ20488.1	55.825	206	77	2	16	208	15	219	3.50e-68	204
MDA7553740.1	QIZ20489.1	58.621	377	142	1	1	377	1	363	1.33e-162	456
MDA7553741.1	QIZ20495.1	82.486	531	93	0	1	531	1	531	0.0	948
MDA7553742.1	QIZ20496.1	90.769	195	18	0	1	195	1	195	4.21e-116	324
MDA7553743.1	QIZ20497.1	90.476	252	24	0	1	252	1	252	2.93e-158	435
MDA7553744.1	QIZ20498.1	62.172	267	96	2	1	266	1	263	4.95e-111	317
MDA7553745.1	QIZ20499.1	80.620	258	50	0	1	258	1	258	1.31e-152	421
MDA7553746.1	QIZ20500.1	86.066	122	17	0	1	122	1	122	2.58e-75	224
MDA7553749.1	QIZ21364.1	63.918	194	70	0	3	196	4	197	6.72e-89	255
MDA7553750.1	QIZ21365.1	62.214	262	95	2	2	262	3	261	2.81e-119	337
MDA7553751.1	QIZ21366.1	65.417	240	76	1	1	233	3	242	7.76e-108	306
MDA7553752.1	QIZ21367.1	90.323	155	15	0	1	155	1	155	4.45e-107	298
MDA7553753.1	QIZ21368.1	77.264	497	106	3	1	492	1	495	0.0	709
MDA7553754.1	QIZ21369.1	72.024	336	94	0	1	336	1	336	4.11e-176	487
MDA7553755.1	QIZ21370.1	54.667	75	33	1	1	75	1	74	1.08e-22	79.3
MDA7553756.1	QIZ21452.1	89.177	462	50	0	1	462	1	462	0.0	853
MDA7553757.1	QIZ21451.1	54.822	197	88	1	1	197	1	196	5.63e-72	212
MDA7553758.1	QIZ21450.1	88.496	113	13	0	1	113	1	113	3.78e-74	211
MDA7553759.1	QIZ21449.1	92.677	396	29	0	1	396	1	396	0.0	760
MDA7553760.1	QIZ21448.1	93.096	478	33	0	1	478	1	478	0.0	908
MDA7553761.1	QIZ21447.1	97.492	319	8	0	1	319	1	319	0.0	646
MDA7553762.1	QIZ21446.1	62.791	215	75	1	1	210	31	245	2.93e-99	284
MDA7553763.1	QIZ21445.1	63.158	95	35	0	1	95	1	95	4.92e-36	117
MDA7553764.1	QIZ21215.1	87.432	183	23	0	1	183	29	211	4.28e-121	337
MDA7553765.1	QIZ21216.1	70.103	97	29	0	7	103	2	98	2.20e-49	147
MDA7553766.1	QIZ20953.1	39.252	214	110	3	2	213	3	198	1.02e-42	144
MDA7553767.1	QIZ21217.1	89.266	177	19	0	1	177	1	177	4.58e-121	335
MDA7553768.1	QIZ21218.1	89.679	436	45	0	1	436	1	436	0.0	792
MDA7553769.1	QIZ21219.1	67.327	101	33	0	1	101	1	101	6.18e-49	146
MDA7553771.1	QIZ21220.1	83.900	559	90	0	1	559	133	691	0.0	976
MDA7553773.1	QIZ20249.1	87.347	245	31	0	1	245	1	245	3.00e-167	457
MDA7553774.1	QIZ20250.1	95.202	396	19	0	1	396	1	396	0.0	746
MDA7553775.1	QIZ20251.1	88.136	59	7	0	1	59	5	63	2.85e-32	101
MDA7553776.1	QIZ20252.1	94.318	176	10	0	1	176	1	176	1.12e-122	339
MDA7553777.1	QIZ20253.1	84.397	141	22	0	1	141	1	141	6.86e-87	246
MDA7553778.1	QIZ20254.1	87.336	229	29	0	1	229	1	229	6.56e-146	402
MDA7553779.1	QIZ20255.1	81.325	166	31	0	2	167	1	166	2.62e-97	274
MDA7553780.1	QIZ20401.1	75.304	247	61	0	1	247	1	247	1.41e-130	369
MDA7553781.1	QIZ20402.1	83.810	105	17	0	1	105	1	105	1.90e-61	178
MDA7553782.1	QIZ20403.1	79.845	258	52	0	1	258	1	258	1.48e-161	444
MDA7553783.1	QIZ20404.1	79.819	332	67	0	1	332	1	332	0.0	561
MDA7553784.1	QIZ20405.1	80.153	131	26	0	2	132	3	133	5.54e-77	220
MDA7553785.1	QIZ20406.1	79.775	267	54	0	1	267	1	267	9.11e-154	425
MDA7553786.1	QIZ20407.1	71.951	246	69	0	1	246	3	248	5.85e-132	368
MDA7553787.1	QIZ20408.1	63.480	408	99	7	4	411	1	358	2.40e-172	482
MDA7553788.1	QIZ20947.1	61.905	63	24	0	1	63	10	72	6.46e-23	79.3
MDA7553789.1	QIZ20948.1	78.857	175	37	0	1	175	1	175	1.91e-106	298
MDA7553790.1	QIZ20949.1	92.284	324	25	0	1	324	1	324	0.0	635
MDA7553791.1	QIZ20950.1	69.103	602	183	3	1	599	1	602	0.0	829
MDA7553792.1	QIZ20951.1	68.310	426	135	0	1	426	1	426	0.0	580
MDA7553793.1	QIZ20952.1	87.819	353	42	1	1	353	334	685	0.0	642
MDA7553794.1	QIZ20592.1	90.455	220	21	0	1	220	1	220	9.59e-153	419
MDA7553795.1	QIZ20589.1	70.242	289	86	0	1	289	1	289	1.64e-152	424
MDA7553796.1	QIZ20487.1	33.012	415	274	2	14	425	17	430	1.23e-70	226
MDA7553798.1	QIZ20489.1	27.077	325	205	9	2	307	1	312	2.29e-26	103
MDA7553799.1	QIZ21125.1	46.129	310	163	1	4	313	3	308	1.54e-94	279
MDA7553800.1	QIZ20583.1	49.550	111	56	0	1	111	1	111	3.77e-41	127
MDA7553801.1	QIZ20584.1	71.038	183	53	0	5	187	4	186	2.90e-99	280
MDA7553802.1	QIZ20585.1	69.403	268	82	0	1	268	1	268	1.12e-145	404
MDA7553806.1	QIZ20544.1	59.763	169	66	1	1	169	1	167	1.32e-71	209
MDA7553807.1	QIZ21540.1	56.028	141	62	0	15	155	7	147	8.18e-61	180
MDA7553808.1	QIZ21539.1	54.167	144	66	0	1	144	6	149	1.03e-44	140
MDA7553809.1	QIZ20982.1	67.010	194	64	0	1	194	5	198	1.25e-93	267
MDA7553810.1	QIZ20983.1	57.047	149	64	0	12	160	10	158	8.04e-56	168
MDA7553811.1	QIZ20984.1	84.615	156	24	0	1	156	1	156	1.15e-89	254
MDA7553812.1	QIZ20985.1	87.634	186	23	0	4	189	3	188	5.83e-126	348
MDA7553813.1	QIZ20986.1	66.981	212	70	0	1	212	1	212	2.07e-112	316
MDA7553814.1	QIZ20987.1	79.104	67	14	0	1	67	1	67	4.60e-26	86.7
MDA7553815.1	QIZ20988.1	59.064	171	68	1	1	169	1	171	6.49e-70	205
MDA7553816.1	QIZ20989.1	82.368	397	70	0	1	397	1	397	0.0	686
MDA7553817.1	QIZ21536.1	78.481	158	34	0	1	158	1	158	7.05e-93	265
MDA7553819.1	QIZ20215.1	82.069	145	26	0	1	145	1	145	9.32e-89	251
MDA7553820.1	QIZ21430.1	57.732	388	162	1	3	390	2	387	2.86e-150	426
MDA7553822.1	QIZ21538.1	70.588	68	20	0	1	68	1	68	6.29e-30	101
MDA7553823.1	QIZ20990.1	70.792	404	118	0	1	404	1	404	0.0	573
MDA7553824.1	QIZ20991.1	74.249	233	60	0	1	233	1	233	4.13e-123	345
MDA7553825.1	QIZ20992.1	92.973	370	26	0	1	370	1	370	0.0	702
MDA7553826.1	QIZ20993.1	90.000	150	14	1	1	150	322	470	3.95e-92	271
MDA7553828.1	QIZ20332.1	96.053	152	6	0	1	152	1	152	2.70e-107	298
MDA7553829.1	QIZ20331.1	90.805	435	40	0	1	435	1	435	0.0	826
MDA7553830.1	QIZ20330.1	80.142	141	28	0	1	141	1	141	2.93e-83	236
MDA7553831.1	QIZ20329.1	85.782	211	30	0	1	211	3	213	3.27e-145	399
MDA7553832.1	QIZ21326.1	31.419	592	294	18	309	794	421	1006	9.14e-71	249
MDA7553833.1	QIZ21136.1	95.146	206	10	0	1	206	1	206	4.23e-140	395
MDA7553834.1	QIZ21135.1	85.567	194	28	0	1	194	2	195	1.63e-128	355
MDA7553835.1	QIZ21134.1	92.771	332	24	0	1	332	54	385	0.0	654
