MAJ56457.1	QIZ20221.1	50.825	606	270	5	1	586	48	645	0.0	628
MAJ56458.1	QIZ20222.1	53.774	318	147	0	1	318	24	341	6.55e-131	372
MAJ56471.1	QIZ21571.1	63.636	88	25	3	14	97	7	91	4.31e-31	101
MAJ56486.1	QIZ21388.1	76.923	312	72	0	1	312	1	312	0.0	521
MAJ56487.1	QIZ21395.1	49.265	272	135	3	1	271	1	270	6.63e-90	263
MAJ56488.1	QIZ21396.1	70.270	333	97	1	27	357	29	361	1.22e-172	481
MAJ56489.1	QIZ21397.1	75.000	268	67	0	17	284	15	282	6.67e-150	417
MAJ56490.1	QIZ21398.1	62.295	61	23	0	1	61	1	61	3.98e-24	81.3
MAJ56491.1	QIZ21399.1	54.219	474	204	8	9	475	3	470	5.46e-168	478
MAJ56492.1	QIZ21400.1	43.902	287	149	5	3	281	6	288	4.12e-70	216
MAJ56493.1	QIZ21401.1	75.170	588	144	1	1	586	1	588	0.0	924
MAJ56494.1	QIZ21402.1	53.143	175	81	1	3	176	5	179	9.47e-64	190
MAJ56495.1	QIZ21403.1	78.466	339	73	0	1	339	1	339	0.0	571
MAJ56496.1	QIZ21404.1	70.841	511	147	2	3	512	4	513	0.0	745
MAJ56497.1	QIZ21405.1	74.854	342	85	1	2	343	5	345	0.0	535
MAJ56501.1	QIZ21498.1	50.000	334	164	2	14	346	16	347	5.11e-115	333
MAJ56502.1	QIZ21499.1	67.550	151	49	0	1	151	13	163	4.24e-70	204
MAJ56503.1	QIZ20785.1	57.386	176	71	2	1	174	1	174	7.81e-71	209
MAJ56504.1	QIZ20784.1	71.831	71	20	0	1	71	1	71	1.89e-35	110
MAJ56506.1	QIZ20783.1	50.638	235	99	2	1	234	1	219	7.19e-78	231
MAJ56507.1	QIZ20782.1	59.677	186	75	0	1	186	1	186	1.18e-81	236
MAJ56508.1	QIZ20781.1	51.515	198	93	3	4	199	11	207	4.90e-51	159
MAJ56509.1	QIZ20780.1	61.377	334	126	2	2	334	3	334	2.64e-147	414
MAJ56510.1	QIZ20779.1	46.114	386	205	2	8	390	6	391	8.50e-116	338
MAJ56511.1	QIZ20778.1	54.819	332	149	1	2	333	3	333	2.17e-134	381
MAJ56512.1	QIZ20777.1	66.975	648	204	2	6	645	5	650	0.0	905
MAJ56514.1	QIZ20775.1	47.518	141	74	0	1	141	1	141	1.79e-40	128
MAJ56515.1	QIZ20774.1	44.324	185	92	6	1	180	2	180	3.83e-41	132
MAJ56516.1	QIZ20773.1	57.576	264	110	2	1	262	1	264	1.05e-108	311
MAJ56517.1	QIZ20772.1	53.390	236	109	1	1	236	1	235	2.77e-85	249
MAJ56518.1	QIZ20771.1	60.000	160	63	1	1	159	1	160	8.91e-71	207
MAJ56519.1	QIZ20482.1	49.194	124	63	0	9	132	8	131	2.22e-39	125
MAJ56520.1	QIZ20770.1	59.459	222	87	2	4	224	5	224	1.64e-89	259
MAJ56521.1	QIZ20769.1	73.846	130	34	0	7	136	4	133	9.36e-72	207
MAJ56522.1	QIZ20768.1	61.538	273	99	5	1	271	1	269	9.64e-108	308
MAJ56523.1	QIZ20767.1	71.562	429	117	3	19	444	19	445	0.0	649
MAJ56524.1	QIZ20766.1	61.688	154	55	2	4	153	5	158	6.09e-62	184
MAJ56525.1	QIZ20765.1	48.750	320	140	8	1	304	10	321	7.56e-100	292
MAJ56526.1	QIZ20764.1	41.745	321	178	5	21	336	28	344	4.97e-70	218
MAJ56527.1	QIZ20763.1	72.627	632	165	3	1	628	1	628	0.0	906
MAJ56528.1	QIZ20762.1	46.154	351	184	3	1	349	1	348	1.95e-93	278
MAJ56529.1	QIZ20761.1	72.009	443	124	0	1	443	1	443	0.0	652
MAJ56530.1	QIZ20760.1	63.704	270	97	1	1	269	1	270	1.11e-121	344
MAJ56531.1	QIZ20759.1	79.254	429	89	0	1	429	1	429	0.0	721
MAJ56532.1	QIZ20758.1	65.188	293	100	1	8	300	3	293	3.06e-143	401
MAJ56533.1	QIZ20757.1	49.533	321	158	2	6	325	6	323	4.51e-104	303
MAJ56535.1	QIZ20541.1	30.396	227	156	2	5	230	6	231	8.60e-35	122
MAJ56536.1	QIZ20756.1	50.645	310	147	2	9	314	2	309	2.75e-101	295
MAJ56538.1	QIZ20754.1	50.725	276	134	2	18	292	15	289	9.03e-83	247
MAJ56539.1	QIZ20753.1	68.400	250	79	0	3	252	5	254	7.88e-126	367
MAJ56541.1	QIZ21107.1	60.660	394	155	0	1	394	1	394	0.0	504
MAJ56542.1	QIZ21093.1	53.623	276	124	1	6	281	3	274	2.31e-100	291
MAJ56543.1	QIZ21092.1	47.059	85	45	0	9	93	6	90	2.62e-21	76.6
MAJ56547.1	QIZ20436.1	38.275	371	214	4	101	458	115	483	3.58e-73	234
MAJ56551.1	QIZ21118.1	35.542	166	104	2	4	166	8	173	5.54e-33	111
MAJ56552.1	QIZ21117.1	44.000	600	305	11	29	618	31	609	1.12e-137	412
MAJ56553.1	QIZ21116.1	44.697	132	65	2	7	138	9	132	3.68e-29	99.8
MAJ56555.1	QIZ21114.1	47.170	212	111	1	25	235	24	235	2.63e-66	201
MAJ56558.1	QIZ21452.1	53.600	875	373	13	18	866	22	889	0.0	927
MAJ56559.1	QIZ20977.1	50.291	344	170	1	1	343	3	346	1.14e-127	382
MAJ56560.1	QIZ20977.1	28.267	375	238	11	2	360	359	718	4.80e-26	106
MAJ56561.1	QIZ20979.1	65.094	106	37	0	1	106	1	106	2.06e-49	148
MAJ56562.1	QIZ20980.1	41.007	139	80	1	11	149	116	252	4.73e-30	107
MAJ56568.1	QIZ20969.1	43.787	1521	782	24	12	1506	16	1489	0.0	1208
MAJ56569.1	QIZ20970.1	39.869	459	255	8	23	474	24	468	2.47e-95	292
MAJ56570.1	QIZ21095.1	45.217	345	166	9	47	390	40	362	4.39e-94	282
MAJ56572.1	QIZ20958.1	39.216	204	111	6	29	230	32	224	1.12e-35	122
MAJ56578.1	QIZ21042.1	35.754	179	99	5	5	178	9	176	1.80e-29	103
MAJ56579.1	QIZ20620.1	44.103	195	102	4	8	201	4	192	1.85e-49	155
MAJ56581.1	QIZ20475.1	66.709	784	259	2	10	791	9	792	0.0	1053
MAJ56582.1	QIZ20476.1	77.724	413	92	0	1	413	1	413	0.0	674
MAJ56583.1	QIZ20477.1	76.410	195	46	0	9	203	9	203	9.24e-114	318
MAJ56584.1	QIZ20478.1	42.727	440	237	2	1	440	1	425	3.50e-116	345
MAJ56588.1	QIZ21456.1	51.895	343	163	1	9	351	6	346	3.19e-110	321
MAJ56589.1	QIZ20248.1	54.733	243	110	0	5	247	4	246	4.30e-90	263
MAJ56590.1	QIZ20625.1	61.468	109	41	1	4	112	3	110	1.96e-49	149
MAJ56591.1	QIZ20628.1	54.568	405	184	0	1	405	1	405	2.82e-169	476
MAJ56592.1	QIZ20629.1	39.043	397	227	4	22	407	21	413	6.90e-74	232
MAJ56593.1	QIZ20630.1	69.583	240	73	0	1	240	1	240	7.86e-119	335
MAJ56594.1	QIZ20631.1	81.573	483	86	1	1	483	1	480	0.0	834
MAJ56595.1	QIZ20633.1	60.550	218	86	0	1	218	1	218	6.10e-93	267
MAJ56596.1	QIZ20634.1	38.727	377	205	7	1	356	1	372	3.57e-85	258
MAJ56597.1	QIZ20635.1	56.404	406	172	3	2	405	1	403	1.06e-162	459
MAJ56598.1	QIZ20636.1	28.723	752	463	30	18	741	19	725	2.96e-47	174
MAJ56599.1	QIZ20863.1	41.564	243	136	4	117	356	107	346	5.43e-55	180
MAJ56601.1	QIZ20637.1	50.921	597	258	6	1	570	1	589	0.0	585
MAJ56602.1	QIZ20638.1	65.863	249	85	0	3	251	4	252	1.76e-121	342
MAJ56604.1	QIZ20640.1	56.204	137	59	1	8	144	10	145	1.75e-43	136
MAJ56605.1	QIZ20641.1	45.324	139	49	4	1	113	1	138	1.04e-32	107
MAJ56606.1	QIZ20642.1	63.739	444	161	0	1	444	1	444	0.0	589
MAJ56607.1	QIZ20643.1	37.113	97	61	0	32	128	35	131	4.16e-22	80.9
MAJ56608.1	QIZ20644.1	49.573	117	57	2	1	117	4	118	8.01e-32	104
MAJ56609.1	QIZ20645.1	60.791	278	99	3	1	273	1	273	1.23e-115	329
MAJ56610.1	QIZ20646.1	71.261	595	170	1	1	595	1	594	0.0	895
MAJ56612.1	QIZ20647.1	38.547	179	108	2	17	195	23	199	7.58e-34	117
MAJ56614.1	QIZ20649.1	55.908	347	145	5	1	345	1	341	4.87e-126	361
MAJ56615.1	QIZ20650.1	48.352	182	93	1	10	190	11	192	3.98e-50	156
MAJ56616.1	QIZ20651.1	59.231	130	53	0	4	133	5	134	2.22e-48	147
MAJ56617.1	QIZ20652.1	54.752	484	202	6	9	486	13	485	1.09e-167	478
MAJ56618.1	QIZ20653.1	29.919	371	234	7	41	390	2	367	2.23e-32	121
MAJ56619.1	QIZ20654.1	30.352	369	234	10	10	372	5	356	2.42e-31	117
MAJ56620.1	QIZ20655.1	28.906	768	473	19	28	769	89	809	4.54e-65	228
MAJ56622.1	QIZ20657.1	43.128	211	114	5	75	282	88	295	1.79e-44	150
MAJ56623.1	QIZ20658.1	38.735	253	150	4	4	255	7	255	1.68e-46	152
MAJ56624.1	QIZ20659.1	44.920	187	101	2	7	192	4	189	2.37e-49	155
MAJ56625.1	QIZ20660.1	80.282	71	14	0	3	73	4	74	4.16e-36	112
MAJ56626.1	QIZ20661.1	56.557	244	105	1	1	243	3	246	2.51e-94	273
MAJ56627.1	QIZ20662.1	45.724	304	162	3	4	306	3	304	4.37e-80	241
MAJ56628.1	QIZ20663.1	39.583	96	58	0	1	96	1	96	3.69e-22	79.7
MAJ56629.1	QIZ20664.1	57.143	70	30	0	14	83	1	70	4.93e-25	84.7
MAJ56630.1	QIZ20665.1	44.828	145	79	1	1	144	1	145	1.76e-29	100
MAJ56631.1	QIZ20666.1	62.553	470	172	2	5	472	3	470	0.0	593
MAJ56633.1	QIZ20667.1	51.770	819	347	10	8	818	10	788	0.0	758
MAJ56634.1	QIZ20668.1	37.908	153	94	1	30	182	30	181	4.93e-35	117
MAJ56635.1	QIZ20669.1	67.161	472	154	1	6	477	18	488	0.0	672
MAJ56637.1	QIZ21454.1	28.443	334	223	8	97	418	104	433	3.98e-24	99.4
MAJ56639.1	QIZ20715.1	54.435	248	110	1	9	256	13	257	2.95e-88	258
MAJ56640.1	QIZ20718.1	40.909	132	73	2	1	127	1	132	9.39e-29	98.6
MAJ56641.1	QIZ20719.1	68.571	350	109	1	3	351	4	353	1.07e-171	478
MAJ56642.1	QIZ20720.1	39.691	194	116	1	12	205	7	199	1.06e-48	154
MAJ56643.1	QIZ20721.1	58.923	297	122	0	6	302	5	301	1.97e-130	369
MAJ56644.1	QIZ20722.1	44.223	251	131	4	8	253	17	263	3.14e-65	200
MAJ56645.1	QIZ20723.1	59.813	214	85	1	1	214	1	213	9.67e-97	276
MAJ56646.1	QIZ20724.1	75.990	404	97	0	1	404	1	404	0.0	676
MAJ56647.1	QIZ20725.1	58.079	885	358	6	1	878	1	879	0.0	1024
MAJ56648.1	QIZ20726.1	81.389	360	64	1	1	357	1	360	0.0	603
MAJ56649.1	QIZ20727.1	37.592	407	248	3	26	426	26	432	2.70e-73	233
MAJ56651.1	QIZ20736.1	69.231	208	64	0	1	208	1	208	2.27e-111	313
MAJ56652.1	QIZ20734.1	58.824	136	55	1	4	138	45	180	2.42e-55	167
MAJ56654.1	QIZ20733.1	49.481	289	142	3	1	285	1	289	3.99e-83	248
MAJ56656.1	QIZ21496.1	75.758	66	16	0	1	66	1	66	1.01e-34	108
MAJ56658.1	QIZ20927.1	69.189	185	56	1	1	184	1	185	8.27e-95	269
MAJ56659.1	QIZ20926.1	56.770	421	176	6	1	419	1	417	9.33e-149	424
MAJ56661.1	QIZ20924.1	51.157	432	198	4	1	427	2	425	3.39e-138	398
MAJ56662.1	QIZ20923.1	75.714	70	17	0	1	70	1	70	6.70e-36	111
MAJ56663.1	QIZ20922.1	44.170	446	228	9	3	437	5	440	3.92e-108	324
MAJ56664.1	QIZ20921.1	37.464	347	202	8	18	354	7	348	5.03e-65	206
MAJ56665.1	QIZ20920.1	46.396	222	116	2	1	219	1	222	9.81e-61	186
MAJ56667.1	QIZ21235.1	80.455	527	103	0	4	530	3	529	0.0	868
MAJ56668.1	QIZ21236.1	80.208	96	19	0	1	96	1	96	3.16e-53	157
MAJ56669.1	QIZ21237.1	41.259	286	139	8	8	286	9	272	2.51e-68	209
MAJ56670.1	QIZ21238.1	43.902	287	156	3	15	297	14	299	6.21e-64	199
MAJ56671.1	QIZ21239.1	55.628	924	385	9	1	921	1	902	0.0	1028
MAJ56672.1	QIZ21240.1	44.512	164	88	3	21	182	2	164	6.89e-37	121
MAJ56674.1	QIZ21242.1	35.673	342	183	9	75	400	57	377	2.80e-51	172
MAJ56675.1	QIZ21243.1	48.087	183	92	1	1	180	1	183	3.94e-50	156
MAJ56678.1	QIZ21244.1	48.449	419	216	0	1	419	1	419	1.65e-147	421
MAJ56681.1	QIZ20498.1	52.400	250	114	2	13	261	18	263	1.02e-79	237
MAJ56683.1	QIZ21246.1	46.392	291	149	2	1	289	1	286	1.61e-87	259
MAJ56684.1	QIZ21247.1	38.658	313	180	8	1	306	1	308	6.01e-54	174
MAJ56685.1	QIZ21248.1	36.754	419	252	4	1	407	1	418	8.20e-62	201
MAJ56686.1	QIZ21249.1	49.913	575	287	1	1	574	1	575	0.0	565
MAJ56687.1	QIZ21250.1	46.043	278	144	3	1	272	1	278	1.32e-77	233
MAJ56688.1	QIZ21256.1	56.364	220	96	0	1	220	1	220	1.48e-88	256
MAJ56689.1	QIZ21257.1	38.889	234	137	3	4	237	3	230	1.77e-46	150
MAJ56690.1	QIZ21258.1	71.654	254	72	0	9	262	8	261	2.77e-135	379
MAJ56691.1	QIZ21259.1	83.712	528	85	1	11	537	7	534	0.0	872
MAJ56692.1	QIZ21260.1	56.584	281	122	0	21	301	21	301	1.57e-113	326
MAJ56693.1	QIZ21262.1	56.725	171	73	1	8	178	6	175	3.98e-70	206
MAJ56694.1	QIZ21263.1	72.031	261	73	0	3	263	2	262	8.02e-137	382
MAJ56695.1	QIZ21264.1	32.500	200	125	6	21	214	21	216	6.14e-23	88.2
MAJ56696.1	QIZ21265.1	50.435	460	225	3	1	459	1	458	2.80e-159	454
MAJ56697.1	QIZ21267.1	50.000	138	67	1	4	141	2	137	1.15e-41	131
MAJ56698.1	QIZ21268.1	47.727	308	150	4	1	297	1	308	1.96e-89	265
MAJ56699.1	QIZ21269.1	60.968	310	121	0	3	312	4	313	1.00e-142	401
MAJ56700.1	QIZ21270.1	52.885	312	123	7	3	295	5	311	6.99e-86	256
MAJ56701.1	QIZ21271.1	58.989	356	145	1	1	356	1	355	5.75e-141	400
MAJ56702.1	QIZ21272.1	54.610	282	128	0	1	282	1	282	7.60e-97	282
MAJ56703.1	QIZ21273.1	72.727	484	132	0	4	487	2	485	0.0	738
MAJ56704.1	QIZ21274.1	39.024	164	97	1	1	161	5	168	2.99e-29	101
MAJ56705.1	QIZ21275.1	34.524	168	102	2	14	177	3	166	9.09e-27	96.3
MAJ56706.1	QIZ21276.1	93.333	75	5	0	1	75	1	75	4.04e-33	104
MAJ56707.1	QIZ21277.1	75.820	244	59	0	1	244	1	244	7.38e-136	378
MAJ56709.1	QIZ21279.1	50.577	866	362	13	1	809	1	857	0.0	779
MAJ56710.1	QIZ21280.1	38.889	180	108	2	21	200	19	196	2.55e-41	134
MAJ56712.1	QIZ21282.1	39.940	333	185	5	5	336	6	324	7.41e-71	219
MAJ56713.1	QIZ21283.1	32.908	392	224	17	4	371	3	379	3.20e-35	129
MAJ56714.1	QIZ21284.1	64.826	344	121	0	6	349	9	352	1.34e-172	480
MAJ56715.1	QIZ21285.1	48.901	182	92	1	15	196	6	186	2.00e-58	177
MAJ56716.1	QIZ21286.1	44.041	193	102	3	22	209	42	233	2.22e-45	147
MAJ56717.1	QIZ21287.1	30.909	550	351	12	23	555	21	558	6.71e-48	171
MAJ56718.1	QIZ21288.1	35.842	279	173	3	9	284	6	281	9.64e-37	128
MAJ56719.1	QIZ21289.1	37.129	404	244	6	3	400	23	422	1.12e-73	232
MAJ56720.1	QIZ21291.1	58.582	268	109	2	5	270	7	274	1.12e-110	316
MAJ56721.1	QIZ21292.1	55.556	144	64	0	8	151	7	150	9.32e-55	165
MAJ56722.1	QIZ21293.1	61.310	168	65	0	6	173	2	169	1.84e-77	224
MAJ56723.1	QIZ21294.1	61.240	387	148	2	31	416	15	400	8.95e-172	483
MAJ56724.1	QIZ21295.1	63.985	261	89	3	1	258	1	259	7.32e-119	336
MAJ56725.1	QIZ21296.1	56.425	358	155	1	1	358	1	357	1.46e-150	424
MAJ56726.1	QIZ21297.1	57.838	185	78	0	1	185	1	185	2.12e-76	223
MAJ56727.1	QIZ21298.1	48.198	222	112	2	5	225	1	220	8.52e-67	202
MAJ56728.1	QIZ21299.1	61.935	310	118	0	1	310	1	310	6.50e-141	396
MAJ56729.1	QIZ21300.1	47.951	244	122	3	9	249	9	250	4.02e-58	181
MAJ56730.1	QIZ21301.1	38.369	331	199	4	9	338	7	333	1.50e-53	175
MAJ56731.1	QIZ21302.1	54.435	248	110	2	1	247	1	246	3.20e-88	258
MAJ56732.1	QIZ21304.1	46.651	433	225	5	2	431	9	438	5.65e-131	380
MAJ56733.1	QIZ21305.1	57.339	218	92	1	9	226	7	223	1.37e-84	246
MAJ56734.1	QIZ21306.1	44.056	143	80	0	1	143	1	143	1.42e-33	111
MAJ56735.1	QIZ21307.1	68.276	290	91	1	4	293	2	290	1.31e-153	427
MAJ56736.1	QIZ21308.1	63.492	189	66	2	1	186	1	189	1.12e-82	239
MAJ56737.1	QIZ21309.1	53.431	612	278	4	1	606	1	611	0.0	661
MAJ56738.1	QIZ21310.1	44.444	135	69	3	3	131	2	136	3.51e-30	102
MAJ56739.1	QIZ21312.1	54.321	243	109	1	4	246	6	246	7.18e-81	239
MAJ56740.1	QIZ21313.1	73.055	694	183	1	19	708	19	712	0.0	1056
MAJ56741.1	QIZ21314.1	65.075	398	139	0	1	398	1	398	0.0	557
MAJ56742.1	QIZ21317.1	69.427	314	96	0	1	314	1	314	2.84e-168	466
MAJ56743.1	QIZ21318.1	44.954	327	157	7	1	319	1	312	1.62e-88	263
MAJ56744.1	QIZ21319.1	62.100	219	83	0	1	219	1	219	1.60e-105	299
MAJ56745.1	QIZ21359.1	66.946	1074	352	2	1	1071	1	1074	0.0	1483
MAJ56746.1	QIZ21360.1	60.309	388	147	2	1	384	1	385	4.16e-167	469
MAJ56747.1	QIZ21361.1	42.384	151	86	1	1	150	1	151	2.77e-28	98.2
MAJ56748.1	QIZ21362.1	39.601	601	328	15	1	580	1	587	1.16e-117	357
MAJ56749.1	QIZ21363.1	63.796	627	206	3	1	626	1	607	0.0	818
MAJ56750.1	QIZ20622.1	41.414	297	168	5	1	296	1	292	4.47e-57	181
MAJ56751.1	QIZ21364.1	34.359	195	120	5	16	207	7	196	3.95e-32	111
MAJ56752.1	QIZ21365.1	46.957	230	113	3	13	237	34	259	3.57e-72	216
MAJ56753.1	QIZ21366.1	48.344	151	70	3	11	154	12	161	3.12e-42	136
MAJ56754.1	QIZ21367.1	60.959	146	57	0	1	146	1	146	4.58e-66	194
MAJ56755.1	QIZ21368.1	51.874	507	212	10	1	487	1	495	5.95e-144	417
MAJ56756.1	QIZ21369.1	43.000	300	164	6	8	303	12	308	1.01e-69	216
MAJ56758.1	QIZ21371.1	42.308	546	285	9	26	553	23	556	3.30e-136	403
MAJ56759.1	QIZ21372.1	45.175	456	224	9	14	449	22	471	1.07e-97	310
MAJ56760.1	QIZ21372.1	39.456	441	240	10	15	443	514	939	2.49e-74	246
MAJ56762.1	QIZ21373.1	38.514	444	198	15	10	406	11	426	2.51e-64	208
MAJ56763.1	QIZ21374.1	42.588	371	206	5	4	369	5	373	1.56e-79	244
MAJ56764.1	QIZ21375.1	36.544	353	213	8	2	354	3	344	7.96e-56	182
MAJ56765.1	QIZ21376.1	50.325	461	227	2	1	459	1	461	1.76e-163	466
MAJ56766.1	QIZ21377.1	41.281	281	161	3	11	288	32	311	5.95e-56	179
MAJ56769.1	QIZ21381.1	45.390	282	149	5	5	283	6	285	7.44e-76	229
MAJ56770.1	QIZ21382.1	39.245	265	156	3	16	276	18	281	8.16e-58	182
MAJ56771.1	QIZ21383.1	54.776	670	295	4	6	672	9	673	0.0	711
MAJ56772.1	QIZ21384.1	40.767	574	315	12	1	561	2	563	1.60e-116	352
MAJ56773.1	QIZ21385.1	56.891	682	284	3	1	677	2	678	0.0	777
MAJ56775.1	QIZ21387.1	71.212	462	133	0	1	462	1	462	0.0	659
MAJ56776.1	QIZ21227.1	76.667	120	28	0	1	120	1	120	1.64e-67	195
MAJ56779.1	QIZ21213.1	38.462	143	87	1	7	148	4	146	3.62e-29	101
MAJ56781.1	QIZ20696.1	65.447	246	85	0	2	247	4	249	2.17e-118	334
MAJ56784.1	QIZ20976.1	55.725	131	56	2	1	129	1	131	6.69e-53	159
MAJ56785.1	QIZ21414.1	65.546	119	41	0	7	125	4	122	1.88e-58	172
MAJ56786.1	QIZ21452.1	74.802	885	223	0	4	888	5	889	0.0	1394
MAJ56787.1	QIZ20227.1	72.154	492	136	1	6	496	6	497	0.0	739
MAJ56788.1	QIZ20612.1	56.376	149	65	0	1	149	1	149	6.78e-55	165
MAJ56790.1	QIZ20684.1	43.893	262	137	6	1	252	143	404	5.72e-55	177
MAJ56800.1	QIZ20618.1	74.684	79	20	0	2	80	88	166	5.59e-42	130
MAJ56801.1	QIZ20405.1	70.992	131	38	0	1	131	1	131	2.39e-67	196
MAJ56802.1	QIZ20406.1	77.011	261	60	0	1	261	1	261	1.53e-143	399
MAJ56803.1	QIZ20407.1	72.951	244	66	0	4	247	8	251	1.09e-132	370
MAJ56804.1	QIZ20408.1	52.286	350	119	4	12	313	9	358	1.18e-126	362
MAJ56806.1	QIZ20617.1	70.370	81	24	0	1	81	1	81	2.54e-39	120
MAJ56815.1	QIZ21519.1	66.935	124	41	0	1	124	1	124	5.11e-63	184
MAJ56816.1	QIZ21520.1	71.613	155	42	1	1	153	1	155	1.78e-79	228
MAJ56817.1	QIZ21521.1	64.356	202	70	1	1	200	1	202	1.22e-100	285
MAJ56819.1	QIZ21522.1	64.438	329	117	0	4	332	5	333	4.43e-164	456
MAJ56820.1	QIZ21523.1	63.051	295	109	0	1	295	1	295	1.43e-143	401
MAJ56825.1	QIZ20539.1	54.201	369	166	1	1	366	1	369	1.77e-138	395
MAJ56826.1	QIZ20538.1	83.516	91	15	0	1	91	1	91	1.70e-54	160
MAJ56829.1	QIZ20501.1	30.968	310	206	5	1	303	1	309	7.18e-42	148
MAJ56831.1	QIZ20536.1	48.366	153	78	1	1	152	1	153	2.24e-36	119
MAJ56832.1	QIZ20533.1	53.543	127	57	2	1	126	1	126	1.33e-44	137
MAJ56833.1	QIZ20532.1	41.053	190	109	2	2	191	3	189	4.17e-45	144
MAJ56834.1	QIZ20531.1	43.030	165	86	2	1	165	1	157	9.90e-44	138
MAJ56835.1	QIZ20530.1	45.783	166	90	0	13	178	11	176	5.02e-51	158
MAJ56836.1	QIZ20529.1	47.082	257	131	2	1	254	1	255	1.90e-78	233
MAJ56837.1	QIZ20528.1	72.222	54	15	0	1	54	13	66	1.30e-23	80.1
MAJ56839.1	QIZ21451.1	35.897	156	99	1	4	159	18	172	2.46e-29	103
MAJ56840.1	QIZ21457.1	57.554	139	59	0	1	139	1	139	9.50e-54	162
MAJ56849.1	QIZ21235.1	36.711	523	312	7	9	514	1	521	4.93e-112	339
MAJ56855.1	QIZ20215.1	77.241	145	33	0	3	147	1	145	5.54e-86	244
MAJ56856.1	QIZ21591.1	59.429	175	71	0	1	175	1	175	1.61e-63	189
MAJ56860.1	QIZ21593.1	61.272	346	134	0	1	346	1	346	8.82e-157	439
MAJ56862.1	QIZ20183.1	49.618	131	63	2	5	135	2	129	1.28e-29	100
MAJ56863.1	QIZ20184.1	49.355	310	145	5	1	300	1	308	2.93e-87	259
MAJ56864.1	QIZ20409.1	70.588	68	20	0	4	71	5	72	7.24e-31	99.0
MAJ56865.1	QIZ20190.1	44.932	365	193	4	1	362	1	360	2.47e-110	322
MAJ56866.1	QIZ20191.1	60.674	178	70	0	5	182	4	181	1.18e-79	231
MAJ56867.1	QIZ20192.1	63.253	166	61	0	3	168	2	167	3.29e-78	226
MAJ56868.1	QIZ20196.1	47.000	200	103	2	7	206	3	199	5.44e-61	185
MAJ56869.1	QIZ20197.1	71.228	285	82	0	4	288	5	289	4.67e-156	432
MAJ56870.1	QIZ20198.1	45.113	399	207	4	6	396	2	396	2.65e-89	271
MAJ56871.1	QIZ20199.1	55.085	118	53	0	1	118	1	118	7.40e-40	128
MAJ56872.1	QIZ20200.1	78.892	379	79	1	5	382	2	380	0.0	614
MAJ56873.1	QIZ20201.1	76.119	335	80	0	3	337	2	336	0.0	537
MAJ56874.1	QIZ20202.1	60.510	157	62	0	1	157	1	157	3.61e-66	195
MAJ56875.1	QIZ20203.1	82.167	443	79	0	1	443	1	443	0.0	738
MAJ56876.1	QIZ20206.1	56.912	434	186	1	1	433	1	434	0.0	510
MAJ56878.1	QIZ20204.1	68.000	325	104	0	4	328	3	327	4.23e-171	474
MAJ56879.1	QIZ20205.1	58.696	276	114	0	1	276	1	276	5.22e-93	272
MAJ56884.1	QIZ20187.1	29.070	258	169	7	70	316	71	325	1.35e-21	89.0
MAJ56886.1	QIZ20601.1	37.732	485	295	3	1	485	1	478	1.33e-94	292
MAJ56888.1	QIZ20606.1	50.837	478	234	1	1	477	1	478	0.0	513
MAJ56889.1	QIZ20593.1	33.871	558	339	9	1	540	1	546	1.35e-97	305
MAJ56890.1	QIZ20739.1	29.825	228	141	6	11	236	37	247	7.47e-27	100
MAJ56891.1	QIZ21252.1	62.928	321	119	0	3	323	2	322	6.46e-146	410
MAJ56892.1	QIZ21451.1	46.023	176	95	0	15	190	17	192	3.23e-52	162
MAJ56895.1	QIZ21124.1	23.745	518	315	16	10	516	5	453	5.07e-35	135
MAJ56896.1	QIZ20605.1	33.239	352	199	12	36	369	49	382	1.83e-39	140
MAJ56898.1	QIZ20561.1	25.769	260	185	6	4	257	7	264	1.08e-26	103
MAJ56900.1	QIZ20560.1	32.955	352	230	3	48	395	47	396	1.44e-57	191
MAJ56901.1	QIZ21509.1	27.692	260	183	4	3	260	5	261	5.37e-22	87.8
MAJ56902.1	QIZ20200.1	42.559	383	213	5	1	380	1	379	1.31e-97	292
MAJ56903.1	QIZ20220.1	72.973	481	130	0	5	485	4	484	0.0	731
MAJ56904.1	QIZ20221.1	76.615	650	144	2	1	647	1	645	0.0	1051
MAJ56905.1	QIZ20222.1	81.703	317	58	0	24	340	25	341	0.0	560
MAJ56907.1	QIZ20225.1	63.043	368	136	0	1	368	1	368	0.0	513
MAJ56908.1	QIZ20226.1	66.779	298	99	0	1	298	1	298	2.58e-149	416
MAJ56909.1	QIZ20228.1	50.901	222	107	1	5	224	7	228	2.95e-75	223
MAJ56910.1	QIZ20229.1	66.495	194	65	0	2	195	10	203	2.67e-87	251
MAJ56911.1	QIZ20230.1	72.442	606	167	0	1	606	1	606	0.0	941
MAJ56912.1	QIZ20231.1	71.895	459	128	1	1	458	1	459	0.0	712
MAJ56913.1	QIZ20232.1	64.609	243	86	0	1	243	1	243	2.46e-117	331
MAJ56914.1	QIZ20233.1	54.989	451	199	3	2	448	3	453	0.0	514
MAJ56915.1	QIZ20234.1	71.107	533	151	2	1	532	1	531	0.0	798
MAJ56916.1	QIZ20236.1	67.805	205	66	0	1	205	1	205	1.36e-107	303
MAJ56917.1	QIZ20237.1	50.000	102	51	0	8	109	9	110	6.44e-37	117
MAJ56918.1	QIZ20238.1	55.263	76	34	0	1	76	1	76	1.39e-27	90.9
MAJ56919.1	QIZ20239.1	58.791	728	298	2	1	727	1	727	0.0	888
MAJ56920.1	QIZ20240.1	54.911	224	100	1	1	224	1	223	1.04e-86	252
MAJ56921.1	QIZ20241.1	56.962	79	32	1	1	79	1	77	1.06e-24	84.0
MAJ56922.1	QIZ20242.1	59.615	260	105	0	1	260	1	260	4.02e-114	324
MAJ56923.1	QIZ20244.1	63.291	237	87	0	12	248	8	244	1.97e-114	324
MAJ56924.1	QIZ20245.1	53.670	218	101	0	1	218	1	218	4.76e-72	215
MAJ56925.1	QIZ20246.1	53.879	232	106	1	1	232	1	231	4.06e-81	239
MAJ56927.1	QIZ20555.1	40.385	260	155	0	16	275	237	496	1.98e-55	182
MAJ56928.1	QIZ20324.1	41.538	130	71	2	1	127	1	128	2.74e-24	86.3
MAJ56929.1	QIZ20325.1	63.750	240	86	1	2	240	4	243	6.41e-112	317
MAJ56930.1	QIZ20326.1	48.309	207	105	1	9	215	8	212	5.79e-59	181
MAJ56933.1	QIZ20327.1	40.764	157	92	1	1	156	1	157	2.84e-32	112
MAJ56934.1	QIZ20385.1	37.555	679	373	13	2	638	9	678	2.72e-127	395
MAJ56937.1	QIZ20328.1	57.372	312	133	0	6	317	10	321	6.42e-131	372
MAJ56938.1	QIZ20330.1	47.887	142	71	2	10	149	1	141	6.36e-40	127
MAJ56939.1	QIZ20331.1	69.928	419	126	0	10	428	14	432	0.0	608
MAJ56940.1	QIZ20332.1	67.974	153	48	1	1	153	1	152	6.24e-75	216
MAJ56942.1	QIZ20333.1	42.487	193	107	2	1	193	1	189	1.97e-44	142
MAJ56943.1	QIZ20334.1	56.098	369	151	3	1	361	1	366	1.66e-135	387
MAJ56944.1	QIZ20335.1	47.407	135	60	4	1	133	1	126	1.87e-31	104
MAJ56946.1	QIZ20338.1	81.007	695	132	0	4	698	6	700	0.0	1102
MAJ56948.1	QIZ20341.1	63.333	60	19	2	1	58	1	59	8.96e-22	75.1
MAJ56949.1	QIZ20342.1	54.054	333	150	2	1	332	1	331	2.49e-121	348
MAJ56951.1	QIZ20344.1	39.837	123	70	1	1	119	2	124	6.70e-24	85.1
MAJ56952.1	QIZ20345.1	74.603	63	16	0	1	63	1	63	8.17e-30	95.5
MAJ56954.1	QIZ20347.1	50.000	328	154	4	11	334	15	336	7.12e-89	266
MAJ56955.1	QIZ20349.1	57.143	140	59	1	8	146	9	148	5.73e-55	166
MAJ56956.1	QIZ20350.1	54.688	128	58	0	9	136	22	149	7.12e-48	147
MAJ56957.1	QIZ20351.1	45.266	338	176	4	4	333	3	339	1.49e-94	280
MAJ56958.1	QIZ20353.1	48.700	423	214	2	5	424	6	428	3.81e-121	355
MAJ56960.1	QIZ20456.1	59.545	440	175	2	1	437	1	440	0.0	538
MAJ56961.1	QIZ20455.1	46.778	419	204	8	1	409	1	410	6.99e-99	296
MAJ56962.1	QIZ20454.1	43.925	214	119	1	1	214	1	213	1.67e-58	180
MAJ56963.1	QIZ20453.1	51.051	1142	539	11	2	1134	7	1137	0.0	1140
MAJ56965.1	QIZ20452.1	41.438	292	153	9	1	283	1	283	2.86e-62	194
MAJ56966.1	QIZ20451.1	50.279	179	89	0	6	184	5	183	9.82e-63	188
MAJ56967.1	QIZ20450.1	53.363	223	104	0	1	223	1	223	2.24e-75	223
MAJ56968.1	QIZ20449.1	44.056	143	74	3	67	206	81	220	6.75e-27	98.2
MAJ56969.1	QIZ20448.1	40.000	365	200	8	4	357	2	358	8.11e-69	218
MAJ56971.1	QIZ20445.1	51.543	324	152	3	2	322	5	326	1.41e-97	287
MAJ56972.1	QIZ20446.1	61.806	144	55	0	6	149	2	145	3.40e-65	191
MAJ56973.1	QIZ20444.1	49.242	264	119	3	1	256	1	257	4.18e-84	248
MAJ56974.1	QIZ20442.1	45.170	352	175	6	267	603	2	350	2.99e-92	285
MAJ56975.1	QIZ20225.1	33.766	385	236	7	45	428	8	374	1.89e-64	207
MAJ56976.1	QIZ20441.1	55.217	460	203	2	2	460	3	460	4.09e-180	508
MAJ56977.1	QIZ20440.1	65.044	226	76	3	1	224	1	225	7.97e-106	300
MAJ56978.1	QIZ20439.1	42.373	236	134	2	16	249	17	252	3.62e-53	169
MAJ56979.1	QIZ20438.1	48.765	324	165	1	7	330	5	327	7.86e-105	306
MAJ56980.1	QIZ20437.1	58.289	187	76	1	1	185	1	187	3.42e-74	217
MAJ56981.1	QIZ20436.1	60.944	466	165	3	16	467	22	484	0.0	514
MAJ56983.1	QIZ20434.1	41.434	251	138	5	1	248	1	245	9.68e-61	187
MAJ56984.1	QIZ20433.1	50.980	102	46	2	1	101	1	99	3.61e-30	99.4
MAJ56985.1	QIZ20432.1	73.084	535	144	0	1	535	1	535	0.0	830
MAJ56986.1	QIZ20431.1	67.033	273	90	0	1	273	1	273	1.40e-136	382
MAJ56987.1	QIZ20430.1	59.420	414	163	5	1	412	1	411	2.56e-161	456
MAJ56989.1	QIZ20428.1	77.597	308	69	0	1	308	1	308	4.18e-176	485
MAJ56990.1	QIZ20427.1	52.055	146	69	1	1	146	1	145	4.70e-48	148
MAJ56991.1	QIZ20426.1	54.745	137	62	0	15	151	16	152	4.53e-47	145
MAJ56992.1	QIZ20425.1	51.235	162	79	0	1	162	2	163	2.75e-55	167
MAJ56993.1	QIZ20424.1	49.462	372	174	8	1	363	1	367	4.50e-96	286
MAJ56994.1	QIZ20423.1	39.298	570	329	8	13	568	10	576	1.45e-107	331
MAJ56995.1	QIZ20422.1	51.333	450	215	3	1	448	1	448	3.18e-151	433
MAJ56996.1	QIZ20421.1	57.267	461	190	1	1	454	1	461	7.94e-167	474
MAJ56997.1	QIZ20420.1	32.083	480	280	15	9	465	12	468	5.40e-33	125
MAJ56998.1	QIZ20361.1	58.667	75	28	1	1	72	1	75	2.26e-22	78.6
MAJ56999.1	QIZ20569.1	60.366	328	130	0	2	329	6	333	2.72e-144	406
MAJ57000.1	QIZ20698.1	39.426	383	214	7	13	384	15	390	6.12e-76	236
MAJ57002.1	QIZ20699.1	37.831	415	244	10	3	406	2	413	2.45e-82	254
MAJ57003.1	QIZ21458.1	51.374	473	217	6	3	469	6	471	1.09e-160	459
MAJ57004.1	QIZ20415.1	58.120	117	41	2	1	112	1	114	4.13e-42	130
MAJ57006.1	QIZ20413.1	77.448	572	129	0	1	572	1	572	0.0	923
MAJ57007.1	QIZ20412.1	54.087	416	175	4	1	415	1	401	1.43e-146	418
MAJ57008.1	QIZ20403.1	52.529	257	122	0	1	257	1	257	3.25e-96	278
MAJ57009.1	QIZ20402.1	51.485	101	49	0	3	103	5	105	8.61e-35	111
MAJ57010.1	QIZ20401.1	53.933	356	153	4	23	368	13	367	8.44e-122	352
MAJ57011.1	QIZ20400.1	50.950	579	271	7	1	568	1	577	0.0	555
MAJ57013.1	QIZ20398.1	42.268	291	161	4	11	297	9	296	3.45e-73	224
MAJ57014.1	QIZ20397.1	47.679	237	123	1	10	245	8	244	3.77e-66	201
MAJ57015.1	QIZ20396.1	55.924	211	92	1	4	213	24	234	2.61e-86	251
MAJ57016.1	QIZ20395.1	66.667	63	16	1	1	58	1	63	5.98e-24	80.9
MAJ57018.1	QIZ20393.1	66.122	245	83	0	3	247	5	249	1.85e-123	347
MAJ57019.1	QIZ20392.1	51.869	428	185	6	4	424	4	417	3.60e-146	418
MAJ57020.1	QIZ20376.1	48.525	305	147	4	19	314	19	322	3.27e-88	263
MAJ57022.1	QIZ20374.1	48.819	381	185	2	3	377	5	381	2.82e-126	364
MAJ57023.1	QIZ20373.1	37.968	187	107	5	2	183	4	186	1.34e-23	89.0
MAJ57025.1	QIZ20371.1	57.087	508	205	6	1	496	1	507	0.0	566
MAJ57026.1	QIZ20370.1	41.569	255	146	3	3	255	1	254	1.13e-61	190
MAJ57027.1	QIZ20360.1	40.890	697	394	12	4	688	9	699	1.92e-161	478
MAJ57030.1	QIZ20359.1	66.667	303	99	1	1	301	1	303	4.60e-149	416
MAJ57031.1	QIZ20380.1	60.302	199	79	0	10	208	5	203	1.44e-82	240
MAJ57032.1	QIZ20381.1	56.618	272	118	0	1	272	1	272	3.37e-116	330
MAJ57033.1	QIZ20382.1	64.326	356	126	1	5	359	8	363	3.24e-163	457
MAJ57034.1	QIZ20383.1	61.111	180	67	2	1	177	1	180	2.29e-76	222
MAJ57035.1	QIZ20384.1	51.534	163	79	0	3	165	2	164	7.67e-59	176
MAJ57036.1	QIZ20385.1	55.297	859	358	5	2	859	8	841	0.0	919
MAJ57037.1	QIZ20386.1	63.636	154	51	3	1	150	1	153	4.35e-65	191
MAJ57038.1	QIZ20387.1	72.304	946	261	1	1	946	1	945	0.0	1454
MAJ57039.1	QIZ20389.1	59.854	274	109	1	19	291	13	286	2.94e-109	315
MAJ57040.1	QIZ20390.1	52.632	513	236	4	1	508	1	511	2.92e-180	512
MAJ57041.1	QIZ20391.1	64.211	95	32	2	1	94	1	94	2.67e-41	127
MAJ57042.1	QIZ20379.1	49.260	676	333	6	5	675	10	680	0.0	604
MAJ57043.1	QIZ20364.1	53.750	320	144	3	1	318	1	318	6.94e-118	339
MAJ57044.1	QIZ20365.1	49.451	91	46	0	1	91	1	91	3.34e-29	96.3
MAJ57046.1	QIZ21103.1	53.763	372	166	5	6	373	7	376	1.60e-137	393
MAJ57047.1	QIZ20367.1	64.286	392	137	2	1	391	1	390	2.95e-161	454
MAJ57048.1	QIZ20368.1	55.063	158	70	1	2	158	13	170	5.94e-63	187
MAJ57051.1	QIZ20362.1	36.979	576	345	8	4	576	2	562	1.42e-114	348
MAJ57052.1	QIZ20363.1	47.097	310	163	1	4	313	5	313	3.63e-95	280
MAJ57053.1	QIZ20458.1	56.545	550	237	1	7	556	4	551	0.0	680
MAJ57054.1	QIZ20459.1	40.873	252	136	7	1	243	1	248	1.24e-44	146
MAJ57055.1	QIZ20460.1	38.509	161	96	2	6	165	6	164	1.83e-26	95.1
MAJ57056.1	QIZ20461.1	53.814	472	211	4	1	470	1	467	1.88e-169	481
MAJ57057.1	QIZ20462.1	64.329	499	175	1	1	499	1	496	0.0	652
MAJ57058.1	QIZ20463.1	59.655	637	255	2	1	636	1	636	0.0	766
MAJ57059.1	QIZ20464.1	72.816	103	28	0	1	103	1	103	2.68e-42	130
MAJ57060.1	QIZ20465.1	60.849	212	75	2	1	206	1	210	4.79e-88	254
MAJ57061.1	QIZ20466.1	79.503	161	33	0	1	161	1	161	6.40e-97	273
MAJ57062.1	QIZ20467.1	80.303	330	65	0	1	330	1	330	0.0	544
MAJ57063.1	QIZ20468.1	54.532	673	286	7	1	659	1	667	0.0	725
MAJ57064.1	QIZ20469.1	75.845	414	99	1	1	414	1	413	0.0	677
MAJ57065.1	QIZ20470.1	60.204	196	78	0	1	196	1	196	1.75e-87	252
MAJ57066.1	QIZ20471.1	79.028	391	82	0	1	391	1	391	0.0	664
MAJ57067.1	QIZ20472.1	59.732	149	60	0	47	195	45	193	2.38e-65	196
MAJ57068.1	QIZ20473.1	83.626	171	28	0	2	172	3	173	2.58e-113	315
MAJ57069.1	QIZ20474.1	73.770	122	32	0	1	122	1	122	3.43e-64	187
MAJ57070.1	QIZ21481.1	36.765	340	200	7	5	330	3	341	1.79e-61	195
MAJ57074.1	QIZ20416.1	80.165	242	48	0	2	243	3	244	2.17e-147	407
MAJ57075.1	QIZ20417.1	59.292	339	126	3	20	350	92	426	4.31e-145	412
MAJ57076.1	QIZ20418.1	59.211	380	154	1	18	396	2	381	2.04e-147	419
MAJ57077.1	QIZ20419.1	73.134	335	83	6	13	346	18	346	0.0	501
MAJ57078.1	QIZ20800.1	41.880	234	126	4	1	230	4	231	1.24e-51	163
MAJ57079.1	QIZ20624.1	72.436	468	129	0	1	468	1	468	0.0	733
MAJ57080.1	QIZ20952.1	39.823	678	330	18	1	619	27	685	1.26e-133	402
MAJ57081.1	QIZ20621.1	42.763	304	164	4	1	296	1	302	5.64e-81	243
MAJ57086.1	QIZ20323.1	51.037	241	114	2	1	239	1	239	2.98e-79	234
MAJ57087.1	QIZ20322.1	51.562	192	91	2	1	190	1	192	3.34e-61	184
MAJ57088.1	QIZ20321.1	61.525	564	212	3	1	560	1	563	0.0	714
MAJ57089.1	QIZ20320.1	43.293	164	87	2	4	167	16	173	2.29e-37	122
MAJ57090.1	QIZ20319.1	63.014	146	53	1	11	156	11	155	8.14e-65	191
MAJ57091.1	QIZ20318.1	63.140	293	105	2	1	290	1	293	2.43e-134	378
MAJ57092.1	QIZ20317.1	45.481	675	359	4	83	751	53	724	0.0	590
MAJ57095.1	QIZ21531.1	57.423	357	145	2	2	358	3	352	2.45e-138	393
MAJ57096.1	QIZ21530.1	54.614	531	239	2	12	540	5	535	0.0	563
MAJ57098.1	QIZ21527.1	62.647	340	126	1	1	340	1	339	3.73e-159	444
MAJ57099.1	QIZ21416.1	63.265	98	35	1	1	98	1	97	6.04e-35	111
MAJ57100.1	QIZ21529.1	41.606	137	80	0	13	149	14	150	6.36e-43	136
MAJ57101.1	QIZ20304.1	50.680	294	138	3	7	296	4	294	2.30e-96	282
MAJ57102.1	QIZ20303.1	42.932	191	107	2	9	198	25	214	1.01e-52	164
MAJ57103.1	QIZ20302.1	70.041	484	141	1	7	486	8	491	0.0	695
MAJ57104.1	QIZ20301.1	68.313	486	152	1	1	486	1	484	0.0	663
MAJ57105.1	QIZ20300.1	53.684	95	44	0	1	95	1	95	2.93e-30	99.0
MAJ57106.1	QIZ20299.1	50.735	136	67	0	20	155	15	150	4.62e-46	143
MAJ57107.1	QIZ20298.1	73.052	308	83	0	5	312	4	311	4.16e-169	468
MAJ57108.1	QIZ20742.1	28.244	393	249	12	48	424	41	416	3.19e-36	133
MAJ57109.1	QIZ20297.1	49.474	190	95	1	1	190	1	189	7.97e-54	166
MAJ57110.1	QIZ20296.1	64.843	859	268	4	1	832	1	852	0.0	1098
MAJ57111.1	QIZ20294.1	48.993	149	75	1	6	153	5	153	1.17e-52	160
MAJ57114.1	QIZ20293.1	60.880	432	166	3	1	430	1	431	0.0	519
MAJ57115.1	QIZ20292.1	53.788	264	116	3	1	258	1	264	1.60e-80	239
MAJ57116.1	QIZ20291.1	44.574	258	130	5	19	268	28	280	3.03e-62	193
MAJ57117.1	QIZ20290.1	51.885	451	216	1	8	458	8	457	1.50e-167	475
MAJ57118.1	QIZ20289.1	48.515	202	102	2	1	202	3	202	5.23e-62	187
MAJ57119.1	QIZ20288.1	39.041	292	166	4	13	292	11	302	1.18e-59	188
MAJ57121.1	QIZ20287.1	64.286	140	47	1	1	137	1	140	1.55e-57	172
MAJ57122.1	QIZ20286.1	71.471	333	95	0	4	336	9	341	0.0	502
MAJ57123.1	QIZ20285.1	80.702	114	22	0	35	148	37	150	6.80e-61	180
MAJ57124.1	QIZ20284.1	71.654	127	36	0	1	127	1	127	1.52e-62	183
MAJ57125.1	QIZ20283.1	38.208	212	128	1	1	209	1	212	1.37e-52	164
MAJ57126.1	QIZ20282.1	71.090	422	122	0	15	436	5	426	0.0	630
MAJ57127.1	QIZ20281.1	54.054	148	66	2	3	148	4	151	1.43e-46	144
MAJ57128.1	QIZ20280.1	64.780	159	56	0	7	165	11	169	5.52e-77	223
MAJ57129.1	QIZ20279.1	48.649	111	53	2	7	113	8	118	3.30e-32	105
MAJ57130.1	QIZ20278.1	56.425	179	77	1	1	178	1	179	3.36e-66	196
MAJ57131.1	QIZ20277.1	54.545	132	58	1	1	132	1	130	2.11e-50	152
MAJ57132.1	QIZ20276.1	69.307	101	31	0	1	101	1	101	2.75e-45	137
MAJ57133.1	QIZ20275.1	62.500	184	69	0	1	184	1	184	1.46e-81	236
MAJ57135.1	QIZ20273.1	77.869	122	27	0	1	122	1	122	1.01e-67	196
MAJ57138.1	QIZ20270.1	73.881	134	35	0	1	134	1	134	1.56e-72	209
MAJ57139.1	QIZ20269.1	73.488	215	57	0	1	215	1	215	8.15e-122	341
MAJ57140.1	QIZ20268.1	53.333	120	56	0	7	126	12	131	2.75e-41	129
MAJ57141.1	QIZ20267.1	75.862	87	21	0	1	87	1	87	6.91e-46	139
MAJ57142.1	QIZ20266.1	61.011	277	107	1	1	276	1	277	1.19e-111	319
MAJ57143.1	QIZ20265.1	57.143	91	39	0	10	100	7	97	5.11e-32	103
MAJ57144.1	QIZ20264.1	39.713	209	119	5	1	206	1	205	8.01e-37	123
MAJ57145.1	QIZ20263.1	60.092	218	87	0	3	220	4	221	1.05e-99	287
MAJ57146.1	QIZ20262.1	84.314	102	16	0	1	102	1	102	3.94e-60	175
MAJ57147.1	QIZ20261.1	81.910	691	125	0	1	691	1	691	0.0	1199
MAJ57148.1	QIZ20260.1	60.897	156	61	0	1	156	1	156	1.96e-71	207
MAJ57149.1	QIZ20259.1	80.488	123	24	0	1	123	1	123	7.11e-69	199
MAJ57150.1	QIZ20258.1	71.891	1391	378	9	1	1383	1	1386	0.0	2067
MAJ57151.1	QIZ20257.1	66.471	1363	452	3	1	1358	1	1363	0.0	1875
MAJ57152.1	QIZ20256.1	70.732	123	34	1	1	123	1	121	3.77e-46	141
MAJ57153.1	QIZ20255.1	49.398	166	84	0	1	166	1	166	5.32e-52	159
MAJ57154.1	QIZ20254.1	46.188	223	118	2	8	228	3	225	3.57e-66	200
MAJ57155.1	QIZ20253.1	78.014	141	31	0	1	141	1	141	2.66e-80	229
MAJ57156.1	QIZ20252.1	62.573	171	64	0	3	173	4	174	4.96e-80	231
MAJ57157.1	QIZ20251.1	63.462	52	19	0	1	52	1	52	1.68e-21	74.7
MAJ57158.1	QIZ20250.1	82.323	396	69	1	1	395	1	396	0.0	664
MAJ57159.1	QIZ20249.1	31.687	243	149	6	1	232	1	237	5.42e-39	131
MAJ57322.1	QIZ21080.1	57.339	218	91	1	3	218	2	219	1.18e-85	248
MAJ57325.1	QIZ21079.1	49.608	510	252	3	8	517	14	518	9.26e-165	473
MAJ57328.1	QIZ21095.1	56.686	344	142	5	13	353	24	363	4.74e-136	387
MAJ57329.1	QIZ21078.1	37.688	199	121	2	8	204	5	202	9.91e-43	139
MAJ57330.1	QIZ21052.1	79.810	421	84	1	1	421	1	420	0.0	692
MAJ57332.1	QIZ21054.1	33.739	329	196	8	6	318	7	329	1.01e-56	184
MAJ57333.1	QIZ21055.1	47.706	327	158	6	17	337	14	333	8.69e-95	281
MAJ57334.1	QIZ21056.1	54.982	271	120	1	1	269	1	271	3.80e-104	300
MAJ57335.1	QIZ21057.1	49.215	191	97	0	1	191	1	191	1.19e-61	186
MAJ57336.1	QIZ21058.1	53.435	262	118	4	2	259	3	264	5.65e-93	271
MAJ57337.1	QIZ21059.1	51.429	175	85	0	1	175	1	175	2.53e-59	179
MAJ57338.1	QIZ21060.1	52.444	225	98	3	1	220	1	221	5.51e-75	222
MAJ57340.1	QIZ21062.1	40.876	137	75	3	5	137	5	139	7.47e-25	88.6
MAJ57341.1	QIZ21063.1	42.708	192	107	2	1	189	1	192	1.16e-47	150
MAJ57346.1	QIZ21065.1	71.889	434	121	1	7	439	22	455	0.0	634
MAJ57347.1	QIZ21066.1	76.608	171	39	1	13	183	2	171	6.20e-93	264
MAJ57348.1	QIZ21067.1	74.742	194	49	0	2	195	3	196	4.48e-113	316
MAJ57349.1	QIZ21068.1	79.808	208	42	0	1	208	1	208	2.10e-124	346
MAJ57350.1	QIZ21070.1	73.029	241	63	1	1	241	1	239	4.58e-126	353
MAJ57351.1	QIZ21071.1	77.778	252	55	1	1	252	1	251	6.74e-145	401
MAJ57353.1	QIZ21073.1	61.017	118	45	1	1	118	1	117	2.56e-52	157
MAJ57354.1	QIZ21074.1	44.848	165	91	0	1	165	1	165	1.74e-47	148
MAJ57356.1	QIZ21076.1	54.225	710	298	11	2	706	8	695	0.0	656
MAJ57357.1	QIZ21077.1	34.140	372	214	9	9	359	16	377	1.57e-43	150
MAJ57358.1	QIZ20356.1	65.556	90	31	0	1	90	1	90	1.92e-39	122
MAJ57359.1	QIZ21050.1	47.216	449	227	5	1	445	1	443	3.57e-131	382
MAJ57360.1	QIZ21049.1	63.974	619	222	1	2	619	5	623	0.0	793
MAJ57361.1	QIZ21048.1	36.224	196	123	1	11	204	16	211	2.16e-30	107
MAJ57362.1	QIZ21047.1	59.470	264	103	3	3	263	2	264	2.22e-110	315
MAJ57363.1	QIZ21046.1	50.530	283	130	2	4	284	8	282	4.38e-90	265
MAJ57364.1	QIZ21045.1	27.893	337	224	9	1	327	1	328	5.27e-23	93.2
MAJ57366.1	QIZ21043.1	56.323	854	359	8	1	850	1	844	0.0	984
MAJ57367.1	QIZ21040.1	39.744	156	85	3	26	178	28	177	1.60e-24	90.5
MAJ57368.1	QIZ21039.1	55.497	191	84	1	21	210	25	215	3.43e-69	206
MAJ57369.1	QIZ21038.1	46.296	162	82	4	1	159	2	161	4.45e-35	116
MAJ57371.1	QIZ21097.1	65.385	494	168	2	3	493	2	495	0.0	648
MAJ57372.1	QIZ21226.1	58.929	112	46	0	4	115	2	113	9.39e-46	139
MAJ57375.1	QIZ20542.1	47.346	471	234	6	10	467	14	483	2.56e-133	390
MAJ57377.1	QIZ20946.1	23.871	310	200	4	185	481	19	305	1.03e-23	98.6
MAJ57379.1	QIZ21036.1	64.821	307	108	0	3	309	2	308	6.79e-150	419
MAJ57381.1	QIZ21035.1	74.000	200	52	0	21	220	18	217	9.86e-113	317
MAJ57382.1	QIZ21034.1	47.287	258	134	1	1	256	1	258	2.93e-78	233
MAJ57383.1	QIZ21033.1	61.804	377	140	3	1	377	1	373	2.17e-169	473
MAJ57384.1	QIZ21032.1	77.179	631	140	2	1	630	1	628	0.0	989
MAJ57385.1	QIZ21031.1	46.358	151	79	2	32	180	45	195	3.94e-38	126
MAJ57387.1	QIZ21030.1	51.295	193	90	1	12	200	8	200	1.99e-61	186
MAJ57388.1	QIZ21029.1	28.460	383	258	7	8	381	7	382	5.15e-41	144
MAJ57389.1	QIZ21028.1	44.170	283	147	3	4	281	10	286	1.04e-66	205
MAJ57390.1	QIZ21027.1	49.741	193	94	1	2	194	3	192	2.95e-61	185
MAJ57391.1	QIZ21026.1	69.789	758	227	2	3	759	2	758	0.0	1092
MAJ57392.1	QIZ21025.1	51.874	507	243	1	1	506	1	507	1.31e-173	494
MAJ57393.1	QIZ21024.1	58.610	331	134	2	5	333	4	333	6.53e-142	400
MAJ57395.1	QIZ21023.1	40.571	175	96	4	7	175	8	180	6.99e-36	119
MAJ57398.1	QIZ21020.1	62.500	136	47	1	12	147	4	135	9.72e-58	172
MAJ57399.1	QIZ21019.1	49.887	443	211	5	1	436	10	448	1.63e-150	431
MAJ57400.1	QIZ21018.1	52.038	319	150	2	2	317	9	327	2.15e-109	317
MAJ57403.1	QIZ21016.1	40.456	482	261	12	21	482	19	494	1.82e-95	295
MAJ57404.1	QIZ21015.1	60.417	384	147	3	3	382	5	387	6.54e-160	450
MAJ57406.1	QIZ21014.1	61.165	515	197	1	1	512	14	528	0.0	627
MAJ57407.1	QIZ21013.1	53.073	667	300	9	59	721	77	734	0.0	657
MAJ57408.1	QIZ21012.1	39.344	122	74	0	2	123	1	122	1.16e-26	92.0
MAJ57411.1	QIZ21010.1	71.802	688	194	0	1	688	1	688	0.0	1031
MAJ57412.1	QIZ21008.1	81.226	261	49	0	1	261	1	261	3.92e-161	443
MAJ57413.1	QIZ21007.1	78.908	403	84	1	1	402	1	403	0.0	672
MAJ57414.1	QIZ21006.1	67.273	165	54	0	3	167	2	166	2.13e-83	239
MAJ57415.1	QIZ21001.1	39.456	147	86	2	1	145	1	146	1.34e-35	116
MAJ57416.1	QIZ21000.1	45.161	248	128	4	1	244	5	248	1.90e-71	215
MAJ57417.1	QIZ20999.1	58.621	145	60	0	1	145	1	145	1.68e-55	166
MAJ57418.1	QIZ20998.1	53.015	398	183	2	3	396	4	401	3.49e-152	432
MAJ57419.1	QIZ20997.1	56.214	523	227	2	1	522	1	522	0.0	569
MAJ57420.1	QIZ20996.1	44.828	232	127	1	5	235	3	234	9.00e-68	204
MAJ57421.1	QIZ20995.1	43.902	287	157	3	1	283	1	287	1.09e-74	226
MAJ57423.1	QIZ20993.1	49.776	446	222	2	18	462	19	463	1.77e-156	448
MAJ57424.1	QIZ20992.1	44.324	370	203	3	1	368	1	369	2.24e-100	297
MAJ57426.1	QIZ20952.1	62.647	597	213	2	15	601	7	603	0.0	760
MAJ57427.1	QIZ20951.1	36.585	410	257	3	18	425	16	424	9.23e-87	266
MAJ57430.1	QIZ21195.1	81.009	337	64	0	3	339	10	346	0.0	568
MAJ57431.1	QIZ21196.1	60.411	389	154	0	1	389	1	389	0.0	510
MAJ57432.1	QIZ21197.1	74.157	178	46	0	11	188	10	187	7.11e-99	280
MAJ57433.1	QIZ21198.1	55.435	184	78	3	1	182	1	182	4.68e-65	194
MAJ57434.1	QIZ21199.1	68.018	222	70	1	7	227	7	228	9.61e-110	314
MAJ57435.1	QIZ21200.1	59.155	923	365	5	7	924	9	924	0.0	1093
MAJ57436.1	QIZ21201.1	77.682	233	50	1	2	232	3	235	3.87e-136	378
MAJ57437.1	QIZ21202.1	42.720	522	275	10	1	509	1	511	5.74e-102	311
MAJ57438.1	QIZ21203.1	81.308	428	80	0	1	428	1	428	0.0	718
MAJ57439.1	QIZ21205.1	41.297	293	163	3	18	301	7	299	5.33e-58	185
MAJ57440.1	QIZ21206.1	40.611	229	133	2	1	226	1	229	1.41e-50	160
MAJ57441.1	QIZ21207.1	52.966	236	110	1	1	236	1	235	1.56e-85	250
MAJ57445.1	QIZ20306.1	36.139	202	86	8	9	209	1	160	4.92e-28	100
MAJ57446.1	QIZ21209.1	63.590	195	71	0	3	197	5	199	3.35e-90	258
MAJ57447.1	QIZ21210.1	50.240	1043	504	8	1	1031	1	1040	0.0	1025
MAJ57448.1	QIZ21211.1	36.749	283	173	4	1	281	1	279	3.24e-53	171
MAJ57449.1	QIZ21212.1	37.500	272	163	5	1	269	1	268	3.14e-62	193
MAJ57450.1	QIZ21214.1	45.255	274	149	1	1	274	12	284	8.41e-82	244
MAJ57451.1	QIZ21215.1	53.365	208	92	2	3	205	4	211	1.01e-73	218
MAJ57452.1	QIZ21217.1	60.234	171	66	2	1	170	6	175	3.97e-75	218
MAJ57453.1	QIZ21218.1	75.172	435	101	1	1	428	1	435	0.0	672
MAJ57454.1	QIZ20670.1	41.781	438	245	4	1	438	1	428	9.82e-110	326
MAJ57455.1	QIZ20671.1	40.816	294	169	4	11	303	20	309	1.12e-68	212
MAJ57458.1	QIZ21222.1	28.239	301	194	8	37	319	11	307	1.11e-24	97.4
MAJ57460.1	QIZ20499.1	53.150	254	118	1	3	255	4	257	2.39e-92	268
MAJ57462.1	QIZ21413.1	58.528	299	122	1	1	299	1	297	3.95e-125	355
MAJ57463.1	QIZ20728.1	37.945	253	147	3	23	265	53	305	7.93e-45	149
MAJ57466.1	QIZ20348.1	69.302	430	132	0	1	430	1	430	0.0	630
MAJ57468.1	QIZ20707.1	40.606	165	72	5	1	145	1	159	1.25e-26	94.0
MAJ57469.1	QIZ21158.1	30.237	549	323	18	5	503	9	547	9.36e-58	198
MAJ57474.1	QIZ21314.1	29.016	386	243	13	3	368	4	378	3.67e-40	143
MAJ57475.1	QIZ20483.1	52.336	214	92	4	10	220	9	215	1.71e-66	200
MAJ57489.1	QIZ20416.1	35.060	251	150	7	1	248	1	241	1.19e-43	144
MAJ57491.1	QIZ21305.1	41.333	225	118	7	3	223	6	220	1.03e-39	132
MAJ57496.1	QIZ20410.1	48.826	213	108	1	1	213	1	212	2.03e-63	192
MAJ57498.1	QIZ20940.1	55.245	143	64	0	15	157	17	159	1.81e-56	170
MAJ57499.1	QIZ20881.1	50.296	169	71	6	1	163	1	162	3.11e-54	165
MAJ57500.1	QIZ20880.1	50.929	269	132	0	1	269	1	269	7.71e-87	256
MAJ57501.1	QIZ20879.1	66.935	372	123	0	1	372	1	372	1.25e-177	495
MAJ57502.1	QIZ20878.1	47.557	307	158	2	1	306	1	305	7.57e-97	284
MAJ57503.1	QIZ21189.1	55.833	480	212	0	3	482	2	481	0.0	532
MAJ57504.1	QIZ21190.1	60.078	511	204	0	8	518	15	525	0.0	652
MAJ57505.1	QIZ21191.1	50.725	345	169	1	2	345	1	345	1.46e-113	330
MAJ57507.1	QIZ20516.1	47.414	348	171	2	3	345	2	342	8.28e-97	287
MAJ57508.1	QIZ21192.1	52.500	80	38	0	1	80	1	80	6.38e-27	90.9
MAJ57509.1	QIZ21193.1	56.886	167	71	1	2	168	14	179	6.12e-64	191
MAJ57510.1	QIZ20950.1	52.736	603	254	8	2	583	6	598	0.0	546
MAJ57511.1	QIZ20949.1	74.684	316	80	0	9	324	8	323	0.0	524
MAJ57512.1	QIZ20948.1	44.509	173	91	4	44	213	2	172	4.31e-44	141
MAJ57515.1	QIZ20946.1	48.703	347	177	1	3	349	5	350	9.20e-93	278
MAJ57516.1	QIZ20945.1	44.785	163	88	2	3	165	5	165	5.00e-36	119
MAJ57517.1	QIZ20944.1	26.420	405	278	9	10	407	11	402	7.16e-32	125
MAJ57518.1	QIZ20871.1	60.690	725	272	5	2	715	7	729	0.0	903
MAJ57519.1	QIZ20870.1	55.769	364	152	3	1	358	1	361	1.76e-145	412
MAJ57520.1	QIZ20869.1	53.811	866	373	7	1	857	1	848	0.0	918
MAJ57521.1	QIZ20868.1	50.467	428	198	3	5	419	6	432	6.97e-145	415
MAJ57522.1	QIZ20697.1	37.572	173	103	2	9	178	11	181	2.98e-39	128
MAJ57523.1	QIZ20867.1	47.552	143	72	3	1	140	1	143	7.47e-32	106
MAJ57524.1	QIZ20866.1	58.333	240	97	2	5	242	2	240	1.62e-99	285
MAJ57525.1	QIZ20865.1	53.465	404	187	1	1	404	1	403	3.90e-152	432
MAJ57526.1	QIZ20864.1	73.684	361	95	0	3	363	2	362	0.0	555
MAJ57527.1	QIZ20863.1	66.572	353	118	0	1	353	1	353	2.77e-165	461
MAJ57528.1	QIZ20862.1	34.831	267	172	2	16	282	16	280	5.76e-42	141
MAJ57530.1	QIZ20860.1	53.203	359	161	5	72	427	76	430	1.88e-124	363
MAJ57540.1	QIZ21581.1	51.786	112	42	3	151	261	594	694	7.48e-24	99.4
MAJ57568.1	QIZ21576.1	34.722	144	93	1	3	145	6	149	1.41e-27	96.3
MAJ57569.1	QIZ21575.1	42.331	489	223	6	1	457	1	462	5.07e-120	374
MAJ57569.1	QIZ21575.1	53.023	215	98	3	623	834	452	666	2.72e-70	241
MAJ57570.1	QIZ21573.1	49.485	194	95	1	1	194	1	191	5.61e-70	207
MAJ57573.1	QIZ21569.1	64.828	290	98	2	1	290	1	286	1.17e-128	363
MAJ57574.1	QIZ21567.1	37.313	268	151	4	7	273	26	277	9.31e-55	174
MAJ57575.1	QIZ21565.1	50.854	527	258	1	3	528	10	536	0.0	565
MAJ57580.1	QIZ21562.1	46.005	413	220	3	4	414	3	414	3.72e-135	390
MAJ57593.1	QIZ21085.1	72.031	640	179	0	24	663	40	679	0.0	1008
MAJ57595.1	QIZ21086.1	68.613	137	43	0	1	137	1	137	1.22e-70	204
MAJ57596.1	QIZ21088.1	55.866	358	157	1	1	358	1	357	6.57e-147	415
MAJ57597.1	QIZ21089.1	41.237	291	170	1	6	296	5	294	5.30e-67	208
MAJ57598.1	QIZ21090.1	31.004	229	156	1	1	227	1	229	6.44e-36	122
MAJ57599.1	QIZ21091.1	58.011	362	150	1	1	362	1	360	6.74e-141	400
MAJ57600.1	QIZ21092.1	54.167	96	44	0	1	96	1	96	1.88e-28	94.7
MAJ57601.1	QIZ21093.1	59.859	284	108	2	1	282	2	281	1.18e-119	340
MAJ57602.1	QIZ21104.1	50.400	125	62	0	1	125	1	125	8.98e-36	115
MAJ57603.1	QIZ21107.1	74.555	393	100	0	1	393	1	393	0.0	626
MAJ57604.1	QIZ21108.1	42.963	135	75	2	2	135	34	167	6.47e-39	125
MAJ57605.1	QIZ21109.1	53.955	354	148	2	1	348	1	345	4.23e-137	389
MAJ57606.1	QIZ20496.1	60.963	187	72	1	2	188	8	193	4.11e-64	192
MAJ57607.1	QIZ21110.1	70.079	254	75	1	1	254	1	253	6.85e-128	358
MAJ57610.1	QIZ21112.1	54.696	181	79	2	1	178	1	181	1.28e-64	192
MAJ57612.1	QIZ21113.1	77.885	104	22	1	6	109	4	106	6.23e-58	170
MAJ57613.1	QIZ21114.1	48.035	229	118	1	1	228	1	229	1.55e-77	229
MAJ57614.1	QIZ21116.1	52.756	127	59	1	10	135	10	136	4.04e-42	132
MAJ57615.1	QIZ21117.1	47.199	589	295	8	39	622	47	624	1.37e-164	480
MAJ57616.1	QIZ21118.1	52.041	98	46	1	67	163	67	164	3.54e-34	114
MAJ57617.1	QIZ21119.1	39.286	112	66	1	6	115	7	118	9.36e-21	77.0
MAJ57619.1	QIZ21120.1	45.517	145	76	1	14	155	25	169	3.54e-39	126
MAJ57620.1	QIZ21122.1	68.586	382	120	0	1	382	1	382	0.0	586
MAJ57621.1	QIZ21123.1	56.477	386	168	0	1	386	1	386	2.97e-169	474
MAJ57622.1	QIZ21124.1	30.283	459	304	8	18	468	4	454	6.34e-69	223
MAJ57625.1	QIZ21125.1	53.746	307	142	0	1	307	1	307	5.15e-119	341
MAJ57626.1	QIZ21134.1	84.309	376	55	2	15	390	14	385	0.0	645
MAJ57627.1	QIZ21135.1	83.333	192	32	0	1	192	2	193	4.58e-124	344
MAJ57628.1	QIZ21136.1	82.781	453	78	0	1	453	1	453	0.0	718
MAJ57629.1	QIZ21137.1	78.507	442	95	0	1	442	1	442	0.0	687
MAJ57630.1	QIZ21138.1	69.492	59	18	0	1	59	1	59	3.16e-26	86.3
MAJ57631.1	QIZ21140.1	62.447	237	88	1	1	236	35	271	3.95e-104	298
MAJ57632.1	QIZ21450.1	56.637	113	49	0	1	113	1	113	7.32e-44	134
MAJ57633.1	QIZ21142.1	51.485	303	142	3	1	300	1	301	4.00e-109	315
MAJ57634.1	QIZ21143.1	42.909	275	148	7	1	267	1	274	1.83e-53	170
MAJ57635.1	QIZ21144.1	61.369	453	174	1	1	453	1	452	0.0	540
MAJ57636.1	QIZ21145.1	69.388	98	30	0	1	98	1	98	1.96e-47	148
MAJ57637.1	QIZ21146.1	54.626	227	101	2	1	225	1	227	9.30e-92	265
MAJ57638.1	QIZ21147.1	55.625	160	70	1	1	159	1	160	7.66e-55	166
MAJ57639.1	QIZ21148.1	71.613	465	132	0	1	465	1	465	0.0	707
MAJ57640.1	QIZ21149.1	65.500	200	68	1	1	200	9	207	8.20e-93	266
MAJ57641.1	QIZ21150.1	70.083	361	107	1	5	365	9	368	0.0	520
MAJ57642.1	QIZ21155.1	62.500	328	122	1	5	332	3	329	4.29e-153	429
MAJ57643.1	QIZ21156.1	50.000	120	60	0	2	121	3	122	1.77e-38	122
MAJ57645.1	QIZ21158.1	77.273	594	130	2	1	593	1	590	0.0	976
MAJ57646.1	QIZ21159.1	68.750	256	80	0	1	256	1	256	1.30e-136	381
MAJ57647.1	QIZ21160.1	73.642	497	131	0	1	497	1	497	0.0	783
MAJ57648.1	QIZ21161.1	69.592	319	96	1	1	318	1	319	5.70e-164	455
MAJ57649.1	QIZ21162.1	69.689	386	117	0	1	386	1	386	0.0	548
MAJ57650.1	QIZ21163.1	81.443	291	54	0	1	291	1	291	7.49e-167	460
MAJ57651.1	QIZ21164.1	58.914	976	391	4	1	975	1	967	0.0	1234
MAJ57652.1	QIZ21165.1	61.682	428	140	6	1	407	1	425	0.0	519
MAJ57653.1	QIZ21166.1	66.452	465	153	3	2	465	3	465	0.0	639
MAJ57655.1	QIZ21167.1	43.202	662	358	7	1	656	1	650	1.37e-179	521
MAJ57656.1	QIZ21168.1	34.884	172	111	1	23	193	7	178	4.42e-26	95.1
MAJ57657.1	QIZ21169.1	79.452	511	104	1	1	510	1	511	0.0	846
MAJ57658.1	QIZ21170.1	65.068	292	101	1	1	292	1	291	5.32e-138	387
MAJ57659.1	QIZ21171.1	90.405	469	45	0	6	474	4	472	0.0	874
MAJ57660.1	QIZ21172.1	34.375	128	79	2	1	125	5	130	3.43e-24	86.3
MAJ57661.1	QIZ21173.1	57.325	157	66	1	1	156	1	157	1.28e-60	180
MAJ57662.1	QIZ21174.1	63.483	356	128	2	21	375	23	377	1.02e-164	462
MAJ57664.1	QIZ21175.1	60.784	102	40	0	16	117	15	116	1.56e-45	139
MAJ57665.1	QIZ21176.1	37.097	186	98	3	1	182	8	178	1.17e-28	100
MAJ57666.1	QIZ21177.1	52.530	415	194	2	5	418	3	415	2.26e-146	418
MAJ57667.1	QIZ21178.1	57.790	353	149	0	15	367	14	366	4.23e-146	414
MAJ57668.1	QIZ21179.1	58.805	318	131	0	1	318	1	318	2.41e-126	360
MAJ57669.1	QIZ21180.1	73.810	84	22	0	1	84	1	84	1.42e-40	124
MAJ57670.1	QIZ21181.1	52.308	130	59	2	1	129	1	128	1.66e-42	133
MAJ57671.1	QIZ21182.1	44.269	253	127	1	4	256	1	239	5.16e-76	226
MAJ57672.1	QIZ21183.1	61.224	196	76	0	1	196	1	196	9.02e-85	244
MAJ57673.1	QIZ21184.1	64.738	363	128	0	8	370	7	369	3.79e-179	498
MAJ57674.1	QIZ21185.1	47.899	357	185	1	1	356	1	357	3.30e-115	335
MAJ57675.1	QIZ21186.1	41.275	298	174	1	1	298	1	297	1.79e-77	234
MAJ57676.1	QIZ20991.1	41.063	207	117	2	25	229	23	226	1.47e-50	160
MAJ57677.1	QIZ20990.1	52.051	390	181	4	21	408	18	403	4.23e-126	366
MAJ57678.1	QIZ20989.1	51.441	451	218	1	1	450	1	451	4.66e-164	467
MAJ57679.1	QIZ20988.1	36.628	172	104	2	8	179	3	169	2.77e-37	122
MAJ57681.1	QIZ20986.1	37.688	199	124	0	11	209	15	213	3.51e-51	160
MAJ57682.1	QIZ20985.1	72.928	181	49	0	8	188	7	187	3.21e-105	296
MAJ57683.1	QIZ20984.1	63.584	173	60	1	4	176	8	177	4.77e-73	213
MAJ57684.1	QIZ20983.1	40.127	157	91	2	9	163	2	157	3.82e-28	98.6
MAJ57685.1	QIZ20982.1	43.684	190	104	3	1	188	1	189	2.66e-46	147
MAJ57686.1	QIZ20981.1	54.291	571	247	8	1	561	1	567	0.0	555
MAJ57687.1	QIZ20980.1	61.017	177	68	1	48	223	92	268	2.59e-72	218
MAJ57688.1	QIZ20979.1	67.925	106	34	0	1	106	1	106	7.67e-49	147
MAJ57689.1	QIZ20978.1	40.580	138	78	4	1	136	1	136	9.00e-23	83.2
MAJ57690.1	QIZ20977.1	55.680	801	341	5	4	796	7	801	0.0	899
MAJ57691.1	QIZ21187.1	41.290	155	88	2	27	180	90	242	1.31e-31	110
MAJ57697.1	QIZ21188.1	29.779	497	280	12	1	482	9	451	8.21e-56	188
MAJ57698.1	QIZ20877.1	57.692	182	71	2	1	180	11	188	2.26e-72	212
MAJ57699.1	QIZ20876.1	46.721	244	126	4	1	241	1	243	1.65e-62	192
MAJ57700.1	QIZ20875.1	49.091	275	138	2	3	277	2	274	1.74e-85	253
MAJ57701.1	QIZ20874.1	42.883	562	291	7	1	537	1	557	9.57e-146	426
MAJ57702.1	QIZ20873.1	47.115	104	54	1	2	105	3	105	4.26e-29	97.1
MAJ57703.1	QIZ20872.1	57.068	191	78	3	8	195	6	195	8.88e-77	225
MAJ57704.1	QIZ20943.1	53.049	164	77	0	1	164	1	164	4.12e-59	177
MAJ57705.1	QIZ20942.1	44.710	293	154	6	1	287	8	298	1.05e-76	232
MAJ57706.1	QIZ20941.1	48.780	246	125	1	1	245	1	246	1.47e-77	230
MAJ57707.1	QIZ21085.1	25.251	598	418	11	45	621	65	654	3.53e-44	163
MAJ57708.1	QIZ20939.1	49.515	309	147	3	1	304	1	305	5.22e-113	325
MAJ57709.1	QIZ20937.1	60.526	380	150	0	2	381	5	384	7.78e-170	475
MAJ57710.1	QIZ20936.1	71.587	271	70	2	4	267	5	275	3.28e-142	396
MAJ57711.1	QIZ20935.1	50.917	218	107	0	1	218	1	218	1.69e-74	221
MAJ57712.1	QIZ20934.1	47.143	280	146	2	3	282	9	286	7.20e-84	249
MAJ57713.1	QIZ20933.1	52.143	560	264	3	1	559	1	557	0.0	631
MAJ57714.1	QIZ20932.1	53.947	76	35	0	7	82	3	78	2.89e-24	83.2
MAJ57717.1	QIZ20929.1	30.198	202	138	2	37	236	39	239	1.40e-29	106
MAJ57720.1	QIZ20481.1	56.422	218	93	2	6	222	5	221	5.38e-86	250
MAJ57721.1	QIZ21094.1	58.405	351	138	4	1	346	1	348	5.12e-149	419
MAJ57723.1	QIZ20329.1	49.171	181	89	2	12	190	30	209	9.21e-66	197
MAJ57725.1	QIZ20537.1	65.602	407	136	1	24	426	27	433	2.15e-176	495
MAJ57726.1	QIZ21254.1	53.030	66	31	0	8	73	11	76	2.18e-26	87.8
MAJ57727.1	QIZ20525.1	53.580	405	188	0	1	405	1	405	5.30e-141	404
MAJ57734.1	QIZ20716.1	35.172	145	64	4	24	168	5	119	1.48e-21	81.3
MAJ57736.1	QIZ20354.1	48.958	288	146	1	1	287	13	300	6.09e-92	270
MAJ57751.1	QIZ21529.1	63.514	148	54	0	30	177	17	164	5.56e-74	216
MAJ57832.1	QIZ21200.1	24.051	632	388	20	45	633	339	921	1.82e-38	147
MAJ57861.1	QIZ21571.1	77.907	86	18	1	3	87	6	91	1.09e-41	127
MAJ57904.1	QIZ20222.1	52.038	319	152	1	1	319	24	341	7.44e-124	354
MAJ57905.1	QIZ20221.1	52.676	598	264	4	3	582	49	645	0.0	635
MAJ57911.1	QIZ21414.1	55.652	115	51	0	42	156	9	123	5.82e-44	137
MAJ57916.1	QIZ21356.1	28.842	423	288	11	217	630	301	719	5.55e-48	175
MAJ57917.1	QIZ21511.1	41.436	181	93	5	1	181	1	168	6.94e-42	135
MAJ57922.1	QIZ20587.1	54.310	232	104	2	6	237	6	235	3.75e-77	228
MAJ57925.1	QIZ21409.1	49.020	357	181	1	12	367	14	370	2.54e-113	330
MAJ57926.1	QIZ21408.1	43.937	635	312	9	15	609	10	640	1.30e-178	517
MAJ57927.1	QIZ20786.1	70.312	64	19	0	1	64	1	64	1.93e-25	84.7
MAJ57928.1	QIZ20788.1	73.019	467	122	2	2	467	1	464	0.0	694
MAJ57929.1	QIZ20789.1	75.789	95	22	1	1	94	1	95	1.09e-44	135
MAJ57930.1	QIZ20790.1	53.552	366	160	5	1	360	1	362	8.70e-127	364
MAJ57933.1	QIZ20851.1	29.032	279	178	7	5	274	7	274	4.20e-26	101
MAJ57934.1	QIZ20804.1	32.444	225	143	4	5	225	9	228	6.65e-26	98.2
MAJ57938.1	QIZ20802.1	36.429	280	151	8	16	283	23	287	1.49e-37	132
MAJ57942.1	QIZ20851.1	30.000	310	191	11	2	296	1	299	3.56e-21	87.4
MAJ57945.1	QIZ20837.1	29.268	574	362	12	22	568	26	582	2.97e-53	186
MAJ57965.1	QIZ20829.1	32.055	365	229	8	15	377	25	372	5.38e-36	130
MAJ57966.1	QIZ20852.1	37.582	306	183	5	131	432	2	303	1.29e-53	178
MAJ57970.1	QIZ20851.1	28.254	315	175	10	5	286	6	302	9.28e-23	91.7
MAJ57971.1	QIZ21412.1	31.390	223	143	5	3	218	84	303	6.13e-22	87.4
MAJ57974.1	QIZ20661.1	32.922	243	145	7	15	244	6	243	1.63e-34	120
MAJ57976.1	QIZ20717.1	49.838	309	153	2	8	315	9	316	1.94e-97	293
MAJ57977.1	QIZ20718.1	40.909	132	73	2	1	127	1	132	9.39e-29	98.6
MAJ57978.1	QIZ20719.1	68.571	350	109	1	3	351	4	353	1.07e-171	478
MAJ57979.1	QIZ20720.1	40.206	194	115	1	12	205	7	199	6.17e-49	154
MAJ57980.1	QIZ20721.1	58.923	297	122	0	6	302	5	301	1.97e-130	369
MAJ57981.1	QIZ20722.1	44.223	251	131	4	8	253	17	263	3.14e-65	200
MAJ57982.1	QIZ20723.1	59.813	214	85	1	1	214	1	213	9.67e-97	276
MAJ57983.1	QIZ20724.1	75.990	404	97	0	1	404	1	404	0.0	676
MAJ57984.1	QIZ20725.1	58.079	885	358	6	1	878	1	879	0.0	1024
MAJ57985.1	QIZ20726.1	81.389	360	64	1	1	357	1	360	0.0	603
MAJ57986.1	QIZ20727.1	37.592	407	248	3	26	426	26	432	2.70e-73	233
MAJ57988.1	QIZ20736.1	69.231	208	64	0	1	208	1	208	2.27e-111	313
MAJ57989.1	QIZ20734.1	58.824	136	55	1	4	138	45	180	2.42e-55	167
MAJ57991.1	QIZ20733.1	49.481	289	142	3	1	285	1	289	3.99e-83	248
MAJ57992.1	QIZ20731.1	48.462	130	67	0	1	130	1	130	1.10e-41	130
MAJ57994.1	QIZ20737.1	62.353	340	122	3	3	340	2	337	1.25e-154	433
MAJ57995.1	QIZ20738.1	65.094	106	37	0	1	106	1	106	2.58e-52	155
MAJ57997.1	QIZ20739.1	64.286	224	79	1	2	224	24	247	1.12e-106	304
MAJ57998.1	QIZ20740.1	71.451	627	178	1	3	628	4	630	0.0	969
MAJ58010.1	QIZ21509.1	30.534	262	163	8	5	254	6	260	8.25e-29	105
MAJ58011.1	QIZ20975.1	57.474	388	142	3	4	368	6	393	1.56e-154	436
MAJ58013.1	QIZ20742.1	52.304	434	203	3	7	439	4	434	3.97e-165	468
MAJ58014.1	QIZ20743.1	31.724	290	175	5	9	279	9	294	1.11e-35	125
MAJ58017.1	QIZ20744.1	61.468	327	126	0	5	331	3	329	6.18e-159	443
MAJ58018.1	QIZ20745.1	44.727	275	146	4	1	274	6	275	4.88e-68	208
MAJ58020.1	QIZ20747.1	43.860	684	380	2	5	685	4	686	0.0	556
MAJ58021.1	QIZ20748.1	73.427	286	76	0	11	296	4	289	5.91e-168	463
MAJ58022.1	QIZ20749.1	63.178	258	87	4	14	268	16	268	3.07e-109	312
MAJ58023.1	QIZ20750.1	54.167	336	153	1	2	336	1	336	5.28e-126	360
MAJ58024.1	QIZ20695.1	42.446	139	75	2	29	167	4	137	9.85e-26	92.8
MAJ58025.1	QIZ20700.1	64.435	956	334	4	1	954	1	952	0.0	1270
MAJ58026.1	QIZ20701.1	58.065	124	52	0	1	124	1	124	1.93e-53	160
MAJ58027.1	QIZ20702.1	57.534	365	151	4	1	362	1	364	2.38e-144	409
MAJ58028.1	QIZ20703.1	41.455	275	156	2	5	275	6	279	1.31e-61	192
MAJ58030.1	QIZ20751.1	61.497	187	71	1	2	187	22	208	7.78e-87	250
MAJ58075.1	QIZ20221.1	47.611	607	266	10	2	599	51	614	0.0	532
MAJ58078.1	QIZ20222.1	55.380	316	138	2	1	315	24	337	4.04e-127	363
MAJ58106.1	QIZ21562.1	30.556	216	140	4	17	223	21	235	8.85e-27	106
MAJ58153.1	QIZ21200.1	24.804	637	396	21	11	614	335	921	6.64e-42	157
MAJ58197.1	QIZ20221.1	50.825	606	270	5	1	586	48	645	0.0	628
MAJ58198.1	QIZ20222.1	53.774	318	147	0	1	318	24	341	6.55e-131	372
MAJ58204.1	QIZ20926.1	52.339	342	157	6	1	340	1	338	3.67e-106	314
MAJ58205.1	QIZ20927.1	69.189	185	56	1	1	184	1	185	8.27e-95	269
MAJ58207.1	QIZ21496.1	75.758	66	16	0	1	66	1	66	1.01e-34	108
MAJ58209.1	QIZ20589.1	52.190	274	128	2	1	271	12	285	1.83e-93	273
MAJ58210.1	QIZ20600.1	32.319	263	156	5	2	263	3	244	2.17e-37	128
MAJ58212.1	QIZ21434.1	36.596	470	288	6	10	476	14	476	2.69e-108	327
MAJ58217.1	QIZ20601.1	39.309	463	270	3	16	475	19	473	3.83e-100	306
MAJ58218.1	QIZ20606.1	67.708	480	154	1	1	479	1	480	0.0	702
MAJ58220.1	QIZ20974.1	66.405	1018	330	5	1	1012	1	1012	0.0	1442
MAJ58221.1	QIZ20973.1	56.381	431	161	6	1	412	1	423	3.01e-172	484
MAJ58223.1	QIZ21230.1	32.822	326	204	8	1	318	1	319	1.41e-46	155
MAJ58224.1	QIZ20535.1	46.567	335	169	1	2	336	1	325	8.00e-105	306
MAJ58229.1	QIZ20957.1	28.803	309	185	7	1	285	3	300	3.88e-29	108
MAJ58230.1	QIZ20851.1	26.409	337	205	12	1	332	1	299	1.09e-24	98.2
MAJ58233.1	QIZ20515.1	32.012	328	182	12	3	305	4	315	1.20e-27	105
MAJ58235.1	QIZ20953.1	35.714	280	159	7	2	270	3	272	2.84e-45	149
MAJ58237.1	QIZ20959.1	72.213	601	166	1	1	600	1	601	0.0	902
MAJ58238.1	QIZ20960.1	48.992	794	393	7	1	782	1	794	0.0	713
MAJ58239.1	QIZ20961.1	67.887	355	114	0	1	355	1	355	0.0	515
MAJ58240.1	QIZ20962.1	72.881	118	32	0	1	118	1	118	6.90e-63	183
MAJ58241.1	QIZ20963.1	85.294	68	10	0	1	68	1	68	2.95e-36	112
MAJ58242.1	QIZ20964.1	60.843	166	65	0	2	167	16	181	3.23e-69	203
MAJ58243.1	QIZ20965.1	70.418	622	184	0	1	622	1	622	0.0	951
MAJ58244.1	QIZ20966.1	47.258	383	197	2	1	378	1	383	4.24e-116	338
MAJ58245.1	QIZ20967.1	34.874	238	153	2	5	241	3	239	1.82e-40	135
MAJ58246.1	QIZ20968.1	42.456	285	149	6	1	272	4	286	2.31e-69	212
MAJ58247.1	QIZ20969.1	64.338	1503	524	7	5	1501	4	1500	0.0	2022
MAJ58248.1	QIZ20970.1	72.881	472	128	0	1	472	1	472	0.0	713
MAJ58249.1	QIZ20971.1	40.336	238	138	3	6	242	6	240	3.59e-58	181
MAJ58250.1	QIZ20882.1	35.144	313	196	7	7	314	3	313	2.02e-59	189
MAJ58251.1	QIZ20883.1	49.754	203	98	3	3	205	5	203	2.56e-64	193
MAJ58252.1	QIZ20884.1	44.805	308	164	2	14	318	14	318	1.16e-80	244
MAJ58254.1	QIZ20886.1	35.391	243	153	4	54	294	12	252	1.04e-42	143
MAJ58256.1	QIZ20887.1	40.000	430	235	7	18	435	19	437	4.79e-69	227
MAJ58257.1	QIZ20889.1	34.821	560	352	9	7	554	1	559	1.00e-116	353
MAJ58260.1	QIZ20891.1	45.299	234	118	6	1	228	1	230	1.62e-53	167
MAJ58261.1	QIZ20892.1	34.314	204	124	8	6	201	6	207	1.02e-25	94.7
MAJ58262.1	QIZ20893.1	71.499	407	116	0	1	407	1	407	0.0	628
MAJ58263.1	QIZ20894.1	59.542	262	106	0	5	266	4	265	1.49e-105	303
MAJ58264.1	QIZ20895.1	37.380	313	188	5	1	310	1	308	3.34e-67	208
MAJ58265.1	QIZ20896.1	31.776	428	279	10	5	426	2	422	4.98e-53	178
MAJ58266.1	QIZ20480.1	51.852	162	78	0	18	179	22	183	2.87e-60	181
MAJ58268.1	QIZ20898.1	38.380	469	284	4	7	473	8	473	7.37e-121	357
MAJ58270.1	QIZ20692.1	61.570	242	93	0	5	246	13	254	1.62e-114	333
MAJ58275.1	QIZ20508.1	40.073	826	486	4	12	828	35	860	0.0	569
MAJ58276.1	QIZ20507.1	55.455	220	98	0	1	220	1	220	2.88e-88	255
MAJ58277.1	QIZ20506.1	47.514	181	95	0	15	195	23	203	1.87e-60	183
MAJ58287.1	QIZ20958.1	37.946	224	127	4	9	230	7	220	4.38e-40	134
MAJ58290.1	QIZ20829.1	31.776	321	208	6	28	345	39	351	2.14e-42	147
MAJ58298.1	QIZ21581.1	51.587	126	38	3	133	257	593	696	1.12e-28	114
MAJ58324.1	QIZ20751.1	39.062	128	74	2	2	127	83	208	1.84e-30	104
MAJ58325.1	QIZ21213.1	40.764	157	79	2	1	157	1	143	4.53e-34	114
MAJ58327.1	QIZ20756.1	36.527	334	170	12	2	326	7	307	1.78e-47	158
MAJ58328.1	QIZ21498.1	34.185	313	187	5	4	312	50	347	1.12e-51	169
MAJ58330.1	QIZ21498.1	34.571	350	210	5	10	355	13	347	2.60e-58	188
MAJ58331.1	QIZ20756.1	38.519	270	139	10	2	262	7	258	2.85e-42	143
MAJ58333.1	QIZ21200.1	25.512	635	369	21	25	613	345	921	2.49e-46	171
MAJ58367.1	QIZ21575.1	32.109	626	363	20	1	593	1	597	1.50e-71	240
MAJ58370.1	QIZ21569.1	26.780	295	196	6	1	283	1	287	3.00e-21	86.7
MAJ58373.1	QIZ21565.1	26.914	405	277	10	14	405	101	499	5.95e-33	126
MAJ58390.1	QIZ20908.1	47.009	234	117	3	1	227	1	234	1.74e-71	214
MAJ58456.1	QIZ21571.1	72.941	85	22	1	11	94	7	91	8.81e-37	115
