MDB3876346.1	QIZ21234.1	99.523	419	2	0	1	419	1	419	0.0	855
MDB3876347.1	QIZ21233.1	98.849	608	7	0	1	608	1	608	0.0	1222
MDB3876348.1	QIZ21232.1	89.302	215	23	0	1	215	1	215	4.06e-138	381
MDB3876349.1	QIZ21231.1	94.248	226	13	0	1	226	1	226	3.49e-158	432
MDB3876350.1	QIZ21230.1	91.022	323	29	0	1	323	1	323	0.0	589
MDB3876351.1	QIZ21229.1	95.444	439	20	0	1	439	1	439	0.0	806
MDB3876352.1	QIZ21228.1	98.723	470	6	0	1	470	1	470	0.0	950
MDB3876353.1	QIZ21227.1	95.833	120	5	0	1	120	1	120	4.86e-84	236
MDB3876354.1	QIZ21226.1	99.130	115	1	0	1	115	1	115	4.96e-81	229
MDB3876355.1	QIZ21225.1	95.000	180	9	0	1	180	1	180	1.46e-118	329
MDB3876357.1	QIZ21223.1	84.014	294	47	0	1	294	1	294	0.0	509
MDB3876358.1	QIZ21221.1	91.617	167	14	0	1	167	1	167	1.24e-100	282
MDB3876359.1	QIZ21220.1	95.080	691	34	0	1	691	1	691	0.0	1357
MDB3876361.1	QIZ21219.1	94.059	101	6	0	1	101	1	101	1.54e-68	196
MDB3876362.1	QIZ21218.1	99.312	436	3	0	1	436	1	436	0.0	850
MDB3876363.1	QIZ21217.1	97.688	173	4	0	1	173	6	178	1.15e-126	349
MDB3876364.1	QIZ21216.1	90.816	98	9	0	1	98	1	98	5.72e-67	192
MDB3876365.1	QIZ21215.1	92.417	211	16	0	1	211	1	211	4.89e-144	395
MDB3876366.1	QIZ21214.1	67.007	294	97	0	1	294	1	294	7.87e-149	415
MDB3876367.1	QIZ21213.1	93.878	147	9	0	1	147	1	147	3.48e-104	290
MDB3876368.1	QIZ21212.1	87.778	270	33	0	1	270	1	270	0.0	497
MDB3876369.1	QIZ21211.1	86.159	289	40	0	1	289	1	289	0.0	508
MDB3876370.1	QIZ21210.1	89.135	1040	113	0	1	1040	1	1040	0.0	1817
MDB3876371.1	QIZ21209.1	92.965	199	14	0	1	199	1	199	7.41e-140	384
MDB3876372.1	QIZ21208.1	80.800	125	24	0	4	128	1	125	9.76e-70	201
MDB3876373.1	QIZ21207.1	93.697	238	15	0	1	238	1	238	9.10e-173	471
MDB3876374.1	QIZ21206.1	89.520	229	24	0	1	229	1	229	1.23e-145	401
MDB3876375.1	QIZ21205.1	91.277	321	28	0	1	321	1	321	0.0	574
MDB3876376.1	QIZ21204.1	92.763	152	11	0	1	152	1	152	2.95e-102	285
MDB3876377.1	QIZ21203.1	98.832	428	5	0	1	428	1	428	0.0	871
MDB3876378.1	QIZ21202.1	97.065	511	15	0	1	511	1	511	0.0	979
MDB3876379.1	QIZ21201.1	98.298	235	4	0	1	235	1	235	4.06e-170	464
MDB3876380.1	QIZ21200.1	97.511	924	23	0	1	924	1	924	0.0	1829
MDB3876381.1	QIZ21199.1	95.793	309	13	0	1	309	1	309	0.0	592
MDB3876382.1	QIZ21198.1	95.628	183	8	0	3	185	1	183	8.79e-123	340
MDB3876383.1	QIZ21197.1	97.861	187	4	0	1	187	1	187	2.20e-135	372
MDB3876384.1	QIZ21196.1	92.347	392	30	0	1	392	1	392	0.0	751
MDB3876385.1	QIZ21195.1	98.271	347	6	0	1	347	1	347	0.0	711
MDB3876386.1	QIZ21194.1	97.938	291	6	0	1	291	1	291	0.0	580
MDB3876387.1	QIZ21193.1	95.652	184	8	0	1	184	1	184	2.61e-125	346
MDB3876388.1	QIZ21191.1	96.286	350	13	0	1	350	1	350	0.0	668
MDB3876389.1	QIZ21190.1	95.769	520	22	0	1	520	6	525	0.0	1016
MDB3876390.1	QIZ21189.1	98.337	481	8	0	1	481	1	481	0.0	921
MDB3876391.1	QIZ21188.1	96.725	458	15	0	1	458	1	458	0.0	887
MDB3876392.1	QIZ21187.1	90.323	248	24	0	1	248	1	248	1.16e-155	428
MDB3876393.1	QIZ21186.1	96.980	298	9	0	1	298	1	298	0.0	576
MDB3876394.1	QIZ21185.1	95.833	360	15	0	1	360	1	360	0.0	691
MDB3876395.1	QIZ21184.1	98.387	372	6	0	1	372	1	372	0.0	758
MDB3876396.1	QIZ21183.1	98.485	198	3	0	1	198	1	198	2.23e-144	395
MDB3876397.1	QIZ21182.1	93.305	239	16	0	1	239	1	239	8.57e-169	461
MDB3876398.1	QIZ21181.1	96.269	134	5	0	1	134	1	134	1.56e-92	259
MDB3876399.1	QIZ21180.1	100.000	84	0	0	1	84	1	84	2.62e-56	164
MDB3876400.1	QIZ21179.1	98.165	327	6	0	1	327	1	327	0.0	649
MDB3876401.1	QIZ21178.1	97.554	368	9	0	1	368	1	368	0.0	722
MDB3876402.1	QIZ21177.1	93.269	416	28	0	1	416	1	416	0.0	771
MDB3876403.1	QIZ21176.1	95.556	180	8	0	1	180	1	180	1.41e-122	339
MDB3876404.1	QIZ21175.1	96.552	116	4	0	1	116	1	116	5.39e-78	221
MDB3876405.1	QIZ21174.1	98.681	379	5	0	1	379	1	379	0.0	750
MDB3876406.1	QIZ21173.1	94.304	158	9	0	1	158	1	158	3.91e-110	306
MDB3876407.1	QIZ21172.1	100.000	130	0	0	1	130	1	130	1.19e-89	251
MDB3876408.1	QIZ21171.1	99.576	472	2	0	1	472	1	472	0.0	951
MDB3876409.1	QIZ21170.1	99.656	291	1	0	1	291	1	291	0.0	588
MDB3876410.1	QIZ21169.1	98.826	511	6	0	1	511	1	511	0.0	1023
MDB3876411.1	QIZ21168.1	97.297	185	5	0	1	185	1	185	8.75e-130	357
MDB3876412.1	QIZ21167.1	95.545	651	29	0	1	651	1	651	0.0	1280
MDB3876415.1	QIZ21166.1	97.639	466	11	0	1	466	1	466	0.0	929
MDB3876416.1	QIZ21165.1	97.412	425	11	0	1	425	1	425	0.0	834
MDB3876417.1	QIZ21164.1	88.843	968	107	1	1	967	1	968	0.0	1826
MDB3876418.1	QIZ21163.1	96.907	291	9	0	1	291	1	291	0.0	571
MDB3876419.1	QIZ21162.1	94.041	386	23	0	1	386	1	386	0.0	731
MDB3876420.1	QIZ21161.1	99.375	320	2	0	1	320	1	320	0.0	635
MDB3876421.1	QIZ21160.1	98.189	497	9	0	1	497	1	497	0.0	1007
MDB3876422.1	QIZ21159.1	95.671	231	10	0	1	231	27	257	5.41e-168	459
MDB3876423.1	QIZ21158.1	98.644	590	8	0	1	590	1	590	0.0	1221
MDB3876424.1	QIZ21157.1	90.741	108	10	0	1	108	1	108	1.20e-58	171
MDB3876425.1	QIZ21156.1	93.701	127	8	0	1	127	1	127	1.96e-84	238
MDB3876426.1	QIZ21155.1	94.595	333	18	0	1	333	1	333	0.0	649
MDB3876427.1	QIZ21154.1	95.393	369	17	0	1	369	1	369	0.0	717
MDB3876428.1	QIZ21153.1	90.310	258	25	0	1	258	1	258	1.41e-177	484
MDB3876429.1	QIZ21152.1	97.970	542	11	0	1	542	1	542	0.0	1110
MDB3876430.1	QIZ21151.1	98.467	587	9	0	1	587	1	587	0.0	1196
MDB3876431.1	QIZ21150.1	99.185	368	3	0	1	368	1	368	0.0	746
MDB3876432.1	QIZ21149.1	99.015	203	2	0	1	203	9	211	5.76e-148	405
MDB3876433.1	QIZ21148.1	98.501	467	7	0	1	467	1	467	0.0	954
MDB3876434.1	QIZ21146.1	96.930	228	7	0	1	228	1	228	2.16e-165	451
MDB3876435.1	QIZ21144.1	96.239	452	17	0	1	452	1	452	0.0	877
MDB3876436.1	QIZ21143.1	92.336	274	21	0	1	274	1	274	6.69e-179	489
MDB3876437.1	QIZ21142.1	95.738	305	13	0	1	305	1	305	0.0	585
MDB3876438.1	QIZ21141.1	76.471	187	44	0	1	187	1	187	7.03e-105	295
MDB3876439.1	QIZ21139.1	92.491	293	22	0	1	293	1	293	0.0	517
MDB3876440.1	QIZ21138.1	88.136	59	7	0	1	59	1	59	4.56e-34	105
MDB3876441.1	QIZ21137.1	85.843	445	63	0	1	445	1	445	0.0	764
MDB3876442.1	QIZ21136.1	97.130	453	13	0	1	453	1	453	0.0	869
MDB3876443.1	QIZ21135.1	93.299	194	13	0	1	194	2	195	3.27e-140	385
MDB3876444.1	QIZ21134.1	92.487	386	28	1	1	386	1	385	0.0	725
MDB3876447.1	QIZ21125.1	93.060	317	22	0	1	317	1	317	0.0	612
MDB3876450.1	QIZ21124.1	33.492	421	271	6	57	473	41	456	3.16e-74	237
MDB3876451.1	QIZ21123.1	87.565	386	48	0	1	386	1	386	0.0	699
MDB3876452.1	QIZ21122.1	91.384	383	33	0	1	383	1	383	0.0	750
MDB3876453.1	QIZ21120.1	97.041	169	5	0	1	169	1	169	3.39e-120	332
MDB3876454.1	QIZ21119.1	95.238	126	6	0	1	126	1	126	2.90e-75	215
MDB3876455.1	QIZ21118.1	90.751	173	16	0	1	173	1	173	1.03e-115	321
MDB3876456.1	QIZ21117.1	94.880	625	32	0	1	625	1	625	0.0	1117
MDB3876457.1	QIZ21116.1	94.203	138	8	0	1	138	1	138	1.81e-94	265
MDB3876458.1	QIZ21115.1	93.333	75	5	0	1	75	1	75	1.39e-48	144
MDB3876459.1	QIZ21114.1	96.610	236	8	0	1	236	1	236	1.53e-168	460
MDB3876460.1	QIZ21113.1	100.000	106	0	0	1	106	1	106	1.12e-77	219
MDB3876461.1	QIZ21112.1	94.536	183	10	0	1	183	1	183	1.29e-126	349
MDB3876462.1	QIZ21111.1	99.123	114	1	0	1	114	1	114	1.95e-79	224
MDB3876463.1	QIZ21110.1	96.443	253	9	0	1	253	1	253	1.10e-177	484
MDB3876464.1	QIZ21109.1	96.232	345	13	0	1	345	1	345	0.0	696
MDB3876465.1	QIZ21108.1	72.619	168	46	0	1	168	1	168	3.97e-92	261
MDB3876466.1	QIZ21107.1	97.975	395	8	0	1	395	1	395	0.0	791
MDB3876467.1	QIZ21106.1	90.732	205	19	0	1	205	1	205	3.47e-139	383
MDB3876468.1	QIZ21105.1	96.053	152	6	0	1	152	1	152	1.05e-106	296
MDB3876469.1	QIZ21104.1	100.000	126	0	0	1	126	1	126	7.68e-88	247
MDB3876470.1	QIZ21103.1	90.789	380	35	0	1	380	1	380	0.0	715
MDB3876472.1	QIZ21101.1	94.561	239	13	0	1	239	1	239	4.78e-173	471
MDB3876473.1	QIZ21102.1	84.577	201	31	0	1	201	1	201	6.98e-105	296
MDB3876474.1	QIZ21100.1	88.971	136	15	0	1	136	1	136	1.12e-84	239
MDB3876475.1	QIZ21099.1	92.500	40	3	0	1	40	1	40	5.00e-22	74.3
MDB3876476.1	QIZ21097.1	97.172	495	14	0	1	495	1	495	0.0	988
MDB3876477.1	QIZ21096.1	95.339	236	11	0	1	236	1	236	6.45e-168	458
MDB3876478.1	QIZ21095.1	92.287	363	28	0	1	363	1	363	0.0	663
MDB3876479.1	QIZ21094.1	93.939	330	20	0	1	330	21	350	0.0	651
MDB3876480.1	QIZ21093.1	98.577	281	4	0	1	281	1	281	0.0	554
MDB3876481.1	QIZ21092.1	97.917	96	2	0	1	96	1	96	2.42e-63	182
MDB3876482.1	QIZ21091.1	87.535	361	45	0	1	361	1	361	0.0	591
MDB3876483.1	QIZ21090.1	93.966	232	14	0	1	232	1	232	5.68e-163	445
MDB3876484.1	QIZ21089.1	94.463	307	17	0	1	307	1	307	0.0	583
MDB3876485.1	QIZ21088.1	96.639	357	12	0	1	357	1	357	0.0	705
MDB3876486.1	QIZ21086.1	93.431	137	9	0	1	137	1	137	4.17e-95	266
MDB3876487.1	QIZ21085.1	95.016	642	32	0	40	681	39	680	0.0	1271
MDB3876488.1	QIZ21084.1	94.686	207	11	0	1	207	1	207	1.14e-144	397
MDB3876489.1	QIZ21083.1	98.837	86	1	0	1	86	1	86	1.07e-61	177
MDB3876490.1	QIZ21082.1	97.508	602	15	0	1	602	1	602	0.0	1181
MDB3876491.1	QIZ21081.1	94.915	118	6	0	1	118	1	118	1.43e-80	228
MDB3876492.1	QIZ21080.1	94.977	219	11	0	1	219	1	219	5.40e-151	414
MDB3876494.1	QIZ21079.1	95.446	505	23	0	7	511	14	518	0.0	953
MDB3876496.1	QIZ21078.1	92.488	213	16	0	1	213	1	213	4.47e-146	401
MDB3876497.1	QIZ21077.1	92.308	364	28	0	1	364	14	377	0.0	657
MDB3876498.1	QIZ21076.1	94.253	696	40	0	1	696	1	696	0.0	1251
MDB3876499.1	QIZ21075.1	81.522	184	34	0	1	184	1	184	1.35e-106	299
MDB3876500.1	QIZ21074.1	93.413	167	11	0	1	167	1	167	2.70e-115	319
MDB3876501.1	QIZ21073.1	94.215	121	7	0	1	121	1	121	2.78e-83	235
MDB3876502.1	QIZ21072.1	97.030	101	3	0	1	101	1	101	9.76e-68	194
MDB3876503.1	QIZ21071.1	97.211	251	7	0	1	251	1	251	0.0	500
MDB3876504.1	QIZ21070.1	92.887	239	17	0	1	239	1	239	1.52e-163	447
MDB3876505.1	QIZ21068.1	90.385	208	20	0	1	208	1	208	4.08e-139	383
MDB3876506.1	QIZ21067.1	99.490	196	1	0	1	196	1	196	1.50e-146	401
MDB3876507.1	QIZ21066.1	100.000	171	0	0	1	171	1	171	1.99e-123	340
MDB3876508.1	QIZ21065.1	98.022	455	9	0	1	455	1	455	0.0	890
MDB3876509.1	QIZ21064.1	89.595	173	18	0	1	173	1	173	4.14e-97	274
MDB3876510.1	QIZ21063.1	97.462	197	5	0	1	197	1	197	3.97e-140	385
MDB3876511.1	QIZ21062.1	96.429	140	5	0	1	140	1	140	3.87e-96	269
MDB3876512.1	QIZ21061.1	90.000	140	14	0	1	140	1	140	1.81e-92	259
MDB3876513.1	QIZ21060.1	93.722	223	14	0	1	223	1	223	6.84e-155	424
MDB3876514.1	QIZ21059.1	92.655	177	13	0	1	177	1	177	4.01e-115	321
MDB3876515.1	QIZ21058.1	89.434	265	28	0	1	265	1	265	1.06e-175	480
MDB3876516.1	QIZ21057.1	89.744	195	20	0	1	195	1	195	2.21e-127	352
MDB3876517.1	QIZ21056.1	94.526	274	15	0	1	274	1	274	0.0	535
MDB3876518.1	QIZ21055.1	87.087	333	43	0	1	333	1	333	0.0	603
MDB3876521.1	QIZ21052.1	99.526	422	2	0	1	422	1	422	0.0	847
MDB3876522.1	QIZ21050.1	94.582	443	24	0	1	443	1	443	0.0	832
MDB3876523.1	QIZ21049.1	94.222	623	36	0	1	623	1	623	0.0	1197
MDB3876524.1	QIZ21048.1	82.160	213	38	0	1	213	1	213	7.70e-128	355
MDB3876525.1	QIZ21047.1	92.424	264	20	0	1	264	1	264	0.0	501
MDB3876526.1	QIZ21046.1	87.943	282	34	0	1	282	1	282	0.0	501
MDB3876527.1	QIZ21045.1	81.571	331	61	0	1	331	1	331	0.0	539
MDB3876528.1	QIZ21044.1	54.286	140	62	1	15	154	17	154	1.04e-44	140
MDB3876529.1	QIZ21043.1	92.417	844	64	0	1	844	1	844	0.0	1606
MDB3876530.1	QIZ21042.1	47.093	172	83	4	12	181	10	175	4.31e-52	161
MDB3876531.1	QIZ21041.1	31.534	352	187	13	2	324	3	329	5.12e-23	93.2
MDB3876533.1	QIZ21040.1	63.636	176	62	1	1	176	1	174	1.85e-74	217
MDB3876534.1	QIZ21039.1	81.481	216	40	0	1	216	1	216	3.34e-133	369
MDB3876535.1	QIZ21038.1	84.568	162	25	0	1	162	1	162	1.48e-98	276
MDB3876536.1	QIZ21037.1	75.521	192	47	0	4	195	2	193	4.02e-94	268
MDB3876537.1	QIZ21036.1	83.819	309	50	0	1	309	1	309	0.0	543
MDB3876538.1	QIZ21035.1	94.500	200	11	0	18	217	18	217	2.02e-146	402
MDB3876539.1	QIZ21034.1	93.023	258	18	0	1	258	1	258	3.74e-178	486
MDB3876540.1	QIZ21033.1	95.745	376	13	1	1	376	1	373	0.0	727
MDB3876541.1	QIZ21032.1	96.610	649	20	1	1	647	1	649	0.0	1251
MDB3876542.1	QIZ21031.1	90.521	211	20	0	1	211	1	211	2.14e-137	379
MDB3876543.1	QIZ21030.1	95.500	200	9	0	1	200	1	200	1.59e-130	360
MDB3876544.1	QIZ21029.1	89.556	383	40	0	1	383	1	383	0.0	670
MDB3876545.1	QIZ21028.1	91.638	287	24	0	1	287	1	287	0.0	505
MDB3876546.1	QIZ21027.1	96.954	197	6	0	1	197	1	197	1.03e-137	379
MDB3876547.1	QIZ21026.1	90.551	762	71	1	1	762	1	761	0.0	1403
MDB3876548.1	QIZ21025.1	82.874	508	87	0	1	508	1	508	0.0	827
MDB3876549.1	QIZ21024.1	86.186	333	46	0	1	333	1	333	0.0	590
MDB3876550.1	QIZ21023.1	94.444	180	10	0	1	180	1	180	1.81e-124	343
MDB3876552.1	QIZ21022.1	88.253	332	39	0	1	332	1	332	0.0	611
MDB3876553.1	QIZ21021.1	92.188	128	10	0	1	128	1	128	1.02e-85	241
MDB3876554.1	QIZ21020.1	100.000	136	0	0	1	136	1	136	1.23e-97	272
MDB3876555.1	QIZ21019.1	94.286	455	26	0	1	455	1	455	0.0	856
MDB3876556.1	QIZ21018.1	98.198	333	6	0	1	333	1	333	0.0	661
MDB3876557.1	QIZ21017.1	92.157	153	12	0	1	153	1	153	4.99e-89	252
MDB3876558.1	QIZ21016.1	90.180	499	49	0	16	514	19	517	0.0	845
MDB3876559.1	QIZ21015.1	97.172	389	11	0	1	389	1	389	0.0	786
MDB3876560.1	QIZ21014.1	99.434	530	3	0	1	530	1	530	0.0	1056
MDB3876561.1	QIZ21013.1	97.151	737	17	2	1	734	1	736	0.0	1436
MDB3876562.1	QIZ21012.1	99.180	122	1	0	1	122	1	122	2.78e-86	243
MDB3876563.1	QIZ21011.1	100.000	82	0	0	1	82	1	82	9.37e-56	162
MDB3876564.1	QIZ21010.1	98.261	690	12	0	1	690	1	690	0.0	1380
MDB3876565.1	QIZ21009.1	92.063	126	10	0	1	126	1	126	7.29e-87	244
MDB3876566.1	QIZ21008.1	98.084	261	5	0	1	261	1	261	0.0	526
MDB3876567.1	QIZ21007.1	87.097	403	52	0	1	403	1	403	0.0	745
MDB3876568.1	QIZ21006.1	98.795	166	2	0	1	166	1	166	3.32e-121	334
MDB3876569.1	QIZ21005.1	70.073	137	39	1	1	135	1	137	2.27e-65	191
MDB3876571.1	QIZ20329.1	58.974	195	78	2	4	197	20	213	2.61e-88	254
MDB3876572.1	QIZ21001.1	88.514	148	17	0	1	148	1	148	8.48e-95	266
MDB3876573.1	QIZ21000.1	93.625	251	16	0	1	251	1	251	8.74e-172	469
MDB3876574.1	QIZ20999.1	95.172	145	7	0	1	145	1	145	3.15e-101	282
MDB3876575.1	QIZ20998.1	93.267	401	27	0	1	401	1	401	0.0	764
MDB3876576.1	QIZ20997.1	97.893	522	11	0	1	522	1	522	0.0	1033
MDB3876577.1	QIZ20996.1	97.009	234	7	0	1	234	1	234	2.91e-172	469
MDB3876578.1	QIZ20995.1	93.031	287	20	0	1	287	1	287	0.0	511
MDB3876579.1	QIZ20994.1	98.837	86	1	0	1	86	1	86	1.23e-54	160
MDB3876580.1	QIZ20993.1	97.234	470	13	0	1	470	1	470	0.0	925
MDB3876581.1	QIZ20992.1	98.378	370	6	0	1	370	1	370	0.0	728
MDB3876582.1	QIZ20991.1	92.275	233	18	0	1	233	1	233	2.19e-148	409
MDB3876583.1	QIZ20990.1	94.554	404	22	0	1	404	1	404	0.0	763
MDB3876584.1	QIZ20989.1	98.048	461	9	0	1	461	1	461	0.0	917
MDB3876585.1	QIZ20988.1	90.643	171	16	0	1	171	1	171	3.58e-113	314
MDB3876586.1	QIZ20987.1	95.522	67	3	0	1	67	1	67	4.49e-31	99.0
MDB3876587.1	QIZ20986.1	94.037	218	13	0	1	218	1	218	1.90e-155	425
MDB3876588.1	QIZ20985.1	97.872	188	4	0	1	188	1	188	4.03e-140	384
MDB3876589.1	QIZ20984.1	96.045	177	7	0	1	177	1	177	3.11e-122	338
MDB3876590.1	QIZ20983.1	91.195	159	14	0	1	159	1	159	1.99e-94	266
MDB3876591.1	QIZ20982.1	95.455	198	9	0	1	198	1	198	6.97e-137	377
MDB3876592.1	QIZ20981.1	96.127	568	22	0	1	568	1	568	0.0	1030
MDB3876593.1	QIZ20980.1	91.447	304	26	0	1	304	1	304	0.0	506
MDB3876594.1	QIZ20979.1	98.148	108	2	0	1	108	1	108	1.65e-74	211
MDB3876595.1	QIZ20978.1	87.943	141	17	0	1	141	1	141	6.86e-88	248
MDB3876596.1	QIZ20977.1	95.244	799	38	0	1	799	3	801	0.0	1561
MDB3876597.1	QIZ21085.1	25.426	645	436	17	30	648	55	680	3.70e-50	181
MDB3876598.1	QIZ21314.1	26.720	378	243	14	1	354	3	370	4.91e-34	126
MDB3876601.1	QIZ20976.1	97.872	141	3	0	1	141	1	141	1.39e-101	283
MDB3876602.1	QIZ20975.1	95.443	395	18	0	1	395	1	395	0.0	776
MDB3876603.1	QIZ20974.1	98.024	1012	20	0	1	1012	1	1012	0.0	2066
MDB3876604.1	QIZ20973.1	91.017	423	38	0	1	423	1	423	0.0	783
MDB3876605.1	QIZ20972.1	95.932	295	12	0	1	295	1	295	0.0	562
MDB3876606.1	QIZ20971.1	92.500	240	18	0	1	240	1	240	6.09e-155	427
MDB3876607.1	QIZ20970.1	97.286	479	13	0	1	479	1	479	0.0	961
MDB3876608.1	QIZ20969.1	97.801	1501	33	0	1	1501	1	1501	0.0	3041
MDB3876609.1	QIZ20968.1	90.722	291	27	0	1	291	1	291	0.0	524
MDB3876610.1	QIZ20967.1	91.633	251	21	0	1	251	1	251	1.09e-158	436
MDB3876611.1	QIZ20966.1	93.490	384	25	0	1	384	1	384	0.0	709
MDB3876612.1	QIZ20965.1	98.433	638	10	0	1	638	1	638	0.0	1302
MDB3876613.1	QIZ20964.1	99.448	181	1	0	1	181	1	181	5.56e-133	365
MDB3876614.1	QIZ20963.1	98.529	68	1	0	1	68	1	68	1.82e-44	132
MDB3876615.1	QIZ20962.1	97.458	118	3	0	1	118	1	118	5.05e-84	236
MDB3876616.1	QIZ20961.1	94.648	355	19	0	1	355	1	355	0.0	697
MDB3876617.1	QIZ20960.1	83.167	802	135	0	1	802	1	802	0.0	1327
MDB3876618.1	QIZ20959.1	97.993	598	12	0	1	598	4	601	0.0	1201
MDB3876619.1	QIZ20952.1	98.832	685	8	0	1	685	1	685	0.0	1379
MDB3876620.1	QIZ20951.1	91.080	426	38	0	1	426	1	426	0.0	746
MDB3876621.1	QIZ20950.1	96.512	602	21	0	1	602	1	602	0.0	1171
MDB3876622.1	QIZ20949.1	98.765	324	4	0	1	324	1	324	0.0	668
MDB3876623.1	QIZ20948.1	100.000	175	0	0	1	175	1	175	4.07e-131	360
MDB3876624.1	QIZ20947.1	84.884	86	13	0	1	86	10	95	1.28e-48	145
MDB3876625.1	QIZ20946.1	88.315	368	43	0	1	368	1	368	0.0	628
MDB3876626.1	QIZ20945.1	89.412	170	18	0	1	170	1	170	7.42e-109	303
MDB3876628.1	QIZ20944.1	90.273	586	57	0	1	586	1	586	0.0	1043
MDB3876629.1	QIZ20943.1	97.093	172	5	0	1	172	1	172	2.08e-122	338
MDB3876630.1	QIZ20942.1	87.419	310	39	0	1	310	1	310	0.0	556
MDB3876631.1	QIZ20941.1	97.154	246	7	0	1	246	1	246	4.65e-177	482
MDB3876632.1	QIZ20940.1	96.855	159	5	0	1	159	1	159	9.63e-114	315
MDB3876633.1	QIZ20939.1	95.146	309	15	0	1	309	1	309	0.0	609
MDB3876634.1	QIZ21069.1	70.968	62	18	0	1	62	1	62	4.27e-31	99.0
MDB3876635.1	QIZ20937.1	95.573	384	17	0	1	384	1	384	0.0	747
MDB3876636.1	QIZ20936.1	98.182	275	5	0	1	275	1	275	0.0	556
MDB3876637.1	QIZ20935.1	97.758	223	5	0	1	223	1	223	2.70e-162	443
MDB3876638.1	QIZ20934.1	84.722	288	44	0	1	288	1	288	1.21e-172	474
MDB3876639.1	QIZ20933.1	96.057	558	22	0	1	558	1	558	0.0	1103
MDB3876640.1	QIZ20932.1	96.386	83	3	0	1	83	1	83	1.22e-56	164
MDB3876641.1	QIZ20931.1	92.982	114	8	0	1	114	1	114	1.28e-71	205
MDB3876642.1	QIZ20930.1	100.000	54	0	0	1	54	1	54	3.72e-33	103
MDB3876643.1	QIZ20929.1	81.172	239	45	0	1	239	1	239	1.40e-143	397
MDB3876644.1	QIZ20928.1	100.000	65	0	0	10	74	1	65	4.74e-43	129
MDB3876645.1	QIZ20926.1	95.923	417	17	0	1	417	1	417	0.0	798
MDB3876646.1	QIZ20925.1	96.947	131	4	0	1	131	1	131	2.75e-90	253
MDB3876647.1	QIZ20924.1	96.262	428	16	0	1	428	1	428	0.0	796
MDB3876648.1	QIZ20923.1	100.000	71	0	0	1	71	1	71	2.42e-50	147
MDB3876649.1	QIZ21496.1	75.385	65	16	0	3	67	2	66	5.04e-32	101
MDB3876650.1	QIZ20922.1	70.878	467	132	3	1	465	1	465	0.0	653
MDB3876651.1	QIZ20921.1	48.000	350	177	3	1	349	1	346	5.21e-114	331
MDB3876652.1	QIZ20920.1	52.838	229	107	1	1	229	1	228	6.23e-80	235
MDB3876654.1	QIZ20908.1	55.022	229	97	3	1	223	1	229	3.89e-80	236
MDB3876655.1	QIZ20898.1	36.059	477	294	7	3	475	4	473	2.37e-99	302
MDB3876656.1	QIZ20897.1	60.748	107	39	2	1	105	1	106	5.86e-44	134
MDB3876657.1	QIZ20896.1	48.592	426	211	6	1	422	1	422	7.62e-141	404
MDB3876658.1	QIZ20895.1	89.286	308	33	0	1	308	1	308	0.0	586
MDB3876659.1	QIZ20894.1	96.604	265	9	0	1	265	1	265	0.0	508
MDB3876660.1	QIZ20893.1	96.829	410	13	0	1	410	1	410	0.0	822
MDB3876661.1	QIZ20892.1	93.780	209	13	0	1	209	1	209	1.45e-142	392
MDB3876662.1	QIZ20891.1	92.576	229	17	0	1	229	2	230	3.32e-157	431
MDB3876663.1	QIZ20890.1	98.947	95	1	0	1	95	1	95	3.45e-66	189
MDB3876664.1	QIZ20889.1	98.611	576	8	0	1	576	1	576	0.0	1150
MDB3876665.1	QIZ20888.1	96.774	217	7	0	1	217	1	217	8.00e-153	418
MDB3876666.1	QIZ20887.1	93.396	424	28	0	19	442	19	442	0.0	768
MDB3876667.1	QIZ20886.1	96.899	258	8	0	1	258	1	258	0.0	503
MDB3876668.1	QIZ20885.1	80.928	194	37	0	1	194	1	194	1.19e-111	312
MDB3876669.1	QIZ20884.1	95.833	312	13	0	12	323	12	323	0.0	585
MDB3876670.1	QIZ20883.1	98.030	203	4	0	1	203	1	203	1.64e-149	409
MDB3876671.1	QIZ20882.1	96.273	322	12	0	1	322	1	322	0.0	640
MDB3876672.1	QIZ20881.1	95.181	166	8	0	1	166	1	166	3.16e-118	327
MDB3876673.1	QIZ20880.1	95.185	270	13	0	1	270	1	270	2.91e-173	474
MDB3876674.1	QIZ20879.1	95.103	388	19	0	1	388	1	388	0.0	720
MDB3876675.1	QIZ20878.1	95.469	309	14	0	1	309	1	309	0.0	601
MDB3876676.1	QIZ20877.1	88.268	179	21	0	1	179	11	189	2.61e-118	328
MDB3876677.1	QIZ20876.1	89.431	246	26	0	1	246	1	246	3.78e-151	417
MDB3876678.1	QIZ20875.1	94.565	276	15	0	1	276	1	276	0.0	544
MDB3876679.1	QIZ20874.1	94.614	557	30	0	1	557	1	557	0.0	1034
MDB3876680.1	QIZ20873.1	98.095	105	2	0	1	105	1	105	3.60e-70	200
MDB3876681.1	QIZ20872.1	99.507	203	1	0	1	203	1	203	2.23e-149	409
MDB3876682.1	QIZ20871.1	94.110	730	41	1	1	728	4	733	0.0	1432
MDB3876683.1	QIZ20870.1	94.837	368	19	0	1	368	1	368	0.0	716
MDB3876684.1	QIZ20869.1	93.567	855	47	3	1	854	1	848	0.0	1614
MDB3876685.1	QIZ20868.1	91.224	433	38	0	1	433	1	433	0.0	803
MDB3876686.1	QIZ20867.1	93.007	143	10	0	1	143	1	143	1.57e-87	247
MDB3876687.1	QIZ20866.1	94.583	240	13	0	1	240	1	240	1.07e-166	455
MDB3876688.1	QIZ20865.1	97.022	403	12	0	1	403	1	403	0.0	791
MDB3876689.1	QIZ20864.1	99.454	366	2	0	1	366	1	366	0.0	731
MDB3876690.1	QIZ20863.1	98.319	357	6	0	1	357	1	357	0.0	710
MDB3876691.1	QIZ20862.1	93.214	280	19	0	1	280	1	280	0.0	515
MDB3876692.1	QIZ20861.1	90.345	145	13	1	1	145	1	144	4.08e-85	242
MDB3876693.1	QIZ20860.1	93.287	432	29	0	1	432	1	432	0.0	762
MDB3876696.1	QIZ21069.1	74.603	63	16	0	1	63	1	63	5.98e-32	101
MDB3876697.1	QIZ21235.1	98.559	555	7	1	1	554	1	555	0.0	1078
MDB3876698.1	QIZ21236.1	97.917	96	2	0	1	96	1	96	9.13e-64	183
MDB3876699.1	QIZ21237.1	92.647	272	20	0	1	272	1	272	0.0	518
MDB3876700.1	QIZ21238.1	95.410	305	14	0	1	305	1	305	0.0	575
MDB3876701.1	QIZ21239.1	97.127	905	26	0	1	905	1	905	0.0	1823
MDB3876702.1	QIZ21240.1	92.121	165	13	0	1	165	1	165	3.07e-97	274
MDB3876703.1	QIZ21241.1	79.365	126	20	2	1	126	1	120	4.28e-53	160
MDB3876704.1	QIZ21242.1	93.668	379	24	0	1	379	1	379	0.0	667
MDB3876705.1	QIZ21243.1	90.909	187	17	0	1	187	1	187	1.93e-110	309
MDB3876706.1	QIZ21244.1	94.062	421	25	0	1	421	1	421	0.0	804
MDB3876707.1	QIZ21245.1	93.548	62	4	0	1	62	1	62	1.14e-38	117
MDB3876708.1	QIZ21246.1	93.007	286	20	0	1	286	1	286	0.0	535
MDB3876709.1	QIZ21247.1	89.490	314	33	0	1	314	1	314	0.0	568
MDB3876710.1	QIZ21248.1	89.762	420	43	0	1	420	1	420	0.0	711
MDB3876711.1	QIZ21249.1	86.159	578	80	0	1	578	1	578	0.0	1028
MDB3876712.1	QIZ21250.1	92.334	287	22	0	1	287	1	287	0.0	530
MDB3876713.1	QIZ21251.1	97.761	134	3	0	1	134	1	134	1.05e-97	272
MDB3876714.1	QIZ21252.1	98.457	324	5	0	1	324	1	324	0.0	644
MDB3876715.1	QIZ21253.1	95.341	279	13	0	1	279	1	279	0.0	545
MDB3876716.1	QIZ21254.1	85.897	78	11	0	1	78	1	78	7.10e-50	147
MDB3876717.1	QIZ21255.1	86.555	119	16	0	1	119	1	119	4.08e-76	216
MDB3876718.1	QIZ21256.1	95.000	220	11	0	1	220	1	220	7.28e-147	404
MDB3876719.1	QIZ21257.1	89.700	233	24	0	1	233	1	233	1.41e-150	414
MDB3876720.1	QIZ21258.1	90.406	271	26	0	1	271	1	271	2.58e-180	492
MDB3876721.1	QIZ21259.1	97.978	544	11	0	1	544	1	544	0.0	1073
MDB3876722.1	QIZ21260.1	94.719	303	16	0	1	303	1	303	0.0	577
MDB3876723.1	QIZ21262.1	92.697	178	13	0	1	178	1	178	6.51e-126	347
MDB3876724.1	QIZ21263.1	98.855	262	3	0	1	262	1	262	0.0	526
MDB3876725.1	QIZ21264.1	81.106	217	41	0	1	217	1	217	1.80e-118	332
MDB3876726.1	QIZ21265.1	79.258	458	95	0	1	458	1	458	0.0	768
MDB3876727.1	QIZ21266.1	84.472	161	25	0	1	161	1	161	3.16e-103	288
MDB3876728.1	QIZ21267.1	86.525	141	19	0	1	141	1	141	2.32e-87	247
MDB3876729.1	QIZ21268.1	90.683	322	30	0	1	322	1	322	0.0	590
MDB3876730.1	QIZ21269.1	90.127	314	31	0	1	314	1	314	0.0	582
MDB3876731.1	QIZ21270.1	71.987	307	86	0	6	312	5	311	1.83e-149	418
MDB3876732.1	QIZ21271.1	73.521	355	94	0	1	355	1	355	0.0	540
MDB3876733.1	QIZ21272.1	71.731	283	80	0	1	283	1	283	3.14e-136	382
MDB3876734.1	QIZ21273.1	97.320	485	13	0	1	485	1	485	0.0	969
MDB3876735.1	QIZ21274.1	96.970	165	5	0	1	165	4	168	1.91e-110	307
MDB3876736.1	QIZ21275.1	92.179	179	14	0	1	179	1	179	4.43e-119	330
MDB3876737.1	QIZ21276.1	100.000	75	0	0	1	75	1	75	1.79e-46	138
MDB3876738.1	QIZ21277.1	100.000	244	0	0	1	244	1	244	1.29e-176	481
MDB3876739.1	QIZ21278.1	97.802	91	2	0	1	91	1	91	1.98e-61	177
MDB3876740.1	QIZ21279.1	94.166	857	50	0	1	857	1	857	0.0	1615
MDB3876741.1	QIZ21280.1	94.898	196	10	0	1	196	1	196	1.40e-131	363
MDB3876742.1	QIZ21281.1	97.531	162	4	0	1	162	1	162	3.09e-115	319
MDB3876743.1	QIZ21282.1	95.706	326	14	0	1	326	1	326	0.0	624
MDB3876744.1	QIZ21283.1	91.123	383	34	0	1	383	1	383	0.0	701
MDB3876745.1	QIZ21284.1	98.315	356	6	0	1	356	1	356	0.0	723
MDB3876746.1	QIZ21285.1	96.237	186	7	0	1	186	1	186	3.56e-130	358
MDB3876747.1	QIZ21286.1	92.593	243	18	0	1	243	1	243	6.42e-158	433
MDB3876748.1	QIZ21287.1	93.053	547	38	0	15	561	15	561	0.0	1005
MDB3876749.1	QIZ21288.1	90.391	281	27	0	1	281	1	281	6.39e-175	479
MDB3876750.1	QIZ21289.1	92.925	424	30	0	1	424	1	424	0.0	795
MDB3876751.1	QIZ21290.1	97.468	158	4	0	1	158	1	158	1.12e-110	307
MDB3876752.1	QIZ21291.1	93.455	275	18	0	1	275	1	275	0.0	530
MDB3876753.1	QIZ21292.1	97.386	153	4	0	1	153	1	153	1.27e-111	309
MDB3876754.1	QIZ21293.1	99.408	169	1	0	1	169	1	169	2.41e-127	350
MDB3876755.1	QIZ21294.1	99.284	419	3	0	1	419	1	419	0.0	837
MDB3876756.1	QIZ21295.1	91.892	259	21	0	1	259	1	259	3.29e-176	481
MDB3876757.1	QIZ21296.1	97.759	357	8	0	1	357	1	357	0.0	717
MDB3876758.1	QIZ21297.1	96.237	186	7	0	1	186	1	186	3.59e-131	361
MDB3876759.1	QIZ21298.1	89.545	220	21	1	1	218	1	220	6.25e-136	377
MDB3876760.1	QIZ21299.1	97.419	310	8	0	1	310	1	310	0.0	604
MDB3876761.1	QIZ21300.1	94.048	252	15	0	1	252	2	253	7.47e-147	406
MDB3876762.1	QIZ21301.1	91.354	347	30	0	1	347	1	347	0.0	613
MDB3876763.1	QIZ21302.1	93.701	254	16	0	1	254	1	254	1.15e-176	482
MDB3876764.1	QIZ21303.1	91.429	70	6	0	1	70	1	70	5.91e-40	122
MDB3876765.1	QIZ21304.1	92.938	439	31	0	1	439	1	439	0.0	834
MDB3876766.1	QIZ21305.1	95.556	225	10	0	1	225	1	225	1.66e-154	423
MDB3876767.1	QIZ21306.1	98.621	145	2	0	1	145	1	145	1.45e-99	278
MDB3876768.1	QIZ21307.1	88.966	290	32	0	1	290	1	290	0.0	552
MDB3876769.1	QIZ21308.1	98.454	194	3	0	1	194	1	194	5.59e-139	382
MDB3876770.1	QIZ21309.1	96.890	611	19	0	1	611	1	611	0.0	1219
MDB3876771.1	QIZ21310.1	95.035	141	7	0	1	141	1	141	8.20e-93	260
MDB3876772.1	QIZ21312.1	95.200	250	12	0	1	250	1	250	3.08e-172	470
MDB3876773.1	QIZ21313.1	97.372	723	19	0	1	723	1	723	0.0	1464
MDB3876774.1	QIZ21314.1	97.243	399	11	0	1	399	1	399	0.0	803
MDB3876775.1	QIZ21315.1	97.315	149	4	0	1	149	1	149	1.99e-108	300
MDB3876776.1	QIZ21317.1	93.312	314	21	0	1	314	1	314	0.0	613
MDB3876777.1	QIZ21318.1	82.051	312	56	0	1	312	1	312	0.0	520
MDB3876778.1	QIZ21319.1	88.128	219	26	0	1	219	1	219	1.48e-148	408
MDB3876779.1	QIZ21358.1	92.857	350	25	0	1	350	1	350	0.0	657
MDB3876781.1	QIZ21359.1	97.393	1074	28	0	1	1074	1	1074	0.0	2146
MDB3876782.1	QIZ21360.1	96.241	133	5	0	1	133	266	398	8.79e-91	264
MDB3876783.1	QIZ20525.1	95.567	406	18	0	1	406	1	406	0.0	747
MDB3876784.1	QIZ20526.1	97.698	391	9	0	1	391	1	391	0.0	788
MDB3876785.1	QIZ20527.1	96.496	371	13	0	1	371	1	371	0.0	730
MDB3876786.1	QIZ20528.1	97.059	68	2	0	1	68	1	68	1.07e-43	130
MDB3876787.1	QIZ20529.1	96.484	256	9	0	1	256	1	256	0.0	505
MDB3876789.1	QIZ20530.1	97.826	184	4	0	1	184	1	184	2.22e-130	359
MDB3876790.1	QIZ20531.1	95.541	157	7	0	1	157	1	157	3.27e-106	296
MDB3876791.1	QIZ20532.1	90.206	194	19	0	1	194	1	194	1.39e-129	358
MDB3876792.1	QIZ20533.1	82.677	127	22	0	1	127	1	127	1.53e-76	218
MDB3876794.1	QIZ20536.1	88.889	153	17	0	1	153	1	153	2.47e-78	225
MDB3876795.1	QIZ20537.1	64.896	433	152	0	1	433	1	433	0.0	523
MDB3876796.1	QIZ20538.1	100.000	91	0	0	1	91	1	91	2.32e-63	182
MDB3876797.1	QIZ20539.1	97.082	377	11	0	1	377	1	377	0.0	742
MDB3876799.1	QIZ20540.1	92.941	255	18	0	1	255	1	255	3.29e-172	471
MDB3876800.1	QIZ20541.1	87.460	311	39	0	1	311	1	311	0.0	554
MDB3876801.1	QIZ20542.1	50.211	474	233	1	3	473	2	475	7.73e-157	450
MDB3876802.1	QIZ20544.1	94.611	167	9	0	1	167	1	167	1.46e-116	323
MDB3876803.1	QIZ20545.1	95.946	370	15	0	1	370	1	370	0.0	691
MDB3876804.1	QIZ20546.1	98.214	448	8	0	1	448	1	448	0.0	926
MDB3876805.1	QIZ20547.1	91.720	314	25	1	1	313	1	314	0.0	575
MDB3876806.1	QIZ20548.1	96.604	265	9	0	1	265	1	265	0.0	523
MDB3876807.1	QIZ20549.1	86.970	637	83	0	1	637	1	637	0.0	1151
MDB3876808.1	QIZ20550.1	95.238	336	16	0	1	336	1	336	0.0	631
MDB3876809.1	QIZ20551.1	85.789	380	54	0	1	380	1	380	0.0	687
MDB3876810.1	QIZ20552.1	93.399	303	20	0	1	303	1	303	0.0	573
MDB3876811.1	QIZ20553.1	89.953	428	43	0	1	428	1	428	0.0	789
MDB3876812.1	QIZ20554.1	71.144	201	58	0	1	201	1	201	1.57e-97	277
MDB3876813.1	QIZ20555.1	94.212	501	29	0	1	501	1	501	0.0	966
MDB3876814.1	QIZ20556.1	95.415	349	16	0	1	349	1	349	0.0	671
MDB3876815.1	QIZ20557.1	95.312	320	15	0	1	320	1	320	0.0	625
MDB3876816.1	QIZ20562.1	93.902	492	30	0	1	492	1	492	0.0	961
MDB3876817.1	QIZ20563.1	80.702	285	50	1	19	303	19	298	4.55e-168	465
MDB3876818.1	QIZ20567.1	88.148	135	16	0	1	135	1	135	6.16e-93	260
MDB3876819.1	QIZ20568.1	93.717	191	12	0	1	191	1	191	4.29e-133	366
MDB3876820.1	QIZ20569.1	96.697	333	11	0	1	333	1	333	0.0	653
MDB3876822.1	QIZ20579.1	49.541	109	55	0	1	109	1	109	5.93e-36	114
MDB3876823.1	QIZ20579.1	89.091	110	12	0	1	110	1	110	1.40e-65	189
MDB3876824.1	QIZ20583.1	85.088	114	17	0	1	114	1	114	2.91e-72	206
MDB3876825.1	QIZ20584.1	81.522	184	34	0	6	189	3	186	7.61e-111	310
MDB3876826.1	QIZ20585.1	85.448	268	39	0	1	268	1	268	8.62e-172	471
MDB3876827.1	QIZ20586.1	75.648	193	47	0	1	193	1	193	2.40e-112	314
MDB3876828.1	QIZ20587.1	81.702	235	43	0	1	235	1	235	7.60e-140	387
MDB3876829.1	QIZ20588.1	88.214	280	33	0	1	280	1	280	0.0	518
MDB3876830.1	QIZ20589.1	87.889	289	35	0	1	289	1	289	0.0	523
MDB3876831.1	QIZ20595.1	65.684	373	117	2	1	369	1	366	0.0	504
MDB3876832.1	QIZ20596.1	74.558	283	72	0	3	285	18	300	1.17e-150	419
MDB3876833.1	QIZ20597.1	82.131	291	51	1	1	291	1	290	0.0	497
MDB3876834.1	QIZ20598.1	78.960	404	85	0	1	404	3	406	0.0	688
MDB3876835.1	QIZ20599.1	77.333	300	68	0	1	300	1	300	0.0	499
MDB3876836.1	QIZ20606.1	88.958	480	53	0	1	480	1	480	0.0	904
MDB3876837.1	QIZ20608.1	83.032	277	47	0	1	277	1	277	1.49e-171	471
MDB3876838.1	QIZ20609.1	91.515	330	28	0	1	330	1	330	0.0	624
MDB3876839.1	QIZ20610.1	91.713	181	15	0	1	181	1	181	9.25e-124	342
MDB3876840.1	QIZ20611.1	78.571	84	18	0	1	84	1	84	2.62e-39	121
MDB3876841.1	QIZ20612.1	91.333	150	13	0	1	150	1	150	6.47e-90	254
MDB3876842.1	QIZ20613.1	91.362	301	26	0	1	301	1	301	0.0	577
MDB3876843.1	QIZ20614.1	95.238	189	9	0	1	189	1	189	7.23e-120	333
MDB3876844.1	QIZ20615.1	94.783	115	6	0	1	115	1	115	5.59e-82	231
MDB3876845.1	QIZ20616.1	96.899	516	16	0	1	516	66	581	0.0	1057
MDB3876847.1	QIZ20617.1	92.593	81	6	0	7	87	1	81	6.45e-54	158
MDB3876848.1	QIZ20618.1	97.590	166	4	0	1	166	1	166	4.54e-119	329
MDB3876849.1	QIZ20619.1	91.129	248	22	0	1	248	1	248	1.27e-136	380
MDB3876850.1	QIZ20620.1	94.359	195	11	0	1	195	1	195	2.97e-125	347
MDB3876851.1	QIZ20621.1	77.815	302	67	0	1	302	1	302	7.22e-172	474
MDB3876852.1	QIZ20622.1	87.458	295	37	0	1	295	1	295	1.02e-180	495
MDB3876853.1	QIZ20623.1	83.648	159	26	0	1	159	1	159	5.84e-90	254
MDB3876854.1	QIZ20624.1	98.077	468	9	0	1	468	1	468	0.0	960
MDB3876856.1	QIZ20625.1	100.000	110	0	0	1	110	1	110	5.67e-78	221
MDB3876857.1	QIZ20626.1	97.959	98	2	0	1	98	1	98	3.61e-67	192
MDB3876858.1	QIZ20627.1	85.897	156	22	0	1	156	1	156	2.11e-98	276
MDB3876859.1	QIZ20628.1	82.921	404	69	0	1	404	1	404	0.0	731
MDB3876860.1	QIZ20629.1	59.759	415	166	1	1	414	1	415	2.44e-169	476
MDB3876861.1	QIZ20630.1	79.835	243	49	0	1	243	1	243	2.43e-140	389
MDB3876862.1	QIZ20631.1	91.875	480	39	0	1	480	1	480	0.0	927
MDB3876863.1	QIZ20632.1	95.745	141	6	0	1	141	1	141	8.10e-99	276
MDB3876864.1	QIZ20633.1	99.083	218	2	0	1	218	1	218	7.26e-166	451
MDB3876865.1	QIZ20634.1	91.733	375	31	0	1	375	1	375	0.0	697
MDB3876866.1	QIZ20635.1	95.110	409	20	0	1	409	1	409	0.0	769
MDB3876867.1	QIZ20636.1	92.222	270	21	0	1	270	461	730	1.19e-173	493
MDB3876868.1	QIZ20264.1	97.403	154	4	0	1	154	1	154	6.12e-106	296
MDB3876869.1	QIZ20263.1	99.153	236	2	0	1	236	1	236	3.18e-171	466
MDB3876870.1	QIZ20262.1	99.020	102	1	0	1	102	1	102	2.94e-71	203
MDB3876871.1	QIZ20261.1	98.555	692	10	0	1	692	1	692	0.0	1416
MDB3876872.1	QIZ20260.1	99.359	156	1	0	1	156	1	156	1.69e-113	314
MDB3876873.1	QIZ20259.1	100.000	123	0	0	1	123	1	123	2.65e-87	245
MDB3876874.1	QIZ20258.1	98.272	1389	24	0	1	1389	1	1389	0.0	2809
MDB3876875.1	QIZ20257.1	98.459	1363	21	0	1	1363	1	1363	0.0	2747
MDB3876876.1	QIZ20256.1	95.868	121	5	0	1	121	1	121	1.62e-63	185
MDB3876877.1	QIZ20255.1	95.181	166	8	0	1	166	1	166	1.80e-116	322
MDB3876878.1	QIZ20254.1	94.760	229	12	0	1	229	1	229	1.47e-157	431
MDB3876879.1	QIZ20253.1	98.582	141	2	0	1	141	1	141	4.05e-100	279
MDB3876880.1	QIZ20252.1	99.432	176	1	0	1	176	1	176	6.44e-127	350
MDB3876881.1	QIZ20251.1	100.000	63	0	0	1	63	1	63	8.54e-41	123
MDB3876882.1	QIZ20250.1	97.222	396	11	0	1	396	1	396	0.0	788
MDB3876883.1	QIZ20249.1	98.381	247	4	0	1	247	1	247	0.0	499
MDB3876884.1	QIZ20248.1	94.208	259	15	0	1	259	1	259	1.94e-177	484
MDB3876885.1	QIZ20247.1	95.489	133	6	0	1	133	1	133	1.16e-92	259
MDB3876886.1	QIZ20246.1	95.984	249	10	0	1	249	1	249	0.0	494
MDB3876887.1	QIZ20245.1	94.037	218	13	0	1	218	1	218	7.63e-151	415
MDB3876888.1	QIZ20244.1	96.875	256	8	0	1	256	1	256	0.0	525
MDB3876889.1	QIZ20243.1	97.442	430	11	0	1	430	1	430	0.0	865
MDB3876890.1	QIZ20242.1	98.462	260	4	0	1	260	1	260	0.0	513
MDB3876891.1	QIZ20241.1	96.250	80	3	0	1	80	1	80	1.33e-52	154
MDB3876892.1	QIZ20240.1	97.357	227	6	0	1	227	1	227	7.68e-167	454
MDB3876893.1	QIZ20239.1	96.849	730	23	0	1	730	1	730	0.0	1461
MDB3876894.1	QIZ20238.1	97.333	75	2	0	1	75	1	75	3.35e-50	147
MDB3876895.1	QIZ20237.1	95.455	110	5	0	1	110	1	110	8.26e-77	218
MDB3876896.1	QIZ21224.1	83.038	395	67	0	1	395	1	395	0.0	702
MDB3876897.1	QIZ20236.1	97.073	205	6	0	1	205	1	205	2.30e-150	411
MDB3876898.1	QIZ20235.1	95.781	237	10	0	1	237	1	237	1.00e-164	450
MDB3876899.1	QIZ20234.1	96.623	533	18	0	1	533	1	533	0.0	1066
MDB3876900.1	QIZ20233.1	93.377	453	30	0	1	453	1	453	0.0	860
MDB3876901.1	QIZ20232.1	94.286	245	14	0	1	245	1	245	8.41e-177	481
MDB3876902.1	QIZ20231.1	98.693	459	6	0	1	459	1	459	0.0	948
MDB3876903.1	QIZ20230.1	95.875	606	25	0	1	606	1	606	0.0	1199
MDB3876904.1	QIZ20229.1	94.203	207	12	0	1	207	1	207	5.20e-139	383
MDB3876905.1	QIZ20228.1	97.817	229	5	0	1	229	1	229	4.09e-170	463
MDB3876906.1	QIZ20227.1	98.400	500	8	0	1	500	1	500	0.0	1011
MDB3876907.1	QIZ20226.1	97.315	298	8	0	1	298	1	298	0.0	598
MDB3876908.1	QIZ20225.1	96.524	374	13	0	1	374	1	374	0.0	750
MDB3876909.1	QIZ20224.1	92.308	208	16	0	1	208	1	208	1.66e-141	389
MDB3876910.1	QIZ20222.1	98.246	342	6	0	1	342	1	342	0.0	710
MDB3876911.1	QIZ20221.1	98.760	645	8	0	1	645	1	645	0.0	1331
MDB3876912.1	QIZ20220.1	96.488	484	17	0	1	484	1	484	0.0	961
MDB3876913.1	QIZ20219.1	86.667	90	12	0	1	90	1	90	6.84e-56	163
MDB3876914.1	QIZ20218.1	95.526	380	17	0	1	380	1	380	0.0	754
MDB3876921.1	QIZ20910.1	91.667	108	9	0	13	120	13	120	3.05e-74	212
MDB3876922.1	QIZ20911.1	71.123	187	53	1	1	187	1	186	5.36e-98	277
MDB3876925.1	QIZ21032.1	33.208	530	291	16	1	497	1	500	1.08e-60	206
MDB3876931.1	QIZ21307.1	26.316	266	188	6	9	269	9	271	1.22e-26	101
MDB3876936.1	QIZ20423.1	92.388	381	29	0	1	381	213	593	0.0	681
MDB3876937.1	QIZ20422.1	95.122	451	22	0	1	451	1	451	0.0	841
MDB3876938.1	QIZ20421.1	96.112	463	18	0	1	463	1	463	0.0	830
MDB3876939.1	QIZ20420.1	92.964	469	33	0	1	469	1	469	0.0	725
MDB3876940.1	QIZ20419.1	97.688	346	8	0	1	346	1	346	0.0	706
MDB3876941.1	QIZ20418.1	96.588	381	13	0	1	381	1	381	0.0	734
MDB3876942.1	QIZ20417.1	96.714	426	14	0	1	426	1	426	0.0	828
MDB3876943.1	QIZ20416.1	97.500	240	6	0	1	240	5	244	1.01e-176	481
MDB3876944.1	QIZ20415.1	95.122	123	6	0	1	123	1	123	2.40e-82	233
MDB3876945.1	QIZ20414.1	94.629	875	47	0	1	875	1	875	0.0	1706
MDB3876946.1	QIZ20413.1	98.951	572	6	0	1	572	1	572	0.0	1162
MDB3876947.1	QIZ20412.1	93.017	401	28	0	1	401	1	401	0.0	730
MDB3876948.1	QIZ20409.1	100.000	72	0	0	1	72	1	72	2.66e-46	137
MDB3876951.1	QIZ20404.1	96.988	332	10	0	1	332	1	332	0.0	651
MDB3876952.1	QIZ20403.1	95.736	258	11	0	1	258	1	258	0.0	513
MDB3876953.1	QIZ20402.1	99.048	105	1	0	1	105	1	105	2.83e-73	208
MDB3876954.1	QIZ20401.1	94.879	371	19	0	1	371	1	371	0.0	688
MDB3876955.1	QIZ20400.1	94.801	577	30	0	1	577	1	577	0.0	1112
MDB3876956.1	QIZ20399.1	88.506	87	10	0	1	87	1	87	2.16e-50	149
MDB3876957.1	QIZ20398.1	91.456	316	27	0	1	316	1	316	0.0	575
MDB3876958.1	QIZ20397.1	97.154	246	7	0	1	246	1	246	6.62e-175	477
MDB3876959.1	QIZ20396.1	95.111	225	11	0	9	233	12	236	3.58e-162	443
MDB3876960.1	QIZ20395.1	94.118	68	2	1	1	66	1	68	1.15e-40	123
MDB3876961.1	QIZ20394.1	93.151	73	5	0	1	73	1	73	6.07e-39	119
MDB3876962.1	QIZ20393.1	96.032	252	10	0	1	252	1	252	3.26e-177	483
MDB3876963.1	QIZ20392.1	93.317	419	28	0	1	419	1	419	0.0	811
MDB3876964.1	QIZ20391.1	98.936	94	1	0	1	94	1	94	1.03e-63	183
MDB3876965.1	QIZ20390.1	93.810	517	32	0	1	517	1	517	0.0	975
MDB3876966.1	QIZ20389.1	95.254	295	14	0	1	295	1	295	0.0	555
MDB3876967.1	QIZ20388.1	96.447	197	7	0	1	197	1	197	2.98e-141	387
MDB3876968.1	QIZ20387.1	98.853	959	11	0	1	959	1	959	0.0	1941
MDB3876969.1	QIZ20386.1	98.039	153	2	1	1	152	1	153	2.11e-109	303
MDB3876970.1	QIZ20385.1	97.527	849	21	0	1	849	1	849	0.0	1662
MDB3876971.1	QIZ20384.1	95.732	164	7	0	1	164	1	164	7.44e-114	315
MDB3876972.1	QIZ20383.1	96.196	184	7	0	1	184	1	184	2.31e-132	364
MDB3876973.1	QIZ20382.1	95.405	370	17	0	1	370	1	370	0.0	734
MDB3876974.1	QIZ20381.1	97.091	275	8	0	1	275	1	275	0.0	562
MDB3876975.1	QIZ20380.1	97.549	204	5	0	1	204	1	204	2.27e-144	396
MDB3876976.1	QIZ20379.1	95.894	414	17	0	1	414	270	683	0.0	781
MDB3876977.1	QIZ20774.1	95.614	114	5	0	1	114	68	181	2.98e-76	219
MDB3876978.1	QIZ20773.1	97.015	268	8	0	1	268	1	268	0.0	537
MDB3876979.1	QIZ20772.1	99.170	241	2	0	1	241	1	241	1.53e-179	488
MDB3876980.1	QIZ20771.1	98.780	164	2	0	1	164	1	164	4.74e-120	331
MDB3876981.1	QIZ20770.1	99.554	224	1	0	1	224	1	224	1.96e-163	446
MDB3876982.1	QIZ20769.1	98.551	138	2	0	1	138	1	138	9.97e-97	270
MDB3876983.1	QIZ20768.1	96.386	249	9	0	1	249	21	269	6.58e-176	480
MDB3876984.1	QIZ20767.1	98.655	446	6	0	1	446	1	446	0.0	902
MDB3876985.1	QIZ20766.1	98.113	159	3	0	22	180	1	159	1.27e-116	323
MDB3876986.1	QIZ20765.1	93.827	324	20	0	1	324	1	324	0.0	627
MDB3876987.1	QIZ20764.1	91.168	351	31	0	1	351	1	351	0.0	636
MDB3876988.1	QIZ20763.1	98.726	628	8	0	3	630	1	628	0.0	1270
MDB3876989.1	QIZ20762.1	93.429	350	23	0	1	350	1	350	0.0	592
MDB3876990.1	QIZ20761.1	94.582	443	24	0	1	443	1	443	0.0	839
MDB3876991.1	QIZ20760.1	98.148	270	5	0	1	270	1	270	0.0	527
MDB3876992.1	QIZ20759.1	98.372	430	7	0	1	430	1	430	0.0	859
MDB3876993.1	QIZ20758.1	98.635	293	4	0	1	293	1	293	0.0	592
MDB3876994.1	QIZ20757.1	97.239	326	9	0	1	326	1	326	0.0	647
MDB3876995.1	QIZ20756.1	94.194	310	18	0	1	310	1	310	0.0	580
MDB3876996.1	QIZ20755.1	90.123	81	8	0	1	81	1	81	6.88e-45	135
MDB3876997.1	QIZ20754.1	95.862	290	12	0	1	290	1	290	0.0	535
MDB3876998.1	QIZ20753.1	96.389	637	23	0	1	637	1	637	0.0	1271
MDB3876999.1	QIZ20752.1	98.333	360	6	0	1	360	1	360	0.0	732
MDB3877000.1	QIZ20751.1	94.231	208	12	0	1	208	1	208	3.40e-147	403
MDB3877001.1	QIZ20750.1	97.626	337	8	0	1	337	1	337	0.0	665
MDB3877002.1	QIZ20749.1	97.761	268	6	0	1	268	1	268	0.0	517
MDB3877003.1	QIZ20748.1	96.259	294	11	0	1	294	1	294	0.0	602
MDB3877004.1	QIZ20747.1	88.372	688	80	0	1	688	1	688	0.0	1206
MDB3877005.1	QIZ20746.1	95.039	887	44	0	1	887	1	887	0.0	1751
MDB3877006.1	QIZ20745.1	88.448	277	32	0	1	277	1	277	0.0	499
MDB3877007.1	QIZ20744.1	91.489	329	28	0	1	329	1	329	0.0	629
MDB3877008.1	QIZ20743.1	84.014	294	47	0	1	294	1	294	0.0	500
MDB3877009.1	QIZ20742.1	93.088	434	30	0	1	434	1	434	0.0	843
MDB3877010.1	QIZ20741.1	86.364	110	15	0	1	110	1	110	2.14e-64	186
MDB3877011.1	QIZ20740.1	92.710	631	46	0	1	631	1	631	0.0	1227
MDB3877012.1	QIZ20739.1	86.561	253	34	0	1	253	1	253	3.95e-160	440
MDB3877013.1	QIZ20738.1	93.396	106	7	0	1	106	1	106	3.15e-73	208
MDB3877014.1	QIZ20737.1	92.012	338	27	0	1	338	1	338	0.0	615
MDB3877015.1	QIZ20736.1	85.577	208	30	0	1	208	1	208	4.76e-139	383
MDB3877017.1	QIZ21486.1	97.129	418	12	0	1	418	1	418	0.0	853
MDB3877018.1	QIZ21487.1	96.591	88	3	0	1	88	1	88	1.78e-64	184
MDB3877019.1	QIZ21488.1	96.693	998	33	0	1	998	1	998	0.0	2007
MDB3877020.1	QIZ21489.1	87.692	195	24	0	1	195	1	195	2.78e-126	349
MDB3877021.1	QIZ21490.1	94.346	283	16	0	1	283	1	283	0.0	530
MDB3877022.1	QIZ21491.1	80.583	103	20	0	1	103	1	103	1.17e-45	138
MDB3877023.1	QIZ21492.1	56.164	146	64	0	1	146	1	146	5.75e-57	170
MDB3877024.1	QIZ21493.1	82.258	248	44	0	1	248	1	248	2.42e-143	397
MDB3877025.1	QIZ21494.1	78.261	115	25	0	1	115	1	115	5.46e-68	196
MDB3877026.1	QIZ21495.1	91.270	252	22	0	1	252	1	252	1.03e-176	482
MDB3877027.1	QIZ21496.1	100.000	68	0	0	1	68	1	68	2.29e-47	140
MDB3877028.1	QIZ21497.1	96.129	155	6	0	1	155	1	155	2.40e-109	303
MDB3877029.1	QIZ21498.1	94.253	348	20	0	1	348	1	348	0.0	646
MDB3877030.1	QIZ21499.1	94.479	163	9	0	1	163	1	163	5.10e-111	308
MDB3877031.1	QIZ21500.1	96.594	323	11	0	1	323	1	323	0.0	650
MDB3877032.1	QIZ21501.1	97.091	550	16	0	1	550	1	550	0.0	1102
MDB3877033.1	QIZ21502.1	95.567	203	9	0	1	203	1	203	5.55e-142	390
MDB3877035.1	QIZ21503.1	97.238	181	5	0	1	181	1	181	3.08e-125	346
MDB3877036.1	QIZ21504.1	97.566	452	11	0	1	452	1	452	0.0	922
MDB3877037.1	QIZ21505.1	97.934	242	5	0	1	242	1	242	2.45e-178	485
MDB3877038.1	QIZ21506.1	74.055	397	103	0	1	397	1	397	0.0	650
MDB3877039.1	QIZ21507.1	73.881	134	35	0	1	134	1	134	3.96e-73	210
MDB3877040.1	QIZ21508.1	96.774	124	4	0	1	124	1	124	4.42e-91	254
MDB3877041.1	QIZ21509.1	95.402	261	12	0	1	261	1	261	0.0	505
MDB3877042.1	QIZ21510.1	51.128	133	65	0	1	133	6	138	3.05e-45	140
MDB3877046.1	QIZ21511.1	86.772	189	25	0	1	189	1	189	2.77e-125	347
MDB3877047.1	QIZ21512.1	63.855	166	60	0	1	166	1	166	6.21e-74	215
MDB3877048.1	QIZ21513.1	95.185	810	39	0	1	810	1	810	0.0	1588
MDB3877049.1	QIZ21514.1	87.149	249	32	0	1	249	1	249	3.28e-162	445
MDB3877050.1	QIZ21515.1	90.221	317	31	0	1	317	1	317	0.0	600
MDB3877051.1	QIZ21516.1	97.032	539	16	0	1	539	1	539	0.0	1092
MDB3877052.1	QIZ21517.1	70.833	72	21	0	1	72	1	72	6.03e-32	101
MDB3877053.1	QIZ21518.1	73.186	317	85	0	1	317	1	317	3.12e-170	471
MDB3877054.1	QIZ21344.1	63.475	282	102	1	1	281	1	282	2.38e-125	354
MDB3877055.1	QIZ21519.1	94.355	124	7	0	1	124	1	124	3.32e-87	245
MDB3877056.1	QIZ21520.1	96.774	155	5	0	1	155	1	155	4.69e-114	315
MDB3877057.1	QIZ21521.1	88.119	202	24	0	1	202	1	202	8.81e-141	387
MDB3877058.1	QIZ21522.1	72.673	333	91	0	1	333	1	333	0.0	522
MDB3877059.1	QIZ21523.1	97.627	295	7	0	1	295	1	295	0.0	597
MDB3877060.1	QIZ21524.1	92.350	183	14	0	1	183	294	476	2.89e-129	367
MDB3877061.1	QIZ20685.1	73.494	166	44	0	1	166	1	166	8.59e-90	256
MDB3877062.1	QIZ20686.1	61.765	136	48	1	1	132	1	136	1.90e-56	168
MDB3877063.1	QIZ20687.1	59.494	158	64	0	1	158	1	158	1.30e-57	173
MDB3877064.1	QIZ20689.1	75.725	276	67	0	1	276	1	276	8.43e-156	431
MDB3877065.1	QIZ20690.1	93.841	552	34	0	1	552	1	552	0.0	1047
MDB3877066.1	QIZ20691.1	96.312	922	34	0	1	922	1	922	0.0	1874
MDB3877067.1	QIZ20692.1	67.222	360	118	0	4	363	12	371	0.0	521
MDB3877068.1	QIZ20684.1	77.105	380	87	0	86	465	36	415	0.0	601
MDB3877069.1	QIZ20683.1	95.681	301	13	0	1	301	1	301	0.0	543
MDB3877070.1	QIZ20682.1	96.296	405	15	0	1	405	1	405	0.0	815
MDB3877071.1	QIZ20681.1	95.676	370	16	0	1	370	1	370	0.0	747
MDB3877072.1	QIZ20680.1	77.522	347	78	0	1	347	1	347	0.0	590
MDB3877073.1	QIZ20679.1	90.667	75	7	0	1	75	1	75	4.36e-48	142
MDB3877079.1	QIZ20676.1	93.789	161	10	0	1	161	1	161	1.12e-99	280
MDB3877080.1	QIZ20675.1	91.176	68	6	0	1	68	1	68	3.84e-42	127
MDB3877081.1	QIZ20674.1	95.420	393	18	0	1	393	1	393	0.0	776
MDB3877082.1	QIZ20673.1	79.677	433	88	0	1	433	1	433	0.0	694
MDB3877083.1	QIZ20672.1	97.203	286	8	0	1	286	1	286	0.0	554
MDB3877084.1	QIZ20671.1	94.822	309	16	0	1	309	1	309	0.0	589
MDB3877085.1	QIZ20670.1	96.984	431	13	0	1	431	1	431	0.0	862
MDB3877086.1	QIZ20669.1	92.276	479	37	0	15	493	15	493	0.0	918
MDB3877087.1	QIZ20668.1	92.265	181	14	0	1	181	1	181	1.30e-109	306
MDB3877088.1	QIZ20667.1	96.599	794	27	0	1	794	1	794	0.0	1526
MDB3877089.1	QIZ20666.1	99.364	472	3	0	1	472	1	472	0.0	957
MDB3877090.1	QIZ20665.1	98.026	152	3	0	1	152	1	152	6.40e-103	287
MDB3877092.1	QIZ21386.1	78.866	194	41	0	1	194	290	483	3.75e-96	283
MDB3877093.1	QIZ21387.1	96.970	462	14	0	1	462	1	462	0.0	920
MDB3877095.1	QIZ21388.1	93.016	315	22	0	1	315	1	315	0.0	616
MDB3877096.1	QIZ21395.1	98.905	274	3	0	18	291	1	274	0.0	549
MDB3877097.1	QIZ21396.1	91.803	366	30	0	1	366	1	366	0.0	643
MDB3877098.1	QIZ21397.1	90.625	288	27	0	1	288	1	288	0.0	517
MDB3877099.1	QIZ21398.1	95.082	61	3	0	1	61	1	61	2.17e-37	114
MDB3877100.1	QIZ21399.1	90.021	471	46	1	1	470	1	471	0.0	837
MDB3877101.1	QIZ21400.1	87.460	311	39	0	1	311	1	311	1.03e-176	487
MDB3877102.1	QIZ21401.1	92.177	588	46	0	1	588	1	588	0.0	1097
MDB3877103.1	QIZ21402.1	92.308	182	14	0	1	182	1	182	4.07e-122	338
MDB3877104.1	QIZ21403.1	97.345	339	9	0	1	339	1	339	0.0	678
MDB3877105.1	QIZ21404.1	94.808	520	27	0	1	520	1	520	0.0	1023
MDB3877106.1	QIZ21405.1	97.971	345	7	0	1	345	1	345	0.0	681
MDB3877107.1	QIZ21406.1	59.233	287	111	2	1	281	1	287	2.54e-108	316
MDB3877108.1	QIZ21407.1	75.145	173	43	0	1	173	1	173	1.41e-79	229
MDB3877109.1	QIZ21408.1	85.649	655	93	1	1	655	1	654	0.0	1165
MDB3877110.1	QIZ21409.1	94.370	373	21	0	1	373	1	373	0.0	655
MDB3877111.1	QIZ21410.1	95.874	412	17	0	1	412	1	412	0.0	822
MDB3877112.1	QIZ21411.1	93.980	299	18	0	1	299	1	299	0.0	560
MDB3877113.1	QIZ21412.1	94.620	316	17	0	1	316	1	316	0.0	622
MDB3877114.1	QIZ21414.1	96.748	123	4	0	1	123	1	123	6.32e-89	249
MDB3877116.1	QIZ21415.1	89.286	84	9	0	1	84	1	84	1.73e-55	162
MDB3877117.1	QIZ21416.1	97.959	98	2	0	1	98	1	98	1.08e-67	194
MDB3877118.1	QIZ21417.1	95.588	204	9	0	1	204	1	204	1.56e-123	343
MDB3877119.1	QIZ21418.1	96.610	413	14	0	1	413	1	413	0.0	830
MDB3877120.1	QIZ21419.1	96.970	297	9	0	1	297	1	297	0.0	580
MDB3877121.1	QIZ21420.1	95.238	294	14	0	1	294	1	294	0.0	557
MDB3877122.1	QIZ20500.1	95.300	383	18	0	1	383	1	383	0.0	773
MDB3877123.1	QIZ20499.1	92.636	258	19	0	1	258	1	258	2.10e-172	471
MDB3877124.1	QIZ20498.1	94.361	266	15	0	1	266	1	266	3.55e-168	461
MDB3877125.1	QIZ20497.1	97.222	252	7	0	1	252	1	252	0.0	498
MDB3877126.1	QIZ20496.1	97.959	196	4	0	1	196	1	196	4.00e-135	372
MDB3877127.1	QIZ20495.1	95.292	531	25	0	1	531	1	531	0.0	1072
MDB3877128.1	QIZ20489.1	62.637	364	135	1	1	364	1	363	1.14e-168	471
MDB3877129.1	QIZ20488.1	55.340	206	78	2	19	211	15	219	4.83e-70	209
MDB3877130.1	QIZ20487.1	77.904	439	97	0	4	442	2	440	0.0	664
MDB3877131.1	QIZ20485.1	70.928	485	141	0	1	485	1	485	0.0	678
MDB3877132.1	QIZ20484.1	87.903	248	30	0	1	248	1	248	5.66e-166	454
MDB3877133.1	QIZ20483.1	76.636	214	49	1	1	213	2	215	2.42e-114	321
MDB3877135.1	QIZ20482.1	77.857	140	31	0	1	140	1	140	1.45e-81	232
MDB3877136.1	QIZ20481.1	74.208	221	57	0	1	221	1	221	2.07e-122	342
MDB3877137.1	QIZ20480.1	64.706	170	60	0	13	182	13	182	2.39e-78	227
MDB3877141.1	QIZ20479.1	80.000	80	16	0	1	80	1	80	3.05e-46	138
MDB3877142.1	QIZ20478.1	90.408	490	30	2	1	477	1	486	0.0	853
MDB3877143.1	QIZ20477.1	95.567	203	9	0	1	203	1	203	8.24e-149	407
MDB3877144.1	QIZ20476.1	99.526	422	2	0	1	422	1	422	0.0	862
MDB3877145.1	QIZ20475.1	98.111	794	15	0	1	794	1	794	0.0	1578
MDB3877146.1	QIZ20777.1	95.092	652	32	0	1	652	1	652	0.0	1286
MDB3877147.1	QIZ20778.1	96.716	335	11	0	1	335	1	335	0.0	664
MDB3877148.1	QIZ20779.1	91.327	392	34	0	1	392	1	392	0.0	716
MDB3877149.1	QIZ20780.1	91.369	336	29	0	1	336	1	336	0.0	642
MDB3877150.1	QIZ20781.1	91.304	207	18	0	1	207	1	207	5.39e-118	330
MDB3877151.1	QIZ20782.1	97.312	186	5	0	1	186	1	186	3.71e-137	376
MDB3877152.1	QIZ20783.1	97.967	246	5	0	1	246	1	246	0.0	492
MDB3877153.1	QIZ20784.1	97.368	76	2	0	1	76	1	76	8.59e-53	154
MDB3877154.1	QIZ20785.1	96.923	195	6	0	1	195	1	195	5.52e-140	384
MDB3877155.1	QIZ20786.1	98.438	64	1	0	1	64	1	64	4.25e-38	116
MDB3877156.1	QIZ20853.1	53.017	232	109	0	1	232	7	238	5.65e-83	243
MDB3877157.1	QIZ20788.1	97.629	464	11	0	1	464	1	464	0.0	910
MDB3877158.1	QIZ20789.1	98.039	102	2	0	1	102	1	102	4.73e-70	200
MDB3877159.1	QIZ20790.1	92.541	362	27	0	1	362	1	362	0.0	669
MDB3877161.1	QIZ20792.1	100.000	41	0	0	1	41	1	41	1.01e-23	78.6
MDB3877162.1	QIZ20524.1	96.203	237	9	0	1	237	151	387	1.08e-157	438
MDB3877163.1	QIZ20523.1	92.973	185	13	0	1	185	1	185	6.90e-117	325
MDB3877164.1	QIZ20522.1	91.373	255	22	0	1	255	1	255	2.15e-165	453
MDB3877165.1	QIZ20521.1	88.636	132	15	0	13	144	1	132	6.60e-89	250
MDB3877166.1	QIZ20520.1	91.288	264	23	0	1	264	1	264	0.0	506
MDB3877167.1	QIZ20519.1	98.077	156	3	0	1	156	1	156	2.16e-117	324
MDB3877168.1	QIZ20518.1	99.192	619	5	0	1	619	1	619	0.0	1296
MDB3877169.1	QIZ20517.1	95.690	116	5	0	1	116	1	116	2.99e-81	229
MDB3877171.1	QIZ20516.1	94.986	359	18	0	1	359	1	359	0.0	622
MDB3877172.1	QIZ20514.1	66.201	358	119	1	1	356	1	358	5.22e-162	453
MDB3877173.1	QIZ20513.1	95.103	388	19	0	1	388	1	388	0.0	775
MDB3877174.1	QIZ20512.1	97.872	94	2	0	1	94	1	94	1.96e-63	182
MDB3877175.1	QIZ20511.1	99.161	477	4	0	1	477	4	480	0.0	982
MDB3877176.1	QIZ20285.1	98.667	150	2	0	1	150	1	150	1.80e-107	298
MDB3877177.1	QIZ20284.1	98.425	127	2	0	1	127	1	127	2.75e-90	253
MDB3877178.1	QIZ20283.1	95.305	213	10	0	1	213	1	213	2.01e-153	419
MDB3877179.1	QIZ20282.1	98.122	426	8	0	1	426	1	426	0.0	833
MDB3877180.1	QIZ20281.1	98.693	153	2	0	1	153	1	153	2.85e-106	295
MDB3877181.1	QIZ20280.1	98.235	170	3	0	1	170	1	170	2.31e-121	335
MDB3877182.1	QIZ20279.1	99.153	118	1	0	1	118	1	118	7.21e-82	231
MDB3877183.1	QIZ20278.1	96.089	179	7	0	1	179	1	179	9.81e-123	339
MDB3877184.1	QIZ20277.1	99.237	131	1	0	1	131	1	131	5.57e-94	263
MDB3877185.1	QIZ20276.1	98.020	101	2	0	1	101	1	101	1.55e-70	201
MDB3877186.1	QIZ20275.1	99.457	184	1	0	1	184	1	184	1.12e-133	367
MDB3877187.1	QIZ20274.1	98.780	82	1	0	1	82	1	82	3.00e-52	153
MDB3877188.1	QIZ20273.1	99.180	122	1	0	1	122	1	122	2.52e-85	240
MDB3877189.1	QIZ20272.1	98.718	78	1	0	1	78	1	78	4.39e-53	155
MDB3877190.1	QIZ20271.1	98.413	63	1	0	1	63	1	63	1.62e-39	120
MDB3877191.1	QIZ20270.1	99.265	136	1	0	1	136	1	136	2.83e-98	274
MDB3877192.1	QIZ20269.1	99.558	226	1	0	1	226	1	226	4.83e-168	457
MDB3877193.1	QIZ20268.1	100.000	132	0	0	1	132	1	132	5.43e-94	263
MDB3877194.1	QIZ20267.1	100.000	97	0	0	1	97	1	97	2.41e-67	192
MDB3877195.1	QIZ20266.1	98.577	281	4	0	1	281	1	281	0.0	568
MDB3877196.1	QIZ20265.1	96.552	58	2	0	2	59	40	97	8.04e-34	106
MDB3877197.1	QIZ20435.1	78.295	129	28	0	1	129	1	129	9.04e-47	152
MDB3877198.1	QIZ20434.1	95.935	246	10	0	1	246	1	246	1.64e-176	481
MDB3877199.1	QIZ20433.1	97.000	100	3	0	1	100	1	100	1.17e-65	189
MDB3877200.1	QIZ20432.1	97.026	538	16	0	1	538	1	538	0.0	1066
MDB3877201.1	QIZ20431.1	97.445	274	7	0	1	274	1	274	0.0	554
MDB3877202.1	QIZ20430.1	95.215	418	20	0	1	418	1	418	0.0	781
MDB3877203.1	QIZ20429.1	100.000	100	0	0	1	100	1	100	6.30e-65	187
MDB3877204.1	QIZ20428.1	85.714	308	44	0	1	308	1	308	0.0	546
MDB3877205.1	QIZ20427.1	73.103	145	39	0	1	145	1	145	1.36e-78	225
MDB3877207.1	QIZ20426.1	74.342	152	39	0	1	152	1	152	8.41e-74	213
MDB3877208.1	QIZ20425.1	94.611	167	9	0	1	167	1	167	1.67e-106	297
MDB3877209.1	QIZ20424.1	93.531	371	24	0	1	371	1	371	0.0	635
MDB3877210.1	QIZ20796.1	58.571	210	87	0	2	211	1	210	1.68e-86	254
MDB3877211.1	QIZ20795.1	47.647	340	171	2	1	340	1	333	1.34e-103	303
MDB3877212.1	QIZ20802.1	34.106	302	164	11	5	288	10	294	4.31e-24	96.3
MDB3877215.1	QIZ20851.1	27.586	319	205	7	2	315	3	300	8.88e-28	106
MDB3877234.1	QIZ20474.1	98.361	122	2	0	1	122	1	122	2.15e-84	238
MDB3877235.1	QIZ20473.1	98.266	173	3	0	1	173	1	173	2.57e-131	360
MDB3877236.1	QIZ20472.1	96.040	202	8	0	1	202	1	202	3.19e-146	400
MDB3877237.1	QIZ20471.1	98.721	391	5	0	1	391	1	391	0.0	801
MDB3877238.1	QIZ20470.1	94.059	202	12	0	1	202	1	202	1.56e-146	401
MDB3877239.1	QIZ20469.1	97.291	443	12	0	1	443	1	443	0.0	895
MDB3877240.1	QIZ20468.1	96.975	562	17	0	1	562	1	562	0.0	1140
MDB3877241.1	QIZ21531.1	89.489	352	37	0	1	352	1	352	0.0	617
MDB3877242.1	QIZ21532.1	89.224	232	25	0	1	232	1	232	8.40e-137	379
MDB3877243.1	QIZ21533.1	78.431	102	22	0	1	102	1	102	1.70e-57	168
MDB3877244.1	QIZ21530.1	87.793	213	26	0	3	215	4	216	2.76e-130	373
MDB3877245.1	QIZ21527.1	76.106	339	81	0	1	339	1	339	0.0	561
MDB3877246.1	QIZ21526.1	87.952	83	10	0	15	97	15	97	3.37e-52	154
MDB3877247.1	QIZ21525.1	98.118	425	7	1	1	424	1	425	0.0	868
MDB3877249.1	QIZ21524.1	89.744	78	8	0	1	78	1	78	1.61e-43	142
MDB3877250.1	QIZ20442.1	93.878	98	6	0	1	98	280	377	3.38e-53	166
MDB3877251.1	QIZ20441.1	91.202	466	41	0	1	466	1	466	0.0	880
MDB3877252.1	QIZ20440.1	97.778	225	5	0	1	225	1	225	4.71e-163	445
MDB3877253.1	QIZ20439.1	96.198	263	10	0	1	263	1	263	2.14e-180	492
MDB3877254.1	QIZ20438.1	93.939	330	20	0	1	330	1	330	0.0	627
MDB3877255.1	QIZ20437.1	88.482	191	22	0	1	191	1	191	1.22e-123	342
MDB3877256.1	QIZ20436.1	86.133	375	52	0	29	403	110	484	0.0	665
MDB3877257.1	QIZ20373.1	92.623	122	9	0	1	122	1	122	3.58e-80	230
MDB3877258.1	QIZ20374.1	94.517	383	21	0	1	383	1	383	0.0	733
MDB3877259.1	QIZ20375.1	88.889	252	28	0	1	252	1	252	4.58e-149	412
MDB3877260.1	QIZ20376.1	91.824	318	26	0	16	333	16	333	0.0	593
MDB3877261.1	QIZ20377.1	95.563	293	13	0	1	293	1	293	0.0	506
MDB3877262.1	QIZ20378.1	89.773	88	9	0	1	88	1	88	7.34e-45	135
MDB3877263.1	QIZ20379.1	96.429	168	6	0	1	168	1	168	3.98e-114	334
MDB3877264.1	QIZ20371.1	92.398	513	39	0	1	513	1	513	0.0	988
MDB3877265.1	QIZ20370.1	90.551	254	24	0	1	254	1	254	6.96e-165	452
MDB3877266.1	QIZ20369.1	88.803	259	29	0	1	259	1	259	6.64e-173	473
MDB3877267.1	QIZ20368.1	91.176	170	15	0	1	170	1	170	1.39e-115	320
MDB3877268.1	QIZ20367.1	94.461	343	19	0	1	343	48	390	0.0	579
MDB3877269.1	QIZ20463.1	93.974	614	37	0	1	614	1	614	0.0	1174
MDB3877270.1	QIZ20464.1	91.262	103	9	0	1	103	1	103	9.05e-51	151
MDB3877271.1	QIZ20465.1	95.238	210	10	0	1	210	1	210	6.55e-148	405
MDB3877272.1	QIZ20466.1	98.758	161	2	0	1	161	1	161	1.81e-120	332
MDB3877273.1	QIZ20467.1	96.687	332	11	0	1	332	1	332	0.0	642
MDB3877279.1	QIZ21513.1	36.016	758	472	6	1	752	1	751	9.71e-153	461
MDB3877280.1	QIZ20601.1	40.289	484	281	4	1	483	1	477	8.78e-103	313
MDB3877281.1	QIZ20442.1	90.047	211	21	0	1	211	1	211	5.16e-135	379
MDB3877282.1	QIZ20443.1	85.824	261	37	0	1	261	1	261	1.92e-142	396
MDB3877283.1	QIZ20444.1	91.923	260	21	0	1	260	1	260	9.29e-180	490
MDB3877284.1	QIZ20445.1	87.730	326	40	0	1	326	1	326	0.0	568
MDB3877285.1	QIZ20446.1	96.800	125	4	0	1	125	22	146	2.37e-90	254
MDB3877287.1	QIZ20637.1	94.314	598	34	0	1	598	1	598	0.0	1095
MDB3877288.1	QIZ20638.1	98.000	250	5	0	1	250	8	257	0.0	497
MDB3877290.1	QIZ20863.1	41.975	243	133	5	104	342	104	342	2.09e-54	178
MDB3877291.1	QIZ20636.1	86.769	325	43	0	1	325	1	325	4.77e-170	486
MDB3877292.1	QIZ20362.1	83.621	116	19	0	1	116	1	116	3.81e-63	197
MDB3877293.1	QIZ20363.1	90.794	315	29	0	1	315	1	315	0.0	587
MDB3877294.1	QIZ20364.1	78.182	330	72	0	1	330	1	330	0.0	552
MDB3877295.1	QIZ20365.1	97.849	93	2	0	1	93	1	93	1.89e-63	182
MDB3877296.1	QIZ20366.1	62.037	108	39	1	1	108	1	106	1.78e-40	127
MDB3877297.1	QIZ21386.1	77.143	105	24	0	1	105	1	105	1.50e-50	161
MDB3877298.1	QIZ21385.1	97.198	678	19	0	1	678	1	678	0.0	1349
MDB3877299.1	QIZ21384.1	89.189	222	24	0	1	222	1	222	4.80e-139	397
MDB3877301.1	QIZ20311.1	34.545	165	107	1	14	177	40	204	6.39e-26	96.7
MDB3877302.1	QIZ20181.1	29.858	211	136	3	15	213	13	223	1.20e-23	90.5
MDB3877303.1	QIZ20416.1	47.809	251	120	2	1	251	5	244	2.24e-80	238
MDB3877304.1	QIZ20655.1	53.708	836	347	5	1	833	1	799	0.0	905
MDB3877305.1	QIZ20654.1	75.229	109	27	0	1	109	249	357	4.99e-51	160
MDB3877306.1	QIZ20646.1	95.400	587	27	0	1	587	8	594	0.0	1156
MDB3877307.1	QIZ20645.1	95.238	273	13	0	1	273	1	273	0.0	531
MDB3877308.1	QIZ20851.1	28.269	283	175	9	5	274	7	274	3.17e-24	96.3
MDB3877309.1	QIZ20846.1	32.056	287	149	9	40	316	16	266	1.02e-30	115
MDB3877310.1	QIZ20657.1	94.262	122	7	0	1	122	199	320	1.89e-81	237
MDB3877311.1	QIZ20658.1	88.931	262	29	0	1	262	1	262	4.68e-171	468
MDB3877312.1	QIZ20659.1	95.714	210	9	0	1	210	1	210	1.77e-149	409
MDB3877313.1	QIZ20660.1	100.000	79	0	0	1	79	1	79	1.08e-50	149
MDB3877314.1	QIZ20661.1	100.000	144	0	0	1	144	104	247	1.47e-104	294
MDB3877315.1	QIZ21483.1	93.968	315	19	0	1	315	72	386	0.0	616
MDB3877316.1	QIZ21484.1	91.255	263	23	0	1	263	1	263	0.0	495
MDB3877317.1	QIZ21485.1	99.598	249	1	0	1	249	313	561	0.0	509
MDB3877318.1	QIZ21383.1	94.393	535	30	0	1	535	142	676	0.0	1021
MDB3877319.1	QIZ21384.1	92.996	257	18	0	1	257	308	564	4.44e-173	485
MDB3877321.1	QIZ20485.1	31.440	493	306	6	6	482	9	485	7.99e-85	265
MDB3877322.1	QIZ21448.1	100.000	72	0	0	1	72	407	478	1.58e-47	152
MDB3877323.1	QIZ20217.1	96.196	368	14	0	1	368	1	368	0.0	733
MDB3877325.1	QIZ20643.1	88.764	89	10	0	1	89	44	132	2.24e-57	168
MDB3877326.1	QIZ20642.1	97.973	444	9	0	1	444	1	444	0.0	908
MDB3877327.1	QIZ20641.1	92.199	141	11	0	1	141	1	141	3.53e-92	259
MDB3877328.1	QIZ20640.1	93.750	48	3	0	1	48	98	145	9.42e-29	95.1
