MDA9697769.1	QIZ21204.1	50.336	149	74	0	1	149	1	149	3.57e-49	151
MDA9697770.1	QIZ21203.1	86.916	428	56	0	1	428	1	428	0.0	764
MDA9697771.1	QIZ21202.1	72.957	514	136	2	1	513	1	512	0.0	706
MDA9697772.1	QIZ21201.1	90.213	235	23	0	1	235	1	235	1.36e-156	429
MDA9697773.1	QIZ21200.1	79.762	924	187	0	1	924	1	924	0.0	1512
MDA9697774.1	QIZ21198.1	64.835	182	64	0	1	182	1	182	6.98e-83	239
MDA9697775.1	QIZ21197.1	89.503	181	19	0	7	187	7	187	6.79e-120	333
MDA9697776.1	QIZ21196.1	80.203	394	76	1	1	394	1	392	0.0	660
MDA9697777.1	QIZ21195.1	89.306	346	37	0	1	346	1	346	0.0	637
MDA9697778.1	QIZ21194.1	87.586	290	36	0	19	308	1	290	0.0	510
MDA9697779.1	QIZ21193.1	81.667	180	33	0	1	180	1	180	3.54e-107	300
MDA9697780.1	QIZ21192.1	85.567	97	14	0	1	97	1	97	5.00e-50	149
MDA9697781.1	QIZ21191.1	68.300	347	110	0	1	347	1	347	1.71e-175	487
MDA9697782.1	QIZ21190.1	81.923	520	94	0	1	520	6	525	0.0	888
MDA9697783.1	QIZ21189.1	79.002	481	99	1	1	479	1	481	0.0	717
MDA9697784.1	QIZ21188.1	31.590	497	254	14	6	478	15	449	8.10e-52	177
MDA9697785.1	QIZ21187.1	56.627	249	100	3	1	244	1	246	7.90e-87	254
MDA9697786.1	QIZ21186.1	67.450	298	97	0	1	298	1	298	3.40e-147	411
MDA9697787.1	QIZ21185.1	68.056	360	115	0	1	360	1	360	0.0	508
MDA9697788.1	QIZ21184.1	78.320	369	80	0	1	369	1	369	0.0	611
MDA9697789.1	QIZ21183.1	71.574	197	56	0	1	197	1	197	9.46e-101	285
MDA9697790.1	QIZ21182.1	63.025	238	88	0	1	238	1	238	6.38e-116	327
MDA9697791.1	QIZ21181.1	79.675	123	25	0	1	123	1	123	9.41e-73	209
MDA9697792.1	QIZ21180.1	96.429	84	3	0	1	84	1	84	2.73e-54	159
MDA9697793.1	QIZ21179.1	77.370	327	74	0	1	327	1	327	0.0	508
MDA9697794.1	QIZ21178.1	71.467	368	105	0	1	368	1	368	0.0	531
MDA9697795.1	QIZ21177.1	66.106	416	141	0	1	416	1	416	0.0	537
MDA9697796.1	QIZ21176.1	70.000	170	51	0	4	173	11	180	1.06e-79	230
MDA9697797.1	QIZ21175.1	79.310	116	24	0	1	116	1	116	3.45e-64	186
MDA9697798.1	QIZ21174.1	80.726	358	69	0	22	379	22	379	0.0	598
MDA9697799.1	QIZ21173.1	69.737	152	46	0	7	158	7	158	7.10e-80	229
MDA9697800.1	QIZ21172.1	73.077	130	35	0	1	130	1	130	9.09e-68	196
MDA9697801.1	QIZ21171.1	94.055	471	28	0	1	471	1	471	0.0	903
MDA9697802.1	QIZ21170.1	83.505	291	48	0	1	291	1	291	0.0	503
MDA9697803.1	QIZ21169.1	92.759	511	37	0	1	511	1	511	0.0	981
MDA9697804.1	QIZ21168.1	64.865	185	65	0	1	185	1	185	2.38e-79	230
MDA9697805.1	QIZ21167.1	74.808	651	164	0	1	651	1	651	0.0	1017
MDA9697806.1	QIZ21166.1	80.901	466	89	0	1	466	1	466	0.0	800
MDA9697807.1	QIZ21165.1	73.874	444	95	4	1	442	1	425	0.0	649
MDA9697808.1	QIZ21164.1	79.339	968	189	2	1	957	1	968	0.0	1644
MDA9697809.1	QIZ21163.1	89.003	291	32	0	1	291	1	291	0.0	503
MDA9697810.1	QIZ21162.1	82.597	385	67	0	1	385	1	385	0.0	657
MDA9697811.1	QIZ21161.1	88.438	320	37	0	1	320	1	320	0.0	580
MDA9697812.1	QIZ21160.1	91.147	497	44	0	1	497	1	497	0.0	954
MDA9697813.1	QIZ21159.1	84.825	257	39	0	1	257	1	257	3.69e-171	468
MDA9697814.1	QIZ21158.1	91.032	591	52	1	1	591	1	590	0.0	1139
MDA9697815.1	QIZ21157.1	60.000	85	34	0	5	89	5	89	1.82e-33	108
MDA9697816.1	QIZ21156.1	72.656	128	33	2	1	127	1	127	9.71e-61	178
MDA9697817.1	QIZ21155.1	74.018	331	86	0	1	331	1	331	0.0	515
MDA9697818.1	QIZ21154.1	76.423	369	87	0	1	369	1	369	0.0	587
MDA9697819.1	QIZ21152.1	77.491	542	122	0	1	542	1	542	0.0	898
MDA9697820.1	QIZ21151.1	81.122	588	110	1	1	588	1	587	0.0	1013
MDA9697821.1	QIZ21150.1	90.217	368	36	0	1	368	1	368	0.0	671
MDA9697822.1	QIZ21149.1	84.577	201	31	0	1	201	9	209	2.06e-124	345
MDA9697823.1	QIZ21148.1	89.936	467	47	0	1	467	1	467	0.0	880
MDA9697824.1	QIZ21146.1	80.702	228	44	0	1	228	1	228	4.94e-143	394
MDA9697825.1	QIZ21144.1	88.938	452	50	0	1	452	1	452	0.0	792
MDA9697826.1	QIZ21143.1	65.693	274	94	0	1	274	1	274	2.79e-122	346
MDA9697827.1	QIZ21142.1	81.311	305	57	0	1	305	1	305	0.0	506
MDA9697828.1	QIZ21141.1	60.638	188	72	2	1	187	1	187	2.69e-79	230
MDA9697829.1	QIZ21140.1	68.504	254	80	0	19	272	19	272	1.92e-135	379
MDA9697830.1	QIZ21139.1	76.027	292	70	0	1	292	1	292	4.00e-156	434
MDA9697831.1	QIZ21138.1	72.414	58	16	0	1	58	2	59	7.48e-26	85.5
MDA9697832.1	QIZ21137.1	71.041	442	128	0	1	442	1	442	0.0	625
MDA9697833.1	QIZ21136.1	87.417	453	57	0	1	453	1	453	0.0	775
MDA9697834.1	QIZ21135.1	78.173	197	41	1	1	197	1	195	6.81e-116	323
MDA9697835.1	QIZ21134.1	85.974	385	53	1	1	384	1	385	0.0	676
MDA9697836.1	QIZ21125.1	83.281	317	53	0	1	317	1	317	0.0	552
MDA9697837.1	QIZ21124.1	78.775	457	97	0	1	457	1	457	0.0	755
MDA9697838.1	QIZ21123.1	90.206	388	38	0	1	388	1	388	0.0	716
MDA9697839.1	QIZ21122.1	85.079	382	57	0	1	382	1	382	0.0	696
MDA9697840.1	QIZ21121.1	93.211	383	26	0	1	383	1	383	0.0	751
MDA9697841.1	QIZ21120.1	77.622	143	32	0	27	169	27	169	8.88e-82	235
MDA9697842.1	QIZ21119.1	56.911	123	49	2	1	119	1	123	2.58e-41	129
MDA9697843.1	QIZ21118.1	52.663	169	78	2	6	172	5	173	1.73e-61	184
MDA9697844.1	QIZ21117.1	69.983	603	180	1	5	606	6	608	0.0	827
MDA9697845.1	QIZ21116.1	68.116	138	44	0	1	138	1	138	1.10e-67	197
MDA9697846.1	QIZ21115.1	60.000	75	30	0	1	75	1	75	1.43e-29	95.9
MDA9697847.1	QIZ21114.1	81.356	236	43	1	1	235	1	236	8.61e-143	395
MDA9697848.1	QIZ21113.1	96.226	106	4	0	1	106	1	106	1.51e-74	211
MDA9697849.1	QIZ21112.1	76.503	183	43	0	1	183	1	183	6.33e-105	295
MDA9697850.1	QIZ21111.1	78.761	113	23	1	1	113	1	112	6.34e-60	175
MDA9697851.1	QIZ21110.1	81.028	253	48	0	1	253	1	253	1.51e-150	416
MDA9697852.1	QIZ21109.1	72.046	347	94	3	1	346	1	345	0.0	521
MDA9697853.1	QIZ21108.1	65.294	170	57	1	1	170	1	168	3.37e-82	236
MDA9697854.1	QIZ21107.1	81.013	395	75	0	1	395	1	395	0.0	670
MDA9697855.1	QIZ21105.1	84.868	152	23	0	1	152	1	152	3.26e-86	244
MDA9697856.1	QIZ21104.1	89.683	126	13	0	1	126	1	126	1.86e-78	223
MDA9697857.1	QIZ21103.1	71.916	381	104	3	1	379	1	380	0.0	570
MDA9697864.1	QIZ21097.1	86.263	495	68	0	1	495	1	495	0.0	879
MDA9697865.1	QIZ21096.1	84.746	236	36	0	1	236	1	236	8.96e-154	422
MDA9697867.1	QIZ21095.1	75.749	334	81	0	18	351	29	362	0.0	537
MDA9697868.1	QIZ21094.1	70.455	352	98	3	7	355	1	349	0.0	521
MDA9697871.1	QIZ21093.1	83.929	280	45	0	1	280	1	280	2.23e-177	486
MDA9697872.1	QIZ21092.1	81.250	96	18	0	1	96	1	96	2.06e-54	160
MDA9697873.1	QIZ21091.1	83.102	361	61	0	1	361	1	361	0.0	574
MDA9697874.1	QIZ21090.1	65.517	232	80	0	1	232	1	232	4.82e-114	322
MDA9697875.1	QIZ21089.1	62.706	303	112	1	4	305	5	307	1.13e-132	375
MDA9697876.1	QIZ21088.1	78.151	357	78	0	1	357	1	357	0.0	573
MDA9697877.1	QIZ21086.1	83.212	137	23	0	1	137	1	137	4.90e-84	238
MDA9697878.1	QIZ21085.1	88.785	642	72	0	55	696	39	680	0.0	1204
MDA9697879.1	QIZ21084.1	76.812	207	48	0	1	207	1	207	3.68e-119	332
MDA9697880.1	QIZ21083.1	81.395	86	16	0	1	86	1	86	4.19e-50	148
MDA9697881.1	QIZ21082.1	89.701	602	62	0	1	602	1	602	0.0	1067
MDA9697882.1	QIZ21081.1	86.842	114	15	0	1	114	1	114	1.61e-71	204
MDA9697883.1	QIZ21080.1	78.899	218	46	0	1	218	1	218	2.94e-125	349
MDA9697885.1	QIZ21079.1	70.495	505	149	0	7	511	14	518	0.0	714
MDA9697887.1	QIZ21078.1	67.442	215	68	1	1	215	1	213	1.98e-105	298
MDA9697888.1	QIZ21077.1	48.077	364	182	4	1	357	14	377	7.86e-105	308
MDA9697889.1	QIZ21076.1	74.713	696	176	0	1	696	1	696	0.0	1009
MDA9697890.1	QIZ21075.1	54.945	182	80	1	6	185	3	184	2.08e-65	194
MDA9697891.1	QIZ21074.1	58.182	165	69	0	1	165	1	165	1.15e-69	204
MDA9697892.1	QIZ21073.1	76.860	121	28	0	1	121	1	121	6.65e-67	193
MDA9697894.1	QIZ21071.1	87.251	251	32	0	1	251	1	251	3.00e-163	447
MDA9697895.1	QIZ21070.1	84.746	236	36	0	1	236	1	236	2.78e-149	411
MDA9697896.1	QIZ21068.1	87.019	208	27	0	1	208	1	208	1.69e-135	374
MDA9697897.1	QIZ21067.1	88.776	196	22	0	1	196	1	196	2.12e-132	365
MDA9697898.1	QIZ21066.1	90.058	171	17	0	1	171	1	171	1.09e-114	318
MDA9697899.1	QIZ21065.1	86.871	457	58	2	1	457	1	455	0.0	785
MDA9697900.1	QIZ21087.1	40.000	285	158	7	1	279	1	278	4.70e-52	167
MDA9697901.1	QIZ21064.1	56.489	131	56	1	7	136	38	168	4.89e-47	145
MDA9697902.1	QIZ21063.1	67.677	198	63	1	1	198	1	197	2.73e-96	274
MDA9697903.1	QIZ21062.1	67.376	141	45	1	1	141	1	140	1.89e-58	174
MDA9697904.1	QIZ21061.1	57.857	140	59	0	1	140	1	140	8.26e-59	174
MDA9697905.1	QIZ21060.1	71.171	222	62	2	1	220	1	222	6.78e-117	328
MDA9697906.1	QIZ21059.1	61.017	177	69	0	1	177	1	177	1.55e-71	211
MDA9697907.1	QIZ21058.1	58.015	262	110	0	2	263	3	264	7.84e-109	311
MDA9697908.1	QIZ21057.1	71.958	189	53	0	3	191	4	192	8.31e-97	275
MDA9697909.1	QIZ21056.1	75.912	274	66	0	1	274	1	274	5.99e-158	436
MDA9697910.1	QIZ21055.1	68.468	333	105	0	1	333	1	333	1.77e-173	480
MDA9697911.1	QIZ21054.1	33.731	335	200	8	1	319	1	329	3.23e-59	190
MDA9697913.1	QIZ21052.1	94.313	422	24	0	1	422	1	422	0.0	812
MDA9697915.1	QIZ21050.1	76.524	443	104	0	1	443	1	443	0.0	681
MDA9697916.1	QIZ21049.1	83.467	623	103	0	1	623	1	623	0.0	1068
MDA9697917.1	QIZ21048.1	57.895	209	88	0	5	213	4	212	1.56e-88	256
MDA9697918.1	QIZ21047.1	81.439	264	49	0	1	264	1	264	4.77e-162	446
MDA9697919.1	QIZ21046.1	72.401	279	77	0	3	281	4	282	1.82e-143	400
MDA9697920.1	QIZ21045.1	50.000	332	164	2	1	331	1	331	2.43e-100	295
MDA9697922.1	QIZ21043.1	66.433	855	275	5	1	854	1	844	0.0	1162
MDA9697923.1	QIZ21042.1	48.588	177	86	4	6	178	1	176	5.17e-51	158
MDA9697924.1	QIZ21041.1	32.597	362	195	15	1	346	1	329	1.23e-28	108
MDA9697925.1	QIZ21040.1	44.767	172	93	1	2	173	3	172	1.91e-40	131
MDA9697926.1	QIZ21039.1	56.682	217	90	3	1	214	1	216	8.37e-81	236
MDA9697927.1	QIZ21038.1	50.920	163	78	2	1	163	1	161	4.74e-47	146
MDA9697928.1	QIZ21037.1	44.565	184	94	3	11	186	9	192	1.98e-39	129
MDA9697930.1	QIZ21036.1	66.667	309	102	1	1	309	1	308	9.05e-152	423
MDA9697931.1	QIZ21035.1	80.500	200	39	0	18	217	18	217	1.05e-122	342
MDA9697932.1	QIZ21034.1	73.256	258	69	0	1	258	1	258	7.69e-142	394
MDA9697933.1	QIZ21033.1	83.598	378	54	3	1	377	1	371	0.0	625
MDA9697934.1	QIZ21032.1	89.507	629	65	1	1	629	1	628	0.0	1139
MDA9697935.1	QIZ21031.1	64.286	210	70	3	1	208	1	207	3.55e-87	252
MDA9697936.1	QIZ21030.1	65.500	200	69	0	1	200	1	200	1.15e-84	244
MDA9697937.1	QIZ21029.1	57.364	387	158	2	1	384	1	383	3.32e-150	425
MDA9697938.1	QIZ21028.1	59.091	286	116	1	1	285	1	286	1.08e-113	325
MDA9697939.1	QIZ21027.1	73.096	197	53	0	1	197	1	197	1.02e-107	303
MDA9697940.1	QIZ21026.1	74.390	328	84	0	1	328	434	761	4.99e-176	502
MDA9697941.1	QIZ21025.1	68.959	509	157	1	1	509	1	508	0.0	681
MDA9697942.1	QIZ21024.1	74.474	333	85	0	1	333	1	333	0.0	518
MDA9697943.1	QIZ21023.1	77.778	180	39	1	1	179	1	180	8.45e-103	289
MDA9697945.1	QIZ21022.1	61.145	332	128	1	22	353	2	332	3.35e-154	432
MDA9697946.1	QIZ21021.1	62.500	112	42	0	2	113	17	128	1.03e-49	150
MDA9697947.1	QIZ21020.1	76.761	142	25	3	1	140	1	136	9.82e-73	209
MDA9697948.1	QIZ21019.1	70.852	446	126	1	1	442	10	455	0.0	651
MDA9697949.1	QIZ21018.1	87.311	331	42	0	1	331	1	331	0.0	599
MDA9697950.1	QIZ21017.1	57.237	152	65	0	1	152	1	152	1.08e-49	152
MDA9697951.1	QIZ21016.1	53.542	480	217	3	26	502	19	495	1.06e-169	486
MDA9697952.1	QIZ21015.1	79.587	387	79	0	1	387	1	387	0.0	632
MDA9697953.1	QIZ21014.1	90.189	530	52	0	1	530	1	530	0.0	944
MDA9697954.1	QIZ21013.1	76.081	740	170	3	1	737	1	736	0.0	1121
MDA9697955.1	QIZ21012.1	86.066	122	17	0	1	122	1	122	9.83e-75	213
MDA9697956.1	QIZ21011.1	75.610	82	20	0	1	82	1	82	1.67e-41	126
MDA9697957.1	QIZ21010.1	90.698	688	64	0	1	688	1	688	0.0	1281
MDA9697959.1	QIZ21008.1	92.720	261	19	0	1	261	1	261	0.0	501
MDA9697960.1	QIZ21007.1	92.308	403	31	0	1	403	1	403	0.0	777
MDA9697961.1	QIZ21006.1	84.940	166	25	0	1	166	1	166	1.34e-105	295
MDA9697962.1	QIZ21005.1	65.891	129	44	0	3	131	7	135	1.07e-60	179
MDA9697964.1	QIZ20329.1	62.371	194	71	2	10	202	20	212	5.65e-92	264
MDA9697967.1	QIZ21001.1	63.194	144	51	1	8	149	3	146	1.56e-61	182
MDA9697968.1	QIZ21000.1	68.145	248	79	0	1	248	1	248	9.69e-118	332
MDA9697969.1	QIZ20999.1	68.966	145	45	0	1	145	1	145	2.80e-77	221
MDA9697970.1	QIZ20998.1	67.581	401	130	0	1	401	1	401	0.0	575
MDA9697971.1	QIZ20997.1	81.034	522	99	0	1	522	1	522	0.0	865
MDA9697972.1	QIZ20996.1	73.077	234	63	0	1	234	1	234	4.71e-131	365
MDA9697973.1	QIZ20995.1	61.538	286	110	0	1	286	1	286	1.28e-114	327
MDA9697974.1	QIZ20994.1	82.558	86	15	0	1	86	1	86	6.36e-46	137
MDA9697975.1	QIZ21372.1	55.792	423	183	3	1	422	529	948	1.16e-138	416
MDA9697977.1	QIZ21373.1	54.098	427	186	4	8	429	7	428	3.13e-143	412
MDA9697978.1	QIZ21374.1	64.110	365	129	2	10	373	10	373	2.62e-156	440
MDA9697979.1	QIZ21375.1	48.034	356	183	2	1	354	1	356	1.10e-115	335
MDA9697980.1	QIZ21376.1	71.767	464	131	0	1	464	1	464	0.0	692
MDA9697981.1	QIZ21377.1	64.901	302	106	0	1	302	11	312	3.14e-132	374
MDA9697982.1	QIZ21378.1	71.192	302	87	0	2	303	3	304	9.44e-145	405
MDA9697983.1	QIZ21379.1	37.946	224	134	3	1	220	1	223	1.02e-35	122
MDA9697985.1	QIZ21381.1	68.301	306	97	0	1	306	1	306	7.54e-154	428
MDA9697986.1	QIZ21382.1	54.583	240	108	1	15	254	18	256	8.24e-94	274
MDA9697987.1	QIZ21383.1	70.120	666	199	0	10	675	10	675	0.0	945
MDA9697988.1	QIZ21384.1	58.688	564	233	0	1	564	1	564	0.0	672
MDA9697989.1	QIZ21385.1	84.366	678	105	1	1	677	1	678	0.0	1189
MDA9697990.1	QIZ21386.1	30.045	446	279	13	45	477	33	458	2.68e-32	124
MDA9697991.1	QIZ21387.1	78.788	462	98	0	1	462	1	462	0.0	747
MDA9697993.1	QIZ20578.1	48.529	68	35	0	1	68	1	68	2.05e-23	79.7
MDA9697995.1	QIZ21230.1	53.583	321	149	0	1	321	1	321	4.98e-121	347
MDA9697997.1	QIZ21388.1	87.937	315	38	0	1	315	1	315	0.0	591
MDA9697998.1	QIZ21395.1	83.942	274	44	0	1	274	1	274	3.39e-171	469
MDA9697999.1	QIZ21396.1	85.924	341	48	0	28	368	26	366	0.0	593
MDA9698000.1	QIZ21397.1	86.851	289	38	0	1	289	1	289	0.0	501
MDA9698001.1	QIZ21398.1	81.967	61	11	0	1	61	1	61	9.56e-33	102
MDA9698002.1	QIZ21399.1	74.207	473	115	4	1	468	1	471	0.0	677
MDA9698003.1	QIZ21400.1	58.194	299	125	0	1	299	1	299	1.91e-109	316
MDA9698004.1	QIZ21401.1	84.524	588	91	0	1	588	1	588	0.0	1034
MDA9698005.1	QIZ21402.1	77.348	181	41	0	1	181	1	181	1.91e-102	288
MDA9698006.1	QIZ21403.1	85.000	340	50	1	1	340	1	339	0.0	606
MDA9698007.1	QIZ21404.1	81.905	525	87	4	1	523	1	519	0.0	895
MDA9698008.1	QIZ21405.1	92.604	338	25	0	7	344	8	345	0.0	639
MDA9698009.1	QIZ21406.1	45.455	418	212	5	1	407	1	413	4.33e-117	343
MDA9698010.1	QIZ21408.1	65.997	647	189	2	9	624	8	654	0.0	899
MDA9698011.1	QIZ21409.1	71.892	370	100	1	10	375	4	373	1.38e-180	501
MDA9698012.1	QIZ21410.1	79.854	412	83	0	1	412	1	412	0.0	699
MDA9698013.1	QIZ21411.1	50.338	296	147	0	1	296	1	296	9.48e-107	308
MDA9698014.1	QIZ21412.1	80.696	316	61	0	1	316	1	316	0.0	539
MDA9698015.1	QIZ21413.1	81.818	297	54	0	1	297	1	297	0.0	501
MDA9698016.1	QIZ21414.1	79.339	121	24	1	1	120	1	121	3.52e-71	204
MDA9698017.1	QIZ21415.1	78.571	84	18	0	1	84	1	84	1.60e-49	147
MDA9698018.1	QIZ21416.1	78.571	98	21	0	1	98	1	98	3.38e-54	159
MDA9698019.1	QIZ21417.1	77.451	204	46	0	1	204	1	204	3.62e-103	292
MDA9698020.1	QIZ21418.1	85.714	413	58	1	1	412	1	413	0.0	736
MDA9698021.1	QIZ21419.1	82.639	288	50	0	1	288	10	297	6.20e-174	478
MDA9698022.1	QIZ21420.1	69.714	350	105	1	1	349	1	350	0.0	513
MDA9698023.1	QIZ21421.1	82.927	246	42	0	1	246	1	246	2.09e-155	427
MDA9698024.1	QIZ21422.1	87.356	261	33	0	1	261	1	261	3.29e-169	463
MDA9698025.1	QIZ21423.1	66.234	231	78	0	1	231	1	231	1.88e-117	330
MDA9698026.1	QIZ21424.1	60.748	107	42	0	1	107	1	107	2.91e-43	132
MDA9698027.1	QIZ21425.1	77.181	298	68	0	5	302	4	301	9.59e-175	481
MDA9698030.1	QIZ21432.1	57.431	397	165	2	1	393	1	397	1.21e-156	442
MDA9698031.1	QIZ21438.1	64.228	246	88	0	1	246	1	246	2.66e-117	331
MDA9698032.1	QIZ21439.1	79.381	388	80	0	1	388	1	388	0.0	668
MDA9698033.1	QIZ21440.1	84.530	362	55	1	1	361	1	362	0.0	639
MDA9698034.1	QIZ21441.1	75.833	360	83	3	13	369	13	371	0.0	568
MDA9698035.1	QIZ21442.1	70.290	414	123	0	4	417	2	415	0.0	620
MDA9698036.1	QIZ21443.1	88.028	284	34	0	1	284	1	284	1.85e-174	479
MDA9698037.1	QIZ21444.1	85.135	740	110	0	1	740	1	740	0.0	1304
MDA9698038.1	QIZ21445.1	70.423	213	63	0	1	213	1	213	6.89e-112	315
MDA9698039.1	QIZ21446.1	60.177	226	85	1	18	238	18	243	3.57e-94	272
MDA9698040.1	QIZ21447.1	91.195	318	28	0	1	318	1	318	0.0	608
MDA9698041.1	QIZ21448.1	72.117	477	133	0	1	477	1	477	0.0	723
MDA9698042.1	QIZ21449.1	75.000	396	99	0	1	396	1	396	0.0	644
MDA9698043.1	QIZ21450.1	85.841	113	16	0	1	113	1	113	6.17e-71	203
MDA9698044.1	QIZ21453.1	51.402	214	104	0	1	214	1	214	1.23e-62	190
MDA9698045.1	QIZ21454.1	37.555	229	142	1	16	243	18	246	3.13e-46	155
MDA9698046.1	QIZ21454.1	45.161	186	102	0	3	188	248	433	5.03e-49	160
MDA9698047.1	QIZ21455.1	87.324	142	18	0	1	142	1	142	4.24e-92	259
MDA9698048.1	QIZ21456.1	60.172	349	136	2	1	346	1	349	3.50e-141	400
MDA9698049.1	QIZ21457.1	71.739	138	39	0	1	138	1	138	5.24e-74	213
MDA9698050.1	QIZ21458.1	70.190	473	141	0	20	492	1	473	0.0	701
MDA9698051.1	QIZ21459.1	55.495	364	161	1	4	366	13	376	7.81e-154	434
MDA9698052.1	QIZ21481.1	43.732	343	167	6	1	319	1	341	1.62e-86	259
MDA9698053.1	QIZ21484.1	38.521	257	156	2	4	259	6	261	1.39e-57	180
MDA9698054.1	QIZ21485.1	74.555	562	142	1	1	562	1	561	0.0	873
MDA9698055.1	QIZ21490.1	71.986	282	79	0	1	282	1	282	4.06e-149	414
MDA9698057.1	QIZ21492.1	57.857	140	59	0	6	145	7	146	1.26e-59	177
MDA9698058.1	QIZ21493.1	71.774	248	70	0	1	248	1	248	1.55e-120	339
MDA9698059.1	QIZ21496.1	98.529	68	1	0	1	68	1	68	8.57e-47	139
MDA9698060.1	QIZ21497.1	69.737	152	46	0	1	152	1	152	4.84e-79	227
MDA9698061.1	QIZ21498.1	73.193	332	88	1	16	347	16	346	0.0	521
MDA9698062.1	QIZ21499.1	78.528	163	35	0	1	163	1	163	4.82e-87	248
MDA9698064.1	QIZ21503.1	85.000	180	27	0	1	180	1	180	2.97e-113	315
MDA9698065.1	QIZ21504.1	89.602	452	47	0	1	452	1	452	0.0	862
MDA9698066.1	QIZ21505.1	82.645	242	42	0	1	242	1	242	3.55e-153	421
MDA9698067.1	QIZ21507.1	73.881	134	35	0	1	134	1	134	9.30e-74	212
MDA9698068.1	QIZ21508.1	88.710	124	14	0	1	124	1	124	5.47e-85	239
MDA9698069.1	QIZ21509.1	79.070	258	54	0	1	258	4	261	6.61e-153	422
MDA9698070.1	QIZ21510.1	55.814	129	57	0	5	133	11	139	8.05e-46	141
MDA9698071.1	QIZ21511.1	70.899	189	55	0	1	189	1	189	1.72e-104	294
MDA9698072.1	QIZ21512.1	60.284	141	56	0	17	157	26	166	1.41e-62	186
MDA9698073.1	QIZ21513.1	88.642	810	92	0	1	810	1	810	0.0	1496
MDA9698074.1	QIZ21514.1	86.345	249	34	0	1	249	1	249	5.79e-161	442
MDA9698075.1	QIZ21515.1	78.864	317	67	0	1	317	1	317	0.0	518
MDA9698076.1	QIZ21516.1	86.704	534	71	0	1	534	6	539	0.0	991
MDA9698077.1	QIZ21519.1	82.258	124	22	0	1	124	1	124	5.88e-77	219
MDA9698078.1	QIZ21520.1	82.581	155	27	0	1	155	1	155	1.98e-98	276
MDA9698079.1	QIZ21521.1	84.080	201	31	1	1	200	1	201	5.52e-130	359
MDA9698080.1	QIZ21522.1	65.269	334	115	1	1	334	1	333	1.06e-168	468
MDA9698081.1	QIZ21523.1	92.881	295	21	0	1	295	1	295	0.0	572
MDA9698082.1	QIZ21527.1	69.591	342	101	3	18	359	1	339	2.71e-175	486
MDA9698084.1	QIZ21530.1	71.215	535	151	1	2	536	5	536	0.0	730
MDA9698085.1	QIZ21531.1	72.521	353	96	1	1	353	1	352	6.63e-179	496
MDA9698086.1	QIZ21532.1	65.278	216	74	1	1	215	1	216	1.90e-98	282
MDA9698087.1	QIZ21533.1	65.686	102	35	0	3	104	2	103	7.41e-49	146
MDA9698088.1	QIZ21534.1	76.364	110	26	0	13	122	13	122	3.36e-61	179
MDA9698089.1	QIZ21538.1	56.034	232	102	0	6	237	4	235	9.92e-81	238
MDA9698092.1	QIZ20211.1	60.638	94	37	0	1	94	1	94	1.42e-39	122
MDA9698093.1	QIZ20542.1	47.047	491	247	3	3	480	2	492	1.85e-145	421
MDA9698094.1	QIZ20541.1	75.484	310	76	0	1	310	1	310	2.10e-173	478
MDA9698095.1	QIZ20540.1	82.745	255	44	0	1	255	1	255	8.37e-155	427
MDA9698096.1	QIZ21525.1	92.471	425	31	1	1	424	1	425	0.0	824
MDA9698097.1	QIZ21524.1	86.765	476	63	0	1	476	1	476	0.0	872
MDA9698100.1	QIZ20851.1	30.794	315	193	9	2	311	3	297	8.31e-34	122
MDA9698103.1	QIZ21591.1	75.429	175	43	0	1	175	1	175	3.59e-90	256
MDA9698107.1	QIZ21593.1	82.948	346	59	0	1	346	1	346	0.0	587
MDA9698110.1	QIZ20183.1	75.969	129	31	0	1	129	1	129	5.51e-68	197
MDA9698111.1	QIZ20184.1	71.197	309	89	0	1	309	1	309	1.36e-154	431
MDA9698112.1	QIZ20190.1	71.866	359	101	0	1	359	1	359	0.0	554
MDA9698113.1	QIZ20191.1	71.739	184	52	0	1	184	1	184	2.64e-104	293
MDA9698114.1	QIZ20192.1	81.437	167	31	0	1	167	1	167	1.52e-101	285
MDA9698116.1	QIZ20196.1	66.834	199	66	0	1	199	1	199	6.05e-106	298
MDA9698117.1	QIZ20197.1	87.197	289	37	0	1	289	1	289	0.0	529
MDA9698118.1	QIZ20198.1	72.139	402	112	0	1	402	1	402	0.0	530
MDA9698119.1	QIZ20199.1	68.362	177	53	2	1	176	1	175	1.56e-82	237
MDA9698120.1	QIZ20200.1	85.789	380	54	0	1	380	1	380	0.0	688
MDA9698121.1	QIZ20201.1	91.667	336	28	0	1	336	1	336	0.0	647
MDA9698122.1	QIZ20202.1	85.185	162	24	0	1	162	1	162	2.42e-100	281
MDA9698123.1	QIZ20203.1	91.648	443	37	0	1	443	1	443	0.0	812
MDA9698124.1	QIZ20204.1	85.846	325	46	0	7	331	1	325	0.0	593
MDA9698125.1	QIZ20205.1	87.004	277	36	0	1	277	1	277	7.45e-149	413
MDA9698126.1	QIZ20207.1	89.394	66	7	0	1	66	1	66	2.52e-40	122
MDA9698129.1	QIZ20499.1	70.817	257	75	0	1	257	1	257	4.91e-137	382
MDA9698131.1	QIZ20498.1	61.049	267	99	3	1	266	1	263	1.11e-106	306
MDA9698132.1	QIZ20497.1	62.745	255	92	1	1	255	1	252	1.48e-108	309
MDA9698133.1	QIZ20496.1	77.249	189	43	0	2	190	8	196	5.04e-93	265
MDA9698134.1	QIZ20495.1	70.149	536	155	1	2	537	1	531	0.0	810
MDA9698135.1	QIZ20489.1	60.440	364	143	1	1	364	1	363	8.40e-166	463
MDA9698136.1	QIZ20488.1	54.854	206	79	2	8	200	15	219	6.93e-66	198
MDA9698137.1	QIZ20487.1	76.538	439	103	0	4	442	2	440	0.0	654
MDA9698138.1	QIZ20485.1	62.887	485	180	0	1	485	1	485	0.0	603
MDA9698139.1	QIZ20484.1	75.510	245	60	0	6	250	4	248	5.76e-141	391
MDA9698140.1	QIZ20483.1	62.319	207	73	2	10	216	14	215	1.40e-90	261
MDA9698142.1	QIZ20482.1	76.259	139	33	0	1	139	1	139	3.44e-79	226
MDA9698143.1	QIZ20481.1	67.111	225	74	0	1	225	1	225	1.28e-112	317
MDA9698144.1	QIZ20480.1	63.946	147	53	0	35	181	35	181	1.54e-66	197
MDA9698148.1	QIZ20479.1	77.500	80	18	0	1	80	1	80	1.33e-43	132
MDA9698149.1	QIZ20478.1	75.057	437	109	0	1	437	1	437	0.0	652
MDA9698150.1	QIZ20477.1	87.685	203	25	0	1	203	1	203	3.03e-135	373
MDA9698151.1	QIZ20476.1	92.654	422	31	0	1	422	1	422	0.0	811
MDA9698152.1	QIZ20475.1	87.011	793	102	1	1	792	2	794	0.0	1391
MDA9698153.1	QIZ20474.1	90.164	122	12	0	1	122	1	122	1.27e-77	221
MDA9698154.1	QIZ20473.1	94.545	165	9	0	7	171	9	173	2.00e-122	338
MDA9698155.1	QIZ20472.1	83.168	202	33	1	1	201	1	202	1.23e-126	351
MDA9698156.1	QIZ20471.1	94.885	391	20	0	1	391	1	391	0.0	775
MDA9698157.1	QIZ20470.1	85.149	202	30	0	1	202	1	202	2.06e-134	370
MDA9698158.1	QIZ20469.1	88.409	440	51	0	1	440	1	440	0.0	828
MDA9698159.1	QIZ20468.1	72.353	680	184	2	1	677	1	679	0.0	1040
MDA9698160.1	QIZ20467.1	92.169	332	26	0	1	332	1	332	0.0	619
MDA9698161.1	QIZ20466.1	88.199	161	19	0	1	161	1	161	4.75e-109	303
MDA9698162.1	QIZ20465.1	79.524	210	43	0	1	210	1	210	9.74e-125	347
MDA9698163.1	QIZ20464.1	80.583	103	20	0	1	103	1	103	6.82e-47	141
MDA9698164.1	QIZ20463.1	78.964	637	134	0	1	637	1	637	0.0	1056
MDA9698165.1	QIZ20462.1	81.429	490	89	1	1	490	1	488	0.0	815
MDA9698166.1	QIZ20461.1	74.153	472	121	1	1	472	1	471	0.0	682
MDA9698167.1	QIZ20460.1	55.357	168	75	0	1	168	1	168	7.23e-59	178
MDA9698168.1	QIZ20459.1	61.044	249	95	2	1	248	1	248	5.07e-96	277
MDA9698169.1	QIZ20458.1	78.804	552	116	1	1	552	1	551	0.0	938
MDA9698170.1	QIZ20457.1	77.778	81	18	0	1	81	1	81	1.35e-35	111
MDA9698171.1	QIZ20456.1	80.405	444	87	0	1	444	1	444	0.0	749
MDA9698172.1	QIZ20455.1	71.951	410	115	0	1	410	1	410	0.0	556
MDA9698173.1	QIZ20454.1	63.393	224	82	0	1	224	1	224	8.31e-103	293
MDA9698174.1	QIZ20453.1	75.066	1139	283	1	1	1139	1	1138	0.0	1784
MDA9698176.1	QIZ20452.1	77.032	283	65	0	1	283	1	283	1.67e-161	446
MDA9698177.1	QIZ20451.1	74.863	183	46	0	1	183	1	183	3.87e-101	285
MDA9698178.1	QIZ20450.1	59.091	176	71	1	1	175	1	176	1.59e-60	183
MDA9698179.1	QIZ20986.1	70.370	216	64	0	1	216	1	216	1.29e-116	327
MDA9698180.1	QIZ20985.1	83.871	186	30	0	4	189	3	188	5.37e-120	333
MDA9698181.1	QIZ20984.1	83.616	177	28	1	1	176	1	177	2.18e-101	285
MDA9698182.1	QIZ20983.1	52.174	161	75	1	1	161	1	159	3.02e-52	159
MDA9698183.1	QIZ20982.1	63.636	198	72	0	1	198	1	198	3.00e-89	256
MDA9698184.1	QIZ20981.1	56.997	586	228	8	1	581	1	567	0.0	600
MDA9698185.1	QIZ20980.1	79.730	222	40	1	71	292	85	301	8.56e-127	359
MDA9698186.1	QIZ20979.1	83.333	108	18	0	1	108	1	108	6.23e-65	187
MDA9698187.1	QIZ20978.1	60.741	135	51	1	2	134	4	138	4.24e-52	157
MDA9698188.1	QIZ20977.1	76.846	799	185	0	1	799	3	801	0.0	1273
MDA9698189.1	QIZ20976.1	87.121	132	17	0	1	132	1	132	2.98e-84	238
MDA9698190.1	QIZ20975.1	67.268	388	123	1	7	390	7	394	0.0	555
MDA9698192.1	QIZ20974.1	85.587	1013	144	2	1	1012	1	1012	0.0	1827
MDA9698193.1	QIZ20973.1	69.811	424	123	2	1	420	1	423	0.0	607
MDA9698194.1	QIZ20972.1	76.271	295	70	0	1	295	1	295	1.77e-162	449
MDA9698195.1	QIZ20971.1	64.583	240	84	1	1	239	1	240	7.28e-108	308
MDA9698196.1	QIZ20970.1	85.177	479	71	0	1	479	1	479	0.0	828
MDA9698197.1	QIZ20969.1	81.213	1501	282	0	1	1501	1	1501	0.0	2568
MDA9698198.1	QIZ20967.1	67.073	246	81	0	1	246	1	246	4.55e-110	313
MDA9698199.1	QIZ20966.1	77.083	384	88	0	1	384	1	384	0.0	588
MDA9698200.1	QIZ20965.1	81.847	639	115	1	1	639	1	638	0.0	1114
MDA9698201.1	QIZ20964.1	91.160	181	16	0	1	181	1	181	5.01e-123	340
MDA9698202.1	QIZ20963.1	95.588	68	3	0	1	68	1	68	1.09e-42	128
MDA9698203.1	QIZ20962.1	94.068	118	7	0	1	118	1	118	5.74e-81	229
MDA9698204.1	QIZ20961.1	86.197	355	49	0	1	355	1	355	0.0	638
MDA9698205.1	QIZ20959.1	87.960	598	72	0	1	598	4	601	0.0	1097
MDA9698206.1	QIZ20953.1	39.442	251	133	5	1	236	1	247	2.22e-46	152
MDA9698218.1	QIZ20952.1	84.649	684	103	1	3	686	4	685	0.0	1199
MDA9698219.1	QIZ20951.1	66.667	426	142	0	1	426	1	426	0.0	563
MDA9698220.1	QIZ20950.1	67.279	599	194	2	6	602	4	602	0.0	788
MDA9698221.1	QIZ20949.1	90.123	324	32	0	1	324	1	324	0.0	626
MDA9698222.1	QIZ20948.1	78.286	175	38	0	1	175	1	175	3.99e-103	289
MDA9698223.1	QIZ20947.1	56.471	85	37	0	1	85	10	94	1.50e-29	97.1
MDA9698224.1	QIZ20946.1	61.475	366	140	1	1	365	1	366	2.21e-150	424
MDA9698225.1	QIZ20945.1	57.738	168	71	0	1	168	1	168	1.81e-67	199
MDA9698227.1	QIZ20944.1	55.763	590	255	3	1	588	1	586	0.0	609
MDA9698228.1	QIZ20943.1	55.747	174	75	1	1	174	1	172	2.48e-69	204
MDA9698229.1	QIZ20942.1	63.548	310	113	0	1	310	1	310	4.68e-147	411
MDA9698230.1	QIZ20941.1	65.041	246	86	0	1	246	1	246	2.10e-115	326
MDA9698231.1	QIZ20940.1	74.684	158	40	0	1	158	1	158	2.61e-89	253
MDA9698232.1	QIZ20939.1	61.165	309	118	1	1	307	1	309	2.42e-144	404
MDA9698233.1	QIZ20937.1	74.740	384	97	0	1	384	1	384	0.0	599
MDA9698234.1	QIZ20936.1	73.626	273	71	1	3	275	4	275	1.09e-153	426
MDA9698235.1	QIZ20935.1	47.807	228	112	2	2	229	3	223	4.46e-72	215
MDA9698236.1	QIZ20934.1	54.804	281	127	0	2	282	8	288	1.75e-105	304
MDA9698237.1	QIZ20933.1	71.020	559	160	2	1	558	1	558	0.0	842
MDA9698238.1	QIZ20932.1	65.060	83	29	0	1	83	1	83	2.69e-33	105
MDA9698239.1	QIZ20931.1	69.298	114	34	1	1	113	1	114	1.83e-49	149
MDA9698241.1	QIZ20929.1	63.333	240	87	1	1	240	1	239	1.02e-109	311
MDA9698243.1	QIZ20928.1	81.818	66	11	1	1	66	1	65	2.88e-25	84.3
MDA9698244.1	QIZ20927.1	75.135	185	45	1	1	184	1	185	2.46e-98	278
MDA9698245.1	QIZ20926.1	76.499	417	98	0	1	417	1	417	0.0	633
MDA9698246.1	QIZ20925.1	61.832	131	50	0	1	131	1	131	3.45e-57	170
MDA9698247.1	QIZ20924.1	77.518	427	96	0	1	427	2	428	0.0	643
MDA9698248.1	QIZ20923.1	84.507	71	11	0	1	71	1	71	3.08e-42	127
MDA9698249.1	QIZ21496.1	70.769	65	19	0	3	67	2	66	1.89e-30	97.8
MDA9698250.1	QIZ20922.1	66.809	467	151	3	1	465	1	465	0.0	611
MDA9698251.1	QIZ20921.1	46.286	350	183	3	1	349	1	346	3.36e-112	326
MDA9698252.1	QIZ20920.1	49.345	229	115	1	1	229	1	228	9.53e-77	227
MDA9698254.1	QIZ20908.1	46.781	233	117	3	1	226	1	233	2.41e-61	187
MDA9698255.1	QIZ20898.1	33.125	480	308	9	1	476	1	471	6.03e-87	270
MDA9698256.1	QIZ20897.1	59.813	107	40	2	1	105	1	106	1.56e-41	128
MDA9698257.1	QIZ20896.1	47.442	430	210	7	1	422	1	422	5.49e-127	369
MDA9698258.1	QIZ20895.1	73.701	308	81	0	1	308	1	308	0.0	498
MDA9698259.1	QIZ20894.1	71.648	261	74	0	5	265	4	264	1.03e-127	359
MDA9698260.1	QIZ20893.1	75.490	408	100	0	1	408	1	408	0.0	660
MDA9698261.1	QIZ20892.1	50.481	208	99	3	1	207	1	205	1.61e-65	197
MDA9698262.1	QIZ20891.1	50.442	226	104	5	6	224	6	230	1.97e-69	208
MDA9698263.1	QIZ20890.1	81.250	96	18	0	1	96	1	96	1.03e-54	160
MDA9698264.1	QIZ20889.1	82.199	573	101	1	1	572	1	573	0.0	968
MDA9698265.1	QIZ20887.1	64.423	416	146	2	20	433	20	435	0.0	510
MDA9698266.1	QIZ20886.1	64.062	256	91	1	1	256	1	255	1.86e-119	337
MDA9698267.1	QIZ20885.1	33.161	193	127	1	1	191	1	193	1.07e-23	89.0
MDA9698268.1	QIZ20884.1	63.871	310	112	0	13	322	13	322	2.07e-142	401
MDA9698269.1	QIZ20883.1	71.220	205	57	1	1	205	1	203	1.88e-106	300
MDA9698270.1	QIZ20882.1	75.157	318	79	0	1	318	1	318	0.0	505
MDA9698271.1	QIZ20881.1	75.301	166	39	2	1	164	1	166	4.85e-94	265
MDA9698272.1	QIZ20879.1	79.328	387	80	0	5	391	2	388	0.0	601
MDA9698273.1	QIZ20878.1	69.903	309	93	0	1	309	1	309	6.44e-161	446
MDA9698274.1	QIZ20877.1	69.274	179	55	0	1	179	11	189	8.64e-93	264
MDA9698275.1	QIZ20876.1	61.885	244	92	1	2	244	3	246	2.22e-101	290
MDA9698276.1	QIZ20875.1	77.978	277	60	1	1	277	1	276	6.47e-164	451
MDA9698277.1	QIZ20874.1	70.072	558	156	4	1	548	1	557	0.0	754
MDA9698278.1	QIZ20873.1	77.143	105	24	0	1	105	1	105	8.54e-55	162
MDA9698279.1	QIZ20872.1	79.703	202	41	0	1	202	1	202	1.29e-121	338
MDA9698280.1	QIZ21235.1	89.414	529	56	0	1	529	1	529	0.0	952
MDA9698281.1	QIZ21236.1	92.708	96	7	0	1	96	1	96	2.00e-61	177
MDA9698282.1	QIZ21237.1	69.485	272	83	0	1	272	1	272	7.06e-145	403
MDA9698283.1	QIZ21238.1	71.803	305	86	0	1	305	1	305	2.00e-151	422
MDA9698284.1	QIZ21239.1	78.872	904	191	0	1	904	1	904	0.0	1488
MDA9698285.1	QIZ21240.1	49.359	156	77	1	7	162	7	160	4.10e-42	134
MDA9698287.1	QIZ21242.1	55.789	380	167	1	7	385	1	380	5.55e-137	392
MDA9698288.1	QIZ21243.1	56.216	185	81	0	1	185	1	185	6.07e-62	186
MDA9698289.1	QIZ21244.1	64.762	420	148	0	1	420	1	420	0.0	561
MDA9698290.1	QIZ21245.1	71.930	57	16	0	3	59	4	60	6.06e-30	95.9
MDA9698291.1	QIZ21246.1	56.794	287	123	1	1	287	1	286	2.18e-112	322
MDA9698292.1	QIZ21247.1	43.506	308	169	2	1	306	1	305	7.12e-80	241
MDA9698293.1	QIZ21248.1	48.426	413	205	3	1	409	1	409	3.82e-121	354
MDA9698294.1	QIZ21249.1	66.609	578	193	0	1	578	1	578	0.0	799
MDA9698295.1	QIZ21250.1	66.319	288	95	2	1	288	1	286	6.02e-140	392
MDA9698296.1	QIZ21251.1	82.836	134	23	0	1	134	1	134	1.02e-85	242
MDA9698297.1	QIZ21252.1	84.830	323	49	0	1	323	1	323	0.0	565
MDA9698298.1	QIZ21253.1	78.495	279	59	1	1	278	1	279	6.17e-165	454
MDA9698299.1	QIZ21254.1	73.418	79	21	0	1	79	1	79	3.43e-43	130
MDA9698300.1	QIZ21256.1	83.182	220	37	0	1	220	1	220	2.38e-128	357
MDA9698301.1	QIZ21257.1	74.249	233	60	0	1	233	1	233	1.34e-123	346
MDA9698302.1	QIZ21258.1	79.705	271	54	1	1	270	1	271	2.18e-157	434
MDA9698303.1	QIZ21259.1	93.015	544	38	0	1	544	1	544	0.0	986
MDA9698304.1	QIZ21260.1	81.518	303	56	0	1	303	1	303	0.0	513
MDA9698306.1	QIZ21262.1	77.841	176	39	0	2	177	1	176	7.35e-107	299
MDA9698307.1	QIZ21263.1	85.115	262	39	0	1	262	1	262	3.04e-161	443
MDA9698308.1	QIZ21264.1	68.664	217	68	0	1	217	1	217	2.07e-99	283
MDA9698309.1	QIZ21265.1	59.912	454	181	1	1	453	1	454	0.0	591
MDA9698310.1	QIZ21266.1	50.314	159	79	0	1	159	1	159	6.37e-59	176
MDA9698312.1	QIZ21267.1	62.857	140	52	0	1	140	1	140	2.26e-58	173
MDA9698313.1	QIZ21268.1	63.438	320	116	1	1	319	1	320	3.13e-142	400
MDA9698314.1	QIZ21269.1	76.752	314	73	0	1	314	1	314	0.0	506
MDA9698315.1	QIZ21270.1	51.724	319	121	8	5	304	7	311	1.95e-88	262
MDA9698316.1	QIZ21271.1	72.599	354	97	0	1	354	1	354	0.0	521
MDA9698317.1	QIZ21272.1	61.837	283	108	0	1	283	1	283	2.70e-116	331
MDA9698318.1	QIZ21273.1	82.099	486	86	1	1	486	1	485	0.0	825
MDA9698319.1	QIZ21274.1	75.000	164	41	0	1	164	4	167	5.15e-87	248
MDA9698320.1	QIZ21275.1	72.727	176	48	0	21	196	4	179	2.76e-88	253
MDA9698321.1	QIZ21276.1	100.000	75	0	0	1	75	1	75	1.79e-46	138
MDA9698322.1	QIZ21277.1	90.574	244	23	0	1	244	1	244	2.26e-165	452
MDA9698323.1	QIZ21278.1	76.667	90	21	0	1	90	1	90	6.87e-45	135
MDA9698324.1	QIZ21279.1	74.912	857	156	2	1	798	1	857	0.0	1253
MDA9698325.1	QIZ21280.1	64.497	169	60	0	23	191	28	196	6.39e-79	229
MDA9698326.1	QIZ21281.1	60.606	165	59	2	1	162	1	162	1.19e-60	181
MDA9698327.1	QIZ21282.1	62.654	324	121	0	1	324	1	324	1.43e-146	412
MDA9698328.1	QIZ21283.1	53.525	383	173	4	1	379	1	382	4.07e-136	389
MDA9698329.1	QIZ21284.1	83.754	357	57	1	1	357	1	356	0.0	629
MDA9698330.1	QIZ21285.1	72.678	183	50	0	1	183	1	183	1.03e-95	271
MDA9698331.1	QIZ21286.1	54.321	243	107	1	1	239	1	243	1.89e-84	247
MDA9698332.1	QIZ21287.1	55.210	547	244	1	15	560	15	561	0.0	594
MDA9698333.1	QIZ21288.1	53.069	277	130	0	5	281	5	281	5.29e-94	275
MDA9698334.1	QIZ21289.1	59.953	422	169	0	1	422	1	422	0.0	507
MDA9698335.1	QIZ21290.1	86.076	158	22	0	1	158	1	158	2.03e-100	281
MDA9698336.1	QIZ21291.1	71.168	274	79	0	1	274	1	274	6.50e-145	403
MDA9698337.1	QIZ21292.1	77.551	147	33	0	8	154	6	152	5.37e-85	242
MDA9698347.1	QIZ21390.1	50.909	220	107	1	1	220	1	219	1.61e-74	221
MDA9698352.1	QIZ20795.1	51.873	347	155	5	1	344	1	338	4.51e-117	338
MDA9698353.1	QIZ20796.1	58.824	306	124	1	2	307	1	304	2.85e-128	364
MDA9698354.1	QIZ20792.1	100.000	41	0	0	1	41	1	41	1.01e-23	78.6
MDA9698356.1	QIZ20790.1	76.796	362	84	0	1	362	1	362	0.0	562
MDA9698357.1	QIZ20789.1	90.526	95	9	0	1	95	1	95	3.20e-58	170
MDA9698358.1	QIZ20788.1	84.914	464	70	0	1	464	1	464	0.0	813
MDA9698359.1	QIZ20853.1	51.304	230	111	1	2	230	9	238	2.40e-76	226
MDA9698360.1	QIZ20786.1	92.188	64	5	0	1	64	1	64	5.62e-37	113
MDA9698361.1	QIZ20785.1	81.714	175	32	0	1	175	1	175	2.92e-106	299
MDA9698362.1	QIZ20784.1	84.000	75	12	0	1	75	1	75	1.82e-46	138
MDA9698363.1	QIZ20783.1	75.203	246	61	0	1	246	1	246	1.10e-138	385
MDA9698364.1	QIZ20782.1	76.344	186	44	0	1	186	1	186	8.69e-112	312
MDA9698365.1	QIZ20781.1	68.447	206	62	2	1	203	1	206	7.49e-86	248
MDA9698366.1	QIZ20780.1	76.946	334	77	0	1	334	1	334	0.0	540
MDA9698367.1	QIZ20779.1	66.582	392	131	0	1	392	1	392	0.0	528
MDA9698368.1	QIZ20778.1	79.403	335	67	1	1	333	1	335	0.0	552
MDA9698369.1	QIZ20777.1	69.599	648	194	2	1	645	1	648	0.0	937
MDA9698370.1	QIZ20776.1	58.491	106	44	0	1	106	1	106	5.50e-34	109
MDA9698371.1	QIZ20775.1	74.483	145	37	0	1	145	1	145	1.73e-72	209
MDA9698372.1	QIZ20774.1	52.247	178	85	0	1	178	1	178	1.27e-68	202
MDA9698373.1	QIZ20773.1	74.621	264	67	0	1	264	1	264	3.59e-148	411
MDA9698374.1	QIZ20772.1	71.489	235	67	0	1	235	1	235	1.46e-126	354
MDA9698375.1	QIZ20771.1	79.878	164	33	0	1	164	1	164	2.12e-101	284
MDA9698376.1	QIZ20770.1	80.804	224	43	0	1	224	1	224	7.05e-136	376
MDA9698377.1	QIZ20769.1	93.478	138	9	0	1	138	1	138	3.20e-94	264
MDA9698378.1	QIZ20768.1	78.439	269	58	0	1	269	1	269	1.22e-133	374
MDA9698379.1	QIZ20767.1	89.095	431	47	0	17	447	16	446	0.0	801
MDA9698380.1	QIZ20766.1	87.421	159	20	0	15	173	1	159	2.80e-99	279
MDA9698381.1	QIZ20765.1	71.069	318	84	3	13	327	12	324	1.33e-168	467
MDA9698382.1	QIZ20764.1	51.312	343	165	1	1	341	1	343	1.84e-119	344
MDA9698383.1	QIZ20763.1	81.804	632	110	2	3	633	1	628	0.0	1021
MDA9698384.1	QIZ20762.1	65.616	349	119	1	1	348	1	349	4.50e-153	430
MDA9698385.1	QIZ20761.1	73.636	440	116	0	2	441	4	443	0.0	666
MDA9698386.1	QIZ20760.1	69.259	270	83	0	1	270	1	270	7.82e-137	382
MDA9698387.1	QIZ20759.1	88.140	430	51	0	1	430	1	430	0.0	783
MDA9698388.1	QIZ20758.1	89.078	293	32	0	5	297	1	293	0.0	543
MDA9698389.1	QIZ20757.1	67.178	326	107	0	1	326	1	326	5.31e-163	453
MDA9698391.1	QIZ20886.1	32.558	215	140	3	13	222	27	241	1.32e-32	115
MDA9698392.1	QIZ20756.1	60.000	310	124	0	1	310	1	310	3.70e-134	379
MDA9698393.1	QIZ20755.1	63.291	79	29	0	1	79	1	79	6.72e-25	84.3
MDA9698394.1	QIZ20754.1	71.379	290	83	0	1	290	1	290	1.12e-141	396
MDA9698395.1	QIZ20753.1	76.565	623	146	0	5	627	4	626	0.0	1010
MDA9698396.1	QIZ20752.1	86.908	359	47	0	1	359	1	359	0.0	630
MDA9698397.1	QIZ20751.1	70.192	208	62	0	1	208	1	208	1.49e-109	308
MDA9698398.1	QIZ20750.1	78.932	337	71	0	1	337	1	337	0.0	555
MDA9698399.1	QIZ20749.1	70.741	270	77	2	1	270	1	268	2.74e-125	353
MDA9698400.1	QIZ20748.1	84.083	289	46	0	5	293	4	292	0.0	528
MDA9698401.1	QIZ20747.1	61.773	688	261	2	1	687	1	687	0.0	866
MDA9698402.1	QIZ20746.1	85.440	886	129	0	1	886	1	886	0.0	1579
MDA9698403.1	QIZ20745.1	69.314	277	85	0	1	277	1	277	8.22e-144	400
MDA9698404.1	QIZ20744.1	86.626	329	44	0	6	334	1	329	0.0	602
MDA9698405.1	QIZ20743.1	71.379	290	83	0	9	298	5	294	5.82e-153	426
MDA9698406.1	QIZ20742.1	81.567	434	80	0	1	434	1	434	0.0	758
MDA9698407.1	QIZ20741.1	72.222	108	30	0	1	108	1	108	7.88e-52	154
MDA9698408.1	QIZ20740.1	87.480	631	79	0	1	631	1	631	0.0	1163
MDA9698409.1	QIZ20739.1	81.673	251	46	0	1	251	1	251	2.66e-151	418
MDA9698410.1	QIZ20738.1	84.906	106	16	0	1	106	1	106	2.31e-66	191
MDA9698411.1	QIZ20737.1	70.623	337	99	0	1	337	1	337	0.0	499
MDA9698412.1	QIZ20736.1	70.673	208	61	0	1	208	1	208	1.81e-114	321
MDA9698413.1	QIZ20734.1	74.510	153	36	1	25	174	28	180	7.94e-83	238
MDA9698414.1	QIZ20733.1	54.167	288	132	0	2	289	3	290	7.19e-116	331
MDA9698416.1	QIZ20732.1	82.075	424	76	0	1	424	1	424	0.0	730
MDA9698417.1	QIZ20731.1	79.389	131	27	0	1	131	1	131	7.98e-78	222
MDA9698419.1	QIZ20729.1	84.167	120	19	0	1	120	1	120	1.74e-76	218
MDA9698420.1	QIZ20728.1	66.556	302	99	1	1	300	1	302	1.72e-142	400
MDA9698421.1	QIZ20727.1	59.024	410	167	1	23	431	23	432	1.76e-165	468
MDA9698422.1	QIZ20726.1	87.500	384	45	2	1	382	1	383	0.0	682
MDA9698423.1	QIZ20725.1	74.550	888	226	0	1	888	1	888	0.0	1373
MDA9698424.1	QIZ20724.1	88.119	404	48	0	1	404	1	404	0.0	762
MDA9698425.1	QIZ20723.1	76.744	215	50	0	1	215	1	215	6.38e-129	358
MDA9698426.1	QIZ20722.1	67.897	271	79	3	1	267	1	267	2.13e-129	363
MDA9698427.1	QIZ20721.1	75.415	301	74	0	1	301	1	301	2.61e-173	477
MDA9698428.1	QIZ20720.1	72.414	203	56	0	1	203	1	203	4.28e-109	306
MDA9698429.1	QIZ20719.1	80.899	356	68	0	1	356	1	356	0.0	565
MDA9698430.1	QIZ20718.1	55.172	145	65	0	1	145	1	145	5.79e-53	160
MDA9698431.1	QIZ20717.1	75.472	371	90	1	1	370	1	371	0.0	563
MDA9698432.1	QIZ20698.1	76.410	195	46	0	2	196	198	392	6.26e-110	315
MDA9698433.1	QIZ20697.1	62.088	182	69	0	1	182	1	182	8.26e-80	231
MDA9698434.1	QIZ20696.1	58.130	246	103	0	3	248	4	249	7.71e-104	297
MDA9698435.1	QIZ20695.1	67.742	155	50	0	1	155	1	155	5.30e-61	181
MDA9698436.1	QIZ20694.1	89.101	367	40	0	1	367	1	367	0.0	665
MDA9698437.1	QIZ20692.1	62.839	479	177	1	5	482	13	491	0.0	656
MDA9698438.1	QIZ21213.1	40.000	140	84	0	25	164	4	143	9.70e-27	95.5
MDA9698439.1	QIZ20688.1	85.714	399	57	0	1	399	1	399	0.0	737
MDA9698440.1	QIZ20687.1	61.589	151	58	0	5	155	8	158	1.33e-57	173
MDA9698442.1	QIZ20709.1	44.628	242	124	6	8	248	2	234	2.27e-65	199
MDA9698443.1	QIZ21421.1	34.263	251	158	2	13	263	3	246	1.92e-53	169
MDA9698444.1	QIZ20712.1	30.293	307	183	8	1	296	1	287	2.96e-28	106
MDA9698446.1	QIZ20686.1	46.212	132	67	1	1	128	1	132	5.29e-36	116
MDA9698447.1	QIZ20683.1	76.744	301	70	0	1	301	1	301	3.10e-165	457
MDA9698448.1	QIZ20681.1	90.191	367	36	0	5	371	4	370	0.0	716
MDA9698449.1	QIZ20677.1	54.825	228	93	3	23	250	20	237	1.31e-48	156
MDA9698450.1	QIZ20888.1	33.659	205	126	4	12	209	12	213	4.17e-27	99.0
MDA9698451.1	QIZ20673.1	82.033	423	76	0	1	423	1	423	0.0	691
MDA9698452.1	QIZ20672.1	83.566	286	47	0	1	286	1	286	7.68e-177	485
MDA9698453.1	QIZ20671.1	67.961	309	98	1	1	308	1	309	9.47e-157	436
MDA9698454.1	QIZ20670.1	73.488	430	114	0	1	430	1	430	0.0	669
MDA9698456.1	QIZ20669.1	86.430	479	65	0	15	493	15	493	0.0	876
MDA9698457.1	QIZ20668.1	64.641	181	64	0	1	181	1	181	1.87e-77	225
MDA9698458.1	QIZ20667.1	77.204	794	178	1	1	794	1	791	0.0	1197
MDA9698459.1	QIZ20666.1	88.723	470	53	0	1	470	1	470	0.0	866
MDA9698460.1	QIZ20665.1	75.658	152	37	0	1	152	1	152	1.14e-78	226
MDA9698461.1	QIZ20664.1	82.857	70	12	0	21	90	1	70	3.56e-41	125
MDA9698462.1	QIZ20663.1	77.670	103	23	0	1	103	1	103	5.51e-59	173
MDA9698463.1	QIZ20662.1	66.558	308	103	0	1	308	1	308	1.71e-143	402
MDA9698464.1	QIZ20661.1	80.000	245	49	0	1	245	3	247	8.56e-147	405
MDA9698465.1	QIZ20660.1	89.873	79	8	0	1	79	1	79	1.01e-45	137
MDA9698466.1	QIZ20659.1	78.713	202	43	0	1	202	9	210	4.96e-118	330
MDA9698467.1	QIZ20658.1	63.985	261	94	0	1	261	1	261	9.67e-121	341
MDA9698468.1	QIZ20657.1	58.491	318	131	1	8	325	4	320	1.78e-115	332
MDA9698469.1	QIZ20656.1	39.482	309	179	3	4	312	1	301	4.92e-59	187
MDA9698470.1	QIZ20655.1	37.252	808	484	15	1	789	1	804	1.44e-152	462
MDA9698471.1	QIZ20654.1	44.068	354	198	0	5	358	4	357	1.05e-85	259
MDA9698472.1	QIZ20653.1	39.096	376	219	6	6	373	2	375	8.41e-77	238
MDA9698473.1	QIZ20652.1	80.619	485	94	0	1	485	1	485	0.0	799
MDA9698474.1	QIZ20651.1	80.303	132	26	0	2	133	5	136	2.43e-68	198
MDA9698475.1	QIZ20650.1	71.204	191	55	0	1	191	1	191	2.43e-90	258
MDA9698476.1	QIZ20649.1	74.194	341	88	0	1	341	1	341	5.45e-180	498
MDA9698477.1	QIZ20648.1	44.225	355	198	0	5	359	5	359	3.47e-103	304
MDA9698478.1	QIZ20647.1	59.091	220	90	0	1	220	5	224	3.31e-82	240
MDA9698479.1	QIZ20646.1	80.976	594	113	0	1	594	1	594	0.0	1017
MDA9698480.1	QIZ20645.1	79.197	274	56	1	1	274	1	273	7.79e-160	441
MDA9698481.1	QIZ20644.1	70.588	119	35	0	1	119	1	119	8.29e-60	175
MDA9698482.1	QIZ20643.1	64.948	97	34	0	28	124	35	131	3.56e-46	142
MDA9698483.1	QIZ20642.1	84.719	445	68	0	1	445	1	445	0.0	791
MDA9698484.1	QIZ20641.1	72.727	143	37	1	1	143	1	141	8.34e-71	205
MDA9698485.1	QIZ20640.1	77.037	135	31	0	10	144	10	144	1.76e-77	222
MDA9698487.1	QIZ20638.1	84.436	257	40	0	1	257	1	257	5.59e-163	447
MDA9698488.1	QIZ20637.1	77.080	589	110	2	1	564	1	589	0.0	885
MDA9698490.1	QIZ20863.1	38.014	292	165	6	52	336	53	335	5.25e-52	172
MDA9698492.1	QIZ20636.1	66.977	215	70	1	2	215	516	730	1.24e-94	287
MDA9698493.1	QIZ20635.1	75.490	408	100	0	1	408	1	408	0.0	626
MDA9698494.1	QIZ20634.1	51.823	384	173	5	1	381	1	375	1.81e-136	390
MDA9698495.1	QIZ20633.1	89.450	218	23	0	1	218	1	218	6.40e-146	401
MDA9698496.1	QIZ20632.1	76.429	140	33	0	1	140	1	140	1.18e-79	227
MDA9698497.1	QIZ20631.1	92.083	480	38	0	1	480	1	480	0.0	931
MDA9698498.1	QIZ20630.1	90.164	244	24	0	1	244	1	244	1.84e-161	442
MDA9698499.1	QIZ20629.1	70.120	415	124	0	1	415	1	415	0.0	578
MDA9698500.1	QIZ20628.1	85.644	404	58	0	1	404	1	404	0.0	745
MDA9698501.1	QIZ20627.1	83.660	153	25	0	1	153	1	153	7.14e-94	264
MDA9698502.1	QIZ20626.1	74.490	98	25	0	1	98	1	98	1.73e-52	155
MDA9698503.1	QIZ20625.1	87.273	110	14	0	1	110	1	110	7.85e-71	202
MDA9698505.1	QIZ20623.1	66.038	159	54	0	1	159	1	159	3.95e-69	202
MDA9698506.1	QIZ20622.1	84.429	289	45	0	1	289	1	289	6.29e-170	468
MDA9698508.1	QIZ20616.1	91.107	506	45	0	4	509	76	581	0.0	958
MDA9698509.1	QIZ20615.1	68.519	108	34	0	1	108	1	108	7.69e-57	167
MDA9698511.1	QIZ20607.1	52.294	109	46	4	1	104	1	108	5.09e-31	102
MDA9698512.1	QIZ20606.1	83.958	480	77	0	1	480	1	480	0.0	865
MDA9698513.1	QIZ20587.1	73.617	235	62	0	1	235	1	235	1.27e-119	336
MDA9698514.1	QIZ20586.1	83.854	192	31	0	1	192	1	192	9.04e-123	340
MDA9698516.1	QIZ20585.1	68.284	268	85	0	1	268	1	268	6.36e-136	380
MDA9698517.1	QIZ20579.1	47.706	109	57	0	1	109	1	109	1.10e-30	101
MDA9698518.1	QIZ20580.1	60.274	73	29	0	2	74	1	73	3.00e-29	95.1
MDA9698520.1	QIZ20577.1	68.868	106	33	0	1	106	1	106	6.82e-55	162
MDA9698522.1	QIZ20570.1	56.934	137	58	1	1	137	1	136	7.30e-58	172
MDA9698523.1	QIZ20573.1	66.316	95	32	0	1	95	1	95	2.26e-46	139
MDA9698524.1	QIZ20574.1	71.569	102	29	0	18	119	19	120	4.59e-56	166
MDA9698525.1	QIZ20569.1	84.084	333	53	0	1	333	1	333	0.0	583
MDA9698526.1	QIZ20568.1	78.836	189	38	1	1	187	1	189	2.91e-110	308
MDA9698527.1	QIZ21536.1	64.574	223	79	0	1	223	1	223	1.16e-108	308
MDA9698530.1	QIZ20558.1	76.442	208	49	0	1	208	1	208	1.48e-124	347
MDA9698532.1	QIZ20215.1	79.433	141	29	0	7	147	5	145	2.36e-85	242
MDA9698533.1	QIZ20553.1	85.280	428	63	0	1	428	1	428	0.0	757
MDA9698534.1	QIZ20552.1	83.828	303	49	0	1	303	1	303	0.0	523
MDA9698535.1	QIZ20550.1	78.144	334	72	1	1	333	1	334	0.0	513
MDA9698536.1	QIZ20549.1	72.897	642	168	2	1	641	1	637	0.0	966
MDA9698537.1	QIZ20548.1	91.288	264	23	0	1	264	1	264	0.0	495
MDA9698538.1	QIZ20547.1	83.439	314	51	1	1	313	1	314	0.0	532
MDA9698539.1	QIZ20546.1	82.589	448	78	0	1	448	1	448	0.0	778
MDA9698540.1	QIZ20545.1	84.054	370	59	0	1	370	1	370	0.0	617
MDA9698541.1	QIZ20851.1	28.614	339	198	11	1	329	1	305	8.05e-27	103
MDA9698542.1	QIZ21541.1	64.932	807	283	0	1	807	1	807	0.0	1119
MDA9698543.1	QIZ21344.1	72.695	282	76	1	1	282	1	281	3.40e-147	410
MDA9698544.1	QIZ21518.1	33.784	296	181	5	35	325	32	317	3.71e-42	144
MDA9698547.1	QIZ20953.1	36.027	297	160	5	2	294	3	273	5.63e-47	154
MDA9698550.1	QIZ20539.1	75.339	369	91	0	1	369	1	369	0.0	580
MDA9698551.1	QIZ20538.1	91.209	91	8	0	1	91	1	91	3.57e-59	171
MDA9698552.1	QIZ20537.1	63.510	433	158	0	1	433	1	433	0.0	510
MDA9698554.1	QIZ20533.1	67.717	127	41	0	1	127	1	127	1.70e-59	175
MDA9698555.1	QIZ20532.1	61.658	193	72	1	1	193	1	191	1.57e-82	239
MDA9698556.1	QIZ20531.1	56.688	157	68	0	1	157	1	157	4.51e-64	189
MDA9698557.1	QIZ20530.1	78.710	155	33	0	4	158	1	155	1.20e-89	255
MDA9698558.1	QIZ20436.1	70.161	124	37	0	2	125	1	124	5.88e-46	150
MDA9698559.1	QIZ20435.1	43.552	473	266	1	1	472	1	473	2.28e-122	361
MDA9698560.1	QIZ20434.1	73.577	246	65	0	1	246	1	246	5.71e-135	375
MDA9698561.1	QIZ20433.1	79.000	100	21	0	1	100	1	100	3.85e-55	162
MDA9698562.1	QIZ20432.1	80.855	538	103	0	1	538	1	538	0.0	906
MDA9698563.1	QIZ20431.1	86.813	273	36	0	1	273	1	273	1.08e-174	478
MDA9698564.1	QIZ20430.1	79.904	418	84	0	1	418	1	418	0.0	665
MDA9698565.1	QIZ20429.1	68.687	99	31	0	1	99	1	99	1.30e-41	128
MDA9698566.1	QIZ20428.1	85.855	304	43	0	5	308	3	306	0.0	538
MDA9698567.1	QIZ20427.1	66.438	146	48	1	1	146	1	145	1.98e-64	189
MDA9698568.1	QIZ20426.1	75.188	133	33	0	16	148	16	148	1.56e-68	200
MDA9698569.1	QIZ20425.1	70.909	165	48	0	1	165	1	165	1.89e-80	231
MDA9698570.1	QIZ20424.1	49.600	375	178	4	1	368	1	371	8.61e-110	322
MDA9698571.1	QIZ20423.1	64.805	591	207	1	1	590	1	591	0.0	720
MDA9698572.1	QIZ20422.1	75.610	451	110	0	1	451	1	451	0.0	698
MDA9698573.1	QIZ20421.1	78.186	463	101	0	1	463	1	463	0.0	684
MDA9698574.1	QIZ20420.1	64.516	465	164	1	5	468	5	469	0.0	510
MDA9698575.1	QIZ20419.1	96.243	346	13	0	1	346	1	346	0.0	694
MDA9698576.1	QIZ20418.1	71.579	380	108	0	4	383	2	381	0.0	540
MDA9698577.1	QIZ20417.1	60.780	487	123	5	1	480	1	426	0.0	572
MDA9698578.1	QIZ20416.1	92.083	240	19	0	1	240	5	244	1.30e-169	463
MDA9698579.1	QIZ20415.1	87.805	123	15	0	1	123	1	123	2.57e-76	217
MDA9698580.1	QIZ20414.1	80.686	875	169	0	1	875	1	875	0.0	1497
MDA9698581.1	QIZ20413.1	91.259	572	50	0	1	572	1	572	0.0	1091
MDA9698582.1	QIZ20412.1	78.304	401	82	1	1	396	1	401	0.0	624
MDA9698591.1	QIZ20416.1	32.520	246	154	6	4	247	6	241	3.74e-43	142
MDA9698593.1	QIZ21305.1	35.398	226	134	4	3	225	6	222	5.40e-38	127
MDA9698599.1	QIZ20410.1	71.495	214	61	0	4	217	2	215	2.36e-110	311
MDA9698601.1	QIZ20409.1	91.667	72	6	0	1	72	1	72	1.48e-43	130
MDA9698602.1	QIZ20405.1	75.969	129	31	0	5	133	3	131	2.77e-73	211
MDA9698603.1	QIZ20406.1	80.899	267	51	0	1	267	1	267	9.73e-154	425
MDA9698604.1	QIZ20407.1	72.016	243	68	0	5	247	6	248	6.10e-129	361
MDA9698605.1	QIZ20408.1	66.391	363	102	6	4	351	1	358	2.86e-168	469
MDA9698606.1	QIZ20403.1	79.457	258	53	0	1	258	1	258	1.82e-157	434
MDA9698607.1	QIZ20402.1	84.762	105	16	0	1	105	1	105	2.21e-62	181
MDA9698608.1	QIZ20401.1	73.684	247	65	0	1	247	1	247	2.61e-133	376
MDA9698612.1	QIZ20860.1	69.250	400	122	1	30	428	33	432	0.0	571
MDA9698613.1	QIZ20861.1	54.483	145	49	5	1	135	1	138	3.24e-39	125
MDA9698614.1	QIZ20862.1	58.423	279	116	0	1	279	1	279	6.40e-114	325
MDA9698615.1	QIZ20863.1	86.007	293	41	0	1	293	64	356	1.87e-180	497
MDA9698617.1	QIZ20864.1	85.124	363	54	0	1	363	1	363	0.0	638
MDA9698618.1	QIZ20865.1	68.734	403	126	0	1	403	1	403	0.0	565
MDA9698619.1	QIZ20866.1	71.250	240	69	0	13	252	1	240	1.31e-128	360
MDA9698620.1	QIZ20867.1	57.343	143	60	1	1	142	1	143	1.20e-47	146
MDA9698621.1	QIZ20868.1	67.436	433	141	0	1	433	1	433	0.0	615
MDA9698622.1	QIZ20869.1	75.708	848	204	1	1	846	1	848	0.0	1327
MDA9698623.1	QIZ20870.1	71.739	368	101	2	1	365	1	368	0.0	547
MDA9698624.1	QIZ20871.1	76.754	727	159	2	1	717	4	730	0.0	1175
MDA9698625.1	QIZ20954.1	40.175	229	129	4	5	225	4	232	8.58e-45	145
MDA9698626.1	QIZ21233.1	86.446	605	82	0	1	605	1	605	0.0	1097
MDA9698627.1	QIZ21232.1	75.349	215	53	0	1	215	1	215	3.94e-116	325
MDA9698628.1	QIZ21231.1	65.471	223	77	0	1	223	1	223	1.43e-109	310
MDA9698629.1	QIZ21226.1	69.912	113	34	0	1	113	1	113	1.11e-56	167
MDA9698630.1	QIZ21526.1	50.000	72	36	0	1	72	23	94	3.17e-21	75.5
MDA9698632.1	QIZ21224.1	80.556	396	76	1	1	395	1	396	0.0	675
MDA9698633.1	QIZ21223.1	69.728	294	89	0	1	294	1	294	7.50e-151	420
MDA9698634.1	QIZ21222.1	50.163	307	150	1	1	304	1	307	9.42e-101	294
MDA9698635.1	QIZ21221.1	62.275	167	62	1	1	166	1	167	8.01e-66	194
MDA9698636.1	QIZ21220.1	78.582	691	148	0	1	691	1	691	0.0	1140
MDA9698638.1	QIZ21219.1	62.376	101	38	0	1	101	1	101	5.02e-44	134
MDA9698639.1	QIZ21218.1	91.514	436	37	0	1	436	1	436	0.0	805
MDA9698640.1	QIZ21217.1	83.708	178	29	0	1	178	1	178	1.26e-113	316
MDA9698641.1	QIZ20953.1	43.966	232	108	4	2	230	3	215	1.58e-57	182
MDA9698642.1	QIZ21216.1	41.935	93	54	0	3	95	2	94	1.12e-22	80.1
MDA9698643.1	QIZ21215.1	77.251	211	48	0	1	211	1	211	9.72e-124	344
MDA9698644.1	QIZ21214.1	74.490	294	75	0	1	294	1	294	1.97e-158	439
MDA9698645.1	QIZ21213.1	80.952	147	28	0	1	147	1	147	4.64e-90	254
MDA9698646.1	QIZ21212.1	62.825	269	99	1	1	269	1	268	1.85e-123	348
MDA9698647.1	QIZ21211.1	50.000	274	137	0	1	274	16	289	6.54e-95	278
MDA9698648.1	QIZ21210.1	77.767	1039	231	0	1	1039	1	1039	0.0	1611
MDA9698649.1	QIZ21209.1	82.564	195	32	1	7	199	5	199	1.47e-119	333
MDA9698650.1	QIZ21208.1	55.462	119	53	0	8	126	5	123	6.06e-43	133
MDA9698651.1	QIZ21207.1	65.546	238	81	1	1	237	1	238	5.34e-116	327
MDA9698652.1	QIZ21206.1	60.177	226	90	0	1	226	1	226	4.09e-97	278
MDA9698653.1	QIZ21205.1	61.780	191	72	1	2	191	126	316	3.83e-72	217
MDA9698658.1	QIZ20247.1	75.188	133	33	0	1	133	1	133	4.65e-73	210
MDA9698660.1	QIZ20246.1	79.920	249	50	0	1	249	1	249	8.40e-152	419
MDA9698661.1	QIZ20245.1	79.817	218	44	0	1	218	1	218	2.52e-127	355
MDA9698662.1	QIZ20244.1	79.377	257	52	1	1	257	1	256	1.65e-159	439
MDA9698663.1	QIZ20243.1	87.442	430	54	0	1	430	1	430	0.0	805
MDA9698664.1	QIZ20242.1	89.615	260	27	0	1	260	1	260	1.05e-176	483
MDA9698665.1	QIZ20241.1	77.500	80	18	0	1	80	1	80	2.09e-42	128
MDA9698666.1	QIZ20240.1	78.855	227	48	0	1	227	1	227	4.58e-138	382
MDA9698667.1	QIZ20239.1	83.562	730	120	0	1	730	1	730	0.0	1277
MDA9698668.1	QIZ20238.1	86.667	75	10	0	1	75	1	75	5.58e-45	134
MDA9698669.1	QIZ20237.1	72.727	110	30	0	1	110	1	110	1.99e-61	179
MDA9698670.1	QIZ20236.1	83.902	205	33	0	1	205	1	205	6.44e-135	372
MDA9698671.1	QIZ20235.1	73.391	233	62	0	3	235	4	236	2.08e-122	343
MDA9698673.1	QIZ20234.1	83.271	532	89	0	1	532	1	532	0.0	935
MDA9698674.1	QIZ20233.1	66.446	453	152	0	1	453	1	453	0.0	635
MDA9698675.1	QIZ20232.1	80.408	245	48	0	1	245	1	245	9.94e-151	416
MDA9698676.1	QIZ20231.1	84.096	459	73	0	1	459	1	459	0.0	821
MDA9698677.1	QIZ20230.1	83.168	606	102	0	1	606	1	606	0.0	1060
MDA9698678.1	QIZ20229.1	74.879	207	52	0	1	207	1	207	1.10e-113	318
MDA9698679.1	QIZ20228.1	80.617	227	44	0	1	227	1	227	2.55e-142	393
MDA9698680.1	QIZ20227.1	86.200	500	69	0	1	500	1	500	0.0	902
MDA9698681.1	QIZ20226.1	92.282	298	23	0	1	298	1	298	0.0	570
MDA9698682.1	QIZ20225.1	86.096	374	52	0	1	374	1	374	0.0	672
MDA9698684.1	QIZ20222.1	89.759	332	34	0	7	338	11	342	0.0	642
MDA9698685.1	QIZ20221.1	90.093	646	63	1	1	646	1	645	0.0	1227
MDA9698686.1	QIZ20220.1	81.818	484	88	0	1	484	1	484	0.0	820
MDA9698688.1	QIZ20511.1	91.851	589	48	0	1	589	4	592	0.0	1135
MDA9698689.1	QIZ20512.1	88.298	94	11	0	1	94	1	94	1.57e-56	165
MDA9698690.1	QIZ20513.1	91.237	388	34	0	1	388	1	388	0.0	749
MDA9698691.1	QIZ20514.1	62.953	359	130	1	1	356	1	359	2.64e-159	446
MDA9698692.1	QIZ20516.1	88.268	358	42	0	1	358	1	358	0.0	583
MDA9698693.1	QIZ20517.1	74.138	116	30	0	1	116	1	116	2.46e-63	184
MDA9698694.1	QIZ20518.1	93.538	619	40	0	1	619	1	619	0.0	1215
MDA9698695.1	QIZ20519.1	90.385	156	15	0	1	156	1	156	9.65e-109	302
MDA9698696.1	QIZ20520.1	73.485	264	70	0	1	264	1	264	6.94e-152	420
MDA9698697.1	QIZ20521.1	75.385	130	32	0	1	130	1	130	2.67e-73	210
MDA9698698.1	QIZ20400.1	68.815	574	179	0	1	574	4	577	0.0	820
MDA9698699.1	QIZ20399.1	53.488	86	40	0	1	86	1	86	2.55e-28	93.6
MDA9698700.1	QIZ20398.1	64.444	315	112	0	1	315	2	316	3.42e-142	400
MDA9698701.1	QIZ20397.1	77.642	246	55	0	1	246	1	246	5.26e-132	368
MDA9698702.1	QIZ20396.1	79.018	224	47	0	10	233	13	236	1.18e-132	369
MDA9698703.1	QIZ20395.1	82.353	68	10	1	1	66	1	68	1.23e-34	108
MDA9698704.1	QIZ20394.1	75.362	69	16	1	1	68	1	69	7.11e-27	89.0
MDA9698705.1	QIZ20393.1	82.143	252	45	0	1	252	1	252	3.14e-153	422
MDA9698706.1	QIZ20392.1	73.621	417	110	0	1	417	1	417	0.0	654
MDA9698707.1	QIZ20391.1	80.435	92	18	0	4	95	3	94	1.73e-52	155
MDA9698708.1	QIZ20390.1	74.275	517	133	0	1	517	1	517	0.0	780
MDA9698709.1	QIZ20389.1	74.576	295	74	1	1	294	1	295	8.85e-156	432
MDA9698710.1	QIZ20388.1	80.000	200	37	1	1	200	1	197	1.30e-115	323
MDA9698713.1	QIZ20387.1	86.828	949	124	1	1	949	1	948	0.0	1726
MDA9698714.1	QIZ20386.1	83.660	153	22	2	1	150	1	153	4.93e-88	249
MDA9698715.1	QIZ20385.1	83.081	857	136	2	1	857	1	848	0.0	1405
MDA9698716.1	QIZ20384.1	83.537	164	27	0	1	164	1	164	1.94e-98	276
MDA9698717.1	QIZ20383.1	79.891	184	37	0	1	184	1	184	1.42e-109	306
MDA9698718.1	QIZ20382.1	78.378	370	80	0	1	370	1	370	0.0	620
MDA9698719.1	QIZ20381.1	71.636	275	77	1	1	275	1	274	1.55e-156	432
MDA9698720.1	QIZ20380.1	71.144	201	58	0	5	205	4	204	1.02e-98	281
MDA9698721.1	QIZ20379.1	69.839	683	206	0	1	683	1	683	0.0	964
MDA9698722.1	QIZ20378.1	54.651	86	39	0	1	86	3	88	9.06e-24	82.0
MDA9698723.1	QIZ20377.1	68.729	291	91	0	2	292	3	293	3.83e-135	380
MDA9698724.1	QIZ20376.1	63.430	309	113	0	25	333	25	333	2.49e-147	414
MDA9698725.1	QIZ20375.1	48.523	237	117	3	16	248	16	251	1.95e-63	194
MDA9698726.1	QIZ20374.1	69.737	380	114	1	4	383	5	383	0.0	557
MDA9698727.1	QIZ20373.1	65.517	203	70	0	1	203	1	203	2.33e-78	229
MDA9698728.1	QIZ20372.1	51.613	310	144	2	1	304	1	310	2.73e-98	288
MDA9698729.1	QIZ20371.1	74.074	513	133	0	1	513	1	513	0.0	808
MDA9698730.1	QIZ20370.1	62.698	252	93	1	1	251	1	252	1.09e-108	310
MDA9698731.1	QIZ20369.1	57.255	255	106	1	1	252	3	257	1.55e-99	286
MDA9698732.1	QIZ20793.1	69.204	289	88	1	3	290	2	290	2.72e-144	403
MDA9698733.1	QIZ20368.1	57.485	167	70	1	13	178	1	167	1.16e-65	194
MDA9698734.1	QIZ20367.1	77.949	390	86	0	1	390	1	390	0.0	558
MDA9698735.1	QIZ20366.1	39.053	169	87	3	1	155	1	167	4.44e-33	110
MDA9698736.1	QIZ20365.1	76.087	92	22	0	1	92	1	92	2.47e-49	147
MDA9698737.1	QIZ20364.1	52.454	326	151	3	1	324	1	324	8.02e-118	339
MDA9698738.1	QIZ20363.1	63.312	308	113	0	1	308	1	308	4.08e-147	412
MDA9698739.1	QIZ20361.1	58.750	80	33	0	1	80	1	80	1.31e-29	96.7
MDA9698740.1	QIZ20360.1	41.800	689	379	11	2	674	4	686	6.00e-157	466
MDA9698743.1	QIZ20829.1	43.492	315	170	3	2	312	8	318	3.85e-70	218
MDA9698746.1	QIZ21293.1	85.207	169	25	0	1	169	1	169	7.46e-105	293
MDA9698747.1	QIZ21294.1	91.408	419	36	0	1	419	1	419	0.0	774
MDA9698748.1	QIZ21295.1	77.992	259	57	0	1	259	1	259	8.07e-146	404
MDA9698749.1	QIZ21296.1	80.672	357	69	0	1	357	1	357	0.0	603
MDA9698750.1	QIZ21297.1	79.570	186	38	0	1	186	1	186	4.40e-112	313
MDA9698751.1	QIZ21298.1	68.664	217	68	0	1	217	1	217	1.15e-99	286
MDA9698752.1	QIZ21299.1	91.290	310	27	0	1	310	1	310	0.0	544
MDA9698753.1	QIZ21300.1	59.184	245	100	0	2	246	9	253	2.91e-85	250
MDA9698754.1	QIZ21301.1	57.471	348	147	1	1	348	1	347	1.80e-133	380
MDA9698755.1	QIZ21302.1	63.780	254	92	0	1	254	1	254	4.81e-120	339
MDA9698756.1	QIZ21303.1	71.014	69	20	0	1	69	1	69	4.89e-29	95.1
MDA9698757.1	QIZ21304.1	66.743	439	146	0	1	439	1	439	0.0	622
MDA9698758.1	QIZ21305.1	77.333	225	51	0	1	225	1	225	4.87e-127	354
MDA9698759.1	QIZ21306.1	81.250	144	27	0	1	144	1	144	2.54e-82	234
MDA9698760.1	QIZ21307.1	85.517	290	42	0	1	290	1	290	0.0	539
MDA9698761.1	QIZ21308.1	88.601	193	22	0	1	193	1	193	2.42e-126	350
MDA9698762.1	QIZ21309.1	76.432	611	144	0	1	611	1	611	0.0	993
MDA9698763.1	QIZ21310.1	84.397	141	22	0	1	141	1	141	1.83e-82	234
MDA9698764.1	QIZ21312.1	79.352	247	51	0	1	247	1	247	8.23e-146	404
MDA9698765.1	QIZ21313.1	86.217	711	98	0	1	711	1	711	0.0	1318
MDA9698766.1	QIZ21314.1	76.131	398	91	1	1	394	1	398	0.0	637
MDA9698767.1	QIZ21537.1	64.331	314	109	2	1	312	1	313	1.91e-138	390
MDA9698768.1	QIZ21317.1	87.898	314	38	0	1	314	1	314	0.0	585
MDA9698769.1	QIZ21318.1	58.842	311	126	1	1	309	1	311	1.44e-133	378
MDA9698770.1	QIZ21319.1	83.562	219	36	0	1	219	1	219	7.69e-142	391
MDA9698772.1	QIZ21359.1	86.220	1074	148	0	1	1074	1	1074	0.0	1922
MDA9698773.1	QIZ21360.1	80.779	385	73	1	1	384	1	385	0.0	653
MDA9698774.1	QIZ21361.1	74.342	152	39	0	1	152	1	152	1.38e-72	210
MDA9698775.1	QIZ21362.1	75.465	591	145	0	1	591	1	591	0.0	895
MDA9698776.1	QIZ21363.1	90.789	608	55	1	1	608	1	607	0.0	1126
MDA9698777.1	QIZ21364.1	63.077	195	70	2	1	193	1	195	4.71e-83	240
MDA9698778.1	QIZ21365.1	64.751	261	92	0	2	262	1	261	1.13e-132	371
MDA9698779.1	QIZ21366.1	57.025	242	102	1	5	244	1	242	1.29e-90	263
MDA9698780.1	QIZ21367.1	82.000	150	27	0	1	150	1	150	6.75e-92	259
MDA9698781.1	QIZ21368.1	77.108	498	101	6	1	488	1	495	0.0	688
MDA9698782.1	QIZ21369.1	70.866	254	74	0	1	254	1	254	3.34e-134	377
MDA9698783.1	QIZ20248.1	68.927	177	55	0	2	178	81	257	2.20e-83	243
MDA9698784.1	QIZ20249.1	74.089	247	64	0	1	247	1	247	2.00e-146	405
MDA9698785.1	QIZ20250.1	90.657	396	37	0	1	396	1	396	0.0	723
MDA9698786.1	QIZ20251.1	87.302	63	8	0	1	63	1	63	1.17e-36	112
MDA9698787.1	QIZ20252.1	90.909	176	16	0	1	176	1	176	1.73e-119	331
MDA9698788.1	QIZ20253.1	87.050	139	18	0	5	143	3	141	2.30e-87	247
MDA9698789.1	QIZ20254.1	71.179	229	66	0	1	229	1	229	1.19e-121	340
MDA9698790.1	QIZ20255.1	80.120	166	33	0	1	166	1	166	8.23e-96	270
MDA9698791.1	QIZ20256.1	81.967	122	21	1	1	122	1	121	8.51e-55	163
MDA9698792.1	QIZ20257.1	89.288	1363	145	1	1	1362	1	1363	0.0	2523
MDA9698793.1	QIZ20258.1	90.360	1390	129	3	1	1386	1	1389	0.0	2602
MDA9698794.1	QIZ20259.1	95.122	123	6	0	1	123	1	123	7.10e-83	234
MDA9698795.1	QIZ20260.1	89.103	156	17	0	1	156	1	156	1.56e-104	291
MDA9698796.1	QIZ20261.1	90.323	465	45	0	1	465	1	465	0.0	885
MDA9698801.1	QIZ20837.1	29.461	594	388	11	1	572	1	585	1.30e-51	182
MDA9698816.1	QIZ20324.1	58.333	84	35	0	1	84	1	84	1.53e-30	100
MDA9698817.1	QIZ20323.1	66.102	236	80	0	1	236	1	236	4.96e-108	307
MDA9698818.1	QIZ20322.1	80.000	195	39	0	1	195	1	195	3.26e-103	291
MDA9698819.1	QIZ20321.1	78.803	585	120	1	1	581	1	585	0.0	959
MDA9698820.1	QIZ20320.1	57.225	173	71	1	1	170	1	173	8.24e-58	174
MDA9698821.1	QIZ20319.1	85.897	156	22	0	1	156	1	156	1.14e-101	284
MDA9698822.1	QIZ20318.1	80.887	293	56	0	1	293	1	293	9.98e-180	493
MDA9698823.1	QIZ20317.1	67.253	739	230	4	5	740	7	736	0.0	1031
MDA9698824.1	QIZ20316.1	94.484	417	23	0	1	417	1	417	0.0	826
MDA9698825.1	QIZ20315.1	92.135	89	7	0	1	89	1	89	6.80e-63	181
MDA9698826.1	QIZ20314.1	78.942	1002	210	1	1	1001	1	1002	0.0	1699
MDA9698827.1	QIZ20313.1	65.244	164	57	0	1	164	1	164	2.24e-77	224
MDA9698831.1	QIZ20446.1	84.138	145	23	0	4	148	2	146	3.62e-91	257
MDA9698832.1	QIZ20445.1	67.178	326	106	1	1	325	1	326	7.50e-158	440
MDA9698833.1	QIZ20444.1	68.726	259	80	1	1	258	1	259	3.95e-128	359
MDA9698834.1	QIZ20443.1	56.274	263	112	1	1	263	1	260	5.01e-88	258
MDA9698835.1	QIZ20442.1	71.543	376	107	0	1	376	1	376	0.0	533
MDA9698836.1	QIZ20441.1	79.785	465	94	0	1	465	1	465	0.0	773
MDA9698837.1	QIZ20440.1	91.111	225	20	0	1	225	1	225	3.22e-152	417
MDA9698838.1	QIZ20439.1	76.426	263	62	0	1	263	1	263	4.17e-137	382
MDA9698839.1	QIZ20438.1	81.763	329	60	0	1	329	1	329	0.0	551
MDA9698840.1	QIZ20437.1	80.541	185	36	0	3	187	2	186	1.44e-111	312
MDA9698841.1	QIZ20436.1	86.331	278	35	1	1	275	207	484	1.49e-174	486
MDA9698842.1	QIZ20293.1	80.524	267	52	0	1	267	5	271	3.68e-154	432
MDA9698843.1	QIZ20292.1	78.229	271	59	0	1	271	1	271	1.57e-149	414
MDA9698844.1	QIZ20291.1	57.934	271	112	2	1	270	11	280	2.73e-95	277
MDA9698845.1	QIZ20290.1	86.214	457	63	0	1	457	1	457	0.0	805
MDA9698846.1	QIZ20289.1	68.780	205	64	0	1	205	1	205	7.77e-100	283
MDA9698847.1	QIZ20288.1	71.947	303	85	0	1	303	1	303	5.41e-156	434
MDA9698848.1	QIZ20287.1	84.354	147	21	1	1	147	1	145	1.79e-88	250
MDA9698849.1	QIZ20286.1	90.643	342	32	0	1	342	1	342	0.0	634
MDA9698850.1	QIZ20285.1	86.667	150	19	1	1	149	1	150	3.05e-77	222
MDA9698851.1	QIZ20284.1	90.551	127	12	0	1	127	1	127	4.31e-85	240
MDA9698852.1	QIZ20283.1	47.887	213	85	1	1	187	1	213	1.06e-64	194
MDA9698853.1	QIZ20282.1	95.082	183	9	0	1	183	244	426	1.39e-125	356
MDA9698856.1	QIZ20753.1	30.739	257	170	7	33	285	337	589	5.29e-27	106
MDA9698857.1	QIZ20777.1	32.661	248	155	5	9	247	3	247	7.46e-35	128
MDA9698858.1	QIZ20661.1	36.000	250	144	6	3	247	6	244	3.19e-39	132
MDA9698864.1	QIZ20351.1	67.931	290	93	0	1	290	1	290	1.47e-145	408
MDA9698865.1	QIZ20350.1	73.944	142	37	0	4	145	8	149	1.71e-76	220
MDA9698866.1	QIZ20349.1	76.316	152	35	1	1	151	1	152	8.30e-85	241
MDA9698867.1	QIZ20348.1	42.439	410	228	4	17	419	9	417	2.46e-119	351
MDA9698868.1	QIZ21153.1	42.803	264	142	2	1	263	1	256	2.94e-76	228
MDA9698870.1	QIZ20347.1	49.852	337	165	2	1	335	1	335	2.19e-100	295
MDA9698871.1	QIZ20346.1	62.500	96	36	0	1	96	1	96	2.44e-33	107
MDA9698872.1	QIZ20345.1	90.000	50	5	0	1	50	14	63	3.29e-29	93.6
MDA9698873.1	QIZ20989.1	75.219	343	85	0	1	343	109	451	0.0	536
MDA9698875.1	QIZ20990.1	69.802	404	122	0	1	404	1	404	0.0	562
MDA9698876.1	QIZ20991.1	71.983	232	65	0	1	232	1	232	2.94e-115	325
MDA9698877.1	QIZ20992.1	84.865	370	56	0	1	370	1	370	0.0	648
MDA9698878.1	QIZ20993.1	83.038	395	60	3	1	395	83	470	0.0	660
MDA9698880.1	QIZ20699.1	66.184	414	138	2	1	412	1	414	0.0	566
MDA9698881.1	QIZ20700.1	82.008	956	168	2	1	956	1	952	0.0	1637
MDA9698882.1	QIZ20701.1	77.586	116	26	0	1	116	11	126	1.24e-66	192
MDA9698885.1	QIZ20527.1	72.011	368	101	2	4	370	3	369	0.0	545
MDA9698886.1	QIZ20528.1	74.074	54	14	0	1	54	13	66	4.69e-24	80.9
MDA9698887.1	QIZ20529.1	58.128	203	80	2	7	207	7	206	1.00e-78	232
MDA9698888.1	QIZ20328.1	78.419	329	71	0	1	329	1	329	0.0	553
MDA9698889.1	QIZ20329.1	77.320	194	44	0	3	196	20	213	3.01e-116	325
MDA9698890.1	QIZ20330.1	78.723	141	30	0	1	141	1	141	1.29e-80	229
MDA9698891.1	QIZ20331.1	86.897	435	57	0	1	435	1	435	0.0	793
MDA9698892.1	QIZ20332.1	90.789	152	14	0	1	152	1	152	2.52e-103	288
MDA9698896.1	QIZ20805.1	39.192	421	210	10	192	595	1	392	2.84e-84	265
MDA9698897.1	QIZ20354.1	63.636	154	55	1	1	153	1	154	1.77e-68	205
MDA9698898.1	QIZ20715.1	69.412	85	26	0	1	85	17	101	1.03e-38	125
MDA9698899.1	QIZ20715.1	60.630	127	49	1	1	127	132	257	1.99e-50	156
MDA9698900.1	QIZ20714.1	83.333	204	33	1	1	203	1	204	3.88e-121	337
MDA9698903.1	QIZ20339.1	53.061	98	46	0	1	98	55	152	4.87e-32	105
MDA9698904.1	QIZ20338.1	89.986	699	70	0	1	699	3	701	0.0	1233
MDA9698905.1	QIZ20805.1	37.158	366	183	9	193	541	1	336	2.29e-67	219
MDA9698909.1	QIZ20203.1	34.018	438	269	10	10	437	9	436	1.13e-69	223
