MDA8559295.1	QIZ21386.1	25.874	429	301	7	4	423	34	454	2.79e-23	97.4
MDA8559296.1	QIZ21387.1	88.528	462	53	0	1	462	1	462	0.0	820
MDA8559298.1	QIZ20745.1	74.368	277	71	0	1	277	1	277	3.08e-145	404
MDA8559299.1	QIZ20744.1	87.234	329	42	0	1	329	1	329	0.0	607
MDA8559300.1	QIZ20743.1	72.109	294	82	0	1	294	1	294	1.22e-156	434
MDA8559301.1	QIZ20742.1	85.484	434	63	0	1	434	1	434	0.0	774
MDA8559303.1	QIZ20741.1	68.571	105	33	0	1	105	1	105	2.38e-49	148
MDA8559304.1	QIZ20740.1	85.965	627	88	0	4	630	5	631	0.0	1141
MDA8559305.1	QIZ20739.1	84.190	253	40	0	1	253	1	253	3.24e-156	430
MDA8559306.1	QIZ20738.1	80.189	106	21	0	1	106	1	106	1.24e-63	184
MDA8559307.1	QIZ20737.1	73.077	338	91	0	1	338	1	338	0.0	518
MDA8559308.1	QIZ20736.1	68.599	207	65	0	1	207	1	207	2.20e-110	310
MDA8559309.1	QIZ20734.1	77.273	154	31	1	24	177	31	180	8.45e-87	248
MDA8559311.1	QIZ20733.1	56.944	288	124	0	2	289	3	290	4.74e-117	334
MDA8559312.1	QIZ20732.1	82.118	425	76	0	1	425	1	425	0.0	729
MDA8559313.1	QIZ20731.1	79.389	131	27	0	1	131	1	131	2.69e-79	226
MDA8559314.1	QIZ20729.1	79.167	120	25	0	1	120	1	120	1.84e-74	213
MDA8559315.1	QIZ20728.1	67.101	307	101	0	1	307	1	307	4.59e-150	419
MDA8559316.1	QIZ20727.1	59.472	417	164	2	19	430	15	431	3.61e-168	475
MDA8559317.1	QIZ20726.1	89.071	366	40	0	2	367	18	383	0.0	667
MDA8559318.1	QIZ20725.1	75.676	888	216	0	1	888	1	888	0.0	1397
MDA8559319.1	QIZ20724.1	87.871	404	49	0	1	404	1	404	0.0	761
MDA8559320.1	QIZ20723.1	78.140	215	47	0	1	215	1	215	1.36e-130	362
MDA8559321.1	QIZ20722.1	68.284	268	84	1	1	268	1	267	2.72e-129	363
MDA8559322.1	QIZ20721.1	75.748	301	73	0	1	301	1	301	5.48e-172	474
MDA8559323.1	QIZ20720.1	73.892	203	53	0	1	203	1	203	2.10e-109	307
MDA8559324.1	QIZ20719.1	81.844	358	65	0	1	358	1	358	0.0	580
MDA8559326.1	QIZ20717.1	79.271	521	106	2	1	519	1	521	0.0	831
MDA8559327.1	QIZ20716.1	79.137	139	29	0	1	139	1	139	1.20e-84	239
MDA8559328.1	QIZ20715.1	67.729	251	81	0	6	256	7	257	2.23e-121	342
MDA8559329.1	QIZ21434.1	82.456	57	10	0	1	57	437	493	1.20e-29	103
MDA8559332.1	QIZ21131.1	29.151	271	175	6	10	266	14	281	1.30e-34	122
MDA8559334.1	QIZ21133.1	49.441	358	175	3	1	353	1	357	6.32e-123	354
MDA8559335.1	QIZ21132.1	39.216	357	208	3	1	353	1	352	1.33e-79	243
MDA8559338.1	QIZ21438.1	76.113	247	59	0	1	247	1	247	8.42e-139	385
MDA8559339.1	QIZ21439.1	79.381	388	80	0	1	388	1	388	0.0	655
MDA8559340.1	QIZ21440.1	84.807	362	54	1	1	361	1	362	0.0	643
MDA8559341.1	QIZ21441.1	74.105	363	88	4	13	371	13	373	0.0	550
MDA8559342.1	QIZ21442.1	69.082	414	128	0	4	417	2	415	0.0	613
MDA8559343.1	QIZ21443.1	86.972	284	37	0	1	284	1	284	1.78e-172	474
MDA8559344.1	QIZ21444.1	84.189	740	117	0	1	740	1	740	0.0	1285
MDA8559345.1	QIZ21445.1	69.953	213	64	0	1	213	1	213	1.98e-112	316
MDA8559346.1	QIZ21446.1	57.965	226	90	1	18	238	18	243	6.20e-91	264
MDA8559347.1	QIZ21447.1	92.453	318	24	0	1	318	1	318	0.0	617
MDA8559348.1	QIZ21448.1	75.732	478	116	0	1	478	1	478	0.0	765
MDA8559349.1	QIZ21449.1	72.423	388	107	0	6	393	9	396	0.0	610
MDA8559350.1	QIZ21450.1	90.265	113	11	0	1	113	1	113	2.96e-75	214
MDA8559351.1	QIZ21451.1	73.469	196	51	1	1	195	1	196	6.63e-96	273
MDA8559352.1	QIZ21452.1	86.389	889	121	0	1	889	1	889	0.0	1603
MDA8559353.1	QIZ21453.1	56.075	214	94	0	1	214	1	214	1.42e-71	213
MDA8559354.1	QIZ21454.1	43.541	418	234	2	17	434	18	433	1.05e-120	354
MDA8559355.1	QIZ21455.1	80.851	141	27	0	1	141	1	141	1.50e-83	237
MDA8559356.1	QIZ21456.1	59.483	348	138	2	1	345	1	348	9.32e-134	381
MDA8559357.1	QIZ21457.1	70.504	139	41	0	1	139	1	139	2.06e-75	216
MDA8559358.1	QIZ21458.1	69.280	472	144	1	1	472	1	471	0.0	684
MDA8559359.1	QIZ21459.1	66.579	380	127	0	1	380	1	380	0.0	517
MDA8559360.1	QIZ21472.1	79.279	111	23	0	9	119	5	115	8.14e-63	183
MDA8559361.1	QIZ21471.1	78.636	440	93	1	2	440	3	442	0.0	739
MDA8559362.1	QIZ21481.1	64.912	342	118	2	1	340	1	342	1.09e-159	446
MDA8559363.1	QIZ21484.1	35.798	257	158	3	4	253	6	262	5.05e-51	163
MDA8559364.1	QIZ21485.1	89.127	561	61	0	1	561	1	561	0.0	1034
MDA8559365.1	QIZ21486.1	85.407	418	61	0	1	418	1	418	0.0	759
MDA8559366.1	QIZ21487.1	65.909	88	30	0	1	88	1	88	1.15e-44	135
MDA8559367.1	QIZ21488.1	76.754	998	232	0	1	998	1	998	0.0	1651
MDA8559368.1	QIZ21489.1	51.282	195	94	1	1	194	1	195	2.09e-70	208
MDA8559369.1	QIZ21490.1	74.558	283	72	0	1	283	1	283	4.64e-154	427
MDA8559371.1	QIZ21492.1	49.315	146	73	1	1	145	1	146	5.14e-50	152
MDA8559372.1	QIZ21493.1	72.874	247	67	0	1	247	1	247	1.43e-119	337
MDA8559373.1	QIZ21494.1	65.487	113	39	0	1	113	1	113	2.40e-54	161
MDA8559374.1	QIZ21495.1	56.574	251	109	0	1	251	1	251	1.44e-103	296
MDA8559375.1	QIZ21496.1	98.529	68	1	0	1	68	1	68	8.57e-47	139
MDA8559376.1	QIZ21497.1	73.377	154	41	0	1	154	1	154	1.73e-83	238
MDA8559377.1	QIZ21498.1	73.193	332	88	1	16	347	16	346	0.0	501
MDA8559378.1	QIZ21499.1	77.301	163	37	0	1	163	1	163	1.88e-86	246
MDA8559379.1	QIZ21500.1	79.439	321	66	0	1	321	1	321	0.0	552
MDA8559380.1	QIZ21501.1	77.365	539	122	0	1	539	12	550	0.0	870
MDA8559381.1	QIZ21502.1	57.635	203	86	0	1	203	1	203	6.10e-84	243
MDA8559383.1	QIZ21503.1	85.000	180	27	0	1	180	1	180	1.36e-112	314
MDA8559384.1	QIZ21504.1	91.372	452	39	0	1	452	1	452	0.0	871
MDA8559385.1	QIZ21505.1	81.405	242	45	0	1	242	1	242	5.33e-152	418
MDA8559386.1	QIZ21506.1	73.333	375	100	0	1	375	22	396	0.0	611
MDA8559387.1	QIZ21507.1	76.866	134	31	0	1	134	1	134	3.00e-78	223
MDA8559388.1	QIZ21508.1	88.710	124	14	0	1	124	1	124	3.61e-85	240
MDA8559389.1	QIZ21509.1	82.812	256	44	0	2	257	6	261	2.71e-160	441
MDA8559390.1	QIZ21510.1	51.938	129	62	0	4	132	10	138	1.54e-46	144
MDA8559394.1	QIZ21511.1	82.540	189	33	0	1	189	1	189	6.41e-119	330
MDA8559395.1	QIZ21512.1	61.702	141	54	0	17	157	26	166	7.45e-61	181
MDA8559396.1	QIZ21513.1	88.642	810	92	0	1	810	1	810	0.0	1503
MDA8559397.1	QIZ21514.1	84.337	249	39	0	1	249	1	249	1.28e-158	436
MDA8559398.1	QIZ21515.1	83.281	317	53	0	1	317	1	317	0.0	555
MDA8559399.1	QIZ21516.1	89.239	539	58	0	1	539	1	539	0.0	1023
MDA8559400.1	QIZ21519.1	80.645	124	24	0	1	124	1	124	1.32e-76	218
MDA8559401.1	QIZ20620.1	41.624	197	103	8	7	200	5	192	2.53e-40	132
MDA8559408.1	QIZ21417.1	33.333	192	118	4	6	193	6	191	7.94e-28	100
MDA8559409.1	QIZ20216.1	86.435	317	43	0	1	317	2	318	0.0	566
MDA8559411.1	QIZ21106.1	73.659	205	54	0	1	205	1	205	4.94e-113	317
MDA8559413.1	QIZ20539.1	80.000	370	74	0	1	370	1	370	0.0	604
MDA8559414.1	QIZ20538.1	93.407	91	6	0	1	91	1	91	4.29e-60	174
MDA8559415.1	QIZ20537.1	65.820	433	148	0	1	433	1	433	0.0	523
MDA8559416.1	QIZ20536.1	81.699	153	28	0	1	153	1	153	3.68e-68	199
MDA8559418.1	QIZ20532.1	56.771	192	81	1	1	192	1	190	1.81e-72	213
MDA8559419.1	QIZ20531.1	56.688	157	68	0	1	157	1	157	3.69e-69	202
MDA8559420.1	QIZ20530.1	76.087	184	44	0	4	187	1	184	4.00e-107	300
MDA8559422.1	QIZ20529.1	62.500	248	90	2	7	253	7	252	2.64e-112	319
MDA8559423.1	QIZ20528.1	70.909	55	16	0	1	55	13	67	5.89e-25	83.2
MDA8559424.1	QIZ20527.1	73.569	367	95	2	5	370	4	369	0.0	558
MDA8559426.1	QIZ20526.1	82.097	391	70	0	1	391	1	391	0.0	675
MDA8559427.1	QIZ20525.1	83.744	406	66	0	1	406	1	406	0.0	668
MDA8559428.1	QIZ20524.1	66.752	391	118	6	1	384	1	386	2.23e-174	487
MDA8559429.1	QIZ20523.1	72.432	185	51	0	1	185	1	185	7.94e-85	244
MDA8559430.1	QIZ20522.1	53.175	252	118	0	1	252	1	252	9.68e-87	254
MDA8559431.1	QIZ20521.1	74.809	131	33	0	1	131	1	131	2.03e-73	211
MDA8559432.1	QIZ20520.1	76.515	264	62	0	1	264	1	264	2.81e-159	439
MDA8559433.1	QIZ20519.1	91.026	156	14	0	1	156	1	156	4.24e-109	303
MDA8559434.1	QIZ20518.1	94.669	619	33	0	1	619	1	619	0.0	1226
MDA8559435.1	QIZ20517.1	73.276	116	31	0	1	116	1	116	5.60e-61	178
MDA8559437.1	QIZ20516.1	82.817	355	61	0	1	355	1	355	0.0	545
MDA8559438.1	QIZ20514.1	64.345	359	127	1	1	358	1	359	1.24e-162	455
MDA8559439.1	QIZ20513.1	93.814	388	24	0	1	388	1	388	0.0	764
MDA8559440.1	QIZ20512.1	92.553	94	7	0	1	94	1	94	2.58e-60	174
MDA8559441.1	QIZ20511.1	92.593	594	44	0	1	594	1	594	0.0	1150
MDA8559442.1	QIZ20510.1	70.737	434	127	0	1	434	1	434	0.0	637
MDA8559443.1	QIZ20499.1	78.682	258	55	0	1	258	1	258	6.00e-153	422
MDA8559444.1	QIZ20498.1	62.687	268	94	3	1	266	1	264	1.81e-110	315
MDA8559445.1	QIZ20497.1	88.889	252	28	0	1	252	1	252	3.73e-153	422
MDA8559446.1	QIZ20496.1	82.383	193	34	0	1	193	1	193	1.44e-103	292
MDA8559447.1	QIZ20495.1	71.455	536	148	2	1	536	1	531	0.0	835
MDA8559448.1	QIZ20489.1	62.192	365	136	1	1	365	1	363	1.35e-167	468
MDA8559449.1	QIZ20488.1	51.442	208	83	3	16	208	15	219	1.12e-70	210
MDA8559450.1	QIZ20487.1	77.449	439	99	0	4	442	2	440	0.0	652
MDA8559451.1	QIZ20485.1	63.093	485	179	0	1	485	1	485	0.0	590
MDA8559452.1	QIZ20484.1	75.510	245	60	0	6	250	4	248	1.08e-138	385
MDA8559453.1	QIZ20483.1	64.486	214	75	1	1	213	2	215	5.86e-98	279
MDA8559454.1	QIZ20482.1	73.381	139	37	0	1	139	1	139	1.12e-75	217
MDA8559455.1	QIZ20481.1	68.000	225	72	0	1	225	1	225	2.40e-109	309
MDA8559456.1	QIZ20480.1	60.959	146	57	0	35	180	35	180	1.81e-61	185
MDA8559459.1	QIZ20479.1	75.000	80	20	0	1	80	1	80	1.83e-42	129
MDA8559460.1	QIZ20478.1	73.868	486	114	3	1	473	1	486	0.0	690
MDA8559461.1	QIZ20477.1	85.354	198	29	0	4	201	5	202	1.18e-128	356
MDA8559462.1	QIZ20476.1	93.128	422	29	0	1	422	1	422	0.0	818
MDA8559463.1	QIZ20475.1	88.258	792	92	1	1	791	2	793	0.0	1405
MDA8559464.1	QIZ21102.1	50.273	183	91	0	1	183	18	200	6.10e-52	161
MDA8559465.1	QIZ20506.1	68.687	198	62	0	1	198	1	198	1.38e-99	283
MDA8559466.1	QIZ20507.1	84.545	220	34	0	1	220	1	220	7.23e-137	379
MDA8559467.1	QIZ20508.1	71.545	861	245	0	1	861	1	861	0.0	1199
MDA8559472.1	QIZ21105.1	79.605	152	29	1	1	150	1	152	3.86e-78	224
MDA8559473.1	QIZ21104.1	74.797	123	31	0	1	123	1	123	2.24e-61	180
MDA8559475.1	QIZ20310.1	61.446	83	32	0	1	83	1	83	2.26e-33	106
MDA8559476.1	QIZ20218.1	80.585	376	73	0	4	379	5	380	0.0	640
MDA8559477.1	QIZ20540.1	81.569	255	47	0	1	255	1	255	1.09e-155	429
MDA8559478.1	QIZ20541.1	75.241	311	77	0	1	311	1	311	3.04e-178	491
MDA8559484.1	QIZ20542.1	49.370	476	237	2	1	473	1	475	3.67e-153	441
MDA8559485.1	QIZ20211.1	76.042	96	23	0	1	96	1	96	8.68e-52	153
MDA8559486.1	QIZ20213.1	73.333	150	40	0	21	170	28	177	1.12e-76	222
MDA8559487.1	QIZ20589.1	61.404	285	110	0	3	287	4	288	1.45e-129	365
MDA8559489.1	QIZ20589.1	28.070	285	199	5	1	283	1	281	1.32e-24	95.9
MDA8559490.1	QIZ20544.1	60.000	175	64	1	1	175	1	169	1.42e-75	219
MDA8559492.1	QIZ21513.1	42.066	813	461	7	4	809	1	810	0.0	644
MDA8559493.1	QIZ20187.1	32.526	289	180	8	45	326	46	326	1.49e-36	129
MDA8559495.1	QIZ20189.1	40.748	508	278	8	7	504	5	499	7.45e-121	359
MDA8559496.1	QIZ21540.1	55.556	144	64	0	12	155	4	147	1.41e-62	185
MDA8559497.1	QIZ21539.1	59.429	175	71	0	1	175	6	180	3.19e-64	191
MDA8559504.1	QIZ20600.1	57.018	114	48	1	1	114	1	113	1.58e-42	135
MDA8559505.1	QIZ20601.1	90.397	479	46	0	1	479	1	479	0.0	808
MDA8559506.1	QIZ20602.1	67.456	169	55	0	1	169	1	169	2.72e-77	223
MDA8559507.1	QIZ20603.1	87.307	323	40	1	1	323	1	322	0.0	576
MDA8559508.1	QIZ20604.1	74.320	331	84	1	1	331	1	330	1.21e-173	481
MDA8559509.1	QIZ20605.1	92.327	391	30	0	1	391	1	391	0.0	743
MDA8559510.1	QIZ21315.1	80.537	149	29	0	1	149	1	149	2.13e-93	263
MDA8559512.1	QIZ20533.1	70.079	127	38	0	1	127	1	127	1.78e-64	188
MDA8559513.1	QIZ20558.1	74.510	204	52	0	1	204	1	204	2.57e-117	328
MDA8559514.1	QIZ21166.1	29.258	458	290	10	4	439	5	450	5.96e-53	180
MDA8559515.1	QIZ21234.1	57.869	610	167	12	2	523	3	610	0.0	623
MDA8559516.1	QIZ20586.1	51.042	192	93	1	1	191	1	192	2.61e-67	200
MDA8559520.1	QIZ20409.1	91.667	72	6	0	1	72	1	72	7.76e-44	131
MDA8559521.1	QIZ21305.1	33.333	225	140	4	3	225	6	222	2.64e-33	115
MDA8559523.1	QIZ20416.1	38.583	254	138	7	1	249	1	241	6.38e-51	162
MDA8559531.1	QIZ21358.1	66.567	335	112	0	17	351	17	351	2.76e-163	456
MDA8559532.1	QIZ20674.1	72.704	392	107	0	1	392	1	392	0.0	604
MDA8559534.1	QIZ20765.1	33.129	163	99	3	70	224	161	321	5.52e-23	91.3
MDA8559542.1	QIZ21344.1	59.717	283	113	1	1	283	1	282	2.13e-121	344
MDA8559543.1	QIZ21541.1	66.419	807	271	0	1	807	1	807	0.0	1145
MDA8559546.1	QIZ20860.1	82.353	238	42	0	1	238	195	432	6.56e-149	418
MDA8559547.1	QIZ20861.1	57.463	134	43	3	4	135	16	137	1.16e-38	124
MDA8559548.1	QIZ20862.1	55.000	280	126	0	1	280	1	280	3.94e-106	305
MDA8559549.1	QIZ20863.1	85.434	357	52	0	1	357	1	357	0.0	595
MDA8559550.1	QIZ20864.1	87.637	364	45	0	1	364	1	364	0.0	659
MDA8559551.1	QIZ20865.1	73.827	405	104	1	1	405	1	403	0.0	610
MDA8559552.1	QIZ20866.1	74.167	240	62	0	1	240	1	240	2.88e-132	368
MDA8559553.1	QIZ20867.1	62.937	143	52	1	1	142	1	143	3.83e-52	158
MDA8559554.1	QIZ20868.1	68.357	414	131	0	3	416	20	433	0.0	589
MDA8559555.1	QIZ20869.1	76.140	855	196	3	1	854	1	848	0.0	1332
MDA8559556.1	QIZ20870.1	77.260	365	80	1	1	362	1	365	0.0	580
MDA8559557.1	QIZ20871.1	77.945	730	150	3	1	719	4	733	0.0	1196
MDA8559558.1	QIZ20872.1	83.744	203	33	0	1	203	1	203	1.68e-128	356
MDA8559559.1	QIZ20873.1	80.000	105	21	0	1	105	1	105	3.10e-58	170
MDA8559560.1	QIZ20874.1	71.377	559	149	3	1	550	1	557	0.0	777
MDA8559561.1	QIZ20875.1	82.609	276	48	0	1	276	1	276	4.14e-175	480
MDA8559562.1	QIZ20876.1	63.786	243	88	0	2	244	3	245	2.90e-105	300
MDA8559563.1	QIZ20877.1	72.928	181	45	2	1	179	11	189	2.12e-97	275
MDA8559564.1	QIZ20878.1	81.230	309	58	0	1	309	1	309	0.0	517
MDA8559565.1	QIZ20879.1	78.811	387	82	0	1	387	1	387	0.0	608
MDA8559566.1	QIZ20881.1	76.506	166	37	2	1	164	1	166	5.18e-94	265
MDA8559567.1	QIZ20882.1	71.293	317	91	0	1	317	1	317	7.10e-178	491
MDA8559568.1	QIZ20883.1	84.236	203	32	0	1	203	1	203	6.83e-131	362
MDA8559569.1	QIZ20884.1	59.804	306	123	0	12	317	13	318	9.72e-132	374
MDA8559571.1	QIZ20886.1	64.453	256	91	0	1	256	1	256	1.87e-119	337
MDA8559572.1	QIZ20887.1	66.029	418	141	1	20	436	20	437	0.0	530
MDA8559573.1	QIZ20889.1	86.111	576	79	1	1	575	1	576	0.0	1015
MDA8559574.1	QIZ20890.1	82.979	94	16	0	1	94	1	94	9.24e-55	160
MDA8559575.1	QIZ20891.1	38.261	230	134	6	1	224	2	229	1.09e-38	129
MDA8559576.1	QIZ20892.1	70.244	205	61	0	3	207	5	209	2.24e-101	288
MDA8559577.1	QIZ20893.1	87.010	408	53	0	2	409	1	408	0.0	750
MDA8559578.1	QIZ20894.1	82.510	263	46	0	4	266	2	264	3.82e-148	410
MDA8559579.1	QIZ20895.1	76.299	308	73	0	1	308	1	308	0.0	505
MDA8559580.1	QIZ20896.1	50.000	426	205	6	1	422	1	422	4.96e-140	402
MDA8559581.1	QIZ20897.1	62.617	107	37	2	1	105	1	106	2.28e-43	133
MDA8559582.1	QIZ20898.1	36.025	483	290	5	4	481	5	473	1.90e-106	321
MDA8559583.1	QIZ20908.1	47.391	230	114	3	1	223	1	230	5.53e-69	207
MDA8559585.1	QIZ20328.1	77.647	170	38	0	1	170	159	328	2.66e-97	280
MDA8559586.1	QIZ20327.1	63.717	226	82	0	1	226	1	226	1.60e-101	289
MDA8559587.1	QIZ20326.1	71.818	220	62	0	1	220	1	220	2.43e-114	322
MDA8559588.1	QIZ20325.1	77.869	244	54	0	1	244	1	244	9.81e-145	400
MDA8559589.1	QIZ20324.1	56.693	127	55	0	1	127	1	127	7.04e-48	146
MDA8559590.1	QIZ20323.1	65.254	236	82	0	1	236	1	236	2.36e-103	295
MDA8559591.1	QIZ20322.1	79.487	195	40	0	1	195	1	195	5.84e-105	296
MDA8559592.1	QIZ20321.1	78.462	585	122	1	1	581	1	585	0.0	954
MDA8559593.1	QIZ20320.1	50.314	159	76	1	3	158	15	173	4.87e-48	149
MDA8559594.1	QIZ20319.1	90.385	156	15	0	1	156	1	156	4.28e-103	288
MDA8559595.1	QIZ20318.1	79.522	293	60	0	1	293	1	293	2.48e-178	489
MDA8559596.1	QIZ20317.1	69.512	738	223	2	1	738	1	736	0.0	1071
MDA8559597.1	QIZ20316.1	95.204	417	20	0	1	417	1	417	0.0	833
MDA8559598.1	QIZ20315.1	94.382	89	5	0	1	89	1	89	1.47e-64	185
MDA8559599.1	QIZ20314.1	80.639	1002	193	1	1	1001	1	1002	0.0	1729
MDA8559600.1	QIZ20313.1	57.219	187	78	1	1	185	1	187	6.79e-81	234
MDA8559601.1	QIZ20312.1	87.059	255	33	0	1	255	1	255	3.60e-158	435
MDA8559602.1	QIZ20311.1	87.654	243	30	0	1	243	1	243	2.94e-130	363
MDA8559603.1	QIZ20306.1	66.038	159	51	2	1	158	1	157	8.03e-74	214
MDA8559604.1	QIZ20305.1	82.456	456	80	0	1	456	1	456	0.0	754
MDA8559605.1	QIZ20304.1	68.543	302	94	1	1	302	1	301	3.07e-155	431
MDA8559606.1	QIZ20303.1	74.074	216	56	0	1	216	1	216	6.62e-121	338
MDA8559607.1	QIZ20302.1	88.595	491	56	0	1	491	1	491	0.0	880
MDA8559608.1	QIZ20301.1	86.804	485	64	0	1	485	1	485	0.0	853
MDA8559609.1	QIZ20300.1	83.158	95	16	0	1	95	1	95	6.92e-54	159
MDA8559610.1	QIZ20299.1	73.510	151	40	0	1	151	1	151	3.09e-77	222
MDA8559611.1	QIZ20298.1	91.374	313	27	0	1	313	1	313	0.0	595
MDA8559612.1	QIZ20742.1	26.988	415	260	12	28	423	25	415	3.96e-37	136
MDA8559613.1	QIZ20297.1	70.833	192	55	1	1	192	1	191	3.43e-96	273
MDA8559614.1	QIZ20296.1	82.629	852	145	1	1	849	1	852	0.0	1433
MDA8559615.1	QIZ20294.1	69.935	153	46	0	1	153	1	153	1.47e-78	225
MDA8559616.1	QIZ20293.1	76.581	427	100	0	1	427	5	431	0.0	665
MDA8559617.1	QIZ20292.1	69.600	125	38	0	1	125	146	270	4.13e-61	184
MDA8559620.1	QIZ20515.1	63.580	324	118	0	1	324	1	324	2.07e-152	426
MDA8559623.1	QIZ21364.1	65.979	194	65	1	2	195	3	195	1.38e-89	257
MDA8559624.1	QIZ21365.1	67.308	260	85	0	2	261	1	260	1.58e-137	383
MDA8559625.1	QIZ21366.1	57.848	223	92	1	2	222	23	245	4.88e-84	246
MDA8559626.1	QIZ21367.1	87.742	155	19	0	1	155	1	155	6.43e-104	290
MDA8559627.1	QIZ21368.1	77.092	502	99	6	1	493	1	495	0.0	697
MDA8559628.1	QIZ21369.1	68.168	333	106	0	1	333	1	333	2.43e-165	460
MDA8559630.1	QIZ21371.1	63.214	560	201	3	1	558	3	559	0.0	711
MDA8559631.1	QIZ21372.1	52.340	940	439	5	1	938	1	933	0.0	870
MDA8559633.1	QIZ21373.1	55.607	428	180	4	8	430	8	430	7.01e-144	413
MDA8559634.1	QIZ21374.1	62.363	364	137	0	11	374	11	374	4.76e-150	424
MDA8559635.1	QIZ21375.1	50.140	357	171	3	2	354	3	356	2.16e-121	350
MDA8559636.1	QIZ21376.1	68.387	465	147	0	1	465	1	465	0.0	669
MDA8559637.1	QIZ21377.1	60.596	302	119	0	1	302	11	312	7.33e-125	355
MDA8559638.1	QIZ21378.1	66.118	304	103	0	1	304	1	304	1.32e-131	372
MDA8559639.1	QIZ21379.1	37.719	228	132	6	1	222	1	224	1.99e-36	123
MDA8559641.1	QIZ21381.1	64.379	306	109	0	1	306	1	306	1.08e-137	387
MDA8559642.1	QIZ21382.1	57.197	264	111	1	14	275	18	281	2.49e-104	301
MDA8559643.1	QIZ21383.1	67.365	668	218	0	9	676	9	676	0.0	926
MDA8559644.1	QIZ21384.1	59.173	556	227	0	8	563	9	564	0.0	658
MDA8559645.1	QIZ21385.1	83.607	671	107	2	1	670	10	678	0.0	1181
MDA8559646.1	QIZ20976.1	80.851	141	26	1	1	140	1	141	3.58e-84	239
MDA8559649.1	QIZ20977.1	78.723	799	170	0	1	799	3	801	0.0	1303
MDA8559650.1	QIZ20978.1	63.704	135	49	0	1	135	4	138	2.61e-56	168
MDA8559651.1	QIZ20979.1	87.037	108	14	0	1	108	1	108	1.31e-67	194
MDA8559652.1	QIZ20980.1	75.658	304	67	3	1	297	1	304	4.67e-143	401
MDA8559653.1	QIZ20981.1	70.968	403	117	0	11	413	165	567	0.0	579
MDA8559654.1	QIZ20981.1	58.197	122	51	0	1	122	1	122	2.92e-47	155
MDA8559655.1	QIZ20982.1	67.677	198	64	0	1	198	1	198	3.14e-96	274
MDA8559656.1	QIZ20983.1	49.020	153	75	2	4	154	2	153	2.84e-43	137
MDA8559657.1	QIZ20984.1	84.393	173	27	0	3	175	5	177	2.17e-99	280
MDA8559658.1	QIZ20985.1	85.484	186	27	0	4	189	3	188	1.07e-122	340
MDA8559659.1	QIZ20986.1	68.056	216	69	0	1	216	1	216	5.39e-113	318
MDA8559660.1	QIZ20987.1	76.119	67	16	0	1	67	1	67	1.10e-24	83.2
MDA8559661.1	QIZ20988.1	57.310	171	71	1	1	169	1	171	5.73e-67	197
MDA8559662.1	QIZ20989.1	80.044	451	90	0	1	451	1	451	0.0	731
MDA8559664.1	QIZ20990.1	67.574	404	131	0	1	404	1	404	0.0	557
MDA8559665.1	QIZ20991.1	69.528	233	71	0	1	233	1	233	1.90e-112	318
MDA8559666.1	QIZ20992.1	88.649	370	42	0	1	370	1	370	0.0	670
MDA8559667.1	QIZ20993.1	82.030	473	82	3	1	473	1	470	0.0	783
MDA8559668.1	QIZ20994.1	84.884	86	13	0	1	86	1	86	2.90e-48	144
MDA8559669.1	QIZ20995.1	64.336	286	102	0	1	286	1	286	7.29e-121	343
MDA8559670.1	QIZ20996.1	77.253	233	53	0	1	233	1	233	6.17e-137	380
MDA8559671.1	QIZ20997.1	82.950	522	89	0	1	522	1	522	0.0	886
MDA8559672.1	QIZ20998.1	73.317	401	105	1	1	399	1	401	0.0	595
MDA8559673.1	QIZ20999.1	71.724	145	41	0	1	145	1	145	2.68e-78	224
MDA8559674.1	QIZ21000.1	67.200	250	82	0	1	250	1	250	2.32e-121	342
MDA8559675.1	QIZ21001.1	62.500	144	54	0	6	149	5	148	1.30e-64	190
MDA8559676.1	QIZ21002.1	75.000	196	48	1	1	195	1	196	4.62e-112	313
MDA8559677.1	QIZ21003.1	85.102	443	66	0	1	443	1	443	0.0	808
MDA8559678.1	QIZ21004.1	94.891	137	7	0	1	137	1	137	2.25e-95	267
MDA8559679.1	QIZ20952.1	89.674	184	19	0	1	184	1	184	1.46e-115	338
MDA8559682.1	QIZ20953.1	36.162	271	159	7	1	261	1	267	3.01e-39	134
MDA8559683.1	QIZ20959.1	88.127	598	71	0	1	598	4	601	0.0	1102
MDA8559684.1	QIZ20960.1	70.574	802	236	0	1	802	1	802	0.0	1132
MDA8559685.1	QIZ20961.1	83.099	355	60	0	1	355	1	355	0.0	616
MDA8559686.1	QIZ20962.1	94.068	118	7	0	1	118	1	118	7.39e-81	228
MDA8559687.1	QIZ20963.1	95.588	68	3	0	1	68	1	68	1.54e-42	128
MDA8559689.1	QIZ20964.1	87.845	181	22	0	1	181	1	181	6.92e-119	330
MDA8559690.1	QIZ20965.1	87.461	638	80	0	1	638	1	638	0.0	1191
MDA8559691.1	QIZ20966.1	74.219	384	99	0	1	384	1	384	0.0	587
MDA8559692.1	QIZ20967.1	69.919	246	74	0	1	246	1	246	1.44e-115	327
MDA8559693.1	QIZ20969.1	82.478	1501	263	0	1	1501	1	1501	0.0	2619
MDA8559694.1	QIZ20970.1	84.969	479	72	0	1	479	1	479	0.0	832
MDA8559695.1	QIZ20971.1	64.167	240	85	1	1	239	1	240	1.21e-107	307
MDA8559696.1	QIZ20972.1	75.932	295	71	0	1	295	1	295	3.49e-164	454
MDA8559697.1	QIZ20973.1	69.535	430	123	4	1	429	1	423	0.0	592
MDA8559698.1	QIZ20974.1	86.404	1015	134	3	1	1014	1	1012	0.0	1853
MDA8559699.1	QIZ20975.1	67.513	394	124	1	1	390	1	394	0.0	563
MDA8559701.1	QIZ20752.1	92.727	55	4	0	1	55	306	360	7.31e-34	113
MDA8559702.1	QIZ20753.1	75.080	626	156	0	1	626	1	626	0.0	1003
MDA8559703.1	QIZ20754.1	65.862	290	99	0	1	290	1	290	6.44e-133	374
MDA8559705.1	QIZ20756.1	62.581	310	116	0	1	310	1	310	5.25e-141	396
MDA8559706.1	QIZ20541.1	35.526	228	145	2	4	230	5	231	3.35e-34	120
MDA8559708.1	QIZ20757.1	71.118	322	93	0	1	322	1	322	3.36e-165	459
MDA8559709.1	QIZ20758.1	91.809	293	24	0	1	293	1	293	0.0	558
MDA8559710.1	QIZ20759.1	90.000	430	43	0	1	430	1	430	0.0	803
MDA8559711.1	QIZ20760.1	70.741	270	79	0	1	270	1	270	3.56e-134	375
MDA8559712.1	QIZ20761.1	71.982	439	119	1	2	436	4	442	0.0	628
MDA8559713.1	QIZ20762.1	55.241	353	153	2	1	352	1	349	1.15e-129	370
MDA8559714.1	QIZ20763.1	90.924	628	56	1	3	629	1	628	0.0	1125
MDA8559715.1	QIZ20764.1	47.879	330	170	1	12	339	14	343	7.21e-102	300
MDA8559716.1	QIZ20765.1	73.926	326	77	4	3	325	4	324	2.15e-175	484
MDA8559717.1	QIZ20766.1	88.679	159	18	0	1	159	1	159	5.10e-100	280
MDA8559718.1	QIZ20767.1	89.095	431	47	0	20	450	16	446	0.0	806
MDA8559719.1	QIZ20768.1	78.439	269	58	0	1	269	1	269	1.89e-134	376
MDA8559720.1	QIZ20769.1	94.928	138	7	0	1	138	1	138	2.96e-95	266
MDA8559721.1	QIZ20770.1	81.696	224	41	0	1	224	1	224	1.06e-135	376
MDA8559722.1	QIZ20771.1	85.976	164	23	0	1	164	1	164	9.37e-106	295
MDA8559723.1	QIZ20772.1	77.178	241	55	0	1	241	1	241	1.43e-144	399
MDA8559724.1	QIZ20773.1	77.903	267	59	0	1	267	1	267	1.70e-161	444
MDA8559725.1	QIZ20774.1	50.000	180	90	0	1	180	1	180	5.15e-60	181
MDA8559726.1	QIZ20775.1	73.611	144	38	0	1	144	1	144	7.76e-72	208
MDA8559733.1	QIZ20215.1	76.552	145	34	0	1	145	1	145	7.60e-83	236
MDA8559735.1	QIZ21536.1	71.556	225	64	0	1	225	1	225	1.12e-122	348
MDA8559736.1	QIZ20612.1	76.712	146	34	0	1	146	1	146	4.18e-76	219
MDA8559737.1	QIZ20611.1	59.494	79	32	0	1	79	1	79	3.14e-30	98.6
MDA8559739.1	QIZ20610.1	86.188	181	25	0	1	181	1	181	8.09e-116	322
MDA8559740.1	QIZ20609.1	70.000	330	99	0	1	330	1	330	1.52e-177	490
MDA8559745.1	QIZ20555.1	73.054	501	135	0	1	501	1	501	0.0	751
MDA8559746.1	QIZ20556.1	78.198	344	75	0	10	353	5	348	0.0	548
MDA8559747.1	QIZ20557.1	85.938	320	45	0	1	320	1	320	0.0	578
MDA8559748.1	QIZ21214.1	30.877	285	178	5	12	289	8	280	2.72e-32	117
MDA8559749.1	QIZ21533.1	54.902	102	46	0	1	102	1	102	4.07e-36	114
MDA8559750.1	QIZ21532.1	58.411	214	88	1	1	213	1	214	1.08e-81	239
MDA8559751.1	QIZ21531.1	81.375	349	65	0	3	351	4	352	0.0	560
MDA8559752.1	QIZ21530.1	75.047	533	133	0	3	535	4	536	0.0	787
MDA8559753.1	QIZ21527.1	65.192	339	117	1	1	338	1	339	1.03e-169	471
MDA8559754.1	QIZ21523.1	93.559	295	19	0	1	295	1	295	0.0	577
MDA8559755.1	QIZ21522.1	69.670	333	101	0	1	333	1	333	0.0	504
MDA8559756.1	QIZ21521.1	87.624	202	23	1	1	200	1	202	7.73e-137	377
MDA8559757.1	QIZ21520.1	89.677	155	16	0	1	155	1	155	2.21e-107	298
MDA8559758.1	QIZ21150.1	91.304	368	32	0	1	368	1	368	0.0	674
MDA8559759.1	QIZ21151.1	84.157	587	93	0	1	587	1	587	0.0	1051
MDA8559760.1	QIZ21152.1	75.978	537	129	0	1	537	1	537	0.0	882
MDA8559761.1	QIZ21153.1	67.315	257	83	1	1	256	1	257	1.73e-136	380
MDA8559762.1	QIZ21154.1	78.591	369	79	0	2	370	1	369	0.0	591
MDA8559763.1	QIZ21155.1	76.737	331	77	0	1	331	1	331	0.0	531
MDA8559764.1	QIZ21156.1	70.079	127	38	0	1	127	1	127	2.07e-64	187
MDA8559765.1	QIZ21157.1	60.185	108	43	0	1	108	1	108	1.69e-36	115
MDA8559766.1	QIZ21158.1	92.047	591	46	1	1	591	1	590	0.0	1152
MDA8559767.1	QIZ21159.1	87.879	231	28	0	1	231	27	257	5.58e-159	436
MDA8559768.1	QIZ21161.1	86.562	320	43	0	1	320	1	320	0.0	570
MDA8559769.1	QIZ21162.1	83.938	386	62	0	1	386	1	386	0.0	660
MDA8559770.1	QIZ21164.1	78.122	969	206	4	1	964	1	968	0.0	1613
MDA8559771.1	QIZ21165.1	80.698	430	78	1	1	430	1	425	0.0	703
MDA8559772.1	QIZ21166.1	83.047	466	79	0	1	466	1	466	0.0	803
MDA8559774.1	QIZ20264.1	89.247	93	10	0	1	93	1	93	6.40e-60	177
MDA8559775.1	QIZ20263.1	86.784	227	30	0	1	227	1	227	7.61e-147	405
MDA8559776.1	QIZ20262.1	96.078	102	4	0	1	102	1	102	8.75e-70	199
MDA8559777.1	QIZ20261.1	92.486	692	52	0	1	692	1	692	0.0	1333
MDA8559778.1	QIZ20260.1	90.385	156	15	0	1	156	1	156	6.85e-104	290
MDA8559779.1	QIZ20259.1	94.309	123	7	0	1	123	1	123	9.67e-82	231
MDA8559780.1	QIZ20258.1	91.367	1390	115	3	1	1386	1	1389	0.0	2630
MDA8559781.1	QIZ20257.1	91.123	1363	120	1	1	1362	1	1363	0.0	2570
MDA8559782.1	QIZ20256.1	88.430	121	14	0	1	121	1	121	1.52e-60	177
MDA8559783.1	QIZ20255.1	83.133	166	28	0	1	166	1	166	4.45e-101	284
MDA8559784.1	QIZ20254.1	82.096	229	41	0	1	229	1	229	4.88e-138	382
MDA8559785.1	QIZ20253.1	84.892	139	21	0	5	143	3	141	3.38e-86	244
MDA8559786.1	QIZ20252.1	92.614	176	13	0	1	176	1	176	1.05e-120	334
MDA8559787.1	QIZ20251.1	91.525	59	5	0	1	59	5	63	3.40e-34	106
MDA8559788.1	QIZ20250.1	91.919	396	32	0	1	396	1	396	0.0	728
MDA8559789.1	QIZ20249.1	78.367	245	53	0	1	245	1	245	1.04e-148	410
MDA8559791.1	QIZ20474.1	90.984	122	11	0	1	122	1	122	2.74e-77	220
MDA8559792.1	QIZ20473.1	92.982	171	12	0	1	171	3	173	2.33e-124	343
MDA8559793.1	QIZ20472.1	81.188	202	37	1	1	201	1	202	8.21e-124	344
MDA8559794.1	QIZ20471.1	94.629	391	21	0	1	391	1	391	0.0	773
MDA8559795.1	QIZ20470.1	77.228	202	46	0	1	202	1	202	3.44e-124	345
MDA8559796.1	QIZ20469.1	84.318	440	69	0	1	440	1	440	0.0	791
MDA8559797.1	QIZ20468.1	73.382	680	177	2	1	677	1	679	0.0	1046
MDA8559798.1	QIZ20467.1	93.072	332	23	0	1	332	1	332	0.0	622
MDA8559799.1	QIZ20466.1	91.304	161	14	0	1	161	1	161	7.99e-113	313
MDA8559800.1	QIZ20465.1	78.469	209	45	0	1	209	2	210	2.83e-122	340
MDA8559801.1	QIZ20464.1	85.437	103	15	0	1	103	1	103	3.27e-49	147
MDA8559802.1	QIZ20463.1	81.633	637	113	1	1	633	1	637	0.0	1068
MDA8559803.1	QIZ20462.1	84.490	490	74	1	1	490	1	488	0.0	842
MDA8559804.1	QIZ20461.1	76.483	472	110	1	1	472	1	471	0.0	680
MDA8559805.1	QIZ20460.1	56.000	125	55	0	1	125	1	125	2.92e-42	133
MDA8559806.1	QIZ20777.1	75.883	651	157	0	1	651	1	651	0.0	1045
MDA8559807.1	QIZ20778.1	78.979	333	70	0	1	333	1	333	0.0	553
MDA8559808.1	QIZ20779.1	67.602	392	127	0	1	392	1	392	0.0	541
MDA8559809.1	QIZ20780.1	74.251	334	86	0	1	334	1	334	0.0	525
MDA8559810.1	QIZ20781.1	68.116	207	63	2	1	204	1	207	3.08e-82	239
MDA8559811.1	QIZ20782.1	77.957	186	41	0	1	186	1	186	8.49e-116	322
MDA8559812.1	QIZ20783.1	80.508	236	46	0	1	236	11	246	3.40e-142	394
MDA8559813.1	QIZ20784.1	92.105	76	6	0	1	76	1	76	4.24e-51	150
MDA8559814.1	QIZ20785.1	82.857	175	30	0	1	175	1	175	4.03e-110	308
MDA8559815.1	QIZ20786.1	95.312	64	3	0	1	64	1	64	1.09e-37	115
MDA8559816.1	QIZ20853.1	54.310	232	106	0	1	232	7	238	1.67e-88	257
MDA8559817.1	QIZ20788.1	91.164	464	41	0	1	464	1	464	0.0	861
MDA8559818.1	QIZ20789.1	85.263	95	14	0	1	95	1	95	1.47e-52	155
MDA8559819.1	QIZ20790.1	76.243	362	86	0	1	362	1	362	0.0	550
MDA8559821.1	QIZ20792.1	97.561	41	1	0	1	41	1	41	2.86e-23	77.4
MDA8559823.1	QIZ21116.1	72.794	136	37	0	1	136	1	136	6.80e-70	202
MDA8559824.1	QIZ21115.1	61.333	75	29	0	1	75	1	75	8.34e-33	103
MDA8559825.1	QIZ21114.1	81.356	236	43	1	1	235	1	236	4.61e-143	395
MDA8559826.1	QIZ21113.1	99.057	106	1	0	1	106	1	106	4.88e-77	218
MDA8559827.1	QIZ21112.1	84.153	183	29	0	1	183	1	183	1.09e-115	322
MDA8559828.1	QIZ21111.1	84.821	112	17	0	1	112	1	112	1.60e-66	192
MDA8559829.1	QIZ21110.1	82.589	224	39	0	1	224	30	253	2.12e-132	369
MDA8559830.1	QIZ21109.1	75.942	345	83	0	1	345	1	345	0.0	573
MDA8559831.1	QIZ21108.1	64.881	168	57	1	1	168	3	168	8.20e-79	227
MDA8559832.1	QIZ21107.1	84.264	394	62	0	1	394	1	394	0.0	695
MDA8559833.1	QIZ21103.1	74.541	381	94	3	1	379	1	380	0.0	586
MDA8559835.1	QIZ21099.1	87.179	39	5	0	1	39	1	39	5.61e-21	71.6
MDA8559838.1	QIZ21097.1	85.859	495	70	0	1	495	1	495	0.0	875
MDA8559839.1	QIZ21096.1	86.017	236	33	0	1	236	1	236	3.81e-152	418
MDA8559840.1	QIZ21095.1	69.061	362	111	1	1	361	1	362	0.0	510
MDA8559842.1	QIZ20449.1	41.538	130	59	4	11	137	76	191	3.02e-21	81.3
MDA8559843.1	QIZ20450.1	60.000	225	89	1	1	224	1	225	7.75e-86	249
MDA8559844.1	QIZ20451.1	77.596	183	41	0	1	183	1	183	2.82e-103	290
MDA8559845.1	QIZ20452.1	73.498	283	75	0	1	283	1	283	5.12e-152	422
MDA8559847.1	QIZ20453.1	80.899	801	153	0	1	801	338	1138	0.0	1337
MDA8559848.1	QIZ20453.1	72.293	314	86	1	1	314	1	313	1.54e-153	455
MDA8559849.1	QIZ20454.1	60.177	226	90	0	1	226	1	226	6.69e-97	278
MDA8559850.1	QIZ20455.1	73.171	410	109	1	1	409	1	410	0.0	572
MDA8559851.1	QIZ20456.1	80.180	444	88	0	1	444	1	444	0.0	746
MDA8559852.1	QIZ20457.1	86.250	80	11	0	1	80	1	80	2.63e-39	120
MDA8559853.1	QIZ20458.1	81.159	552	103	1	1	552	1	551	0.0	958
MDA8559854.1	QIZ20459.1	65.089	169	59	0	1	169	79	247	3.47e-71	211
MDA8559855.1	QIZ20288.1	74.733	281	71	0	1	281	1	281	3.73e-152	423
MDA8559856.1	QIZ20287.1	88.591	149	13	1	1	149	1	145	7.26e-94	264
MDA8559857.1	QIZ20286.1	93.275	342	23	0	1	342	1	342	0.0	650
MDA8559858.1	QIZ20285.1	86.000	150	20	1	1	149	1	150	4.15e-78	224
MDA8559859.1	QIZ20284.1	92.126	127	10	0	1	127	1	127	3.61e-86	243
MDA8559860.1	QIZ20283.1	62.441	213	80	0	1	213	1	213	5.02e-98	280
MDA8559861.1	QIZ20282.1	90.376	426	41	0	1	426	1	426	0.0	777
MDA8559862.1	QIZ20281.1	75.658	152	34	2	3	151	2	153	6.73e-66	193
MDA8559863.1	QIZ20280.1	87.425	167	21	0	5	171	4	170	2.15e-103	290
MDA8559864.1	QIZ20279.1	82.203	118	21	0	1	118	1	118	2.71e-66	192
MDA8559865.1	QIZ20278.1	82.682	179	31	0	1	179	1	179	1.58e-105	296
MDA8559866.1	QIZ20277.1	86.260	131	18	0	1	131	1	131	2.56e-82	233
MDA8559867.1	QIZ20276.1	81.188	101	19	0	1	101	1	101	3.37e-59	172
MDA8559868.1	QIZ20275.1	80.435	184	36	0	1	184	1	184	1.82e-112	313
MDA8559869.1	QIZ20274.1	85.714	70	10	0	1	70	1	70	4.14e-38	117
MDA8559870.1	QIZ20273.1	95.082	122	6	0	1	122	1	122	2.66e-82	232
MDA8559871.1	QIZ20272.1	85.897	78	11	0	1	78	1	78	1.37e-37	116
MDA8559872.1	QIZ20271.1	90.476	63	6	0	1	63	1	63	4.51e-36	111
MDA8559873.1	QIZ20270.1	87.500	136	17	0	1	136	1	136	9.95e-89	250
MDA8559874.1	QIZ20269.1	94.690	226	12	0	1	226	1	226	6.70e-163	444
MDA8559875.1	QIZ20268.1	82.576	132	23	0	1	132	1	132	2.15e-79	226
MDA8559876.1	QIZ20267.1	86.207	87	12	0	1	87	1	87	2.55e-55	162
MDA8559877.1	QIZ20266.1	88.129	278	32	1	1	277	1	278	3.83e-174	478
MDA8559878.1	QIZ20265.1	83.117	77	13	0	1	77	21	97	3.91e-41	125
MDA8559881.1	QIZ21093.1	87.143	280	36	0	1	280	1	280	0.0	497
MDA8559882.1	QIZ21092.1	84.375	96	15	0	1	96	1	96	3.67e-56	164
MDA8559883.1	QIZ21091.1	83.102	361	61	0	1	361	1	361	0.0	571
MDA8559884.1	QIZ21090.1	66.379	232	78	0	1	232	1	232	2.05e-117	330
MDA8559885.1	QIZ21089.1	64.495	307	108	1	1	306	1	307	1.41e-137	387
MDA8559886.1	QIZ21088.1	78.431	357	76	1	1	356	1	357	0.0	592
MDA8559887.1	QIZ21086.1	83.942	137	22	0	1	137	1	137	1.15e-85	242
MDA8559888.1	QIZ21085.1	88.941	642	71	0	44	685	39	680	0.0	1205
MDA8559889.1	QIZ21084.1	76.812	207	48	0	1	207	1	207	7.49e-118	329
MDA8559890.1	QIZ21083.1	75.581	86	21	0	1	86	1	86	1.38e-47	142
MDA8559891.1	QIZ21082.1	89.018	601	66	0	1	601	1	601	0.0	1047
MDA8559892.1	QIZ21081.1	83.051	118	20	0	1	118	1	118	1.03e-72	208
MDA8559893.1	QIZ21080.1	82.569	218	38	0	1	218	1	218	2.70e-130	362
MDA8559894.1	QIZ20930.1	84.000	50	8	0	1	50	1	50	2.07e-23	78.6
MDA8559895.1	QIZ20931.1	75.439	114	27	1	1	113	1	114	3.05e-55	163
MDA8559896.1	QIZ20932.1	68.675	83	26	0	1	83	1	83	6.25e-37	115
MDA8559897.1	QIZ20933.1	73.345	559	148	1	1	559	1	558	0.0	881
MDA8559898.1	QIZ20934.1	67.014	288	95	0	1	288	1	288	3.33e-138	387
MDA8559899.1	QIZ20935.1	85.973	221	31	0	1	221	1	221	1.33e-144	398
MDA8559900.1	QIZ20936.1	75.273	275	65	1	1	272	1	275	1.14e-162	448
MDA8559901.1	QIZ20937.1	77.344	384	87	0	1	384	1	384	0.0	620
MDA8559902.1	QIZ20939.1	78.964	309	65	0	1	309	1	309	0.0	514
MDA8559903.1	QIZ20940.1	81.410	156	29	0	1	156	1	156	2.29e-96	271
MDA8559904.1	QIZ20941.1	67.480	246	80	0	1	246	1	246	1.62e-125	352
MDA8559905.1	QIZ20942.1	64.839	310	109	0	1	310	1	310	1.83e-148	415
MDA8559906.1	QIZ20943.1	80.814	172	33	0	1	172	1	172	6.65e-104	291
MDA8559907.1	QIZ20944.1	54.637	593	261	3	1	592	1	586	0.0	622
MDA8559908.1	QIZ21144.1	88.938	452	50	0	1	452	1	452	0.0	788
MDA8559909.1	QIZ21143.1	67.883	274	88	0	1	274	1	274	8.02e-127	357
MDA8559910.1	QIZ21142.1	82.951	305	52	0	1	305	1	305	0.0	516
MDA8559911.1	QIZ21141.1	68.984	187	58	0	1	187	1	187	1.08e-95	271
MDA8559912.1	QIZ21140.1	65.748	254	87	0	19	272	19	272	1.66e-131	369
MDA8559913.1	QIZ21139.1	77.055	292	67	0	1	292	1	292	4.30e-158	439
MDA8559914.1	QIZ21138.1	70.690	58	17	0	1	58	2	59	1.89e-24	81.6
MDA8559915.1	QIZ21137.1	72.172	442	122	1	1	441	1	442	0.0	620
MDA8559916.1	QIZ21136.1	88.079	453	54	0	1	453	1	453	0.0	775
MDA8559917.1	QIZ21135.1	82.564	195	33	1	1	195	2	195	5.10e-123	341
MDA8559918.1	QIZ21134.1	86.528	386	51	1	1	386	1	385	0.0	684
MDA8559919.1	QIZ20340.1	68.605	86	26	1	12	97	12	96	3.28e-28	95.9
MDA8559920.1	QIZ20339.1	48.551	138	71	0	13	150	15	152	1.76e-45	142
MDA8559921.1	QIZ20338.1	91.298	701	61	0	1	701	1	701	0.0	1248
MDA8559922.1	QIZ20337.1	62.069	319	121	0	1	319	1	319	1.12e-133	378
MDA8559923.1	QIZ20336.1	61.940	134	51	0	1	134	1	134	5.60e-61	179
MDA8559924.1	QIZ20335.1	71.094	128	37	0	1	128	1	128	1.85e-64	188
MDA8559925.1	QIZ20334.1	68.717	374	103	3	1	368	1	366	6.01e-174	484
MDA8559926.1	QIZ20333.1	68.020	197	63	0	1	197	1	197	1.39e-96	275
MDA8559928.1	QIZ20332.1	88.816	152	17	0	1	152	1	152	2.85e-102	285
MDA8559929.1	QIZ20331.1	87.356	435	55	0	1	435	1	435	0.0	803
MDA8559930.1	QIZ20330.1	58.451	142	57	2	1	141	1	141	1.43e-55	166
MDA8559931.1	QIZ20329.1	78.351	194	42	0	3	196	20	213	2.80e-119	332
MDA8559932.1	QIZ20328.1	74.725	91	23	0	1	91	1	91	2.85e-46	146
MDA8559933.1	QIZ21005.1	76.829	82	19	0	1	82	1	82	2.18e-42	130
MDA8559934.1	QIZ21006.1	89.759	166	17	0	1	166	1	166	1.00e-110	308
MDA8559935.1	QIZ21007.1	94.293	403	23	0	1	403	1	403	0.0	797
MDA8559936.1	QIZ21008.1	89.272	261	28	0	1	261	1	261	0.0	493
MDA8559938.1	QIZ21010.1	93.623	690	44	0	1	690	1	690	0.0	1321
MDA8559939.1	QIZ21011.1	85.366	82	12	0	1	82	1	82	1.28e-46	139
MDA8559940.1	QIZ21012.1	82.787	122	21	0	1	122	1	122	4.33e-73	209
MDA8559941.1	QIZ21013.1	79.595	740	146	3	1	739	1	736	0.0	1166
MDA8559942.1	QIZ21014.1	90.766	509	47	0	1	509	22	530	0.0	913
MDA8559943.1	QIZ20355.1	65.299	268	93	0	1	268	1	268	1.01e-121	344
MDA8559944.1	QIZ20354.1	66.333	300	100	1	1	299	1	300	2.78e-143	401
MDA8559945.1	QIZ20353.1	74.126	429	111	0	1	429	1	429	0.0	615
MDA8559947.1	QIZ20351.1	68.437	339	107	0	1	339	1	339	1.44e-172	479
MDA8559948.1	QIZ20350.1	75.839	149	32	1	1	145	1	149	7.95e-84	238
MDA8559949.1	QIZ20349.1	78.431	153	32	1	1	152	1	153	1.02e-90	256
MDA8559950.1	QIZ20348.1	82.353	442	78	0	1	442	1	442	0.0	757
MDA8559951.1	QIZ20347.1	56.970	330	142	0	2	331	6	335	9.87e-127	362
MDA8559952.1	QIZ20346.1	70.833	96	28	0	1	96	1	96	1.21e-41	127
MDA8559953.1	QIZ20345.1	92.063	63	5	0	1	63	1	63	5.48e-37	113
MDA8559954.1	QIZ20344.1	61.600	125	47	1	1	124	1	125	1.25e-47	145
MDA8559955.1	QIZ20343.1	76.289	97	23	0	2	98	3	99	2.26e-49	147
MDA8559956.1	QIZ20342.1	78.378	333	72	0	1	333	1	333	0.0	536
MDA8559957.1	QIZ20341.1	88.889	54	6	0	1	54	7	60	2.47e-33	103
MDA8559962.1	QIZ20846.1	34.507	284	151	11	17	293	20	275	7.31e-35	125
MDA8559963.1	QIZ21167.1	76.899	645	149	0	1	645	7	651	0.0	1045
MDA8559964.1	QIZ21168.1	69.730	185	56	0	1	185	1	185	2.01e-90	258
MDA8559965.1	QIZ21169.1	92.927	509	36	0	1	509	1	509	0.0	973
MDA8559966.1	QIZ21170.1	85.567	291	42	0	1	291	1	291	0.0	514
MDA8559967.1	QIZ21171.1	95.551	472	21	0	1	472	1	472	0.0	919
MDA8559968.1	QIZ21172.1	76.923	130	30	0	1	130	1	130	3.91e-70	202
MDA8559969.1	QIZ21173.1	77.483	151	34	0	7	157	7	157	7.96e-89	252
MDA8559970.1	QIZ21174.1	83.287	359	59	1	21	378	21	379	0.0	611
MDA8559971.1	QIZ21175.1	85.345	116	17	0	1	116	1	116	1.02e-69	200
MDA8559972.1	QIZ21176.1	57.812	64	27	0	1	64	117	180	2.34e-21	77.4
MDA8559973.1	QIZ20619.1	64.957	234	82	0	1	234	1	234	2.99e-83	244
MDA8559974.1	QIZ20618.1	82.530	166	29	0	1	166	1	166	7.06e-97	273
MDA8559975.1	QIZ20617.1	81.481	81	15	0	1	81	1	81	1.75e-48	144
MDA8559976.1	QIZ20614.1	64.497	169	60	0	1	169	1	169	1.90e-81	236
MDA8559977.1	QIZ20613.1	73.510	302	79	1	1	302	1	301	4.65e-173	476
MDA8559978.1	QIZ20608.1	76.727	275	64	0	1	275	1	275	7.51e-158	436
MDA8559979.1	QIZ20606.1	85.208	480	71	0	1	480	1	480	0.0	874
MDA8559980.1	QIZ20588.1	72.242	281	78	0	1	281	1	281	2.62e-160	442
MDA8559981.1	QIZ20587.1	73.617	235	62	0	1	235	1	235	2.21e-120	338
MDA8559982.1	QIZ20586.1	89.062	192	21	0	1	192	1	192	5.64e-128	353
MDA8559985.1	QIZ20545.1	89.459	370	39	0	1	370	1	370	0.0	645
MDA8559986.1	QIZ20546.1	94.866	448	23	0	1	448	1	448	0.0	881
MDA8559987.1	QIZ20547.1	85.032	314	46	1	1	313	1	314	0.0	543
MDA8559988.1	QIZ20548.1	89.773	264	27	0	1	264	1	264	2.89e-179	489
MDA8559989.1	QIZ20549.1	70.405	642	183	3	1	640	1	637	0.0	946
MDA8559992.1	QIZ20637.1	78.583	593	121	2	1	592	1	588	0.0	911
MDA8559993.1	QIZ20638.1	87.402	254	32	0	3	256	4	257	1.07e-163	449
MDA8559995.1	QIZ20640.1	72.059	136	38	0	10	145	10	145	1.85e-73	212
MDA8559996.1	QIZ20641.1	73.611	144	35	2	1	144	1	141	5.79e-72	208
MDA8559997.1	QIZ20642.1	92.809	445	32	0	1	445	1	445	0.0	856
MDA8559998.1	QIZ20643.1	60.825	97	38	0	39	135	36	132	9.19e-44	136
MDA8559999.1	QIZ20644.1	73.958	96	24	1	1	96	25	119	8.54e-48	144
MDA8560000.1	QIZ20922.1	67.452	467	148	3	1	465	1	465	0.0	615
MDA8560001.1	QIZ21496.1	73.846	65	17	0	3	67	2	66	1.06e-31	100
MDA8560002.1	QIZ20923.1	83.099	71	12	0	1	71	1	71	3.10e-41	125
MDA8560003.1	QIZ20924.1	80.796	427	82	0	1	427	1	427	0.0	687
MDA8560004.1	QIZ20925.1	67.969	128	41	0	1	128	1	128	8.83e-63	184
MDA8560005.1	QIZ20926.1	79.376	417	86	0	1	417	1	417	0.0	657
MDA8560006.1	QIZ20927.1	75.676	185	44	1	1	184	1	185	5.60e-99	280
MDA8560007.1	QIZ20928.1	87.879	66	6	2	1	65	1	65	3.51e-26	86.7
MDA8560008.1	QIZ20929.1	65.823	158	54	0	1	158	82	239	1.42e-76	224
MDA8560009.1	QIZ20435.1	58.824	221	91	0	5	225	6	226	2.37e-63	200
MDA8560010.1	QIZ20434.1	61.224	245	93	1	1	243	1	245	3.04e-110	313
MDA8560011.1	QIZ20433.1	80.808	99	19	0	1	99	1	99	1.59e-55	163
MDA8560012.1	QIZ20432.1	86.617	538	72	0	1	538	1	538	0.0	961
MDA8560013.1	QIZ20431.1	86.447	273	37	0	1	273	1	273	3.04e-173	475
MDA8560015.1	QIZ20430.1	83.732	418	68	0	1	418	1	418	0.0	701
MDA8560017.1	QIZ20622.1	80.887	293	56	0	1	293	1	293	3.69e-167	461
MDA8560018.1	QIZ20623.1	65.409	159	55	0	1	159	1	159	1.72e-70	206
MDA8560019.1	QIZ20624.1	92.094	468	37	0	1	468	1	468	0.0	915
MDA8560021.1	QIZ20625.1	86.364	110	15	0	1	110	1	110	4.44e-70	201
MDA8560022.1	QIZ20626.1	75.510	98	24	0	1	98	1	98	6.91e-52	154
MDA8560023.1	QIZ20627.1	81.818	154	28	0	1	154	1	154	2.95e-92	260
MDA8560024.1	QIZ20628.1	87.624	404	50	0	1	404	1	404	0.0	755
MDA8560025.1	QIZ20629.1	61.261	222	86	0	5	226	194	415	2.70e-95	280
MDA8560026.1	QIZ20239.1	91.327	588	51	0	1	588	1	588	0.0	1123
MDA8560027.1	QIZ20240.1	78.855	227	48	0	1	227	1	227	2.59e-137	380
MDA8560028.1	QIZ20241.1	83.750	80	13	0	1	80	1	80	6.41e-45	135
MDA8560029.1	QIZ20242.1	91.154	260	23	0	1	260	1	260	6.25e-178	486
MDA8560030.1	QIZ20243.1	90.000	430	43	0	1	430	1	430	0.0	822
MDA8560031.1	QIZ20244.1	84.375	256	40	0	1	256	1	256	1.79e-168	461
MDA8560032.1	QIZ20245.1	75.758	66	16	0	1	66	153	218	1.41e-30	103
MDA8560034.1	QIZ21221.1	68.421	133	41	1	2	133	36	168	3.16e-57	171
MDA8560035.1	QIZ21220.1	80.174	691	137	0	1	691	1	691	0.0	1155
MDA8560037.1	QIZ21219.1	72.632	95	24	1	9	101	7	101	8.97e-49	146
MDA8560038.1	QIZ21218.1	91.055	436	39	0	1	436	1	436	0.0	798
MDA8560039.1	QIZ21217.1	87.662	154	19	0	1	154	25	178	7.13e-104	290
MDA8560043.1	QIZ20247.1	77.099	131	30	0	1	131	1	131	2.08e-73	211
MDA8560044.1	QIZ20248.1	66.008	253	86	0	3	255	4	256	7.70e-114	323
MDA8560046.1	QIZ20238.1	86.842	76	10	0	1	76	1	76	2.51e-47	140
MDA8560047.1	QIZ20237.1	87.273	110	14	0	1	110	1	110	2.60e-70	201
MDA8560048.1	QIZ20236.1	86.341	205	28	0	1	205	1	205	4.72e-138	380
MDA8560051.1	QIZ21363.1	92.164	536	42	0	40	575	72	607	0.0	1011
MDA8560052.1	QIZ21361.1	73.026	152	41	0	1	152	1	152	7.22e-69	201
MDA8560053.1	QIZ21362.1	86.207	145	20	0	1	145	1	145	1.18e-81	247
MDA8560055.1	QIZ20446.1	79.861	144	29	0	5	148	2	145	8.22e-88	248
MDA8560056.1	QIZ20445.1	66.564	326	109	0	1	326	1	326	1.21e-155	434
MDA8560057.1	QIZ20444.1	66.023	259	87	1	1	258	1	259	1.17e-124	350
MDA8560058.1	QIZ20443.1	55.894	263	113	1	1	263	1	260	3.11e-85	251
MDA8560059.1	QIZ20442.1	74.872	195	49	0	1	195	1	195	1.19e-100	291
MDA8560060.1	QIZ21426.1	83.030	165	28	0	1	165	98	262	2.65e-97	278
MDA8560061.1	QIZ21427.1	88.511	235	27	0	1	235	1	235	3.69e-146	403
MDA8560062.1	QIZ21428.1	89.583	336	35	0	1	336	1	336	0.0	611
MDA8560063.1	QIZ21429.1	84.199	443	70	0	14	456	1	443	0.0	745
MDA8560064.1	QIZ21432.1	90.860	372	33	1	9	379	26	397	0.0	653
MDA8560066.1	QIZ21177.1	66.346	416	140	0	1	416	1	416	0.0	549
MDA8560067.1	QIZ21178.1	73.370	368	98	0	1	368	1	368	0.0	538
MDA8560068.1	QIZ21179.1	79.511	327	67	0	1	327	1	327	0.0	514
MDA8560069.1	QIZ21180.1	94.048	84	5	0	1	84	1	84	7.25e-54	157
MDA8560070.1	QIZ21181.1	85.600	125	18	0	1	125	1	125	1.09e-75	216
MDA8560071.1	QIZ21182.1	66.667	195	65	0	3	197	45	239	7.12e-97	277
MDA8560072.1	QIZ21211.1	53.819	288	133	0	1	288	1	288	5.25e-110	317
MDA8560073.1	QIZ21210.1	80.462	1039	203	0	1	1039	1	1039	0.0	1664
MDA8560074.1	QIZ21209.1	80.723	166	32	0	1	166	34	199	2.19e-100	283
MDA8560075.1	QIZ20367.1	83.377	385	64	0	1	385	1	385	0.0	588
MDA8560076.1	QIZ20366.1	38.922	167	98	3	1	163	1	167	1.44e-32	110
MDA8560077.1	QIZ20365.1	76.344	93	22	0	1	93	1	93	2.44e-49	147
MDA8560078.1	QIZ20364.1	55.455	330	140	4	1	328	1	325	4.87e-123	352
MDA8560079.1	QIZ20363.1	68.506	308	97	0	1	308	1	308	8.67e-156	434
MDA8560080.1	QIZ20362.1	46.154	156	83	1	1	156	1	155	1.94e-42	143
MDA8560081.1	QIZ21434.1	25.902	471	327	10	387	844	3	464	4.77e-38	144
MDA8560082.1	QIZ21430.1	59.383	389	154	2	3	390	2	387	9.35e-157	442
MDA8560084.1	QIZ21068.1	85.714	168	24	0	1	168	1	168	3.10e-106	298
MDA8560085.1	QIZ21067.1	93.878	196	12	0	1	196	1	196	5.01e-139	382
MDA8560086.1	QIZ21066.1	89.474	171	18	0	1	171	1	171	2.97e-113	315
MDA8560087.1	QIZ21065.1	86.871	457	56	3	1	455	1	455	0.0	781
MDA8560088.1	QIZ21064.1	61.194	134	51	1	4	136	35	168	1.46e-55	167
MDA8560089.1	QIZ21063.1	75.758	198	47	1	1	198	1	197	8.27e-110	308
MDA8560090.1	QIZ21062.1	66.154	65	22	0	1	65	1	65	4.97e-27	90.9
MDA8560091.1	QIZ20634.1	48.837	301	135	6	2	295	87	375	2.94e-93	276
MDA8560092.1	QIZ20633.1	88.991	218	24	0	1	218	1	218	5.87e-144	396
MDA8560093.1	QIZ20632.1	77.143	140	32	0	1	140	1	140	4.44e-80	228
MDA8560094.1	QIZ20631.1	92.083	480	38	0	1	480	1	480	0.0	931
MDA8560095.1	QIZ20630.1	82.028	217	39	0	1	217	1	217	5.50e-128	357
MDA8560098.1	QIZ20948.1	80.864	162	31	0	2	163	14	175	7.63e-99	278
MDA8560099.1	QIZ20949.1	91.049	324	29	0	1	324	1	324	0.0	630
MDA8560100.1	QIZ20950.1	69.934	602	179	2	1	600	1	602	0.0	849
MDA8560101.1	QIZ20682.1	86.667	405	54	0	1	405	1	405	0.0	751
MDA8560102.1	QIZ20681.1	94.278	367	21	0	5	371	4	370	0.0	736
MDA8560103.1	QIZ20680.1	80.864	324	62	0	1	324	1	324	0.0	568
MDA8560104.1	QIZ20953.1	41.107	253	118	8	1	248	47	273	2.59e-46	151
MDA8560105.1	QIZ21216.1	68.041	97	31	0	3	99	2	98	8.42e-50	148
MDA8560106.1	QIZ21215.1	74.882	211	53	0	1	211	1	211	2.15e-117	328
MDA8560107.1	QIZ21214.1	73.469	294	78	0	1	294	1	294	6.09e-159	440
MDA8560108.1	QIZ21213.1	73.469	147	39	0	1	147	1	147	1.21e-81	233
MDA8560109.1	QIZ21212.1	76.471	102	24	0	1	102	1	102	9.94e-54	164
MDA8560110.1	QIZ20436.1	82.038	373	66	1	13	385	113	484	0.0	624
MDA8560111.1	QIZ20437.1	81.383	188	35	0	1	188	1	188	5.80e-114	318
MDA8560112.1	QIZ20438.1	79.375	320	66	0	1	320	1	320	0.0	526
MDA8560113.1	QIZ20442.1	63.551	107	39	0	1	107	271	377	1.47e-39	130
MDA8560114.1	QIZ20441.1	81.116	466	88	0	1	466	1	466	0.0	785
MDA8560115.1	QIZ20440.1	92.444	225	17	0	1	225	1	225	1.56e-153	421
MDA8560116.1	QIZ20439.1	81.313	198	37	0	1	198	66	263	1.63e-117	330
MDA8560117.1	QIZ21293.1	86.391	169	23	0	1	169	1	169	8.70e-106	295
MDA8560118.1	QIZ21294.1	92.601	419	31	0	1	419	1	419	0.0	776
MDA8560119.1	QIZ21295.1	76.154	260	59	2	1	258	1	259	3.15e-143	397
MDA8560120.1	QIZ21296.1	86.207	116	16	0	1	116	242	357	1.93e-74	220
MDA8560121.1	QIZ21149.1	91.304	115	10	0	1	115	9	123	8.77e-77	221
MDA8560122.1	QIZ21148.1	90.364	467	45	0	1	467	1	467	0.0	877
MDA8560123.1	QIZ21146.1	85.135	222	33	0	1	222	7	228	2.86e-145	400
MDA8560124.1	QIZ20837.1	31.733	479	313	4	67	536	113	586	1.35e-69	230
MDA8560126.1	QIZ21228.1	84.826	402	61	0	1	402	69	470	0.0	714
MDA8560127.1	QIZ21229.1	68.565	439	137	1	1	438	1	439	0.0	585
MDA8560128.1	QIZ21230.1	64.706	85	30	0	1	85	1	85	5.98e-36	119
MDA8560129.1	QIZ21423.1	77.586	232	52	0	1	232	1	232	8.75e-142	392
MDA8560132.1	QIZ20553.1	89.019	428	47	0	1	428	1	428	0.0	781
MDA8560133.1	QIZ20552.1	83.103	290	49	0	1	290	14	303	1.67e-178	490
MDA8560134.1	QIZ20691.1	86.866	335	44	0	2	336	588	922	0.0	623
MDA8560135.1	QIZ20582.1	77.465	71	16	0	1	71	1	71	2.43e-34	108
MDA8560138.1	QIZ20673.1	69.942	173	51	1	1	173	252	423	2.87e-88	262
MDA8560139.1	QIZ20585.1	69.421	121	37	0	1	121	147	267	4.28e-59	179
MDA8560140.1	QIZ20569.1	88.889	333	37	0	1	333	1	333	0.0	608
MDA8560141.1	QIZ20568.1	83.607	183	30	0	1	183	1	183	7.78e-112	313
MDA8560142.1	QIZ20567.1	91.111	135	12	0	1	135	1	135	1.14e-95	267
MDA8560143.1	QIZ21074.1	58.273	139	57	1	1	139	1	138	4.06e-53	161
MDA8560144.1	QIZ21073.1	76.860	121	28	0	1	121	1	121	6.79e-67	193
MDA8560146.1	QIZ21071.1	86.853	251	33	0	1	251	1	251	8.77e-166	454
MDA8560147.1	QIZ21070.1	85.644	202	27	1	1	202	40	239	4.40e-124	346
MDA8560152.1	QIZ21232.1	74.286	210	54	0	1	210	6	215	5.19e-111	312
MDA8560153.1	QIZ21233.1	89.347	582	62	0	1	582	23	604	0.0	1081
MDA8560154.1	QIZ21185.1	68.617	188	59	0	1	188	1	188	8.26e-96	278
MDA8560155.1	QIZ21184.1	79.396	364	75	0	6	369	6	369	0.0	612
MDA8560156.1	QIZ21183.1	78.313	166	36	0	1	166	1	166	3.27e-97	275
MDA8560157.1	QIZ20428.1	79.720	286	58	0	1	286	23	308	3.87e-173	476
MDA8560158.1	QIZ20427.1	75.172	145	36	0	1	145	1	145	8.49e-80	228
MDA8560159.1	QIZ20426.1	75.182	137	34	0	17	153	16	152	4.18e-71	206
MDA8560160.1	QIZ20425.1	71.257	167	48	0	1	167	1	167	3.33e-81	233
MDA8560161.1	QIZ20645.1	80.078	256	45	2	1	253	21	273	5.38e-147	407
MDA8560162.1	QIZ20646.1	86.912	489	64	0	1	489	106	594	0.0	895
MDA8560165.1	QIZ21235.1	90.737	529	49	0	1	529	1	529	0.0	964
MDA8560166.1	QIZ21236.1	92.708	96	7	0	1	96	1	96	2.09e-61	177
MDA8560167.1	QIZ21050.1	78.641	103	22	0	1	103	1	103	2.04e-56	176
MDA8560168.1	QIZ21052.1	94.076	422	25	0	1	422	1	422	0.0	811
