MDA7733883.1	QIZ21435.1	52.419	248	112	3	12	256	14	258	4.56e-87	255
MDA7733884.1	QIZ21434.1	77.033	492	113	0	1	492	1	492	0.0	806
MDA7733885.1	QIZ21433.1	48.227	282	146	0	4	285	4	285	5.08e-94	275
MDA7733886.1	QIZ21432.1	89.673	397	40	1	1	396	1	397	0.0	687
MDA7733887.1	QIZ21431.1	80.159	252	50	0	1	252	1	252	2.26e-139	387
MDA7733888.1	QIZ21429.1	90.745	443	41	0	14	456	1	443	0.0	792
MDA7733889.1	QIZ21428.1	97.321	336	9	0	1	336	1	336	0.0	650
MDA7733890.1	QIZ21427.1	93.617	235	15	0	1	235	1	235	5.46e-157	431
MDA7733891.1	QIZ21426.1	94.318	264	15	0	1	264	1	264	0.0	503
MDA7733893.1	QIZ21425.1	92.079	303	24	0	1	303	1	303	0.0	563
MDA7733894.1	QIZ21424.1	88.785	107	12	0	1	107	1	107	8.99e-65	187
MDA7733895.1	QIZ21423.1	94.017	234	14	0	1	234	1	234	1.70e-165	452
MDA7733896.1	QIZ21422.1	90.421	261	25	0	1	261	1	261	8.53e-176	480
MDA7733897.1	QIZ21421.1	83.740	246	40	0	1	246	1	246	4.37e-156	429
MDA7733898.1	QIZ21420.1	72.493	349	95	1	3	350	2	350	0.0	522
MDA7733899.1	QIZ21419.1	84.175	297	47	0	1	297	1	297	0.0	510
MDA7733900.1	QIZ21418.1	85.956	413	56	1	1	411	1	413	0.0	746
MDA7733901.1	QIZ21417.1	83.824	204	33	0	1	204	1	204	4.53e-112	314
MDA7733902.1	QIZ21416.1	92.857	98	7	0	1	98	1	98	1.23e-64	186
MDA7733903.1	QIZ21415.1	92.857	84	6	0	1	84	1	84	2.29e-57	166
MDA7733908.1	QIZ20193.1	29.771	262	164	9	43	294	26	277	1.95e-24	95.9
MDA7733911.1	QIZ20193.1	35.897	234	135	6	44	270	51	276	6.18e-38	131
MDA7733912.1	QIZ21414.1	87.805	123	15	0	1	123	1	123	6.25e-81	229
MDA7733913.1	QIZ21413.1	91.246	297	26	0	1	297	1	297	0.0	563
MDA7733914.1	QIZ21412.1	86.120	317	44	0	1	317	1	317	0.0	574
MDA7733915.1	QIZ21411.1	75.000	300	74	1	1	300	1	299	1.72e-166	460
MDA7733916.1	QIZ21343.1	90.872	745	66	1	1	743	1	745	0.0	1376
MDA7733917.1	QIZ21342.1	82.407	108	19	0	1	108	2	109	6.44e-64	185
MDA7733919.1	QIZ21340.1	42.581	155	73	5	5	156	21	162	1.53e-31	107
MDA7733920.1	QIZ21337.1	69.697	99	30	0	1	99	1	99	2.46e-47	142
MDA7733921.1	QIZ21336.1	53.383	133	61	1	5	136	10	142	1.53e-43	135
MDA7733922.1	QIZ21335.1	74.755	408	103	0	4	411	2	409	0.0	580
MDA7733923.1	QIZ21334.1	76.923	585	132	2	1	584	1	583	0.0	928
MDA7733924.1	QIZ21333.1	59.924	524	194	9	1	514	1	518	0.0	577
MDA7733925.1	QIZ21332.1	40.000	150	67	5	21	152	21	165	1.71e-28	99.4
MDA7733926.1	QIZ21331.1	56.889	225	86	2	1	214	1	225	9.15e-74	218
MDA7733927.1	QIZ21330.1	57.868	197	80	3	1	196	597	791	2.54e-70	224
MDA7733929.1	QIZ20870.1	77.717	368	78	1	1	364	1	368	0.0	583
MDA7733930.1	QIZ20871.1	77.534	730	154	2	1	720	4	733	0.0	1185
MDA7733931.1	QIZ20872.1	85.222	203	30	0	1	203	1	203	1.90e-128	355
MDA7733932.1	QIZ20873.1	82.857	105	18	0	1	105	1	105	7.60e-60	174
MDA7733933.1	QIZ20874.1	71.964	560	147	4	1	553	1	557	0.0	791
MDA7733934.1	QIZ20875.1	80.072	276	55	0	1	276	1	276	3.87e-170	467
MDA7733935.1	QIZ20876.1	65.574	244	82	1	2	243	3	246	1.57e-108	308
MDA7733936.1	QIZ20877.1	71.271	181	48	2	1	179	11	189	1.04e-95	271
MDA7733937.1	QIZ20878.1	78.641	309	66	0	1	309	1	309	0.0	499
MDA7733938.1	QIZ20879.1	81.818	385	70	0	1	385	1	385	0.0	622
MDA7733939.1	QIZ20881.1	79.518	166	32	2	1	164	1	166	4.20e-95	268
MDA7733940.1	QIZ20882.1	75.394	317	78	0	1	317	1	317	0.0	511
MDA7733941.1	QIZ20883.1	84.236	203	32	0	1	203	1	203	1.98e-131	363
MDA7733942.1	QIZ20884.1	71.613	310	87	1	12	320	13	322	4.73e-160	445
MDA7733943.1	QIZ20885.1	45.789	190	101	2	1	190	1	188	1.94e-46	147
MDA7733944.1	QIZ20886.1	64.591	257	91	0	1	257	1	257	1.02e-118	335
MDA7733945.1	QIZ20887.1	65.871	419	140	2	20	436	20	437	0.0	526
MDA7733946.1	QIZ20888.1	70.588	204	60	0	13	216	12	215	1.28e-100	286
MDA7733947.1	QIZ20889.1	82.639	576	99	1	1	575	1	576	0.0	980
MDA7733948.1	QIZ20890.1	86.316	95	13	0	1	95	1	95	1.83e-57	167
MDA7733949.1	QIZ20891.1	80.117	171	34	0	4	174	4	174	6.54e-97	276
MDA7733950.1	QIZ20892.1	66.029	209	71	0	1	209	1	209	1.66e-99	283
MDA7733951.1	QIZ20893.1	85.049	408	61	0	1	408	1	408	0.0	733
MDA7733952.1	QIZ20894.1	82.510	263	46	0	3	265	2	264	2.90e-151	419
MDA7733953.1	QIZ20895.1	73.052	308	83	0	1	308	1	308	2.85e-179	493
MDA7733954.1	QIZ20896.1	48.826	426	210	7	1	422	1	422	1.17e-137	396
MDA7733955.1	QIZ20897.1	57.944	107	42	2	1	105	1	106	1.61e-40	125
MDA7733956.1	QIZ20898.1	36.117	479	295	4	4	481	5	473	4.28e-110	330
MDA7733957.1	QIZ20908.1	48.696	230	111	3	1	223	1	230	3.94e-71	213
MDA7733959.1	QIZ20661.1	27.935	247	161	7	2	243	9	243	2.38e-21	85.5
MDA7733962.1	QIZ20846.1	36.090	266	146	6	17	281	23	265	4.34e-44	150
MDA7733964.1	QIZ20795.1	54.227	343	146	4	1	339	1	336	4.92e-125	358
MDA7733965.1	QIZ20796.1	43.269	312	164	4	4	314	5	304	1.90e-87	260
MDA7733966.1	QIZ20837.1	28.866	582	363	8	22	574	26	585	5.03e-66	221
MDA7733976.1	QIZ20858.1	31.832	333	205	8	17	346	32	345	5.86e-31	118
MDA7733977.1	QIZ20808.1	33.544	316	181	10	53	363	38	329	2.51e-37	134
MDA7733978.1	QIZ20804.1	34.274	248	156	4	1	247	8	249	7.86e-38	129
MDA7733982.1	QIZ20793.1	75.945	291	70	0	1	291	1	291	8.93e-163	450
MDA7733983.1	QIZ20792.1	95.122	41	2	0	1	41	1	41	3.81e-23	77.4
MDA7733985.1	QIZ20790.1	80.387	362	71	0	1	362	1	362	0.0	585
MDA7733986.1	QIZ20789.1	92.632	95	7	0	1	95	1	95	2.76e-58	170
MDA7733987.1	QIZ20788.1	91.810	464	38	0	2	465	1	464	0.0	872
MDA7733988.1	QIZ21311.1	32.872	289	167	7	1	280	1	271	4.27e-41	142
MDA7733989.1	QIZ20786.1	93.750	64	4	0	1	64	1	64	1.71e-37	115
MDA7733990.1	QIZ20785.1	82.857	175	30	0	1	175	1	175	1.49e-110	310
MDA7733991.1	QIZ20784.1	85.526	76	11	0	1	76	1	76	1.90e-48	143
MDA7733993.1	QIZ20783.1	63.415	246	90	0	1	246	1	246	2.80e-113	321
MDA7733994.1	QIZ20782.1	81.720	186	34	0	1	186	1	186	1.01e-117	327
MDA7733995.1	QIZ20781.1	66.000	200	67	1	6	204	8	207	3.96e-82	239
MDA7733996.1	QIZ20780.1	78.274	336	73	0	1	336	1	336	0.0	546
MDA7733997.1	QIZ20779.1	73.980	392	102	0	1	392	1	392	0.0	584
MDA7733998.1	QIZ20778.1	87.761	335	41	0	1	335	1	335	0.0	610
MDA7733999.1	QIZ20777.1	84.178	651	103	0	1	651	1	651	0.0	1147
MDA7734000.1	QIZ20776.1	63.725	102	37	0	3	104	6	107	3.73e-34	109
MDA7734001.1	QIZ20775.1	73.649	148	39	0	1	148	1	148	5.33e-73	211
MDA7734002.1	QIZ20774.1	54.696	181	82	0	1	181	1	181	1.54e-70	207
MDA7734003.1	QIZ20773.1	76.779	267	62	0	1	267	1	267	1.70e-160	442
MDA7734004.1	QIZ20772.1	86.250	240	33	0	1	240	1	240	2.47e-158	434
MDA7734005.1	QIZ20771.1	75.410	61	15	0	1	61	1	61	1.40e-29	97.8
MDA7734006.1	QIZ20587.1	76.027	146	35	0	1	146	1	146	4.50e-77	224
MDA7734008.1	QIZ20590.1	64.014	289	104	0	4	292	3	291	3.72e-113	325
MDA7734009.1	QIZ20605.1	34.054	370	204	9	33	390	50	391	4.91e-49	166
MDA7734010.1	QIZ20591.1	77.061	279	64	0	1	279	1	279	4.83e-166	457
MDA7734011.1	QIZ20592.1	92.308	247	19	0	1	247	1	247	2.29e-173	473
MDA7734012.1	QIZ20589.1	70.934	289	84	0	1	289	1	289	6.96e-156	432
MDA7734013.1	QIZ20487.1	33.820	411	268	2	20	427	21	430	1.06e-72	231
MDA7734015.1	QIZ20489.1	25.478	314	224	7	2	307	1	312	4.22e-24	97.1
MDA7734016.1	QIZ21125.1	45.806	310	164	1	4	313	3	308	3.55e-95	280
MDA7734017.1	QIZ20593.1	77.496	591	133	0	1	591	1	591	0.0	987
MDA7734018.1	QIZ20513.1	28.173	394	256	8	105	492	7	379	4.90e-37	136
MDA7734020.1	QIZ20834.1	27.794	349	218	8	9	342	1	330	2.31e-27	105
MDA7734022.1	QIZ20594.1	76.285	253	60	0	1	253	1	253	6.23e-142	394
MDA7734023.1	QIZ20416.1	31.897	232	147	5	6	235	5	227	4.19e-30	108
MDA7734026.1	QIZ20599.1	72.667	300	82	0	1	300	1	300	3.00e-169	467
MDA7734027.1	QIZ20600.1	76.305	249	58	1	1	249	1	248	5.77e-140	389
MDA7734028.1	QIZ20601.1	94.606	482	26	0	1	482	1	482	0.0	843
MDA7734029.1	QIZ20602.1	76.923	169	38	1	1	168	1	169	7.39e-81	233
MDA7734030.1	QIZ20603.1	95.342	322	15	0	1	322	1	322	0.0	632
MDA7734031.1	QIZ20604.1	88.379	327	38	0	4	330	3	329	0.0	542
MDA7734032.1	QIZ20605.1	87.980	391	47	0	1	391	1	391	0.0	717
MDA7734038.1	QIZ20710.1	33.884	242	149	5	8	247	3	235	2.42e-33	117
MDA7734041.1	QIZ21401.1	24.349	538	365	13	37	557	23	535	2.31e-28	115
MDA7734042.1	QIZ20606.1	78.497	479	103	0	1	479	1	479	0.0	805
MDA7734049.1	QIZ21290.1	87.342	158	20	0	1	158	1	158	5.95e-101	282
MDA7734050.1	QIZ21291.1	75.182	274	68	0	1	274	1	274	1.95e-156	432
MDA7734051.1	QIZ21292.1	75.342	146	36	0	8	153	3	148	4.21e-81	232
MDA7734052.1	QIZ21293.1	89.349	169	18	0	1	169	1	169	3.00e-108	302
MDA7734053.1	QIZ21294.1	94.033	419	25	0	1	419	1	419	0.0	786
MDA7734054.1	QIZ21295.1	80.385	260	49	2	1	259	1	259	2.23e-149	413
MDA7734055.1	QIZ21296.1	87.675	357	44	0	1	357	1	357	0.0	655
MDA7734056.1	QIZ21297.1	79.032	186	39	0	1	186	1	186	6.30e-110	307
MDA7734057.1	QIZ21298.1	69.778	225	61	2	14	236	1	220	4.61e-100	286
MDA7734058.1	QIZ21299.1	92.581	310	23	0	1	310	1	310	0.0	555
MDA7734059.1	QIZ21300.1	63.241	253	92	1	3	254	1	253	6.54e-93	270
MDA7734060.1	QIZ21301.1	56.232	345	148	3	4	347	5	347	1.72e-129	370
MDA7734061.1	QIZ21302.1	63.780	254	92	0	1	254	1	254	1.07e-119	338
MDA7734062.1	QIZ21303.1	68.571	70	22	0	1	70	1	70	6.20e-28	92.4
MDA7734063.1	QIZ21304.1	68.337	439	139	0	1	439	1	439	0.0	637
MDA7734064.1	QIZ21305.1	79.556	225	46	0	1	225	1	225	1.58e-129	360
MDA7734065.1	QIZ21306.1	81.944	144	26	0	1	144	1	144	2.86e-84	239
MDA7734066.1	QIZ21307.1	89.310	290	31	0	1	290	1	290	0.0	561
MDA7734067.1	QIZ21308.1	90.155	193	19	0	1	193	1	193	1.33e-129	358
MDA7734068.1	QIZ21309.1	90.507	611	58	0	1	611	1	611	0.0	1152
MDA7734069.1	QIZ21310.1	89.362	141	15	0	1	141	1	141	3.92e-87	246
MDA7734070.1	QIZ21312.1	85.600	250	36	0	1	250	1	250	4.50e-156	429
MDA7734071.1	QIZ21313.1	91.865	713	58	0	1	713	1	713	0.0	1366
MDA7734072.1	QIZ21314.1	94.236	399	23	0	1	399	1	399	0.0	779
MDA7734073.1	QIZ21513.1	42.066	813	461	7	4	809	1	810	0.0	638
MDA7734075.1	QIZ21317.1	97.452	314	8	0	1	314	1	314	0.0	637
MDA7734076.1	QIZ21318.1	80.255	314	62	0	1	314	1	314	0.0	528
MDA7734077.1	QIZ21319.1	93.151	219	15	0	1	219	1	219	2.55e-156	427
MDA7734078.1	QIZ21358.1	82.906	351	60	0	1	351	1	351	0.0	595
MDA7734080.1	QIZ21359.1	88.547	1074	123	0	1	1074	1	1074	0.0	1961
MDA7734081.1	QIZ21360.1	84.156	385	60	1	1	384	1	385	0.0	671
MDA7734082.1	QIZ21361.1	73.684	152	40	0	1	152	1	152	5.16e-73	211
MDA7734083.1	QIZ21362.1	88.372	129	15	0	1	129	1	129	2.51e-72	222
MDA7734084.1	QIZ20323.1	68.205	195	62	0	1	195	1	195	3.14e-88	255
MDA7734085.1	QIZ20322.1	82.564	195	34	0	1	195	1	195	1.75e-107	302
MDA7734086.1	QIZ20321.1	80.684	585	109	1	1	581	1	585	0.0	986
MDA7734087.1	QIZ20320.1	56.069	173	73	1	1	170	1	173	8.31e-63	187
MDA7734088.1	QIZ20319.1	89.744	156	16	0	1	156	1	156	7.30e-106	295
MDA7734089.1	QIZ20318.1	78.840	293	62	0	1	293	1	293	2.21e-175	482
MDA7734090.1	QIZ20317.1	70.794	743	209	4	1	742	1	736	0.0	1077
MDA7734091.1	QIZ20316.1	94.724	417	22	0	1	417	1	417	0.0	831
MDA7734092.1	QIZ20315.1	84.615	91	14	0	1	91	1	91	2.38e-59	172
MDA7734093.1	QIZ20314.1	80.439	1002	195	1	1	1001	1	1002	0.0	1726
MDA7734094.1	QIZ20313.1	60.963	187	73	0	1	187	1	187	1.76e-83	241
MDA7734095.1	QIZ20312.1	85.098	255	38	0	1	255	1	255	6.37e-158	434
MDA7734096.1	QIZ20311.1	89.300	243	26	0	1	243	1	243	1.68e-136	379
MDA7734097.1	QIZ20306.1	76.433	157	37	0	1	157	1	157	4.03e-92	260
MDA7734098.1	QIZ20305.1	88.816	456	51	0	1	456	1	456	0.0	814
MDA7734099.1	QIZ20304.1	73.179	302	80	1	1	302	1	301	1.05e-165	458
MDA7734100.1	QIZ20303.1	82.870	216	37	0	1	216	1	216	3.98e-133	369
MDA7734101.1	QIZ20302.1	93.279	491	33	0	1	491	1	491	0.0	926
MDA7734102.1	QIZ20301.1	85.567	485	70	0	1	485	1	485	0.0	853
MDA7734103.1	QIZ20300.1	84.211	95	15	0	1	95	1	95	1.68e-54	160
MDA7734104.1	QIZ20299.1	79.470	151	31	0	1	151	1	151	8.05e-83	236
MDA7734105.1	QIZ20298.1	92.652	313	23	0	1	313	1	313	0.0	606
MDA7734106.1	QIZ20742.1	27.778	414	258	11	28	423	25	415	9.57e-40	143
MDA7734107.1	QIZ20297.1	72.917	192	51	1	1	192	1	191	6.70e-97	275
MDA7734108.1	QIZ20296.1	82.864	852	144	1	1	850	1	852	0.0	1440
MDA7734110.1	QIZ20294.1	77.124	153	35	0	1	153	1	153	3.55e-89	252
MDA7734111.1	QIZ20293.1	77.494	431	97	0	1	431	1	431	0.0	660
MDA7734112.1	QIZ20292.1	80.370	270	53	0	1	270	1	270	7.02e-152	421
MDA7734113.1	QIZ20291.1	61.856	194	72	2	1	194	1	192	1.44e-76	227
MDA7734124.1	QIZ20248.1	68.110	254	81	0	2	255	3	256	5.95e-117	331
MDA7734127.1	QIZ20800.1	43.612	227	126	2	6	230	5	231	1.98e-51	162
MDA7734129.1	QIZ20419.1	94.509	346	19	0	1	346	1	346	0.0	685
MDA7734130.1	QIZ20418.1	84.252	381	60	0	1	381	1	381	0.0	619
MDA7734131.1	QIZ20417.1	83.568	426	67	1	1	423	1	426	0.0	721
MDA7734132.1	QIZ20416.1	92.083	240	19	0	1	240	5	244	4.60e-168	459
MDA7734133.1	QIZ20415.1	87.705	122	15	0	1	122	1	122	1.66e-74	213
MDA7734134.1	QIZ20414.1	84.229	875	138	0	1	875	1	875	0.0	1546
MDA7734135.1	QIZ20413.1	93.706	572	36	0	1	572	1	572	0.0	1112
MDA7734136.1	QIZ20412.1	87.032	401	52	0	1	401	1	401	0.0	693
MDA7734141.1	QIZ20411.1	95.950	321	13	0	1	321	1	321	0.0	625
MDA7734142.1	QIZ20410.1	87.931	58	7	0	15	72	158	215	1.11e-32	107
MDA7734146.1	QIZ20404.1	80.723	332	64	0	1	332	1	332	0.0	564
MDA7734147.1	QIZ20403.1	80.337	178	35	0	1	178	81	258	6.33e-110	310
MDA7734148.1	QIZ21150.1	94.293	368	21	0	1	368	1	368	0.0	693
MDA7734149.1	QIZ21151.1	82.453	587	103	0	1	587	1	587	0.0	1025
MDA7734150.1	QIZ21152.1	76.723	537	125	0	1	537	1	537	0.0	891
MDA7734151.1	QIZ21153.1	67.829	258	83	0	1	258	1	258	9.37e-137	381
MDA7734152.1	QIZ21154.1	84.282	369	58	0	1	369	1	369	0.0	640
MDA7734153.1	QIZ21155.1	76.737	331	77	0	1	331	1	331	0.0	532
MDA7734154.1	QIZ21156.1	70.079	127	38	0	1	127	1	127	4.77e-65	189
MDA7734155.1	QIZ21157.1	62.963	108	40	0	1	108	1	108	2.30e-40	125
MDA7734156.1	QIZ21158.1	91.201	591	51	1	1	591	1	590	0.0	1140
MDA7734157.1	QIZ21159.1	88.312	231	27	0	1	231	27	257	3.09e-158	434
MDA7734158.1	QIZ21160.1	93.561	497	32	0	1	497	1	497	0.0	973
MDA7734159.1	QIZ21161.1	95.625	320	14	0	1	320	1	320	0.0	616
MDA7734160.1	QIZ21162.1	88.083	386	46	0	1	386	1	386	0.0	691
MDA7734161.1	QIZ21163.1	91.065	291	26	0	1	291	1	291	0.0	514
MDA7734162.1	QIZ21164.1	82.837	973	158	4	1	969	1	968	0.0	1704
MDA7734163.1	QIZ21165.1	79.954	439	74	4	1	439	1	425	0.0	696
MDA7734164.1	QIZ21166.1	83.691	466	76	0	1	466	1	466	0.0	810
MDA7734167.1	QIZ21167.1	80.799	651	125	0	1	651	1	651	0.0	1100
MDA7734168.1	QIZ20844.1	70.472	254	75	0	1	254	1	254	4.01e-127	361
MDA7734169.1	QIZ20846.1	71.480	277	78	1	1	276	1	277	1.27e-141	399
MDA7734170.1	QIZ20847.1	48.913	276	139	2	9	284	5	278	7.12e-77	231
MDA7734171.1	QIZ20848.1	49.161	417	196	8	6	418	5	409	4.24e-108	321
MDA7734172.1	QIZ20849.1	50.831	301	147	1	1	301	1	300	9.97e-109	314
MDA7734173.1	QIZ20850.1	61.886	509	193	1	3	511	1	508	0.0	646
MDA7734174.1	QIZ20851.1	55.046	327	146	1	4	330	2	327	8.76e-129	367
MDA7734175.1	QIZ20852.1	62.048	332	124	2	4	334	3	333	4.16e-148	416
MDA7734176.1	QIZ20853.1	53.191	235	110	0	2	236	4	238	8.50e-84	245
MDA7734177.1	QIZ20854.1	52.308	195	93	0	2	196	8	202	1.09e-70	209
MDA7734178.1	QIZ20831.1	51.923	104	49	1	10	113	4	106	8.99e-34	110
MDA7734180.1	QIZ20860.1	67.506	397	128	1	33	428	36	432	0.0	549
MDA7734181.1	QIZ20861.1	65.957	94	20	2	4	97	16	97	4.37e-36	117
MDA7734182.1	QIZ20862.1	61.429	280	108	0	1	280	1	280	3.89e-121	343
MDA7734183.1	QIZ20863.1	85.714	357	51	0	1	357	1	357	0.0	605
MDA7734184.1	QIZ20864.1	89.041	365	40	0	1	365	1	365	0.0	669
MDA7734185.1	QIZ20865.1	75.186	403	100	0	1	403	1	403	0.0	631
MDA7734186.1	QIZ20866.1	72.385	239	66	0	1	239	1	239	3.09e-129	360
MDA7734187.1	QIZ20867.1	62.069	145	50	2	1	142	1	143	3.79e-54	163
MDA7734188.1	QIZ20868.1	66.346	104	35	0	1	104	330	433	1.24e-44	145
MDA7734189.1	QIZ21117.1	64.444	90	32	0	1	90	520	609	4.17e-36	124
MDA7734190.1	QIZ21118.1	49.133	173	87	1	1	172	1	173	1.71e-57	174
MDA7734191.1	QIZ21119.1	62.185	119	43	1	1	117	1	119	2.93e-44	136
MDA7734192.1	QIZ21120.1	64.138	145	52	0	22	166	25	169	1.23e-67	199
MDA7734193.1	QIZ21122.1	87.990	383	46	0	1	383	1	383	0.0	723
MDA7734194.1	QIZ21123.1	90.933	386	35	0	1	386	1	386	0.0	717
MDA7734195.1	QIZ21124.1	31.947	457	301	7	19	471	4	454	8.57e-75	239
MDA7734198.1	QIZ21125.1	89.274	317	34	0	1	317	1	317	0.0	585
MDA7734199.1	QIZ20490.1	63.816	304	109	1	1	304	1	303	5.70e-144	403
MDA7734200.1	QIZ21127.1	70.992	131	37	1	1	131	230	359	9.61e-60	184
MDA7734201.1	QIZ21134.1	31.988	347	233	2	1	344	1	347	2.33e-43	150
MDA7734203.1	QIZ20487.1	32.258	310	156	6	2	309	6	263	2.60e-36	138
MDA7734204.1	QIZ21126.1	59.214	407	161	1	1	407	1	402	7.42e-153	434
MDA7734205.1	QIZ21140.1	69.170	253	78	0	20	272	20	272	2.26e-137	384
MDA7734206.1	QIZ21141.1	68.984	187	58	0	1	187	1	187	1.37e-94	269
MDA7734207.1	QIZ21142.1	83.607	305	50	0	1	305	1	305	0.0	518
MDA7734208.1	QIZ21143.1	74.088	274	71	0	1	274	1	274	1.35e-143	400
MDA7734209.1	QIZ21144.1	87.342	79	10	0	1	79	1	79	8.37e-43	139
MDA7734210.1	QIZ21200.1	84.441	572	89	0	1	572	1	572	0.0	984
MDA7734211.1	QIZ21198.1	66.120	183	62	0	1	183	1	183	4.85e-86	247
MDA7734212.1	QIZ21197.1	89.503	181	19	0	7	187	7	187	1.33e-119	332
MDA7734213.1	QIZ21196.1	82.234	394	68	1	1	394	1	392	0.0	677
MDA7734214.1	QIZ21195.1	90.202	347	34	0	1	347	1	347	0.0	640
MDA7734215.1	QIZ21194.1	91.409	291	25	0	1	291	1	291	0.0	529
MDA7734216.1	QIZ21193.1	81.818	176	32	0	1	176	1	176	1.37e-101	286
MDA7734217.1	QIZ21192.1	86.598	97	13	0	1	97	1	97	4.60e-49	147
MDA7734218.1	QIZ21191.1	72.334	347	96	0	1	347	1	347	0.0	516
MDA7734219.1	QIZ21190.1	83.462	520	86	0	1	520	6	525	0.0	901
MDA7734220.1	QIZ21189.1	77.963	481	104	1	1	479	1	481	0.0	726
MDA7734221.1	QIZ21188.1	88.865	458	51	0	1	458	1	458	0.0	766
MDA7734222.1	QIZ21187.1	70.968	248	72	0	1	248	1	248	2.50e-122	344
MDA7734223.1	QIZ21186.1	71.477	298	85	0	1	298	1	298	1.57e-154	429
MDA7734224.1	QIZ21185.1	68.611	360	113	0	1	360	1	360	0.0	511
MDA7734225.1	QIZ21184.1	76.882	372	86	0	1	372	1	372	0.0	613
MDA7734226.1	QIZ21183.1	75.127	197	49	0	1	197	1	197	5.53e-111	311
MDA7734227.1	QIZ21182.1	66.527	239	80	0	1	239	1	239	8.13e-124	347
MDA7734228.1	QIZ21181.1	81.343	134	22	1	1	131	1	134	7.99e-78	222
MDA7734229.1	QIZ21180.1	95.238	84	4	0	1	84	1	84	4.89e-54	158
MDA7734230.1	QIZ21179.1	78.593	327	70	0	1	327	1	327	0.0	513
MDA7734231.1	QIZ21178.1	72.566	113	31	0	1	113	1	113	1.53e-49	157
MDA7734232.1	QIZ20257.1	90.561	1123	104	2	1	1121	1	1123	0.0	2101
MDA7734233.1	QIZ20256.1	88.430	121	13	1	1	120	1	121	3.24e-60	176
MDA7734234.1	QIZ20255.1	80.120	166	33	0	2	167	1	166	9.66e-97	273
MDA7734235.1	QIZ20254.1	86.900	229	30	0	1	229	1	229	1.08e-146	404
MDA7734236.1	QIZ20253.1	85.106	141	21	0	1	141	1	141	5.28e-87	246
MDA7734237.1	QIZ20252.1	93.182	176	12	0	1	176	1	176	1.48e-121	336
MDA7734238.1	QIZ20251.1	92.063	63	5	0	1	63	1	63	4.96e-37	114
MDA7734239.1	QIZ20250.1	96.212	396	15	0	1	396	1	396	0.0	778
MDA7734240.1	QIZ20249.1	84.211	247	39	0	1	247	1	247	8.60e-164	449
MDA7734242.1	QIZ20420.1	67.735	468	150	1	1	467	1	468	1.47e-180	509
MDA7734243.1	QIZ20421.1	80.130	463	92	0	1	463	1	463	0.0	699
MDA7734244.1	QIZ20422.1	76.053	451	108	0	1	451	1	451	0.0	695
MDA7734245.1	QIZ20423.1	65.093	593	207	0	1	593	1	593	0.0	721
MDA7734246.1	QIZ20424.1	51.226	367	176	2	1	364	1	367	3.27e-107	315
MDA7734247.1	QIZ20425.1	42.857	154	87	1	1	154	2	154	1.02e-37	123
MDA7734248.1	QIZ20426.1	61.314	137	53	0	18	154	16	152	2.22e-56	169
MDA7734249.1	QIZ20427.1	68.276	145	46	0	1	145	1	145	1.84e-73	212
MDA7734250.1	QIZ20428.1	81.699	306	56	0	1	306	3	308	0.0	518
MDA7734254.1	QIZ20545.1	87.705	366	45	0	1	366	1	366	0.0	628
MDA7734255.1	QIZ20546.1	95.759	448	19	0	1	448	1	448	0.0	892
MDA7734256.1	QIZ20547.1	89.172	314	33	1	1	313	1	314	0.0	566
MDA7734257.1	QIZ20548.1	93.585	265	17	0	1	265	1	265	0.0	506
MDA7734258.1	QIZ20549.1	78.964	637	133	1	1	636	1	637	0.0	1044
MDA7734259.1	QIZ20550.1	79.341	334	68	1	1	333	1	334	0.0	519
MDA7734260.1	QIZ21518.1	60.191	314	125	0	5	318	5	318	6.40e-137	387
MDA7734261.1	QIZ21344.1	61.620	284	104	3	1	281	1	282	4.36e-117	333
MDA7734264.1	QIZ21487.1	95.000	80	4	0	1	80	1	80	1.12e-57	167
MDA7734265.1	QIZ21486.1	96.172	418	16	0	1	418	1	418	0.0	847
MDA7734266.1	QIZ21485.1	95.009	561	28	0	1	561	1	561	0.0	1093
MDA7734267.1	QIZ21484.1	86.207	261	36	0	2	262	3	263	1.62e-170	467
MDA7734268.1	QIZ21483.1	86.234	385	53	0	3	387	2	386	0.0	698
MDA7734269.1	QIZ21434.1	26.712	438	314	6	3	435	25	460	1.30e-58	196
MDA7734270.1	QIZ20661.1	36.992	246	147	5	4	247	5	244	4.74e-39	132
MDA7734272.1	QIZ20203.1	30.317	442	293	7	11	445	6	439	2.83e-63	206
MDA7734274.1	QIZ21481.1	77.193	342	78	0	1	342	1	342	0.0	557
MDA7734276.1	QIZ21131.1	29.520	271	174	6	10	266	14	281	6.50e-35	122
MDA7734277.1	QIZ21130.1	28.421	285	198	3	5	284	3	286	3.14e-21	86.7
MDA7734278.1	QIZ21133.1	50.559	358	171	3	1	353	1	357	6.17e-127	364
MDA7734280.1	QIZ21037.1	59.302	86	35	0	1	86	108	193	2.50e-28	96.7
MDA7734281.1	QIZ21036.1	69.579	309	93	1	1	309	1	308	3.74e-159	442
MDA7734282.1	QIZ21035.1	86.154	195	27	0	18	212	18	212	2.10e-128	357
MDA7734283.1	QIZ21034.1	79.767	257	52	0	1	257	1	257	2.41e-154	426
MDA7734284.1	QIZ21033.1	87.766	376	43	2	1	376	1	373	0.0	655
MDA7734285.1	QIZ21032.1	93.153	628	43	0	1	628	1	628	0.0	1192
MDA7734286.1	QIZ21031.1	71.831	213	50	4	1	208	1	208	1.27e-100	286
MDA7734287.1	QIZ21030.1	67.347	196	64	0	3	198	5	200	3.52e-87	251
MDA7734288.1	QIZ21029.1	60.156	384	152	1	1	384	1	383	2.36e-159	449
MDA7734289.1	QIZ21028.1	62.587	286	107	0	1	286	1	286	5.73e-118	336
MDA7734290.1	QIZ21027.1	73.980	196	51	0	1	196	1	196	2.59e-108	304
MDA7734291.1	QIZ21026.1	85.321	327	48	0	1	327	434	760	0.0	563
MDA7734292.1	QIZ21025.1	71.513	509	144	1	1	509	1	508	0.0	709
MDA7734293.1	QIZ21024.1	78.979	333	70	0	1	333	1	333	0.0	546
MDA7734294.1	QIZ21023.1	68.794	141	43	1	1	140	1	141	2.98e-67	197
MDA7734299.1	QIZ20676.1	80.745	161	31	0	1	161	1	161	5.08e-85	242
MDA7734301.1	QIZ21534.1	43.119	109	61	1	13	121	13	120	2.89e-29	98.6
MDA7734302.1	QIZ20673.1	79.167	432	89	1	1	431	1	432	0.0	682
MDA7734303.1	QIZ20672.1	81.119	286	54	0	1	286	1	286	1.56e-174	479
MDA7734304.1	QIZ20671.1	73.139	309	82	1	1	308	1	309	2.36e-169	468
MDA7734305.1	QIZ20670.1	77.030	431	99	0	1	431	1	431	0.0	701
MDA7734308.1	QIZ20669.1	87.683	479	59	0	15	493	15	493	0.0	887
MDA7734309.1	QIZ20668.1	65.746	181	62	0	1	181	1	181	1.52e-83	240
MDA7734310.1	QIZ21076.1	88.043	460	54	1	1	459	237	696	0.0	819
MDA7734311.1	QIZ21075.1	53.804	184	82	2	1	181	1	184	3.94e-64	191
MDA7734312.1	QIZ21074.1	59.394	165	67	0	1	165	1	165	2.77e-73	213
MDA7734313.1	QIZ21073.1	76.033	121	29	0	1	121	1	121	2.80e-66	192
MDA7734315.1	QIZ21071.1	88.845	251	28	0	1	251	1	251	8.95e-170	464
MDA7734316.1	QIZ21070.1	87.967	241	27	1	1	241	1	239	5.66e-155	426
MDA7734317.1	QIZ21068.1	90.385	208	20	0	1	208	1	208	6.62e-138	380
MDA7734318.1	QIZ21067.1	92.857	196	14	0	1	196	1	196	1.62e-136	375
MDA7734319.1	QIZ21066.1	87.719	171	21	0	1	171	1	171	1.56e-111	310
MDA7734320.1	QIZ21065.1	87.527	457	55	2	1	457	1	455	0.0	795
MDA7734321.1	QIZ21087.1	39.446	289	160	7	1	285	1	278	1.21e-56	179
MDA7734322.1	QIZ21064.1	60.305	131	51	1	7	136	38	168	3.03e-52	159
MDA7734323.1	QIZ21063.1	67.172	198	64	1	1	198	1	197	2.59e-97	276
MDA7734324.1	QIZ21062.1	63.194	144	48	2	1	143	1	140	5.31e-50	152
MDA7734325.1	QIZ21061.1	63.571	140	51	0	1	140	1	140	4.14e-63	185
MDA7734326.1	QIZ21060.1	74.324	222	55	2	1	220	1	222	7.15e-123	343
MDA7734327.1	QIZ21387.1	88.503	461	53	0	1	461	1	461	0.0	825
MDA7734329.1	QIZ20745.1	76.534	277	65	0	1	277	1	277	6.77e-155	429
MDA7734330.1	QIZ20744.1	89.362	329	35	0	1	329	1	329	0.0	619
MDA7734331.1	QIZ20743.1	74.830	294	74	0	1	294	1	294	1.91e-164	454
MDA7734332.1	QIZ20742.1	85.714	434	62	0	1	434	1	434	0.0	796
MDA7734333.1	QIZ20741.1	77.778	108	24	0	1	108	1	108	8.58e-58	169
MDA7734334.1	QIZ20737.1	71.302	338	97	0	1	338	1	338	0.0	504
MDA7734335.1	QIZ20746.1	87.458	885	111	0	1	885	1	885	0.0	1617
MDA7734336.1	QIZ21388.1	91.746	315	26	0	1	315	1	315	0.0	612
MDA7734337.1	QIZ21395.1	95.255	274	13	0	1	274	1	274	0.0	529
MDA7734338.1	QIZ21396.1	90.191	367	35	1	1	367	1	366	0.0	636
MDA7734339.1	QIZ21397.1	93.772	289	18	0	1	289	1	289	0.0	538
MDA7734340.1	QIZ21398.1	85.246	61	9	0	1	61	1	61	6.77e-35	108
MDA7734341.1	QIZ21399.1	76.533	473	105	4	1	469	1	471	0.0	697
MDA7734342.1	QIZ21400.1	75.758	66	16	0	1	66	1	66	1.62e-30	103
MDA7734343.1	QIZ21268.1	72.807	114	31	0	1	114	207	320	6.94e-58	177
MDA7734344.1	QIZ21267.1	72.340	141	39	0	1	141	1	141	1.21e-70	204
MDA7734345.1	QIZ21266.1	72.050	161	45	0	1	161	1	161	4.77e-92	260
MDA7734346.1	QIZ21265.1	70.370	459	132	2	1	456	1	458	0.0	669
MDA7734347.1	QIZ21264.1	69.585	217	66	0	1	217	1	217	5.13e-102	290
MDA7734348.1	QIZ21263.1	85.878	262	37	0	1	262	1	262	4.33e-166	456
MDA7734349.1	QIZ21262.1	84.091	176	28	0	1	176	1	176	1.26e-115	321
MDA7734350.1	QIZ21260.1	85.149	303	45	0	1	303	1	303	0.0	534
MDA7734351.1	QIZ21259.1	94.301	544	31	0	1	544	1	544	0.0	999
MDA7734352.1	QIZ21258.1	83.704	270	44	0	1	270	1	270	2.87e-166	457
MDA7734353.1	QIZ21257.1	80.814	172	33	0	1	172	62	233	6.57e-99	281
MDA7734356.1	QIZ20494.1	76.761	142	31	1	1	140	1	142	3.86e-78	227
MDA7734357.1	QIZ20494.1	65.476	84	29	0	1	84	165	248	6.51e-38	122
MDA7734358.1	QIZ20493.1	57.143	133	48	1	5	137	11	134	1.47e-49	151
MDA7734359.1	QIZ20492.1	86.719	256	34	0	1	256	1	256	2.17e-168	461
MDA7734360.1	QIZ20491.1	89.505	505	53	0	1	505	1	505	0.0	941
MDA7734361.1	QIZ20490.1	84.314	306	48	0	1	306	1	306	0.0	543
MDA7734362.1	QIZ20489.1	88.398	362	42	0	1	362	1	362	0.0	673
MDA7734363.1	QIZ20488.1	82.648	219	37	1	1	218	1	219	7.90e-125	348
MDA7734364.1	QIZ20487.1	88.889	306	34	0	4	309	1	306	0.0	513
MDA7734366.1	QIZ20467.1	92.771	332	24	0	1	332	1	332	0.0	622
MDA7734367.1	QIZ20466.1	90.683	161	15	0	1	161	1	161	1.65e-111	309
MDA7734368.1	QIZ20465.1	79.524	210	43	0	1	210	1	210	2.79e-124	346
MDA7734369.1	QIZ20464.1	85.437	103	15	0	1	103	1	103	1.62e-49	148
MDA7734370.1	QIZ20463.1	83.516	637	105	0	1	637	1	637	0.0	1092
MDA7734371.1	QIZ20462.1	83.265	490	80	1	1	490	1	488	0.0	839
MDA7734372.1	QIZ20461.1	77.804	419	92	1	1	419	1	418	0.0	616
MDA7734373.1	QIZ21273.1	84.783	92	14	0	1	92	1	92	8.18e-52	164
MDA7734374.1	QIZ21274.1	80.357	168	33	0	9	176	1	168	4.34e-94	266
MDA7734375.1	QIZ21275.1	73.184	179	48	0	18	196	1	179	2.85e-92	263
MDA7734376.1	QIZ21276.1	100.000	75	0	0	1	75	1	75	1.79e-46	138
MDA7734377.1	QIZ21277.1	90.574	244	23	0	1	244	1	244	1.07e-163	448
MDA7734378.1	QIZ21278.1	81.319	91	17	0	1	91	1	91	2.97e-49	146
MDA7734379.1	QIZ21279.1	83.547	857	141	0	1	857	1	857	0.0	1460
MDA7734380.1	QIZ21280.1	71.765	170	48	0	23	192	27	196	1.10e-91	262
MDA7734381.1	QIZ21281.1	73.457	162	43	0	1	162	1	162	1.18e-79	229
MDA7734382.1	QIZ21282.1	71.429	140	40	0	6	145	6	145	3.40e-71	213
MDA7734383.1	QIZ20965.1	85.512	283	41	0	1	283	1	283	0.0	517
MDA7734384.1	QIZ20966.1	77.344	384	87	0	1	384	1	384	0.0	600
MDA7734385.1	QIZ20967.1	73.577	246	65	0	1	246	1	246	1.88e-122	344
MDA7734386.1	QIZ20969.1	82.357	1298	229	0	1	1298	204	1501	0.0	2263
MDA7734387.1	QIZ21132.1	43.382	136	77	0	1	136	1	136	3.26e-29	104
MDA7734390.1	QIZ21480.1	88.488	443	51	0	1	443	1	443	0.0	842
MDA7734391.1	QIZ21479.1	91.395	430	37	0	1	430	287	716	0.0	788
MDA7734391.1	QIZ21479.1	27.917	240	169	2	193	429	153	391	6.87e-26	105
MDA7734392.1	QIZ20332.1	97.260	73	2	0	1	73	1	73	4.37e-49	147
MDA7734393.1	QIZ20331.1	91.954	435	35	0	1	435	1	435	0.0	835
MDA7734394.1	QIZ20330.1	82.270	141	25	0	1	141	1	141	6.23e-85	241
MDA7734395.1	QIZ20329.1	81.443	194	36	0	3	196	20	213	6.23e-122	339
MDA7734396.1	QIZ20328.1	78.116	329	72	0	1	329	1	329	0.0	539
MDA7734397.1	QIZ20327.1	66.814	226	75	0	1	226	1	226	1.78e-101	289
MDA7734398.1	QIZ20326.1	72.146	219	61	0	1	219	1	219	2.02e-110	311
MDA7734399.1	QIZ20325.1	73.140	242	65	0	3	244	2	243	3.83e-133	371
MDA7734400.1	QIZ20324.1	64.286	84	30	0	10	93	43	126	6.92e-36	114
MDA7734401.1	QIZ20279.1	86.364	44	6	0	1	44	75	118	3.66e-25	84.7
MDA7734402.1	QIZ20280.1	86.982	169	22	0	3	171	2	170	2.62e-105	295
MDA7734403.1	QIZ20281.1	83.007	153	23	2	1	150	1	153	5.53e-74	214
MDA7734404.1	QIZ20282.1	91.315	426	37	0	1	426	1	426	0.0	786
MDA7734405.1	QIZ20283.1	46.948	213	87	1	1	187	1	213	3.97e-64	192
MDA7734406.1	QIZ20284.1	94.488	127	7	0	1	127	1	127	7.33e-88	247
MDA7734407.1	QIZ20285.1	87.333	150	18	1	1	149	1	150	4.58e-79	226
MDA7734408.1	QIZ20286.1	92.982	342	24	0	1	342	1	342	0.0	645
MDA7734409.1	QIZ20287.1	89.116	147	14	1	1	147	1	145	6.63e-92	258
MDA7734410.1	QIZ20288.1	80.272	147	29	0	1	147	1	147	2.13e-73	217
MDA7734413.1	QIZ20495.1	84.934	531	80	0	1	531	1	531	0.0	974
MDA7734414.1	QIZ20496.1	91.282	195	17	0	1	195	1	195	4.60e-116	324
MDA7734415.1	QIZ20497.1	88.492	252	29	0	1	252	1	252	2.84e-157	432
MDA7734416.1	QIZ20498.1	63.602	261	90	3	1	260	1	257	2.21e-106	305
MDA7734417.1	QIZ21439.1	81.701	388	71	0	1	388	1	388	0.0	681
MDA7734418.1	QIZ21438.1	75.102	245	61	0	1	245	1	245	4.55e-138	384
MDA7734420.1	QIZ21437.1	90.206	388	38	0	1	388	1	388	0.0	754
MDA7734421.1	QIZ21436.1	89.362	94	10	0	1	94	1	94	1.16e-56	169
MDA7734423.1	QIZ20515.1	43.344	323	181	2	6	326	2	324	4.36e-82	248
MDA7734424.1	QIZ21541.1	78.954	803	169	0	5	807	5	807	0.0	1330
MDA7734427.1	QIZ20952.1	88.832	197	22	0	1	197	1	197	1.28e-125	365
MDA7734428.1	QIZ20959.1	91.304	598	52	0	1	598	4	601	0.0	1134
MDA7734429.1	QIZ21059.1	61.290	124	48	0	1	124	1	124	9.35e-50	152
MDA7734430.1	QIZ21058.1	62.214	262	99	0	2	263	3	264	4.14e-114	324
MDA7734431.1	QIZ21057.1	70.769	195	57	0	1	195	1	195	5.29e-98	278
MDA7734432.1	QIZ21056.1	77.323	269	61	0	1	269	1	269	2.25e-160	442
MDA7734433.1	QIZ21055.1	74.474	333	85	0	1	333	1	333	0.0	525
MDA7734435.1	QIZ21384.1	68.379	253	80	0	1	253	312	564	1.15e-119	348
MDA7734436.1	QIZ21383.1	65.828	676	231	0	1	676	1	676	0.0	909
MDA7734437.1	QIZ21382.1	56.439	264	114	1	18	281	19	281	6.05e-103	297
MDA7734438.1	QIZ21381.1	67.320	306	100	0	1	306	1	306	4.95e-145	406
MDA7734439.1	QIZ21507.1	76.866	134	31	0	1	134	1	134	4.66e-76	218
MDA7734440.1	QIZ21506.1	70.025	397	119	0	8	404	1	397	0.0	620
MDA7734442.1	QIZ21505.1	86.364	242	33	0	1	242	1	242	4.88e-159	436
MDA7734443.1	QIZ21504.1	94.027	452	27	0	1	452	1	452	0.0	896
MDA7734444.1	QIZ21503.1	86.188	181	25	0	1	181	1	181	1.47e-113	316
MDA7734445.1	QIZ20950.1	73.085	457	121	2	1	455	146	602	0.0	679
MDA7734446.1	QIZ20951.1	68.779	426	133	0	1	426	1	426	0.0	584
MDA7734447.1	QIZ20952.1	87.727	440	53	1	1	440	247	685	0.0	807
MDA7734448.1	QIZ20750.1	82.857	140	24	0	1	140	1	140	1.22e-85	249
MDA7734449.1	QIZ20749.1	85.448	268	39	0	1	268	1	268	1.75e-157	434
MDA7734450.1	QIZ20748.1	87.671	292	36	0	1	292	1	292	0.0	549
MDA7734451.1	QIZ20747.1	68.739	563	176	0	1	563	1	563	0.0	780
MDA7734452.1	QIZ21107.1	88.831	385	43	0	1	385	1	385	0.0	705
MDA7734453.1	QIZ21108.1	65.294	170	56	2	1	169	1	168	2.87e-81	233
MDA7734454.1	QIZ21109.1	71.304	345	98	1	1	344	1	345	0.0	531
MDA7734455.1	QIZ21110.1	81.028	253	48	0	1	253	1	253	7.33e-150	414
MDA7734456.1	QIZ21111.1	85.542	83	12	0	1	83	32	114	5.07e-50	149
MDA7734458.1	QIZ21490.1	73.050	282	76	0	1	282	1	282	5.40e-154	427
MDA7734459.1	QIZ21489.1	61.026	195	76	0	1	195	1	195	7.10e-93	265
MDA7734460.1	QIZ21488.1	90.388	645	62	0	1	645	354	998	0.0	1226
MDA7734463.1	QIZ21091.1	85.174	317	47	0	3	319	45	361	0.0	546
MDA7734464.1	QIZ21092.1	86.458	96	13	0	1	96	1	96	4.80e-58	169
MDA7734465.1	QIZ21093.1	90.391	281	27	0	1	281	1	281	0.0	520
MDA7734469.1	QIZ21499.1	79.141	163	34	0	1	163	1	163	2.30e-88	251
MDA7734470.1	QIZ21500.1	81.620	321	59	0	1	321	1	321	0.0	563
MDA7734471.1	QIZ21501.1	76.321	549	130	0	1	549	1	549	0.0	879
MDA7734472.1	QIZ21256.1	87.963	216	26	0	1	216	2	217	1.43e-133	370
MDA7734474.1	QIZ21255.1	91.597	119	10	0	1	119	1	119	4.08e-80	226
MDA7734475.1	QIZ21254.1	93.590	78	5	0	1	78	1	78	2.05e-53	156
MDA7734477.1	QIZ21080.1	83.193	119	20	0	1	119	1	119	7.46e-68	199
MDA7734478.1	QIZ21081.1	95.763	118	5	0	1	118	1	118	4.56e-81	229
MDA7734479.1	QIZ21082.1	97.674	602	14	0	1	602	1	602	0.0	1179
MDA7734480.1	QIZ21083.1	96.512	86	3	0	1	86	1	86	5.84e-60	173
MDA7734481.1	QIZ21084.1	84.127	63	10	0	1	63	1	63	9.80e-36	115
MDA7734482.1	QIZ21362.1	53.271	107	50	0	2	108	485	591	2.74e-33	116
MDA7734483.1	QIZ21363.1	87.047	193	24	1	1	193	1	192	1.79e-117	346
MDA7734485.1	QIZ21363.1	97.603	292	7	0	1	292	316	607	0.0	580
MDA7734489.1	QIZ21088.1	80.119	337	67	0	1	337	1	337	0.0	569
MDA7734490.1	QIZ21089.1	66.776	304	100	1	3	305	4	307	2.00e-142	399
MDA7734491.1	QIZ21090.1	71.366	227	65	0	1	227	1	227	9.83e-123	343
MDA7734492.1	QIZ21146.1	85.816	141	20	0	1	141	88	228	1.67e-90	258
MDA7734493.1	QIZ21148.1	89.079	467	51	0	1	467	1	467	0.0	870
MDA7734494.1	QIZ21149.1	88.764	89	10	0	1	89	9	97	1.67e-57	171
MDA7734495.1	QIZ21283.1	48.000	150	77	1	1	149	234	383	1.21e-45	149
MDA7734496.1	QIZ21284.1	89.607	356	37	0	9	364	1	356	0.0	671
MDA7734497.1	QIZ21285.1	79.235	183	38	0	1	183	1	183	2.36e-101	286
MDA7734498.1	QIZ21286.1	72.816	103	28	0	1	103	141	243	2.51e-43	137
MDA7734504.1	QIZ21509.1	85.271	258	38	0	2	259	4	261	8.34e-165	452
MDA7734505.1	QIZ21482.1	78.689	61	13	0	10	70	3	63	3.31e-31	99.4
MDA7734506.1	QIZ21510.1	53.077	130	61	0	3	132	9	138	2.97e-45	140
MDA7734508.1	QIZ21400.1	56.707	164	71	0	3	166	136	299	1.57e-55	173
MDA7734509.1	QIZ21401.1	93.027	588	41	0	1	588	1	588	0.0	1108
MDA7734510.1	QIZ21402.1	89.091	55	6	0	1	55	1	55	1.12e-31	103
MDA7734511.1	QIZ21444.1	85.526	304	44	0	1	304	203	506	0.0	538
MDA7734512.1	QIZ21444.1	86.498	237	32	0	1	237	504	740	5.55e-149	428
MDA7734514.1	QIZ21445.1	71.622	74	21	0	1	74	140	213	3.41e-36	117
MDA7734515.1	QIZ21112.1	90.476	147	14	0	1	147	1	147	4.54e-97	273
MDA7734516.1	QIZ21113.1	95.283	106	5	0	1	106	1	106	1.34e-73	209
MDA7734517.1	QIZ21114.1	80.508	236	45	1	1	235	1	236	1.06e-142	394
MDA7734518.1	QIZ21115.1	64.865	74	26	0	1	74	1	74	1.59e-33	105
MDA7734519.1	QIZ21116.1	71.681	113	32	0	1	113	1	113	4.87e-56	166
MDA7734520.1	QIZ20964.1	90.857	175	16	0	1	175	7	181	6.11e-120	332
MDA7734521.1	QIZ20962.1	93.220	118	8	0	1	118	1	118	2.37e-80	227
MDA7734522.1	QIZ20961.1	91.202	341	30	0	1	341	1	341	0.0	650
MDA7734523.1	QIZ20977.1	81.241	693	130	0	1	693	3	695	0.0	1165
MDA7734524.1	QIZ21498.1	79.054	148	30	1	1	148	201	347	3.03e-83	244
MDA7734525.1	QIZ21497.1	76.510	149	35	0	1	149	1	149	2.06e-86	245
MDA7734526.1	QIZ21496.1	98.529	68	1	0	1	68	1	68	8.57e-47	139
MDA7734530.1	QIZ21085.1	90.119	506	50	0	1	506	175	680	0.0	960
