MDC0954501.1	QIZ20510.1	92.405	79	6	0	1	79	356	434	2.52e-49	156
MDC0954502.1	QIZ20508.1	95.266	845	40	0	1	845	17	861	0.0	1523
MDC0954503.1	QIZ20507.1	97.738	221	5	0	1	221	1	221	1.18e-157	431
MDC0954504.1	QIZ20506.1	88.235	204	24	0	1	204	1	204	1.32e-132	366
MDC0954506.1	QIZ20500.1	96.721	61	2	0	6	66	323	383	7.86e-39	127
MDC0954509.1	QIZ20500.1	93.473	383	25	0	1	383	1	383	0.0	763
MDC0954510.1	QIZ20499.1	92.636	258	19	0	1	258	1	258	1.82e-174	476
MDC0954511.1	QIZ20355.1	32.727	275	185	0	9	283	3	277	2.09e-37	129
MDC0954512.1	QIZ20498.1	95.865	266	11	0	1	266	1	266	5.75e-168	461
MDC0954513.1	QIZ20497.1	96.429	252	9	0	1	252	1	252	0.0	494
MDC0954514.1	QIZ20496.1	98.980	196	2	0	1	196	1	196	7.29e-137	376
MDC0954515.1	QIZ20495.1	97.552	531	13	0	1	531	1	531	0.0	1087
MDC0954516.1	QIZ20494.1	97.571	247	6	0	1	247	1	247	1.22e-180	491
MDC0954517.1	QIZ20493.1	56.391	133	49	1	5	137	11	134	5.16e-49	149
MDC0954518.1	QIZ20492.1	95.349	258	12	0	1	258	1	258	0.0	501
MDC0954519.1	QIZ20491.1	97.431	506	13	0	1	506	1	506	0.0	1020
MDC0954520.1	QIZ20490.1	98.052	308	6	0	1	308	1	308	0.0	614
MDC0954521.1	QIZ20489.1	98.623	363	5	0	1	363	1	363	0.0	741
MDC0954522.1	QIZ20488.1	97.260	219	6	0	1	219	1	219	1.29e-162	443
MDC0954523.1	QIZ20487.1	98.186	441	8	0	4	444	1	441	0.0	838
MDC0954524.1	QIZ20486.1	95.946	296	12	0	1	296	1	296	0.0	551
MDC0954525.1	QIZ20485.1	94.433	485	27	0	1	485	1	485	0.0	874
MDC0954526.1	QIZ20484.1	96.774	248	8	0	1	248	1	248	5.01e-179	487
MDC0954527.1	QIZ20483.1	93.488	215	14	0	1	215	1	215	5.44e-146	401
MDC0954529.1	QIZ20482.1	95.000	140	7	0	1	140	1	140	1.38e-97	272
MDC0954530.1	QIZ20481.1	93.407	91	6	0	1	91	136	226	1.63e-57	172
MDC0954531.1	QIZ20347.1	93.151	292	20	0	1	292	45	336	0.0	498
MDC0954532.1	QIZ20348.1	97.738	442	10	0	1	442	1	442	0.0	894
MDC0954533.1	QIZ20349.1	96.732	153	5	0	1	153	1	153	1.67e-109	303
MDC0954534.1	QIZ20350.1	97.315	149	4	0	1	149	1	149	1.42e-108	301
MDC0954535.1	QIZ20351.1	94.118	340	20	0	33	372	1	340	0.0	647
MDC0954536.1	QIZ20352.1	93.243	74	5	0	1	74	1	74	1.51e-46	138
MDC0954537.1	QIZ20353.1	89.486	428	45	0	1	428	1	428	0.0	736
MDC0954538.1	QIZ20354.1	70.569	299	87	1	1	298	1	299	4.71e-155	431
MDC0954539.1	QIZ20355.1	69.858	282	85	0	1	282	1	282	9.61e-136	380
MDC0954540.1	QIZ20356.1	94.565	92	5	0	1	92	4	95	1.94e-60	175
MDC0954541.1	QIZ20357.1	88.966	145	16	0	1	145	1	145	6.40e-98	274
MDC0954543.1	QIZ20359.1	63.836	318	102	2	1	318	1	305	4.65e-153	427
MDC0954545.1	QIZ20360.1	43.732	702	371	11	1	691	7	695	2.68e-168	496
MDC0954546.1	QIZ20361.1	56.962	79	34	0	1	79	1	79	1.48e-28	94.0
MDC0954547.1	QIZ20362.1	86.879	564	74	0	1	564	1	564	0.0	978
MDC0954548.1	QIZ20363.1	89.206	315	34	0	1	315	1	315	0.0	572
MDC0954549.1	QIZ20364.1	91.793	329	27	0	1	329	1	329	0.0	621
MDC0954550.1	QIZ20365.1	96.774	93	3	0	1	93	1	93	2.23e-62	180
MDC0954551.1	QIZ20366.1	77.647	170	36	1	1	170	1	168	5.97e-91	258
MDC0954552.1	QIZ20367.1	96.154	390	15	0	1	390	1	390	0.0	736
MDC0954553.1	QIZ20368.1	88.824	170	19	0	1	170	1	170	1.35e-113	315
MDC0954554.1	QIZ20369.1	89.105	257	28	0	1	257	1	257	1.12e-172	472
MDC0954555.1	QIZ20370.1	92.126	254	20	0	1	254	1	254	1.77e-168	461
MDC0954556.1	QIZ20371.1	93.372	513	34	0	1	513	1	513	0.0	994
MDC0954557.1	QIZ21289.1	86.765	68	9	0	1	68	357	424	4.41e-37	123
MDC0954558.1	QIZ21290.1	97.468	158	4	0	1	158	1	158	1.25e-110	307
MDC0954559.1	QIZ21291.1	93.091	275	19	0	1	275	1	275	0.0	528
MDC0954560.1	QIZ21292.1	95.425	153	7	0	1	153	1	153	6.96e-110	305
MDC0954561.1	QIZ21293.1	98.225	169	3	0	1	169	1	169	1.24e-126	348
MDC0954562.1	QIZ21294.1	99.045	419	4	0	1	419	1	419	0.0	836
MDC0954563.1	QIZ21295.1	96.911	259	8	0	1	259	1	259	0.0	526
MDC0954564.1	QIZ21296.1	97.759	357	8	0	1	357	1	357	0.0	715
MDC0954565.1	QIZ21297.1	97.312	186	5	0	1	186	1	186	8.42e-133	365
MDC0954566.1	QIZ21308.1	99.485	194	1	0	1	194	1	194	3.02e-140	385
MDC0954567.1	QIZ21307.1	97.241	290	8	0	1	290	1	290	0.0	596
MDC0954568.1	QIZ21306.1	99.310	145	1	0	1	145	1	145	1.45e-100	280
MDC0954569.1	QIZ21305.1	97.333	225	6	0	1	225	1	225	5.25e-156	427
MDC0954570.1	QIZ21304.1	93.622	439	28	0	1	439	1	439	0.0	836
MDC0954571.1	QIZ21303.1	97.619	84	2	0	1	84	1	84	1.35e-51	152
MDC0954572.1	QIZ21302.1	93.307	254	17	0	1	254	1	254	7.65e-174	474
MDC0954573.1	QIZ21301.1	91.643	347	29	0	1	347	1	347	0.0	609
MDC0954574.1	QIZ21300.1	92.857	252	18	0	1	252	2	253	2.11e-144	400
MDC0954575.1	QIZ21299.1	98.065	310	6	0	1	310	1	310	0.0	607
MDC0954576.1	QIZ21298.1	93.636	220	14	0	1	220	1	220	2.55e-139	385
MDC0954577.1	QIZ21297.1	97.312	186	5	0	1	186	1	186	8.42e-133	365
MDC0954578.1	QIZ21296.1	97.759	357	8	0	1	357	1	357	0.0	715
MDC0954579.1	QIZ21295.1	96.911	259	8	0	1	259	1	259	0.0	526
MDC0954580.1	QIZ21294.1	99.045	419	4	0	1	419	1	419	0.0	836
MDC0954581.1	QIZ21293.1	98.225	169	3	0	1	169	1	169	1.24e-126	348
MDC0954582.1	QIZ21292.1	95.425	153	7	0	1	153	1	153	6.96e-110	305
MDC0954583.1	QIZ21291.1	93.091	275	19	0	1	275	1	275	0.0	528
MDC0954584.1	QIZ21290.1	97.468	158	4	0	1	158	1	158	1.25e-110	307
MDC0954585.1	QIZ21289.1	86.765	68	9	0	1	68	357	424	4.41e-37	123
MDC0954586.1	QIZ20872.1	99.507	203	1	0	1	203	1	203	3.28e-149	408
MDC0954587.1	QIZ20871.1	97.945	730	15	0	1	730	4	733	0.0	1488
MDC0954588.1	QIZ20870.1	94.293	368	21	0	1	368	1	368	0.0	714
MDC0954589.1	QIZ20869.1	94.269	855	41	3	1	854	1	848	0.0	1625
MDC0954590.1	QIZ20868.1	94.457	433	24	0	1	433	1	433	0.0	825
MDC0954591.1	QIZ20867.1	90.909	143	13	0	1	143	1	143	6.69e-86	243
MDC0954592.1	QIZ20866.1	95.000	240	12	0	1	240	1	240	7.87e-167	456
MDC0954593.1	QIZ20865.1	96.526	403	14	0	1	403	1	403	0.0	787
MDC0954594.1	QIZ20864.1	99.180	366	3	0	1	366	1	366	0.0	730
MDC0954595.1	QIZ20863.1	97.759	357	8	0	1	357	1	357	0.0	704
MDC0954596.1	QIZ20862.1	96.071	280	11	0	1	280	1	280	0.0	528
MDC0954597.1	QIZ20861.1	91.667	144	12	0	1	144	1	144	3.71e-87	248
MDC0954598.1	QIZ20860.1	92.000	400	32	0	33	432	33	432	0.0	751
MDC0954599.1	QIZ20422.1	95.858	338	14	0	1	338	114	451	0.0	634
MDC0954600.1	QIZ20424.1	96.419	363	13	0	8	370	9	371	0.0	689
MDC0954601.1	QIZ20425.1	94.611	167	9	0	1	167	1	167	9.96e-106	295
MDC0954602.1	QIZ20426.1	67.883	137	44	0	20	156	16	152	8.27e-63	186
MDC0954603.1	QIZ20427.1	96.552	145	5	0	1	145	1	145	2.31e-102	285
MDC0954604.1	QIZ20428.1	98.377	308	5	0	1	308	1	308	0.0	632
MDC0954605.1	QIZ20429.1	100.000	100	0	0	1	100	1	100	6.30e-65	187
MDC0954606.1	QIZ20430.1	96.172	418	16	0	1	418	1	418	0.0	788
MDC0954607.1	QIZ20431.1	97.810	274	6	0	1	274	1	274	0.0	557
MDC0954608.1	QIZ20432.1	98.327	538	9	0	1	538	1	538	0.0	1077
MDC0954609.1	QIZ20433.1	96.000	100	4	0	1	100	1	100	2.40e-65	188
MDC0954610.1	QIZ20434.1	95.935	246	10	0	1	246	1	246	1.49e-175	478
MDC0954611.1	QIZ20435.1	92.600	473	35	0	1	473	1	473	0.0	795
MDC0954612.1	QIZ20436.1	96.074	484	19	0	1	484	1	484	0.0	893
MDC0954613.1	QIZ20437.1	94.764	191	10	0	1	191	1	191	3.31e-132	364
MDC0954614.1	QIZ20438.1	95.455	330	15	0	1	330	1	330	0.0	635
MDC0954615.1	QIZ20439.1	94.297	263	15	0	1	263	1	263	3.44e-169	464
MDC0954616.1	QIZ20440.1	98.174	219	4	0	1	219	1	219	6.87e-158	432
MDC0954617.1	QIZ20768.1	97.770	269	6	0	1	269	1	269	0.0	525
MDC0954618.1	QIZ20767.1	97.309	446	12	0	1	446	1	446	0.0	892
MDC0954619.1	QIZ20766.1	89.441	161	15	1	1	161	1	159	4.75e-97	273
MDC0954620.1	QIZ20765.1	94.753	324	17	0	1	324	1	324	0.0	631
MDC0954621.1	QIZ20764.1	92.877	351	25	0	1	351	1	351	0.0	657
MDC0954622.1	QIZ20763.1	99.522	628	3	0	1	628	1	628	0.0	1272
MDC0954623.1	QIZ20762.1	94.286	350	20	0	1	350	1	350	0.0	592
MDC0954624.1	QIZ20761.1	94.582	443	24	0	1	443	1	443	0.0	840
MDC0954625.1	QIZ20760.1	97.407	270	7	0	1	270	1	270	0.0	523
MDC0954626.1	QIZ20759.1	97.907	430	9	0	1	430	1	430	0.0	858
MDC0954627.1	QIZ20758.1	97.270	293	8	0	1	293	1	293	0.0	584
MDC0954628.1	QIZ20757.1	95.706	326	14	0	1	326	1	326	0.0	613
MDC0954632.1	QIZ20600.1	75.100	249	61	1	1	249	1	248	2.79e-138	384
MDC0954633.1	QIZ20599.1	71.333	300	86	0	1	300	1	300	1.12e-168	465
MDC0954636.1	QIZ20416.1	32.328	232	146	5	6	235	5	227	6.39e-30	108
MDC0954637.1	QIZ20594.1	54.183	251	115	0	1	251	1	251	1.85e-94	273
MDC0954639.1	QIZ20834.1	28.448	348	217	8	9	342	1	330	1.46e-30	114
MDC0954641.1	QIZ20513.1	28.101	395	255	9	109	496	7	379	5.39e-37	136
MDC0954642.1	QIZ20611.1	86.076	79	11	0	1	79	1	79	3.70e-44	134
MDC0954643.1	QIZ20612.1	94.667	150	8	0	1	150	1	150	2.62e-93	263
MDC0954644.1	QIZ20613.1	96.013	301	12	0	1	301	1	301	0.0	595
MDC0954645.1	QIZ20614.1	95.238	189	9	0	1	189	1	189	6.69e-121	335
MDC0954646.1	QIZ20615.1	93.043	115	8	0	1	115	1	115	1.08e-80	228
MDC0954647.1	QIZ20616.1	96.923	520	16	0	57	576	62	581	0.0	1043
MDC0954648.1	QIZ20617.1	97.531	81	2	0	7	87	1	81	3.20e-57	166
MDC0954649.1	QIZ20618.1	95.783	166	7	0	1	166	1	166	7.06e-110	306
MDC0954650.1	QIZ20619.1	92.258	155	12	0	1	155	1	155	2.39e-83	241
MDC0954651.1	QIZ20619.1	87.356	87	11	0	1	87	162	248	1.09e-40	129
MDC0954652.1	QIZ20620.1	93.878	196	12	0	1	196	1	196	1.89e-126	350
MDC0954653.1	QIZ20621.1	94.040	302	18	0	1	302	1	302	0.0	564
MDC0954654.1	QIZ20622.1	96.271	295	11	0	1	295	1	295	0.0	532
MDC0954655.1	QIZ20623.1	82.390	159	28	0	1	159	1	159	8.12e-89	252
MDC0954656.1	QIZ20624.1	98.504	468	7	0	1	468	1	468	0.0	961
MDC0954658.1	QIZ20625.1	98.765	81	1	0	1	81	30	110	1.54e-56	165
MDC0954659.1	QIZ20250.1	96.897	290	9	0	1	290	1	290	0.0	572
MDC0954660.1	QIZ20249.1	98.785	247	3	0	1	247	1	247	0.0	500
MDC0954662.1	QIZ20248.1	78.125	256	56	0	1	256	1	256	9.21e-141	391
MDC0954663.1	QIZ20247.1	94.737	133	7	0	1	133	1	133	1.02e-91	257
MDC0954664.1	QIZ20246.1	93.976	249	15	0	1	249	1	249	3.54e-176	480
MDC0954665.1	QIZ20245.1	93.578	218	14	0	1	218	1	218	2.94e-151	416
MDC0954666.1	QIZ20244.1	95.703	256	11	0	1	256	1	256	0.0	520
MDC0954667.1	QIZ20243.1	97.442	430	11	0	1	430	1	430	0.0	867
MDC0954668.1	QIZ20242.1	97.692	260	6	0	1	260	1	260	0.0	511
MDC0954669.1	QIZ20241.1	96.250	80	3	0	1	80	1	80	4.54e-53	155
MDC0954670.1	QIZ20240.1	96.035	227	9	0	1	227	1	227	2.11e-164	448
MDC0954671.1	QIZ20239.1	99.211	380	3	0	1	380	1	380	0.0	780
MDC0954673.1	QIZ20605.1	30.894	246	145	6	14	250	162	391	1.34e-27	104
MDC0954674.1	QIZ20590.1	66.090	289	98	0	4	292	3	291	2.56e-115	330
MDC0954677.1	QIZ20587.1	94.043	235	14	0	1	235	1	235	4.40e-153	421
MDC0954678.1	QIZ20586.1	98.446	193	3	0	1	193	1	193	1.71e-141	388
MDC0954679.1	QIZ20585.1	91.045	268	24	0	1	268	1	268	0.0	502
MDC0954680.1	QIZ20584.1	88.710	186	21	0	1	186	1	186	7.56e-124	343
MDC0954681.1	QIZ20583.1	87.719	114	14	0	1	114	1	114	7.95e-74	210
MDC0954682.1	QIZ20581.1	73.333	75	20	0	1	75	1	75	4.88e-37	114
MDC0954683.1	QIZ20579.1	94.545	110	6	0	1	110	1	110	5.74e-69	197
MDC0954684.1	QIZ20577.1	86.792	106	14	0	1	106	1	106	9.57e-68	194
MDC0954685.1	QIZ20576.1	97.959	98	2	0	1	98	1	98	2.31e-66	190
MDC0954686.1	QIZ20575.1	100.000	84	0	0	1	84	33	116	4.17e-60	174
MDC0954687.1	QIZ20669.1	97.921	481	10	0	1	481	1	481	0.0	964
MDC0954688.1	QIZ20668.1	92.265	181	14	0	1	181	1	181	1.64e-108	303
MDC0954689.1	QIZ20667.1	95.970	794	32	0	1	794	1	794	0.0	1469
MDC0954690.1	QIZ20666.1	98.941	472	5	0	1	472	1	472	0.0	956
MDC0954691.1	QIZ20665.1	98.026	152	3	0	1	152	1	152	6.40e-103	287
MDC0954692.1	QIZ20664.1	98.571	70	1	0	23	92	1	70	6.03e-47	140
MDC0954693.1	QIZ20663.1	99.174	121	1	0	1	121	1	121	1.15e-84	238
MDC0954694.1	QIZ20662.1	96.452	310	11	0	1	310	1	310	0.0	598
MDC0954695.1	QIZ20661.1	97.959	245	5	0	1	245	3	247	1.62e-176	481
MDC0954696.1	QIZ20660.1	100.000	79	0	0	1	79	1	79	1.08e-50	149
MDC0954697.1	QIZ20659.1	94.762	210	11	0	1	210	1	210	7.88e-149	408
MDC0954698.1	QIZ20658.1	90.323	62	6	0	1	62	201	262	6.57e-37	119
MDC0954699.1	QIZ21166.1	98.155	271	5	0	1	271	1	271	0.0	542
MDC0954700.1	QIZ21165.1	98.118	425	8	0	1	425	1	425	0.0	838
MDC0954701.1	QIZ21164.1	86.777	968	128	0	1	968	1	968	0.0	1779
MDC0954702.1	QIZ21163.1	97.595	291	7	0	1	291	1	291	0.0	572
MDC0954703.1	QIZ21162.1	97.668	386	9	0	1	386	1	386	0.0	749
MDC0954704.1	QIZ21161.1	99.062	320	3	0	1	320	1	320	0.0	634
MDC0954705.1	QIZ21160.1	98.793	497	6	0	1	497	1	497	0.0	1012
MDC0954706.1	QIZ21159.1	95.918	49	2	0	1	49	209	257	3.57e-28	96.3
MDC0954707.1	QIZ20751.1	93.750	208	13	0	1	208	1	208	1.40e-147	404
MDC0954708.1	QIZ20752.1	96.667	360	12	0	1	360	1	360	0.0	725
MDC0954709.1	QIZ20753.1	96.860	637	20	0	1	637	1	637	0.0	1273
MDC0954710.1	QIZ20754.1	94.483	290	16	0	16	305	1	290	0.0	526
MDC0954711.1	QIZ20755.1	85.185	81	12	0	1	81	1	81	1.23e-41	126
MDC0954712.1	QIZ20756.1	95.161	310	15	0	1	310	1	310	0.0	586
MDC0954714.1	QIZ20879.1	28.739	341	203	10	50	374	18	334	3.04e-28	111
MDC0954716.1	QIZ20933.1	97.312	558	15	0	1	558	1	558	0.0	1115
MDC0954717.1	QIZ20934.1	84.375	288	45	0	1	288	1	288	8.45e-174	477
MDC0954718.1	QIZ20935.1	98.655	223	3	0	1	223	1	223	1.31e-163	446
MDC0954719.1	QIZ20936.1	86.909	275	33	1	1	272	1	275	2.84e-180	493
MDC0954720.1	QIZ20937.1	96.354	384	14	0	1	384	1	384	0.0	752
MDC0954721.1	QIZ21069.1	70.968	62	18	0	1	62	1	62	4.13e-31	99.0
MDC0954722.1	QIZ20939.1	95.793	309	13	0	1	309	1	309	0.0	617
MDC0954723.1	QIZ20940.1	97.484	159	4	0	1	159	1	159	7.47e-115	318
MDC0954724.1	QIZ20941.1	94.309	246	14	0	1	246	1	246	2.91e-173	473
MDC0954725.1	QIZ20942.1	95.484	310	14	0	1	310	1	310	0.0	599
MDC0954726.1	QIZ20943.1	97.093	172	5	0	1	172	1	172	6.02e-123	339
MDC0954727.1	QIZ20944.1	96.341	82	3	0	1	82	505	586	1.85e-49	159
MDC0954729.1	QIZ21177.1	93.510	416	27	0	1	416	1	416	0.0	776
MDC0954730.1	QIZ21178.1	96.196	368	14	0	1	368	1	368	0.0	706
MDC0954731.1	QIZ21179.1	98.777	327	4	0	1	327	1	327	0.0	651
MDC0954732.1	QIZ21180.1	100.000	84	0	0	1	84	1	84	2.62e-56	164
MDC0954733.1	QIZ21181.1	97.761	134	3	0	1	134	1	134	3.01e-92	258
MDC0954734.1	QIZ21182.1	94.142	239	14	0	1	239	1	239	1.58e-171	468
MDC0954735.1	QIZ21183.1	98.990	198	2	0	1	198	1	198	1.00e-144	396
MDC0954736.1	QIZ21184.1	98.387	372	6	0	1	372	1	372	0.0	756
MDC0954737.1	QIZ21185.1	96.667	360	12	0	1	360	1	360	0.0	700
MDC0954738.1	QIZ21186.1	97.315	298	8	0	1	298	1	298	0.0	575
MDC0954739.1	QIZ21187.1	90.667	75	7	0	1	75	174	248	4.29e-38	122
MDC0954740.1	QIZ20750.1	97.600	250	6	0	1	250	1	250	1.46e-180	495
MDC0954741.1	QIZ20749.1	98.134	268	5	0	1	268	1	268	0.0	519
MDC0954742.1	QIZ20748.1	97.279	294	8	0	1	294	1	294	0.0	605
MDC0954743.1	QIZ20747.1	92.442	688	52	0	1	688	1	688	0.0	1264
MDC0954744.1	QIZ20746.1	97.294	887	24	0	1	887	1	887	0.0	1781
MDC0954745.1	QIZ20745.1	93.141	277	19	0	1	277	1	277	0.0	519
MDC0954746.1	QIZ20208.1	84.848	132	20	0	1	132	1	132	2.10e-76	218
MDC0954747.1	QIZ20206.1	81.567	434	80	0	1	434	1	434	0.0	736
MDC0954748.1	QIZ20205.1	47.925	265	131	3	1	261	16	277	3.13e-58	182
MDC0954749.1	QIZ20204.1	54.206	214	98	0	1	214	107	320	4.90e-88	259
MDC0954750.1	QIZ20204.1	65.094	106	37	0	1	106	1	106	1.16e-47	151
MDC0954751.1	QIZ20199.1	91.429	175	12	1	1	172	1	175	5.31e-112	312
MDC0954752.1	QIZ20198.1	71.429	399	113	1	1	398	1	399	0.0	522
MDC0954753.1	QIZ20197.1	72.318	289	80	0	1	289	1	289	1.19e-164	454
MDC0954754.1	QIZ20196.1	92.308	195	15	0	7	201	5	199	1.74e-137	378
MDC0954755.1	QIZ20195.1	82.692	260	45	0	1	260	1	260	4.94e-161	443
MDC0954757.1	QIZ20453.1	96.046	1138	45	0	1	1138	1	1138	0.0	2231
MDC0954758.1	QIZ20454.1	90.179	224	22	0	1	224	5	228	1.53e-147	406
MDC0954759.1	QIZ20455.1	95.366	410	19	0	1	410	1	410	0.0	736
MDC0954760.1	QIZ20456.1	95.946	444	18	0	1	444	1	444	0.0	871
MDC0954761.1	QIZ20793.1	82.716	162	28	0	2	163	130	291	9.11e-100	285
MDC0954762.1	QIZ20792.1	100.000	41	0	0	1	41	1	41	1.01e-23	78.6
MDC0954764.1	QIZ20790.1	92.265	362	28	0	1	362	1	362	0.0	670
MDC0954765.1	QIZ20789.1	97.059	102	3	0	1	102	1	102	3.68e-70	200
MDC0954766.1	QIZ20788.1	97.198	464	13	0	1	464	1	464	0.0	910
MDC0954767.1	QIZ20853.1	53.478	230	107	0	3	232	9	238	2.05e-83	244
MDC0954769.1	QIZ20786.1	100.000	64	0	0	1	64	1	64	4.42e-39	119
MDC0954770.1	QIZ20785.1	96.410	195	7	0	1	195	1	195	6.17e-139	381
MDC0954771.1	QIZ20784.1	98.684	76	1	0	1	76	1	76	1.48e-53	156
MDC0954772.1	QIZ20441.1	94.431	413	23	0	1	413	54	466	0.0	800
MDC0954773.1	QIZ20442.1	93.122	378	26	0	1	378	1	378	0.0	676
MDC0954774.1	QIZ20443.1	86.590	261	35	0	1	261	1	261	2.61e-142	395
MDC0954775.1	QIZ20444.1	90.769	260	24	0	1	260	1	260	2.21e-178	486
MDC0954776.1	QIZ20445.1	88.957	326	36	0	1	326	1	326	0.0	575
MDC0954777.1	QIZ20446.1	96.575	146	5	0	1	146	1	146	2.39e-106	295
MDC0954778.1	QIZ20447.1	71.676	173	49	0	1	173	1	173	5.07e-71	208
MDC0954780.1	QIZ20526.1	100.000	80	0	0	1	80	1	80	1.66e-55	171
MDC0954781.1	QIZ20527.1	96.496	371	13	0	1	371	1	371	0.0	732
MDC0954782.1	QIZ20528.1	97.059	68	2	0	1	68	1	68	2.16e-43	130
MDC0954783.1	QIZ20529.1	94.922	256	13	0	1	256	1	256	0.0	494
MDC0954785.1	QIZ20530.1	97.826	184	4	0	1	184	1	184	1.23e-130	360
MDC0954786.1	QIZ20531.1	95.172	145	7	0	1	145	13	157	2.53e-96	270
MDC0954787.1	QIZ20532.1	88.144	194	23	0	1	194	1	194	8.62e-127	351
MDC0954788.1	QIZ20533.1	85.827	127	18	0	1	127	1	127	1.09e-79	226
MDC0954789.1	QIZ20536.1	87.500	152	19	0	1	152	2	153	1.60e-76	220
MDC0954790.1	QIZ20537.1	68.778	221	69	0	1	221	213	433	2.08e-94	278
MDC0954791.1	QIZ20989.1	95.679	162	7	0	1	162	1	162	6.40e-110	316
MDC0954792.1	QIZ20988.1	90.058	171	17	0	1	171	1	171	1.79e-113	315
MDC0954793.1	QIZ20987.1	97.015	67	2	0	1	67	1	67	4.16e-40	122
MDC0954794.1	QIZ20986.1	93.578	218	14	0	1	218	1	218	3.62e-155	424
MDC0954795.1	QIZ20985.1	99.468	188	1	0	1	188	1	188	9.44e-142	388
MDC0954796.1	QIZ20984.1	97.175	177	5	0	1	177	1	177	1.12e-123	341
MDC0954797.1	QIZ20983.1	91.824	159	13	0	1	159	1	159	1.53e-95	269
MDC0954798.1	QIZ20982.1	94.949	198	10	0	1	198	1	198	8.04e-137	376
MDC0954799.1	QIZ20981.1	95.547	494	22	0	1	494	1	494	0.0	928
MDC0954800.1	QIZ20694.1	98.841	345	4	0	1	345	23	367	0.0	711
MDC0954801.1	QIZ20692.1	92.668	491	36	0	1	491	1	491	0.0	956
MDC0954802.1	QIZ20691.1	98.977	880	9	0	1	880	43	922	0.0	1827
MDC0954803.1	QIZ21170.1	100.000	70	0	0	1	70	1	70	2.01e-44	139
MDC0954804.1	QIZ21169.1	99.804	511	1	0	1	511	1	511	0.0	1031
MDC0954805.1	QIZ21168.1	97.838	185	4	0	1	185	1	185	2.24e-131	362
MDC0954806.1	QIZ21167.1	97.235	651	18	0	1	651	1	651	0.0	1297
MDC0954807.1	QIZ21166.1	99.219	128	1	0	1	128	339	466	5.79e-88	259
MDC0954808.1	QIZ20257.1	97.092	447	13	0	1	447	1	447	0.0	895
MDC0954809.1	QIZ20256.1	97.521	121	3	0	1	121	1	121	5.48e-78	221
MDC0954810.1	QIZ20255.1	95.455	154	7	0	1	154	13	166	2.13e-108	301
MDC0954811.1	QIZ20254.1	95.197	229	11	0	1	229	1	229	2.15e-158	433
MDC0954812.1	QIZ20253.1	98.582	141	2	0	1	141	1	141	4.05e-100	279
MDC0954813.1	QIZ20252.1	99.432	176	1	0	1	176	1	176	6.44e-127	350
MDC0954814.1	QIZ20251.1	100.000	63	0	0	1	63	1	63	8.54e-41	123
MDC0954815.1	QIZ20250.1	100.000	39	0	0	1	39	358	396	4.37e-21	78.6
MDC0954816.1	QIZ20977.1	95.927	712	29	0	1	712	3	714	0.0	1399
MDC0954817.1	QIZ21085.1	26.060	637	426	17	30	642	55	670	2.93e-52	187
MDC0954818.1	QIZ20291.1	92.424	66	5	0	1	66	1	66	2.06e-39	126
MDC0954819.1	QIZ20292.1	95.572	271	12	0	1	271	1	271	0.0	496
MDC0954820.1	QIZ20293.1	94.907	432	22	0	1	432	1	432	0.0	796
MDC0954821.1	QIZ20294.1	96.732	153	5	0	1	153	1	153	4.32e-107	298
MDC0954822.1	QIZ20295.1	95.000	100	5	0	1	100	1	100	1.63e-61	178
MDC0954823.1	QIZ20296.1	96.629	356	12	0	1	356	508	863	0.0	699
MDC0954824.1	QIZ21506.1	74.055	397	103	0	1	397	1	397	0.0	643
MDC0954825.1	QIZ21505.1	98.760	242	3	0	1	242	1	242	5.11e-179	487
MDC0954826.1	QIZ21504.1	99.115	452	4	0	1	452	1	452	0.0	936
MDC0954827.1	QIZ20291.1	95.238	42	2	0	1	42	239	280	3.53e-24	85.9
MDC0954828.1	QIZ20290.1	98.687	457	6	0	1	457	1	457	0.0	904
MDC0954829.1	QIZ20289.1	93.204	206	14	0	1	206	1	206	1.44e-138	381
MDC0954830.1	QIZ20288.1	99.013	304	3	0	1	304	1	304	0.0	618
MDC0954831.1	QIZ20287.1	100.000	145	0	0	1	145	1	145	2.77e-105	292
MDC0954833.1	QIZ20991.1	93.562	233	15	0	1	233	1	233	3.54e-150	413
MDC0954834.1	QIZ20990.1	95.297	404	19	0	1	404	1	404	0.0	766
MDC0954835.1	QIZ20989.1	98.276	232	4	0	1	232	231	462	1.23e-165	461
MDC0954837.1	QIZ20911.1	75.936	187	44	1	1	187	1	186	3.67e-105	295
MDC0954838.1	QIZ20910.1	87.611	113	14	0	13	125	13	125	2.17e-74	213
MDC0954840.1	QIZ20770.1	98.661	224	3	0	1	224	1	224	2.29e-162	443
MDC0954841.1	QIZ20771.1	99.390	164	1	0	1	164	1	164	2.96e-120	332
MDC0954842.1	QIZ20772.1	98.340	241	4	0	1	241	1	241	1.09e-178	486
MDC0954843.1	QIZ20773.1	98.980	196	2	0	1	196	73	268	5.21e-146	402
MDC0954844.1	QIZ20282.1	98.289	409	7	0	1	409	18	426	0.0	799
MDC0954845.1	QIZ20283.1	97.183	213	6	0	1	213	1	213	2.61e-155	424
MDC0954846.1	QIZ20284.1	99.213	127	1	0	1	127	1	127	1.30e-91	256
MDC0954847.1	QIZ20285.1	96.825	63	2	0	1	63	1	63	1.99e-22	79.3
MDC0954848.1	QIZ21257.1	85.437	103	15	0	1	103	131	233	4.67e-60	179
MDC0954849.1	QIZ21258.1	94.834	271	14	0	1	271	1	271	0.0	513
MDC0954850.1	QIZ21259.1	99.080	435	4	0	1	435	1	435	0.0	858
MDC0954851.1	QIZ20450.1	84.615	182	28	0	1	182	1	182	3.59e-96	274
MDC0954852.1	QIZ20451.1	97.268	183	5	0	1	183	1	183	6.16e-131	360
MDC0954853.1	QIZ20452.1	93.286	283	19	0	1	283	1	283	0.0	523
MDC0954855.1	QIZ21511.1	86.243	189	26	0	1	189	1	189	5.41e-125	346
MDC0954856.1	QIZ21512.1	89.634	164	17	0	4	167	3	166	1.99e-102	287
MDC0954857.1	QIZ21513.1	99.492	394	2	0	1	394	1	394	0.0	810
MDC0954858.1	QIZ20317.1	89.710	379	38	1	1	379	1	378	0.0	677
MDC0954859.1	QIZ20318.1	94.198	293	17	0	1	293	1	293	0.0	572
MDC0954860.1	QIZ20319.1	100.000	57	0	0	1	57	1	57	3.92e-36	114
MDC0954861.1	QIZ21255.1	97.368	76	2	0	1	76	1	76	1.37e-50	150
MDC0954862.1	QIZ21254.1	98.734	79	1	0	1	79	1	79	2.94e-56	163
MDC0954863.1	QIZ21253.1	94.265	279	16	0	1	279	1	279	0.0	543
MDC0954864.1	QIZ21252.1	97.403	231	6	0	1	231	1	231	3.16e-165	454
