MDC1039012.1	QIZ21077.1	57.789	199	82	1	1	197	179	377	3.02e-76	229
MDC1039013.1	QIZ21078.1	67.907	215	67	1	1	215	1	213	1.83e-103	293
MDC1039014.1	QIZ21087.1	57.194	278	118	1	1	277	1	278	4.87e-105	303
MDC1039016.1	QIZ21079.1	74.059	505	131	0	7	511	14	518	0.0	754
MDC1039018.1	QIZ21080.1	83.871	217	35	0	1	217	1	217	1.76e-130	362
MDC1039019.1	QIZ21081.1	88.136	118	14	0	1	118	1	118	3.74e-76	216
MDC1039020.1	QIZ21082.1	98.173	602	11	0	1	602	1	602	0.0	1183
MDC1039021.1	QIZ21083.1	94.186	86	5	0	1	86	1	86	7.99e-58	167
MDC1039022.1	QIZ21084.1	88.406	207	24	0	1	207	1	207	1.20e-135	374
MDC1039023.1	QIZ21085.1	87.072	642	83	0	21	662	39	680	0.0	1178
MDC1039024.1	QIZ21086.1	83.942	137	22	0	1	137	1	137	1.19e-84	239
MDC1039025.1	QIZ21088.1	81.513	357	66	0	1	357	1	357	0.0	605
MDC1039026.1	QIZ21089.1	69.707	307	91	2	1	305	1	307	3.34e-146	409
MDC1039027.1	QIZ21090.1	68.807	218	68	0	1	218	15	232	4.54e-113	318
MDC1039028.1	QIZ21091.1	83.934	361	58	0	1	361	1	361	0.0	571
MDC1039029.1	QIZ21092.1	87.500	96	12	0	1	96	1	96	2.18e-57	167
MDC1039030.1	QIZ21093.1	90.747	281	26	0	1	281	1	281	0.0	520
MDC1039031.1	QIZ21094.1	90.000	330	33	0	1	330	21	350	0.0	622
MDC1039035.1	QIZ21095.1	82.094	363	65	0	1	363	1	363	0.0	603
MDC1039036.1	QIZ21096.1	89.831	236	24	0	1	236	1	236	6.56e-162	443
MDC1039037.1	QIZ21097.1	92.121	495	39	0	1	495	1	495	0.0	922
MDC1039038.1	QIZ21099.1	92.500	40	3	0	1	40	1	40	7.23e-23	76.6
MDC1039039.1	QIZ21100.1	89.855	138	14	0	1	138	1	138	5.15e-86	243
MDC1039040.1	QIZ21101.1	92.050	239	19	0	1	239	1	239	1.31e-168	460
MDC1039042.1	QIZ21103.1	75.328	381	91	3	1	379	1	380	0.0	596
MDC1039043.1	QIZ21104.1	94.444	126	7	0	1	126	1	126	5.05e-84	237
MDC1039044.1	QIZ21105.1	94.737	152	8	0	1	152	1	152	2.18e-96	270
MDC1039045.1	QIZ21106.1	69.756	205	62	0	1	205	1	205	2.33e-103	292
MDC1039046.1	QIZ21107.1	88.608	395	45	0	1	395	1	395	0.0	720
MDC1039047.1	QIZ21108.1	66.471	170	55	1	1	170	1	168	2.97e-85	244
MDC1039048.1	QIZ21109.1	77.101	345	79	0	1	345	1	345	0.0	583
MDC1039049.1	QIZ21110.1	82.609	253	44	0	1	253	1	253	9.34e-152	419
MDC1039050.1	QIZ21111.1	87.719	114	14	0	1	114	1	114	6.71e-71	203
MDC1039051.1	QIZ21112.1	90.659	182	17	0	1	182	1	182	2.68e-123	341
MDC1039052.1	QIZ21113.1	93.396	106	7	0	1	106	1	106	7.50e-73	207
MDC1039053.1	QIZ21114.1	81.780	236	42	1	1	235	1	236	3.87e-145	400
MDC1039054.1	QIZ21115.1	67.568	74	24	0	1	74	1	74	3.20e-34	107
MDC1039055.1	QIZ21116.1	76.642	137	32	0	1	137	1	137	2.90e-76	218
MDC1039056.1	QIZ21117.1	72.756	624	169	1	1	623	1	624	0.0	877
MDC1039057.1	QIZ21118.1	49.711	173	86	1	1	172	1	173	2.59e-61	183
MDC1039058.1	QIZ21119.1	61.224	98	38	0	5	102	25	122	7.76e-37	117
MDC1039059.1	QIZ21120.1	75.887	141	34	0	30	170	29	169	2.23e-79	229
MDC1039060.1	QIZ21122.1	87.728	383	47	0	1	383	1	383	0.0	729
MDC1039061.1	QIZ21123.1	92.487	386	29	0	1	386	1	386	0.0	724
MDC1039062.1	QIZ21124.1	33.571	420	272	5	57	473	41	456	1.25e-73	236
MDC1039065.1	QIZ21125.1	89.274	317	34	0	1	317	1	317	0.0	587
MDC1039066.1	QIZ21134.1	94.041	386	21	2	1	385	1	385	0.0	719
MDC1039067.1	QIZ21135.1	86.598	194	26	0	1	194	2	195	1.70e-129	357
MDC1039068.1	QIZ21136.1	95.143	453	22	0	1	453	1	453	0.0	827
MDC1039069.1	QIZ21137.1	72.851	442	120	0	1	442	1	442	0.0	637
MDC1039070.1	QIZ21138.1	87.037	54	7	0	5	58	6	59	3.38e-30	96.3
MDC1039071.1	QIZ21139.1	77.397	292	66	0	1	292	1	292	5.07e-154	428
MDC1039072.1	QIZ21140.1	68.908	238	74	0	1	238	35	272	9.49e-133	371
MDC1039073.1	QIZ21141.1	69.519	187	57	0	1	187	1	187	7.99e-94	267
MDC1039074.1	QIZ21142.1	83.934	305	49	0	1	305	1	305	0.0	525
MDC1039075.1	QIZ21143.1	75.182	274	68	0	1	274	1	274	1.54e-143	400
MDC1039076.1	QIZ21144.1	90.929	452	41	0	1	452	1	452	0.0	803
MDC1039077.1	QIZ21145.1	86.916	107	14	0	1	107	1	107	7.73e-67	196
MDC1039078.1	QIZ21146.1	84.211	228	36	0	1	228	1	228	3.44e-148	407
MDC1039079.1	QIZ21147.1	79.878	164	32	1	1	163	1	164	1.73e-91	260
MDC1039080.1	QIZ21148.1	89.722	467	48	0	1	467	1	467	0.0	876
MDC1039081.1	QIZ21149.1	85.075	201	30	0	1	201	9	209	5.29e-126	350
MDC1039082.1	QIZ21150.1	92.935	368	26	0	1	368	1	368	0.0	683
MDC1039083.1	QIZ21151.1	82.453	587	103	0	1	587	1	587	0.0	1025
MDC1039084.1	QIZ21152.1	78.585	537	115	0	1	537	1	537	0.0	912
MDC1039085.1	QIZ21153.1	68.605	258	81	0	1	258	1	258	8.14e-138	384
MDC1039086.1	QIZ21154.1	82.927	369	63	0	1	369	1	369	0.0	634
MDC1039087.1	QIZ21155.1	77.039	331	76	0	1	331	1	331	0.0	533
MDC1039088.1	QIZ21156.1	75.591	127	31	0	1	127	1	127	2.70e-68	197
MDC1039089.1	QIZ21157.1	56.481	108	47	0	1	108	1	108	1.61e-35	113
MDC1039090.1	QIZ21158.1	92.047	591	46	1	1	591	1	590	0.0	1147
MDC1039091.1	QIZ21159.1	91.051	257	23	0	1	257	1	257	0.0	493
MDC1039093.1	QIZ21160.1	59.960	497	197	2	1	496	1	496	0.0	640
MDC1039094.1	QIZ21483.1	29.199	387	251	7	12	389	8	380	7.45e-47	160
MDC1039095.1	QIZ20489.1	27.586	348	233	7	1	339	1	338	2.77e-36	130
MDC1039097.1	QIZ20487.1	38.293	457	259	7	1	451	1	440	9.58e-95	288
MDC1039099.1	QIZ21161.1	94.044	319	19	0	3	321	2	320	0.0	605
MDC1039100.1	QIZ21162.1	87.565	386	48	0	1	386	1	386	0.0	687
MDC1039101.1	QIZ21163.1	90.722	291	27	0	1	291	1	291	0.0	513
MDC1039102.1	QIZ21164.1	81.790	972	170	4	1	969	1	968	0.0	1680
MDC1039103.1	QIZ21165.1	77.528	445	80	3	1	445	1	425	0.0	688
MDC1039104.1	QIZ21166.1	84.979	466	70	0	1	466	1	466	0.0	816
MDC1039105.1	QIZ21167.1	80.799	651	125	0	1	651	1	651	0.0	1102
MDC1039106.1	QIZ21168.1	84.865	185	28	0	1	185	1	185	1.35e-113	317
MDC1039107.1	QIZ21169.1	96.071	509	20	0	1	509	1	509	0.0	995
MDC1039108.1	QIZ21170.1	97.251	291	8	0	1	291	1	291	0.0	578
MDC1039109.1	QIZ21171.1	98.093	472	9	0	1	472	1	472	0.0	939
MDC1039110.1	QIZ21172.1	80.000	130	26	0	1	130	1	130	6.75e-72	207
MDC1039111.1	QIZ21173.1	72.785	158	43	0	1	158	1	158	3.74e-86	245
MDC1039112.1	QIZ21174.1	81.440	361	67	0	19	379	19	379	0.0	607
MDC1039113.1	QIZ21175.1	81.897	116	21	0	1	116	1	116	9.41e-68	195
MDC1039114.1	QIZ21176.1	67.052	173	57	0	1	173	8	180	9.69e-79	228
MDC1039115.1	QIZ21177.1	79.759	415	84	0	1	415	1	415	0.0	660
MDC1039116.1	QIZ21178.1	76.630	368	86	0	1	368	1	368	0.0	575
MDC1039117.1	QIZ21179.1	79.205	327	68	0	1	327	1	327	0.0	517
MDC1039118.1	QIZ21180.1	95.238	84	4	0	1	84	1	84	4.89e-54	158
MDC1039119.1	QIZ21181.1	80.292	137	24	1	1	137	1	134	3.11e-79	226
MDC1039120.1	QIZ21182.1	68.619	239	75	0	5	243	1	239	7.41e-125	350
MDC1039121.1	QIZ21183.1	75.127	197	49	0	1	197	1	197	1.19e-109	308
MDC1039122.1	QIZ21184.1	77.688	372	83	0	1	372	1	372	0.0	613
MDC1039123.1	QIZ21185.1	74.615	130	33	0	1	130	1	130	1.33e-68	206
MDC1039124.1	QIZ21076.1	87.474	479	58	2	1	477	218	696	0.0	845
MDC1039125.1	QIZ21075.1	55.978	184	79	1	1	182	1	184	3.85e-67	199
MDC1039126.1	QIZ21074.1	61.818	165	63	0	1	165	1	165	2.57e-74	216
MDC1039127.1	QIZ21073.1	73.554	121	32	0	1	121	1	121	7.43e-64	186
MDC1039130.1	QIZ21071.1	89.641	251	26	0	1	251	1	251	2.77e-168	460
MDC1039131.1	QIZ21070.1	92.083	240	18	1	1	240	1	239	1.64e-161	442
MDC1039132.1	QIZ21068.1	90.385	208	20	0	1	208	1	208	1.08e-139	384
MDC1039133.1	QIZ21067.1	92.857	196	14	0	1	196	1	196	2.33e-136	375
MDC1039134.1	QIZ21066.1	87.719	171	21	0	1	171	1	171	8.07e-112	311
MDC1039135.1	QIZ21065.1	88.184	457	52	2	1	457	1	455	0.0	799
MDC1039136.1	QIZ21064.1	62.774	137	49	2	4	138	35	171	1.81e-55	167
MDC1039137.1	QIZ21063.1	71.066	197	57	0	1	197	1	197	8.35e-105	295
MDC1039138.1	QIZ21062.1	65.000	140	49	0	1	140	1	140	6.41e-53	159
MDC1039139.1	QIZ21061.1	62.143	140	53	0	1	140	1	140	2.09e-61	181
MDC1039140.1	QIZ21060.1	75.785	223	50	3	1	220	1	222	8.71e-123	343
MDC1039141.1	QIZ21059.1	61.582	177	68	0	1	177	1	177	1.40e-68	203
MDC1039142.1	QIZ21058.1	60.837	263	103	0	2	264	3	265	6.04e-116	329
MDC1039143.1	QIZ21057.1	71.282	195	56	0	1	195	1	195	2.40e-97	276
MDC1039144.1	QIZ21056.1	76.208	269	64	0	1	269	1	269	4.95e-158	436
MDC1039145.1	QIZ21055.1	72.072	333	93	0	1	333	1	333	0.0	513
MDC1039148.1	QIZ21052.1	95.735	422	18	0	1	422	1	422	0.0	821
MDC1039150.1	QIZ21050.1	82.393	443	78	0	1	443	1	443	0.0	742
MDC1039151.1	QIZ21049.1	88.122	623	74	0	1	623	1	623	0.0	1128
MDC1039152.1	QIZ21048.1	66.825	211	70	0	3	213	2	212	1.65e-106	301
MDC1039153.1	QIZ21047.1	87.121	264	34	0	1	264	1	264	6.35e-174	476
MDC1039154.1	QIZ21046.1	73.759	282	74	0	1	282	1	282	1.19e-150	418
MDC1039155.1	QIZ21045.1	48.338	331	169	1	1	329	1	331	7.25e-101	296
MDC1039157.1	QIZ21043.1	70.804	846	244	3	1	845	1	844	0.0	1256
MDC1039158.1	QIZ21042.1	54.386	171	74	3	1	171	7	173	1.88e-62	187
MDC1039159.1	QIZ21041.1	33.234	337	193	9	1	315	1	327	2.39e-38	134
MDC1039160.1	QIZ21040.1	49.432	176	86	2	1	176	1	173	2.83e-47	149
MDC1039161.1	QIZ21039.1	58.065	217	90	1	1	217	1	216	3.65e-84	244
MDC1039162.1	QIZ21038.1	55.215	163	70	3	1	162	1	161	1.08e-47	148
MDC1039163.1	QIZ21037.1	41.146	192	104	3	4	186	2	193	2.21e-38	126
MDC1039164.1	QIZ21036.1	69.481	308	94	0	1	308	1	308	6.40e-161	446
MDC1039165.1	QIZ21035.1	85.000	200	30	0	18	217	18	217	8.46e-131	363
MDC1039166.1	QIZ21034.1	80.545	257	50	0	1	257	1	257	2.70e-155	428
MDC1039167.1	QIZ21033.1	89.362	376	37	2	1	376	1	373	0.0	662
MDC1039168.1	QIZ21032.1	93.631	628	40	0	1	628	1	628	0.0	1193
MDC1039169.1	QIZ21031.1	68.519	216	56	3	1	212	1	208	5.12e-98	280
MDC1039170.1	QIZ21030.1	70.051	197	59	0	2	198	4	200	2.66e-88	254
MDC1039171.1	QIZ21029.1	59.896	384	153	1	1	384	1	383	2.83e-161	453
MDC1039172.1	QIZ21028.1	67.832	286	92	0	1	286	1	286	2.39e-132	372
MDC1039173.1	QIZ21027.1	73.469	196	52	0	1	196	1	196	3.30e-108	304
MDC1039174.1	QIZ21026.1	85.940	761	106	1	1	761	1	760	0.0	1334
MDC1039175.1	QIZ21025.1	72.102	509	141	1	1	509	1	508	0.0	716
MDC1039176.1	QIZ21024.1	78.679	333	71	0	1	333	1	333	0.0	551
MDC1039177.1	QIZ21023.1	76.111	180	42	1	1	179	1	180	1.04e-101	286
MDC1039179.1	QIZ21022.1	61.702	329	125	1	25	353	5	332	1.64e-150	423
MDC1039180.1	QIZ21021.1	59.821	112	45	0	2	113	17	128	9.68e-47	142
MDC1039181.1	QIZ21020.1	88.971	136	15	0	1	136	1	136	2.64e-88	249
MDC1039182.1	QIZ21019.1	74.215	446	111	1	1	442	10	455	0.0	676
MDC1039183.1	QIZ21018.1	87.613	331	41	0	1	331	1	331	0.0	602
MDC1039184.1	QIZ21017.1	59.868	152	61	0	1	152	1	152	6.16e-53	160
MDC1039185.1	QIZ21016.1	58.600	500	205	2	16	514	19	517	0.0	546
MDC1039186.1	QIZ21015.1	87.661	389	48	0	1	389	1	389	0.0	696
MDC1039187.1	QIZ21014.1	91.103	517	46	0	1	517	14	530	0.0	929
MDC1039188.1	QIZ21013.1	80.837	741	130	3	3	739	4	736	0.0	1187
MDC1039189.1	QIZ21012.1	81.967	122	22	0	1	122	1	122	2.20e-72	207
MDC1039190.1	QIZ21011.1	85.366	82	12	0	1	82	1	82	6.67e-46	137
MDC1039191.1	QIZ21010.1	97.101	690	20	0	1	690	1	690	0.0	1366
MDC1039192.1	QIZ21008.1	91.954	261	21	0	1	261	1	261	0.0	504
MDC1039193.1	QIZ21007.1	96.030	403	16	0	1	403	1	403	0.0	806
MDC1039194.1	QIZ21006.1	90.361	166	16	0	1	166	1	166	4.69e-113	313
MDC1039195.1	QIZ21005.1	67.176	131	43	0	7	137	7	137	2.35e-65	191
MDC1039197.1	QIZ20329.1	62.245	196	72	2	3	197	19	213	2.93e-94	269
MDC1039198.1	QIZ21001.1	66.434	143	48	0	4	146	6	148	1.63e-69	202
MDC1039199.1	QIZ21000.1	67.600	250	81	0	1	250	1	250	1.79e-123	347
MDC1039200.1	QIZ20999.1	80.000	145	29	0	1	145	1	145	5.58e-86	243
MDC1039201.1	QIZ20998.1	72.818	401	109	0	1	401	1	401	0.0	614
MDC1039202.1	QIZ20997.1	83.142	522	88	0	1	522	1	522	0.0	885
MDC1039203.1	QIZ20996.1	79.487	234	48	0	1	234	1	234	9.18e-142	392
MDC1039204.1	QIZ20995.1	69.406	219	67	0	1	219	1	219	6.42e-98	282
MDC1039206.1	QIZ20994.1	81.395	86	16	0	1	86	1	86	9.44e-46	137
MDC1039207.1	QIZ20993.1	82.655	467	77	3	7	472	7	470	0.0	784
MDC1039208.1	QIZ20992.1	92.703	370	27	0	1	370	1	370	0.0	699
MDC1039209.1	QIZ20991.1	74.249	233	60	0	1	233	1	233	2.95e-124	347
MDC1039210.1	QIZ20990.1	75.495	404	99	0	1	404	1	404	0.0	607
MDC1039211.1	QIZ20989.1	82.483	451	79	0	1	451	1	451	0.0	750
MDC1039212.1	QIZ20988.1	65.333	150	52	0	11	160	22	171	6.22e-70	204
MDC1039213.1	QIZ20987.1	82.090	67	12	0	1	67	1	67	1.47e-26	87.8
MDC1039214.1	QIZ20986.1	66.038	212	72	0	1	212	1	212	8.54e-109	307
MDC1039215.1	QIZ20985.1	86.022	186	26	0	4	189	3	188	2.38e-123	342
MDC1039216.1	QIZ20984.1	84.181	177	28	0	1	177	1	177	4.10e-99	279
MDC1039217.1	QIZ20983.1	53.846	156	72	0	6	161	4	159	5.04e-57	171
MDC1039218.1	QIZ20982.1	66.162	198	67	0	1	198	1	198	1.93e-92	264
MDC1039219.1	QIZ20981.1	69.420	569	168	3	1	565	1	567	0.0	762
MDC1039220.1	QIZ20980.1	75.082	305	67	6	1	297	1	304	1.78e-144	404
MDC1039221.1	QIZ20979.1	85.185	108	16	0	1	108	1	108	2.70e-66	191
MDC1039222.1	QIZ20978.1	66.667	96	32	0	1	96	43	138	1.17e-41	129
MDC1039223.1	QIZ20513.1	95.938	320	13	0	1	320	69	388	0.0	639
MDC1039224.1	QIZ20517.1	75.000	116	29	0	1	116	1	116	4.34e-64	186
MDC1039226.1	QIZ20516.1	90.529	359	34	0	1	359	1	359	0.0	598
MDC1039227.1	QIZ20514.1	81.714	350	64	0	11	360	9	358	0.0	568
MDC1039228.1	QIZ20513.1	96.649	388	13	0	1	388	1	388	0.0	783
MDC1039229.1	QIZ20512.1	86.170	94	13	0	1	94	1	94	3.14e-56	164
MDC1039230.1	QIZ20511.1	95.791	594	25	0	1	594	1	594	0.0	1189
MDC1039231.1	QIZ20510.1	78.571	434	93	0	1	434	1	434	0.0	714
MDC1039234.1	QIZ20676.1	90.062	161	16	0	7	167	1	161	1.18e-95	270
MDC1039235.1	QIZ20730.1	60.963	187	71	1	1	187	1	185	2.73e-80	233
MDC1039237.1	QIZ20500.1	87.467	383	48	0	1	383	1	383	0.0	716
MDC1039238.1	QIZ20499.1	82.558	258	45	0	1	258	1	258	4.99e-156	430
MDC1039239.1	QIZ20498.1	62.547	267	95	2	1	266	1	263	1.20e-109	313
MDC1039240.1	QIZ20497.1	89.286	252	27	0	1	252	1	252	2.63e-157	432
MDC1039241.1	QIZ20496.1	89.744	195	20	0	1	195	1	195	5.48e-115	321
MDC1039242.1	QIZ20495.1	86.629	531	71	0	1	531	1	531	0.0	993
MDC1039243.1	QIZ20489.1	60.822	365	141	1	1	365	1	363	4.75e-165	461
MDC1039244.1	QIZ20488.1	55.340	206	78	2	16	208	15	219	5.73e-69	206
MDC1039245.1	QIZ20487.1	77.677	439	98	0	4	442	2	440	0.0	659
MDC1039246.1	QIZ20485.1	66.392	485	163	0	1	485	1	485	0.0	627
MDC1039247.1	QIZ20484.1	77.823	248	55	0	1	248	1	248	1.39e-147	408
MDC1039248.1	QIZ20483.1	62.212	217	77	3	1	215	1	214	2.83e-93	268
MDC1039250.1	QIZ20482.1	73.571	140	37	0	1	140	1	140	1.30e-77	222
MDC1039251.1	QIZ20481.1	71.493	221	63	0	1	221	1	221	1.50e-114	322
MDC1039252.1	QIZ20480.1	66.013	153	52	0	34	186	34	186	4.21e-70	207
MDC1039257.1	QIZ20479.1	72.500	80	22	0	1	80	1	80	6.10e-41	125
MDC1039258.1	QIZ20478.1	72.895	487	114	3	1	470	1	486	0.0	683
MDC1039259.1	QIZ20477.1	87.192	203	26	0	1	203	1	203	3.49e-135	373
MDC1039260.1	QIZ20476.1	93.839	422	26	0	1	422	1	422	0.0	820
MDC1039261.1	QIZ20475.1	89.533	793	82	1	1	792	2	794	0.0	1428
MDC1039262.1	QIZ20561.1	25.703	249	177	6	15	257	18	264	6.81e-25	98.6
MDC1039264.1	QIZ20560.1	35.191	341	219	2	48	386	47	387	2.17e-60	198
MDC1039265.1	QIZ21509.1	27.907	258	181	4	5	260	7	261	1.00e-21	87.0
MDC1039266.1	QIZ20200.1	41.514	383	217	5	1	380	1	379	5.40e-100	298
MDC1039267.1	QIZ21124.1	24.554	505	307	16	20	516	15	453	8.52e-37	140
MDC1039268.1	QIZ20605.1	30.682	352	218	9	38	376	49	387	9.66e-36	130
MDC1039270.1	QIZ20474.1	94.262	122	7	0	1	122	1	122	6.49e-80	226
MDC1039271.1	QIZ20473.1	92.398	171	13	0	1	171	3	173	9.58e-124	341
MDC1039272.1	QIZ20472.1	83.663	202	32	1	1	201	1	202	8.95e-127	351
MDC1039273.1	QIZ20471.1	94.885	391	20	0	1	391	1	391	0.0	775
MDC1039274.1	QIZ20470.1	84.158	202	32	0	1	202	1	202	1.41e-131	363
MDC1039275.1	QIZ20469.1	88.939	443	49	0	1	443	1	443	0.0	837
MDC1039276.1	QIZ20468.1	76.979	682	151	3	1	679	1	679	0.0	1091
MDC1039277.1	QIZ20467.1	95.370	216	10	0	1	216	1	216	8.05e-148	410
MDC1039278.1	QIZ21538.1	68.056	72	23	0	1	72	1	72	1.26e-31	105
MDC1039280.1	QIZ20215.1	75.172	145	36	0	1	145	1	145	8.86e-83	235
MDC1039282.1	QIZ21536.1	71.681	226	64	0	1	226	1	226	6.97e-127	353
MDC1039283.1	QIZ21533.1	66.019	103	35	0	2	104	1	103	2.60e-47	142
MDC1039284.1	QIZ21532.1	65.278	216	74	1	1	215	1	216	1.24e-99	285
MDC1039285.1	QIZ21531.1	86.080	352	49	0	1	352	1	352	0.0	599
MDC1039286.1	QIZ21530.1	84.416	539	81	1	1	539	1	536	0.0	875
MDC1039287.1	QIZ21527.1	89.971	339	34	0	1	339	1	339	0.0	635
MDC1039288.1	QIZ21523.1	92.881	295	21	0	1	295	1	295	0.0	572
MDC1039289.1	QIZ21522.1	90.991	333	30	0	1	333	1	333	0.0	623
MDC1039290.1	QIZ21521.1	88.119	202	24	0	1	202	1	202	3.40e-140	385
MDC1039291.1	QIZ21520.1	91.613	155	13	0	1	155	1	155	4.25e-109	303
MDC1039292.1	QIZ21519.1	84.677	124	19	0	1	124	1	124	1.80e-77	220
MDC1039293.1	QIZ21516.1	91.651	539	45	0	8	546	1	539	0.0	1049
MDC1039294.1	QIZ21515.1	92.744	317	23	0	1	317	1	317	0.0	600
MDC1039295.1	QIZ21514.1	93.976	249	15	0	1	249	1	249	1.22e-170	466
MDC1039296.1	QIZ21513.1	97.654	810	19	0	1	810	1	810	0.0	1646
MDC1039297.1	QIZ21512.1	64.493	138	49	0	20	157	29	166	4.71e-63	187
MDC1039298.1	QIZ21511.1	91.534	189	16	0	1	189	1	189	3.39e-130	359
MDC1039299.1	QIZ21510.1	39.394	132	80	0	9	140	7	138	7.12e-28	96.7
MDC1039302.1	QIZ21482.1	80.000	60	12	0	5	64	3	62	1.71e-31	100
MDC1039303.1	QIZ21509.1	81.712	257	47	0	3	259	5	261	3.54e-159	438
MDC1039305.1	QIZ21508.1	89.516	124	13	0	1	124	1	124	3.30e-85	240
MDC1039306.1	QIZ21507.1	76.866	134	31	0	1	134	1	134	7.53e-78	222
MDC1039307.1	QIZ21506.1	71.465	396	113	0	1	396	1	396	0.0	620
MDC1039308.1	QIZ21505.1	85.537	242	35	0	6	247	1	242	1.37e-158	435
MDC1039309.1	QIZ21504.1	94.248	452	26	0	1	452	1	452	0.0	899
MDC1039310.1	QIZ21503.1	87.293	181	23	0	1	181	1	181	2.37e-115	321
MDC1039312.1	QIZ21502.1	59.606	203	82	0	1	203	1	203	6.14e-87	251
MDC1039313.1	QIZ21501.1	79.964	549	110	0	1	549	1	549	0.0	923
MDC1039314.1	QIZ21500.1	80.685	321	62	0	1	321	1	321	0.0	559
MDC1039315.1	QIZ21499.1	79.141	163	34	0	1	163	1	163	6.31e-91	258
MDC1039316.1	QIZ21498.1	78.078	333	72	1	16	348	16	347	0.0	545
MDC1039317.1	QIZ21497.1	74.026	154	40	0	1	154	1	154	3.10e-85	243
MDC1039318.1	QIZ21496.1	98.529	68	1	0	1	68	1	68	8.57e-47	139
MDC1039319.1	QIZ21494.1	68.696	115	36	0	1	115	1	115	1.65e-59	174
MDC1039320.1	QIZ21493.1	76.113	247	59	0	1	247	1	247	3.48e-131	366
MDC1039321.1	QIZ21492.1	60.000	140	56	0	7	146	7	146	1.56e-59	177
MDC1039322.1	QIZ21490.1	72.263	137	38	0	1	137	1	137	4.20e-69	205
MDC1039323.1	QIZ21490.1	76.433	157	37	0	4	160	126	282	7.72e-85	246
MDC1039324.1	QIZ21489.1	61.340	194	75	0	1	194	1	194	2.37e-89	256
MDC1039325.1	QIZ21488.1	90.982	998	90	0	1	998	1	998	0.0	1915
MDC1039326.1	QIZ21487.1	91.954	87	7	0	1	87	1	87	6.57e-61	176
MDC1039327.1	QIZ21486.1	96.411	418	15	0	1	418	1	418	0.0	847
MDC1039328.1	QIZ21485.1	95.544	561	25	0	1	561	1	561	0.0	1099
MDC1039329.1	QIZ21484.1	42.969	256	146	0	4	259	6	261	5.74e-73	219
MDC1039330.1	QIZ21483.1	69.430	386	117	1	1	385	1	386	0.0	570
MDC1039331.1	QIZ21481.1	56.140	342	150	0	1	342	1	342	1.79e-134	382
MDC1039333.1	QIZ21131.1	29.520	271	174	6	10	266	14	281	1.74e-35	124
MDC1039335.1	QIZ21133.1	49.162	358	176	3	1	353	1	357	2.83e-124	357
MDC1039337.1	QIZ20354.1	81.517	211	39	0	1	211	1	211	5.02e-124	348
MDC1039338.1	QIZ20353.1	86.682	428	57	0	1	428	1	428	0.0	710
MDC1039339.1	QIZ20352.1	51.351	74	36	0	1	74	1	74	5.90e-24	81.6
MDC1039340.1	QIZ20351.1	71.471	333	95	0	1	333	1	333	7.92e-180	497
MDC1039341.1	QIZ20350.1	77.465	142	32	0	4	145	8	149	8.98e-83	236
MDC1039342.1	QIZ20349.1	77.124	153	34	1	1	152	1	153	2.51e-90	255
MDC1039343.1	QIZ20348.1	86.425	442	60	0	1	442	1	442	0.0	782
MDC1039344.1	QIZ20347.1	57.738	336	142	0	1	336	1	336	3.39e-136	386
MDC1039345.1	QIZ20346.1	77.083	96	22	0	1	96	1	96	1.57e-45	137
MDC1039346.1	QIZ20345.1	96.825	63	2	0	1	63	1	63	1.41e-39	120
MDC1039347.1	QIZ20344.1	68.333	120	37	1	5	123	6	125	3.72e-52	156
MDC1039348.1	QIZ20343.1	74.490	98	25	0	2	99	3	100	5.53e-49	146
MDC1039349.1	QIZ20342.1	79.880	333	67	0	1	333	1	333	0.0	539
MDC1039350.1	QIZ20341.1	86.667	60	8	0	1	60	1	60	1.61e-36	112
MDC1039351.1	QIZ20340.1	59.574	141	57	0	12	152	12	152	1.01e-44	140
MDC1039352.1	QIZ20339.1	55.474	137	61	0	17	153	17	153	4.73e-55	166
MDC1039353.1	QIZ20338.1	92.725	701	51	0	1	701	1	701	0.0	1268
MDC1039354.1	QIZ20337.1	64.890	319	112	0	1	319	1	319	4.58e-139	392
MDC1039355.1	QIZ20336.1	68.657	134	42	0	1	134	1	134	1.15e-66	194
MDC1039356.1	QIZ20335.1	82.031	128	23	0	1	128	1	128	1.18e-75	216
MDC1039357.1	QIZ20334.1	93.169	366	25	0	1	366	1	366	0.0	661
MDC1039358.1	QIZ20333.1	77.665	197	44	0	1	197	1	197	8.69e-113	315
MDC1039360.1	QIZ20332.1	88.816	152	17	0	1	152	1	152	1.93e-99	278
MDC1039361.1	QIZ20331.1	91.954	435	35	0	1	435	1	435	0.0	835
MDC1039362.1	QIZ20330.1	80.851	141	27	0	1	141	1	141	2.43e-83	236
MDC1039363.1	QIZ20329.1	87.793	213	26	0	1	213	1	213	1.93e-149	409
MDC1039364.1	QIZ20328.1	78.723	329	70	0	1	329	1	329	0.0	541
MDC1039365.1	QIZ20327.1	65.929	226	77	0	1	226	1	226	4.25e-102	291
MDC1039366.1	QIZ20326.1	70.320	219	65	0	1	219	1	219	6.91e-112	315
MDC1039367.1	QIZ20325.1	73.140	242	65	0	3	244	2	243	4.06e-134	374
MDC1039368.1	QIZ20324.1	59.524	126	51	0	1	126	1	126	3.60e-50	152
MDC1039369.1	QIZ20323.1	66.946	239	79	0	1	239	1	239	5.47e-108	307
MDC1039370.1	QIZ20322.1	82.051	195	35	0	1	195	1	195	1.18e-106	300
MDC1039371.1	QIZ20321.1	79.658	585	115	1	1	581	1	585	0.0	969
MDC1039372.1	QIZ20320.1	57.225	173	71	1	1	170	1	173	5.21e-62	185
MDC1039373.1	QIZ20319.1	91.667	156	13	0	1	156	1	156	8.60e-106	295
MDC1039374.1	QIZ20318.1	80.546	293	57	0	1	293	1	293	1.91e-179	492
MDC1039375.1	QIZ20317.1	69.852	743	216	4	1	742	1	736	0.0	1078
MDC1039377.1	QIZ20316.1	94.964	417	21	0	1	417	1	417	0.0	833
MDC1039378.1	QIZ20315.1	92.135	89	7	0	1	89	1	89	4.63e-63	181
MDC1039379.1	QIZ20314.1	82.535	1002	175	0	1	1002	1	1002	0.0	1766
MDC1039380.1	QIZ20313.1	62.032	187	71	0	1	187	1	187	3.53e-87	250
MDC1039381.1	QIZ20312.1	81.569	255	47	0	1	255	1	255	1.44e-150	416
MDC1039382.1	QIZ20311.1	88.462	234	26	1	13	246	14	246	1.33e-129	362
MDC1039383.1	QIZ20306.1	72.785	158	43	0	1	158	1	158	6.25e-89	252
MDC1039384.1	QIZ20305.1	87.281	456	58	0	1	456	1	456	0.0	797
MDC1039385.1	QIZ20304.1	74.834	302	75	1	1	302	1	301	1.23e-170	471
MDC1039386.1	QIZ20303.1	79.630	216	44	0	1	216	1	216	1.83e-129	359
MDC1039387.1	QIZ20302.1	93.075	491	34	0	1	491	1	491	0.0	924
MDC1039388.1	QIZ20301.1	91.623	191	16	0	1	191	295	485	3.32e-128	365
MDC1039389.1	QIZ20869.1	74.551	334	85	0	1	334	515	848	6.60e-178	510
MDC1039390.1	QIZ20870.1	78.947	361	71	2	1	357	1	360	0.0	586
MDC1039391.1	QIZ20871.1	78.493	730	147	2	1	720	4	733	0.0	1193
MDC1039392.1	QIZ20872.1	86.207	203	28	0	1	203	1	203	6.99e-130	359
MDC1039393.1	QIZ20873.1	80.952	105	20	0	1	105	1	105	7.62e-58	169
MDC1039394.1	QIZ20874.1	73.214	560	136	5	1	549	1	557	0.0	793
MDC1039395.1	QIZ20875.1	80.797	276	53	0	1	276	1	276	7.81e-171	469
MDC1039396.1	QIZ20876.1	65.844	243	81	1	2	242	3	245	5.59e-106	302
MDC1039397.1	QIZ20877.1	70.950	179	52	0	1	179	11	189	6.05e-96	272
MDC1039398.1	QIZ20878.1	78.317	309	67	0	1	309	1	309	0.0	497
MDC1039399.1	QIZ20879.1	81.771	384	70	0	1	384	1	384	0.0	619
MDC1039400.1	QIZ20881.1	80.120	166	31	2	1	164	1	166	1.79e-97	274
MDC1039401.1	QIZ20882.1	76.025	317	76	0	1	317	1	317	0.0	510
MDC1039402.1	QIZ20883.1	74.510	204	51	1	1	204	1	203	9.35e-116	323
MDC1039403.1	QIZ20884.1	70.645	310	90	1	13	321	13	322	1.23e-156	437
MDC1039404.1	QIZ20885.1	45.550	191	98	2	2	187	3	192	3.45e-41	134
MDC1039405.1	QIZ20886.1	73.930	257	67	0	1	257	1	257	1.99e-140	390
MDC1039406.1	QIZ20887.1	66.746	418	139	0	20	437	20	437	0.0	539
MDC1039407.1	QIZ20888.1	73.039	204	55	0	13	216	12	215	4.89e-102	290
MDC1039408.1	QIZ20889.1	84.028	576	91	1	1	575	1	576	0.0	994
MDC1039409.1	QIZ20890.1	90.526	95	9	0	1	95	1	95	2.73e-60	175
MDC1039410.1	QIZ20891.1	82.174	230	41	0	1	230	1	230	1.49e-141	391
MDC1039411.1	QIZ20892.1	68.421	209	66	0	1	209	1	209	1.95e-102	290
MDC1039412.1	QIZ20893.1	86.520	408	55	0	1	408	1	408	0.0	743
MDC1039413.1	QIZ20894.1	84.411	263	41	0	3	265	2	264	6.77e-154	425
MDC1039414.1	QIZ20895.1	74.026	308	80	0	1	308	1	308	0.0	499
MDC1039415.1	QIZ20896.1	48.592	426	211	6	1	422	1	422	9.47e-137	394
MDC1039416.1	QIZ20897.1	57.944	107	42	2	1	105	1	106	2.22e-40	125
MDC1039417.1	QIZ20898.1	36.534	479	293	4	4	481	5	473	1.06e-109	329
MDC1039418.1	QIZ20908.1	47.826	230	113	3	1	223	1	230	7.99e-71	212
MDC1039420.1	QIZ20920.1	49.780	227	113	1	1	227	1	226	9.49e-77	227
MDC1039421.1	QIZ20921.1	47.714	350	178	3	1	349	1	346	1.09e-112	327
MDC1039422.1	QIZ20922.1	62.741	467	169	4	1	464	1	465	0.0	573
MDC1039423.1	QIZ21496.1	70.769	65	19	0	3	67	2	66	4.48e-31	99.4
MDC1039424.1	QIZ20923.1	75.000	72	17	1	1	72	1	71	6.50e-35	108
MDC1039425.1	QIZ20924.1	80.328	427	84	0	1	427	2	428	0.0	682
MDC1039426.1	QIZ20925.1	65.891	129	44	0	1	129	1	129	5.47e-60	177
MDC1039427.1	QIZ20926.1	80.096	417	83	0	1	417	1	417	0.0	662
MDC1039428.1	QIZ20927.1	74.595	185	46	1	1	184	1	185	5.85e-98	277
MDC1039429.1	QIZ20928.1	87.692	65	8	0	1	65	1	65	1.03e-27	90.5
MDC1039430.1	QIZ20929.1	66.667	240	79	1	1	240	1	239	1.90e-113	321
MDC1039432.1	QIZ20931.1	78.947	114	23	1	1	113	1	114	3.15e-55	163
MDC1039433.1	QIZ20932.1	71.084	83	24	0	1	83	1	83	4.95e-39	120
MDC1039434.1	QIZ20933.1	74.373	558	142	1	1	557	1	558	0.0	897
MDC1039435.1	QIZ20934.1	68.750	288	90	0	1	288	1	288	9.37e-145	404
MDC1039436.1	QIZ20935.1	85.135	222	33	0	1	222	1	222	3.20e-142	392
MDC1039437.1	QIZ20936.1	75.725	276	66	1	1	276	1	275	4.03e-160	442
MDC1039438.1	QIZ20937.1	76.882	186	43	0	1	186	1	186	1.34e-106	306
MDC1039439.1	QIZ20235.1	78.182	110	24	0	1	110	1	110	2.71e-61	183
MDC1039440.1	QIZ20234.1	81.801	533	97	0	1	533	1	533	0.0	932
MDC1039441.1	QIZ20233.1	77.704	453	97	2	1	449	1	453	0.0	725
MDC1039442.1	QIZ20232.1	84.898	245	37	0	1	245	1	245	4.00e-159	437
MDC1039443.1	QIZ20231.1	89.542	459	48	0	1	459	1	459	0.0	870
MDC1039446.1	QIZ20230.1	82.508	606	106	0	1	606	1	606	0.0	1049
MDC1039447.1	QIZ20229.1	80.000	205	41	0	1	205	1	205	1.39e-116	326
MDC1039448.1	QIZ20228.1	81.057	227	43	0	1	227	1	227	3.35e-144	397
MDC1039449.1	QIZ20227.1	90.600	500	47	0	1	500	1	500	0.0	944
MDC1039450.1	QIZ20226.1	93.289	298	20	0	1	298	1	298	0.0	574
MDC1039451.1	QIZ20225.1	85.027	374	56	0	1	374	1	374	0.0	667
MDC1039452.1	QIZ20222.1	90.962	343	30	1	1	343	1	342	0.0	665
MDC1039453.1	QIZ20221.1	89.612	645	67	0	1	645	1	645	0.0	1225
MDC1039454.1	QIZ20220.1	89.876	484	49	0	1	484	1	484	0.0	879
MDC1039455.1	QIZ20194.1	37.931	290	145	12	1	262	1	283	3.13e-50	162
MDC1039456.1	QIZ20193.1	60.208	289	108	2	1	283	2	289	3.27e-125	354
MDC1039457.1	QIZ20208.1	74.615	130	33	0	2	131	3	132	3.34e-67	195
MDC1039458.1	QIZ20207.1	90.909	66	6	0	2	67	1	66	4.86e-41	124
MDC1039459.1	QIZ20206.1	78.341	434	94	0	1	434	1	434	0.0	709
MDC1039460.1	QIZ21448.1	62.134	478	180	1	1	477	1	478	0.0	599
MDC1039466.1	QIZ21137.1	26.030	461	276	13	14	454	16	431	1.26e-26	107
MDC1039467.1	QIZ21483.1	36.842	380	237	3	15	392	3	381	1.40e-89	271
MDC1039468.1	QIZ21214.1	31.271	291	188	6	20	308	12	292	3.10e-33	119
MDC1039469.1	QIZ21478.1	49.394	330	157	4	12	340	6	326	1.71e-113	329
MDC1039470.1	QIZ21458.1	63.504	137	50	0	1	137	1	137	7.08e-57	179
MDC1039471.1	QIZ21459.1	57.808	365	154	0	10	374	10	374	2.60e-163	458
MDC1039472.1	QIZ21460.1	82.540	441	77	0	1	441	1	441	0.0	770
MDC1039473.1	QIZ21461.1	97.059	442	13	0	1	442	1	442	0.0	884
MDC1039474.1	QIZ21462.1	95.392	217	10	0	11	227	11	227	7.55e-154	422
MDC1039475.1	QIZ21463.1	90.444	293	28	0	1	293	1	293	0.0	529
MDC1039477.1	QIZ21464.1	85.135	74	11	0	1	74	1	74	2.68e-45	135
MDC1039478.1	QIZ21465.1	94.206	466	27	0	1	466	1	466	0.0	897
MDC1039479.1	QIZ21466.1	94.017	117	7	0	25	141	17	133	7.09e-84	238
MDC1039480.1	QIZ21467.1	97.162	458	13	0	12	469	17	474	0.0	929
MDC1039481.1	QIZ21468.1	94.366	284	16	0	1	284	1	284	0.0	549
MDC1039482.1	QIZ21469.1	95.223	314	15	0	1	314	1	314	0.0	623
MDC1039483.1	QIZ21470.1	94.888	489	25	0	1	489	1	489	0.0	993
MDC1039484.1	QIZ21471.1	88.009	442	53	0	1	442	1	442	0.0	832
MDC1039486.1	QIZ21162.1	47.668	386	202	0	1	386	1	386	1.50e-127	368
MDC1039487.1	QIZ21163.1	52.881	295	134	2	1	294	1	291	4.06e-104	301
MDC1039488.1	QIZ21472.1	71.681	113	32	0	1	113	1	113	3.22e-60	176
MDC1039489.1	QIZ21473.1	89.161	775	84	0	1	775	1	775	0.0	1469
MDC1039490.1	QIZ21474.1	93.949	314	19	0	1	314	1	314	0.0	614
MDC1039491.1	QIZ21475.1	67.347	147	48	0	1	147	1	147	2.79e-67	197
MDC1039492.1	QIZ21476.1	75.200	125	30	1	1	125	1	124	3.10e-66	192
MDC1039493.1	QIZ21477.1	71.585	183	52	0	1	183	1	183	1.09e-84	243
MDC1039494.1	QIZ21478.1	86.957	115	15	0	1	115	1	115	2.55e-70	210
MDC1039497.1	QIZ20216.1	57.098	317	135	1	1	316	1	317	2.74e-128	364
MDC1039498.1	QIZ20495.1	42.424	528	301	3	3	527	4	531	4.17e-142	416
MDC1039500.1	QIZ20579.1	42.202	109	63	0	1	109	1	109	1.34e-25	88.6
MDC1039505.1	QIZ21539.1	53.684	95	44	0	1	95	1	95	4.29e-32	106
MDC1039506.1	QIZ21540.1	58.156	141	59	0	7	147	7	147	9.20e-61	180
MDC1039507.1	QIZ20544.1	60.000	170	65	2	1	170	1	167	1.21e-69	204
MDC1039508.1	QIZ20541.1	76.849	311	72	0	1	311	1	311	3.18e-179	493
MDC1039509.1	QIZ20540.1	83.137	255	43	0	1	255	1	255	3.89e-158	435
MDC1039510.1	QIZ20218.1	79.255	376	78	0	4	379	5	380	0.0	635
MDC1039511.1	QIZ21525.1	91.529	425	35	1	1	424	1	425	0.0	817
MDC1039513.1	QIZ21524.1	88.235	476	56	0	1	476	1	476	0.0	879
MDC1039514.1	QIZ20508.1	70.848	861	251	0	1	861	1	861	0.0	1188
MDC1039515.1	QIZ20507.1	83.636	220	36	0	1	220	1	220	3.35e-134	372
MDC1039516.1	QIZ20506.1	71.000	200	58	0	1	200	1	200	2.20e-102	290
MDC1039517.1	QIZ21225.1	44.586	157	85	2	26	181	25	180	1.54e-46	146
MDC1039518.1	QIZ20210.1	86.142	534	74	0	8	541	3	536	0.0	919
MDC1039519.1	QIZ20674.1	74.809	393	99	0	1	393	1	393	0.0	620
MDC1039522.1	QIZ20217.1	86.161	448	61	1	1	448	1	447	0.0	805
MDC1039524.1	QIZ21315.1	75.839	149	36	0	1	149	1	149	5.04e-89	251
MDC1039525.1	QIZ20216.1	91.798	317	26	0	1	317	2	318	0.0	595
MDC1039529.1	QIZ20539.1	81.030	369	70	0	1	369	1	369	0.0	610
MDC1039530.1	QIZ20538.1	94.505	91	5	0	1	91	1	91	4.24e-60	174
MDC1039531.1	QIZ20537.1	65.820	433	148	0	1	433	1	433	0.0	528
MDC1039532.1	QIZ20537.1	82.423	421	74	0	10	430	13	433	0.0	665
MDC1039533.1	QIZ20536.1	79.470	151	31	0	1	151	1	151	2.40e-66	194
MDC1039534.1	QIZ20533.1	62.205	127	48	0	1	127	1	127	5.41e-58	171
MDC1039535.1	QIZ20532.1	55.385	195	85	1	1	195	1	193	3.44e-74	218
MDC1039536.1	QIZ20531.1	62.420	157	59	0	1	157	1	157	1.54e-70	206
MDC1039537.1	QIZ20530.1	76.630	184	43	0	4	187	1	184	1.46e-105	296
MDC1039539.1	QIZ20529.1	63.386	254	90	2	2	254	5	256	7.33e-110	313
MDC1039540.1	QIZ20528.1	77.778	54	12	0	1	54	13	66	3.05e-26	86.3
MDC1039541.1	QIZ20527.1	74.797	369	91	2	4	371	3	370	0.0	568
MDC1039542.1	QIZ20526.1	82.097	391	70	0	1	391	1	391	0.0	686
MDC1039543.1	QIZ20717.1	83.684	380	62	0	1	380	142	521	0.0	670
MDC1039544.1	QIZ20716.1	77.698	139	31	0	1	139	1	139	9.63e-84	237
MDC1039545.1	QIZ20715.1	74.708	257	65	0	1	257	1	257	2.11e-140	390
MDC1039546.1	QIZ20714.1	86.765	204	27	0	1	204	1	204	7.89e-124	344
MDC1039547.1	QIZ20707.1	72.393	163	44	1	2	163	1	163	9.60e-82	234
MDC1039548.1	QIZ20706.1	78.516	256	55	0	1	256	9	264	2.64e-153	423
MDC1039549.1	QIZ20705.1	68.421	228	68	1	1	224	1	228	5.28e-109	308
MDC1039550.1	QIZ20704.1	57.778	315	131	2	7	319	1	315	2.65e-130	370
MDC1039551.1	QIZ20703.1	80.546	293	53	1	1	289	1	293	4.14e-159	441
MDC1039552.1	QIZ20702.1	70.845	367	107	0	1	367	1	367	0.0	527
MDC1039553.1	QIZ20701.1	85.714	126	18	0	1	126	1	126	1.76e-80	228
MDC1039554.1	QIZ20700.1	93.697	952	60	0	1	952	1	952	0.0	1833
MDC1039555.1	QIZ20699.1	81.643	414	76	0	1	414	1	414	0.0	699
MDC1039557.1	QIZ20698.1	73.724	392	103	0	1	392	1	392	0.0	592
MDC1039558.1	QIZ20697.1	64.286	182	65	0	1	182	1	182	3.02e-83	239
MDC1039559.1	QIZ20696.1	77.866	253	56	0	1	253	1	253	7.04e-155	427
MDC1039560.1	QIZ20695.1	80.645	155	30	0	1	155	1	155	6.60e-74	214
MDC1039561.1	QIZ20694.1	94.550	367	20	0	1	367	1	367	0.0	708
MDC1039562.1	QIZ20692.1	67.083	480	156	1	4	481	12	491	0.0	693
MDC1039563.1	QIZ20691.1	90.130	922	91	0	1	922	1	922	0.0	1774
MDC1039564.1	QIZ20690.1	85.870	552	77	1	1	551	1	552	0.0	964
MDC1039565.1	QIZ20689.1	64.855	276	97	0	1	276	1	276	1.16e-134	377
MDC1039566.1	QIZ20687.1	61.224	147	57	0	1	147	10	156	1.29e-55	167
MDC1039568.1	QIZ20746.1	87.571	885	110	0	1	885	1	885	0.0	1615
MDC1039569.1	QIZ20747.1	70.015	687	206	0	1	687	1	687	0.0	969
MDC1039570.1	QIZ20748.1	87.031	293	38	0	1	293	1	293	0.0	544
MDC1039571.1	QIZ20749.1	88.433	268	31	0	1	268	1	268	3.61e-160	441
MDC1039572.1	QIZ20750.1	81.306	337	63	0	1	337	1	337	0.0	561
MDC1039573.1	QIZ20751.1	74.038	208	53	1	1	207	1	208	3.52e-116	325
MDC1039574.1	QIZ20752.1	90.833	360	33	0	1	360	1	360	0.0	667
MDC1039575.1	QIZ20753.1	89.151	636	69	0	3	638	2	637	0.0	1199
MDC1039576.1	QIZ20754.1	74.483	290	74	0	1	290	1	290	5.42e-153	425
MDC1039577.1	QIZ20755.1	71.795	78	22	0	1	78	1	78	1.67e-33	106
MDC1039578.1	QIZ20756.1	71.613	310	88	0	1	310	1	310	9.53e-161	446
MDC1039579.1	QIZ20541.1	34.361	227	147	2	5	230	6	231	1.62e-35	124
MDC1039581.1	QIZ20757.1	84.211	323	51	0	1	323	1	323	0.0	540
MDC1039582.1	QIZ20758.1	93.515	293	19	0	5	297	1	293	0.0	565
MDC1039583.1	QIZ20759.1	91.628	430	36	0	1	430	1	430	0.0	820
MDC1039584.1	QIZ20760.1	77.407	270	61	0	1	270	1	270	1.23e-150	417
MDC1039585.1	QIZ20761.1	82.619	443	77	0	1	443	1	443	0.0	748
MDC1039586.1	QIZ20762.1	69.971	343	103	0	1	343	8	350	3.86e-157	440
MDC1039587.1	QIZ20763.1	82.306	633	107	2	3	635	1	628	0.0	1022
MDC1039588.1	QIZ20967.1	74.615	130	33	0	1	130	117	246	4.27e-56	171
MDC1039589.1	QIZ20969.1	81.812	1501	273	0	1	1501	1	1501	0.0	2592
MDC1039590.1	QIZ20970.1	86.221	479	66	0	1	479	1	479	0.0	840
MDC1039591.1	QIZ20971.1	65.417	240	82	1	1	239	1	240	3.12e-111	316
MDC1039592.1	QIZ20972.1	58.305	295	123	0	1	295	1	295	6.31e-129	364
MDC1039594.1	QIZ20973.1	70.353	425	118	3	1	419	1	423	0.0	605
MDC1039595.1	QIZ20974.1	91.798	1012	83	0	1	1012	1	1012	0.0	1970
MDC1039596.1	QIZ20976.1	86.466	133	18	0	1	133	1	133	4.78e-87	246
MDC1039599.1	QIZ21314.1	28.533	375	240	13	1	354	3	370	7.88e-41	145
MDC1039600.1	QIZ21085.1	25.637	628	435	13	37	644	58	673	1.71e-48	176
MDC1039601.1	QIZ20977.1	80.152	791	157	0	1	791	3	793	0.0	1318
MDC1039602.1	QIZ21334.1	75.835	509	122	1	2	509	75	583	0.0	820
MDC1039603.1	QIZ21335.1	74.265	408	105	0	3	410	2	409	0.0	572
MDC1039604.1	QIZ21336.1	52.555	137	64	1	1	136	6	142	5.06e-45	139
MDC1039605.1	QIZ21337.1	71.717	99	28	0	1	99	1	99	1.70e-48	145
MDC1039606.1	QIZ21339.1	51.316	152	59	5	3	144	2	148	3.00e-35	116
MDC1039607.1	QIZ21340.1	49.306	144	60	4	10	149	26	160	2.91e-35	116
MDC1039609.1	QIZ21342.1	79.630	108	22	0	1	108	2	109	3.25e-60	176
MDC1039610.1	QIZ21343.1	87.248	745	93	1	1	743	1	745	0.0	1326
MDC1039612.1	QIZ21411.1	48.658	298	153	0	1	298	2	299	7.10e-99	288
MDC1039613.1	QIZ21412.1	85.804	317	45	0	1	317	1	317	0.0	570
MDC1039614.1	QIZ21413.1	90.909	297	27	0	1	297	1	297	0.0	559
MDC1039615.1	QIZ21414.1	86.179	123	17	0	1	123	1	123	2.58e-79	225
MDC1039616.1	QIZ20193.1	30.249	281	174	7	6	272	4	276	5.14e-30	110
MDC1039619.1	QIZ20193.1	29.730	259	160	9	47	294	30	277	2.24e-24	95.9
MDC1039624.1	QIZ21415.1	90.476	84	8	0	1	84	1	84	3.98e-56	163
MDC1039625.1	QIZ21416.1	90.816	98	9	0	1	98	1	98	2.99e-64	185
MDC1039626.1	QIZ21417.1	90.686	204	19	0	1	204	1	204	2.23e-119	333
MDC1039627.1	QIZ21418.1	85.794	359	51	0	1	359	1	359	0.0	642
MDC1039628.1	QIZ20560.1	95.137	329	16	0	1	329	1	329	0.0	591
MDC1039629.1	QIZ20561.1	91.329	346	30	0	4	349	1	346	0.0	661
MDC1039630.1	QIZ20562.1	87.830	493	60	0	1	493	1	493	0.0	904
MDC1039632.1	QIZ20565.1	42.662	293	157	3	1	284	1	291	5.84e-83	247
MDC1039633.1	QIZ20566.1	61.146	157	61	0	1	157	1	157	2.72e-69	202
MDC1039634.1	QIZ20567.1	95.556	135	6	0	1	135	1	135	2.79e-99	276
MDC1039635.1	QIZ20568.1	81.771	192	35	0	1	192	1	192	8.31e-116	323
MDC1039636.1	QIZ20569.1	86.486	333	45	0	1	333	1	333	0.0	597
MDC1039637.1	QIZ20570.1	80.292	137	27	0	1	137	1	137	7.78e-84	238
MDC1039638.1	QIZ20571.1	85.417	96	13	1	9	103	1	96	4.76e-58	169
MDC1039641.1	QIZ20574.1	77.500	120	27	0	1	120	1	120	4.53e-63	184
MDC1039642.1	QIZ20576.1	83.673	98	14	1	1	96	1	98	6.21e-54	159
MDC1039643.1	QIZ20573.1	94.792	96	5	0	1	96	1	96	1.58e-67	193
MDC1039644.1	QIZ20572.1	67.717	127	41	0	1	127	1	127	1.56e-66	193
MDC1039647.1	QIZ20577.1	87.736	106	13	0	1	106	1	106	1.19e-67	194
MDC1039648.1	QIZ20579.1	92.727	110	8	0	1	110	1	110	2.34e-67	194
MDC1039649.1	QIZ20581.1	68.000	75	24	0	1	75	1	75	1.18e-34	108
MDC1039650.1	QIZ20582.1	66.364	110	37	0	1	110	1	110	2.28e-41	128
MDC1039651.1	QIZ20583.1	64.035	114	41	0	1	114	1	114	3.20e-54	161
MDC1039652.1	QIZ20584.1	72.131	183	51	0	5	187	4	186	1.93e-98	278
MDC1039653.1	QIZ20585.1	72.015	268	75	0	1	268	1	268	7.82e-148	410
MDC1039654.1	QIZ20589.1	62.456	285	107	0	3	287	4	288	1.15e-130	368
MDC1039656.1	QIZ20542.1	49.375	480	240	1	3	479	2	481	6.71e-155	445
MDC1039657.1	QIZ20211.1	69.792	96	29	0	1	96	1	96	6.15e-48	144
MDC1039658.1	QIZ20213.1	63.158	152	56	0	18	169	26	177	1.16e-64	192
MDC1039659.1	QIZ20586.1	94.819	193	10	0	1	193	1	193	1.93e-136	375
MDC1039660.1	QIZ20587.1	75.319	235	58	0	1	235	1	235	3.96e-126	352
MDC1039661.1	QIZ20618.1	91.566	166	14	0	1	166	1	166	7.03e-105	293
MDC1039662.1	QIZ20619.1	64.634	246	87	0	1	246	1	246	4.40e-89	259
MDC1039663.1	QIZ20620.1	69.744	195	59	0	1	195	1	195	7.32e-89	255
MDC1039664.1	QIZ20621.1	70.199	302	88	2	1	300	1	302	8.14e-149	415
MDC1039665.1	QIZ20622.1	84.354	294	46	0	1	294	1	294	1.48e-171	472
MDC1039666.1	QIZ20623.1	66.242	157	53	0	4	160	3	159	3.87e-71	207
MDC1039667.1	QIZ20624.1	92.521	468	35	0	1	468	1	468	0.0	917
MDC1039669.1	QIZ20625.1	83.636	110	18	0	1	110	1	110	2.21e-68	196
MDC1039670.1	QIZ20626.1	78.788	99	20	1	1	99	1	98	5.30e-52	154
MDC1039671.1	QIZ20627.1	92.157	153	12	0	1	153	1	153	9.04e-106	294
MDC1039672.1	QIZ20628.1	93.564	404	26	0	1	404	1	404	0.0	789
MDC1039673.1	QIZ20629.1	89.639	415	43	0	1	415	1	415	0.0	722
MDC1039674.1	QIZ20630.1	95.902	244	10	0	1	244	1	244	1.91e-169	462
MDC1039675.1	QIZ20631.1	97.917	480	10	0	1	480	1	480	0.0	981
MDC1039676.1	QIZ20632.1	78.571	140	30	0	1	140	1	140	1.21e-81	232
MDC1039677.1	QIZ20633.1	90.826	218	20	0	1	218	1	218	1.49e-146	402
MDC1039678.1	QIZ20634.1	53.141	382	167	6	4	382	3	375	9.88e-138	393
MDC1039679.1	QIZ20635.1	76.716	408	95	0	1	408	1	408	0.0	650
MDC1039680.1	QIZ20636.1	52.632	399	179	6	1	396	339	730	1.49e-121	364
MDC1039681.1	QIZ20191.1	70.166	181	54	0	1	181	1	181	1.58e-97	276
MDC1039682.1	QIZ20192.1	79.641	167	34	0	1	167	1	167	5.84e-101	283
MDC1039684.1	QIZ20309.1	51.250	400	173	9	16	408	20	404	6.83e-136	391
MDC1039685.1	QIZ20195.1	84.170	259	41	0	1	259	1	259	1.19e-165	454
MDC1039687.1	QIZ20196.1	85.930	199	28	0	1	199	1	199	1.24e-131	363
MDC1039688.1	QIZ20197.1	91.696	289	24	0	1	289	1	289	0.0	554
MDC1039689.1	QIZ20198.1	78.660	403	84	2	1	402	1	402	0.0	570
MDC1039690.1	QIZ20199.1	74.854	171	43	0	1	171	1	171	1.46e-89	255
MDC1039691.1	QIZ20200.1	89.737	380	39	0	1	380	1	380	0.0	711
MDC1039692.1	QIZ20201.1	96.726	336	11	0	1	336	1	336	0.0	679
MDC1039693.1	QIZ20202.1	89.634	164	17	0	1	164	1	164	3.37e-108	301
MDC1039694.1	QIZ20203.1	96.388	443	16	0	1	443	1	443	0.0	847
MDC1039695.1	QIZ20204.1	86.890	328	43	0	7	334	1	328	0.0	605
MDC1039696.1	QIZ20205.1	86.282	277	38	0	1	277	1	277	2.22e-146	407
MDC1039699.1	QIZ20682.1	88.660	388	44	0	1	388	18	405	0.0	729
MDC1039700.1	QIZ20681.1	94.278	367	21	0	5	371	4	370	0.0	733
MDC1039701.1	QIZ20680.1	78.098	347	76	0	1	347	1	347	0.0	588
MDC1039702.1	QIZ20679.1	85.333	75	11	0	1	75	1	75	1.57e-45	136
MDC1039703.1	QIZ20675.1	60.294	68	27	0	14	81	1	68	6.80e-25	84.3
MDC1039704.1	QIZ21534.1	41.905	105	60	1	18	122	18	121	4.49e-30	100
MDC1039705.1	QIZ20673.1	73.005	426	115	0	1	426	1	426	0.0	637
MDC1039706.1	QIZ20672.1	68.531	286	90	0	1	286	1	286	1.52e-150	418
MDC1039707.1	QIZ20671.1	73.786	309	80	1	1	308	1	309	6.72e-171	472
MDC1039708.1	QIZ20670.1	78.422	431	93	0	1	431	1	431	0.0	709
MDC1039710.1	QIZ20669.1	87.500	480	60	0	14	493	14	493	0.0	887
MDC1039711.1	QIZ20668.1	65.746	181	62	0	1	181	1	181	1.20e-84	243
MDC1039712.1	QIZ20667.1	82.434	797	137	2	1	797	1	794	0.0	1276
MDC1039713.1	QIZ20666.1	82.979	470	80	0	1	470	1	470	0.0	827
MDC1039714.1	QIZ20665.1	76.852	108	25	0	1	108	45	152	3.46e-47	144
MDC1039715.1	QIZ20381.1	76.779	267	62	0	1	267	9	275	4.67e-162	446
MDC1039716.1	QIZ20382.1	82.432	370	65	0	1	370	1	370	0.0	647
MDC1039717.1	QIZ20383.1	81.522	184	34	0	1	184	1	184	1.78e-113	316
MDC1039718.1	QIZ20384.1	84.756	164	25	0	1	164	1	164	1.51e-102	287
MDC1039719.1	QIZ20385.1	85.897	858	111	2	1	858	1	848	0.0	1459
MDC1039720.1	QIZ20386.1	88.235	153	16	2	1	151	1	153	5.24e-92	259
MDC1039721.1	QIZ20387.1	93.671	948	60	0	1	948	1	948	0.0	1837
MDC1039722.1	QIZ20388.1	83.000	200	31	1	1	200	1	197	1.72e-121	338
MDC1039723.1	QIZ20389.1	77.288	295	67	0	1	295	1	295	1.46e-167	462
MDC1039724.1	QIZ20390.1	76.402	517	122	0	1	517	1	517	0.0	786
MDC1039725.1	QIZ20391.1	87.097	93	11	1	4	96	3	94	1.28e-54	160
MDC1039726.1	QIZ20392.1	76.019	417	100	0	1	417	1	417	0.0	666
MDC1039727.1	QIZ20393.1	88.703	239	27	0	1	239	14	252	1.64e-153	422
MDC1039728.1	QIZ21200.1	82.900	462	79	0	1	462	1	462	0.0	795
MDC1039729.1	QIZ21198.1	65.574	183	63	0	1	183	1	183	5.60e-83	239
MDC1039730.1	QIZ21197.1	88.950	181	20	0	7	187	7	187	8.46e-119	330
MDC1039731.1	QIZ21196.1	81.980	394	69	1	1	394	1	392	0.0	672
MDC1039732.1	QIZ21195.1	89.914	347	35	0	1	347	1	347	0.0	637
MDC1039733.1	QIZ21194.1	93.127	291	20	0	1	291	1	291	0.0	538
MDC1039734.1	QIZ21193.1	86.885	183	24	0	1	183	1	183	3.79e-114	318
MDC1039735.1	QIZ21191.1	71.470	347	99	0	1	347	1	347	0.0	508
MDC1039736.1	QIZ21190.1	84.808	520	79	0	1	520	6	525	0.0	913
MDC1039737.1	QIZ21189.1	81.289	481	88	1	1	479	1	481	0.0	748
MDC1039738.1	QIZ21188.1	84.279	458	72	0	1	458	1	458	0.0	738
MDC1039739.1	QIZ20636.1	36.957	138	87	0	20	157	19	156	1.46e-22	88.6
MDC1039740.1	QIZ20863.1	41.224	245	137	4	104	345	104	344	3.55e-53	175
MDC1039742.1	QIZ20637.1	79.561	592	105	2	1	576	1	592	0.0	910
MDC1039743.1	QIZ20638.1	88.327	257	30	0	1	257	1	257	3.47e-169	463
MDC1039745.1	QIZ20640.1	79.412	136	28	0	10	145	10	145	4.63e-80	229
MDC1039746.1	QIZ20641.1	74.306	144	34	1	1	144	1	141	6.25e-72	208
MDC1039747.1	QIZ20642.1	89.663	445	46	0	1	445	1	445	0.0	829
MDC1039748.1	QIZ20643.1	71.429	98	28	0	38	135	35	132	2.78e-51	155
MDC1039749.1	QIZ20644.1	77.451	102	23	0	1	102	17	118	3.94e-55	163
MDC1039750.1	QIZ20952.1	88.325	394	45	1	1	394	293	685	0.0	720
MDC1039751.1	QIZ20951.1	67.371	426	139	0	1	426	1	426	0.0	589
MDC1039752.1	QIZ20950.1	71.096	602	171	3	1	599	1	602	0.0	852
MDC1039753.1	QIZ20949.1	92.593	324	24	0	1	324	1	324	0.0	637
MDC1039754.1	QIZ20948.1	79.429	175	36	0	1	175	1	175	8.26e-106	296
MDC1039756.1	QIZ21388.1	92.698	315	23	0	1	315	1	315	0.0	617
MDC1039757.1	QIZ21395.1	94.526	274	15	0	1	274	1	274	0.0	529
MDC1039758.1	QIZ21396.1	92.350	366	28	0	1	366	1	366	0.0	651
MDC1039759.1	QIZ21397.1	91.003	289	26	0	1	289	1	289	0.0	522
MDC1039760.1	QIZ21398.1	85.246	61	9	0	1	61	1	61	2.15e-34	107
MDC1039761.1	QIZ21399.1	80.093	216	41	2	1	215	1	215	8.61e-122	349
MDC1039764.1	QIZ20611.1	59.494	79	32	0	1	79	1	79	3.86e-29	95.9
MDC1039765.1	QIZ20612.1	73.826	149	39	0	1	149	1	149	1.22e-74	215
MDC1039766.1	QIZ20613.1	76.412	301	71	0	1	301	1	301	3.66e-179	492
MDC1039767.1	QIZ20614.1	64.706	187	66	0	1	187	1	187	6.92e-80	232
MDC1039768.1	QIZ20615.1	86.087	115	16	0	1	115	1	115	2.82e-75	214
MDC1039769.1	QIZ20616.1	87.984	516	62	0	1	516	66	581	0.0	945
MDC1039771.1	QIZ21291.1	73.451	113	30	0	1	113	1	113	2.19e-56	172
MDC1039772.1	QIZ21292.1	75.342	146	36	0	8	153	3	148	3.82e-83	237
MDC1039773.1	QIZ21293.1	88.757	169	19	0	1	169	1	169	2.63e-108	302
MDC1039774.1	QIZ21294.1	95.227	419	20	0	1	419	1	419	0.0	795
MDC1039775.1	QIZ21295.1	79.615	260	51	2	1	259	1	259	4.29e-148	410
MDC1039776.1	QIZ21296.1	88.235	357	42	0	1	357	1	357	0.0	656
MDC1039777.1	QIZ21297.1	81.081	185	35	0	1	185	1	185	4.79e-113	315
MDC1039779.1	QIZ21212.1	79.630	108	21	1	1	108	164	270	4.95e-58	176
MDC1039780.1	QIZ21211.1	60.328	305	121	0	1	305	1	305	3.24e-132	375
MDC1039781.1	QIZ21210.1	80.654	1039	201	0	1	1039	1	1039	0.0	1655
MDC1039782.1	QIZ21209.1	82.184	174	31	0	1	174	26	199	1.85e-109	306
MDC1039783.1	QIZ20765.1	74.006	327	77	4	6	332	6	324	1.90e-177	490
MDC1039784.1	QIZ20766.1	83.030	165	22	1	1	165	1	159	1.18e-93	264
MDC1039785.1	QIZ20767.1	88.167	431	51	0	17	447	16	446	0.0	801
MDC1039786.1	QIZ20768.1	73.913	184	48	0	14	197	86	269	5.41e-96	276
MDC1039787.1	QIZ20769.1	91.304	138	12	0	1	138	1	138	3.52e-91	256
MDC1039788.1	QIZ20770.1	87.931	116	14	0	1	116	109	224	8.38e-74	214
MDC1039789.1	QIZ21419.1	84.175	297	47	0	1	297	1	297	0.0	509
MDC1039790.1	QIZ21420.1	71.920	349	97	1	3	350	2	350	0.0	519
MDC1039791.1	QIZ21421.1	84.553	246	38	0	1	246	1	246	1.12e-157	433
MDC1039792.1	QIZ21422.1	91.571	261	22	0	1	261	1	261	1.58e-177	484
MDC1039793.1	QIZ21423.1	92.735	234	17	0	1	234	1	234	6.00e-163	445
MDC1039794.1	QIZ20962.1	93.220	118	8	0	1	118	1	118	2.44e-80	227
MDC1039795.1	QIZ20963.1	95.588	68	3	0	1	68	1	68	5.26e-43	129
MDC1039796.1	QIZ20964.1	92.265	181	14	0	1	181	1	181	1.30e-125	347
MDC1039797.1	QIZ20965.1	87.461	638	80	0	1	638	1	638	0.0	1184
MDC1039798.1	QIZ20966.1	77.410	363	82	0	1	363	22	384	0.0	575
MDC1039799.1	QIZ21333.1	56.084	526	207	10	1	514	1	514	0.0	538
MDC1039800.1	QIZ21332.1	38.776	147	76	4	18	150	19	165	2.04e-24	88.6
MDC1039801.1	QIZ21331.1	52.466	223	95	2	1	212	3	225	9.04e-71	211
MDC1039802.1	QIZ21330.1	52.880	191	89	1	1	191	602	791	1.64e-63	205
MDC1039803.1	QIZ21330.1	69.742	271	81	1	1	271	279	548	1.47e-133	392
MDC1039805.1	QIZ20298.1	92.652	313	23	0	1	313	1	313	0.0	606
MDC1039806.1	QIZ20299.1	78.146	151	33	0	1	151	1	151	2.09e-82	235
MDC1039807.1	QIZ20300.1	88.421	95	11	0	1	95	1	95	3.02e-57	167
MDC1039808.1	QIZ20301.1	84.141	227	36	0	1	227	1	227	1.76e-133	380
MDC1039809.1	QIZ21383.1	68.998	429	133	0	1	429	1	429	0.0	612
MDC1039810.1	QIZ21382.1	58.555	263	109	0	16	278	19	281	3.03e-108	311
MDC1039811.1	QIZ21381.1	68.321	262	83	0	1	262	45	306	3.49e-122	346
MDC1039812.1	QIZ21385.1	86.543	431	58	0	1	431	248	678	0.0	783
MDC1039814.1	QIZ20744.1	91.489	329	28	0	1	329	1	329	0.0	631
MDC1039815.1	QIZ20663.1	81.731	104	19	0	1	104	1	104	3.21e-62	181
MDC1039816.1	QIZ20662.1	68.182	308	98	0	1	308	1	308	2.50e-149	417
MDC1039817.1	QIZ20661.1	84.490	245	38	0	1	245	3	247	1.14e-152	421
MDC1039818.1	QIZ20660.1	92.405	79	6	0	1	79	1	79	9.21e-47	139
MDC1039819.1	QIZ20659.1	75.155	161	40	0	1	161	1	161	4.00e-90	257
MDC1039820.1	QIZ21320.1	87.970	266	32	0	1	266	70	335	1.38e-177	488
MDC1039821.1	QIZ21321.1	31.707	246	144	10	1	229	1	239	1.29e-35	122
MDC1039822.1	QIZ21322.1	36.574	216	96	6	14	197	5	211	6.89e-36	121
MDC1039823.1	QIZ21323.1	37.705	244	99	10	1	199	1	236	3.54e-41	137
MDC1039824.1	QIZ20453.1	50.526	95	47	0	1	95	1044	1138	9.68e-27	97.8
MDC1039826.1	QIZ20452.1	75.265	283	70	0	1	283	1	283	1.49e-158	438
MDC1039827.1	QIZ20451.1	78.142	183	40	0	1	183	1	183	1.32e-104	294
MDC1039828.1	QIZ21448.1	95.816	478	20	0	1	478	1	478	0.0	929
MDC1039829.1	QIZ21449.1	93.352	361	24	0	1	361	36	396	0.0	701
MDC1039830.1	QIZ20745.1	83.511	188	31	0	1	188	90	277	2.12e-113	320
MDC1039832.1	QIZ21387.1	89.394	462	49	0	1	462	1	462	0.0	833
MDC1039834.1	QIZ20311.1	38.583	127	77	1	4	129	83	209	7.58e-25	92.4
MDC1039835.1	QIZ20311.1	30.601	183	126	1	38	219	61	243	1.03e-24	93.6
MDC1039836.1	QIZ20416.1	48.828	256	116	3	8	261	2	244	8.62e-82	241
MDC1039837.1	QIZ20734.1	76.000	150	36	0	16	165	31	180	3.45e-85	244
MDC1039838.1	QIZ20395.1	77.941	68	13	1	1	66	1	68	1.16e-33	105
MDC1039839.1	QIZ20396.1	82.883	222	38	0	10	231	13	234	4.20e-138	383
MDC1039840.1	QIZ20397.1	84.898	245	37	0	1	245	1	245	6.57e-145	401
MDC1039841.1	QIZ20398.1	66.825	211	70	0	7	217	105	315	1.86e-99	287
MDC1039843.1	QIZ21452.1	91.489	329	28	0	1	329	68	396	0.0	634
MDC1039844.1	QIZ21452.1	89.820	334	34	0	1	334	419	752	0.0	635
