MDB9936417.1	QIZ20560.1	31.034	348	240	0	41	388	38	385	3.84e-57	188
MDB9936420.1	QIZ20302.1	96.741	491	16	0	1	491	1	491	0.0	976
MDB9936421.1	QIZ20301.1	96.289	485	18	0	1	485	1	485	0.0	957
MDB9936422.1	QIZ20300.1	87.368	95	12	0	1	95	1	95	2.81e-54	159
MDB9936423.1	QIZ20299.1	92.053	151	12	0	1	151	1	151	1.46e-102	286
MDB9936424.1	QIZ20298.1	95.847	313	13	0	1	313	1	313	0.0	627
MDB9936425.1	QIZ20742.1	26.355	406	274	10	28	423	25	415	8.07e-38	138
MDB9936426.1	QIZ20297.1	88.482	191	22	0	1	191	1	191	1.55e-117	327
MDB9936427.1	QIZ20296.1	92.840	852	60	1	1	851	1	852	0.0	1575
MDB9936429.1	QIZ20294.1	83.660	153	25	0	1	153	1	153	4.70e-96	270
MDB9936430.1	QIZ20293.1	84.813	428	65	0	1	428	5	432	0.0	711
MDB9936431.1	QIZ20292.1	84.133	271	43	0	1	271	1	271	3.71e-159	439
MDB9936432.1	QIZ20291.1	66.192	281	94	1	1	281	1	280	1.39e-123	350
MDB9936433.1	QIZ20290.1	95.624	457	20	0	1	457	1	457	0.0	882
MDB9936434.1	QIZ20289.1	75.122	205	51	0	1	205	1	205	1.66e-112	315
MDB9936435.1	QIZ20288.1	91.118	304	27	0	1	304	1	304	0.0	559
MDB9936436.1	QIZ20287.1	91.034	145	13	0	1	145	1	145	1.60e-95	268
MDB9936437.1	QIZ20286.1	96.199	342	13	0	1	342	1	342	0.0	668
MDB9936438.1	QIZ20285.1	81.818	154	24	1	1	154	1	150	1.86e-76	220
MDB9936439.1	QIZ20284.1	97.638	127	3	0	1	127	1	127	1.14e-89	251
MDB9936440.1	QIZ20283.1	81.690	213	39	0	1	213	1	213	6.83e-133	368
MDB9936441.1	QIZ20282.1	97.887	426	9	0	1	426	1	426	0.0	833
MDB9936442.1	QIZ20281.1	88.889	153	16	1	1	152	1	153	2.06e-84	240
MDB9936443.1	QIZ20280.1	98.235	170	3	0	1	170	1	170	2.24e-120	332
MDB9936444.1	QIZ20279.1	83.898	118	19	0	1	118	1	118	2.79e-69	199
MDB9936445.1	QIZ20278.1	91.061	179	16	0	1	179	1	179	8.95e-117	324
MDB9936446.1	QIZ20277.1	90.076	131	13	0	1	131	1	131	3.78e-86	243
MDB9936447.1	QIZ20276.1	97.030	101	3	0	1	101	1	101	5.60e-70	199
MDB9936448.1	QIZ20275.1	94.565	184	10	0	1	184	1	184	8.89e-127	350
MDB9936449.1	QIZ20274.1	92.857	70	5	0	1	70	1	70	7.45e-41	124
MDB9936450.1	QIZ20273.1	95.082	122	6	0	1	122	1	122	2.62e-83	235
MDB9936451.1	QIZ20272.1	96.154	78	3	0	1	78	1	78	7.15e-52	152
MDB9936452.1	QIZ20271.1	93.651	63	4	0	1	63	1	63	1.85e-37	114
MDB9936453.1	QIZ20270.1	98.519	135	2	0	1	135	1	135	4.02e-97	271
MDB9936454.1	QIZ20269.1	96.018	226	9	0	1	226	1	226	7.71e-164	447
MDB9936455.1	QIZ20268.1	95.455	132	6	0	1	132	1	132	1.76e-89	251
MDB9936456.1	QIZ20267.1	98.851	87	1	0	1	87	1	87	9.98e-61	176
MDB9936457.1	QIZ20266.1	91.815	281	23	0	1	281	1	281	0.0	516
MDB9936458.1	QIZ20265.1	94.845	97	5	0	1	97	1	97	9.95e-63	181
MDB9936459.1	QIZ20264.1	93.237	207	14	0	1	207	1	207	2.91e-140	386
MDB9936460.1	QIZ20263.1	91.189	227	20	0	1	227	1	227	3.45e-153	421
MDB9936461.1	QIZ20262.1	100.000	102	0	0	1	102	1	102	9.82e-72	204
MDB9936462.1	QIZ20261.1	97.977	692	14	0	1	692	1	692	0.0	1412
MDB9936463.1	QIZ20260.1	99.359	156	1	0	1	156	1	156	1.77e-113	314
MDB9936464.1	QIZ20259.1	95.122	123	6	0	1	123	1	123	6.56e-84	236
MDB9936465.1	QIZ20258.1	96.976	1389	42	0	1	1389	1	1389	0.0	2776
MDB9936466.1	QIZ20257.1	95.745	1363	58	0	1	1363	1	1363	0.0	2678
MDB9936467.1	QIZ20256.1	96.694	121	4	0	1	121	1	121	1.36e-77	220
MDB9936468.1	QIZ20255.1	86.747	166	22	0	1	166	1	166	3.98e-108	301
MDB9936469.1	QIZ20254.1	88.210	229	27	0	1	229	1	229	1.32e-147	406
MDB9936470.1	QIZ20253.1	95.745	141	6	0	1	141	1	141	1.07e-97	273
MDB9936471.1	QIZ20252.1	98.295	176	3	0	1	176	1	176	1.81e-126	348
MDB9936472.1	QIZ20251.1	98.413	63	1	0	1	63	1	63	2.77e-40	122
MDB9936473.1	QIZ20250.1	97.222	396	11	0	1	396	1	396	0.0	788
MDB9936474.1	QIZ20249.1	98.785	247	3	0	1	247	1	247	0.0	500
MDB9936476.1	QIZ21069.1	85.938	64	9	0	1	64	1	64	3.93e-38	116
MDB9936478.1	QIZ20248.1	83.784	259	42	0	1	259	1	259	2.61e-155	428
MDB9936488.1	QIZ20801.1	37.847	288	168	5	23	305	4	285	6.79e-55	183
MDB9936489.1	QIZ20247.1	88.722	133	15	0	1	133	1	133	3.39e-87	246
MDB9936490.1	QIZ20246.1	88.353	249	29	0	1	249	1	249	6.24e-167	457
MDB9936491.1	QIZ20245.1	88.073	218	26	0	1	218	1	218	3.28e-144	398
MDB9936492.1	QIZ20244.1	95.312	256	12	0	1	256	1	256	0.0	516
MDB9936493.1	QIZ20243.1	94.884	430	22	0	1	430	1	430	0.0	853
MDB9936494.1	QIZ20242.1	91.923	260	21	0	1	260	1	260	1.77e-179	489
MDB9936495.1	QIZ20241.1	88.750	80	9	0	1	80	1	80	3.67e-48	143
MDB9936496.1	QIZ20240.1	88.546	227	26	0	1	227	1	227	2.39e-154	423
MDB9936497.1	QIZ20239.1	91.084	729	65	0	1	729	1	729	0.0	1385
MDB9936498.1	QIZ20238.1	86.842	76	10	0	1	76	1	76	3.03e-47	140
MDB9936499.1	QIZ20237.1	85.455	110	16	0	1	110	1	110	3.31e-70	201
MDB9936500.1	QIZ21224.1	86.835	395	52	0	1	395	1	395	0.0	731
MDB9936501.1	QIZ20236.1	90.244	205	20	0	1	205	1	205	5.48e-142	390
MDB9936502.1	QIZ20235.1	89.873	237	24	0	1	237	1	237	5.89e-158	433
MDB9936504.1	QIZ20234.1	90.977	532	48	0	1	532	1	532	0.0	1018
MDB9936505.1	QIZ20233.1	93.157	453	31	0	1	453	1	453	0.0	860
MDB9936506.1	QIZ20232.1	95.102	245	12	0	1	245	1	245	1.79e-178	486
MDB9936507.1	QIZ20231.1	98.911	459	5	0	1	459	1	459	0.0	949
MDB9936508.1	QIZ20230.1	96.205	606	23	0	1	606	1	606	0.0	1196
MDB9936509.1	QIZ20229.1	92.754	207	15	0	1	207	1	207	4.62e-138	380
MDB9936510.1	QIZ20228.1	88.210	229	27	0	1	229	1	229	8.22e-156	427
MDB9936511.1	QIZ20227.1	97.000	500	15	0	1	500	1	500	0.0	997
MDB9936512.1	QIZ20226.1	97.315	298	8	0	1	298	1	298	0.0	597
MDB9936513.1	QIZ20225.1	95.722	374	16	0	1	374	1	374	0.0	745
MDB9936515.1	QIZ20222.1	99.123	342	3	0	1	342	1	342	0.0	716
MDB9936516.1	QIZ20221.1	97.829	645	14	0	1	645	1	645	0.0	1319
MDB9936517.1	QIZ20220.1	97.314	484	13	0	1	484	1	484	0.0	972
MDB9936518.1	QIZ20219.1	88.172	93	11	0	1	93	1	93	5.12e-60	174
MDB9936519.1	QIZ20218.1	95.000	380	19	0	1	380	1	380	0.0	746
MDB9936520.1	QIZ20216.1	95.268	317	15	0	1	317	2	318	0.0	612
MDB9936522.1	QIZ20214.1	93.537	294	19	0	1	294	1	294	0.0	501
MDB9936523.1	QIZ20213.1	93.220	177	12	0	1	177	1	177	5.11e-109	304
MDB9936524.1	QIZ20212.1	96.296	162	6	0	1	162	1	162	7.54e-119	328
MDB9936525.1	QIZ20211.1	94.845	97	5	0	1	97	1	97	7.28e-65	186
MDB9936526.1	QIZ20210.1	98.321	536	9	0	10	545	1	536	0.0	1047
MDB9936527.1	QIZ20208.1	73.643	129	34	0	3	131	4	132	2.70e-63	185
MDB9936528.1	QIZ21152.1	26.667	450	276	11	94	504	105	539	3.15e-41	150
MDB9936530.1	QIZ20504.1	29.352	293	193	7	1	292	1	280	2.24e-27	105
MDB9936532.1	QIZ20503.1	43.697	476	263	4	22	492	23	498	3.53e-123	365
MDB9936533.1	QIZ20205.1	47.893	261	135	1	1	260	16	276	7.98e-57	179
MDB9936534.1	QIZ20204.1	59.375	320	130	0	1	320	1	320	1.79e-148	417
MDB9936535.1	QIZ20199.1	91.429	175	12	1	1	172	1	175	1.26e-111	311
MDB9936536.1	QIZ20198.1	95.771	402	17	0	1	402	1	402	0.0	683
MDB9936537.1	QIZ20197.1	96.886	289	9	0	1	289	1	289	0.0	579
MDB9936538.1	QIZ20196.1	89.950	199	20	0	1	199	1	199	4.84e-139	382
MDB9936539.1	QIZ20195.1	82.308	260	46	0	1	260	1	260	2.61e-160	441
MDB9936540.1	QIZ20192.1	94.479	163	9	0	1	163	5	167	6.38e-113	313
MDB9936541.1	QIZ20191.1	92.391	184	14	0	1	184	1	184	2.89e-131	361
MDB9936542.1	QIZ20190.1	93.333	360	24	0	1	360	1	360	0.0	689
MDB9936543.1	QIZ21214.1	35.018	277	174	4	15	286	12	287	3.49e-39	135
MDB9936544.1	QIZ20189.1	98.196	499	9	0	1	499	1	499	0.0	968
MDB9936545.1	QIZ20188.1	98.077	156	3	0	1	156	1	156	2.95e-109	303
MDB9936546.1	QIZ20187.1	99.693	326	1	0	1	326	1	326	0.0	658
MDB9936547.1	QIZ20186.1	98.276	232	4	0	1	232	1	232	1.12e-166	454
MDB9936548.1	QIZ20185.1	94.678	357	19	0	1	357	1	357	0.0	594
MDB9936549.1	QIZ20184.1	90.645	310	29	0	1	310	1	310	0.0	558
MDB9936550.1	QIZ20183.1	91.473	129	11	0	1	129	1	129	8.36e-80	227
MDB9936551.1	QIZ20608.1	28.044	271	181	7	3	260	5	274	2.19e-23	91.7
MDB9936552.1	QIZ20182.1	99.103	223	2	0	1	223	1	223	6.59e-161	439
MDB9936553.1	QIZ20181.1	98.261	230	4	0	1	230	1	230	1.21e-164	449
MDB9936554.1	QIZ20180.1	96.820	283	9	0	1	283	1	283	0.0	561
MDB9936555.1	QIZ21593.1	84.971	346	52	0	1	346	1	346	0.0	600
MDB9936559.1	QIZ21591.1	89.714	175	18	0	1	175	1	175	2.57e-107	300
MDB9936562.1	QIZ21541.1	67.813	814	262	0	1	814	1	814	0.0	1169
MDB9936563.1	QIZ21536.1	79.021	143	30	0	1	143	1	143	1.79e-83	240
MDB9936564.1	QIZ20360.1	43.224	701	376	11	1	691	7	695	7.19e-172	505
MDB9936565.1	QIZ20361.1	55.696	79	35	0	1	79	1	79	2.10e-28	93.6
MDB9936566.1	QIZ20362.1	74.468	564	144	0	1	564	1	564	0.0	853
MDB9936567.1	QIZ20363.1	80.000	315	63	0	1	315	1	315	0.0	522
MDB9936568.1	QIZ20364.1	80.547	329	64	0	1	329	1	329	0.0	556
MDB9936569.1	QIZ20365.1	86.022	93	13	0	1	93	1	93	3.16e-56	164
MDB9936570.1	QIZ20366.1	48.276	174	81	4	1	172	1	167	3.03e-46	145
MDB9936571.1	QIZ20367.1	91.538	390	33	0	1	390	1	390	0.0	644
MDB9936572.1	QIZ20368.1	77.647	170	38	0	1	170	1	170	1.70e-97	275
MDB9936573.1	QIZ20369.1	76.654	257	60	0	1	257	1	257	9.85e-149	411
MDB9936574.1	QIZ20370.1	74.803	254	63	1	1	253	1	254	1.76e-134	375
MDB9936575.1	QIZ20371.1	86.355	513	70	0	1	513	1	513	0.0	929
MDB9936576.1	QIZ20372.1	69.677	310	94	0	1	310	1	310	1.31e-153	428
MDB9936577.1	QIZ20373.1	74.877	203	51	0	1	203	1	203	4.85e-100	284
MDB9936578.1	QIZ20374.1	84.856	383	58	0	1	383	1	383	0.0	672
MDB9936579.1	QIZ20375.1	63.889	252	91	0	1	252	1	252	8.99e-105	300
MDB9936580.1	QIZ20376.1	78.594	313	65	1	21	331	21	333	0.0	507
MDB9936581.1	QIZ20377.1	75.248	202	50	0	1	202	92	293	6.26e-94	271
MDB9936582.1	QIZ20377.1	63.529	85	31	0	1	85	1	85	4.95e-32	108
MDB9936583.1	QIZ21051.1	33.255	424	256	8	278	689	146	554	1.25e-63	217
MDB9936585.1	QIZ20378.1	81.818	88	16	0	1	88	1	88	3.51e-39	121
MDB9936586.1	QIZ20379.1	89.019	683	75	0	1	683	1	683	0.0	1217
MDB9936587.1	QIZ20380.1	89.216	204	22	0	1	204	1	204	8.52e-125	347
MDB9936588.1	QIZ20381.1	87.273	275	35	0	1	275	1	275	0.0	516
MDB9936589.1	QIZ20382.1	90.811	370	34	0	1	370	1	370	0.0	702
MDB9936590.1	QIZ20383.1	94.022	184	11	0	1	184	1	184	7.11e-130	358
MDB9936591.1	QIZ20384.1	95.122	164	8	0	1	164	1	164	1.39e-112	312
MDB9936592.1	QIZ20385.1	92.281	855	59	1	1	855	1	848	0.0	1550
MDB9936593.1	QIZ20386.1	98.693	153	2	0	1	153	1	153	7.40e-112	310
MDB9936594.1	QIZ20387.1	95.886	948	39	0	1	948	1	948	0.0	1873
MDB9936595.1	QIZ20388.1	93.000	200	11	1	1	200	1	197	9.20e-136	374
MDB9936596.1	QIZ20389.1	91.525	295	25	0	1	295	1	295	0.0	540
MDB9936597.1	QIZ20390.1	89.749	517	53	0	1	517	1	517	0.0	925
MDB9936598.1	QIZ20391.1	95.745	94	4	0	1	94	1	94	1.32e-61	178
MDB9936599.1	QIZ20392.1	88.544	419	48	0	1	419	1	419	0.0	759
MDB9936600.1	QIZ20393.1	91.667	252	21	0	1	252	1	252	9.38e-171	467
MDB9936601.1	QIZ20394.1	86.301	73	10	0	1	73	1	73	1.06e-35	111
MDB9936602.1	QIZ20395.1	91.176	68	4	1	1	66	1	68	1.52e-39	120
MDB9936603.1	QIZ20396.1	90.222	225	22	0	9	233	12	236	5.41e-154	423
MDB9936604.1	QIZ20397.1	86.190	210	29	0	4	213	4	213	1.47e-122	343
MDB9936605.1	QIZ20398.1	70.253	316	94	0	1	316	1	316	1.54e-166	461
MDB9936606.1	QIZ20399.1	79.070	86	18	0	1	86	1	86	1.37e-42	129
MDB9936607.1	QIZ20400.1	86.655	577	77	0	1	577	1	577	0.0	1018
MDB9936608.1	QIZ20401.1	88.679	371	42	0	1	371	1	371	0.0	640
MDB9936609.1	QIZ20402.1	97.143	105	3	0	1	105	1	105	1.62e-72	206
MDB9936610.1	QIZ20403.1	96.899	258	8	0	1	258	1	258	0.0	517
MDB9936611.1	QIZ20404.1	98.193	332	6	0	1	332	1	332	0.0	661
MDB9936612.1	QIZ20405.1	98.496	133	2	0	1	133	1	133	2.99e-95	266
MDB9936613.1	QIZ20406.1	98.502	267	4	0	1	267	1	267	0.0	503
MDB9936614.1	QIZ20407.1	98.008	251	5	0	1	251	1	251	0.0	502
MDB9936615.1	QIZ20408.1	87.222	360	10	1	1	324	1	360	0.0	624
MDB9936616.1	QIZ20409.1	100.000	73	0	0	1	73	1	73	7.03e-47	139
MDB9936617.1	QIZ20410.1	99.070	215	2	0	1	215	1	215	4.93e-154	421
MDB9936618.1	QIZ20411.1	99.687	319	1	0	1	319	3	321	0.0	638
MDB9936619.1	QIZ20412.1	96.010	401	16	0	1	401	1	401	0.0	747
MDB9936620.1	QIZ20413.1	98.951	572	6	0	1	572	1	572	0.0	1160
MDB9936621.1	QIZ20414.1	94.743	875	46	0	1	875	1	875	0.0	1702
MDB9936622.1	QIZ20415.1	93.443	122	8	0	1	122	1	122	8.70e-80	226
MDB9936623.1	QIZ20416.1	94.583	240	13	0	1	240	5	244	1.91e-171	468
MDB9936624.1	QIZ20417.1	82.864	426	70	1	1	423	1	426	0.0	716
MDB9936625.1	QIZ20418.1	84.252	381	60	0	1	381	1	381	0.0	614
MDB9936626.1	QIZ20419.1	95.954	346	14	0	1	346	1	346	0.0	695
MDB9936627.1	QIZ20420.1	82.659	173	30	0	1	173	297	469	5.40e-90	266
MDB9936629.1	QIZ20421.1	89.849	463	47	0	1	463	1	463	0.0	788
MDB9936630.1	QIZ20422.1	90.244	451	44	0	1	451	1	451	0.0	808
MDB9936631.1	QIZ20423.1	81.788	593	108	0	1	593	1	593	0.0	919
MDB9936632.1	QIZ20424.1	82.480	371	65	0	1	371	1	371	0.0	558
MDB9936633.1	QIZ20425.1	83.832	167	27	0	1	167	1	167	1.45e-95	270
MDB9936634.1	QIZ20426.1	68.613	137	43	0	20	156	16	152	2.15e-63	187
MDB9936636.1	QIZ20427.1	60.690	145	57	0	1	145	1	145	3.61e-66	194
MDB9936637.1	QIZ20428.1	96.104	308	12	0	1	308	1	308	0.0	599
MDB9936638.1	QIZ20429.1	92.000	100	8	0	1	100	1	100	6.11e-60	174
MDB9936639.1	QIZ20430.1	89.952	418	42	0	1	418	1	418	0.0	745
MDB9936640.1	QIZ20431.1	94.891	274	14	0	1	274	1	274	0.0	520
MDB9936641.1	QIZ20432.1	87.234	94	12	0	1	94	445	538	2.80e-55	174
MDB9936643.1	QIZ20734.1	81.111	180	34	0	1	180	1	180	2.60e-101	285
MDB9936644.1	QIZ20416.1	47.431	253	122	2	9	261	3	244	2.53e-80	238
MDB9936645.1	QIZ20181.1	30.806	211	134	3	15	213	13	223	3.22e-24	92.0
MDB9936646.1	QIZ20311.1	32.727	165	110	1	14	177	40	204	1.27e-24	93.6
MDB9936648.1	QIZ20735.1	56.322	261	110	2	1	261	1	257	5.87e-87	255
MDB9936650.1	QIZ20736.1	88.462	208	24	0	1	208	1	208	5.90e-144	395
MDB9936651.1	QIZ20737.1	94.083	338	20	0	1	338	1	338	0.0	631
MDB9936652.1	QIZ20738.1	95.283	106	5	0	1	106	1	106	1.09e-74	212
MDB9936653.1	QIZ20739.1	96.094	256	10	0	1	256	1	256	1.98e-176	481
MDB9936654.1	QIZ20740.1	98.257	631	11	0	1	631	1	631	0.0	1279
MDB9936655.1	QIZ20741.1	99.091	110	1	0	1	110	1	110	2.82e-72	206
MDB9936656.1	QIZ20742.1	95.161	434	21	0	1	434	1	434	0.0	864
MDB9936657.1	QIZ20743.1	87.415	294	37	0	1	294	1	294	0.0	522
MDB9936658.1	QIZ20744.1	96.353	329	12	0	1	329	1	329	0.0	657
MDB9936659.1	QIZ20745.1	92.419	277	21	0	1	277	1	277	0.0	513
MDB9936660.1	QIZ20746.1	96.163	886	34	0	1	886	1	886	0.0	1752
MDB9936661.1	QIZ20747.1	86.483	688	93	0	1	688	1	688	0.0	1187
MDB9936662.1	QIZ20748.1	93.197	294	20	0	1	294	1	294	0.0	589
MDB9936663.1	QIZ20749.1	95.149	268	13	0	1	268	1	268	1.25e-170	468
MDB9936664.1	QIZ20750.1	93.472	337	22	0	1	337	1	337	0.0	640
MDB9936665.1	QIZ20751.1	82.692	208	36	0	1	208	1	208	1.43e-131	364
MDB9936666.1	QIZ20752.1	96.667	360	12	0	1	360	1	360	0.0	721
MDB9936667.1	QIZ20753.1	94.340	636	36	0	3	638	2	637	0.0	1248
MDB9936668.1	QIZ20754.1	83.793	290	47	0	1	290	1	290	2.27e-174	479
MDB9936669.1	QIZ20755.1	81.481	81	15	0	1	81	1	81	3.77e-39	120
MDB9936670.1	QIZ20756.1	82.581	310	54	0	1	310	1	310	0.0	512
MDB9936672.1	QIZ20757.1	88.957	326	36	0	1	326	1	326	0.0	570
MDB9936673.1	QIZ20758.1	94.881	293	15	0	1	293	1	293	0.0	577
MDB9936674.1	QIZ20759.1	96.977	430	13	0	1	430	1	430	0.0	852
MDB9936675.1	QIZ20760.1	87.037	270	35	0	1	270	1	270	3.83e-175	479
MDB9936676.1	QIZ20761.1	87.810	443	54	0	1	443	1	443	0.0	790
MDB9936677.1	QIZ20762.1	76.000	350	84	0	1	350	1	350	0.0	500
MDB9936678.1	QIZ20763.1	96.975	628	19	0	3	630	1	628	0.0	1250
MDB9936679.1	QIZ20764.1	69.253	348	107	0	1	348	1	348	1.49e-178	494
MDB9936680.1	QIZ20765.1	81.957	327	56	1	1	327	1	324	0.0	558
MDB9936681.1	QIZ20766.1	90.062	161	14	1	1	161	1	159	5.71e-100	280
MDB9936682.1	QIZ20767.1	94.432	431	24	0	16	446	16	446	0.0	848
MDB9936683.1	QIZ20768.1	90.706	269	25	0	1	269	1	269	1.81e-151	419
MDB9936684.1	QIZ20769.1	98.551	138	2	0	1	138	1	138	3.84e-97	271
MDB9936685.1	QIZ20770.1	91.071	224	20	0	1	224	1	224	4.18e-153	420
MDB9936686.1	QIZ20771.1	92.683	164	12	0	1	164	1	164	1.19e-114	317
MDB9936687.1	QIZ20772.1	90.417	240	23	0	1	240	1	240	8.70e-165	451
MDB9936688.1	QIZ20773.1	91.418	268	23	0	1	268	1	268	0.0	510
MDB9936689.1	QIZ20774.1	80.110	181	36	0	1	181	1	181	3.20e-104	293
MDB9936690.1	QIZ20775.1	86.486	148	20	0	1	148	1	148	3.08e-91	257
MDB9936691.1	QIZ20776.1	91.589	107	9	0	1	107	1	107	3.60e-62	180
MDB9936692.1	QIZ20777.1	93.098	652	45	0	1	652	1	652	0.0	1264
MDB9936693.1	QIZ20778.1	91.940	335	27	0	1	335	1	335	0.0	638
MDB9936694.1	QIZ20779.1	81.934	393	70	1	1	393	1	392	0.0	648
MDB9936695.1	QIZ20780.1	86.607	336	45	0	1	336	1	336	0.0	610
MDB9936696.1	QIZ20781.1	87.923	207	25	0	1	207	1	207	9.19e-114	319
MDB9936697.1	QIZ20782.1	93.011	186	13	0	1	186	1	186	1.78e-130	359
MDB9936698.1	QIZ20783.1	90.650	246	23	0	1	246	1	246	2.51e-170	465
MDB9936699.1	QIZ20784.1	97.368	76	2	0	1	76	1	76	2.40e-53	155
MDB9936700.1	QIZ20785.1	94.359	195	11	0	1	195	1	195	1.93e-128	355
MDB9936701.1	QIZ20786.1	98.438	64	1	0	1	64	1	64	4.25e-38	116
MDB9936703.1	QIZ20830.1	59.310	145	58	1	3	146	10	154	1.08e-56	170
MDB9936704.1	QIZ20853.1	53.017	232	109	0	1	232	7	238	2.90e-84	246
MDB9936705.1	QIZ20788.1	93.103	464	32	0	2	465	1	464	0.0	882
MDB9936706.1	QIZ20789.1	93.684	95	6	0	1	95	1	95	1.16e-59	174
MDB9936707.1	QIZ20790.1	80.110	362	72	0	1	362	1	362	0.0	590
MDB9936709.1	QIZ20792.1	100.000	41	0	0	1	41	1	41	1.01e-23	78.6
MDB9936710.1	QIZ20793.1	58.478	289	120	0	1	289	1	289	2.50e-121	345
MDB9936711.1	QIZ20800.1	43.966	232	126	3	1	229	4	234	1.17e-57	178
MDB9936713.1	QIZ20804.1	29.960	247	169	2	10	256	11	253	2.02e-29	107
MDB9936715.1	QIZ20654.1	70.330	273	81	0	1	273	85	357	3.58e-120	343
MDB9936716.1	QIZ20655.1	59.191	816	331	1	1	816	1	814	0.0	986
MDB9936717.1	QIZ20656.1	57.895	304	128	0	1	304	1	304	9.19e-114	327
MDB9936718.1	QIZ20657.1	70.405	321	94	1	1	321	1	320	4.04e-151	422
MDB9936719.1	QIZ20658.1	74.046	262	68	0	1	262	1	262	5.24e-146	405
MDB9936720.1	QIZ20659.1	90.952	210	19	0	1	210	1	210	8.85e-144	395
MDB9936721.1	QIZ20660.1	97.468	79	2	0	1	79	1	79	3.19e-49	145
MDB9936722.1	QIZ20661.1	91.429	245	21	0	1	245	3	247	1.09e-163	448
MDB9936723.1	QIZ20662.1	83.226	310	52	0	1	310	1	310	0.0	512
MDB9936724.1	QIZ20663.1	92.308	104	8	0	1	104	1	104	4.05e-68	196
MDB9936725.1	QIZ20664.1	92.857	70	5	0	23	92	1	70	2.50e-44	133
MDB9936726.1	QIZ20665.1	92.763	152	11	0	1	152	1	152	1.10e-90	256
MDB9936727.1	QIZ20666.1	98.093	472	9	0	1	472	1	472	0.0	948
MDB9936728.1	QIZ20667.1	89.547	794	83	0	1	794	1	794	0.0	1378
MDB9936729.1	QIZ20668.1	81.215	181	34	0	1	181	1	181	1.41e-96	273
MDB9936730.1	QIZ20669.1	96.042	480	19	0	14	493	14	493	0.0	949
MDB9936731.1	QIZ20670.1	82.135	431	77	0	1	431	1	431	0.0	746
MDB9936732.1	QIZ20671.1	72.492	309	84	1	1	308	1	309	2.99e-167	462
MDB9936733.1	QIZ20672.1	92.657	286	21	0	1	286	1	286	0.0	532
MDB9936734.1	QIZ20673.1	87.760	433	53	0	1	433	1	433	0.0	745
MDB9936735.1	QIZ20674.1	87.023	393	51	0	1	393	1	393	0.0	723
MDB9936736.1	QIZ20675.1	80.882	68	13	0	1	68	1	68	1.29e-35	110
MDB9936737.1	QIZ20676.1	87.578	161	20	0	1	161	1	161	1.32e-91	259
MDB9936738.1	QIZ20679.1	93.750	64	4	0	1	64	12	75	7.59e-43	129
MDB9936742.1	QIZ20680.1	98.271	347	6	0	1	347	1	347	0.0	709
MDB9936743.1	QIZ20681.1	98.378	370	6	0	1	370	1	370	0.0	763
MDB9936744.1	QIZ20682.1	94.074	405	24	0	1	405	1	405	0.0	800
MDB9936745.1	QIZ20683.1	89.701	301	31	0	1	301	1	301	0.0	519
MDB9936746.1	QIZ20684.1	92.771	415	30	0	1	415	1	415	0.0	729
MDB9936747.1	QIZ20685.1	97.030	202	6	0	1	202	1	202	3.06e-143	393
MDB9936748.1	QIZ20686.1	91.176	136	12	0	1	136	1	136	3.90e-91	256
MDB9936749.1	QIZ20687.1	97.516	161	4	0	1	161	1	161	2.16e-109	304
MDB9936750.1	QIZ20689.1	80.435	276	54	0	1	276	1	276	4.14e-165	454
MDB9936751.1	QIZ20690.1	98.732	552	7	0	1	552	1	552	0.0	1114
MDB9936752.1	QIZ20691.1	99.024	922	9	0	1	922	1	922	0.0	1915
MDB9936753.1	QIZ20692.1	91.446	491	42	0	1	491	1	491	0.0	948
MDB9936755.1	QIZ20694.1	97.548	367	9	0	1	367	1	367	0.0	743
MDB9936756.1	QIZ20695.1	92.537	134	10	0	1	134	22	155	1.99e-67	196
MDB9936758.1	QIZ20696.1	77.866	253	56	0	1	253	1	253	7.93e-154	424
MDB9936759.1	QIZ20697.1	60.227	176	69	1	1	175	7	182	1.67e-74	217
MDB9936760.1	QIZ20698.1	86.735	392	52	0	1	392	1	392	0.0	702
MDB9936762.1	QIZ20699.1	85.266	414	61	0	1	414	1	414	0.0	709
MDB9936763.1	QIZ20700.1	96.954	952	29	0	1	952	1	952	0.0	1942
MDB9936764.1	QIZ20701.1	83.333	126	21	0	1	126	1	126	8.82e-80	226
MDB9936765.1	QIZ20702.1	91.033	368	33	0	1	368	1	368	0.0	682
MDB9936766.1	QIZ20703.1	79.211	279	54	1	1	275	1	279	4.64e-157	436
MDB9936767.1	QIZ20704.1	74.132	317	82	0	1	317	1	317	3.17e-171	473
MDB9936768.1	QIZ20705.1	78.947	228	48	0	1	228	1	228	3.84e-136	377
MDB9936769.1	QIZ20706.1	81.250	256	48	0	1	256	9	264	3.56e-156	431
MDB9936770.1	QIZ20707.1	73.780	164	38	2	3	162	1	163	5.71e-83	237
MDB9936771.1	QIZ20708.1	95.019	261	13	0	1	261	1	261	0.0	522
MDB9936772.1	QIZ20709.1	99.149	235	2	0	1	235	1	235	5.75e-171	466
MDB9936773.1	QIZ20710.1	96.667	240	8	0	1	240	1	240	9.13e-171	466
MDB9936774.1	QIZ20711.1	98.214	336	6	0	1	336	1	336	0.0	654
MDB9936775.1	QIZ20712.1	97.569	288	7	0	1	288	1	288	0.0	558
MDB9936776.1	QIZ20713.1	99.043	418	4	0	1	418	1	418	0.0	854
MDB9936777.1	QIZ20714.1	98.039	204	4	0	1	204	1	204	6.41e-141	387
MDB9936778.1	QIZ20715.1	78.210	257	56	0	1	257	1	257	9.28e-150	414
MDB9936779.1	QIZ20716.1	82.014	139	25	0	1	139	1	139	9.17e-88	248
MDB9936780.1	QIZ20717.1	94.686	207	11	0	1	207	315	521	5.61e-145	409
MDB9936781.1	QIZ21150.1	94.565	368	20	0	1	368	1	368	0.0	697
MDB9936782.1	QIZ21151.1	95.060	587	29	0	1	587	1	587	0.0	1164
MDB9936783.1	QIZ21152.1	93.704	540	34	0	1	540	1	540	0.0	1043
MDB9936784.1	QIZ21153.1	90.698	258	24	0	1	258	1	258	2.58e-177	484
MDB9936785.1	QIZ21154.1	94.309	369	21	0	1	369	1	369	0.0	706
MDB9936786.1	QIZ21155.1	92.793	333	24	0	1	333	1	333	0.0	638
MDB9936787.1	QIZ21156.1	94.488	127	7	0	1	127	1	127	3.95e-85	240
MDB9936788.1	QIZ21157.1	89.815	108	11	0	1	108	1	108	6.81e-58	169
MDB9936789.1	QIZ21158.1	94.585	591	31	1	1	591	1	590	0.0	1172
MDB9936790.1	QIZ21159.1	93.074	231	16	0	1	231	27	257	1.66e-165	452
MDB9936791.1	QIZ21160.1	97.586	497	12	0	1	497	1	497	0.0	1003
MDB9936792.1	QIZ21161.1	96.875	320	10	0	1	320	1	320	0.0	620
MDB9936793.1	QIZ21162.1	97.409	386	10	0	1	386	1	386	0.0	751
MDB9936794.1	QIZ21163.1	98.625	291	4	0	1	291	1	291	0.0	578
MDB9936795.1	QIZ21164.1	95.455	968	44	0	1	968	1	968	0.0	1938
MDB9936796.1	QIZ21165.1	90.389	437	30	1	1	437	1	425	0.0	791
MDB9936797.1	QIZ21166.1	95.064	466	23	0	1	466	1	466	0.0	908
MDB9936798.1	QIZ21167.1	94.316	651	37	0	1	651	1	651	0.0	1264
MDB9936799.1	QIZ21168.1	96.757	185	6	0	1	185	1	185	1.39e-128	354
MDB9936800.1	QIZ21169.1	99.217	511	4	0	1	511	1	511	0.0	1026
MDB9936801.1	QIZ21170.1	95.189	291	14	0	1	291	1	291	0.0	567
MDB9936802.1	QIZ21171.1	98.941	472	5	0	1	472	1	472	0.0	946
MDB9936803.1	QIZ21172.1	95.385	130	6	0	1	130	1	130	3.32e-85	240
MDB9936804.1	QIZ21173.1	84.810	158	24	0	1	158	1	158	1.38e-100	281
MDB9936805.1	QIZ21174.1	92.521	361	27	0	17	377	19	379	0.0	681
MDB9936806.1	QIZ21175.1	90.517	116	11	0	1	116	1	116	1.59e-73	210
MDB9936807.1	QIZ21176.1	77.778	180	40	0	1	180	1	180	8.97e-99	279
MDB9936808.1	QIZ21177.1	82.933	416	71	0	1	416	1	416	0.0	684
MDB9936809.1	QIZ21178.1	87.772	368	45	0	1	368	1	368	0.0	646
MDB9936810.1	QIZ21179.1	89.908	327	33	0	1	327	1	327	0.0	575
MDB9936811.1	QIZ21180.1	97.619	84	2	0	1	84	1	84	5.07e-56	163
MDB9936812.1	QIZ21181.1	90.299	134	13	0	1	134	1	134	1.27e-85	243
MDB9936813.1	QIZ21182.1	72.385	239	66	0	1	239	1	239	2.64e-130	363
MDB9936814.1	QIZ21183.1	88.832	197	22	0	1	197	1	197	5.70e-130	359
MDB9936815.1	QIZ21184.1	87.097	372	48	0	1	372	1	372	0.0	683
MDB9936816.1	QIZ21185.1	80.556	360	70	0	1	360	1	360	0.0	600
MDB9936817.1	QIZ21186.1	81.879	298	54	0	1	298	1	298	0.0	502
MDB9936818.1	QIZ21187.1	77.823	248	55	0	1	248	1	248	7.41e-136	378
MDB9936819.1	QIZ21188.1	92.358	458	35	0	1	458	1	458	0.0	797
MDB9936820.1	QIZ21189.1	92.391	460	35	0	1	460	22	481	0.0	784
MDB9936821.1	QIZ21190.1	91.923	520	42	0	1	520	6	525	0.0	981
MDB9936822.1	QIZ21191.1	84.438	347	54	0	1	347	1	347	0.0	598
MDB9936823.1	QIZ21193.1	89.130	184	20	0	1	184	1	184	2.07e-118	328
MDB9936824.1	QIZ21194.1	95.876	291	12	0	1	291	1	291	0.0	551
MDB9936825.1	QIZ21195.1	95.677	347	15	0	1	347	1	347	0.0	673
MDB9936826.1	QIZ21196.1	93.112	392	27	0	1	392	1	392	0.0	754
MDB9936827.1	QIZ21197.1	95.187	187	9	0	1	187	1	187	4.05e-131	361
MDB9936828.1	QIZ21198.1	87.978	183	22	0	1	183	1	183	2.10e-115	321
MDB9936829.1	QIZ21199.1	89.320	309	33	0	1	309	1	309	0.0	560
MDB9936830.1	QIZ21200.1	94.264	924	53	0	1	924	1	924	0.0	1778
MDB9936831.1	QIZ21201.1	94.468	235	13	0	1	235	1	235	2.52e-163	446
MDB9936832.1	QIZ21202.1	87.179	312	40	0	1	312	1	312	3.66e-180	503
MDB9936833.1	QIZ21237.1	85.294	272	40	0	1	272	1	272	1.56e-175	480
MDB9936834.1	QIZ21236.1	96.875	96	3	0	1	96	1	96	1.99e-63	182
MDB9936835.1	QIZ21235.1	98.198	555	10	0	1	555	1	555	0.0	1085
MDB9936846.1	QIZ21234.1	83.713	614	51	1	1	565	1	614	0.0	967
MDB9936847.1	QIZ21233.1	96.382	608	22	0	1	608	1	608	0.0	1200
MDB9936848.1	QIZ21232.1	88.372	215	25	0	1	215	1	215	3.98e-134	371
MDB9936849.1	QIZ21231.1	86.283	226	31	0	1	226	1	226	4.14e-149	410
MDB9936850.1	QIZ21230.1	85.093	322	48	0	1	322	1	322	0.0	558
MDB9936851.1	QIZ21229.1	90.661	439	41	0	1	439	1	439	0.0	768
MDB9936852.1	QIZ21228.1	94.043	470	28	0	1	470	1	470	0.0	910
MDB9936853.1	QIZ21226.1	73.043	115	31	0	1	115	1	115	3.44e-58	171
MDB9936854.1	QIZ21225.1	71.515	165	47	0	16	180	16	180	7.24e-88	251
MDB9936856.1	QIZ21223.1	81.293	294	55	0	1	294	1	294	0.0	497
MDB9936858.1	QIZ21222.1	81.090	312	59	0	1	312	1	312	2.42e-174	481
MDB9936859.1	QIZ21221.1	85.629	167	24	0	1	167	1	167	3.26e-95	269
MDB9936860.1	QIZ21220.1	94.790	691	36	0	1	691	1	691	0.0	1352
MDB9936863.1	QIZ21219.1	76.238	101	23	1	1	100	1	101	9.25e-54	159
MDB9936864.1	QIZ21218.1	76.147	436	97	1	1	429	1	436	0.0	678
MDB9936865.1	QIZ21217.1	58.621	174	70	2	1	173	6	178	4.66e-78	226
MDB9936875.1	QIZ21216.1	91.837	98	8	0	1	98	1	98	1.72e-68	196
MDB9936876.1	QIZ21215.1	88.626	211	24	0	1	211	1	211	1.68e-138	382
MDB9936877.1	QIZ21214.1	94.218	294	17	0	1	294	1	294	0.0	550
MDB9936878.1	QIZ21213.1	89.116	147	16	0	1	147	1	147	2.50e-100	280
MDB9936879.1	QIZ21212.1	73.704	270	71	0	1	270	1	270	2.17e-151	419
MDB9936880.1	QIZ21211.1	84.718	301	46	0	14	314	1	301	0.0	519
MDB9936881.1	QIZ21210.1	93.077	1040	72	0	1	1040	1	1040	0.0	1890
MDB9936882.1	QIZ21209.1	87.940	199	24	0	1	199	1	199	2.42e-133	368
MDB9936883.1	QIZ21208.1	63.248	117	43	0	8	124	8	124	6.39e-48	145
MDB9936884.1	QIZ21207.1	79.412	238	49	0	1	238	1	238	2.25e-149	411
MDB9936885.1	QIZ21206.1	71.179	229	66	0	1	229	1	229	8.05e-116	326
MDB9936886.1	QIZ21205.1	66.981	318	105	0	5	322	1	318	2.44e-148	416
MDB9936887.1	QIZ21204.1	71.895	153	42	1	1	152	1	153	4.61e-75	217
MDB9936888.1	QIZ21203.1	97.196	428	12	0	1	428	1	428	0.0	858
MDB9936889.1	QIZ21202.1	81.111	90	17	0	1	90	422	511	4.43e-45	147
MDB9936890.1	QIZ21483.1	87.824	386	47	0	3	388	2	387	0.0	713
MDB9936891.1	QIZ21484.1	89.354	263	28	0	1	263	1	263	4.92e-179	488
MDB9936892.1	QIZ21485.1	98.396	561	9	0	1	561	1	561	0.0	1134
MDB9936893.1	QIZ21486.1	97.847	418	9	0	1	418	1	418	0.0	855
MDB9936894.1	QIZ21487.1	97.727	88	2	0	1	88	1	88	8.25e-65	186
MDB9936895.1	QIZ21488.1	96.393	998	36	0	1	998	1	998	0.0	2002
MDB9936896.1	QIZ21489.1	94.872	195	10	0	1	195	1	195	1.34e-135	373
MDB9936897.1	QIZ21490.1	92.226	283	22	0	1	283	1	283	0.0	515
MDB9936899.1	QIZ21492.1	84.247	146	23	0	1	146	1	146	2.52e-90	254
MDB9936900.1	QIZ21493.1	90.726	248	23	0	1	248	1	248	2.55e-160	440
MDB9936901.1	QIZ21494.1	87.826	115	14	0	1	115	1	115	1.43e-75	215
MDB9936903.1	QIZ21496.1	98.529	68	1	0	1	68	1	68	8.57e-47	139
MDB9936904.1	QIZ21497.1	86.452	155	21	0	1	155	1	155	5.37e-100	280
MDB9936905.1	QIZ21498.1	87.320	347	44	0	1	347	1	347	0.0	604
MDB9936906.1	QIZ21499.1	91.411	163	14	0	1	163	1	163	7.04e-108	300
MDB9936907.1	QIZ21500.1	94.427	323	18	0	1	323	1	323	0.0	637
MDB9936908.1	QIZ21501.1	95.818	550	23	0	1	550	1	550	0.0	1093
MDB9936909.1	QIZ21502.1	94.581	203	11	0	1	203	1	203	5.95e-139	382
MDB9936911.1	QIZ21503.1	98.343	181	3	0	1	181	1	181	1.34e-125	347
MDB9936912.1	QIZ21504.1	97.788	452	10	0	1	452	1	452	0.0	927
MDB9936913.1	QIZ21505.1	97.521	242	6	0	1	242	1	242	3.03e-177	482
MDB9936914.1	QIZ21506.1	74.055	397	103	0	1	397	1	397	0.0	629
MDB9936915.1	QIZ21508.1	95.161	124	6	0	1	124	1	124	4.85e-89	249
MDB9936916.1	QIZ21509.1	86.207	261	36	0	1	261	1	261	5.11e-168	461
MDB9936917.1	QIZ21510.1	52.899	138	65	0	1	138	1	138	1.16e-48	149
MDB9936921.1	QIZ21511.1	90.476	189	18	0	1	189	1	189	2.02e-131	362
MDB9936923.1	QIZ21512.1	67.376	141	46	0	13	153	26	166	5.54e-71	207
MDB9936924.1	QIZ21513.1	98.519	810	12	0	1	810	1	810	0.0	1658
MDB9936925.1	QIZ21514.1	96.787	249	8	0	1	249	1	249	1.63e-174	476
MDB9936926.1	QIZ21515.1	98.107	317	6	0	1	317	1	317	0.0	632
MDB9936927.1	QIZ21516.1	92.950	539	38	0	8	546	1	539	0.0	1052
MDB9936928.1	QIZ21517.1	79.167	72	15	0	1	72	1	72	3.75e-37	114
MDB9936929.1	QIZ21518.1	35.987	314	193	3	6	316	5	313	1.67e-58	187
MDB9936930.1	QIZ21344.1	64.437	284	98	2	1	283	1	282	1.45e-130	367
MDB9936931.1	QIZ21519.1	99.194	124	1	0	1	124	1	124	7.80e-92	256
MDB9936932.1	QIZ21520.1	94.839	155	8	0	1	155	1	155	7.70e-113	312
MDB9936933.1	QIZ21521.1	90.594	202	19	0	1	202	1	202	2.47e-142	390
MDB9936934.1	QIZ21522.1	71.471	333	95	0	1	333	1	333	0.0	512
MDB9936935.1	QIZ21523.1	95.932	295	12	0	1	295	1	295	0.0	587
MDB9936936.1	QIZ21524.1	90.756	476	44	0	1	476	1	476	0.0	896
MDB9936938.1	QIZ21525.1	97.412	425	10	1	1	424	1	425	0.0	864
MDB9936939.1	QIZ21526.1	77.108	83	19	0	15	97	15	97	5.61e-48	144
MDB9936940.1	QIZ21527.1	94.690	339	18	0	1	339	1	339	0.0	668
MDB9936941.1	QIZ21528.1	95.082	61	3	0	1	61	1	61	4.31e-39	119
MDB9936942.1	QIZ21529.1	93.939	165	10	0	2	166	1	165	2.50e-119	330
MDB9936943.1	QIZ21530.1	85.821	536	73	1	3	538	4	536	0.0	889
MDB9936944.1	QIZ21531.1	87.500	352	44	0	1	352	1	352	0.0	607
MDB9936945.1	QIZ21532.1	64.740	173	61	0	1	173	1	173	2.13e-72	213
MDB9936946.1	QIZ21149.1	96.364	110	4	0	1	110	9	118	7.66e-79	226
MDB9936947.1	QIZ21148.1	97.430	467	12	0	1	467	1	467	0.0	947
MDB9936948.1	QIZ21146.1	89.912	228	23	0	1	228	1	228	8.22e-156	427
MDB9936949.1	QIZ21144.1	98.451	452	7	0	1	452	1	452	0.0	893
MDB9936950.1	QIZ21143.1	93.796	274	17	0	1	274	1	274	2.21e-179	490
MDB9936951.1	QIZ21142.1	98.361	305	5	0	1	305	1	305	0.0	600
MDB9936952.1	QIZ21141.1	92.513	187	14	0	1	187	1	187	2.60e-127	351
MDB9936953.1	QIZ21140.1	97.426	272	7	0	1	272	1	272	0.0	535
MDB9936954.1	QIZ21139.1	98.020	303	6	0	1	303	1	303	0.0	590
MDB9936955.1	QIZ21138.1	98.305	59	1	0	1	59	1	59	9.04e-38	115
MDB9936956.1	QIZ21137.1	96.854	445	14	0	1	445	1	445	0.0	892
MDB9936957.1	QIZ21136.1	100.000	453	0	0	1	453	1	453	0.0	894
MDB9936958.1	QIZ21135.1	97.949	195	4	0	1	195	1	195	5.98e-145	397
MDB9936959.1	QIZ21134.1	99.740	385	1	0	1	385	1	385	0.0	797
MDB9936961.1	QIZ21133.1	92.437	357	27	0	1	357	1	357	0.0	685
MDB9936962.1	QIZ21132.1	97.772	359	8	0	1	359	1	359	0.0	703
MDB9936963.1	QIZ21131.1	98.582	282	4	0	1	282	1	282	0.0	550
MDB9936964.1	QIZ21130.1	96.853	286	9	0	1	286	1	286	0.0	549
MDB9936965.1	QIZ21129.1	100.000	511	0	0	1	511	1	511	0.0	1053
MDB9936966.1	QIZ21128.1	99.433	353	2	0	1	353	1	353	0.0	708
MDB9936967.1	QIZ21127.1	96.667	360	12	0	1	360	1	360	0.0	714
MDB9936968.1	QIZ21126.1	96.517	402	14	0	1	402	1	402	0.0	703
MDB9936969.1	QIZ21125.1	97.476	317	8	0	1	317	1	317	0.0	628
MDB9936970.1	QIZ21124.1	99.562	457	2	0	1	457	1	457	0.0	937
MDB9936971.1	QIZ21123.1	98.454	388	6	0	1	388	1	388	0.0	793
MDB9936972.1	QIZ21122.1	97.911	383	8	0	1	383	1	383	0.0	785
MDB9936973.1	QIZ21121.1	98.695	383	5	0	1	383	1	383	0.0	791
MDB9936974.1	QIZ21120.1	62.590	139	52	0	32	170	31	169	3.88e-63	187
MDB9936975.1	QIZ21119.1	88.136	118	14	0	1	118	1	118	9.59e-65	188
MDB9936976.1	QIZ21118.1	91.329	173	15	0	1	173	1	173	4.94e-116	322
MDB9936977.1	QIZ21117.1	93.920	625	38	0	1	625	1	625	0.0	1111
MDB9936978.1	QIZ21116.1	93.478	138	9	0	1	138	1	138	1.64e-92	259
MDB9936979.1	QIZ21115.1	90.667	75	7	0	1	75	1	75	4.68e-47	140
MDB9936980.1	QIZ21114.1	94.915	236	12	0	1	236	1	236	3.10e-164	449
MDB9936981.1	QIZ21113.1	97.170	106	3	0	1	106	1	106	3.26e-76	216
MDB9936982.1	QIZ21112.1	95.082	183	9	0	1	183	1	183	1.79e-128	354
MDB9936983.1	QIZ21111.1	89.381	113	12	0	1	113	1	113	1.35e-71	205
MDB9936984.1	QIZ21110.1	96.047	253	10	0	1	253	1	253	4.51e-177	483
MDB9936985.1	QIZ21109.1	91.594	345	29	0	1	345	1	345	0.0	671
MDB9936986.1	QIZ21108.1	79.433	141	29	0	1	141	28	168	1.96e-84	240
MDB9936987.1	QIZ21107.1	95.443	395	18	0	1	395	1	395	0.0	772
MDB9936988.1	QIZ21106.1	80.488	205	40	0	1	205	1	205	4.55e-127	352
MDB9936989.1	QIZ21105.1	91.447	152	11	1	1	150	1	152	1.07e-89	253
MDB9936990.1	QIZ21104.1	96.825	126	4	0	1	126	1	126	7.99e-85	239
MDB9936991.1	QIZ21103.1	85.526	380	55	0	1	380	1	380	0.0	684
MDB9936992.1	QIZ21102.1	98.010	201	4	0	1	201	1	201	9.04e-138	379
MDB9936993.1	QIZ21101.1	90.833	240	22	0	1	240	1	240	5.25e-166	454
MDB9936995.1	QIZ21100.1	81.022	137	26	0	4	140	1	137	2.39e-78	224
MDB9936996.1	QIZ21099.1	92.500	40	3	0	1	40	1	40	1.46e-22	75.9
MDB9936997.1	QIZ21097.1	97.512	201	5	0	1	201	295	495	5.31e-149	419
MDB9936998.1	QIZ20527.1	92.162	370	29	0	1	370	1	370	0.0	695
MDB9936999.1	QIZ20528.1	82.143	56	10	0	1	56	13	68	6.47e-31	98.2
MDB9937000.1	QIZ20529.1	83.984	256	41	0	1	256	1	256	5.23e-159	437
MDB9937001.1	QIZ20530.1	85.326	184	27	0	4	187	1	184	9.71e-116	322
MDB9937002.1	QIZ20531.1	65.605	157	54	0	1	157	1	157	1.56e-74	216
MDB9937003.1	QIZ20532.1	65.464	194	65	1	1	194	1	192	6.32e-90	258
MDB9937004.1	QIZ20533.1	84.252	127	20	0	1	127	1	127	2.31e-78	223
MDB9937005.1	QIZ20537.1	93.995	433	26	0	1	433	1	433	0.0	763
MDB9937006.1	QIZ20538.1	97.802	91	2	0	1	91	1	91	1.47e-62	180
MDB9937007.1	QIZ20539.1	96.817	377	12	0	1	377	1	377	0.0	739
MDB9937008.1	QIZ20540.1	97.255	255	7	0	1	255	1	255	2.55e-178	486
MDB9937009.1	QIZ20541.1	87.138	311	40	0	1	311	1	311	0.0	550
MDB9937010.1	QIZ20542.1	50.422	474	232	1	3	473	2	475	3.18e-159	456
MDB9937011.1	QIZ20544.1	92.814	167	12	0	1	167	1	167	8.74e-115	318
MDB9937012.1	QIZ20545.1	96.486	370	13	0	1	370	1	370	0.0	723
MDB9937013.1	QIZ20546.1	98.214	448	8	0	1	448	1	448	0.0	925
MDB9937014.1	QIZ20547.1	88.217	314	36	1	1	313	1	314	0.0	553
MDB9937015.1	QIZ20548.1	98.491	265	4	0	1	265	1	265	0.0	529
MDB9937016.1	QIZ20549.1	94.349	637	36	0	1	637	1	637	0.0	1225
MDB9937017.1	QIZ20550.1	92.262	336	26	0	1	336	1	336	0.0	612
MDB9937018.1	QIZ20215.1	83.217	143	24	0	2	144	3	145	1.76e-91	257
MDB9937020.1	QIZ20551.1	85.789	380	54	0	1	380	1	380	0.0	679
MDB9937021.1	QIZ20552.1	95.050	303	15	0	1	303	1	303	0.0	586
MDB9937022.1	QIZ20553.1	85.280	428	63	0	1	428	1	428	0.0	754
MDB9937023.1	QIZ20595.1	47.238	362	173	8	1	345	1	361	6.40e-107	313
MDB9937030.1	QIZ21131.1	29.508	305	175	9	5	292	1	282	2.09e-25	98.2
MDB9937031.1	QIZ21495.1	59.761	251	101	0	1	251	1	251	7.37e-113	320
MDB9937034.1	QIZ20554.1	69.154	201	62	0	1	201	1	201	1.84e-89	257
MDB9937035.1	QIZ20555.1	97.605	501	12	0	1	501	1	501	0.0	989
MDB9937036.1	QIZ20556.1	96.857	350	11	0	1	350	1	350	0.0	683
MDB9937037.1	QIZ20557.1	99.688	320	1	0	1	320	1	320	0.0	654
MDB9937038.1	QIZ20559.1	98.701	154	2	0	1	154	16	169	2.48e-111	309
MDB9937039.1	QIZ20560.1	99.063	427	4	0	1	427	1	427	0.0	807
MDB9937040.1	QIZ20561.1	98.266	346	6	0	1	346	1	346	0.0	701
MDB9937041.1	QIZ20562.1	99.391	493	3	0	1	493	1	493	0.0	1002
MDB9937042.1	QIZ20563.1	96.721	305	10	0	16	320	1	305	0.0	595
MDB9937044.1	QIZ20309.1	34.884	387	218	13	13	384	17	384	2.28e-61	200
MDB9937045.1	QIZ20564.1	39.906	213	112	7	1	197	41	253	2.72e-36	123
MDB9937046.1	QIZ21397.1	93.976	166	10	0	82	247	122	287	9.51e-112	318
MDB9937047.1	QIZ21398.1	75.410	61	15	0	1	61	1	61	6.32e-30	95.9
MDB9937048.1	QIZ21399.1	88.535	471	53	1	1	470	1	471	0.0	818
MDB9937049.1	QIZ21400.1	76.527	311	73	0	1	311	1	311	1.40e-154	431
MDB9937050.1	QIZ21401.1	94.728	588	31	0	1	588	1	588	0.0	1134
MDB9937051.1	QIZ21402.1	87.363	182	23	0	1	182	1	182	1.78e-116	323
MDB9937052.1	QIZ21403.1	96.755	339	11	0	1	339	1	339	0.0	674
MDB9937056.1	QIZ20556.1	37.975	237	132	6	318	549	40	266	7.57e-44	155
MDB9937056.1	QIZ20556.1	31.298	262	148	6	19	272	41	278	1.17e-31	121
MDB9937057.1	QIZ21404.1	96.923	520	16	0	1	520	1	520	0.0	1046
MDB9937058.1	QIZ21405.1	95.942	345	14	0	1	345	1	345	0.0	674
MDB9937059.1	QIZ21406.1	57.840	287	115	3	1	281	1	287	6.79e-110	320
MDB9937060.1	QIZ21407.1	76.744	172	40	0	1	172	1	172	6.17e-79	228
MDB9937061.1	QIZ21408.1	85.168	654	97	0	1	654	1	654	0.0	1175
MDB9937062.1	QIZ21409.1	89.276	373	40	0	1	373	1	373	0.0	625
MDB9937063.1	QIZ21410.1	93.932	412	25	0	1	412	1	412	0.0	806
MDB9937064.1	QIZ21411.1	94.983	299	15	0	1	299	1	299	0.0	570
MDB9937065.1	QIZ21412.1	95.570	316	14	0	1	316	1	316	0.0	627
MDB9937066.1	QIZ21414.1	96.748	123	4	0	1	123	1	123	1.13e-88	249
MDB9937067.1	QIZ21415.1	92.857	84	6	0	1	84	1	84	1.13e-56	165
MDB9937068.1	QIZ21416.1	100.000	98	0	0	1	98	1	98	2.56e-68	195
MDB9937069.1	QIZ21417.1	94.118	204	12	0	1	204	1	204	1.70e-122	341
MDB9937070.1	QIZ21418.1	99.516	413	2	0	1	413	1	413	0.0	848
MDB9937071.1	QIZ21419.1	98.990	297	3	0	1	297	1	297	0.0	589
MDB9937072.1	QIZ21420.1	98.000	350	7	0	1	350	1	350	0.0	682
MDB9937073.1	QIZ21421.1	98.780	246	3	0	1	246	1	246	0.0	494
MDB9937074.1	QIZ21422.1	98.084	261	5	0	1	261	1	261	0.0	520
MDB9937075.1	QIZ21423.1	94.444	234	13	0	1	234	1	234	3.24e-164	449
MDB9937076.1	QIZ21424.1	89.720	107	11	0	1	107	1	107	6.61e-65	187
MDB9937077.1	QIZ21425.1	87.459	303	38	0	1	303	1	303	0.0	537
MDB9937080.1	QIZ21426.1	94.595	259	14	0	4	262	6	264	0.0	494
MDB9937081.1	QIZ21427.1	95.745	235	10	0	1	235	1	235	2.83e-158	434
MDB9937082.1	QIZ21428.1	95.536	336	15	0	1	336	1	336	0.0	639
MDB9937083.1	QIZ21429.1	95.485	443	20	0	14	456	1	443	0.0	820
MDB9937084.1	QIZ21430.1	95.090	387	19	0	1	387	1	387	0.0	710
MDB9937085.1	QIZ21431.1	94.466	253	14	0	1	253	1	253	4.96e-164	450
MDB9937086.1	QIZ21432.1	93.955	397	21	1	1	394	1	397	0.0	721
MDB9937087.1	QIZ21433.1	91.579	285	24	0	1	285	1	285	0.0	502
MDB9937088.1	QIZ21434.1	94.320	493	28	0	1	493	1	493	0.0	965
MDB9937089.1	QIZ21435.1	90.722	97	9	0	1	97	164	260	5.79e-61	182
MDB9937090.1	QIZ20946.1	75.301	332	82	0	1	332	37	368	4.60e-176	488
MDB9937091.1	QIZ20947.1	79.070	86	18	0	1	86	10	95	3.62e-44	134
MDB9937092.1	QIZ20948.1	96.000	175	7	0	1	175	1	175	5.18e-126	347
MDB9937093.1	QIZ20949.1	95.988	324	13	0	1	324	1	324	0.0	655
MDB9937094.1	QIZ20950.1	86.545	602	81	0	1	602	1	602	0.0	1035
MDB9937095.1	QIZ20951.1	82.864	426	73	0	1	426	1	426	0.0	686
MDB9937096.1	QIZ20952.1	95.766	685	29	0	1	685	1	685	0.0	1344
MDB9937097.1	QIZ20959.1	96.488	598	21	0	1	598	4	601	0.0	1186
MDB9937098.1	QIZ20960.1	89.776	802	82	0	1	802	1	802	0.0	1428
MDB9937099.1	QIZ20961.1	95.493	355	16	0	1	355	1	355	0.0	703
MDB9937100.1	QIZ20962.1	100.000	118	0	0	1	118	1	118	1.11e-85	241
MDB9937101.1	QIZ20963.1	100.000	68	0	0	1	68	1	68	3.71e-45	134
MDB9937102.1	QIZ20964.1	95.580	181	8	0	1	181	1	181	1.59e-129	357
MDB9937103.1	QIZ20965.1	90.282	638	62	0	1	638	1	638	0.0	1220
MDB9937104.1	QIZ20966.1	83.854	384	62	0	1	384	1	384	0.0	645
MDB9937105.1	QIZ20967.1	89.641	251	26	0	1	251	1	251	4.55e-158	434
MDB9937106.1	QIZ20968.1	88.194	288	34	0	1	288	4	291	0.0	507
MDB9937107.1	QIZ20969.1	97.069	1501	44	0	1	1501	1	1501	0.0	3024
MDB9937108.1	QIZ20970.1	97.495	479	12	0	1	479	1	479	0.0	960
MDB9937109.1	QIZ20971.1	91.667	240	20	0	1	240	1	240	6.56e-153	422
MDB9937110.1	QIZ20972.1	97.627	295	7	0	1	295	1	295	0.0	572
MDB9937111.1	QIZ20973.1	89.835	423	43	0	1	423	1	423	0.0	767
MDB9937112.1	QIZ20974.1	96.245	1012	38	0	1	1012	1	1012	0.0	2035
MDB9937113.1	QIZ20975.1	92.658	395	29	0	1	395	1	395	0.0	759
MDB9937114.1	QIZ20976.1	95.035	141	7	0	1	141	1	141	1.83e-98	275
MDB9937117.1	QIZ21314.1	26.455	378	244	13	1	354	3	370	3.11e-37	135
MDB9937118.1	QIZ21085.1	25.688	545	374	12	5	533	143	672	3.30e-45	164
MDB9937119.1	QIZ20981.1	79.189	567	118	0	1	567	1	567	0.0	872
MDB9937120.1	QIZ20982.1	75.253	198	49	0	1	198	1	198	5.06e-110	308
MDB9937121.1	QIZ20983.1	69.620	158	48	0	4	161	2	159	1.22e-72	211
MDB9937122.1	QIZ20984.1	89.831	177	18	0	1	177	1	177	2.86e-108	302
MDB9937123.1	QIZ20985.1	90.957	188	17	0	1	188	1	188	2.58e-131	362
MDB9937124.1	QIZ20986.1	79.817	218	44	0	1	218	1	218	1.30e-139	385
MDB9937125.1	QIZ20987.1	85.075	67	10	0	1	67	1	67	9.65e-28	90.9
MDB9937126.1	QIZ20988.1	78.363	171	37	0	1	171	1	171	3.35e-99	279
MDB9937127.1	QIZ20989.1	91.131	451	40	0	1	451	1	451	0.0	828
MDB9937128.1	QIZ20990.1	84.653	404	62	0	1	404	1	404	0.0	685
MDB9937129.1	QIZ20991.1	84.120	233	37	0	1	233	1	233	6.25e-138	382
MDB9937130.1	QIZ20992.1	95.676	370	16	0	1	370	1	370	0.0	714
MDB9937131.1	QIZ20993.1	92.128	470	37	0	1	470	1	470	0.0	886
MDB9937132.1	QIZ20994.1	95.349	86	4	0	1	86	1	86	1.68e-52	154
MDB9937133.1	QIZ20995.1	80.139	287	57	0	1	287	1	287	1.34e-165	456
MDB9937134.1	QIZ20996.1	85.897	234	33	0	1	234	1	234	3.38e-155	426
MDB9937135.1	QIZ20997.1	90.996	522	47	0	1	522	1	522	0.0	946
MDB9937136.1	QIZ20998.1	81.297	401	75	0	1	401	1	401	0.0	677
MDB9937137.1	QIZ20999.1	87.586	145	18	0	1	145	1	145	2.40e-93	262
MDB9937138.1	QIZ21000.1	81.275	251	47	0	1	251	1	251	1.26e-149	413
MDB9937139.1	QIZ21001.1	65.772	149	51	0	1	149	1	149	3.37e-70	204
MDB9937140.1	QIZ21002.1	82.234	197	35	0	1	197	1	197	8.60e-124	343
MDB9937141.1	QIZ21003.1	95.034	443	22	0	1	443	1	443	0.0	889
MDB9937142.1	QIZ21004.1	99.275	138	1	0	1	138	1	138	2.86e-101	281
MDB9937143.1	QIZ21005.1	87.324	142	18	0	1	142	1	142	9.66e-92	258
MDB9937144.1	QIZ21006.1	89.759	166	17	0	1	166	1	166	1.79e-111	310
MDB9937145.1	QIZ21007.1	87.097	403	52	0	1	403	1	403	0.0	742
MDB9937146.1	QIZ21008.1	97.308	260	7	0	1	260	1	260	0.0	521
MDB9937148.1	QIZ21010.1	97.681	690	16	0	1	690	1	690	0.0	1372
MDB9937149.1	QIZ21011.1	100.000	82	0	0	1	82	1	82	9.37e-56	162
MDB9937150.1	QIZ21012.1	94.262	122	7	0	1	122	1	122	7.11e-83	234
MDB9937151.1	QIZ21013.1	93.894	737	44	1	1	737	1	736	0.0	1371
MDB9937152.1	QIZ21014.1	97.170	530	15	0	1	530	1	530	0.0	1036
MDB9937153.1	QIZ21015.1	90.231	389	38	0	1	389	1	389	0.0	714
MDB9937154.1	QIZ21016.1	74.633	477	121	0	32	508	19	495	0.0	705
MDB9937155.1	QIZ21017.1	71.429	63	18	0	1	63	91	153	6.48e-28	93.6
MDB9937156.1	QIZ21294.1	99.256	403	3	0	1	403	17	419	0.0	801
MDB9937157.1	QIZ21295.1	95.753	259	11	0	1	259	1	259	0.0	497
MDB9937158.1	QIZ21296.1	93.277	357	24	0	1	357	1	357	0.0	696
MDB9937159.1	QIZ21297.1	90.323	186	18	0	1	186	1	186	6.77e-124	343
MDB9937160.1	QIZ21298.1	77.928	222	47	1	1	222	1	220	3.53e-118	332
MDB9937161.1	QIZ21299.1	94.516	310	17	0	1	310	1	310	0.0	564
MDB9937162.1	QIZ21300.1	73.123	253	67	1	1	252	1	253	7.78e-116	328
MDB9937163.1	QIZ21301.1	73.563	348	91	1	1	348	1	347	7.61e-178	493
MDB9937164.1	QIZ21302.1	81.890	254	46	0	1	254	1	254	2.29e-152	421
MDB9937165.1	QIZ21303.1	91.429	70	6	0	1	70	1	70	2.33e-40	124
MDB9937166.1	QIZ21304.1	84.966	439	66	0	1	439	1	439	0.0	770
MDB9937167.1	QIZ21305.1	85.778	225	32	0	1	225	1	225	1.71e-139	385
MDB9937168.1	QIZ21306.1	89.655	145	15	0	1	145	1	145	6.89e-93	261
MDB9937169.1	QIZ21307.1	88.276	290	34	0	1	290	1	290	0.0	552
MDB9937170.1	QIZ21308.1	97.423	194	5	0	1	194	1	194	2.49e-138	380
MDB9937171.1	QIZ21309.1	96.890	611	19	0	1	611	1	611	0.0	1218
MDB9937172.1	QIZ21310.1	96.454	141	5	0	1	141	1	141	1.10e-93	263
MDB9937173.1	QIZ21312.1	96.800	250	8	0	1	250	1	250	0.0	501
MDB9937174.1	QIZ21313.1	98.064	723	14	0	1	723	1	723	0.0	1469
MDB9937175.1	QIZ21314.1	96.992	399	12	0	1	399	1	399	0.0	799
MDB9937176.1	QIZ21249.1	31.698	530	343	11	65	586	57	575	1.80e-75	246
MDB9937177.1	QIZ21315.1	97.315	149	4	0	1	149	1	149	2.06e-108	300
MDB9937178.1	QIZ21316.1	86.977	215	27	1	1	215	1	214	6.28e-129	358
MDB9937180.1	QIZ20493.1	41.748	103	57	2	24	124	11	112	3.80e-23	83.6
MDB9937181.1	QIZ21537.1	65.287	314	106	2	1	312	1	313	7.67e-138	389
MDB9937183.1	QIZ21317.1	93.610	313	20	0	1	313	1	313	0.0	610
MDB9937184.1	QIZ21318.1	74.227	97	25	0	1	97	1	97	4.08e-49	153
MDB9937185.1	QIZ21045.1	76.119	268	64	0	4	271	60	327	1.52e-144	404
MDB9937186.1	QIZ21046.1	85.816	282	40	0	1	282	1	282	1.91e-176	483
MDB9937187.1	QIZ21047.1	87.500	264	33	0	1	264	1	264	3.96e-174	476
MDB9937188.1	QIZ21048.1	80.569	211	41	0	1	211	1	211	3.31e-125	348
MDB9937189.1	QIZ21049.1	94.061	623	37	0	1	623	1	623	0.0	1196
MDB9937190.1	QIZ21050.1	93.228	443	30	0	1	443	1	443	0.0	822
MDB9937191.1	QIZ21052.1	98.578	422	6	0	1	422	1	422	0.0	839
MDB9937194.1	QIZ21055.1	91.291	333	29	0	1	333	1	333	0.0	627
MDB9937195.1	QIZ21056.1	86.447	273	37	0	1	273	1	273	2.58e-177	485
MDB9937196.1	QIZ21057.1	76.042	192	46	0	1	192	1	192	1.86e-102	289
MDB9937197.1	QIZ21058.1	59.924	262	105	0	2	263	3	264	1.05e-112	321
MDB9937198.1	QIZ21059.1	62.712	177	66	0	1	177	1	177	2.42e-71	210
MDB9937199.1	QIZ21060.1	89.686	223	23	0	1	223	1	223	5.83e-150	412
MDB9937200.1	QIZ21061.1	86.429	140	19	0	1	140	1	140	1.38e-89	252
MDB9937201.1	QIZ21062.1	92.143	140	11	0	1	140	1	140	6.27e-82	233
MDB9937202.1	QIZ21063.1	84.103	195	31	0	4	198	3	197	2.57e-120	335
MDB9937203.1	QIZ21064.1	84.118	170	27	0	1	170	1	170	3.01e-91	259
MDB9937205.1	QIZ21065.1	96.484	455	16	0	1	455	1	455	0.0	880
MDB9937206.1	QIZ21066.1	97.076	171	5	0	1	171	1	171	5.37e-120	332
MDB9937207.1	QIZ21067.1	95.408	196	9	0	1	196	1	196	7.73e-142	389
MDB9937208.1	QIZ21068.1	86.058	208	29	0	1	208	1	208	9.97e-133	367
MDB9937209.1	QIZ21070.1	87.917	240	28	1	1	240	1	239	1.59e-155	427
MDB9937210.1	QIZ21071.1	92.032	251	20	0	1	251	1	251	3.29e-175	478
MDB9937211.1	QIZ21072.1	91.089	101	9	0	1	101	1	101	6.15e-63	182
MDB9937212.1	QIZ21073.1	90.909	121	11	0	1	121	1	121	1.23e-80	228
MDB9937213.1	QIZ21074.1	75.449	167	41	0	1	167	1	167	1.60e-95	270
MDB9937214.1	QIZ21075.1	72.131	183	51	0	1	183	1	183	1.85e-91	261
MDB9937215.1	QIZ21076.1	92.291	467	36	0	1	467	230	696	0.0	883
MDB9937216.1	QIZ21257.1	86.705	173	23	0	1	173	61	233	1.16e-106	300
MDB9937217.1	QIZ21258.1	91.144	271	24	0	1	271	1	271	1.36e-180	493
MDB9937218.1	QIZ21259.1	96.118	541	21	0	1	541	1	541	0.0	1002
MDB9937219.1	QIZ21262.1	93.820	178	11	0	2	179	1	178	2.17e-126	348
MDB9937220.1	QIZ21263.1	82.824	262	45	0	1	262	1	262	6.32e-155	427
MDB9937221.1	QIZ21264.1	66.820	217	72	0	1	217	1	217	7.42e-94	269
MDB9937226.1	QIZ21259.1	40.109	551	296	9	38	577	4	531	1.09e-123	372
MDB9937230.1	QIZ21260.1	71.192	302	83	1	1	298	1	302	1.87e-160	445
MDB9937231.1	QIZ20457.1	60.494	81	32	0	1	81	1	81	3.05e-26	87.8
MDB9937232.1	QIZ21265.1	85.153	458	68	0	1	458	1	458	0.0	812
MDB9937233.1	QIZ21266.1	86.957	161	21	0	1	161	1	161	1.05e-107	300
MDB9937234.1	QIZ21267.1	90.780	141	13	0	1	141	1	141	3.06e-92	259
MDB9937235.1	QIZ21268.1	80.435	322	63	0	1	322	1	322	0.0	537
MDB9937236.1	QIZ21269.1	89.809	314	32	0	1	314	1	314	0.0	586
MDB9937237.1	QIZ21270.1	89.389	311	33	0	1	311	1	311	0.0	541
MDB9937238.1	QIZ21271.1	89.045	356	38	1	1	356	1	355	0.0	641
MDB9937239.1	QIZ21272.1	85.866	283	40	0	1	283	1	283	1.32e-166	459
MDB9937240.1	QIZ21273.1	88.866	485	54	0	1	485	1	485	0.0	892
MDB9937241.1	QIZ21274.1	85.714	168	24	0	1	168	1	168	5.28e-100	281
MDB9937242.1	QIZ21275.1	81.564	179	33	0	18	196	1	179	7.28e-103	290
MDB9937243.1	QIZ21276.1	100.000	75	0	0	1	75	1	75	1.79e-46	138
MDB9937244.1	QIZ21277.1	97.541	244	6	0	1	244	1	244	2.76e-173	472
MDB9937245.1	QIZ21278.1	92.308	91	7	0	1	91	1	91	5.74e-58	168
MDB9937246.1	QIZ21279.1	96.850	254	8	0	1	254	604	857	4.31e-174	497
MDB9937247.1	QIZ20342.1	87.500	288	36	0	1	288	1	288	0.0	507
MDB9937248.1	QIZ20341.1	96.667	60	2	0	1	60	1	60	3.20e-40	121
MDB9937249.1	QIZ20340.1	81.879	149	27	0	7	155	7	155	4.32e-71	207
MDB9937250.1	QIZ20339.1	67.626	139	45	0	15	153	15	153	5.22e-70	204
MDB9937251.1	QIZ20338.1	96.862	701	22	0	1	701	1	701	0.0	1331
MDB9937252.1	QIZ20337.1	86.555	238	32	0	1	238	1	238	8.14e-146	406
MDB9937253.1	QIZ20336.1	91.045	134	12	0	1	134	1	134	8.42e-87	244
MDB9937254.1	QIZ20335.1	85.938	128	18	0	1	128	1	128	5.63e-80	227
MDB9937255.1	QIZ20334.1	96.448	366	13	0	1	366	1	366	0.0	704
MDB9937256.1	QIZ20333.1	84.264	197	31	0	1	197	1	197	1.17e-121	338
MDB9937258.1	QIZ20332.1	96.053	152	6	0	1	152	1	152	4.72e-107	297
MDB9937259.1	QIZ20331.1	97.477	436	11	0	1	436	1	436	0.0	880
MDB9937260.1	QIZ20330.1	92.908	141	10	0	1	141	1	141	2.33e-96	270
MDB9937261.1	QIZ20329.1	92.019	213	17	0	1	213	1	213	8.27e-153	418
MDB9937262.1	QIZ20328.1	92.705	329	24	0	1	329	1	329	0.0	626
MDB9937263.1	QIZ20327.1	86.283	226	31	0	1	226	1	226	5.83e-136	377
MDB9937264.1	QIZ20326.1	85.909	220	31	0	1	220	1	220	3.86e-139	384
MDB9937265.1	QIZ20325.1	84.711	242	37	0	3	244	2	243	1.09e-152	420
MDB9937266.1	QIZ20324.1	77.344	128	29	0	1	128	1	128	1.64e-68	198
MDB9937267.1	QIZ20323.1	75.510	147	36	0	1	147	92	238	1.24e-68	203
MDB9937268.1	QIZ20323.1	84.337	83	13	0	1	83	1	83	8.29e-48	147
MDB9937269.1	QIZ20322.1	88.718	195	22	0	1	195	1	195	1.45e-119	332
MDB9937270.1	QIZ20321.1	94.530	585	32	0	1	585	1	585	0.0	1145
MDB9937271.1	QIZ20320.1	74.194	124	32	0	1	124	50	173	4.82e-64	188
MDB9937280.1	QIZ20851.1	30.631	333	190	10	6	326	2	305	6.05e-38	134
MDB9937282.1	QIZ20837.1	32.546	593	359	9	4	570	8	585	1.16e-75	247
MDB9937290.1	QIZ20719.1	93.884	327	20	0	1	327	1	327	0.0	574
MDB9937291.1	QIZ20720.1	95.074	203	10	0	1	203	1	203	1.59e-140	386
MDB9937292.1	QIZ20721.1	94.702	302	16	0	1	302	1	302	0.0	587
MDB9937293.1	QIZ20722.1	92.884	267	19	0	1	267	1	267	9.11e-176	481
MDB9937294.1	QIZ20723.1	90.698	215	20	0	1	215	1	215	3.24e-149	409
MDB9937295.1	QIZ20724.1	88.614	404	46	0	1	404	1	404	0.0	757
MDB9937296.1	QIZ20725.1	88.639	889	101	0	1	889	1	889	0.0	1630
MDB9937298.1	QIZ20726.1	94.226	381	22	0	1	381	1	381	0.0	732
MDB9937299.1	QIZ20727.1	63.889	432	155	1	1	431	1	432	0.0	518
MDB9937300.1	QIZ20728.1	89.610	308	32	0	1	308	1	308	0.0	548
MDB9937301.1	QIZ20729.1	94.167	120	7	0	1	120	1	120	1.61e-83	235
MDB9937302.1	QIZ20730.1	83.069	189	32	0	1	189	1	189	9.53e-116	322
MDB9937303.1	QIZ20731.1	96.947	131	4	0	1	131	1	131	3.53e-92	258
MDB9937304.1	QIZ20732.1	94.366	426	24	0	1	426	1	426	0.0	827
MDB9937305.1	QIZ21095.1	77.381	336	75	1	20	355	28	362	0.0	537
MDB9937306.1	QIZ20733.1	66.552	290	97	0	1	290	1	290	2.44e-141	395
MDB9937308.1	QIZ20929.1	76.879	173	40	0	2	174	67	239	6.10e-100	283
MDB9937309.1	QIZ20928.1	96.923	65	2	0	1	65	1	65	1.18e-42	128
MDB9937310.1	QIZ20927.1	97.838	185	4	0	1	185	1	185	2.97e-133	366
MDB9937311.1	QIZ20926.1	95.683	417	18	0	1	417	1	417	0.0	794
MDB9937312.1	QIZ20925.1	93.893	131	8	0	1	131	1	131	1.85e-87	246
MDB9937313.1	QIZ20924.1	96.729	428	14	0	1	428	1	428	0.0	827
MDB9937314.1	QIZ20923.1	100.000	71	0	0	1	71	1	71	2.42e-50	147
MDB9937315.1	QIZ20922.1	69.593	467	138	3	1	465	1	465	0.0	641
MDB9937316.1	QIZ20921.1	47.429	350	179	3	1	349	1	346	1.09e-112	327
MDB9937317.1	QIZ20920.1	52.402	229	108	1	1	229	1	228	3.35e-79	233
MDB9937319.1	QIZ20908.1	54.585	229	98	3	1	223	1	229	6.09e-79	233
MDB9937320.1	QIZ20898.1	36.059	477	294	7	3	475	4	473	1.37e-99	303
MDB9937321.1	QIZ20897.1	59.813	107	40	2	1	105	1	106	2.93e-43	132
MDB9937322.1	QIZ20896.1	49.296	426	208	6	1	422	1	422	5.10e-144	412
MDB9937323.1	QIZ20895.1	86.688	308	41	0	1	308	1	308	0.0	572
MDB9937324.1	QIZ20894.1	95.094	265	13	0	1	265	1	265	2.45e-170	467
MDB9937325.1	QIZ20893.1	95.366	410	19	0	1	410	1	410	0.0	810
MDB9937326.1	QIZ20892.1	90.909	209	19	0	1	209	1	209	5.14e-139	383
MDB9937327.1	QIZ20891.1	92.222	180	14	0	1	180	51	230	9.69e-121	336
MDB9937328.1	QIZ20609.1	96.691	272	9	0	1	272	1	272	0.0	540
MDB9937329.1	QIZ20608.1	94.946	277	14	0	1	277	1	277	0.0	521
MDB9937330.1	QIZ20607.1	99.074	108	1	0	13	120	1	108	3.17e-76	216
MDB9937331.1	QIZ20606.1	98.542	480	7	0	1	480	1	480	0.0	977
MDB9937332.1	QIZ20605.1	98.977	391	4	0	1	391	1	391	0.0	806
MDB9937333.1	QIZ20604.1	100.000	331	0	0	1	331	1	331	0.0	664
MDB9937334.1	QIZ20603.1	97.826	322	7	0	1	322	1	322	0.0	645
MDB9937335.1	QIZ20602.1	78.107	169	37	0	1	169	1	169	1.09e-86	247
MDB9937336.1	QIZ20601.1	96.273	483	18	0	1	483	1	483	0.0	849
MDB9937337.1	QIZ20600.1	96.371	248	9	0	1	248	1	248	1.05e-180	491
MDB9937338.1	QIZ20599.1	92.000	300	24	0	1	300	1	300	0.0	577
MDB9937339.1	QIZ20598.1	98.807	419	5	0	1	419	1	419	0.0	847
MDB9937340.1	QIZ20597.1	99.310	290	2	0	1	290	1	290	0.0	577
MDB9937341.1	QIZ20596.1	98.667	300	4	0	1	300	1	300	0.0	597
MDB9937342.1	QIZ20595.1	93.115	305	21	0	1	305	1	305	0.0	587
MDB9937343.1	QIZ21018.1	95.333	300	14	0	1	300	34	333	0.0	582
MDB9937344.1	QIZ21019.1	85.650	446	64	0	1	446	10	455	0.0	773
MDB9937345.1	QIZ21020.1	97.037	135	4	0	1	135	1	135	7.25e-94	263
MDB9937346.1	QIZ21021.1	81.250	128	24	0	1	128	1	128	5.96e-73	209
MDB9937347.1	QIZ21022.1	72.072	333	92	1	1	333	1	332	0.0	503
MDB9937349.1	QIZ21023.1	89.444	180	19	0	1	180	1	180	1.58e-117	326
MDB9937350.1	QIZ21024.1	87.988	333	40	0	1	333	1	333	0.0	608
MDB9937351.1	QIZ21025.1	91.929	508	41	0	1	508	1	508	0.0	902
MDB9937352.1	QIZ21026.1	95.122	328	16	0	1	328	434	761	0.0	619
MDB9937353.1	QIZ21027.1	90.355	197	19	0	1	197	1	197	3.34e-129	357
MDB9937354.1	QIZ21028.1	82.927	287	49	0	1	287	1	287	8.13e-168	462
MDB9937355.1	QIZ21029.1	79.061	277	58	0	1	277	1	277	6.96e-153	427
MDB9937356.1	QIZ20462.1	74.286	70	18	0	1	70	428	497	3.16e-31	108
MDB9937357.1	QIZ20461.1	86.200	471	65	0	1	471	1	471	0.0	774
MDB9937358.1	QIZ20460.1	83.957	187	30	0	1	187	1	187	1.57e-110	309
MDB9937359.1	QIZ20459.1	91.935	248	20	0	1	248	1	248	3.17e-150	414
MDB9937360.1	QIZ20458.1	98.004	551	11	0	1	551	1	551	0.0	1122
MDB9937361.1	QIZ20457.1	90.123	81	8	0	1	81	1	81	1.44e-42	129
MDB9937362.1	QIZ20456.1	91.892	444	36	0	1	444	1	444	0.0	841
MDB9937363.1	QIZ20455.1	86.341	410	56	0	1	410	1	410	0.0	674
MDB9937364.1	QIZ20454.1	82.895	228	39	0	1	228	1	228	2.29e-138	383
MDB9937365.1	QIZ20453.1	91.740	1138	94	0	1	1138	1	1138	0.0	2151
MDB9937367.1	QIZ20930.1	98.148	54	1	0	1	54	1	54	2.33e-32	101
MDB9937368.1	QIZ20931.1	94.737	114	6	0	1	114	1	114	7.57e-71	203
MDB9937369.1	QIZ20932.1	96.386	83	3	0	1	83	1	83	3.25e-56	163
MDB9937370.1	QIZ20933.1	93.548	558	36	0	1	558	1	558	0.0	1082
MDB9937371.1	QIZ20934.1	85.069	288	43	0	1	288	1	288	1.09e-173	477
MDB9937372.1	QIZ20935.1	97.309	223	6	0	1	223	1	223	3.71e-161	440
MDB9937373.1	QIZ20936.1	86.545	275	34	1	1	272	1	275	8.42e-180	491
MDB9937374.1	QIZ20937.1	96.094	384	15	0	1	384	1	384	0.0	750
MDB9937375.1	QIZ21069.1	70.968	62	18	0	1	62	1	62	2.05e-31	99.8
MDB9937376.1	QIZ20939.1	95.146	309	15	0	1	309	1	309	0.0	613
MDB9937377.1	QIZ20940.1	93.711	159	10	0	1	159	1	159	5.46e-112	310
MDB9937378.1	QIZ20941.1	82.114	246	44	0	1	246	1	246	1.03e-154	426
MDB9937379.1	QIZ20942.1	69.677	310	94	0	1	310	1	310	4.12e-162	449
MDB9937380.1	QIZ20943.1	87.791	172	21	0	1	172	1	172	2.91e-110	307
MDB9937381.1	QIZ20944.1	76.531	294	69	0	1	294	293	586	1.52e-151	432
MDB9937382.1	QIZ20469.1	92.640	394	29	0	2	395	50	443	0.0	766
MDB9937383.1	QIZ20468.1	85.147	680	100	1	1	680	1	679	0.0	1223
MDB9937384.1	QIZ20467.1	93.675	332	21	0	1	332	1	332	0.0	627
MDB9937385.1	QIZ20466.1	92.547	161	12	0	1	161	1	161	1.76e-113	314
MDB9937386.1	QIZ20465.1	88.095	210	25	0	1	210	1	210	6.90e-140	385
MDB9937387.1	QIZ20464.1	95.146	103	5	0	1	103	1	103	1.15e-54	161
MDB9937388.1	QIZ20463.1	86.970	637	83	0	1	637	1	637	0.0	1146
MDB9937389.1	QIZ20462.1	93.889	360	22	0	1	360	1	360	0.0	687
MDB9937390.1	QIZ20881.1	87.629	97	12	0	1	97	70	166	1.18e-61	181
MDB9937391.1	QIZ20882.1	85.093	322	48	0	1	322	1	322	0.0	578
MDB9937392.1	QIZ20883.1	89.163	203	22	0	1	203	1	203	2.18e-136	375
MDB9937393.1	QIZ20884.1	90.705	312	29	0	12	323	12	323	0.0	557
MDB9937394.1	QIZ20885.1	62.694	193	72	0	1	193	1	193	2.49e-84	243
MDB9937395.1	QIZ20886.1	89.535	258	27	0	1	258	1	258	1.88e-171	469
MDB9937396.1	QIZ20887.1	82.075	424	76	0	19	442	19	442	0.0	685
MDB9937397.1	QIZ20888.1	91.824	159	13	0	12	170	12	170	2.29e-100	284
MDB9937399.1	QIZ20889.1	93.403	576	38	0	1	576	1	576	0.0	1099
MDB9937400.1	QIZ20890.1	86.905	84	11	0	1	84	1	84	5.94e-51	150
MDB9937401.1	QIZ20508.1	96.310	786	29	0	1	786	76	861	0.0	1495
MDB9937402.1	QIZ20510.1	92.396	434	33	0	1	434	1	434	0.0	828
MDB9937403.1	QIZ20511.1	98.485	594	9	0	1	594	1	594	0.0	1212
MDB9937404.1	QIZ20512.1	98.936	94	1	0	1	94	1	94	4.76e-64	184
MDB9937405.1	QIZ20513.1	98.969	388	4	0	1	388	1	388	0.0	799
MDB9937406.1	QIZ20514.1	68.910	312	96	1	1	311	1	312	1.61e-146	412
MDB9937407.1	QIZ21248.1	71.788	397	112	0	1	397	1	397	0.0	546
MDB9937408.1	QIZ21249.1	83.045	578	98	0	1	578	1	578	0.0	986
MDB9937409.1	QIZ21250.1	87.063	286	37	0	1	286	1	286	0.0	495
MDB9937410.1	QIZ21251.1	91.791	134	11	0	1	134	1	134	1.29e-93	262
MDB9937411.1	QIZ21252.1	95.988	324	13	0	1	324	1	324	0.0	635
MDB9937412.1	QIZ21253.1	88.530	279	32	0	1	279	1	279	0.0	513
MDB9937414.1	QIZ21254.1	87.179	78	10	0	1	78	1	78	2.34e-50	148
MDB9937415.1	QIZ21255.1	93.277	119	8	0	1	119	1	119	7.31e-80	226
MDB9937416.1	QIZ21256.1	93.878	196	12	0	1	196	25	220	6.62e-126	350
MDB9937418.1	QIZ20958.1	31.878	229	131	5	6	231	19	225	4.25e-30	107
MDB9937419.1	QIZ20357.1	91.034	145	13	0	1	145	1	145	5.66e-99	276
MDB9937420.1	QIZ20356.1	94.565	92	5	0	1	92	4	95	1.92e-60	175
MDB9937421.1	QIZ20355.1	97.518	282	7	0	1	282	1	282	0.0	552
MDB9937422.1	QIZ20354.1	94.333	300	17	0	1	300	1	300	0.0	559
MDB9937423.1	QIZ20353.1	95.674	393	17	0	1	393	38	430	0.0	722
MDB9937433.1	QIZ20640.1	93.431	137	9	0	1	137	10	146	1.04e-93	263
MDB9937434.1	QIZ20641.1	87.943	141	17	0	1	141	1	141	1.65e-85	242
MDB9937435.1	QIZ20642.1	96.404	445	16	0	1	445	1	445	0.0	897
MDB9937436.1	QIZ20643.1	70.370	135	37	1	1	135	1	132	1.43e-61	181
MDB9937437.1	QIZ20644.1	82.353	119	21	0	1	119	1	119	1.14e-70	203
MDB9937438.1	QIZ20645.1	94.505	273	15	0	1	273	1	273	0.0	532
MDB9937439.1	QIZ20646.1	91.414	594	51	0	1	594	1	594	0.0	1126
MDB9937440.1	QIZ20647.1	87.727	220	27	0	1	220	5	224	2.33e-128	357
MDB9937441.1	QIZ20648.1	54.545	77	35	0	1	77	283	359	5.65e-22	82.4
MDB9937442.1	QIZ21031.1	78.431	51	10	1	1	50	161	211	1.61e-22	80.5
MDB9937443.1	QIZ21032.1	95.548	629	27	1	1	629	1	628	0.0	1210
MDB9937444.1	QIZ21033.1	92.513	374	26	2	1	373	1	373	0.0	683
MDB9937445.1	QIZ21034.1	84.109	258	41	0	1	258	1	258	2.15e-158	436
MDB9937446.1	QIZ21035.1	85.500	200	29	0	18	217	18	217	1.13e-132	367
MDB9937447.1	QIZ21036.1	76.699	309	72	0	1	309	1	309	2.25e-175	483
MDB9937448.1	QIZ21037.1	73.276	116	31	0	1	116	78	193	6.02e-54	163
MDB9937449.1	QIZ20487.1	32.530	249	165	2	66	312	64	311	2.13e-36	131
MDB9937451.1	QIZ21482.1	92.063	63	5	0	1	63	1	63	3.43e-39	119
MDB9937452.1	QIZ21481.1	92.690	342	25	0	1	342	1	342	0.0	639
MDB9937453.1	QIZ21480.1	91.461	445	38	0	1	445	1	445	0.0	863
MDB9937454.1	QIZ21009.1	86.992	123	16	0	1	123	1	123	6.04e-80	227
MDB9937455.1	QIZ21479.1	91.353	266	23	0	1	266	452	717	7.70e-176	498
MDB9937455.1	QIZ21479.1	27.500	240	170	2	28	264	153	391	4.20e-27	105
MDB9937456.1	QIZ20351.1	87.906	339	41	0	1	339	1	339	0.0	608
MDB9937457.1	QIZ20350.1	91.946	149	9	1	1	146	1	149	3.34e-100	280
MDB9937458.1	QIZ20349.1	92.810	153	11	0	1	153	1	153	2.53e-106	296
MDB9937459.1	QIZ20348.1	86.636	434	58	0	1	434	1	434	0.0	776
MDB9937460.1	QIZ20347.1	77.381	336	76	0	1	336	1	336	1.81e-177	491
MDB9937462.1	QIZ21079.1	86.139	505	70	0	7	511	14	518	0.0	872
MDB9937464.1	QIZ21078.1	77.934	213	47	0	1	213	1	213	1.34e-120	337
MDB9937465.1	QIZ21077.1	71.930	171	48	0	1	171	207	377	1.10e-85	252
MDB9937466.1	QIZ20653.1	63.529	255	93	0	1	255	1	255	4.15e-117	336
MDB9937467.1	QIZ20652.1	86.392	485	66	0	1	485	1	485	0.0	859
MDB9937468.1	QIZ20651.1	90.441	136	13	0	1	136	1	136	2.73e-80	228
MDB9937469.1	QIZ20650.1	73.958	192	50	0	1	192	1	192	2.31e-96	273
MDB9937470.1	QIZ20649.1	87.683	341	42	0	1	341	1	341	0.0	572
MDB9937471.1	QIZ20648.1	73.469	98	26	0	1	98	39	136	1.35e-45	145
MDB9937472.1	QIZ21082.1	87.375	602	76	0	1	602	1	602	0.0	1026
MDB9937473.1	QIZ21083.1	70.115	87	25	1	1	87	1	86	1.43e-40	124
MDB9937474.1	QIZ21084.1	62.927	205	76	0	1	205	1	205	6.45e-92	263
MDB9937475.1	QIZ21085.1	93.043	575	40	0	1	575	106	680	0.0	1116
MDB9937476.1	QIZ20980.1	82.623	305	47	3	1	300	1	304	2.35e-162	449
MDB9937477.1	QIZ20979.1	94.444	108	6	0	1	108	1	108	6.55e-72	205
MDB9937478.1	QIZ20978.1	69.014	142	43	1	1	142	1	141	3.64e-64	188
MDB9937479.1	QIZ20977.1	89.487	799	84	0	1	799	3	801	0.0	1474
MDB9937480.1	QIZ20632.1	89.908	109	11	0	1	109	1	109	2.48e-69	200
MDB9937481.1	QIZ20633.1	98.624	218	3	0	1	218	1	218	3.37e-165	450
MDB9937482.1	QIZ20634.1	53.398	412	154	6	1	411	1	375	5.34e-145	413
MDB9937483.1	QIZ20635.1	81.373	408	76	0	1	408	1	408	0.0	677
MDB9937484.1	QIZ20636.1	77.733	247	55	0	1	247	484	730	5.07e-131	382
MDB9937485.1	QIZ21359.1	94.197	517	30	0	1	517	558	1074	0.0	1009
MDB9937485.1	QIZ21359.1	31.738	397	248	7	2	379	8	400	1.43e-56	199
MDB9937487.1	QIZ21358.1	96.011	351	14	0	1	351	1	351	0.0	675
MDB9937488.1	QIZ21319.1	74.886	219	55	0	1	219	1	219	2.00e-126	352
MDB9937489.1	QIZ21318.1	58.228	79	33	0	1	79	234	312	6.40e-28	98.2
MDB9937490.1	QIZ20591.1	94.203	276	16	0	1	276	1	276	0.0	540
MDB9937491.1	QIZ20592.1	95.142	247	12	0	1	247	1	247	1.45e-179	488
MDB9937492.1	QIZ20593.1	96.447	591	21	0	1	591	1	591	0.0	1190
MDB9937493.1	QIZ20594.1	89.498	219	23	0	1	219	35	253	2.35e-153	421
MDB9937495.1	QIZ20637.1	90.909	528	44	2	1	524	1	528	0.0	922
MDB9937496.1	QIZ20624.1	97.959	441	9	0	1	441	28	468	0.0	905
MDB9937498.1	QIZ20625.1	95.455	110	5	0	1	110	1	110	1.28e-75	214
MDB9937499.1	QIZ20626.1	95.918	98	4	0	1	98	1	98	2.26e-66	190
MDB9937500.1	QIZ20627.1	96.154	156	6	0	1	156	1	156	1.18e-113	314
MDB9937501.1	QIZ20628.1	96.237	372	14	0	1	372	35	406	0.0	746
MDB9937502.1	QIZ20517.1	96.552	116	4	0	1	116	1	116	1.88e-81	230
MDB9937503.1	QIZ20518.1	99.677	619	2	0	1	619	1	619	0.0	1299
MDB9937504.1	QIZ20519.1	98.718	156	2	0	1	156	1	156	3.30e-118	326
MDB9937505.1	QIZ20520.1	80.242	248	47	1	1	248	19	264	2.58e-151	418
MDB9937507.1	QIZ20796.1	64.746	295	104	0	348	642	3	297	1.67e-128	377
MDB9937509.1	QIZ21042.1	68.421	152	46	2	1	152	29	178	4.48e-71	208
MDB9937510.1	QIZ21043.1	81.280	844	158	0	1	844	1	844	0.0	1436
MDB9937511.1	QIZ21044.1	58.654	104	43	0	15	118	17	120	1.29e-37	120
MDB9937512.1	QIZ20576.1	97.959	98	2	0	1	98	1	98	2.31e-66	190
MDB9937513.1	QIZ20577.1	100.000	106	0	0	1	106	1	106	3.45e-76	216
MDB9937514.1	QIZ20578.1	98.529	68	1	0	1	68	1	68	2.39e-45	135
MDB9937515.1	QIZ20579.1	96.364	110	4	0	1	110	1	110	2.23e-70	201
MDB9937516.1	QIZ20581.1	70.667	75	22	0	1	75	1	75	9.37e-35	108
MDB9937517.1	QIZ20582.1	99.099	111	1	0	1	111	1	111	8.19e-75	213
MDB9937518.1	QIZ20583.1	93.860	114	7	0	1	114	1	114	1.00e-77	220
MDB9937519.1	QIZ20584.1	89.394	132	14	0	1	132	55	186	1.17e-86	246
MDB9937521.1	QIZ20526.1	92.327	391	30	0	1	391	1	391	0.0	753
MDB9937522.1	QIZ20525.1	63.210	405	149	0	1	405	1	405	5.61e-178	498
MDB9937523.1	QIZ21088.1	92.000	275	22	0	1	275	1	275	0.0	518
MDB9937524.1	QIZ21089.1	87.622	307	38	0	1	307	1	307	0.0	538
MDB9937525.1	QIZ21090.1	84.574	188	29	0	1	188	1	188	1.50e-118	331
MDB9937526.1	QIZ21041.1	39.823	339	183	8	1	328	1	329	3.89e-61	194
MDB9937527.1	QIZ21040.1	66.286	175	59	0	1	175	1	175	4.76e-79	229
MDB9937528.1	QIZ21039.1	65.138	218	73	1	1	218	1	215	6.99e-106	300
MDB9937529.1	QIZ21038.1	70.000	130	39	0	1	130	33	162	9.42e-62	182
MDB9937530.1	QIZ21094.1	91.212	330	29	0	1	330	21	350	0.0	632
MDB9937531.1	QIZ21093.1	98.221	281	5	0	1	281	1	281	0.0	556
MDB9937532.1	QIZ21092.1	88.542	96	11	0	1	96	1	96	3.64e-59	172
MDB9937533.1	QIZ21091.1	90.083	121	12	0	1	121	241	361	1.02e-75	224
MDB9937534.1	QIZ21096.1	97.778	135	3	0	1	135	102	236	1.46e-93	266
MDB9937537.1	QIZ21239.1	93.514	740	48	0	1	740	1	740	0.0	1423
MDB9937538.1	QIZ21246.1	82.883	111	19	0	1	111	176	286	1.03e-66	198
MDB9937539.1	QIZ21245.1	88.525	61	7	0	1	61	1	61	4.61e-38	116
MDB9937540.1	QIZ21244.1	81.199	367	69	0	1	367	1	367	0.0	626
MDB9937541.1	QIZ21244.1	67.742	62	20	0	6	67	360	421	1.07e-21	81.6
MDB9937542.1	QIZ21243.1	77.941	136	30	0	1	136	1	136	6.92e-67	196
MDB9937543.1	QIZ20587.1	97.021	235	7	0	1	235	1	235	2.62e-159	436
MDB9937544.1	QIZ20586.1	100.000	193	0	0	1	193	1	193	1.34e-142	390
MDB9937545.1	QIZ20585.1	93.033	244	17	0	1	244	1	244	4.56e-170	465
MDB9937547.1	QIZ20661.1	38.956	249	136	7	5	247	6	244	3.94e-42	140
MDB9937548.1	QIZ20491.1	30.909	330	224	3	48	373	148	477	3.90e-52	177
