MDC0561929.1	QIZ20200.1	97.238	181	5	0	1	181	201	381	4.63e-129	363
MDC0561930.1	QIZ20199.1	92.000	175	14	0	1	175	1	175	9.63e-115	318
MDC0561931.1	QIZ20198.1	91.294	402	35	0	1	402	1	402	0.0	654
MDC0561932.1	QIZ20197.1	90.559	286	27	0	3	288	4	289	0.0	541
MDC0561933.1	QIZ20196.1	93.970	199	12	0	1	199	1	199	3.39e-143	392
MDC0561934.1	QIZ20192.1	95.808	167	7	0	1	167	1	167	4.96e-119	329
MDC0561935.1	QIZ20191.1	90.761	184	17	0	1	184	1	184	2.90e-127	351
MDC0561936.1	QIZ20190.1	95.556	360	16	0	1	360	1	360	0.0	707
MDC0561937.1	QIZ20189.1	97.800	500	11	0	1	500	1	500	0.0	972
MDC0561938.1	QIZ20188.1	98.718	156	2	0	1	156	1	156	9.53e-110	305
MDC0561939.1	QIZ20187.1	97.853	326	7	0	1	326	1	326	0.0	648
MDC0561940.1	QIZ20185.1	77.247	356	81	0	3	358	2	357	3.78e-178	494
MDC0561941.1	QIZ20184.1	90.323	310	30	0	1	310	1	310	0.0	555
MDC0561942.1	QIZ20183.1	96.124	129	5	0	1	129	1	129	1.46e-86	244
MDC0561943.1	QIZ20182.1	98.661	224	3	0	1	224	1	224	3.96e-161	440
MDC0561944.1	QIZ20181.1	98.696	230	3	0	1	230	1	230	5.31e-165	450
MDC0561945.1	QIZ20180.1	98.233	283	5	0	1	283	1	283	0.0	567
MDC0561946.1	QIZ21593.1	97.688	346	8	0	1	346	1	346	0.0	695
MDC0561947.1	QIZ21592.1	94.253	174	10	0	1	174	1	174	1.77e-121	335
MDC0561948.1	QIZ21591.1	96.571	175	6	0	1	175	1	175	4.46e-124	342
MDC0561949.1	QIZ21542.1	54.667	75	34	0	1	75	1	75	3.13e-25	85.1
MDC0561950.1	QIZ21541.1	93.612	814	52	0	1	814	1	814	0.0	1578
MDC0561952.1	QIZ21513.1	41.820	813	463	7	4	809	1	810	0.0	641
MDC0561953.1	QIZ21540.1	85.714	147	21	0	1	147	1	147	2.10e-93	263
MDC0561954.1	QIZ21539.1	79.444	180	37	0	1	180	1	180	4.71e-92	262
MDC0561956.1	QIZ21538.1	85.232	237	35	0	1	237	1	237	3.52e-140	388
MDC0561957.1	QIZ21537.1	92.744	317	23	0	1	317	1	317	0.0	563
MDC0561959.1	QIZ21536.1	71.111	225	65	0	1	225	1	225	2.05e-122	347
MDC0561963.1	QIZ21534.1	49.038	104	52	1	18	121	18	120	1.72e-32	106
MDC0561964.1	QIZ21214.1	27.622	286	194	4	8	290	5	280	4.50e-28	105
MDC0561965.1	QIZ21533.1	78.431	102	22	0	1	102	1	102	4.88e-57	167
MDC0561966.1	QIZ21532.1	88.793	232	26	0	1	232	1	232	3.94e-136	377
MDC0561967.1	QIZ21531.1	88.920	352	39	0	1	352	1	352	0.0	610
MDC0561968.1	QIZ21530.1	84.171	537	80	2	3	538	4	536	0.0	867
MDC0561969.1	QIZ21527.1	75.811	339	82	0	1	339	1	339	0.0	557
MDC0561970.1	QIZ21526.1	87.952	83	10	0	15	97	15	97	5.64e-52	154
MDC0561971.1	QIZ21524.1	86.364	66	9	0	3	68	411	476	1.54e-38	128
MDC0561972.1	QIZ21523.1	97.627	295	7	0	1	295	1	295	0.0	597
MDC0561973.1	QIZ21522.1	72.973	333	90	0	1	333	1	333	0.0	525
MDC0561974.1	QIZ21521.1	88.119	202	24	0	1	202	1	202	2.85e-140	385
MDC0561975.1	QIZ21520.1	96.774	155	5	0	1	155	1	155	4.69e-114	315
MDC0561976.1	QIZ21519.1	99.194	124	1	0	1	124	1	124	7.80e-92	256
MDC0561977.1	QIZ21344.1	63.121	282	104	0	1	282	1	282	3.87e-127	359
MDC0561978.1	QIZ21516.1	96.846	539	17	0	1	539	1	539	0.0	1090
MDC0561979.1	QIZ21515.1	89.590	317	33	0	1	317	1	317	0.0	597
MDC0561980.1	QIZ21514.1	87.952	249	30	0	1	249	1	249	2.84e-163	447
MDC0561981.1	QIZ21513.1	94.568	810	44	0	1	810	1	810	0.0	1582
MDC0561982.1	QIZ21512.1	66.867	166	55	0	1	166	1	166	7.22e-77	222
MDC0561983.1	QIZ21511.1	86.243	189	26	0	1	189	1	189	5.13e-125	346
MDC0561987.1	QIZ21510.1	51.128	133	65	0	1	133	6	138	3.05e-45	140
MDC0561988.1	QIZ21509.1	95.785	261	11	0	1	261	1	261	0.0	508
MDC0561989.1	QIZ21508.1	97.581	124	3	0	1	124	1	124	1.96e-91	256
MDC0561990.1	QIZ21507.1	73.881	134	35	0	1	134	1	134	2.64e-73	211
MDC0561991.1	QIZ21506.1	75.194	387	96	0	10	396	10	396	0.0	646
MDC0561992.1	QIZ21505.1	99.174	242	2	0	1	242	1	242	7.74e-180	489
MDC0561993.1	QIZ21504.1	97.566	452	11	0	1	452	1	452	0.0	922
MDC0561994.1	QIZ21503.1	97.790	181	4	0	1	181	1	181	1.82e-125	346
MDC0561996.1	QIZ21502.1	96.552	203	7	0	1	203	1	203	1.02e-142	392
MDC0561997.1	QIZ21501.1	96.727	550	18	0	1	550	1	550	0.0	1099
MDC0561998.1	QIZ21500.1	96.904	323	10	0	1	323	1	323	0.0	652
MDC0561999.1	QIZ21499.1	94.479	163	9	0	1	163	1	163	3.43e-111	309
MDC0562000.1	QIZ21498.1	93.678	348	22	0	1	348	1	348	0.0	643
MDC0562001.1	QIZ21497.1	96.129	155	6	0	1	155	1	155	2.40e-109	303
MDC0562002.1	QIZ21496.1	100.000	68	0	0	1	68	1	68	2.29e-47	140
MDC0562003.1	QIZ21495.1	90.873	252	23	0	1	252	1	252	2.85e-176	481
MDC0562004.1	QIZ21494.1	78.261	115	25	0	1	115	1	115	5.46e-68	196
MDC0562005.1	QIZ21493.1	82.258	248	44	0	1	248	1	248	8.93e-144	398
MDC0562006.1	QIZ21492.1	56.164	146	64	0	1	146	1	146	4.52e-57	171
MDC0562007.1	QIZ21491.1	81.553	103	19	0	1	103	1	103	2.11e-46	140
MDC0562008.1	QIZ21490.1	94.700	283	15	0	1	283	1	283	0.0	532
MDC0562009.1	QIZ21489.1	87.179	195	25	0	1	195	1	195	4.97e-127	351
MDC0562010.1	QIZ21488.1	96.593	998	34	0	1	998	1	998	0.0	2006
MDC0562011.1	QIZ21487.1	97.727	88	2	0	1	88	1	88	1.06e-64	185
MDC0562012.1	QIZ21486.1	97.129	418	12	0	1	418	1	418	0.0	852
MDC0562013.1	QIZ21485.1	99.109	561	5	0	1	561	1	561	0.0	1142
MDC0562014.1	QIZ21484.1	91.635	263	22	0	1	263	1	263	0.0	496
MDC0562015.1	QIZ21483.1	89.119	386	42	0	3	388	2	387	0.0	713
MDC0562016.1	QIZ20491.1	28.125	416	290	6	27	435	64	477	2.01e-52	180
MDC0562017.1	QIZ20661.1	38.554	249	137	7	5	247	6	244	1.24e-41	138
MDC0562019.1	QIZ20203.1	29.493	434	299	6	11	441	6	435	1.45e-62	204
MDC0562021.1	QIZ21482.1	96.825	63	2	0	1	63	1	63	9.88e-41	123
MDC0562022.1	QIZ21481.1	94.444	342	19	0	1	342	1	342	0.0	649
MDC0562023.1	QIZ21480.1	93.454	443	29	0	1	443	1	443	0.0	875
MDC0562024.1	QIZ21479.1	89.958	717	72	0	1	717	1	717	0.0	1299
MDC0562025.1	QIZ21478.1	88.824	340	38	0	1	340	1	340	0.0	618
MDC0562026.1	QIZ21477.1	72.159	176	49	0	3	178	8	183	8.33e-80	231
MDC0562027.1	QIZ21476.1	77.600	125	27	1	1	125	1	124	7.46e-68	196
MDC0562028.1	QIZ21475.1	68.707	147	46	0	7	153	1	147	9.45e-67	196
MDC0562029.1	QIZ21474.1	95.541	314	14	0	1	314	1	314	0.0	624
MDC0562030.1	QIZ21473.1	93.290	775	52	0	1	775	1	775	0.0	1519
MDC0562031.1	QIZ21472.1	83.333	114	19	0	3	116	2	115	4.88e-67	193
MDC0562032.1	QIZ21471.1	87.557	442	55	0	1	442	1	442	0.0	823
MDC0562033.1	QIZ21470.1	97.751	489	11	0	1	489	1	489	0.0	1013
MDC0562034.1	QIZ21469.1	96.815	314	10	0	1	314	1	314	0.0	627
MDC0562035.1	QIZ21468.1	98.239	284	5	0	1	284	1	284	0.0	571
MDC0562036.1	QIZ21467.1	98.523	474	7	0	1	474	1	474	0.0	972
MDC0562037.1	QIZ21466.1	96.992	133	4	0	1	133	1	133	1.80e-96	269
MDC0562038.1	QIZ21459.1	85.000	380	57	0	1	380	1	380	0.0	676
MDC0562039.1	QIZ21458.1	91.121	473	42	0	1	473	1	473	0.0	893
MDC0562040.1	QIZ21457.1	91.367	139	12	0	1	139	1	139	4.06e-95	266
MDC0562041.1	QIZ21456.1	88.352	352	41	0	1	352	1	352	0.0	593
MDC0562042.1	QIZ21455.1	93.571	140	9	0	1	140	1	140	2.96e-97	272
MDC0562043.1	QIZ21454.1	89.952	418	42	0	15	432	16	433	0.0	720
MDC0562044.1	QIZ21453.1	89.720	214	22	0	1	214	1	214	7.20e-115	322
MDC0562045.1	QIZ21452.1	97.075	889	26	0	1	889	1	889	0.0	1780
MDC0562046.1	QIZ21451.1	77.041	196	44	1	1	195	1	196	2.21e-99	281
MDC0562047.1	QIZ21450.1	89.381	113	12	0	1	113	1	113	2.55e-74	211
MDC0562048.1	QIZ21449.1	87.879	396	48	0	1	396	1	396	0.0	734
MDC0562049.1	QIZ21448.1	94.561	478	26	0	1	478	1	478	0.0	920
MDC0562050.1	QIZ21447.1	95.597	318	14	0	1	318	1	318	0.0	636
MDC0562051.1	QIZ21446.1	90.351	228	22	0	18	245	18	245	7.00e-153	421
MDC0562052.1	QIZ21445.1	93.458	214	14	0	1	214	1	214	4.55e-148	406
MDC0562053.1	QIZ21444.1	93.784	740	46	0	1	740	1	740	0.0	1428
MDC0562054.1	QIZ21443.1	96.479	284	10	0	1	284	1	284	0.0	555
MDC0562055.1	QIZ21442.1	85.060	415	62	0	1	415	1	415	0.0	727
MDC0562056.1	QIZ21441.1	95.845	361	15	0	13	373	13	373	0.0	712
MDC0562057.1	QIZ21440.1	97.238	362	10	0	1	362	1	362	0.0	728
MDC0562058.1	QIZ21439.1	81.186	388	73	0	1	388	1	388	0.0	677
MDC0562059.1	QIZ21438.1	84.490	245	38	0	1	245	1	245	4.90e-156	429
MDC0562060.1	QIZ21437.1	94.845	388	20	0	1	388	1	388	0.0	782
MDC0562061.1	QIZ21436.1	95.385	195	9	0	1	195	1	195	3.69e-139	382
MDC0562062.1	QIZ21435.1	78.764	259	55	0	1	259	1	259	1.31e-155	429
MDC0562063.1	QIZ21434.1	92.292	493	38	0	1	493	1	493	0.0	948
MDC0562064.1	QIZ21433.1	50.175	285	142	0	1	285	1	285	9.66e-98	285
MDC0562065.1	QIZ21432.1	94.458	397	19	1	1	394	1	397	0.0	726
MDC0562066.1	QIZ21431.1	85.771	253	36	0	1	253	1	253	1.25e-147	408
MDC0562067.1	QIZ21430.1	92.506	387	29	0	1	387	1	387	0.0	692
MDC0562068.1	QIZ21429.1	94.808	443	23	0	14	456	1	443	0.0	821
MDC0562069.1	QIZ21428.1	95.238	336	16	0	1	336	1	336	0.0	636
MDC0562070.1	QIZ21427.1	96.170	235	9	0	1	235	1	235	3.02e-168	459
MDC0562071.1	QIZ21426.1	95.076	264	13	0	1	264	1	264	0.0	506
MDC0562073.1	QIZ21425.1	86.469	303	41	0	1	303	1	303	0.0	537
MDC0562074.1	QIZ21424.1	89.623	106	11	0	1	106	1	106	4.21e-65	188
MDC0562075.1	QIZ21423.1	97.009	234	7	0	1	234	1	234	7.58e-170	463
MDC0562076.1	QIZ21422.1	95.019	261	13	0	1	261	1	261	0.0	506
MDC0562077.1	QIZ21421.1	96.748	246	8	0	1	246	1	246	8.88e-177	481
MDC0562078.1	QIZ21420.1	94.857	350	18	0	1	350	1	350	0.0	665
MDC0562079.1	QIZ21419.1	96.970	297	9	0	1	297	1	297	0.0	580
MDC0562080.1	QIZ21418.1	96.852	413	13	0	1	413	1	413	0.0	833
MDC0562081.1	QIZ21417.1	94.608	204	11	0	1	204	1	204	5.55e-123	342
MDC0562082.1	QIZ21416.1	95.918	98	4	0	1	98	1	98	1.89e-66	190
MDC0562083.1	QIZ21415.1	89.286	84	9	0	1	84	1	84	1.73e-55	162
MDC0562085.1	QIZ21414.1	96.748	123	4	0	1	123	1	123	6.32e-89	249
MDC0562086.1	QIZ21412.1	94.620	316	17	0	1	316	1	316	0.0	622
MDC0562087.1	QIZ21411.1	94.314	299	17	0	1	299	1	299	0.0	561
MDC0562088.1	QIZ21410.1	96.117	412	16	0	1	412	1	412	0.0	823
MDC0562089.1	QIZ21409.1	92.225	373	29	0	1	373	1	373	0.0	641
MDC0562090.1	QIZ21408.1	83.969	655	104	1	1	655	1	654	0.0	1144
MDC0562091.1	QIZ21407.1	67.089	158	52	0	14	171	15	172	1.28e-64	192
MDC0562092.1	QIZ21406.1	54.502	422	171	8	1	412	1	411	5.74e-144	412
MDC0562093.1	QIZ21405.1	97.681	345	8	0	1	345	1	345	0.0	679
MDC0562094.1	QIZ21404.1	95.192	520	25	0	1	520	1	520	0.0	1027
MDC0562095.1	QIZ21403.1	97.640	339	8	0	1	339	1	339	0.0	681
MDC0562096.1	QIZ21402.1	92.308	182	14	0	1	182	1	182	4.07e-122	338
MDC0562097.1	QIZ21401.1	92.177	588	46	0	1	588	1	588	0.0	1097
MDC0562098.1	QIZ21400.1	87.781	311	38	0	1	311	1	311	3.90e-177	489
MDC0562099.1	QIZ21399.1	90.446	471	44	1	1	470	1	471	0.0	843
MDC0562100.1	QIZ21398.1	95.082	61	3	0	1	61	1	61	2.17e-37	114
MDC0562101.1	QIZ21397.1	90.625	288	27	0	1	288	1	288	0.0	516
MDC0562102.1	QIZ21396.1	91.530	366	31	0	1	366	1	366	0.0	641
MDC0562103.1	QIZ21395.1	98.540	274	4	0	18	291	1	274	0.0	548
MDC0562104.1	QIZ21388.1	92.698	315	23	0	1	315	1	315	0.0	615
MDC0562106.1	QIZ21387.1	97.186	462	13	0	1	462	1	462	0.0	923
MDC0562107.1	QIZ21386.1	77.019	483	111	0	1	483	1	483	0.0	702
MDC0562108.1	QIZ21385.1	97.640	678	16	0	1	678	1	678	0.0	1357
MDC0562109.1	QIZ21384.1	91.667	564	47	0	1	564	1	564	0.0	1037
MDC0562110.1	QIZ21383.1	93.787	676	42	0	1	676	1	676	0.0	1280
MDC0562111.1	QIZ21382.1	95.094	265	13	0	18	282	18	282	0.0	506
MDC0562112.1	QIZ21381.1	93.464	306	20	0	1	306	1	306	0.0	560
MDC0562113.1	QIZ21380.1	90.786	369	34	0	1	369	1	369	0.0	662
MDC0562114.1	QIZ21379.1	86.222	225	31	0	1	225	1	225	1.72e-126	352
MDC0562115.1	QIZ21378.1	94.079	304	18	0	1	304	1	304	0.0	542
MDC0562116.1	QIZ21377.1	95.513	312	14	0	1	312	1	312	0.0	553
MDC0562117.1	QIZ21376.1	96.983	464	14	0	1	464	1	464	0.0	910
MDC0562118.1	QIZ21375.1	90.449	356	34	0	1	356	1	356	0.0	644
MDC0562119.1	QIZ21374.1	93.316	374	25	0	1	374	1	374	0.0	634
MDC0562120.1	QIZ21373.1	83.516	91	15	0	1	91	341	431	5.46e-48	153
MDC0562121.1	QIZ21097.1	98.347	121	2	0	1	121	1	121	7.21e-79	236
MDC0562122.1	QIZ21096.1	95.339	236	11	0	1	236	1	236	6.45e-168	458
MDC0562123.1	QIZ21095.1	92.837	363	26	0	1	363	1	363	0.0	664
MDC0562124.1	QIZ21094.1	92.000	350	28	0	1	350	1	350	0.0	674
MDC0562125.1	QIZ21093.1	98.221	281	5	0	1	281	1	281	0.0	553
MDC0562126.1	QIZ21092.1	97.917	96	2	0	1	96	1	96	2.42e-63	182
MDC0562127.1	QIZ21091.1	87.812	361	44	0	1	361	1	361	0.0	592
MDC0562128.1	QIZ21090.1	93.534	232	15	0	1	232	1	232	2.98e-162	443
MDC0562129.1	QIZ21089.1	94.463	307	17	0	1	307	1	307	0.0	583
MDC0562130.1	QIZ21088.1	97.199	357	10	0	1	357	1	357	0.0	707
MDC0562131.1	QIZ21086.1	93.431	137	9	0	1	137	1	137	4.17e-95	266
MDC0562132.1	QIZ21085.1	94.704	642	34	0	40	681	39	680	0.0	1267
MDC0562133.1	QIZ21084.1	57.073	205	88	0	4	208	3	207	5.58e-81	236
MDC0562134.1	QIZ21083.1	55.814	86	37	1	1	85	1	86	3.95e-31	100
MDC0562135.1	QIZ21082.1	72.059	612	159	5	1	611	2	602	0.0	837
MDC0562136.1	QIZ21081.1	68.224	107	34	0	7	113	9	115	5.55e-51	153
MDC0562137.1	QIZ21080.1	95.434	219	10	0	1	219	1	219	4.38e-151	414
MDC0562139.1	QIZ21079.1	95.446	505	23	0	7	511	14	518	0.0	950
MDC0562141.1	QIZ21078.1	92.488	213	16	0	1	213	1	213	1.15e-146	402
MDC0562142.1	QIZ21077.1	92.033	364	29	0	1	364	14	377	0.0	652
MDC0562143.1	QIZ21076.1	93.678	696	44	0	1	696	1	696	0.0	1244
MDC0562144.1	QIZ21075.1	86.957	184	24	0	1	184	1	184	1.17e-114	319
MDC0562145.1	QIZ21074.1	92.814	167	12	0	1	167	1	167	6.14e-115	318
MDC0562146.1	QIZ21073.1	91.667	120	10	0	1	120	1	120	1.12e-80	228
MDC0562147.1	QIZ21072.1	97.030	101	3	0	1	101	1	101	2.83e-67	193
MDC0562148.1	QIZ21071.1	96.813	251	8	0	1	251	1	251	0.0	498
MDC0562149.1	QIZ21070.1	92.887	239	17	0	1	239	1	239	1.24e-164	450
MDC0562150.1	QIZ21068.1	92.308	208	16	0	1	208	1	208	1.44e-141	389
MDC0562151.1	QIZ21067.1	100.000	196	0	0	1	196	1	196	4.14e-147	402
MDC0562152.1	QIZ21066.1	99.415	171	1	0	1	171	1	171	6.65e-123	339
MDC0562153.1	QIZ21065.1	98.681	455	6	0	1	455	1	455	0.0	897
MDC0562154.1	QIZ21064.1	89.017	173	19	0	1	173	1	173	4.28e-99	279
MDC0562155.1	QIZ21063.1	96.954	197	6	0	1	197	1	197	3.30e-139	382
MDC0562156.1	QIZ21062.1	97.143	140	4	0	1	140	1	140	4.14e-96	269
MDC0562157.1	QIZ21061.1	89.286	140	15	0	1	140	1	140	1.14e-91	258
MDC0562158.1	QIZ21060.1	93.274	223	15	0	1	223	1	223	8.90e-155	424
MDC0562159.1	QIZ21059.1	94.350	177	10	0	1	177	1	177	7.82e-117	325
MDC0562160.1	QIZ21058.1	91.321	265	23	0	1	265	1	265	5.55e-179	488
MDC0562161.1	QIZ21057.1	92.308	195	15	0	1	195	1	195	2.30e-131	362
MDC0562162.1	QIZ21056.1	92.701	274	20	0	1	274	1	274	0.0	525
MDC0562163.1	QIZ21055.1	87.387	333	42	0	1	333	1	333	0.0	609
MDC0562166.1	QIZ21052.1	99.526	422	2	0	1	422	1	422	0.0	847
MDC0562167.1	QIZ21051.1	38.078	541	320	7	13	543	12	547	7.92e-107	327
MDC0562168.1	QIZ21050.1	93.905	443	27	0	1	443	1	443	0.0	824
MDC0562169.1	QIZ21049.1	94.222	623	36	0	1	623	1	623	0.0	1193
MDC0562170.1	QIZ21048.1	84.038	213	34	0	1	213	1	213	8.41e-132	365
MDC0562171.1	QIZ21047.1	95.076	264	13	0	1	264	1	264	0.0	514
MDC0562172.1	QIZ21046.1	89.362	282	30	0	1	282	1	282	0.0	504
MDC0562173.1	QIZ21045.1	86.707	331	44	0	1	331	1	331	0.0	566
MDC0562174.1	QIZ21044.1	77.483	151	34	0	4	154	6	156	4.77e-74	214
MDC0562175.1	QIZ21043.1	92.062	844	67	0	1	844	1	844	0.0	1595
MDC0562176.1	QIZ21042.1	77.966	177	35	2	4	177	7	182	1.96e-97	276
MDC0562177.1	QIZ21041.1	56.798	331	136	4	1	326	1	329	1.22e-117	338
MDC0562178.1	QIZ21040.1	77.714	175	39	0	1	175	1	175	1.21e-95	271
MDC0562179.1	QIZ21039.1	80.093	216	43	0	1	216	1	216	5.84e-130	360
MDC0562180.1	QIZ21038.1	87.654	162	20	0	1	162	1	162	5.59e-100	280
MDC0562181.1	QIZ21037.1	82.902	193	33	0	1	193	1	193	1.73e-108	304
MDC0562182.1	QIZ21036.1	84.790	309	47	0	1	309	1	309	0.0	548
MDC0562183.1	QIZ21035.1	95.000	200	10	0	18	217	18	217	4.76e-146	401
MDC0562184.1	QIZ21034.1	93.798	258	16	0	1	258	1	258	1.07e-180	492
MDC0562185.1	QIZ21033.1	96.011	376	12	1	1	376	1	373	0.0	729
MDC0562186.1	QIZ21032.1	97.227	649	16	1	1	647	1	649	0.0	1257
MDC0562187.1	QIZ21031.1	90.521	211	20	0	1	211	1	211	1.61e-136	377
MDC0562188.1	QIZ21030.1	94.500	200	11	0	1	200	1	200	1.46e-128	355
MDC0562189.1	QIZ21029.1	88.773	383	43	0	1	383	1	383	0.0	667
MDC0562190.1	QIZ21028.1	91.986	287	23	0	1	287	1	287	0.0	508
MDC0562191.1	QIZ21027.1	96.954	197	6	0	1	197	1	197	5.24e-138	379
MDC0562192.1	QIZ21026.1	90.289	762	73	1	1	762	1	761	0.0	1397
MDC0562193.1	QIZ21025.1	82.874	508	87	0	1	508	1	508	0.0	826
MDC0562194.1	QIZ21024.1	85.586	333	48	0	1	333	1	333	0.0	585
MDC0562195.1	QIZ21023.1	94.444	180	10	0	1	180	1	180	1.81e-124	343
MDC0562197.1	QIZ21022.1	87.651	332	41	0	1	332	1	332	0.0	607
MDC0562198.1	QIZ21021.1	93.750	128	8	0	1	128	1	128	1.76e-86	243
MDC0562199.1	QIZ21020.1	96.296	135	5	0	1	135	1	135	1.91e-94	264
MDC0562200.1	QIZ20620.1	39.594	197	112	4	4	199	2	192	3.54e-45	144
MDC0562201.1	QIZ21019.1	93.187	455	31	0	6	460	1	455	0.0	843
MDC0562202.1	QIZ21018.1	98.198	333	6	0	1	333	1	333	0.0	661
MDC0562203.1	QIZ21017.1	91.503	153	13	0	1	153	1	153	1.60e-88	251
MDC0562204.1	QIZ21016.1	90.180	499	49	0	16	514	19	517	0.0	846
MDC0562205.1	QIZ21015.1	97.429	389	10	0	1	389	1	389	0.0	788
MDC0562206.1	QIZ21014.1	99.623	530	2	0	1	530	1	530	0.0	1057
MDC0562207.1	QIZ21013.1	97.286	737	16	2	1	734	1	736	0.0	1440
MDC0562208.1	QIZ21012.1	99.180	122	1	0	1	122	1	122	2.78e-86	243
MDC0562209.1	QIZ21011.1	100.000	82	0	0	1	82	1	82	9.37e-56	162
MDC0562210.1	QIZ21010.1	98.116	690	13	0	1	690	1	690	0.0	1377
MDC0562211.1	QIZ21009.1	92.063	126	10	0	1	126	1	126	1.32e-86	244
MDC0562212.1	QIZ21008.1	97.701	261	6	0	1	261	1	261	0.0	524
MDC0562213.1	QIZ21007.1	87.593	403	50	0	1	403	1	403	0.0	748
MDC0562214.1	QIZ21006.1	98.795	166	2	0	1	166	1	166	3.32e-121	334
MDC0562215.1	QIZ21005.1	77.612	134	30	0	1	134	1	134	4.01e-75	216
MDC0562217.1	QIZ20329.1	63.590	195	69	2	4	197	20	213	6.58e-94	268
MDC0562218.1	QIZ21001.1	90.541	148	14	0	1	148	1	148	4.43e-96	269
MDC0562219.1	QIZ21000.1	94.024	251	15	0	1	251	1	251	1.20e-171	469
MDC0562220.1	QIZ20999.1	94.483	145	8	0	1	145	1	145	1.55e-100	280
MDC0562221.1	QIZ20998.1	92.519	401	30	0	1	401	1	401	0.0	760
MDC0562222.1	QIZ20997.1	97.893	522	11	0	1	522	1	522	0.0	1034
MDC0562223.1	QIZ20996.1	95.726	234	10	0	1	234	1	234	4.94e-170	463
MDC0562224.1	QIZ20995.1	93.031	287	20	0	1	287	1	287	0.0	511
MDC0562225.1	QIZ20994.1	97.674	86	2	0	1	86	1	86	3.36e-54	159
MDC0562226.1	QIZ20993.1	97.447	470	12	0	1	470	1	470	0.0	927
MDC0562227.1	QIZ20992.1	98.378	370	6	0	1	370	1	370	0.0	728
MDC0562228.1	QIZ20991.1	91.845	233	19	0	1	233	1	233	5.14e-148	407
MDC0562229.1	QIZ20990.1	94.059	404	24	0	1	404	1	404	0.0	758
MDC0562230.1	QIZ20989.1	97.831	461	10	0	1	461	1	461	0.0	916
MDC0562231.1	QIZ20988.1	88.889	171	19	0	1	171	1	171	5.69e-111	309
MDC0562232.1	QIZ20987.1	95.522	67	3	0	1	67	1	67	4.49e-31	99.0
MDC0562233.1	QIZ20986.1	93.578	218	14	0	1	218	1	218	6.84e-155	424
MDC0562234.1	QIZ20985.1	97.872	188	4	0	1	188	1	188	4.03e-140	384
MDC0562235.1	QIZ20984.1	97.175	177	5	0	1	177	1	177	9.08e-124	342
MDC0562236.1	QIZ20983.1	91.824	159	13	0	1	159	1	159	4.64e-95	268
MDC0562237.1	QIZ20982.1	95.455	198	9	0	1	198	1	198	5.24e-137	377
MDC0562238.1	QIZ20981.1	95.893	487	20	0	1	487	1	487	0.0	916
MDC0562239.1	QIZ20532.1	86.979	192	25	0	1	192	1	192	6.03e-125	346
MDC0562240.1	QIZ20531.1	94.904	157	8	0	1	157	1	157	2.60e-106	296
MDC0562241.1	QIZ20530.1	98.913	184	2	0	1	184	1	184	7.56e-132	363
MDC0562243.1	QIZ20529.1	96.875	256	8	0	1	256	1	256	0.0	505
MDC0562244.1	QIZ20528.1	100.000	68	0	0	1	68	1	68	1.86e-44	132
MDC0562245.1	QIZ20527.1	96.496	371	13	0	1	371	1	371	0.0	731
MDC0562246.1	QIZ20526.1	97.442	391	10	0	1	391	1	391	0.0	783
MDC0562247.1	QIZ20525.1	96.059	406	16	0	1	406	1	406	0.0	751
MDC0562248.1	QIZ20523.1	95.000	60	3	0	1	60	1	60	2.45e-38	121
MDC0562249.1	QIZ20523.1	96.364	110	4	0	26	135	76	185	1.27e-75	218
MDC0562250.1	QIZ20522.1	90.234	256	25	0	1	256	1	256	7.59e-166	454
MDC0562251.1	QIZ20521.1	89.394	132	14	0	13	144	1	132	3.13e-89	251
MDC0562252.1	QIZ20520.1	92.424	264	20	0	1	264	1	264	0.0	514
MDC0562253.1	QIZ20519.1	98.077	156	3	0	1	156	1	156	2.16e-117	324
MDC0562254.1	QIZ20518.1	99.354	619	4	0	1	619	1	619	0.0	1298
MDC0562255.1	QIZ20517.1	96.552	116	4	0	1	116	1	116	1.88e-81	230
MDC0562257.1	QIZ20516.1	95.265	359	17	0	1	359	1	359	0.0	627
MDC0562258.1	QIZ20514.1	65.922	358	120	1	1	356	1	358	8.92e-162	452
MDC0562259.1	QIZ20513.1	95.103	388	19	0	1	388	1	388	0.0	775
MDC0562260.1	QIZ20512.1	97.872	94	2	0	1	94	1	94	1.96e-63	182
MDC0562261.1	QIZ20511.1	98.816	591	7	0	1	591	4	594	0.0	1212
MDC0562262.1	QIZ20510.1	89.862	434	44	0	1	434	1	434	0.0	815
MDC0562263.1	QIZ20508.1	95.740	845	36	0	1	845	17	861	0.0	1535
MDC0562264.1	QIZ20507.1	99.548	221	1	0	1	221	1	221	9.23e-161	439
MDC0562265.1	QIZ20506.1	89.216	204	22	0	1	204	1	204	1.09e-132	366
MDC0562267.1	QIZ20500.1	95.300	383	18	0	1	383	1	383	0.0	771
MDC0562268.1	QIZ20499.1	93.023	258	18	0	1	258	1	258	4.14e-173	473
MDC0562269.1	QIZ20498.1	93.985	266	16	0	1	266	1	266	3.01e-167	459
MDC0562270.1	QIZ20497.1	96.825	252	8	0	1	252	1	252	0.0	496
MDC0562271.1	QIZ20496.1	98.469	196	3	0	1	196	1	196	2.31e-135	372
MDC0562272.1	QIZ20495.1	94.915	531	27	0	1	531	1	531	0.0	1066
MDC0562273.1	QIZ20489.1	62.637	364	135	1	1	364	1	363	1.14e-168	471
MDC0562274.1	QIZ20488.1	55.825	206	77	2	19	211	15	219	9.20e-71	211
MDC0562275.1	QIZ20487.1	77.904	439	97	0	4	442	2	440	0.0	664
MDC0562276.1	QIZ20485.1	70.515	485	143	0	1	485	1	485	0.0	677
MDC0562277.1	QIZ20484.1	87.097	248	32	0	1	248	1	248	9.91e-165	451
MDC0562278.1	QIZ20483.1	77.103	214	48	1	1	213	2	215	1.11e-114	322
MDC0562280.1	QIZ20482.1	77.857	140	31	0	1	140	1	140	1.45e-81	232
MDC0562281.1	QIZ20481.1	74.661	221	56	0	1	221	1	221	2.94e-122	342
MDC0562282.1	QIZ20480.1	65.294	170	59	0	13	182	13	182	1.32e-79	231
MDC0562286.1	QIZ20479.1	79.545	44	9	0	4	47	37	80	1.42e-21	74.7
MDC0562288.1	QIZ20478.1	90.408	490	30	2	1	477	1	486	0.0	855
MDC0562289.1	QIZ20477.1	96.059	203	8	0	1	203	1	203	4.04e-149	408
MDC0562290.1	QIZ20476.1	99.289	422	3	0	1	422	1	422	0.0	860
MDC0562291.1	QIZ20475.1	98.111	794	15	0	1	794	1	794	0.0	1578
MDC0562292.1	QIZ20474.1	98.361	122	2	0	1	122	1	122	2.15e-84	238
MDC0562293.1	QIZ20473.1	98.266	173	3	0	1	173	1	173	2.57e-131	360
MDC0562294.1	QIZ20472.1	96.535	202	7	0	1	202	1	202	1.53e-146	401
MDC0562295.1	QIZ20471.1	99.233	391	3	0	1	391	1	391	0.0	804
MDC0562296.1	QIZ20470.1	94.059	202	12	0	1	202	1	202	1.65e-146	401
MDC0562297.1	QIZ20469.1	97.065	443	13	0	1	443	1	443	0.0	894
MDC0562298.1	QIZ20468.1	95.582	679	30	0	1	679	1	679	0.0	1355
MDC0562299.1	QIZ20467.1	96.386	332	12	0	1	332	1	332	0.0	640
MDC0562300.1	QIZ20466.1	98.758	161	2	0	1	161	1	161	1.81e-120	332
MDC0562301.1	QIZ20465.1	95.238	210	10	0	1	210	1	210	6.55e-148	405
MDC0562302.1	QIZ20464.1	92.233	103	8	0	1	103	1	103	1.30e-51	153
MDC0562303.1	QIZ20463.1	94.035	637	38	0	1	637	1	637	0.0	1216
MDC0562304.1	QIZ20462.1	94.366	497	28	0	1	497	1	497	0.0	955
MDC0562305.1	QIZ20461.1	96.603	471	16	0	1	471	1	471	0.0	899
MDC0562306.1	QIZ20460.1	87.701	187	23	0	1	187	1	187	7.03e-116	322
MDC0562307.1	QIZ20459.1	90.323	248	24	0	1	248	1	248	6.75e-149	411
MDC0562308.1	QIZ20458.1	96.552	551	19	0	1	551	1	551	0.0	1107
MDC0562309.1	QIZ20457.1	95.062	81	4	0	1	81	1	81	2.32e-45	136
MDC0562310.1	QIZ20456.1	95.946	444	18	0	1	444	1	444	0.0	872
MDC0562311.1	QIZ20455.1	93.659	410	26	0	1	410	1	410	0.0	718
MDC0562312.1	QIZ20454.1	90.789	228	21	0	1	228	1	228	1.63e-149	411
MDC0562313.1	QIZ20453.1	95.518	1138	51	0	1	1138	1	1138	0.0	2221
MDC0562315.1	QIZ20452.1	92.933	283	20	0	1	283	1	283	0.0	525
MDC0562316.1	QIZ20451.1	94.220	173	10	0	1	173	11	183	9.19e-118	327
MDC0562317.1	QIZ20450.1	86.667	225	30	0	1	225	1	225	1.72e-129	360
MDC0562318.1	QIZ20449.1	85.909	220	31	0	1	220	1	220	1.96e-119	334
MDC0562319.1	QIZ20448.1	87.113	388	50	0	1	388	1	388	0.0	666
MDC0562321.1	QIZ20447.1	69.767	172	52	0	1	172	1	172	1.85e-66	196
MDC0562322.1	QIZ20446.1	96.575	146	5	0	1	146	1	146	3.01e-106	295
MDC0562323.1	QIZ20445.1	89.264	326	35	0	1	326	1	326	0.0	580
MDC0562324.1	QIZ20444.1	93.077	260	18	0	1	260	1	260	0.0	497
MDC0562325.1	QIZ20443.1	87.356	261	33	0	1	261	1	261	6.60e-145	402
MDC0562326.1	QIZ20442.1	90.981	377	34	0	1	377	1	377	0.0	660
MDC0562327.1	QIZ20441.1	90.987	466	42	0	1	466	1	466	0.0	877
MDC0562328.1	QIZ20440.1	98.667	225	3	0	1	225	1	225	3.46e-164	448
MDC0562329.1	QIZ20439.1	95.817	263	11	0	1	263	1	263	8.54e-171	468
MDC0562330.1	QIZ20438.1	95.152	330	16	0	1	330	1	330	0.0	632
MDC0562331.1	QIZ20437.1	93.194	191	13	0	1	191	1	191	1.98e-129	357
MDC0562332.1	QIZ20436.1	86.157	484	67	0	1	484	1	484	0.0	810
MDC0562333.1	QIZ20435.1	66.808	473	157	0	1	473	1	473	0.0	571
MDC0562334.1	QIZ20434.1	91.870	246	20	0	1	246	1	246	7.76e-170	464
MDC0562335.1	QIZ20433.1	98.000	100	2	0	1	100	1	100	1.74e-66	191
MDC0562336.1	QIZ20432.1	97.212	538	15	0	1	538	1	538	0.0	1069
MDC0562337.1	QIZ20431.1	97.445	274	7	0	1	274	1	274	0.0	556
MDC0562338.1	QIZ20430.1	95.067	223	11	0	1	223	1	223	8.92e-156	434
MDC0562339.1	QIZ20258.1	98.665	674	9	0	1	674	1	674	0.0	1377
MDC0562340.1	QIZ20257.1	98.533	1363	20	0	1	1363	1	1363	0.0	2749
MDC0562341.1	QIZ20256.1	96.694	121	4	0	1	121	1	121	1.05e-77	221
MDC0562342.1	QIZ20255.1	95.181	166	8	0	1	166	1	166	6.26e-117	323
MDC0562343.1	QIZ20254.1	96.070	229	9	0	1	229	1	229	3.80e-160	438
MDC0562344.1	QIZ20253.1	98.582	141	2	0	1	141	1	141	4.05e-100	279
MDC0562345.1	QIZ20252.1	99.432	176	1	0	1	176	1	176	6.44e-127	350
MDC0562346.1	QIZ20251.1	100.000	63	0	0	1	63	1	63	8.54e-41	123
MDC0562347.1	QIZ20250.1	97.222	396	11	0	1	396	1	396	0.0	788
MDC0562348.1	QIZ20249.1	98.381	247	4	0	1	247	1	247	0.0	499
MDC0562349.1	QIZ20248.1	93.822	259	16	0	1	259	1	259	3.14e-176	481
MDC0562350.1	QIZ20247.1	96.241	133	5	0	1	133	1	133	5.62e-93	260
MDC0562351.1	QIZ20246.1	95.181	249	12	0	1	249	1	249	8.96e-180	489
MDC0562352.1	QIZ20245.1	94.495	218	12	0	1	218	1	218	2.33e-151	416
MDC0562353.1	QIZ20244.1	96.094	256	10	0	1	256	1	256	0.0	523
MDC0562354.1	QIZ20243.1	97.674	430	10	0	1	430	1	430	0.0	866
MDC0562355.1	QIZ20242.1	98.077	260	5	0	1	260	1	260	0.0	512
MDC0562356.1	QIZ20241.1	96.250	80	3	0	1	80	1	80	1.33e-52	154
MDC0562357.1	QIZ20240.1	96.476	227	8	0	1	227	1	227	6.24e-166	452
MDC0562358.1	QIZ20239.1	96.986	730	22	0	1	730	1	730	0.0	1462
MDC0562359.1	QIZ20238.1	97.368	76	2	0	1	76	1	76	4.53e-51	150
MDC0562360.1	QIZ20237.1	95.455	110	5	0	1	110	1	110	7.65e-77	218
MDC0562361.1	QIZ21224.1	83.038	395	67	0	1	395	1	395	0.0	700
MDC0562362.1	QIZ20236.1	97.561	205	5	0	1	205	1	205	1.44e-150	412
MDC0562363.1	QIZ20235.1	96.203	237	9	0	1	237	1	237	1.32e-166	455
MDC0562364.1	QIZ20234.1	95.872	533	22	0	1	533	1	533	0.0	1059
MDC0562365.1	QIZ20233.1	94.702	453	24	0	1	453	1	453	0.0	870
MDC0562366.1	QIZ20232.1	96.327	245	9	0	1	245	1	245	1.18e-180	491
MDC0562367.1	QIZ20231.1	98.693	459	6	0	1	459	1	459	0.0	947
MDC0562368.1	QIZ20230.1	96.370	606	22	0	1	606	1	606	0.0	1204
MDC0562369.1	QIZ20229.1	94.686	207	11	0	1	207	1	207	2.03e-139	384
MDC0562370.1	QIZ20228.1	96.943	229	7	0	1	229	1	229	1.35e-169	462
MDC0562371.1	QIZ20227.1	98.000	500	10	0	1	500	1	500	0.0	1008
MDC0562372.1	QIZ20226.1	96.980	298	9	0	1	298	1	298	0.0	597
MDC0562373.1	QIZ20225.1	95.989	374	15	0	1	374	1	374	0.0	745
MDC0562374.1	QIZ20224.1	91.346	208	18	0	1	208	1	208	9.79e-142	390
MDC0562375.1	QIZ20222.1	98.246	342	6	0	1	342	1	342	0.0	711
MDC0562376.1	QIZ20221.1	98.760	645	8	0	1	645	1	645	0.0	1329
MDC0562377.1	QIZ20220.1	96.074	484	19	0	1	484	1	484	0.0	936
MDC0562378.1	QIZ20219.1	84.444	90	14	0	1	90	1	90	8.74e-55	160
MDC0562379.1	QIZ20218.1	96.842	380	12	0	1	380	1	380	0.0	756
MDC0562387.1	QIZ20910.1	87.611	113	14	0	13	125	13	125	6.15e-74	211
MDC0562388.1	QIZ20911.1	70.588	187	54	1	20	206	1	186	2.71e-97	276
MDC0562410.1	QIZ21307.1	26.692	266	187	6	9	269	9	271	1.21e-27	104
MDC0562415.1	QIZ20217.1	95.078	447	22	0	1	447	1	447	0.0	881
MDC0562420.1	QIZ21212.1	29.091	275	170	12	26	288	2	263	3.15e-21	86.7
MDC0562422.1	QIZ20348.1	34.826	402	220	4	30	391	31	430	5.35e-67	214
MDC0562424.1	QIZ21513.1	35.476	809	509	6	1	803	1	802	4.85e-164	492
MDC0562431.1	QIZ20411.1	98.746	319	4	0	1	319	3	321	0.0	633
MDC0562433.1	QIZ20795.1	52.047	342	154	4	1	340	1	334	1.94e-118	342
MDC0562434.1	QIZ20796.1	59.797	296	117	1	5	300	4	297	8.19e-121	345
MDC0562435.1	QIZ20793.1	64.948	291	102	0	1	291	1	291	3.78e-143	400
MDC0562436.1	QIZ20792.1	100.000	41	0	0	1	41	1	41	1.01e-23	78.6
MDC0562438.1	QIZ20790.1	90.331	362	35	0	1	362	1	362	0.0	659
MDC0562439.1	QIZ20789.1	98.039	102	2	0	1	102	1	102	4.73e-70	200
MDC0562440.1	QIZ20788.1	97.845	464	10	0	1	464	1	464	0.0	909
MDC0562441.1	QIZ20786.1	100.000	64	0	0	1	64	1	64	4.42e-39	119
MDC0562442.1	QIZ20785.1	96.923	195	6	0	1	195	1	195	5.52e-140	384
MDC0562443.1	QIZ20784.1	94.737	76	4	0	1	76	1	76	7.23e-52	152
MDC0562444.1	QIZ20783.1	97.561	246	6	0	1	246	1	246	9.88e-180	489
MDC0562445.1	QIZ20782.1	97.849	186	4	0	1	186	1	186	2.73e-137	377
MDC0562446.1	QIZ20781.1	92.754	207	15	0	1	207	1	207	3.52e-120	335
MDC0562447.1	QIZ20780.1	90.476	336	32	0	1	336	1	336	0.0	640
MDC0562448.1	QIZ20779.1	90.306	392	38	0	1	392	1	392	0.0	706
MDC0562449.1	QIZ20778.1	96.418	335	12	0	1	335	1	335	0.0	664
MDC0562450.1	QIZ20777.1	95.092	652	32	0	1	652	1	652	0.0	1286
MDC0562451.1	QIZ20776.1	99.065	107	1	0	1	107	1	107	8.64e-68	194
MDC0562452.1	QIZ20775.1	95.270	148	7	0	1	148	1	148	2.98e-99	277
MDC0562453.1	QIZ20774.1	90.110	182	17	1	1	182	1	181	8.61e-116	322
MDC0562454.1	QIZ20773.1	96.642	268	9	0	1	268	1	268	0.0	536
MDC0562455.1	QIZ20772.1	99.170	241	2	0	1	241	1	241	1.53e-179	488
MDC0562456.1	QIZ20771.1	99.390	164	1	0	1	164	1	164	1.13e-120	333
MDC0562457.1	QIZ20770.1	99.554	224	1	0	1	224	1	224	1.96e-163	446
MDC0562458.1	QIZ20769.1	98.551	138	2	0	1	138	1	138	9.97e-97	270
MDC0562459.1	QIZ20768.1	97.398	269	7	0	1	269	1	269	0.0	524
MDC0562460.1	QIZ20767.1	98.430	446	7	0	1	446	1	446	0.0	901
MDC0562461.1	QIZ20766.1	98.113	159	3	0	22	180	1	159	1.27e-116	323
MDC0562462.1	QIZ20765.1	94.753	324	17	0	1	324	1	324	0.0	632
MDC0562463.1	QIZ20764.1	91.168	351	31	0	1	351	1	351	0.0	638
MDC0562464.1	QIZ20763.1	99.045	628	6	0	3	630	1	628	0.0	1270
MDC0562465.1	QIZ20762.1	93.143	350	24	0	1	350	1	350	0.0	588
MDC0562466.1	QIZ20761.1	95.034	443	22	0	1	443	1	443	0.0	844
MDC0562467.1	QIZ20760.1	98.148	270	5	0	1	270	1	270	0.0	527
MDC0562468.1	QIZ20759.1	98.837	430	5	0	1	430	1	430	0.0	863
MDC0562469.1	QIZ20758.1	98.635	293	4	0	1	293	1	293	0.0	592
MDC0562470.1	QIZ20757.1	97.239	326	9	0	1	326	1	326	0.0	647
MDC0562471.1	QIZ20756.1	95.484	310	14	0	1	310	1	310	0.0	583
MDC0562472.1	QIZ20755.1	88.889	81	9	0	1	81	1	81	3.90e-44	133
MDC0562473.1	QIZ20754.1	95.517	290	13	0	1	290	1	290	0.0	533
MDC0562474.1	QIZ20753.1	96.389	637	23	0	1	637	1	637	0.0	1272
MDC0562475.1	QIZ20752.1	98.611	360	5	0	1	360	1	360	0.0	734
MDC0562476.1	QIZ20751.1	93.750	208	13	0	1	208	1	208	2.01e-147	404
MDC0562477.1	QIZ20750.1	98.220	337	6	0	1	337	1	337	0.0	668
MDC0562478.1	QIZ20749.1	98.507	268	4	0	1	268	1	268	0.0	521
MDC0562479.1	QIZ20748.1	95.238	294	14	0	1	294	1	294	0.0	597
MDC0562480.1	QIZ20747.1	87.645	688	85	0	1	688	1	688	0.0	1204
MDC0562481.1	QIZ20746.1	95.265	887	42	0	1	887	1	887	0.0	1753
MDC0562482.1	QIZ20745.1	88.448	277	32	0	1	277	1	277	0.0	498
MDC0562483.1	QIZ20744.1	91.489	329	28	0	1	329	1	329	0.0	629
MDC0562484.1	QIZ20743.1	82.993	294	50	0	1	294	1	294	6.99e-180	493
MDC0562485.1	QIZ20742.1	93.088	434	30	0	1	434	1	434	0.0	842
MDC0562486.1	QIZ20741.1	86.364	110	15	0	1	110	1	110	2.14e-64	186
MDC0562487.1	QIZ20740.1	92.710	631	46	0	2	632	1	631	0.0	1227
MDC0562488.1	QIZ20739.1	85.547	256	37	0	1	256	1	256	3.41e-160	440
MDC0562489.1	QIZ20738.1	93.396	106	7	0	1	106	1	106	3.15e-73	208
MDC0562490.1	QIZ20737.1	92.012	338	27	0	1	338	1	338	0.0	615
MDC0562491.1	QIZ20736.1	85.577	208	30	0	1	208	1	208	2.16e-139	384
MDC0562493.1	QIZ20735.1	56.757	259	108	2	1	259	1	255	3.58e-84	248
MDC0562494.1	QIZ20500.1	26.396	394	269	9	1	384	1	383	2.22e-37	134
MDC0562497.1	QIZ20311.1	34.545	165	107	1	14	177	40	204	4.34e-25	94.7
MDC0562498.1	QIZ20181.1	29.858	211	136	3	15	213	13	223	1.31e-23	90.5
MDC0562499.1	QIZ20416.1	47.809	251	120	2	1	251	5	244	2.64e-80	237
MDC0562500.1	QIZ20734.1	88.333	180	21	0	1	180	1	180	1.98e-109	306
MDC0562502.1	QIZ20733.1	92.759	290	21	0	1	290	1	290	0.0	523
MDC0562503.1	QIZ20732.1	97.183	426	12	0	1	426	1	426	0.0	849
MDC0562504.1	QIZ20731.1	97.710	131	3	0	1	131	1	131	7.10e-93	260
MDC0562505.1	QIZ20730.1	92.063	189	15	0	1	189	1	189	8.01e-128	353
MDC0562506.1	QIZ20729.1	98.333	120	2	0	1	120	1	120	9.49e-88	246
MDC0562507.1	QIZ20728.1	96.753	308	10	0	1	308	1	308	0.0	607
MDC0562508.1	QIZ20727.1	98.148	432	8	0	1	432	1	432	0.0	832
MDC0562509.1	QIZ20726.1	98.433	383	6	0	1	383	1	383	0.0	762
MDC0562510.1	QIZ20725.1	90.101	889	88	0	1	889	1	889	0.0	1642
MDC0562511.1	QIZ20724.1	89.604	404	42	0	1	404	1	404	0.0	765
MDC0562512.1	QIZ20723.1	93.953	215	13	0	1	215	1	215	4.61e-155	424
MDC0562513.1	QIZ20722.1	94.382	267	15	0	1	267	1	267	9.84e-175	478
MDC0562514.1	QIZ20721.1	94.040	302	18	0	1	302	1	302	0.0	583
MDC0562515.1	QIZ20720.1	98.030	203	4	0	1	203	1	203	3.65e-144	395
MDC0562516.1	QIZ20719.1	98.045	358	7	0	1	358	1	358	0.0	692
MDC0562517.1	QIZ20718.1	88.966	145	16	0	1	145	1	145	4.81e-91	256
MDC0562518.1	QIZ20717.1	92.977	299	21	0	1	299	1	299	0.0	543
MDC0562519.1	QIZ20340.1	95.200	125	6	0	1	125	31	155	2.39e-73	211
MDC0562520.1	QIZ20341.1	100.000	60	0	0	1	60	1	60	7.22e-42	125
MDC0562521.1	QIZ20342.1	93.413	334	21	1	1	333	1	334	0.0	629
MDC0562522.1	QIZ20343.1	95.000	100	5	0	1	100	1	100	4.38e-65	187
MDC0562523.1	QIZ20344.1	96.800	125	4	0	1	125	1	125	3.27e-83	235
MDC0562524.1	QIZ20345.1	100.000	63	0	0	1	63	1	63	4.14e-41	124
MDC0562525.1	QIZ20346.1	98.958	96	1	0	1	96	1	96	2.66e-61	177
MDC0562526.1	QIZ20347.1	91.667	336	28	0	1	336	1	336	0.0	573
MDC0562527.1	QIZ20348.1	90.724	442	41	0	1	442	1	442	0.0	814
MDC0562528.1	QIZ20349.1	97.386	153	4	0	1	153	1	153	4.02e-110	305
MDC0562529.1	QIZ20350.1	96.644	149	5	0	1	149	1	149	3.13e-107	298
MDC0562530.1	QIZ20351.1	92.353	340	26	0	1	340	1	340	0.0	634
MDC0562531.1	QIZ20352.1	91.892	74	6	0	1	74	1	74	3.36e-46	137
MDC0562532.1	QIZ20353.1	94.651	430	23	0	1	430	1	430	0.0	779
MDC0562533.1	QIZ20354.1	85.000	300	45	0	1	300	1	300	0.0	513
MDC0562534.1	QIZ20355.1	96.809	282	9	0	1	282	1	282	0.0	545
MDC0562535.1	QIZ20356.1	93.478	92	6	0	1	92	4	95	9.14e-60	173
MDC0562536.1	QIZ20357.1	86.897	145	19	0	1	145	1	145	4.68e-95	266
MDC0562537.1	QIZ20359.1	63.522	318	103	2	1	318	1	305	2.82e-154	430
MDC0562540.1	QIZ20846.1	33.922	283	155	7	23	303	25	277	9.50e-39	136
MDC0562541.1	QIZ20360.1	43.714	700	370	13	1	686	7	696	1.23e-173	509
MDC0562542.1	QIZ20361.1	60.759	79	31	0	1	79	1	79	1.33e-31	101
MDC0562543.1	QIZ20362.1	83.865	564	91	0	1	564	1	564	0.0	954
MDC0562544.1	QIZ20363.1	90.794	315	29	0	1	315	1	315	0.0	584
MDC0562545.1	QIZ20364.1	78.485	330	71	0	1	330	1	330	0.0	554
MDC0562546.1	QIZ20365.1	96.774	93	3	0	1	93	1	93	1.64e-62	180
MDC0562547.1	QIZ20366.1	73.964	169	42	1	1	169	1	167	1.14e-83	239
MDC0562548.1	QIZ20367.1	94.615	390	21	0	1	390	1	390	0.0	666
MDC0562549.1	QIZ20368.1	91.765	170	14	0	1	170	1	170	1.04e-116	323
MDC0562550.1	QIZ20369.1	87.645	259	32	0	1	259	1	259	8.93e-171	467
MDC0562551.1	QIZ20370.1	90.945	254	23	0	1	254	1	254	1.93e-164	451
MDC0562552.1	QIZ20371.1	92.008	513	41	0	1	513	1	513	0.0	980
MDC0562553.1	QIZ20372.1	89.677	310	32	0	1	310	1	310	0.0	533
MDC0562554.1	QIZ20373.1	91.133	203	18	0	1	203	1	203	1.48e-123	343
MDC0562555.1	QIZ20374.1	93.995	383	23	0	1	383	1	383	0.0	728
MDC0562556.1	QIZ20375.1	88.889	252	28	0	1	252	1	252	4.58e-149	412
MDC0562557.1	QIZ20376.1	91.824	318	26	0	16	333	16	333	0.0	592
MDC0562558.1	QIZ20377.1	95.904	293	12	0	1	293	1	293	0.0	507
MDC0562559.1	QIZ20378.1	90.909	88	8	0	1	88	1	88	4.78e-45	135
MDC0562560.1	QIZ20379.1	95.608	683	30	0	1	683	1	683	0.0	1287
MDC0562561.1	QIZ20380.1	96.569	204	7	0	1	204	1	204	6.60e-143	392
MDC0562562.1	QIZ20381.1	96.000	275	11	0	1	275	1	275	0.0	559
MDC0562563.1	QIZ20382.1	95.135	370	18	0	1	370	1	370	0.0	733
MDC0562564.1	QIZ20383.1	96.196	184	7	0	1	184	1	184	2.31e-132	364
MDC0562565.1	QIZ20384.1	95.122	164	8	0	1	164	1	164	2.20e-113	314
MDC0562566.1	QIZ20385.1	97.173	849	24	0	1	849	1	849	0.0	1654
MDC0562567.1	QIZ20386.1	98.039	153	2	1	1	152	1	153	2.11e-109	303
MDC0562568.1	QIZ20387.1	98.957	959	10	0	1	959	1	959	0.0	1944
MDC0562569.1	QIZ20388.1	95.939	197	8	0	1	197	1	197	2.12e-140	385
MDC0562570.1	QIZ20389.1	95.254	295	14	0	1	295	1	295	0.0	554
MDC0562571.1	QIZ20390.1	93.617	517	33	0	1	517	1	517	0.0	974
MDC0562572.1	QIZ20391.1	98.936	94	1	0	1	94	1	94	1.03e-63	183
MDC0562573.1	QIZ20392.1	93.317	419	28	0	1	419	1	419	0.0	810
MDC0562574.1	QIZ20393.1	96.032	252	10	0	1	252	1	252	3.26e-177	483
MDC0562575.1	QIZ20394.1	93.151	73	5	0	1	73	1	73	1.38e-38	118
MDC0562576.1	QIZ20395.1	94.118	68	2	1	1	66	1	68	1.15e-40	123
MDC0562577.1	QIZ20396.1	95.556	225	10	0	9	233	12	236	1.18e-162	445
MDC0562578.1	QIZ20397.1	95.935	246	10	0	1	246	1	246	2.75e-163	447
MDC0562579.1	QIZ20398.1	90.823	316	29	0	1	316	1	316	0.0	573
MDC0562580.1	QIZ20399.1	88.506	87	10	0	1	87	1	87	2.16e-50	149
MDC0562581.1	QIZ20400.1	94.454	577	32	0	1	577	1	577	0.0	1109
MDC0562582.1	QIZ20401.1	94.609	371	20	0	1	371	1	371	0.0	687
MDC0562583.1	QIZ20402.1	99.048	105	1	0	1	105	1	105	2.83e-73	208
MDC0562584.1	QIZ20403.1	95.736	258	11	0	1	258	1	258	0.0	511
MDC0562585.1	QIZ20404.1	96.988	332	10	0	1	332	1	332	0.0	650
MDC0562588.1	QIZ20409.1	100.000	72	0	0	1	72	1	72	2.66e-46	137
MDC0562589.1	QIZ20412.1	94.015	401	24	0	1	401	1	401	0.0	736
MDC0562590.1	QIZ20413.1	98.776	572	7	0	1	572	1	572	0.0	1159
MDC0562591.1	QIZ20414.1	94.743	875	46	0	1	875	1	875	0.0	1708
MDC0562592.1	QIZ20415.1	93.496	123	8	0	1	123	1	123	3.69e-81	229
MDC0562593.1	QIZ20416.1	97.083	240	7	0	1	240	5	244	4.13e-176	479
MDC0562594.1	QIZ20417.1	96.948	426	13	0	1	426	1	426	0.0	833
MDC0562595.1	QIZ20418.1	96.850	381	12	0	1	381	1	381	0.0	736
MDC0562596.1	QIZ20419.1	100.000	346	0	0	1	346	1	346	0.0	714
MDC0562597.1	QIZ20420.1	93.177	469	32	0	1	469	1	469	0.0	727
MDC0562598.1	QIZ20421.1	96.112	463	18	0	1	463	1	463	0.0	830
MDC0562599.1	QIZ20422.1	94.678	451	24	0	1	451	1	451	0.0	839
MDC0562600.1	QIZ20423.1	87.500	56	7	0	2	57	538	593	1.14e-27	98.2
MDC0562610.1	QIZ20911.1	66.310	187	62	1	1	187	1	186	1.59e-88	253
MDC0562612.1	QIZ20920.1	52.838	229	107	1	1	229	1	228	6.23e-80	235
MDC0562613.1	QIZ20921.1	47.578	351	178	4	1	350	1	346	1.97e-111	324
MDC0562614.1	QIZ20922.1	70.450	467	134	3	1	465	1	465	0.0	651
MDC0562615.1	QIZ21496.1	75.385	65	16	0	3	67	2	66	5.04e-32	101
MDC0562616.1	QIZ20923.1	100.000	71	0	0	1	71	1	71	2.42e-50	147
MDC0562617.1	QIZ20924.1	96.495	428	15	0	1	428	1	428	0.0	820
MDC0562618.1	QIZ20925.1	96.183	131	5	0	1	131	1	131	1.61e-89	251
MDC0562619.1	QIZ20926.1	96.403	417	15	0	1	417	1	417	0.0	803
MDC0562620.1	QIZ20927.1	97.297	185	5	0	1	185	1	185	1.96e-133	367
MDC0562621.1	QIZ20928.1	100.000	65	0	0	1	65	1	65	3.04e-43	129
MDC0562622.1	QIZ20929.1	81.172	239	45	0	1	239	1	239	3.09e-144	399
MDC0562623.1	QIZ20930.1	100.000	54	0	0	1	54	1	54	3.72e-33	103
MDC0562624.1	QIZ20931.1	92.982	114	8	0	1	114	1	114	1.28e-71	205
MDC0562625.1	QIZ20932.1	96.386	83	3	0	1	83	1	83	1.22e-56	164
MDC0562626.1	QIZ20933.1	97.491	558	14	0	1	558	1	558	0.0	1113
MDC0562627.1	QIZ20934.1	84.722	288	44	0	1	288	1	288	1.03e-174	479
MDC0562628.1	QIZ20935.1	97.309	223	6	0	1	223	1	223	2.67e-161	440
MDC0562629.1	QIZ20936.1	98.545	275	4	0	1	275	1	275	0.0	557
MDC0562630.1	QIZ20937.1	97.135	384	11	0	1	384	1	384	0.0	758
MDC0562631.1	QIZ21069.1	69.355	62	19	0	1	62	1	62	3.67e-30	96.7
MDC0562632.1	QIZ20939.1	95.146	309	15	0	1	309	1	309	0.0	612
MDC0562633.1	QIZ20940.1	96.226	159	6	0	1	159	1	159	7.02e-113	313
MDC0562634.1	QIZ20941.1	97.154	246	7	0	1	246	1	246	6.61e-177	482
MDC0562635.1	QIZ20942.1	86.774	310	41	0	1	310	1	310	0.0	552
MDC0562636.1	QIZ20943.1	97.093	172	5	0	1	172	1	172	3.76e-123	340
MDC0562637.1	QIZ20944.1	90.785	586	54	0	1	586	1	586	0.0	1047
MDC0562639.1	QIZ20945.1	90.588	170	16	0	1	170	1	170	5.05e-111	309
MDC0562640.1	QIZ20946.1	87.500	368	46	0	1	368	1	368	0.0	626
MDC0562641.1	QIZ20947.1	87.209	86	11	0	1	86	10	95	1.03e-47	142
MDC0562642.1	QIZ20948.1	100.000	175	0	0	1	175	1	175	4.07e-131	360
MDC0562643.1	QIZ20949.1	98.457	324	5	0	1	324	1	324	0.0	667
MDC0562644.1	QIZ20950.1	96.013	602	24	0	1	602	1	602	0.0	1125
MDC0562645.1	QIZ20951.1	90.845	426	39	0	1	426	1	426	0.0	741
MDC0562646.1	QIZ20952.1	98.686	685	9	0	1	685	1	685	0.0	1377
MDC0562647.1	QIZ20959.1	98.161	598	11	0	1	598	4	601	0.0	1199
MDC0562648.1	QIZ20960.1	83.541	802	132	0	1	802	1	802	0.0	1330
MDC0562649.1	QIZ20961.1	94.648	355	19	0	1	355	1	355	0.0	697
MDC0562650.1	QIZ20962.1	98.305	118	2	0	1	118	1	118	1.40e-84	238
MDC0562651.1	QIZ20963.1	98.529	68	1	0	1	68	1	68	1.82e-44	132
MDC0562652.1	QIZ20964.1	99.448	181	1	0	1	181	1	181	5.56e-133	365
MDC0562653.1	QIZ20965.1	98.119	638	12	0	1	638	1	638	0.0	1300
MDC0562654.1	QIZ20966.1	94.271	384	22	0	1	384	1	384	0.0	719
MDC0562655.1	QIZ20967.1	92.829	251	18	0	1	251	1	251	4.86e-162	444
MDC0562656.1	QIZ20968.1	91.409	291	25	0	1	291	1	291	0.0	528
MDC0562657.1	QIZ20969.1	97.935	1501	31	0	1	1501	1	1501	0.0	3045
MDC0562658.1	QIZ20970.1	97.495	479	12	0	1	479	1	479	0.0	962
MDC0562659.1	QIZ20971.1	92.083	240	19	0	1	240	1	240	6.43e-155	427
MDC0562660.1	QIZ20972.1	94.576	295	16	0	1	295	1	295	0.0	555
MDC0562661.1	QIZ20973.1	91.253	423	37	0	1	423	1	423	0.0	784
MDC0562662.1	QIZ20974.1	98.221	1012	18	0	1	1012	1	1012	0.0	2067
MDC0562663.1	QIZ20975.1	94.684	395	21	0	1	395	1	395	0.0	771
MDC0562664.1	QIZ20976.1	97.872	141	3	0	1	141	1	141	6.05e-102	283
MDC0562667.1	QIZ20977.1	95.119	799	39	0	1	799	3	801	0.0	1562
MDC0562668.1	QIZ20978.1	89.362	141	15	0	1	141	1	141	1.21e-89	253
MDC0562669.1	QIZ20979.1	100.000	82	0	0	1	82	1	82	2.00e-56	165
MDC0562670.1	QIZ21178.1	96.622	148	5	0	1	148	221	368	6.53e-103	295
MDC0562671.1	QIZ21177.1	93.750	416	26	0	1	416	1	416	0.0	775
MDC0562672.1	QIZ21176.1	96.111	180	7	0	1	180	1	180	1.85e-123	341
MDC0562673.1	QIZ21175.1	97.414	116	3	0	1	116	1	116	1.07e-78	223
MDC0562674.1	QIZ21174.1	98.153	379	7	0	1	379	1	379	0.0	747
MDC0562675.1	QIZ21173.1	96.203	158	6	0	1	158	1	158	5.29e-112	310
MDC0562676.1	QIZ21172.1	100.000	130	0	0	1	130	1	130	1.19e-89	251
MDC0562677.1	QIZ21171.1	99.576	472	2	0	1	472	1	472	0.0	951
MDC0562678.1	QIZ21170.1	99.656	291	1	0	1	291	1	291	0.0	588
MDC0562679.1	QIZ21169.1	99.413	511	3	0	1	511	1	511	0.0	1027
MDC0562680.1	QIZ21168.1	97.297	185	5	0	1	185	1	185	3.40e-130	358
MDC0562681.1	QIZ21167.1	95.853	651	27	0	1	651	1	651	0.0	1281
MDC0562682.1	QIZ21166.1	97.854	466	10	0	1	466	1	466	0.0	931
MDC0562683.1	QIZ21165.1	96.000	425	17	0	1	425	1	425	0.0	825
MDC0562684.1	QIZ21164.1	89.463	968	101	1	1	967	1	968	0.0	1836
MDC0562685.1	QIZ21163.1	97.251	291	8	0	1	291	1	291	0.0	572
MDC0562686.1	QIZ21162.1	93.782	386	24	0	1	386	1	386	0.0	729
MDC0562687.1	QIZ21161.1	99.062	320	3	0	1	320	1	320	0.0	633
MDC0562688.1	QIZ21160.1	98.390	497	8	0	1	497	1	497	0.0	1009
MDC0562689.1	QIZ21159.1	95.671	231	10	0	1	231	27	257	5.41e-168	459
MDC0562690.1	QIZ21158.1	98.644	590	8	0	1	590	1	590	0.0	1222
MDC0562691.1	QIZ21157.1	90.741	108	10	0	1	108	1	108	1.20e-58	171
MDC0562692.1	QIZ21156.1	92.913	127	9	0	1	127	1	127	3.59e-84	238
MDC0562693.1	QIZ21155.1	94.595	333	18	0	1	333	1	333	0.0	647
MDC0562694.1	QIZ21154.1	95.393	369	17	0	1	369	1	369	0.0	717
MDC0562695.1	QIZ21153.1	89.922	258	26	0	1	258	1	258	1.03e-176	482
MDC0562696.1	QIZ21152.1	98.155	542	10	0	1	542	1	542	0.0	1111
MDC0562697.1	QIZ21151.1	98.296	587	10	0	1	587	1	587	0.0	1194
MDC0562698.1	QIZ21150.1	99.185	368	3	0	1	368	1	368	0.0	746
MDC0562699.1	QIZ21149.1	99.015	203	2	0	1	203	9	211	5.76e-148	405
MDC0562700.1	QIZ21148.1	98.501	467	7	0	1	467	1	467	0.0	954
MDC0562701.1	QIZ21146.1	97.368	228	6	0	1	228	1	228	3.38e-166	453
MDC0562702.1	QIZ21144.1	96.239	452	17	0	1	452	1	452	0.0	877
MDC0562703.1	QIZ21143.1	92.336	274	21	0	1	274	1	274	6.69e-179	489
MDC0562704.1	QIZ21142.1	94.754	305	16	0	1	305	1	305	0.0	578
MDC0562705.1	QIZ21141.1	75.401	187	46	0	1	187	1	187	1.97e-103	291
MDC0562706.1	QIZ21139.1	92.491	293	22	0	1	293	1	293	0.0	517
MDC0562707.1	QIZ21138.1	88.136	59	7	0	1	59	1	59	4.56e-34	105
MDC0562708.1	QIZ21137.1	85.843	445	63	0	1	445	1	445	0.0	764
MDC0562709.1	QIZ21136.1	96.909	453	14	0	1	453	1	453	0.0	868
MDC0562710.1	QIZ21135.1	92.821	195	14	0	1	195	1	195	2.74e-140	385
MDC0562711.1	QIZ21134.1	92.746	386	27	1	1	386	1	385	0.0	726
MDC0562718.1	QIZ21125.1	92.114	317	25	0	1	317	1	317	0.0	606
MDC0562721.1	QIZ21124.1	33.492	421	271	6	57	473	41	456	2.47e-74	238
MDC0562722.1	QIZ21123.1	86.788	386	51	0	1	386	1	386	0.0	695
MDC0562723.1	QIZ21122.1	91.645	383	32	0	1	383	1	383	0.0	748
MDC0562724.1	QIZ21120.1	95.270	148	7	0	2	149	22	169	4.36e-103	288
MDC0562725.1	QIZ20595.1	79.004	281	59	0	1	281	1	281	1.26e-164	457
MDC0562726.1	QIZ20596.1	77.333	300	68	0	1	300	1	300	1.34e-168	465
MDC0562727.1	QIZ20597.1	86.207	290	40	0	1	290	1	290	0.0	522
MDC0562728.1	QIZ20598.1	86.386	404	55	0	1	404	3	406	0.0	725
MDC0562729.1	QIZ20599.1	93.000	300	21	0	1	300	1	300	0.0	585
MDC0562730.1	QIZ20600.1	95.161	248	12	0	1	248	1	248	6.38e-179	487
MDC0562731.1	QIZ20606.1	89.979	479	48	0	1	479	1	479	0.0	912
MDC0562732.1	QIZ20607.1	98.148	108	2	0	1	108	1	108	1.02e-75	214
MDC0562733.1	QIZ20608.1	89.892	277	28	0	1	277	1	277	0.0	506
MDC0562734.1	QIZ20609.1	91.818	330	27	0	1	330	1	330	0.0	625
MDC0562735.1	QIZ20610.1	91.713	181	15	0	1	181	1	181	9.25e-124	342
MDC0562736.1	QIZ20611.1	78.571	84	18	0	1	84	1	84	1.30e-39	122
MDC0562737.1	QIZ20612.1	90.667	150	14	0	1	150	1	150	2.36e-89	253
MDC0562738.1	QIZ20613.1	91.694	301	25	0	1	301	1	301	0.0	579
MDC0562739.1	QIZ20614.1	95.513	156	7	0	1	156	34	189	8.22e-97	273
MDC0562740.1	QIZ20615.1	94.783	115	6	0	1	115	1	115	5.59e-82	231
MDC0562741.1	QIZ20616.1	95.886	559	23	0	23	581	23	581	0.0	1046
MDC0562742.1	QIZ20617.1	92.593	81	6	0	1	81	1	81	1.05e-53	157
MDC0562743.1	QIZ20618.1	97.590	166	4	0	1	166	1	166	4.54e-119	329
MDC0562744.1	QIZ20619.1	91.532	248	21	0	1	248	1	248	1.60e-137	382
MDC0562745.1	QIZ20620.1	94.388	196	11	0	1	196	1	196	4.81e-125	347
MDC0562746.1	QIZ20621.1	78.146	302	66	0	1	302	1	302	6.98e-172	474
MDC0562747.1	QIZ20622.1	87.713	293	36	0	1	293	1	293	6.59e-180	493
MDC0562748.1	QIZ20623.1	83.648	159	26	0	1	159	1	159	7.52e-89	252
MDC0562749.1	QIZ20624.1	98.077	468	9	0	1	468	1	468	0.0	960
MDC0562751.1	QIZ20625.1	100.000	110	0	0	1	110	1	110	5.67e-78	221
MDC0562752.1	QIZ20626.1	98.980	98	1	0	1	98	1	98	4.33e-68	194
MDC0562753.1	QIZ20627.1	85.897	156	22	0	1	156	1	156	2.11e-98	276
MDC0562754.1	QIZ20628.1	82.673	404	70	0	1	404	1	404	0.0	728
MDC0562755.1	QIZ20629.1	59.277	415	168	1	1	414	1	415	3.82e-168	473
MDC0562756.1	QIZ20630.1	79.835	243	49	0	1	243	1	243	3.12e-140	389
MDC0562757.1	QIZ20631.1	91.875	480	39	0	1	480	1	480	0.0	927
MDC0562758.1	QIZ20632.1	96.454	141	5	0	1	141	1	141	9.53e-100	278
MDC0562759.1	QIZ20633.1	99.541	218	1	0	1	218	1	218	1.25e-166	453
MDC0562760.1	QIZ20634.1	91.733	375	31	0	1	375	1	375	0.0	698
MDC0562761.1	QIZ20635.1	95.110	409	20	0	1	409	1	409	0.0	769
MDC0562762.1	QIZ20636.1	87.808	730	89	0	1	730	1	730	0.0	1179
MDC0562763.1	QIZ20863.1	41.975	243	133	5	104	342	104	342	1.96e-54	178
MDC0562765.1	QIZ20637.1	94.649	598	32	0	1	598	1	598	0.0	1103
MDC0562766.1	QIZ20638.1	98.054	257	5	0	1	257	1	257	0.0	511
MDC0562768.1	QIZ20640.1	93.431	137	9	0	10	146	10	146	1.27e-92	260
MDC0562769.1	QIZ20641.1	92.199	141	11	0	1	141	1	141	2.62e-92	259
MDC0562770.1	QIZ20642.1	97.973	444	9	0	1	444	1	444	0.0	907
MDC0562771.1	QIZ20643.1	80.000	135	24	1	1	135	1	132	1.94e-69	201
MDC0562772.1	QIZ20644.1	95.798	119	5	0	1	119	1	119	2.59e-82	232
MDC0562773.1	QIZ20645.1	95.238	273	13	0	1	273	1	273	0.0	531
MDC0562774.1	QIZ20646.1	95.960	594	24	0	1	594	1	594	0.0	1179
MDC0562775.1	QIZ20647.1	96.364	220	8	0	1	220	5	224	3.43e-140	387
MDC0562776.1	QIZ20648.1	91.086	359	32	0	1	359	1	359	0.0	624
MDC0562777.1	QIZ20649.1	92.105	342	27	0	1	342	1	342	0.0	602
MDC0562778.1	QIZ20650.1	89.062	192	21	0	1	192	1	192	4.86e-115	321
MDC0562779.1	QIZ20651.1	95.588	136	6	0	1	136	1	136	4.00e-83	236
MDC0562780.1	QIZ20652.1	94.227	485	28	0	1	485	1	485	0.0	926
MDC0562781.1	QIZ20653.1	86.647	337	45	0	1	337	1	337	0.0	569
MDC0562782.1	QIZ21234.1	99.483	387	2	0	1	387	1	387	0.0	793
MDC0562783.1	QIZ21233.1	98.520	608	9	0	1	608	1	608	0.0	1219
MDC0562784.1	QIZ21232.1	88.837	215	24	0	1	215	1	215	1.65e-137	379
MDC0562785.1	QIZ21231.1	94.690	226	12	0	1	226	1	226	8.02e-159	434
MDC0562786.1	QIZ21230.1	91.331	323	28	0	1	323	1	323	0.0	592
MDC0562787.1	QIZ21229.1	95.216	439	21	0	1	439	1	439	0.0	805
MDC0562788.1	QIZ21228.1	98.511	470	7	0	1	470	1	470	0.0	948
MDC0562789.1	QIZ21227.1	96.667	120	4	0	1	120	1	120	1.18e-84	238
MDC0562790.1	QIZ21226.1	99.130	115	1	0	1	115	1	115	4.96e-81	229
MDC0562791.1	QIZ21225.1	93.889	180	11	0	1	180	1	180	4.15e-117	325
MDC0562793.1	QIZ21223.1	85.034	294	44	0	1	294	1	294	0.0	509
MDC0562794.1	QIZ20795.1	29.268	328	197	10	1	297	1	324	1.50e-25	100
MDC0562795.1	QIZ21222.1	84.936	312	47	0	1	312	1	312	0.0	518
MDC0562796.1	QIZ21221.1	93.452	168	11	0	1	168	1	168	4.78e-102	286
MDC0562797.1	QIZ21220.1	95.803	691	29	0	1	691	1	691	0.0	1364
MDC0562799.1	QIZ21219.1	94.059	101	6	0	1	101	1	101	4.89e-68	195
MDC0562800.1	QIZ21218.1	99.312	436	3	0	1	436	1	436	0.0	850
MDC0562801.1	QIZ21217.1	97.191	178	5	0	1	178	1	178	1.81e-130	358
MDC0562802.1	QIZ21216.1	91.837	98	8	0	1	98	1	98	1.55e-67	193
MDC0562803.1	QIZ21215.1	92.417	211	16	0	1	211	1	211	2.83e-144	396
MDC0562804.1	QIZ21214.1	67.347	294	96	0	1	294	1	294	4.31e-149	415
MDC0562805.1	QIZ21213.1	93.197	147	10	0	1	147	1	147	8.11e-104	289
MDC0562806.1	QIZ21212.1	88.889	270	30	0	1	270	1	270	0.0	502
MDC0562807.1	QIZ21211.1	65.052	289	101	0	1	289	1	289	1.72e-135	381
MDC0562808.1	QIZ21210.1	78.942	1040	219	0	1	1040	1	1040	0.0	1610
MDC0562809.1	QIZ21209.1	92.965	199	14	0	1	199	1	199	1.99e-138	380
MDC0562810.1	QIZ21207.1	92.017	238	19	0	1	238	1	238	1.36e-169	462
MDC0562811.1	QIZ21206.1	89.956	229	23	0	1	229	1	229	1.24e-146	404
MDC0562812.1	QIZ21205.1	90.966	321	29	0	1	321	1	321	0.0	573
MDC0562813.1	QIZ21204.1	92.763	152	11	0	1	152	1	152	1.28e-102	286
MDC0562814.1	QIZ21203.1	98.832	428	5	0	1	428	1	428	0.0	871
MDC0562815.1	QIZ21202.1	97.266	512	14	0	1	512	1	512	0.0	982
MDC0562816.1	QIZ21201.1	98.298	235	4	0	1	235	1	235	4.06e-170	464
MDC0562817.1	QIZ21200.1	97.294	924	25	0	1	924	1	924	0.0	1824
MDC0562818.1	QIZ21199.1	96.117	309	12	0	1	309	1	309	0.0	595
MDC0562819.1	QIZ21198.1	96.175	183	7	0	1	183	1	183	5.28e-123	340
MDC0562820.1	QIZ21197.1	97.861	187	4	0	1	187	1	187	2.20e-135	372
MDC0562821.1	QIZ21196.1	92.347	392	30	0	1	392	1	392	0.0	749
MDC0562822.1	QIZ21195.1	98.271	347	6	0	1	347	1	347	0.0	711
MDC0562823.1	QIZ21194.1	98.282	291	5	0	1	291	1	291	0.0	582
MDC0562824.1	QIZ21193.1	95.652	184	8	0	1	184	1	184	2.61e-125	346
MDC0562825.1	QIZ21192.1	96.262	107	4	0	1	107	1	107	3.69e-70	201
MDC0562826.1	QIZ21191.1	96.000	350	14	0	1	350	1	350	0.0	666
MDC0562827.1	QIZ21190.1	96.154	520	20	0	1	520	6	525	0.0	1019
MDC0562828.1	QIZ21189.1	98.753	481	6	0	1	481	1	481	0.0	922
MDC0562829.1	QIZ21188.1	86.071	481	44	2	1	481	1	458	0.0	765
MDC0562830.1	QIZ20654.1	87.075	294	38	0	1	294	64	357	9.99e-170	470
MDC0562831.1	QIZ20655.1	86.732	814	108	0	1	814	1	814	0.0	1442
MDC0562832.1	QIZ20656.1	83.279	305	51	0	1	305	1	305	2.78e-173	478
MDC0562833.1	QIZ20657.1	89.688	320	33	0	1	320	1	320	0.0	538
MDC0562834.1	QIZ20658.1	90.076	262	26	0	1	262	1	262	2.79e-172	471
MDC0562835.1	QIZ20659.1	96.190	210	8	0	1	210	1	210	1.01e-149	410
MDC0562836.1	QIZ20660.1	100.000	79	0	0	1	79	1	79	1.08e-50	149
MDC0562837.1	QIZ20661.1	99.592	245	1	0	1	245	3	247	7.49e-179	486
MDC0562838.1	QIZ20662.1	99.032	310	3	0	1	310	1	310	0.0	609
MDC0562839.1	QIZ20663.1	100.000	121	0	0	1	121	1	121	8.72e-86	241
MDC0562840.1	QIZ20664.1	98.571	70	1	0	23	92	1	70	6.03e-47	140
MDC0562841.1	QIZ20665.1	98.026	152	3	0	1	152	1	152	6.40e-103	287
MDC0562842.1	QIZ20666.1	99.153	472	4	0	1	472	1	472	0.0	955
MDC0562843.1	QIZ20667.1	96.851	794	25	0	1	794	1	794	0.0	1530
MDC0562844.1	QIZ20668.1	92.265	181	14	0	1	181	1	181	1.30e-109	306
MDC0562845.1	QIZ20669.1	92.276	479	37	0	15	493	15	493	0.0	919
MDC0562846.1	QIZ20670.1	96.984	431	13	0	1	431	1	431	0.0	862
MDC0562847.1	QIZ20671.1	95.146	309	15	0	1	309	1	309	0.0	592
MDC0562848.1	QIZ20672.1	97.552	286	7	0	1	286	1	286	0.0	556
MDC0562849.1	QIZ20673.1	78.984	433	91	0	1	433	1	433	0.0	688
MDC0562850.1	QIZ20674.1	95.674	393	17	0	1	393	1	393	0.0	777
MDC0562851.1	QIZ20675.1	83.824	68	11	0	1	68	1	68	1.17e-39	120
MDC0562853.1	QIZ20481.1	60.829	217	85	0	1	217	1	217	4.13e-98	281
MDC0562854.1	QIZ20676.1	90.062	161	16	0	1	161	1	161	9.51e-96	270
MDC0562859.1	QIZ20679.1	98.667	75	1	0	1	75	1	75	6.64e-53	154
MDC0562860.1	QIZ20680.1	77.810	347	77	0	1	347	1	347	0.0	591
MDC0562861.1	QIZ20681.1	95.676	370	16	0	1	370	1	370	0.0	747
MDC0562862.1	QIZ20682.1	96.790	405	13	0	1	405	1	405	0.0	818
MDC0562863.1	QIZ20683.1	96.013	301	12	0	1	301	1	301	0.0	573
MDC0562864.1	QIZ20684.1	77.349	415	94	0	1	415	1	415	0.0	631
MDC0562865.1	QIZ20685.1	73.000	200	54	0	1	200	1	200	2.72e-107	302
MDC0562866.1	QIZ20686.1	61.765	136	48	1	1	132	1	136	1.53e-56	168
MDC0562867.1	QIZ20687.1	59.494	158	64	0	1	158	1	158	1.30e-57	173
MDC0562868.1	QIZ20689.1	75.362	276	68	0	1	276	1	276	2.25e-154	427
MDC0562869.1	QIZ20690.1	94.022	552	33	0	1	552	1	552	0.0	1048
MDC0562870.1	QIZ20691.1	96.312	922	34	0	1	922	1	922	0.0	1872
MDC0562871.1	QIZ20692.1	64.167	480	172	0	4	483	12	491	0.0	666
MDC0562872.1	QIZ20694.1	98.365	367	6	0	1	367	1	367	0.0	749
MDC0562873.1	QIZ20695.1	96.129	155	6	0	1	155	1	155	1.41e-84	241
MDC0562874.1	QIZ20696.1	97.628	253	6	0	1	253	1	253	0.0	508
MDC0562875.1	QIZ20697.1	97.253	182	5	0	1	182	1	182	6.42e-132	363
MDC0562876.1	QIZ20698.1	96.805	313	10	0	1	313	80	392	0.0	619
MDC0562878.1	QIZ21235.1	98.739	555	6	1	1	554	1	555	0.0	1080
MDC0562879.1	QIZ21236.1	97.917	96	2	0	1	96	1	96	9.13e-64	183
MDC0562880.1	QIZ21237.1	87.500	272	34	0	1	272	1	272	2.97e-179	490
MDC0562881.1	QIZ21238.1	94.426	305	17	0	1	305	1	305	0.0	570
MDC0562882.1	QIZ21239.1	96.685	905	30	0	1	905	1	905	0.0	1814
MDC0562883.1	QIZ21240.1	90.909	165	15	0	1	165	1	165	8.79e-97	273
MDC0562884.1	QIZ21241.1	78.571	126	21	2	1	126	1	120	5.95e-53	160
MDC0562885.1	QIZ21242.1	93.931	379	23	0	1	379	1	379	0.0	669
MDC0562886.1	QIZ21243.1	90.374	187	18	0	1	187	1	187	2.25e-110	309
MDC0562887.1	QIZ21244.1	92.399	421	32	0	1	421	1	421	0.0	788
MDC0562888.1	QIZ21245.1	95.161	62	3	0	1	62	1	62	6.12e-41	123
MDC0562889.1	QIZ21246.1	89.860	286	29	0	1	286	1	286	0.0	522
MDC0562890.1	QIZ21247.1	90.764	314	29	0	1	314	1	314	0.0	569
MDC0562891.1	QIZ21248.1	90.952	420	38	0	1	420	1	420	0.0	716
MDC0562892.1	QIZ21249.1	93.782	579	36	0	1	579	1	579	0.0	1099
MDC0562893.1	QIZ21250.1	92.683	287	21	0	1	287	1	287	0.0	535
MDC0562894.1	QIZ21251.1	97.761	134	3	0	1	134	1	134	1.05e-97	272
MDC0562895.1	QIZ21252.1	98.457	324	5	0	1	324	1	324	0.0	643
MDC0562896.1	QIZ21253.1	96.057	279	11	0	1	279	1	279	0.0	548
MDC0562897.1	QIZ21254.1	87.179	78	10	0	1	78	1	78	1.76e-50	149
MDC0562898.1	QIZ21255.1	89.076	119	13	0	1	119	1	119	3.60e-77	219
MDC0562899.1	QIZ21256.1	95.455	220	10	0	1	220	1	220	6.97e-147	404
MDC0562900.1	QIZ21257.1	87.983	233	28	0	1	233	1	233	1.46e-147	406
MDC0562901.1	QIZ21258.1	90.037	271	27	0	1	271	1	271	4.51e-180	492
MDC0562902.1	QIZ21259.1	97.978	544	11	0	1	544	1	544	0.0	1073
MDC0562903.1	QIZ21260.1	94.719	303	16	0	1	303	1	303	0.0	577
MDC0562904.1	QIZ21262.1	93.258	178	12	0	1	178	1	178	1.30e-126	349
MDC0562905.1	QIZ21263.1	98.092	262	5	0	1	262	1	262	0.0	524
MDC0562906.1	QIZ21264.1	80.645	217	42	0	1	217	1	217	2.27e-118	331
MDC0562907.1	QIZ21265.1	79.258	458	95	0	1	458	1	458	0.0	758
MDC0562908.1	QIZ21266.1	84.472	161	25	0	1	161	1	161	3.16e-103	288
MDC0562909.1	QIZ21267.1	82.979	141	24	0	1	141	1	141	3.69e-83	236
MDC0562910.1	QIZ21268.1	75.776	322	78	0	1	322	1	322	0.0	501
MDC0562911.1	QIZ21269.1	87.898	314	38	0	1	314	1	314	0.0	570
MDC0562912.1	QIZ21270.1	72.313	307	85	0	6	312	5	311	2.80e-149	417
MDC0562913.1	QIZ21271.1	74.085	355	92	0	1	355	1	355	0.0	541
MDC0562914.1	QIZ21272.1	70.671	283	83	0	1	283	1	283	1.58e-135	380
MDC0562915.1	QIZ21273.1	97.526	485	12	0	1	485	1	485	0.0	971
MDC0562916.1	QIZ21274.1	97.619	168	4	0	1	168	1	168	4.73e-113	314
MDC0562917.1	QIZ21275.1	93.855	179	11	0	18	196	1	179	2.23e-120	334
MDC0562918.1	QIZ21276.1	100.000	75	0	0	1	75	1	75	1.79e-46	138
MDC0562919.1	QIZ21277.1	99.590	244	1	0	1	244	1	244	3.20e-176	480
MDC0562920.1	QIZ21278.1	98.901	91	1	0	1	91	1	91	5.42e-62	179
MDC0562921.1	QIZ21279.1	97.348	264	7	0	1	264	594	857	0.0	519
MDC0562923.1	QIZ21343.1	34.524	252	156	7	412	661	484	728	8.54e-39	148
MDC0562925.1	QIZ21320.1	51.713	321	153	2	5	323	3	323	7.62e-117	337
MDC0562936.1	QIZ21333.1	33.523	528	282	17	3	471	1	518	5.53e-79	251
MDC0562937.1	QIZ21334.1	41.986	574	305	7	11	560	12	581	1.12e-149	438
MDC0562938.1	QIZ21335.1	41.247	417	233	3	1	413	1	409	7.55e-99	296
MDC0562941.1	QIZ21328.1	32.031	256	156	6	1	245	1	249	5.32e-35	121
MDC0562942.1	QIZ21364.1	92.893	197	14	0	1	197	1	197	2.17e-132	365
MDC0562943.1	QIZ21365.1	88.889	261	29	0	1	261	1	261	8.06e-180	490
MDC0562944.1	QIZ21366.1	81.781	247	45	0	1	247	1	247	9.19e-151	416
MDC0562945.1	QIZ21367.1	99.355	155	1	0	1	155	1	155	3.67e-115	318
MDC0562946.1	QIZ21368.1	95.152	495	24	0	1	495	1	495	0.0	886
MDC0562947.1	QIZ21369.1	95.238	336	16	0	1	336	1	336	0.0	647
MDC0562948.1	QIZ21370.1	86.275	102	14	0	1	102	1	102	1.28e-57	168
MDC0562949.1	QIZ21371.1	92.832	558	40	0	1	558	3	560	0.0	1035
MDC0562950.1	QIZ21372.1	88.924	948	105	0	1	948	1	948	0.0	1630
MDC0562952.1	QIZ21373.1	90.871	241	22	0	1	241	1	241	2.52e-152	426
MDC0562953.1	QIZ20874.1	94.821	502	26	0	1	502	1	502	0.0	955
MDC0562954.1	QIZ20875.1	94.565	276	15	0	1	276	1	276	0.0	545
MDC0562955.1	QIZ20876.1	88.618	246	28	0	1	246	1	246	1.51e-150	415
MDC0562956.1	QIZ20877.1	87.709	179	22	0	1	179	11	189	2.86e-117	326
MDC0562957.1	QIZ20878.1	95.146	309	15	0	1	309	1	309	0.0	599
MDC0562958.1	QIZ20879.1	95.876	388	16	0	1	388	1	388	0.0	723
MDC0562959.1	QIZ20880.1	92.222	270	21	0	1	270	1	270	1.54e-166	457
MDC0562960.1	QIZ20882.1	95.652	322	14	0	1	322	1	322	0.0	635
MDC0562961.1	QIZ20883.1	97.537	203	5	0	1	203	1	203	6.13e-149	407
MDC0562962.1	QIZ20884.1	95.513	312	14	0	12	323	12	323	0.0	584
MDC0562963.1	QIZ20885.1	88.660	194	22	0	1	194	1	194	3.48e-121	337
MDC0562964.1	QIZ20886.1	97.287	258	7	0	1	258	1	258	0.0	504
MDC0562965.1	QIZ20887.1	92.689	424	31	0	19	442	19	442	0.0	762
MDC0562966.1	QIZ20888.1	96.774	217	7	0	1	217	1	217	8.00e-153	418
MDC0562967.1	QIZ20889.1	98.611	576	8	0	1	576	1	576	0.0	1150
MDC0562968.1	QIZ20890.1	98.947	95	1	0	1	95	1	95	3.45e-66	189
MDC0562969.1	QIZ20891.1	93.450	229	15	0	1	229	2	230	1.00e-158	434
MDC0562970.1	QIZ20892.1	94.737	209	11	0	1	209	1	209	1.45e-145	399
MDC0562971.1	QIZ20893.1	97.317	410	11	0	1	410	1	410	0.0	824
MDC0562972.1	QIZ20894.1	96.604	265	9	0	1	265	1	265	0.0	508
MDC0562973.1	QIZ20895.1	90.260	308	30	0	1	308	1	308	0.0	592
MDC0562974.1	QIZ20896.1	48.592	426	211	6	1	422	1	422	7.82e-142	407
MDC0562975.1	QIZ20897.1	60.748	107	39	2	1	105	1	106	5.86e-44	134
MDC0562976.1	QIZ20898.1	36.059	477	294	7	3	475	4	473	1.28e-99	303
MDC0562977.1	QIZ20908.1	55.022	229	97	3	1	223	1	229	3.89e-80	236
MDC0562983.1	QIZ20860.1	92.824	432	31	0	1	432	1	432	0.0	759
MDC0562984.1	QIZ20861.1	91.724	145	11	1	1	145	1	144	2.09e-86	246
MDC0562985.1	QIZ20862.1	92.500	280	21	0	1	280	1	280	0.0	510
MDC0562986.1	QIZ20863.1	98.039	357	7	0	1	357	1	357	0.0	709
MDC0562987.1	QIZ20864.1	99.454	366	2	0	1	366	1	366	0.0	730
MDC0562988.1	QIZ20865.1	96.278	403	15	0	1	403	1	403	0.0	786
MDC0562989.1	QIZ20866.1	95.417	240	11	0	1	240	1	240	2.46e-167	457
MDC0562990.1	QIZ20867.1	90.909	143	13	0	1	143	1	143	1.46e-84	240
MDC0562991.1	QIZ20868.1	90.187	214	21	0	1	214	220	433	8.71e-137	386
MDC0562992.1	QIZ20291.1	93.617	47	3	0	1	47	234	280	1.81e-26	92.0
MDC0562993.1	QIZ20290.1	98.249	457	8	0	1	457	1	457	0.0	901
MDC0562994.1	QIZ20289.1	91.748	206	17	0	1	206	1	206	1.02e-136	377
MDC0562995.1	QIZ20288.1	98.684	304	4	0	1	304	1	304	0.0	617
MDC0562996.1	QIZ20287.1	99.310	145	1	0	1	145	1	145	1.18e-104	291
MDC0562997.1	QIZ20286.1	98.538	342	5	0	1	342	1	342	0.0	682
MDC0562998.1	QIZ20285.1	98.000	150	3	0	1	150	1	150	5.12e-107	297
MDC0562999.1	QIZ20284.1	99.213	127	1	0	1	127	1	127	4.54e-91	255
MDC0563000.1	QIZ20283.1	94.836	213	11	0	1	213	1	213	4.99e-153	419
MDC0563001.1	QIZ20282.1	98.122	426	8	0	1	426	1	426	0.0	833
MDC0563002.1	QIZ20281.1	99.346	153	1	0	1	153	1	153	2.37e-106	296
MDC0563003.1	QIZ20280.1	98.235	170	3	0	1	170	1	170	2.31e-121	335
MDC0563004.1	QIZ20279.1	99.153	118	1	0	1	118	1	118	7.21e-82	231
MDC0563005.1	QIZ20278.1	96.089	179	7	0	1	179	1	179	9.81e-123	339
MDC0563006.1	QIZ20277.1	99.237	131	1	0	1	131	1	131	5.57e-94	263
MDC0563007.1	QIZ20276.1	97.030	101	3	0	1	101	1	101	3.61e-70	200
MDC0563008.1	QIZ20275.1	99.457	184	1	0	1	184	1	184	1.12e-133	367
MDC0563009.1	QIZ20274.1	98.780	82	1	0	1	82	1	82	3.00e-52	153
MDC0563010.1	QIZ20273.1	99.180	122	1	0	1	122	1	122	2.52e-85	240
MDC0563011.1	QIZ20272.1	100.000	78	0	0	1	78	1	78	3.16e-53	155
MDC0563012.1	QIZ20271.1	98.413	63	1	0	1	63	1	63	1.62e-39	120
MDC0563013.1	QIZ20270.1	99.265	136	1	0	1	136	1	136	2.83e-98	274
MDC0563014.1	QIZ20269.1	99.558	226	1	0	1	226	1	226	4.83e-168	457
MDC0563015.1	QIZ20268.1	100.000	132	0	0	1	132	1	132	5.43e-94	263
MDC0563016.1	QIZ20267.1	100.000	97	0	0	1	97	1	97	2.41e-67	192
MDC0563017.1	QIZ20266.1	98.577	281	4	0	1	281	1	281	0.0	568
MDC0563018.1	QIZ20265.1	96.774	62	2	0	1	62	36	97	1.12e-36	114
MDC0563020.1	QIZ20302.1	96.130	491	19	0	1	491	1	491	0.0	951
MDC0563021.1	QIZ20301.1	97.732	485	11	0	1	485	1	485	0.0	970
MDC0563022.1	QIZ20300.1	94.737	95	5	0	1	95	1	95	1.78e-61	177
MDC0563023.1	QIZ20299.1	98.675	151	2	0	1	151	1	151	2.08e-106	296
MDC0563024.1	QIZ20298.1	98.722	313	4	0	1	313	1	313	0.0	638
MDC0563025.1	QIZ20742.1	25.616	406	277	10	28	423	25	415	2.39e-35	131
MDC0563026.1	QIZ20297.1	95.812	191	8	0	1	191	1	191	5.72e-123	341
MDC0563027.1	QIZ20296.1	97.335	863	23	0	1	863	1	863	0.0	1728
MDC0563028.1	QIZ20295.1	96.000	100	4	0	1	100	1	100	4.00e-62	180
MDC0563029.1	QIZ20294.1	98.039	153	3	0	1	153	1	153	2.57e-109	303
MDC0563030.1	QIZ20293.1	90.972	432	39	0	1	432	1	432	0.0	772
MDC0563031.1	QIZ20292.1	96.310	271	10	0	1	271	1	271	0.0	520
MDC0563032.1	QIZ20291.1	90.909	165	15	0	1	165	1	165	3.81e-109	308
MDC0563039.1	QIZ20857.1	34.890	364	208	10	4	355	5	351	1.23e-47	161
MDC0563042.1	QIZ20802.1	44.891	274	141	7	13	280	16	285	1.14e-55	180
MDC0563043.1	QIZ21287.1	90.278	216	21	0	1	216	346	561	2.62e-143	407
MDC0563044.1	QIZ21288.1	89.680	281	29	0	1	281	1	281	2.51e-174	478
MDC0563045.1	QIZ21289.1	93.160	424	29	0	1	424	1	424	0.0	795
MDC0563046.1	QIZ21290.1	97.468	158	4	0	1	158	1	158	4.31e-110	305
MDC0563047.1	QIZ21291.1	93.455	275	18	0	1	275	1	275	0.0	528
MDC0563048.1	QIZ21292.1	96.732	153	5	0	1	153	1	153	1.78e-110	306
MDC0563049.1	QIZ21293.1	98.817	169	2	0	1	169	1	169	2.90e-127	350
MDC0563050.1	QIZ21294.1	99.523	419	2	0	1	419	1	419	0.0	838
MDC0563051.1	QIZ21295.1	92.278	259	20	0	1	259	1	259	2.67e-176	481
MDC0563052.1	QIZ21296.1	97.479	357	9	0	1	357	1	357	0.0	715
MDC0563053.1	QIZ21297.1	96.774	186	6	0	1	186	1	186	6.62e-132	363
MDC0563054.1	QIZ21298.1	89.091	220	22	1	1	218	1	220	3.57e-135	375
MDC0563055.1	QIZ21299.1	98.065	310	6	0	1	310	1	310	0.0	607
MDC0563056.1	QIZ20851.1	27.213	305	177	8	4	301	6	272	4.19e-24	95.5
MDC0563057.1	QIZ20858.1	33.134	335	205	8	5	334	31	351	2.42e-30	116
MDC0563060.1	QIZ20844.1	29.494	356	227	9	20	365	16	357	4.34e-30	114
MDC0563062.1	QIZ20851.1	31.737	334	194	10	24	349	1	308	4.43e-35	126
MDC0563064.1	QIZ20293.1	39.466	337	173	12	1	321	1	322	1.04e-55	182
MDC0563065.1	QIZ21300.1	94.776	134	7	0	1	134	2	135	1.17e-81	236
MDC0563066.1	QIZ21301.1	91.066	347	31	0	1	347	1	347	0.0	608
MDC0563067.1	QIZ21302.1	93.701	254	16	0	1	254	1	254	4.29e-176	480
MDC0563068.1	QIZ21303.1	92.857	70	5	0	1	70	1	70	1.07e-40	124
MDC0563069.1	QIZ21304.1	93.394	439	29	0	1	439	1	439	0.0	839
MDC0563070.1	QIZ21305.1	96.000	225	9	0	1	225	1	225	4.31e-155	425
MDC0563071.1	QIZ21306.1	97.931	145	3	0	1	145	1	145	2.46e-99	277
MDC0563072.1	QIZ21307.1	88.966	290	32	0	1	290	1	290	0.0	552
MDC0563073.1	QIZ21308.1	99.485	194	1	0	1	194	1	194	1.22e-139	383
MDC0563074.1	QIZ21309.1	97.195	606	17	0	1	606	6	611	0.0	1213
MDC0563075.1	QIZ21287.1	94.715	246	13	0	15	260	15	260	3.86e-156	442
MDC0563076.1	QIZ21286.1	92.181	243	19	0	1	243	1	243	2.39e-157	432
MDC0563077.1	QIZ21285.1	96.774	186	6	0	1	186	1	186	1.28e-130	360
MDC0563078.1	QIZ21284.1	98.876	356	4	0	1	356	1	356	0.0	726
MDC0563079.1	QIZ21283.1	91.384	383	33	0	1	383	1	383	0.0	702
MDC0563080.1	QIZ21282.1	96.012	326	13	0	1	326	1	326	0.0	627
MDC0563081.1	QIZ21281.1	96.296	162	6	0	1	162	1	162	9.70e-114	315
MDC0563082.1	QIZ21280.1	93.878	196	12	0	1	196	1	196	2.59e-130	360
MDC0563083.1	QIZ21279.1	97.276	514	14	0	1	514	1	514	0.0	1002
MDC0563085.1	QIZ20800.1	56.356	236	98	4	1	233	1	234	2.51e-87	254
MDC0563086.1	QIZ20801.1	42.132	394	204	10	121	502	4	385	1.60e-76	243
MDC0563088.1	QIZ20805.1	38.571	420	217	9	193	597	2	395	1.17e-89	279
MDC0563091.1	QIZ21106.1	89.744	39	4	0	1	39	1	39	9.97e-24	83.2
MDC0563092.1	QIZ21107.1	97.975	395	8	0	1	395	1	395	0.0	791
MDC0563093.1	QIZ21108.1	72.619	168	46	0	1	168	1	168	3.15e-91	259
MDC0563094.1	QIZ21109.1	76.522	345	81	0	1	345	1	345	0.0	581
MDC0563095.1	QIZ21110.1	97.233	253	7	0	1	253	1	253	6.83e-179	487
MDC0563096.1	QIZ21111.1	99.123	114	1	0	1	114	1	114	1.95e-79	224
MDC0563097.1	QIZ21112.1	95.082	183	9	0	1	183	1	183	3.00e-127	351
MDC0563098.1	QIZ21113.1	100.000	106	0	0	1	106	1	106	1.12e-77	219
MDC0563099.1	QIZ21184.1	98.387	372	6	0	1	372	1	372	0.0	759
MDC0563100.1	QIZ21183.1	98.990	198	2	0	1	198	1	198	1.00e-144	396
MDC0563101.1	QIZ21182.1	92.050	239	19	0	1	239	1	239	2.13e-167	457
MDC0563102.1	QIZ21181.1	96.269	134	5	0	1	134	1	134	1.56e-92	259
MDC0563103.1	QIZ21180.1	100.000	84	0	0	1	84	1	84	2.62e-56	164
MDC0563104.1	QIZ21179.1	98.165	327	6	0	1	327	1	327	0.0	651
MDC0563105.1	QIZ21178.1	97.386	153	4	0	1	153	1	153	2.61e-104	298
MDC0563106.1	QIZ20327.1	92.958	142	10	0	1	142	85	226	3.19e-83	239
MDC0563107.1	QIZ20328.1	95.745	329	14	0	1	329	1	329	0.0	646
MDC0563108.1	QIZ20329.1	90.141	213	21	0	1	213	1	213	1.97e-151	414
MDC0563109.1	QIZ20330.1	93.617	141	9	0	1	141	1	141	4.07e-97	271
MDC0563110.1	QIZ20331.1	97.248	436	12	0	1	436	1	436	0.0	882
MDC0563111.1	QIZ20332.1	98.684	152	2	0	1	152	1	152	8.68e-110	304
MDC0563113.1	QIZ20334.1	100.000	52	0	0	1	52	315	366	2.92e-28	98.2
MDC0563114.1	QIZ20335.1	96.875	128	4	0	1	128	1	128	5.86e-89	249
MDC0563115.1	QIZ20336.1	98.507	134	2	0	1	134	1	134	6.09e-95	265
MDC0563116.1	QIZ20337.1	90.596	319	30	0	1	319	1	319	0.0	548
MDC0563117.1	QIZ20338.1	98.429	700	11	0	1	700	1	700	0.0	1346
MDC0563118.1	QIZ20339.1	92.381	105	8	0	1	105	49	153	5.09e-69	199
MDC0563119.1	QIZ20868.1	94.079	152	9	0	1	152	1	152	2.22e-101	293
MDC0563120.1	QIZ20869.1	93.801	855	45	3	1	854	1	848	0.0	1621
MDC0563121.1	QIZ20870.1	94.837	368	19	0	1	368	1	368	0.0	718
MDC0563125.1	QIZ20853.1	51.681	238	115	0	1	238	1	238	5.91e-81	238
MDC0563126.1	QIZ20854.1	50.000	192	92	1	2	193	15	202	9.89e-65	194
MDC0563127.1	QIZ21312.1	92.045	88	7	0	1	88	1	88	1.74e-54	165
MDC0563128.1	QIZ21313.1	97.510	723	18	0	1	723	1	723	0.0	1464
MDC0563129.1	QIZ21314.1	96.742	399	13	0	1	399	1	399	0.0	797
MDC0563130.1	QIZ21315.1	97.619	42	1	0	1	42	1	42	2.62e-27	90.9
MDC0563131.1	QIZ20261.1	98.138	376	7	0	1	376	1	376	0.0	773
MDC0563132.1	QIZ20260.1	100.000	156	0	0	1	156	1	156	4.84e-114	315
MDC0563133.1	QIZ20259.1	98.374	123	2	0	1	123	1	123	1.14e-86	243
MDC0563134.1	QIZ20258.1	97.282	515	14	0	1	515	875	1389	0.0	1029
MDC0563138.1	QIZ20541.1	85.818	275	39	0	1	275	29	303	1.02e-175	485
MDC0563139.1	QIZ20544.1	95.210	167	8	0	1	167	1	167	3.83e-116	322
MDC0563140.1	QIZ20545.1	95.335	343	16	0	1	343	28	370	0.0	636
MDC0563146.1	QIZ20536.1	88.158	152	18	0	1	152	1	152	6.63e-77	221
MDC0563147.1	QIZ20537.1	65.358	433	150	0	1	433	1	433	0.0	525
MDC0563148.1	QIZ20538.1	100.000	42	0	0	1	42	50	91	3.57e-26	86.3
MDC0563149.1	QIZ21117.1	95.518	357	16	0	1	357	1	357	0.0	646
MDC0563150.1	QIZ21116.1	94.203	138	8	0	1	138	1	138	1.81e-94	265
MDC0563151.1	QIZ21115.1	93.333	75	5	0	1	75	1	75	1.39e-48	144
MDC0563152.1	QIZ21114.1	96.818	220	7	0	1	220	17	236	5.96e-156	427
MDC0563155.1	QIZ21080.1	38.021	192	101	6	34	211	30	217	1.51e-25	95.1
MDC0563157.1	QIZ20261.1	99.194	248	2	0	1	248	445	692	0.0	509
MDC0563158.1	QIZ20262.1	100.000	102	0	0	1	102	1	102	9.82e-72	204
MDC0563159.1	QIZ20263.1	99.153	236	2	0	1	236	1	236	3.18e-171	466
MDC0563160.1	QIZ20264.1	98.089	157	3	0	1	157	1	157	1.16e-108	304
MDC0563161.1	QIZ20714.1	96.667	90	3	0	1	90	115	204	3.53e-56	168
MDC0563162.1	QIZ20715.1	88.327	257	30	0	1	257	1	257	1.51e-171	469
MDC0563163.1	QIZ20716.1	95.683	139	6	0	1	139	1	139	9.62e-102	283
MDC0563164.1	QIZ20717.1	97.688	173	4	0	1	173	349	521	1.36e-124	356
