MDA7694731.1	QIZ21541.1	93.827	810	50	0	3	812	5	814	0.0	1565
MDA7694732.1	QIZ20851.1	28.834	326	196	8	5	326	7	300	6.88e-28	106
MDA7694733.1	QIZ20545.1	96.486	370	13	0	1	370	1	370	0.0	723
MDA7694734.1	QIZ20546.1	98.438	448	7	0	1	448	1	448	0.0	927
MDA7694735.1	QIZ20547.1	100.000	314	0	0	1	314	1	314	0.0	631
MDA7694736.1	QIZ20548.1	99.623	265	1	0	1	265	1	265	0.0	537
MDA7694737.1	QIZ20549.1	97.645	637	15	0	1	637	1	637	0.0	1262
MDA7694738.1	QIZ20953.1	37.037	297	151	7	2	289	3	272	3.60e-50	162
MDA7694742.1	QIZ20550.1	93.114	334	23	0	1	334	1	334	0.0	615
MDA7694743.1	QIZ20551.1	88.684	380	43	0	1	380	1	380	0.0	705
MDA7694744.1	QIZ20552.1	94.389	303	17	0	1	303	1	303	0.0	579
MDA7694745.1	QIZ20553.1	89.019	428	47	0	1	428	1	428	0.0	781
MDA7694746.1	QIZ20554.1	71.642	201	57	0	1	201	1	201	3.16e-97	276
MDA7694747.1	QIZ20555.1	95.409	501	23	0	1	501	1	501	0.0	977
MDA7694748.1	QIZ20556.1	94.857	350	18	0	1	350	1	350	0.0	674
MDA7694749.1	QIZ20557.1	99.375	320	2	0	1	320	1	320	0.0	652
MDA7694750.1	QIZ20559.1	97.633	169	4	0	1	169	1	169	6.38e-123	339
MDA7694751.1	QIZ20560.1	99.532	427	2	0	1	427	1	427	0.0	815
MDA7694752.1	QIZ20561.1	99.711	346	1	0	1	346	1	346	0.0	711
MDA7694753.1	QIZ20562.1	97.972	493	10	0	1	493	1	493	0.0	989
MDA7694754.1	QIZ20567.1	96.269	134	5	0	1	134	1	134	2.70e-99	276
MDA7694755.1	QIZ20568.1	99.476	191	1	0	1	191	1	191	1.55e-141	388
MDA7694756.1	QIZ20569.1	96.697	333	11	0	1	333	1	333	0.0	647
MDA7694757.1	QIZ20570.1	79.562	137	28	0	1	137	1	137	7.87e-83	235
MDA7694758.1	QIZ20571.1	84.375	96	14	1	9	103	1	96	2.00e-57	168
MDA7694759.1	QIZ20572.1	98.425	127	2	0	1	127	1	127	4.36e-94	263
MDA7694760.1	QIZ20573.1	100.000	95	0	0	1	95	1	95	8.31e-70	199
MDA7694761.1	QIZ20563.1	47.018	285	143	6	13	292	13	294	1.68e-78	237
MDA7694762.1	QIZ20574.1	82.075	106	19	0	17	122	17	122	1.90e-66	192
MDA7694763.1	QIZ20576.1	96.939	98	3	0	1	98	1	98	6.19e-66	189
MDA7694764.1	QIZ20577.1	87.736	106	13	0	1	106	1	106	8.12e-68	194
MDA7694765.1	QIZ20579.1	91.818	110	9	0	1	110	1	110	6.29e-67	192
MDA7694766.1	QIZ20581.1	61.333	75	29	0	1	75	1	75	8.01e-31	99.0
MDA7694767.1	QIZ20583.1	88.596	114	13	0	1	114	1	114	9.68e-74	210
MDA7694768.1	QIZ20584.1	90.860	186	17	0	1	186	1	186	4.86e-126	348
MDA7694769.1	QIZ20585.1	95.522	268	12	0	1	268	1	268	0.0	518
MDA7694770.1	QIZ20586.1	99.482	193	1	0	1	193	1	193	6.08e-142	389
MDA7694771.1	QIZ20587.1	82.553	235	41	0	1	235	1	235	1.06e-139	387
MDA7694772.1	QIZ20588.1	88.929	280	31	0	1	280	1	280	0.0	518
MDA7694773.1	QIZ20606.1	98.125	480	9	0	1	480	1	480	0.0	979
MDA7694774.1	QIZ20607.1	98.148	108	2	0	1	108	1	108	2.14e-75	214
MDA7694775.1	QIZ20608.1	96.390	277	10	0	1	277	1	277	0.0	555
MDA7694776.1	QIZ20609.1	96.364	330	12	0	1	330	1	330	0.0	654
MDA7694777.1	QIZ20610.1	96.685	181	6	0	1	181	1	181	2.16e-128	353
MDA7694778.1	QIZ20611.1	91.139	79	7	0	1	79	1	79	2.02e-46	139
MDA7694779.1	QIZ20612.1	96.667	150	5	0	1	150	1	150	8.73e-103	286
MDA7694780.1	QIZ20613.1	97.342	301	8	0	1	301	1	301	0.0	600
MDA7694781.1	QIZ20614.1	98.942	189	2	0	1	189	1	189	3.73e-134	369
MDA7694782.1	QIZ20615.1	94.783	115	6	0	1	115	1	115	4.11e-82	231
MDA7694783.1	QIZ20616.1	96.902	581	18	0	1	581	1	581	0.0	1174
MDA7694784.1	QIZ20617.1	97.531	81	2	0	1	81	1	81	2.93e-57	166
MDA7694785.1	QIZ20618.1	96.988	166	5	0	1	166	1	166	1.48e-118	328
MDA7694786.1	QIZ20619.1	89.919	248	25	0	1	248	1	248	2.87e-133	372
MDA7694787.1	QIZ20620.1	93.367	196	13	0	1	196	1	196	3.21e-125	347
MDA7694788.1	QIZ20621.1	76.159	302	72	0	1	302	1	302	6.18e-171	471
MDA7694789.1	QIZ21502.1	97.044	203	6	0	1	203	1	203	1.66e-143	394
MDA7694790.1	QIZ21501.1	97.217	539	15	0	1	539	12	550	0.0	1078
MDA7694791.1	QIZ21500.1	96.904	323	10	0	1	323	1	323	0.0	651
MDA7694792.1	QIZ21499.1	90.798	163	15	0	1	163	1	163	3.89e-108	301
MDA7694793.1	QIZ21498.1	94.828	348	18	0	1	348	1	348	0.0	651
MDA7694794.1	QIZ21497.1	96.774	155	5	0	1	155	1	155	1.43e-110	306
MDA7694795.1	QIZ21496.1	100.000	68	0	0	1	68	1	68	2.29e-47	140
MDA7694796.1	QIZ21495.1	92.857	252	18	0	1	252	1	252	1.09e-178	487
MDA7694797.1	QIZ21494.1	96.522	115	4	0	1	115	1	115	3.60e-82	231
MDA7694798.1	QIZ21493.1	91.532	248	21	0	1	248	1	248	4.17e-163	447
MDA7694799.1	QIZ21492.1	93.151	146	10	0	1	146	1	146	5.96e-100	279
MDA7694800.1	QIZ21491.1	60.194	103	41	0	1	103	1	103	9.75e-34	108
MDA7694801.1	QIZ21490.1	93.993	283	17	0	1	283	1	283	0.0	533
MDA7694802.1	QIZ21489.1	86.154	195	27	0	1	195	1	195	1.01e-126	350
MDA7694803.1	QIZ21488.1	96.894	998	31	0	1	998	1	998	0.0	2009
MDA7694804.1	QIZ21487.1	97.727	88	2	0	1	88	1	88	1.06e-64	185
MDA7694805.1	QIZ21486.1	97.368	418	11	0	1	418	1	418	0.0	852
MDA7694806.1	QIZ21485.1	99.287	561	4	0	1	561	1	561	0.0	1143
MDA7694807.1	QIZ21484.1	91.255	263	23	0	1	263	1	263	0.0	494
MDA7694808.1	QIZ21483.1	93.264	386	26	0	1	386	1	386	0.0	742
MDA7694809.1	QIZ21482.1	96.875	64	2	0	1	64	1	64	2.00e-40	122
MDA7694810.1	QIZ21481.1	92.398	342	26	0	1	342	1	342	0.0	640
MDA7694811.1	QIZ21480.1	93.708	445	28	0	1	445	1	445	0.0	881
MDA7694812.1	QIZ21479.1	99.024	717	7	0	1	717	1	717	0.0	1430
MDA7694813.1	QIZ21478.1	98.834	343	4	0	1	343	1	343	0.0	693
MDA7694814.1	QIZ21477.1	96.089	179	7	0	1	179	5	183	3.41e-110	308
MDA7694815.1	QIZ21476.1	100.000	124	0	0	17	140	1	124	7.35e-89	250
MDA7694816.1	QIZ21475.1	95.918	147	6	0	1	147	1	147	1.51e-98	275
MDA7694817.1	QIZ21474.1	99.363	314	2	0	1	314	1	314	0.0	640
MDA7694818.1	QIZ21473.1	96.903	775	24	0	1	775	1	775	0.0	1566
MDA7694819.1	QIZ21472.1	81.579	114	21	0	3	116	2	115	5.46e-66	191
MDA7694820.1	QIZ21471.1	93.439	442	29	0	1	442	1	442	0.0	868
MDA7694821.1	QIZ21470.1	96.524	489	17	0	1	489	1	489	0.0	1001
MDA7694822.1	QIZ21469.1	98.408	314	5	0	1	314	1	314	0.0	639
MDA7694823.1	QIZ21468.1	97.183	284	8	0	1	284	1	284	0.0	566
MDA7694824.1	QIZ21467.1	98.734	474	6	0	1	474	1	474	0.0	973
MDA7694825.1	QIZ21466.1	97.744	133	3	0	1	133	1	133	1.19e-96	270
MDA7694826.1	QIZ21465.1	95.708	466	20	0	1	466	1	466	0.0	904
MDA7694827.1	QIZ21464.1	93.243	74	5	0	1	74	1	74	4.42e-49	145
MDA7694828.1	QIZ21463.1	97.619	294	7	0	1	294	1	294	0.0	591
MDA7694829.1	QIZ21462.1	99.119	227	2	0	1	227	1	227	7.19e-167	455
MDA7694830.1	QIZ21461.1	99.321	442	3	0	1	442	1	442	0.0	901
MDA7694831.1	QIZ21460.1	99.093	441	4	0	1	441	1	441	0.0	912
MDA7694832.1	QIZ21459.1	97.632	380	9	0	1	380	1	380	0.0	755
MDA7694833.1	QIZ21458.1	94.926	473	24	0	1	473	1	473	0.0	926
MDA7694834.1	QIZ21457.1	96.403	139	5	0	1	139	1	139	2.43e-99	277
MDA7694835.1	QIZ21456.1	96.307	352	13	0	1	352	1	352	0.0	643
MDA7694836.1	QIZ21455.1	94.366	142	8	0	1	142	1	142	2.44e-99	277
MDA7694837.1	QIZ21454.1	43.556	225	125	1	2	224	209	433	4.71e-55	177
MDA7694838.1	QIZ20995.1	94.077	287	17	0	1	287	1	287	0.0	509
MDA7694839.1	QIZ20996.1	95.726	234	10	0	1	234	1	234	1.88e-170	464
MDA7694840.1	QIZ20997.1	97.318	522	14	0	1	522	1	522	0.0	1029
MDA7694841.1	QIZ20998.1	92.519	401	30	0	1	401	1	401	0.0	760
MDA7694842.1	QIZ20999.1	95.862	145	6	0	1	145	1	145	2.82e-101	282
MDA7694843.1	QIZ21000.1	94.821	251	13	0	1	251	1	251	5.33e-174	475
MDA7694844.1	QIZ21001.1	91.275	149	13	0	1	149	1	149	2.37e-96	270
MDA7694845.1	QIZ21002.1	92.893	197	14	0	1	197	1	197	1.35e-137	378
MDA7694846.1	QIZ21003.1	97.517	443	11	0	1	443	1	443	0.0	903
MDA7694847.1	QIZ21004.1	97.826	138	3	0	1	138	1	138	1.13e-99	278
MDA7694848.1	QIZ21005.1	96.454	141	5	0	1	141	1	141	7.98e-100	278
MDA7694849.1	QIZ21006.1	97.590	166	4	0	1	166	1	166	1.20e-119	330
MDA7694850.1	QIZ21007.1	87.097	403	52	0	1	403	1	403	0.0	746
MDA7694851.1	QIZ21008.1	97.701	261	6	0	1	261	1	261	0.0	524
MDA7694852.1	QIZ21009.1	91.270	126	11	0	1	126	1	126	3.49e-87	245
MDA7694853.1	QIZ21010.1	96.957	690	21	0	1	690	1	690	0.0	1362
MDA7694854.1	QIZ21011.1	100.000	82	0	0	1	82	1	82	9.37e-56	162
MDA7694855.1	QIZ21012.1	96.721	122	4	0	1	122	1	122	4.51e-85	239
MDA7694856.1	QIZ21013.1	96.879	737	19	2	1	734	1	736	0.0	1424
MDA7694857.1	QIZ21014.1	99.057	530	5	0	1	530	1	530	0.0	1051
MDA7694858.1	QIZ21015.1	96.915	389	12	0	1	389	1	389	0.0	785
MDA7694859.1	QIZ21016.1	90.180	499	49	0	16	514	19	517	0.0	845
MDA7694860.1	QIZ21017.1	86.928	153	20	0	1	153	1	153	5.22e-84	239
MDA7694861.1	QIZ21018.1	97.297	333	9	0	1	333	1	333	0.0	654
MDA7694862.1	QIZ21019.1	93.722	446	28	0	1	446	10	455	0.0	828
MDA7694863.1	QIZ21020.1	100.000	136	0	0	1	136	1	136	1.23e-97	272
MDA7694864.1	QIZ21021.1	93.750	128	8	0	1	128	1	128	3.23e-85	240
MDA7694865.1	QIZ21022.1	89.458	332	35	0	1	332	1	332	0.0	615
MDA7694867.1	QIZ21023.1	94.444	180	10	0	1	180	1	180	4.69e-124	343
MDA7694868.1	QIZ21024.1	95.195	333	16	0	1	333	1	333	0.0	648
MDA7694869.1	QIZ21025.1	93.110	508	35	0	1	508	1	508	0.0	912
MDA7694870.1	QIZ21026.1	97.561	328	8	0	1	328	434	761	0.0	660
MDA7694871.1	QIZ21027.1	94.924	197	10	0	1	197	1	197	8.80e-136	374
MDA7694872.1	QIZ21028.1	91.289	287	25	0	1	287	1	287	0.0	504
MDA7694873.1	QIZ21029.1	88.512	383	44	0	1	383	1	383	0.0	664
MDA7694874.1	QIZ21030.1	92.000	175	14	0	1	175	26	200	1.73e-110	309
MDA7694875.1	QIZ21031.1	85.782	211	30	0	1	211	1	211	6.00e-128	355
MDA7694876.1	QIZ21032.1	98.151	649	12	0	1	649	1	649	0.0	1272
MDA7694877.1	QIZ21033.1	97.319	373	10	0	1	373	1	373	0.0	741
MDA7694878.1	QIZ21034.1	92.996	257	18	0	1	257	1	257	6.16e-176	480
MDA7694880.1	QIZ21035.1	92.000	200	16	0	18	217	18	217	4.52e-142	391
MDA7694881.1	QIZ21036.1	81.877	309	56	0	1	309	1	309	0.0	529
MDA7694882.1	QIZ21037.1	66.146	192	65	0	4	195	2	193	5.69e-80	232
MDA7694883.1	QIZ21038.1	77.778	162	36	0	1	162	1	162	2.68e-85	243
MDA7694884.1	QIZ21039.1	55.656	221	93	2	1	221	1	216	3.41e-84	245
MDA7694885.1	QIZ21040.1	48.276	174	85	3	6	177	9	179	6.15e-43	137
MDA7694887.1	QIZ21041.1	32.231	363	180	15	1	331	1	329	3.00e-27	105
MDA7694888.1	QIZ21042.1	42.391	184	98	5	2	179	1	182	3.49e-46	146
MDA7694889.1	QIZ21043.1	66.313	849	277	5	1	845	1	844	0.0	1159
MDA7694891.1	QIZ21045.1	70.695	331	97	0	1	331	1	331	1.50e-164	457
MDA7694892.1	QIZ21046.1	88.652	282	32	0	1	282	1	282	0.0	501
MDA7694893.1	QIZ21047.1	94.697	264	14	0	1	264	1	264	0.0	514
MDA7694894.1	QIZ21048.1	83.568	213	35	0	1	213	1	213	5.92e-131	363
MDA7694895.1	QIZ21049.1	94.703	623	33	0	1	623	1	623	0.0	1204
MDA7694896.1	QIZ21050.1	91.648	443	37	0	1	443	1	443	0.0	808
MDA7694897.1	QIZ21052.1	97.862	421	9	0	1	421	1	421	0.0	836
MDA7694900.1	QIZ21055.1	92.793	333	24	0	1	333	1	333	0.0	633
MDA7694901.1	QIZ21056.1	94.891	274	14	0	1	274	1	274	0.0	534
MDA7694902.1	QIZ21057.1	92.228	193	15	0	1	193	1	193	8.58e-130	358
MDA7694903.1	QIZ21058.1	89.057	265	29	0	1	265	1	265	1.59e-174	477
MDA7694904.1	QIZ21059.1	94.350	177	10	0	1	177	1	177	6.49e-116	323
MDA7694905.1	QIZ21060.1	95.067	223	11	0	1	223	1	223	1.25e-156	429
MDA7694906.1	QIZ21061.1	91.429	140	12	0	1	140	1	140	3.30e-93	261
MDA7694907.1	QIZ21062.1	97.122	139	4	0	1	139	1	139	8.63e-96	268
MDA7694908.1	QIZ21063.1	91.371	197	17	0	1	197	1	197	1.12e-131	363
MDA7694909.1	QIZ21064.1	86.127	173	20	1	1	169	1	173	4.80e-97	273
MDA7694910.1	QIZ21065.1	99.121	455	4	0	1	455	1	455	0.0	902
MDA7694911.1	QIZ21066.1	100.000	171	0	0	1	171	1	171	1.99e-123	340
MDA7694912.1	QIZ21067.1	100.000	196	0	0	1	196	1	196	4.14e-147	402
MDA7694913.1	QIZ21068.1	91.827	208	17	0	1	208	1	208	8.32e-141	387
MDA7694914.1	QIZ21070.1	93.305	239	16	0	1	239	1	239	1.26e-165	452
MDA7694915.1	QIZ21071.1	97.211	251	7	0	1	251	1	251	0.0	501
MDA7694916.1	QIZ21072.1	97.030	101	3	0	1	101	1	101	2.77e-67	193
MDA7694917.1	QIZ21073.1	93.388	121	8	0	1	121	1	121	6.13e-82	231
MDA7694918.1	QIZ21074.1	94.012	167	10	0	1	167	1	167	1.32e-116	323
MDA7694919.1	QIZ21075.1	86.957	184	24	0	1	184	1	184	5.87e-115	320
MDA7694920.1	QIZ21076.1	93.391	696	46	0	1	696	1	696	0.0	1240
MDA7694921.1	QIZ21077.1	91.209	364	32	0	1	364	14	377	0.0	653
MDA7694922.1	QIZ21078.1	93.897	213	13	0	1	213	1	213	5.30e-149	408
MDA7694924.1	QIZ21079.1	93.069	505	35	0	7	511	14	518	0.0	930
MDA7694926.1	QIZ21080.1	95.890	219	9	0	1	219	1	219	6.64e-152	416
MDA7694927.1	QIZ21081.1	99.153	118	1	0	1	118	1	118	6.37e-83	234
MDA7694928.1	QIZ21082.1	98.173	602	11	0	1	602	1	602	0.0	1185
MDA7694929.1	QIZ21083.1	98.837	86	1	0	1	86	1	86	1.07e-61	177
MDA7694930.1	QIZ21084.1	96.618	207	7	0	1	207	1	207	1.74e-146	402
MDA7694931.1	QIZ21085.1	96.417	642	23	0	39	680	39	680	0.0	1285
MDA7694932.1	QIZ21086.1	93.431	137	9	0	1	137	1	137	3.25e-94	264
MDA7694933.1	QIZ21088.1	96.078	357	14	0	1	357	1	357	0.0	699
MDA7694934.1	QIZ21089.1	90.554	307	29	0	1	307	1	307	0.0	564
MDA7694935.1	QIZ21090.1	93.966	232	14	0	1	232	1	232	1.83e-164	449
MDA7694936.1	QIZ21091.1	97.784	361	8	0	1	361	1	361	0.0	694
MDA7694937.1	QIZ21092.1	94.737	95	5	0	1	95	1	95	3.55e-60	174
MDA7694938.1	QIZ21093.1	97.153	281	8	0	1	281	1	281	0.0	551
MDA7694939.1	QIZ20263.1	99.291	141	1	0	1	141	1	141	3.53e-98	278
MDA7694940.1	QIZ20262.1	100.000	102	0	0	1	102	1	102	9.82e-72	204
MDA7694941.1	QIZ20261.1	98.844	692	8	0	1	692	1	692	0.0	1420
MDA7694942.1	QIZ20260.1	100.000	156	0	0	1	156	1	156	4.84e-114	315
MDA7694943.1	QIZ20259.1	100.000	123	0	0	1	123	1	123	2.65e-87	245
MDA7694944.1	QIZ20258.1	98.416	1389	22	0	1	1389	1	1389	0.0	2813
MDA7694945.1	QIZ20257.1	98.459	1363	21	0	1	1363	1	1363	0.0	2749
MDA7694946.1	QIZ20256.1	95.868	121	5	0	1	121	1	121	1.62e-63	185
MDA7694947.1	QIZ20255.1	94.578	166	9	0	1	166	1	166	2.94e-116	322
MDA7694948.1	QIZ20254.1	93.013	229	16	0	1	229	1	229	6.05e-155	425
MDA7694949.1	QIZ20253.1	98.582	141	2	0	1	141	1	141	2.79e-100	279
MDA7694950.1	QIZ20252.1	98.864	176	2	0	1	176	1	176	2.51e-126	348
MDA7694951.1	QIZ20251.1	100.000	63	0	0	1	63	1	63	8.54e-41	123
MDA7694952.1	QIZ20250.1	97.980	396	8	0	1	396	1	396	0.0	794
MDA7694953.1	QIZ20249.1	98.785	247	3	0	1	247	1	247	0.0	500
MDA7694960.1	QIZ20248.1	93.822	259	16	0	1	259	1	259	4.32e-175	478
MDA7694962.1	QIZ20247.1	89.313	131	14	0	1	131	1	131	1.49e-84	239
MDA7694963.1	QIZ20246.1	89.157	249	27	0	1	249	1	249	3.72e-170	465
MDA7694965.1	QIZ20245.1	95.413	218	10	0	1	218	1	218	5.86e-153	420
MDA7694966.1	QIZ20244.1	97.266	256	7	0	1	256	1	256	0.0	526
MDA7694967.1	QIZ20243.1	97.674	430	10	0	1	430	1	430	0.0	870
MDA7694968.1	QIZ20242.1	98.077	260	5	0	1	260	1	260	0.0	512
MDA7694969.1	QIZ20241.1	98.750	80	1	0	1	80	1	80	1.55e-53	156
MDA7694970.1	QIZ20240.1	96.035	227	9	0	1	227	1	227	3.90e-165	450
MDA7694971.1	QIZ20239.1	97.260	730	20	0	1	730	1	730	0.0	1469
MDA7694972.1	QIZ20238.1	100.000	76	0	0	1	76	1	76	1.91e-52	153
MDA7694973.1	QIZ20237.1	94.545	110	6	0	1	110	1	110	8.35e-77	218
MDA7694974.1	QIZ21224.1	84.557	395	61	0	1	395	1	395	0.0	709
MDA7694976.1	QIZ20236.1	100.000	205	0	0	1	205	1	205	3.15e-153	418
MDA7694977.1	QIZ20235.1	96.624	237	8	0	1	237	1	237	2.90e-167	456
MDA7694978.1	QIZ20234.1	97.373	533	14	0	1	533	1	533	0.0	1072
MDA7694979.1	QIZ20233.1	94.260	453	26	0	1	453	1	453	0.0	866
MDA7694980.1	QIZ20232.1	95.102	245	12	0	1	245	1	245	3.06e-179	488
MDA7694981.1	QIZ20231.1	98.475	459	7	0	1	459	1	459	0.0	945
MDA7694982.1	QIZ20230.1	96.370	606	22	0	1	606	1	606	0.0	1204
MDA7694983.1	QIZ20229.1	91.787	207	17	0	1	207	1	207	8.64e-136	374
MDA7694984.1	QIZ20228.1	96.943	229	7	0	1	229	1	229	7.58e-169	460
MDA7694985.1	QIZ20227.1	98.400	500	8	0	1	500	1	500	0.0	1011
MDA7694986.1	QIZ20226.1	97.857	140	3	0	1	140	1	140	9.94e-101	286
MDA7694987.1	QIZ20226.1	97.902	143	3	0	1	143	156	298	3.40e-102	290
MDA7694988.1	QIZ20225.1	98.396	374	6	0	1	374	1	374	0.0	761
MDA7694989.1	QIZ20222.1	99.123	342	3	0	1	342	1	342	0.0	716
MDA7694990.1	QIZ20221.1	97.519	645	16	0	1	645	1	645	0.0	1314
MDA7694991.1	QIZ20220.1	96.281	484	18	0	1	484	1	484	0.0	962
MDA7694992.1	QIZ20219.1	93.548	93	6	0	1	93	1	93	2.40e-63	182
MDA7694993.1	QIZ20218.1	96.842	380	12	0	1	380	1	380	0.0	763
MDA7694994.1	QIZ20216.1	99.054	317	3	0	1	317	2	318	0.0	629
MDA7694996.1	QIZ20215.1	98.621	145	2	0	1	145	1	145	3.36e-107	297
MDA7694997.1	QIZ20214.1	98.980	294	3	0	1	294	1	294	0.0	572
MDA7694998.1	QIZ20213.1	97.740	177	4	0	1	177	1	177	2.00e-124	343
MDA7694999.1	QIZ20212.1	94.444	162	9	0	1	162	1	162	3.79e-117	323
MDA7695000.1	QIZ20211.1	94.845	97	5	0	5	101	1	97	9.45e-66	189
MDA7695001.1	QIZ20210.1	98.134	536	10	0	10	545	1	536	0.0	1045
MDA7695002.1	QIZ20208.1	84.091	132	21	0	1	132	1	132	1.16e-75	216
MDA7695003.1	QIZ20206.1	84.562	434	67	0	1	434	1	434	0.0	771
MDA7695004.1	QIZ20205.1	48.649	259	132	1	1	258	16	274	8.66e-60	186
MDA7695005.1	QIZ20204.1	59.062	320	131	0	1	320	1	320	7.81e-149	417
MDA7695006.1	QIZ20199.1	90.286	175	14	1	1	172	1	175	1.86e-109	305
MDA7695007.1	QIZ20198.1	90.299	402	39	0	1	402	1	402	0.0	648
MDA7695008.1	QIZ20197.1	97.924	289	6	0	1	289	1	289	0.0	583
MDA7695009.1	QIZ20196.1	92.462	199	15	0	1	199	1	199	1.76e-141	388
MDA7695010.1	QIZ20195.1	82.474	97	17	0	2	98	164	260	2.43e-54	165
MDA7695011.1	QIZ20195.1	86.061	165	23	0	1	165	1	165	2.50e-108	305
MDA7695012.1	QIZ20192.1	94.611	167	9	0	1	167	1	167	1.35e-117	325
MDA7695013.1	QIZ20191.1	91.848	184	15	0	1	184	1	184	3.64e-129	356
MDA7695014.1	QIZ20190.1	95.000	360	18	0	1	360	1	360	0.0	699
MDA7695015.1	QIZ21234.1	98.450	387	6	0	1	387	1	387	0.0	786
MDA7695016.1	QIZ21233.1	99.671	608	2	0	1	608	1	608	0.0	1236
MDA7695017.1	QIZ21232.1	90.698	215	20	0	1	215	1	215	2.54e-138	382
MDA7695018.1	QIZ21231.1	95.146	206	10	0	1	206	21	226	4.55e-145	399
MDA7695019.1	QIZ21230.1	91.331	323	28	0	1	323	1	323	0.0	593
MDA7695020.1	QIZ21229.1	94.533	439	24	0	1	439	1	439	0.0	798
MDA7695021.1	QIZ21228.1	97.660	470	11	0	1	470	1	470	0.0	940
MDA7695022.1	QIZ21227.1	97.500	120	3	0	1	120	1	120	7.60e-85	239
MDA7695023.1	QIZ21226.1	96.522	115	4	0	1	115	1	115	1.21e-79	225
MDA7695024.1	QIZ21225.1	92.778	180	13	0	1	180	1	180	7.03e-115	319
MDA7695026.1	QIZ21223.1	80.952	294	56	0	1	294	1	294	1.90e-178	489
MDA7695027.1	QIZ21222.1	32.372	312	197	6	1	312	1	298	4.87e-39	135
MDA7695028.1	QIZ21221.1	87.838	148	18	0	1	148	20	167	3.06e-84	240
MDA7695029.1	QIZ21220.1	94.356	691	39	0	1	691	1	691	0.0	1342
MDA7695030.1	QIZ21219.1	89.109	101	11	0	1	101	1	101	5.89e-64	184
MDA7695031.1	QIZ21218.1	99.312	436	3	0	1	436	1	436	0.0	849
MDA7695032.1	QIZ21217.1	93.258	178	12	0	1	178	1	178	1.37e-124	344
MDA7695033.1	QIZ20953.1	43.434	297	140	7	2	296	3	273	2.22e-63	197
MDA7695034.1	QIZ21216.1	87.755	98	12	0	5	102	1	98	1.52e-63	183
MDA7695035.1	QIZ21215.1	95.261	211	10	0	1	211	1	211	1.35e-147	405
MDA7695036.1	QIZ21214.1	97.279	294	8	0	1	294	1	294	0.0	569
MDA7695037.1	QIZ21213.1	92.517	147	11	0	1	147	1	147	2.69e-102	285
MDA7695038.1	QIZ21212.1	85.926	270	38	0	1	270	1	270	2.69e-177	484
MDA7695039.1	QIZ21211.1	60.208	289	115	0	1	289	1	289	2.08e-122	348
MDA7695040.1	QIZ21210.1	89.327	1040	111	0	1	1040	1	1040	0.0	1817
MDA7695041.1	QIZ21209.1	93.970	199	12	0	1	199	1	199	3.59e-141	387
MDA7695042.1	QIZ21207.1	92.437	238	18	0	1	238	1	238	7.41e-171	466
MDA7695043.1	QIZ21206.1	93.886	229	14	0	1	229	1	229	3.14e-152	418
MDA7695044.1	QIZ21205.1	91.900	321	26	0	1	321	1	321	0.0	581
MDA7695045.1	QIZ21204.1	92.810	153	11	0	1	153	1	153	9.38e-103	286
MDA7695046.1	QIZ21203.1	98.131	428	8	0	1	428	1	428	0.0	867
MDA7695047.1	QIZ21202.1	97.070	512	15	0	1	512	1	512	0.0	983
MDA7695048.1	QIZ21201.1	98.298	235	4	0	1	235	1	235	3.68e-169	461
MDA7695049.1	QIZ21200.1	97.294	924	25	0	1	924	1	924	0.0	1826
MDA7695050.1	QIZ21199.1	96.117	309	12	0	1	309	1	309	0.0	593
MDA7695051.1	QIZ21198.1	97.268	183	5	0	1	183	1	183	4.38e-124	343
MDA7695052.1	QIZ21197.1	97.326	187	5	0	1	187	1	187	4.21e-134	369
MDA7695053.1	QIZ21196.1	97.449	392	10	0	1	392	1	392	0.0	780
MDA7695054.1	QIZ21195.1	99.135	347	3	0	1	347	1	347	0.0	716
MDA7695055.1	QIZ21194.1	98.282	291	5	0	1	291	1	291	0.0	582
MDA7695056.1	QIZ21193.1	94.565	184	10	0	1	184	1	184	7.24e-125	345
MDA7695057.1	QIZ21191.1	96.571	350	12	0	1	350	1	350	0.0	669
MDA7695058.1	QIZ21190.1	95.769	520	22	0	1	520	6	525	0.0	1017
MDA7695059.1	QIZ21189.1	99.168	481	4	0	1	481	1	481	0.0	926
MDA7695060.1	QIZ21188.1	95.614	228	10	0	1	228	1	228	7.16e-160	446
MDA7695061.1	QIZ21188.1	97.633	169	4	0	1	169	290	458	9.61e-112	321
MDA7695062.1	QIZ21187.1	90.323	248	24	0	1	248	1	248	2.75e-154	425
MDA7695063.1	QIZ21186.1	97.315	298	8	0	1	298	1	298	0.0	577
MDA7695064.1	QIZ21185.1	96.944	360	11	0	1	360	1	360	0.0	696
MDA7695065.1	QIZ21184.1	98.656	372	5	0	1	372	1	372	0.0	760
MDA7695066.1	QIZ21183.1	98.990	198	2	0	1	198	1	198	1.00e-144	396
MDA7695067.1	QIZ21182.1	93.724	239	15	0	1	239	1	239	6.23e-170	463
MDA7695068.1	QIZ21181.1	97.015	134	4	0	1	134	1	134	9.19e-93	260
MDA7695069.1	QIZ21180.1	100.000	84	0	0	1	84	1	84	2.62e-56	164
MDA7695070.1	QIZ21179.1	98.165	327	6	0	1	327	1	327	0.0	650
MDA7695071.1	QIZ21178.1	97.554	368	9	0	1	368	1	368	0.0	722
MDA7695072.1	QIZ21177.1	92.308	416	32	0	1	416	1	416	0.0	760
MDA7695073.1	QIZ21176.1	95.556	180	8	0	1	180	1	180	1.54e-121	336
MDA7695074.1	QIZ21175.1	95.690	116	5	0	1	116	1	116	2.48e-77	219
MDA7695075.1	QIZ21174.1	97.902	286	6	0	1	286	1	286	0.0	565
MDA7695076.1	QIZ21290.1	97.468	158	4	0	1	158	1	158	7.30e-110	305
MDA7695077.1	QIZ21291.1	92.727	275	20	0	1	275	1	275	0.0	525
MDA7695078.1	QIZ21292.1	96.732	153	5	0	1	153	1	153	5.76e-111	307
MDA7695079.1	QIZ21293.1	98.817	169	2	0	1	169	1	169	2.90e-127	350
MDA7695080.1	QIZ21294.1	99.045	419	4	0	1	419	1	419	0.0	835
MDA7695081.1	QIZ21295.1	95.367	259	12	0	1	259	1	259	0.0	494
MDA7695082.1	QIZ21296.1	97.759	357	8	0	1	357	1	357	0.0	716
MDA7695083.1	QIZ21297.1	94.624	186	10	0	1	186	1	186	5.01e-128	353
MDA7695084.1	QIZ21298.1	90.000	220	21	1	1	219	1	220	4.89e-138	382
MDA7695085.1	QIZ21299.1	95.484	310	14	0	1	310	1	310	0.0	572
MDA7695086.1	QIZ21300.1	92.460	252	19	0	1	252	2	253	7.71e-146	404
MDA7695087.1	QIZ21301.1	93.948	347	21	0	1	347	1	347	0.0	627
MDA7695088.1	QIZ21302.1	94.094	254	15	0	1	254	1	254	1.18e-176	482
MDA7695089.1	QIZ21303.1	97.143	70	2	0	1	70	1	70	1.01e-42	129
MDA7695090.1	QIZ21304.1	97.267	439	12	0	1	439	1	439	0.0	865
MDA7695091.1	QIZ21305.1	96.444	225	8	0	1	225	1	225	5.32e-154	422
MDA7695092.1	QIZ21306.1	97.931	145	3	0	1	145	1	145	7.19e-100	278
MDA7695093.1	QIZ21307.1	99.655	290	1	0	1	290	1	290	0.0	607
MDA7695094.1	QIZ21308.1	99.485	194	1	0	1	194	1	194	3.02e-140	385
MDA7695095.1	QIZ21309.1	98.200	611	11	0	1	611	1	611	0.0	1235
MDA7695096.1	QIZ21310.1	97.163	141	4	0	1	141	1	141	1.94e-94	265
MDA7695097.1	QIZ21312.1	96.800	250	8	0	1	250	1	250	0.0	496
MDA7695098.1	QIZ21313.1	97.510	723	18	0	1	723	1	723	0.0	1464
MDA7695099.1	QIZ21314.1	98.747	399	5	0	1	399	1	399	0.0	812
MDA7695100.1	QIZ21315.1	97.987	149	3	0	1	149	1	149	4.52e-109	302
MDA7695101.1	QIZ21316.1	85.514	214	31	0	1	214	1	214	2.36e-128	357
MDA7695102.1	QIZ21347.1	76.557	546	124	3	24	567	44	587	0.0	833
MDA7695103.1	QIZ21355.1	93.860	114	7	0	1	114	1	114	1.18e-74	213
MDA7695104.1	QIZ21346.1	26.021	661	415	23	163	800	106	715	3.37e-49	181
MDA7695105.1	QIZ21320.1	88.988	336	37	0	1	336	1	336	0.0	619
MDA7695106.1	QIZ21321.1	44.000	250	112	7	1	223	1	249	1.33e-58	181
MDA7695107.1	QIZ21322.1	38.839	224	83	6	15	195	5	217	3.34e-45	145
MDA7695108.1	QIZ21323.1	53.770	305	128	5	2	293	1	305	2.88e-120	343
MDA7695109.1	QIZ21324.1	48.708	271	111	7	1	259	1	255	1.55e-70	213
MDA7695111.1	QIZ21326.1	43.350	1594	771	37	19	1516	17	1574	0.0	1183
MDA7695112.1	QIZ21328.1	64.427	253	90	0	1	253	1	253	4.63e-119	336
MDA7695115.1	QIZ21330.1	58.890	793	263	13	7	747	17	798	0.0	882
MDA7695116.1	QIZ21331.1	60.987	223	84	1	1	220	3	225	8.87e-81	236
MDA7695117.1	QIZ21332.1	52.252	111	49	2	18	127	58	165	1.70e-34	113
MDA7695118.1	QIZ21333.1	65.067	521	170	7	1	512	1	518	0.0	642
MDA7695119.1	QIZ21334.1	83.248	585	95	1	1	585	1	582	0.0	1009
MDA7695120.1	QIZ21335.1	77.017	409	94	0	1	409	1	409	0.0	587
MDA7695121.1	QIZ21336.1	60.448	134	53	0	4	137	9	142	7.73e-56	167
MDA7695122.1	QIZ21337.1	76.768	99	23	0	1	99	1	99	8.64e-53	156
MDA7695126.1	QIZ20944.1	95.188	478	23	0	1	478	109	586	0.0	888
MDA7695127.1	QIZ20943.1	97.674	172	4	0	1	172	1	172	1.58e-122	338
MDA7695128.1	QIZ20942.1	95.161	310	15	0	1	310	1	310	0.0	598
MDA7695129.1	QIZ20941.1	93.089	246	17	0	1	246	1	246	4.94e-171	467
MDA7695130.1	QIZ20940.1	95.597	159	7	0	1	159	1	159	7.10e-113	313
MDA7695131.1	QIZ20939.1	95.146	309	15	0	1	309	1	309	0.0	614
MDA7695132.1	QIZ20937.1	94.792	384	20	0	1	384	1	384	0.0	741
MDA7695133.1	QIZ20936.1	98.909	275	3	0	1	275	1	275	0.0	559
MDA7695134.1	QIZ20935.1	99.552	223	1	0	1	223	1	223	2.21e-164	448
MDA7695135.1	QIZ20934.1	97.917	288	6	0	1	288	1	288	0.0	552
MDA7695136.1	QIZ20933.1	96.595	558	19	0	1	558	1	558	0.0	1111
MDA7695137.1	QIZ20932.1	100.000	83	0	0	1	83	1	83	7.85e-58	167
MDA7695138.1	QIZ20931.1	96.491	114	4	0	1	114	1	114	3.94e-74	211
MDA7695139.1	QIZ20930.1	100.000	54	0	0	1	54	1	54	3.72e-33	103
MDA7695140.1	QIZ20929.1	80.753	239	46	0	1	239	1	239	1.46e-141	392
MDA7695141.1	QIZ20928.1	100.000	65	0	0	1	65	1	65	3.04e-43	129
MDA7695142.1	QIZ20927.1	98.378	185	3	0	1	185	1	185	1.71e-134	369
MDA7695143.1	QIZ20926.1	98.801	417	5	0	1	417	1	417	0.0	818
MDA7695144.1	QIZ20925.1	99.237	131	1	0	1	131	1	131	6.89e-92	257
MDA7695145.1	QIZ20924.1	97.430	428	11	0	1	428	1	428	0.0	834
MDA7695146.1	QIZ20923.1	100.000	71	0	0	1	71	1	71	2.42e-50	147
MDA7695147.1	QIZ20922.1	70.450	467	134	3	1	465	1	465	0.0	648
MDA7695148.1	QIZ20921.1	47.143	350	180	3	1	349	1	346	2.19e-111	324
MDA7695149.1	QIZ20920.1	52.402	229	108	1	1	229	1	228	5.77e-79	232
MDA7695150.1	QIZ20910.1	79.570	93	19	0	4	96	33	125	1.73e-54	161
MDA7695151.1	QIZ20911.1	79.032	186	39	0	1	186	1	186	1.47e-108	304
MDA7695165.1	QIZ20908.1	54.585	229	98	3	1	223	1	229	1.47e-79	234
MDA7695166.1	QIZ20898.1	36.059	477	294	7	3	475	4	473	2.91e-100	305
MDA7695167.1	QIZ20897.1	59.813	107	40	2	1	105	1	106	6.38e-43	132
MDA7695168.1	QIZ20896.1	47.653	426	215	6	1	422	1	422	4.77e-139	400
MDA7695169.1	QIZ20895.1	90.260	308	30	0	1	308	1	308	0.0	590
MDA7695170.1	QIZ20894.1	98.491	265	4	0	1	265	1	265	0.0	518
MDA7695171.1	QIZ20893.1	98.049	410	8	0	1	410	1	410	0.0	828
MDA7695172.1	QIZ20892.1	95.694	209	9	0	1	209	1	209	5.39e-146	400
MDA7695173.1	QIZ20891.1	93.913	230	14	0	1	230	1	230	7.67e-159	435
MDA7695174.1	QIZ20890.1	97.895	95	2	0	1	95	1	95	1.91e-65	187
MDA7695175.1	QIZ20889.1	98.611	576	8	0	1	576	1	576	0.0	1148
MDA7695176.1	QIZ20888.1	95.631	206	9	0	12	217	12	217	1.27e-135	375
MDA7695178.1	QIZ20452.1	93.286	283	19	0	1	283	1	283	0.0	525
MDA7695179.1	QIZ20451.1	96.721	183	6	0	1	183	1	183	8.66e-130	357
MDA7695180.1	QIZ20450.1	71.111	225	65	0	1	225	1	225	2.12e-102	291
MDA7695181.1	QIZ20449.1	68.692	214	67	0	1	214	5	218	7.82e-94	269
MDA7695182.1	QIZ20448.1	60.465	387	151	1	3	387	2	388	7.64e-157	442
MDA7695185.1	QIZ20446.1	84.247	146	23	0	1	146	1	146	9.26e-92	258
MDA7695186.1	QIZ20445.1	67.278	327	102	2	1	323	1	326	4.68e-153	428
MDA7695187.1	QIZ20444.1	64.231	260	93	0	1	260	1	260	1.28e-123	348
MDA7695188.1	QIZ20443.1	61.597	263	99	1	20	282	1	261	1.41e-95	278
MDA7695189.1	QIZ20442.1	67.196	378	120	2	1	376	1	376	4.96e-176	490
MDA7695190.1	QIZ20441.1	91.613	465	38	1	1	464	1	465	0.0	878
MDA7695191.1	QIZ20440.1	97.778	225	5	0	1	225	1	225	2.36e-162	443
MDA7695192.1	QIZ20439.1	95.817	263	11	0	1	263	1	263	2.82e-171	469
MDA7695193.1	QIZ20438.1	97.879	330	7	0	1	330	1	330	0.0	650
MDA7695194.1	QIZ20437.1	96.859	191	6	0	1	191	1	191	4.20e-134	369
MDA7695195.1	QIZ20436.1	96.074	484	19	0	1	484	1	484	0.0	893
MDA7695196.1	QIZ20435.1	93.446	473	31	0	1	473	1	473	0.0	805
MDA7695197.1	QIZ20434.1	96.748	246	8	0	1	246	1	246	7.69e-178	484
MDA7695198.1	QIZ20433.1	98.000	100	2	0	1	100	1	100	1.34e-66	191
MDA7695199.1	QIZ20432.1	97.770	538	12	0	1	538	1	538	0.0	1072
MDA7695200.1	QIZ20431.1	97.810	274	6	0	1	274	1	274	0.0	558
MDA7695201.1	QIZ20430.1	96.651	418	14	0	1	418	1	418	0.0	818
MDA7695202.1	QIZ20429.1	100.000	100	0	0	1	100	1	100	6.30e-65	187
MDA7695203.1	QIZ20428.1	86.364	308	42	0	1	308	1	308	0.0	549
MDA7695204.1	QIZ20427.1	73.793	145	38	0	1	145	1	145	1.30e-79	228
MDA7695205.1	QIZ20426.1	75.000	152	38	0	1	152	1	152	5.55e-74	214
MDA7695206.1	QIZ20425.1	93.413	167	11	0	1	167	1	167	7.25e-105	293
MDA7695207.1	QIZ20424.1	96.496	371	13	0	1	371	1	371	0.0	711
MDA7695208.1	QIZ20423.1	94.604	593	32	0	1	593	1	593	0.0	1055
MDA7695209.1	QIZ20422.1	95.787	451	19	0	1	451	1	451	0.0	848
MDA7695210.1	QIZ20421.1	96.112	463	18	0	1	463	1	463	0.0	833
MDA7695211.1	QIZ20420.1	96.162	469	18	0	1	469	1	469	0.0	748
MDA7695212.1	QIZ20419.1	88.857	350	35	1	1	350	1	346	0.0	647
MDA7695213.1	QIZ20418.1	95.801	381	16	0	1	381	1	381	0.0	685
MDA7695214.1	QIZ20417.1	97.887	426	9	0	1	426	1	426	0.0	836
MDA7695215.1	QIZ20416.1	98.333	240	4	0	1	240	5	244	8.41e-178	484
MDA7695216.1	QIZ20415.1	95.082	122	6	0	1	122	1	122	5.60e-81	229
MDA7695217.1	QIZ20414.1	95.652	253	11	0	1	253	1	253	2.35e-175	501
MDA7695218.1	QIZ21406.1	87.021	339	43	1	1	338	1	339	0.0	576
MDA7695219.1	QIZ21405.1	97.681	345	8	0	1	345	1	345	0.0	679
MDA7695220.1	QIZ21404.1	99.231	520	4	0	1	520	1	520	0.0	1064
MDA7695221.1	QIZ21403.1	99.705	339	1	0	1	339	1	339	0.0	691
MDA7695222.1	QIZ21402.1	91.758	182	15	0	1	182	1	182	2.11e-122	338
MDA7695223.1	QIZ21401.1	98.980	588	6	0	1	588	1	588	0.0	1212
MDA7695224.1	QIZ21400.1	92.926	311	22	0	1	311	1	311	0.0	511
MDA7695225.1	QIZ21399.1	98.726	471	6	0	1	471	1	471	0.0	922
MDA7695226.1	QIZ21398.1	95.082	61	3	0	1	61	1	61	4.14e-37	114
MDA7695227.1	QIZ21397.1	99.654	289	1	0	1	289	1	289	0.0	573
MDA7695228.1	QIZ21396.1	98.087	366	7	0	1	366	1	366	0.0	729
MDA7695229.1	QIZ21395.1	98.540	274	4	0	1	274	1	274	0.0	545
MDA7695230.1	QIZ21388.1	92.698	315	23	0	1	315	1	315	0.0	616
MDA7695234.1	QIZ21387.1	96.970	462	14	0	1	462	1	462	0.0	922
MDA7695235.1	QIZ21386.1	85.093	483	72	0	1	483	1	483	0.0	778
MDA7695236.1	QIZ21385.1	97.345	678	18	0	1	678	1	678	0.0	1353
MDA7695237.1	QIZ21384.1	92.021	564	45	0	1	564	1	564	0.0	1043
MDA7695238.1	QIZ21383.1	89.497	676	71	0	1	676	1	676	0.0	1222
MDA7695239.1	QIZ21382.1	56.274	263	113	1	18	278	19	281	1.16e-102	296
MDA7695240.1	QIZ21381.1	89.216	306	33	0	1	306	1	306	0.0	538
MDA7695241.1	QIZ21380.1	91.599	369	31	0	1	369	1	369	0.0	663
MDA7695242.1	QIZ21379.1	84.000	225	36	0	1	225	1	225	3.80e-122	342
MDA7695243.1	QIZ21378.1	93.092	304	21	0	1	304	1	304	0.0	539
MDA7695244.1	QIZ21377.1	91.667	312	26	0	1	312	1	312	0.0	536
MDA7695245.1	QIZ21376.1	94.828	464	24	0	1	464	1	464	0.0	899
MDA7695246.1	QIZ21375.1	93.258	356	24	0	1	356	1	356	0.0	658
MDA7695247.1	QIZ21372.1	93.478	46	3	0	1	46	903	948	4.20e-22	82.0
MDA7695249.1	QIZ20371.1	91.909	482	39	0	1	482	32	513	0.0	915
MDA7695250.1	QIZ20370.1	93.701	254	16	0	1	254	1	254	5.58e-169	462
MDA7695251.1	QIZ20369.1	91.051	257	23	0	1	257	1	257	6.53e-177	483
MDA7695252.1	QIZ20368.1	91.765	170	14	0	15	184	1	170	9.86e-117	324
MDA7695253.1	QIZ20367.1	95.897	390	16	0	1	390	1	390	0.0	675
MDA7695254.1	QIZ20366.1	70.857	175	39	5	1	171	1	167	3.13e-75	218
MDA7695255.1	QIZ20365.1	96.774	93	3	0	1	93	1	93	4.21e-63	182
MDA7695256.1	QIZ20364.1	92.401	329	25	0	1	329	1	329	0.0	624
MDA7695257.1	QIZ20363.1	90.476	315	30	0	1	315	1	315	0.0	583
MDA7695258.1	QIZ20362.1	86.702	564	75	0	1	564	1	564	0.0	983
MDA7695259.1	QIZ20361.1	60.274	73	29	0	1	73	7	79	9.02e-30	97.1
MDA7695260.1	QIZ20360.1	65.156	706	242	4	2	706	4	706	0.0	917
MDA7695263.1	QIZ20359.1	62.264	318	107	2	1	318	1	305	2.12e-151	422
MDA7695265.1	QIZ20357.1	88.966	145	16	0	1	145	1	145	3.18e-96	270
MDA7695266.1	QIZ20356.1	94.565	92	5	0	1	92	4	95	8.17e-61	176
MDA7695267.1	QIZ20355.1	98.227	282	5	0	1	282	1	282	0.0	553
MDA7695268.1	QIZ20354.1	72.000	300	82	2	1	298	1	300	2.99e-152	424
MDA7695269.1	QIZ20353.1	97.442	430	11	0	1	430	1	430	0.0	831
MDA7695270.1	QIZ20352.1	66.216	74	12	1	1	61	1	74	4.25e-28	91.7
MDA7695271.1	QIZ20351.1	94.412	340	19	0	1	340	1	340	0.0	644
MDA7695272.1	QIZ20350.1	95.973	149	6	0	1	149	1	149	4.02e-107	297
MDA7695273.1	QIZ20349.1	96.732	153	5	0	1	153	1	153	2.11e-109	303
MDA7695274.1	QIZ20348.1	98.416	442	7	0	1	442	1	442	0.0	898
MDA7695275.1	QIZ20347.1	93.750	336	21	0	1	336	1	336	0.0	582
MDA7695276.1	QIZ20346.1	96.875	96	3	0	1	96	1	96	4.83e-60	174
MDA7695277.1	QIZ20345.1	100.000	63	0	0	1	63	1	63	4.14e-41	124
MDA7695278.1	QIZ20344.1	96.000	125	5	0	1	125	1	125	2.33e-83	235
MDA7695279.1	QIZ20343.1	94.000	100	6	0	1	100	1	100	5.85e-64	184
MDA7695280.1	QIZ20342.1	93.713	334	21	0	1	334	1	334	0.0	634
MDA7695281.1	QIZ20341.1	98.333	60	1	0	1	60	1	60	6.79e-41	123
MDA7695282.1	QIZ20340.1	94.444	144	8	0	12	155	12	155	1.49e-86	246
MDA7695283.1	QIZ20339.1	56.934	137	59	0	17	153	17	153	2.01e-55	167
MDA7695284.1	QIZ20338.1	98.288	701	12	0	1	701	1	701	0.0	1349
MDA7695285.1	QIZ20337.1	96.238	319	12	0	1	319	1	319	0.0	599
MDA7695286.1	QIZ20336.1	96.269	134	5	0	1	134	1	134	4.86e-93	260
MDA7695287.1	QIZ20335.1	98.438	128	2	0	1	128	1	128	2.38e-90	253
MDA7695288.1	QIZ20334.1	98.087	366	7	0	1	366	1	366	0.0	712
MDA7695289.1	QIZ20333.1	94.924	197	10	0	1	197	1	197	2.19e-135	373
MDA7695296.1	QIZ21235.1	99.459	555	3	0	1	555	1	555	0.0	1092
MDA7695297.1	QIZ21236.1	100.000	96	0	0	1	96	1	96	1.33e-65	188
MDA7695298.1	QIZ21237.1	86.765	272	36	0	1	272	1	272	4.82e-178	487
MDA7695299.1	QIZ21238.1	94.754	305	16	0	1	305	1	305	0.0	569
MDA7695300.1	QIZ21239.1	95.138	905	44	0	1	905	1	905	0.0	1751
MDA7695301.1	QIZ21241.1	57.407	108	42	2	1	105	1	107	2.55e-27	93.6
MDA7695302.1	QIZ21242.1	82.058	379	68	0	1	379	1	379	0.0	593
MDA7695303.1	QIZ21243.1	78.610	187	40	0	1	187	1	187	1.03e-91	261
MDA7695304.1	QIZ21244.1	78.622	421	90	0	1	421	1	421	0.0	681
MDA7695305.1	QIZ21245.1	83.871	62	10	0	1	62	1	62	1.10e-35	110
MDA7695306.1	QIZ21246.1	78.322	286	62	0	1	286	1	286	1.73e-167	461
MDA7695307.1	QIZ21247.1	73.567	314	83	0	1	314	1	314	2.43e-167	463
MDA7695308.1	QIZ21248.1	72.381	420	116	0	1	420	1	420	0.0	574
MDA7695309.1	QIZ21249.1	68.739	579	180	1	1	579	1	578	0.0	806
MDA7695310.1	QIZ21250.1	78.322	286	62	0	1	286	1	286	1.03e-165	457
MDA7695311.1	QIZ21251.1	91.791	134	11	0	1	134	1	134	1.29e-93	262
MDA7695312.1	QIZ21252.1	97.222	324	9	0	1	324	1	324	0.0	634
MDA7695313.1	QIZ21253.1	94.265	279	16	0	1	279	1	279	0.0	543
MDA7695315.1	QIZ21254.1	96.154	78	3	0	1	78	1	78	3.17e-54	158
MDA7695316.1	QIZ21255.1	94.958	119	6	0	1	119	1	119	7.23e-80	226
MDA7695317.1	QIZ21256.1	95.000	220	11	0	1	220	1	220	3.42e-145	399
MDA7695318.1	QIZ21257.1	92.704	233	17	0	1	233	1	233	1.69e-157	431
MDA7695319.1	QIZ21258.1	94.465	271	15	0	1	271	1	271	0.0	510
MDA7695320.1	QIZ21259.1	98.529	544	8	0	1	544	1	544	0.0	1078
MDA7695321.1	QIZ21260.1	95.380	303	14	0	1	303	1	303	0.0	582
MDA7695322.1	QIZ21262.1	94.944	178	9	0	1	178	1	178	3.18e-127	350
MDA7695323.1	QIZ21263.1	98.855	262	3	0	1	262	1	262	0.0	525
MDA7695324.1	QIZ21264.1	83.871	217	35	0	1	217	1	217	7.15e-123	343
MDA7695325.1	QIZ21265.1	89.738	458	47	0	1	458	1	458	0.0	850
MDA7695326.1	QIZ21266.1	90.683	161	15	0	1	161	1	161	5.63e-112	310
MDA7695327.1	QIZ21267.1	97.163	141	4	0	1	141	1	141	1.39e-97	273
MDA7695328.1	QIZ21268.1	92.208	77	6	0	1	77	246	322	3.04e-47	148
MDA7695329.1	QIZ21407.1	94.444	90	5	0	1	90	84	173	1.48e-47	145
MDA7695330.1	QIZ21408.1	94.954	654	33	0	1	654	1	654	0.0	1271
MDA7695331.1	QIZ21409.1	95.442	373	17	0	1	373	1	373	0.0	655
MDA7695332.1	QIZ21410.1	95.874	412	17	0	1	412	1	412	0.0	819
MDA7695333.1	QIZ21411.1	94.295	298	17	0	1	298	1	298	0.0	559
MDA7695334.1	QIZ21412.1	96.835	316	10	0	1	316	1	316	0.0	629
MDA7695335.1	QIZ21413.1	95.623	297	13	0	1	297	1	297	0.0	580
MDA7695336.1	QIZ21414.1	96.748	123	4	0	1	123	1	123	1.68e-88	248
MDA7695339.1	QIZ20565.1	45.205	292	153	4	1	291	4	289	1.03e-85	254
MDA7695341.1	QIZ21415.1	95.238	84	4	0	1	84	1	84	1.05e-57	167
MDA7695342.1	QIZ21416.1	98.980	98	1	0	1	98	1	98	5.34e-68	194
MDA7695343.1	QIZ21417.1	95.588	204	9	0	1	204	1	204	1.63e-124	346
MDA7695344.1	QIZ21418.1	99.758	413	1	0	1	413	1	413	0.0	849
MDA7695345.1	QIZ21419.1	99.663	297	1	0	1	297	1	297	0.0	592
MDA7695346.1	QIZ21420.1	97.714	350	8	0	1	350	1	350	0.0	682
MDA7695347.1	QIZ21421.1	98.780	246	3	0	1	246	1	246	0.0	493
MDA7695348.1	QIZ21422.1	98.084	261	5	0	1	261	1	261	0.0	521
MDA7695349.1	QIZ21423.1	93.590	234	15	0	1	234	1	234	3.95e-165	451
MDA7695350.1	QIZ21424.1	93.458	107	7	0	1	107	1	107	6.07e-69	197
MDA7695351.1	QIZ21425.1	96.040	303	12	0	1	303	1	303	0.0	586
MDA7695353.1	QIZ21426.1	96.970	264	8	0	1	264	1	264	0.0	518
MDA7695354.1	QIZ21427.1	97.447	235	6	0	1	235	1	235	1.16e-169	462
MDA7695355.1	QIZ21428.1	98.512	336	5	0	1	336	1	336	0.0	655
MDA7695356.1	QIZ21429.1	97.065	443	13	0	14	456	1	443	0.0	857
MDA7695357.1	QIZ21430.1	96.899	387	12	0	1	387	1	387	0.0	746
MDA7695358.1	QIZ21431.1	71.146	253	73	0	1	253	1	253	7.58e-121	340
MDA7695359.1	QIZ21432.1	98.343	181	3	0	1	181	217	397	2.30e-123	349
MDA7695360.1	QIZ20654.1	52.218	293	139	1	1	293	66	357	4.22e-83	250
MDA7695361.1	QIZ20655.1	36.790	810	484	11	1	787	1	805	5.22e-161	483
MDA7695362.1	QIZ20656.1	41.914	303	171	4	3	303	1	300	2.64e-59	188
MDA7695363.1	QIZ20657.1	65.732	321	109	1	1	321	1	320	2.65e-134	380
MDA7695364.1	QIZ20658.1	89.313	262	28	0	1	262	1	262	5.82e-171	468
MDA7695365.1	QIZ20659.1	95.238	210	10	0	1	210	1	210	3.79e-147	404
MDA7695366.1	QIZ20660.1	100.000	79	0	0	1	79	1	79	1.08e-50	149
MDA7695367.1	QIZ20661.1	99.184	245	2	0	1	245	3	247	5.82e-179	487
MDA7695368.1	QIZ20662.1	95.161	310	15	0	1	310	1	310	0.0	574
MDA7695369.1	QIZ20663.1	97.521	121	3	0	1	121	1	121	6.74e-84	236
MDA7695370.1	QIZ20664.1	97.143	70	2	0	23	92	1	70	1.67e-46	139
MDA7695371.1	QIZ20665.1	98.026	152	3	0	1	152	1	152	6.40e-103	287
MDA7695372.1	QIZ20666.1	90.598	468	44	0	1	468	1	468	0.0	880
MDA7695373.1	QIZ20667.1	94.332	794	45	0	1	794	1	794	0.0	1447
MDA7695374.1	QIZ20668.1	91.160	181	16	0	1	181	1	181	3.90e-108	302
MDA7695375.1	QIZ20669.1	97.769	493	11	0	1	493	1	493	0.0	987
MDA7695376.1	QIZ20670.1	96.056	431	17	0	1	431	1	431	0.0	849
MDA7695377.1	QIZ20671.1	90.939	309	28	0	1	309	1	309	0.0	573
MDA7695378.1	QIZ20672.1	96.154	286	11	0	1	286	1	286	0.0	548
MDA7695379.1	QIZ20673.1	96.767	433	14	0	1	433	1	433	0.0	846
MDA7695380.1	QIZ20674.1	95.929	393	16	0	1	393	1	393	0.0	775
MDA7695381.1	QIZ20675.1	88.235	68	8	0	1	68	1	68	4.37e-40	122
MDA7695382.1	QIZ20676.1	95.031	161	8	0	1	161	1	161	1.75e-99	279
MDA7695386.1	QIZ21143.1	94.245	139	8	0	1	139	1	139	1.31e-92	265
MDA7695387.1	QIZ21144.1	97.124	452	13	0	1	452	1	452	0.0	884
MDA7695388.1	QIZ21146.1	96.491	228	8	0	1	228	1	228	4.55e-165	450
MDA7695389.1	QIZ21148.1	98.501	467	7	0	1	467	1	467	0.0	955
MDA7695390.1	QIZ21149.1	98.522	203	3	0	1	203	9	211	3.26e-147	403
MDA7695391.1	QIZ21150.1	98.370	368	6	0	1	368	1	368	0.0	741
MDA7695392.1	QIZ20975.1	37.179	390	217	6	5	371	9	393	6.12e-71	223
MDA7695393.1	QIZ21444.1	83.784	740	120	0	1	740	1	740	0.0	1281
MDA7695394.1	QIZ21151.1	96.252	587	22	0	1	587	1	587	0.0	1173
MDA7695395.1	QIZ21152.1	95.018	542	27	0	1	542	1	542	0.0	1055
MDA7695396.1	QIZ21153.1	95.736	258	11	0	1	258	1	258	0.0	508
MDA7695397.1	QIZ21154.1	93.767	369	23	0	1	369	1	369	0.0	704
MDA7695398.1	QIZ21155.1	94.895	333	17	0	1	333	1	333	0.0	649
MDA7695399.1	QIZ21156.1	91.339	127	11	0	1	127	1	127	1.91e-82	233
MDA7695400.1	QIZ21157.1	92.593	108	8	0	1	108	1	108	1.92e-60	176
MDA7695401.1	QIZ21158.1	98.305	590	10	0	1	590	1	590	0.0	1219
MDA7695402.1	QIZ21159.1	98.701	231	3	0	1	231	27	257	3.87e-174	474
MDA7695403.1	QIZ21160.1	98.390	497	8	0	1	497	1	497	0.0	1006
MDA7695404.1	QIZ21161.1	99.062	320	3	0	1	320	1	320	0.0	633
MDA7695405.1	QIZ21162.1	97.668	386	9	0	1	386	1	386	0.0	750
MDA7695406.1	QIZ21163.1	98.282	291	5	0	1	291	1	291	0.0	576
MDA7695407.1	QIZ21164.1	82.922	486	83	0	1	486	1	486	0.0	858
MDA7695408.1	QIZ21138.1	98.305	59	1	0	1	59	1	59	9.04e-38	115
MDA7695409.1	QIZ21137.1	97.753	445	10	0	1	445	1	445	0.0	901
MDA7695410.1	QIZ21136.1	100.000	453	0	0	1	453	1	453	0.0	894
MDA7695411.1	QIZ21135.1	96.410	195	7	0	1	195	1	195	1.12e-142	391
MDA7695412.1	QIZ21134.1	99.481	385	2	0	1	385	1	385	0.0	795
MDA7695413.1	QIZ21133.1	99.160	357	3	0	1	357	1	357	0.0	726
MDA7695414.1	QIZ21132.1	98.886	359	4	0	1	359	1	359	0.0	710
MDA7695415.1	QIZ21131.1	100.000	282	0	0	1	282	1	282	0.0	554
MDA7695416.1	QIZ21130.1	100.000	286	0	0	1	286	1	286	0.0	566
MDA7695417.1	QIZ21129.1	99.609	511	2	0	1	511	1	511	0.0	1050
MDA7695418.1	QIZ21128.1	100.000	353	0	0	1	353	1	353	0.0	711
MDA7695419.1	QIZ21127.1	98.333	360	6	0	1	360	1	360	0.0	721
MDA7695420.1	QIZ21126.1	96.517	402	14	0	1	402	1	402	0.0	754
MDA7695421.1	QIZ21125.1	95.584	317	14	0	1	317	1	317	0.0	621
MDA7695424.1	QIZ21124.1	33.492	421	271	6	57	473	41	456	1.49e-74	238
MDA7695425.1	QIZ21123.1	97.150	386	11	0	1	386	1	386	0.0	781
MDA7695426.1	QIZ21122.1	91.623	382	32	0	1	382	1	382	0.0	745
MDA7695427.1	QIZ21120.1	51.724	145	68	1	20	164	27	169	8.55e-50	154
MDA7695428.1	QIZ21119.1	83.761	117	19	0	1	117	1	117	1.00e-61	181
MDA7695429.1	QIZ21118.1	89.595	173	18	0	1	173	1	173	1.02e-115	321
MDA7695430.1	QIZ21117.1	94.400	625	35	0	1	625	1	625	0.0	1112
MDA7695431.1	QIZ21116.1	94.928	138	7	0	1	138	1	138	7.13e-94	263
MDA7695432.1	QIZ21115.1	92.000	75	6	0	1	75	1	75	6.27e-48	142
MDA7695433.1	QIZ21114.1	96.045	177	7	0	1	177	60	236	8.14e-123	342
MDA7695434.1	QIZ21511.1	85.714	189	27	0	1	189	1	189	8.21e-125	345
MDA7695435.1	QIZ21512.1	85.976	164	23	0	4	167	3	166	1.53e-100	282
MDA7695436.1	QIZ21513.1	99.259	810	6	0	1	810	1	810	0.0	1665
MDA7695437.1	QIZ21514.1	96.787	249	8	0	1	249	1	249	7.31e-175	477
MDA7695438.1	QIZ21515.1	98.107	317	6	0	1	317	1	317	0.0	634
MDA7695439.1	QIZ21516.1	96.846	539	17	0	1	539	1	539	0.0	1091
MDA7695440.1	QIZ21517.1	81.944	72	13	0	1	72	1	72	3.34e-39	120
MDA7695441.1	QIZ21518.1	34.505	313	199	3	6	316	5	313	7.74e-58	185
MDA7695442.1	QIZ21344.1	71.127	284	80	1	1	284	1	282	4.77e-145	404
MDA7695443.1	QIZ21519.1	96.774	124	4	0	1	124	1	124	6.23e-90	252
MDA7695444.1	QIZ21520.1	96.129	155	6	0	1	155	1	155	3.90e-113	313
MDA7695445.1	QIZ21521.1	95.545	202	9	0	1	202	1	202	2.78e-149	408
MDA7695446.1	QIZ21522.1	97.297	333	9	0	1	333	1	333	0.0	662
MDA7695447.1	QIZ21523.1	98.305	295	5	0	1	295	1	295	0.0	599
MDA7695448.1	QIZ21524.1	90.756	476	44	0	1	476	1	476	0.0	897
MDA7695450.1	QIZ21525.1	98.118	425	8	0	1	425	1	425	0.0	871
MDA7695451.1	QIZ21527.1	99.410	339	2	0	1	339	1	339	0.0	697
MDA7695452.1	QIZ21528.1	100.000	61	0	0	1	61	1	61	1.20e-41	125
MDA7695453.1	QIZ21529.1	97.605	167	4	0	2	168	1	167	5.46e-123	339
MDA7695454.1	QIZ21530.1	99.813	536	1	0	1	536	1	536	0.0	1043
MDA7695455.1	QIZ21531.1	99.716	352	1	0	1	352	1	352	0.0	710
MDA7695456.1	QIZ21532.1	99.569	232	1	0	1	232	1	232	2.77e-168	459
MDA7695457.1	QIZ21533.1	100.000	103	0	0	1	103	1	103	1.36e-71	204
MDA7695458.1	QIZ21534.1	100.000	122	0	0	1	122	1	122	2.02e-86	243
MDA7695459.1	QIZ21535.1	100.000	61	0	0	1	61	1	61	6.89e-36	110
MDA7695460.1	QIZ21536.1	100.000	227	0	0	1	227	1	227	2.37e-169	461
MDA7695461.1	QIZ21537.1	97.161	317	9	0	1	317	1	317	0.0	615
MDA7695462.1	QIZ21538.1	85.366	164	24	0	1	164	1	164	1.25e-96	275
MDA7695464.1	QIZ20733.1	58.966	290	119	0	1	290	1	290	5.09e-120	341
MDA7695467.1	QIZ20732.1	95.035	423	21	0	1	423	1	423	0.0	830
MDA7695468.1	QIZ20731.1	97.710	131	3	0	1	131	1	131	9.35e-93	259
MDA7695469.1	QIZ20730.1	85.714	189	27	0	1	189	1	189	7.64e-120	333
MDA7695470.1	QIZ20729.1	94.167	120	7	0	1	120	1	120	1.24e-83	236
MDA7695471.1	QIZ20728.1	93.831	308	19	0	1	308	1	308	0.0	565
MDA7695472.1	QIZ20727.1	94.444	432	24	0	1	432	1	432	0.0	766
MDA7695473.1	QIZ20726.1	98.956	383	4	0	1	383	1	383	0.0	766
MDA7695474.1	QIZ20725.1	93.476	889	58	0	1	889	1	889	0.0	1694
MDA7695475.1	QIZ20724.1	89.109	404	44	0	1	404	1	404	0.0	758
MDA7695476.1	QIZ20723.1	95.349	215	10	0	1	215	1	215	1.05e-156	428
MDA7695477.1	QIZ20722.1	93.258	267	18	0	1	267	1	267	1.05e-171	470
MDA7695478.1	QIZ20721.1	59.934	302	117	2	1	298	1	302	1.17e-130	369
MDA7695479.1	QIZ20720.1	96.059	203	8	0	1	203	1	203	1.89e-142	391
MDA7695480.1	QIZ20719.1	94.972	358	18	0	1	358	1	358	0.0	647
MDA7695481.1	QIZ20718.1	86.897	145	19	0	1	145	1	145	6.27e-90	253
MDA7695482.1	QIZ20717.1	94.050	521	31	0	1	521	1	521	0.0	975
MDA7695483.1	QIZ20715.1	81.890	254	46	0	3	256	4	257	2.65e-152	420
MDA7695484.1	QIZ21439.1	95.103	388	19	0	1	388	1	388	0.0	777
MDA7695485.1	QIZ21440.1	96.961	362	11	0	1	362	1	362	0.0	728
MDA7695486.1	QIZ21441.1	85.263	285	40	2	13	295	13	297	2.10e-180	498
MDA7695487.1	QIZ20762.1	90.909	77	7	0	1	77	1	77	3.21e-27	96.7
MDA7695488.1	QIZ20763.1	98.408	628	10	0	3	630	1	628	0.0	1263
MDA7695489.1	QIZ20764.1	95.726	351	15	0	1	351	1	351	0.0	672
MDA7695490.1	QIZ20765.1	96.949	295	9	0	1	295	30	324	0.0	585
MDA7695491.1	QIZ20766.1	96.226	159	6	0	1	159	1	159	5.00e-106	295
MDA7695492.1	QIZ20767.1	98.206	446	8	0	1	446	1	446	0.0	898
MDA7695493.1	QIZ20768.1	99.257	269	2	0	1	269	1	269	0.0	531
MDA7695494.1	QIZ20769.1	100.000	138	0	0	1	138	1	138	1.70e-98	275
MDA7695495.1	QIZ20770.1	99.107	224	2	0	1	224	1	224	3.08e-162	443
MDA7695496.1	QIZ20771.1	97.561	164	4	0	1	164	1	164	1.57e-118	327
MDA7695497.1	QIZ20772.1	97.095	241	7	0	1	241	1	241	1.85e-176	480
MDA7695498.1	QIZ20773.1	98.134	268	5	0	1	268	1	268	0.0	541
MDA7695499.1	QIZ20774.1	91.758	182	14	1	1	182	1	181	5.08e-118	327
MDA7695500.1	QIZ20775.1	94.595	148	8	0	1	148	1	148	6.08e-99	276
MDA7695501.1	QIZ20776.1	98.131	107	2	0	1	107	1	107	1.89e-66	191
MDA7695502.1	QIZ20777.1	95.245	652	31	0	1	652	1	652	0.0	1284
MDA7695503.1	QIZ20778.1	96.418	335	12	0	1	335	1	335	0.0	665
MDA7695504.1	QIZ20779.1	89.541	392	41	0	1	392	1	392	0.0	704
MDA7695505.1	QIZ20780.1	90.774	336	31	0	1	336	1	336	0.0	640
MDA7695506.1	QIZ20781.1	91.304	207	18	0	1	207	1	207	1.50e-119	333
MDA7695507.1	QIZ20782.1	97.849	186	4	0	1	186	1	186	4.22e-138	379
MDA7695508.1	QIZ20783.1	96.748	246	8	0	1	246	1	246	5.06e-179	487
MDA7695509.1	QIZ20784.1	98.684	76	1	0	1	76	1	76	1.48e-53	156
MDA7695510.1	QIZ20785.1	96.923	195	6	0	1	195	1	195	3.97e-140	384
MDA7695511.1	QIZ20786.1	100.000	64	0	0	1	64	1	64	4.42e-39	119
MDA7695512.1	QIZ20853.1	52.402	229	109	0	4	232	10	238	3.81e-81	238
MDA7695513.1	QIZ20788.1	97.198	464	13	0	1	464	1	464	0.0	904
MDA7695514.1	QIZ20789.1	99.020	102	1	0	1	102	1	102	2.17e-70	201
MDA7695515.1	QIZ20790.1	90.884	362	33	0	1	362	1	362	0.0	658
MDA7695517.1	QIZ20792.1	100.000	41	0	0	1	41	1	41	1.01e-23	78.6
MDA7695518.1	QIZ20793.1	67.843	255	82	0	1	255	37	291	1.92e-128	362
MDA7695519.1	QIZ21362.1	100.000	84	0	0	1	84	1	84	6.51e-55	174
MDA7695520.1	QIZ21361.1	96.078	153	6	0	1	153	1	153	3.53e-104	290
MDA7695521.1	QIZ21360.1	96.985	398	12	0	1	398	1	398	0.0	787
MDA7695522.1	QIZ21359.1	98.603	1074	15	0	1	1074	1	1074	0.0	2166
MDA7695523.1	QIZ21358.1	97.151	351	10	0	1	351	1	351	0.0	682
MDA7695524.1	QIZ21319.1	89.954	219	22	0	1	219	1	219	5.99e-150	411
MDA7695525.1	QIZ21318.1	61.859	312	118	1	1	311	1	312	2.26e-143	402
MDA7695526.1	QIZ21317.1	94.888	313	16	0	1	313	1	313	0.0	616
MDA7695529.1	QIZ21346.1	27.488	422	249	12	310	717	280	658	3.70e-34	134
MDA7695530.1	QIZ21346.1	65.574	732	216	10	1	713	1	715	0.0	945
MDA7695532.1	QIZ21343.1	30.952	252	154	5	438	673	496	743	7.87e-32	127
MDA7695533.1	QIZ21357.1	65.924	763	226	15	1	752	17	756	0.0	909
MDA7695534.1	QIZ21357.1	63.866	357	119	2	459	814	409	756	2.53e-151	457
MDA7695534.1	QIZ21357.1	43.719	398	190	14	1	375	1	387	1.61e-90	297
MDA7695536.1	QIZ20497.1	32.129	249	150	4	11	244	8	252	2.16e-32	114
MDA7695552.1	QIZ20521.1	84.091	132	21	0	1	132	1	132	2.23e-84	238
MDA7695553.1	QIZ20520.1	95.817	263	11	0	1	263	2	264	0.0	523
MDA7695554.1	QIZ20519.1	98.077	156	3	0	1	156	1	156	8.67e-118	325
MDA7695555.1	QIZ20518.1	99.031	619	6	0	1	619	1	619	0.0	1292
MDA7695556.1	QIZ20517.1	95.690	116	5	0	1	116	1	116	1.02e-80	228
MDA7695558.1	QIZ20516.1	96.100	359	14	0	1	359	1	359	0.0	673
MDA7695559.1	QIZ20514.1	66.760	358	117	1	1	356	1	358	2.99e-162	454
MDA7695560.1	QIZ20513.1	94.845	388	20	0	1	388	1	388	0.0	773
MDA7695561.1	QIZ20512.1	96.809	94	3	0	1	94	1	94	3.59e-63	182
MDA7695562.1	QIZ20511.1	98.485	594	9	0	1	594	1	594	0.0	1214
MDA7695563.1	QIZ20510.1	91.475	434	37	0	1	434	1	434	0.0	822
MDA7695564.1	QIZ20508.1	95.858	845	35	0	1	845	17	861	0.0	1534
MDA7695565.1	QIZ20507.1	99.095	221	2	0	1	221	1	221	4.01e-160	437
MDA7695566.1	QIZ20506.1	88.235	204	24	0	1	204	1	204	4.86e-132	365
MDA7695567.1	QIZ20500.1	93.995	383	23	0	1	383	1	383	0.0	769
MDA7695568.1	QIZ20499.1	96.512	258	9	0	1	258	1	258	1.57e-178	487
MDA7695569.1	QIZ20498.1	97.744	266	6	0	1	266	1	266	0.0	532
MDA7695570.1	QIZ20497.1	98.413	252	4	0	1	252	1	252	0.0	501
MDA7695571.1	QIZ20496.1	98.469	196	3	0	1	196	1	196	1.28e-135	373
MDA7695572.1	QIZ20495.1	97.552	531	13	0	1	531	1	531	0.0	1088
MDA7695573.1	QIZ20494.1	91.532	248	21	0	1	248	1	248	1.52e-169	463
MDA7695574.1	QIZ20636.1	89.831	354	36	0	1	354	1	354	0.0	548
MDA7695575.1	QIZ20863.1	41.975	243	133	5	104	342	104	342	2.06e-54	178
MDA7695577.1	QIZ20637.1	94.482	598	33	0	1	598	1	598	0.0	1096
MDA7695578.1	QIZ20638.1	98.444	257	4	0	1	257	1	257	0.0	512
MDA7695580.1	QIZ20640.1	94.161	137	8	0	10	146	10	146	5.22e-94	264
MDA7695581.1	QIZ20641.1	94.326	141	8	0	1	141	1	141	1.78e-93	262
MDA7695582.1	QIZ20642.1	98.652	445	6	0	1	445	1	445	0.0	913
MDA7695583.1	QIZ20643.1	93.182	132	9	0	1	132	1	132	2.45e-79	226
MDA7695584.1	QIZ20644.1	96.639	119	4	0	1	119	1	119	1.02e-83	236
MDA7695585.1	QIZ20645.1	98.535	273	4	0	1	273	1	273	0.0	546
MDA7695586.1	QIZ20646.1	96.801	594	19	0	1	594	1	594	0.0	1181
MDA7695587.1	QIZ20647.1	97.273	220	6	0	1	220	5	224	3.37e-152	417
MDA7695588.1	QIZ20648.1	95.265	359	17	0	1	359	1	359	0.0	655
MDA7695589.1	QIZ20649.1	97.368	342	9	0	1	342	1	342	0.0	651
MDA7695590.1	QIZ20650.1	90.625	192	18	0	1	192	1	192	2.33e-118	329
MDA7695591.1	QIZ20651.1	97.794	136	3	0	1	136	1	136	2.86e-97	271
MDA7695592.1	QIZ20652.1	92.990	485	34	0	1	485	1	485	0.0	920
MDA7695593.1	QIZ20653.1	39.349	338	198	3	1	332	1	337	3.53e-75	232
MDA7695594.1	QIZ20677.1	46.154	156	75	4	38	190	88	237	5.70e-21	82.4
MDA7695595.1	QIZ20679.1	96.875	64	2	0	1	64	12	75	1.04e-43	130
MDA7695597.1	QIZ20680.1	98.847	347	4	0	1	347	1	347	0.0	711
MDA7695598.1	QIZ20681.1	98.641	368	5	0	4	371	3	370	0.0	759
MDA7695599.1	QIZ20682.1	96.790	405	13	0	1	405	1	405	0.0	821
MDA7695600.1	QIZ20683.1	97.010	301	9	0	1	301	1	301	0.0	574
MDA7695601.1	QIZ20684.1	94.217	415	24	0	1	415	1	415	0.0	750
MDA7695602.1	QIZ20685.1	96.040	202	8	0	1	202	1	202	1.98e-142	391
MDA7695603.1	QIZ20686.1	91.176	136	12	0	1	136	1	136	1.29e-91	257
MDA7695604.1	QIZ20687.1	97.516	161	4	0	1	161	1	161	7.50e-111	308
MDA7695605.1	QIZ20689.1	78.261	276	60	0	1	276	1	276	5.31e-162	447
MDA7695606.1	QIZ20690.1	97.464	552	14	0	1	552	1	552	0.0	1101
MDA7695607.1	QIZ20691.1	99.132	922	8	0	1	922	1	922	0.0	1917
MDA7695608.1	QIZ20692.1	89.613	491	51	0	1	491	1	491	0.0	932
MDA7695609.1	QIZ20694.1	97.275	367	10	0	1	367	1	367	0.0	741
MDA7695610.1	QIZ20695.1	78.065	155	34	0	1	155	1	155	1.31e-70	206
MDA7695611.1	QIZ20696.1	91.304	253	22	0	1	253	1	253	3.58e-176	480
MDA7695612.1	QIZ20697.1	99.451	182	1	0	1	182	1	182	1.91e-134	369
MDA7695613.1	QIZ20698.1	98.206	223	4	0	1	223	170	392	3.23e-163	452
MDA7695617.1	QIZ20795.1	51.198	334	162	1	1	333	1	334	9.72e-114	329
MDA7695620.1	QIZ20837.1	27.919	591	371	7	17	574	17	585	1.04e-71	237
MDA7695624.1	QIZ20829.1	32.676	355	225	5	18	368	28	372	8.60e-46	156
MDA7695627.1	QIZ20858.1	31.034	348	212	9	20	360	32	358	1.49e-31	120
MDA7695629.1	QIZ20966.1	95.111	225	11	0	1	225	160	384	4.12e-158	439
MDA7695630.1	QIZ20965.1	97.962	638	13	0	1	638	1	638	0.0	1295
MDA7695631.1	QIZ20964.1	99.448	181	1	0	1	181	1	181	5.56e-133	365
MDA7695632.1	QIZ20963.1	97.059	68	2	0	1	68	1	68	5.35e-44	131
MDA7695633.1	QIZ20962.1	99.153	118	1	0	1	118	1	118	2.49e-85	239
MDA7695634.1	QIZ20961.1	97.465	355	9	0	1	355	1	355	0.0	711
MDA7695635.1	QIZ20960.1	94.015	802	48	0	1	802	1	802	0.0	1484
MDA7695636.1	QIZ20959.1	99.164	598	5	0	1	598	4	601	0.0	1213
MDA7695639.1	QIZ20953.1	36.691	278	157	6	3	268	2	272	3.03e-44	147
MDA7695640.1	QIZ20636.1	92.881	295	21	0	1	295	436	730	0.0	541
MDA7695641.1	QIZ20635.1	94.621	409	22	0	1	409	1	409	0.0	766
MDA7695642.1	QIZ20634.1	89.333	375	40	0	1	375	1	375	0.0	683
MDA7695643.1	QIZ20633.1	98.624	218	3	0	1	218	1	218	2.25e-165	450
MDA7695644.1	QIZ20632.1	96.454	141	5	0	1	141	1	141	9.53e-100	278
MDA7695645.1	QIZ20631.1	98.958	480	5	0	1	480	1	480	0.0	990
MDA7695646.1	QIZ20630.1	93.416	243	16	0	1	243	1	243	5.82e-164	449
MDA7695647.1	QIZ20629.1	82.169	415	74	0	7	421	1	415	0.0	668
MDA7695648.1	QIZ20628.1	97.291	406	11	0	1	406	1	406	0.0	819
MDA7695649.1	QIZ20627.1	97.436	156	4	0	1	156	1	156	4.89e-114	315
MDA7695650.1	QIZ20626.1	97.959	98	2	0	1	98	1	98	1.83e-67	193
MDA7695651.1	QIZ20625.1	100.000	110	0	0	1	110	1	110	5.67e-78	221
MDA7695653.1	QIZ20624.1	99.145	468	4	0	1	468	1	468	0.0	966
MDA7695654.1	QIZ21279.1	95.833	480	20	0	1	480	1	480	0.0	929
MDA7695655.1	QIZ21280.1	92.857	196	14	0	1	196	1	196	1.13e-129	358
MDA7695656.1	QIZ21281.1	94.444	162	9	0	1	162	1	162	8.73e-104	290
MDA7695657.1	QIZ21282.1	95.092	326	16	0	1	326	1	326	0.0	621
MDA7695658.1	QIZ21283.1	94.778	383	20	0	1	383	1	383	0.0	727
MDA7695659.1	QIZ21284.1	98.876	356	4	0	1	356	1	356	0.0	726
MDA7695660.1	QIZ21285.1	95.161	186	9	0	1	186	1	186	8.38e-129	355
MDA7695661.1	QIZ21286.1	93.827	243	15	0	1	243	1	243	3.18e-160	439
MDA7695662.1	QIZ21287.1	94.318	528	30	0	1	528	34	561	0.0	983
MDA7695663.1	QIZ21288.1	90.747	281	26	0	1	281	1	281	6.66e-171	469
MDA7695664.1	QIZ21289.1	94.636	261	14	0	1	261	1	261	0.0	500
MDA7695666.1	QIZ21453.1	92.991	214	15	0	1	214	1	214	5.86e-117	327
MDA7695667.1	QIZ21452.1	98.313	889	15	0	1	889	1	889	0.0	1798
MDA7695668.1	QIZ21451.1	99.490	196	1	0	1	196	1	196	2.74e-140	385
MDA7695669.1	QIZ21450.1	95.575	113	5	0	1	113	1	113	1.08e-76	218
MDA7695670.1	QIZ21449.1	92.677	396	29	0	1	396	1	396	0.0	757
MDA7695674.1	QIZ20485.1	31.222	221	134	2	4	217	276	485	1.02e-38	135
MDA7695681.1	QIZ20829.1	43.103	348	180	5	14	353	20	357	1.66e-75	234
MDA7695685.1	QIZ20461.1	95.329	471	22	0	1	471	1	471	0.0	844
MDA7695686.1	QIZ20462.1	95.775	497	21	0	1	497	1	497	0.0	963
MDA7695687.1	QIZ20463.1	94.662	637	34	0	1	637	1	637	0.0	1221
MDA7695688.1	QIZ20464.1	98.058	103	2	0	1	103	1	103	3.76e-65	187
MDA7695689.1	QIZ20465.1	93.810	210	13	0	1	210	1	210	1.48e-146	402
MDA7695690.1	QIZ20466.1	99.379	161	1	0	1	161	1	161	2.02e-120	332
MDA7695691.1	QIZ20467.1	96.988	332	10	0	1	332	1	332	0.0	642
MDA7695692.1	QIZ20468.1	95.273	275	13	0	1	275	405	679	0.0	540
MDA7695693.1	QIZ20860.1	94.902	255	13	0	1	255	178	432	0.0	509
MDA7695694.1	QIZ20861.1	89.655	145	14	1	1	145	1	144	2.13e-82	236
MDA7695695.1	QIZ20862.1	93.571	280	18	0	1	280	1	280	0.0	521
MDA7695696.1	QIZ20863.1	96.639	357	12	0	1	357	1	357	0.0	699
MDA7695697.1	QIZ20864.1	98.361	366	6	0	1	366	1	366	0.0	725
MDA7695698.1	QIZ20865.1	95.782	403	17	0	1	403	1	403	0.0	779
MDA7695699.1	QIZ20863.1	96.243	346	13	0	1	346	1	346	0.0	651
MDA7695700.1	QIZ20864.1	97.938	97	2	0	1	97	270	366	5.83e-64	193
MDA7695702.1	QIZ20867.1	89.510	143	15	0	1	143	1	143	1.56e-84	239
MDA7695703.1	QIZ20866.1	95.890	73	3	0	1	73	168	240	2.87e-46	143
MDA7695704.1	QIZ20699.1	100.000	43	0	0	1	43	1	43	1.09e-24	88.6
MDA7695705.1	QIZ20700.1	98.845	952	11	0	1	952	1	952	0.0	1967
MDA7695706.1	QIZ20701.1	96.032	126	5	0	1	126	1	126	3.19e-88	248
MDA7695707.1	QIZ20702.1	97.011	368	11	0	1	368	1	368	0.0	726
MDA7695708.1	QIZ20703.1	97.643	297	7	0	1	297	1	297	0.0	567
MDA7695709.1	QIZ20704.1	94.953	317	16	0	1	317	1	317	0.0	587
MDA7695710.1	QIZ20705.1	99.000	100	1	0	1	100	129	228	7.31e-73	211
MDA7695711.1	QIZ20486.1	98.333	60	1	0	1	60	237	296	3.53e-36	118
MDA7695712.1	QIZ20487.1	98.413	441	7	0	1	441	1	441	0.0	838
MDA7695713.1	QIZ20488.1	97.260	219	6	0	1	219	1	219	9.83e-162	441
MDA7695714.1	QIZ20489.1	99.174	363	3	0	1	363	1	363	0.0	744
MDA7695715.1	QIZ20490.1	98.701	308	4	0	1	308	1	308	0.0	619
MDA7695716.1	QIZ20491.1	94.628	484	26	0	1	484	23	506	0.0	952
MDA7695717.1	QIZ20966.1	96.703	91	3	0	1	91	1	91	1.51e-60	184
MDA7695718.1	QIZ20967.1	92.032	251	20	0	1	251	1	251	1.44e-159	438
MDA7695719.1	QIZ20968.1	92.096	291	23	0	1	291	1	291	0.0	532
MDA7695720.1	QIZ20969.1	98.098	841	16	0	1	841	661	1501	0.0	1699
MDA7695721.1	QIZ20969.1	96.466	481	17	0	1	481	176	656	0.0	972
MDA7695724.1	QIZ20977.1	95.391	716	33	0	1	716	3	718	0.0	1395
MDA7695725.1	QIZ20412.1	94.017	234	14	0	1	234	168	401	1.40e-150	421
MDA7695728.1	QIZ20411.1	100.000	319	0	0	1	319	3	321	0.0	639
MDA7695729.1	QIZ20410.1	99.535	215	1	0	1	215	1	215	1.29e-154	423
MDA7695730.1	QIZ20409.1	100.000	73	0	0	1	73	1	73	7.03e-47	139
MDA7695731.1	QIZ20408.1	97.561	164	4	0	1	164	197	360	8.23e-118	333
MDA7695732.1	QIZ20404.1	98.494	332	5	0	1	332	1	332	0.0	662
MDA7695733.1	QIZ20405.1	99.248	133	1	0	1	133	1	133	1.22e-95	267
MDA7695734.1	QIZ20406.1	98.502	267	4	0	1	267	1	267	0.0	504
MDA7695735.1	QIZ20407.1	98.805	251	3	0	1	251	1	251	0.0	505
MDA7695736.1	QIZ20408.1	96.154	130	3	1	1	128	1	130	1.01e-83	244
MDA7695737.1	QIZ20314.1	94.062	741	44	0	1	741	262	1002	0.0	1469
MDA7695738.1	QIZ20313.1	87.701	187	23	0	1	187	1	187	9.51e-123	340
MDA7695739.1	QIZ20312.1	95.960	198	8	0	1	198	1	198	3.66e-132	367
MDA7695740.1	QIZ21539.1	81.333	150	28	0	1	150	6	155	1.27e-79	229
MDA7695741.1	QIZ21540.1	89.796	147	15	0	1	147	1	147	8.10e-99	276
MDA7695742.1	QIZ20544.1	95.808	167	7	0	1	167	1	167	1.05e-117	326
MDA7695743.1	QIZ20542.1	51.055	474	229	1	3	473	2	475	8.25e-162	463
MDA7695744.1	QIZ20541.1	93.478	92	6	0	1	92	1	92	7.68e-58	176
MDA7695751.1	QIZ20736.1	90.863	197	18	0	1	197	1	197	4.09e-141	387
MDA7695752.1	QIZ20737.1	94.675	338	18	0	1	338	1	338	0.0	634
MDA7695753.1	QIZ20738.1	94.340	106	6	0	1	106	1	106	1.11e-73	209
MDA7695754.1	QIZ20739.1	94.922	256	13	0	1	256	1	256	4.31e-176	481
MDA7695755.1	QIZ20469.1	97.743	443	10	0	1	443	1	443	0.0	901
MDA7695756.1	QIZ20470.1	92.574	202	15	0	1	202	1	202	2.65e-144	395
MDA7695757.1	QIZ20471.1	98.745	239	3	0	1	239	153	391	1.92e-178	491
MDA7695758.1	QIZ20314.1	97.143	175	5	0	1	175	1	175	2.20e-124	369
MDA7695759.1	QIZ20315.1	96.703	91	3	0	1	91	1	91	6.44e-66	189
MDA7695760.1	QIZ20316.1	98.801	417	5	0	1	417	1	417	0.0	856
MDA7695761.1	QIZ20317.1	98.758	161	2	0	1	161	576	736	6.65e-113	332
MDA7695762.1	QIZ20974.1	97.778	765	17	0	1	765	1	765	0.0	1555
MDA7695763.1	QIZ20982.1	96.689	151	5	0	1	151	48	198	3.88e-102	286
MDA7695764.1	QIZ20983.1	93.082	159	11	0	1	159	1	159	5.45e-98	275
MDA7695765.1	QIZ20984.1	96.610	177	6	0	1	177	1	177	5.87e-123	340
MDA7695766.1	QIZ20985.1	98.936	188	2	0	1	188	1	188	1.37e-141	387
MDA7695767.1	QIZ20986.1	92.222	90	7	0	1	90	129	218	7.68e-58	172
MDA7695768.1	QIZ21432.1	98.658	149	2	0	1	149	1	149	6.74e-101	290
MDA7695769.1	QIZ21433.1	53.333	285	133	0	1	285	1	285	8.80e-103	297
MDA7695770.1	QIZ21434.1	93.919	296	18	0	1	296	198	493	0.0	579
MDA7695771.1	QIZ20475.1	98.901	91	1	0	1	91	704	794	5.96e-55	177
MDA7695772.1	QIZ20474.1	100.000	122	0	0	1	122	1	122	6.00e-85	239
MDA7695773.1	QIZ20473.1	98.266	173	3	0	1	173	1	173	2.57e-131	360
MDA7695774.1	QIZ20472.1	95.545	202	9	0	1	202	1	202	4.01e-146	400
MDA7695775.1	QIZ20951.1	93.590	78	5	0	1	78	1	78	5.87e-46	147
MDA7695776.1	QIZ20952.1	98.500	600	9	0	1	600	86	685	0.0	1201
