MDB3897551.1	QIZ21388.1	91.746	315	26	0	1	315	1	315	0.0	614
MDB3897552.1	QIZ21395.1	94.891	274	14	0	1	274	1	274	0.0	531
MDB3897553.1	QIZ21396.1	82.158	241	39	1	1	241	1	237	2.37e-128	367
MDB3897554.1	QIZ20875.1	81.159	276	52	0	1	276	1	276	2.73e-171	470
MDB3897555.1	QIZ20874.1	73.214	560	136	5	1	549	1	557	0.0	793
MDB3897556.1	QIZ20873.1	80.952	105	20	0	1	105	1	105	7.62e-58	169
MDB3897557.1	QIZ20872.1	86.207	203	28	0	1	203	1	203	1.96e-129	358
MDB3897558.1	QIZ20871.1	77.808	730	152	2	1	720	4	733	0.0	1187
MDB3897559.1	QIZ20870.1	79.006	362	69	2	1	357	1	360	0.0	582
MDB3897560.1	QIZ20869.1	77.948	848	187	0	1	848	1	848	0.0	1353
MDB3897561.1	QIZ20868.1	70.670	433	127	0	1	433	1	433	0.0	634
MDB3897562.1	QIZ20867.1	63.448	145	48	2	1	142	1	143	1.89e-53	161
MDB3897563.1	QIZ20866.1	75.732	239	58	0	1	239	1	239	1.36e-134	374
MDB3897564.1	QIZ20865.1	75.434	403	99	0	1	403	1	403	0.0	635
MDB3897565.1	QIZ20864.1	89.863	365	37	0	1	365	1	365	0.0	676
MDB3897566.1	QIZ20863.1	82.865	356	61	0	1	356	1	356	0.0	583
MDB3897567.1	QIZ20862.1	61.786	280	107	0	1	280	1	280	1.23e-122	347
MDB3897568.1	QIZ20861.1	52.761	163	54	4	1	158	1	145	2.04e-37	122
MDB3897569.1	QIZ20860.1	67.581	401	128	2	29	428	33	432	0.0	543
MDB3897571.1	QIZ20837.1	28.369	564	387	4	1	552	29	587	3.30e-69	229
MDB3897573.1	QIZ20844.1	30.159	378	231	9	8	381	13	361	9.66e-44	151
MDB3897589.1	QIZ20501.1	30.032	313	204	4	18	315	7	319	8.51e-39	135
MDB3897611.1	QIZ20826.1	34.986	363	213	7	6	357	29	379	9.83e-64	204
MDB3897612.1	QIZ21068.1	35.961	203	124	4	2	198	3	205	5.04e-43	139
MDB3897613.1	QIZ20827.1	38.367	245	145	3	1	243	1	241	2.72e-51	164
MDB3897614.1	QIZ20857.1	34.153	366	210	11	6	358	5	352	6.85e-44	151
MDB3897617.1	QIZ20515.1	34.848	330	199	5	3	328	4	321	3.02e-58	187
MDB3897624.1	QIZ20793.1	75.342	292	72	0	1	292	1	292	7.14e-161	445
MDB3897625.1	QIZ20792.1	95.122	41	2	0	1	41	1	41	3.81e-23	77.4
MDB3897627.1	QIZ20961.1	92.615	325	24	0	1	325	31	355	0.0	633
MDB3897628.1	QIZ20960.1	79.177	802	165	1	1	800	1	802	0.0	1264
MDB3897629.1	QIZ20959.1	92.140	598	47	0	1	598	4	601	0.0	1142
MDB3897631.1	QIZ20958.1	41.441	222	125	3	21	238	13	233	8.29e-51	161
MDB3897632.1	QIZ20952.1	88.776	686	76	1	1	686	1	685	0.0	1257
MDB3897633.1	QIZ20951.1	67.606	426	138	0	1	426	1	426	0.0	590
MDB3897634.1	QIZ20950.1	71.262	602	170	3	1	599	1	602	0.0	852
MDB3897635.1	QIZ20949.1	92.593	324	24	0	1	324	1	324	0.0	637
MDB3897636.1	QIZ20948.1	79.429	175	36	0	1	175	1	175	8.26e-106	296
MDB3897637.1	QIZ20947.1	65.116	86	30	0	1	86	10	95	1.12e-32	104
MDB3897638.1	QIZ20946.1	67.847	367	118	0	1	367	1	367	3.71e-170	475
MDB3897639.1	QIZ20945.1	63.095	168	62	0	1	168	1	168	1.68e-73	214
MDB3897641.1	QIZ20944.1	55.442	588	259	3	1	587	1	586	0.0	616
MDB3897642.1	QIZ20943.1	79.651	172	35	0	1	172	1	172	4.44e-102	286
MDB3897643.1	QIZ20942.1	68.525	305	96	0	1	305	1	305	1.75e-154	430
MDB3897644.1	QIZ20941.1	72.358	246	68	0	1	246	1	246	5.21e-133	371
MDB3897645.1	QIZ20940.1	83.648	159	26	0	1	159	1	159	1.80e-99	279
MDB3897646.1	QIZ20939.1	80.259	309	61	0	1	309	1	309	0.0	530
MDB3897647.1	QIZ20937.1	77.865	384	85	0	1	384	1	384	0.0	628
MDB3897648.1	QIZ20936.1	75.725	276	66	1	1	276	1	275	4.03e-160	442
MDB3897649.1	QIZ20935.1	84.685	222	34	0	1	222	1	222	1.47e-141	390
MDB3897650.1	QIZ20934.1	68.056	288	92	0	1	288	1	288	2.51e-144	403
MDB3897651.1	QIZ20933.1	74.373	558	142	1	1	557	1	558	0.0	897
MDB3897652.1	QIZ20932.1	71.084	83	24	0	1	83	1	83	4.95e-39	120
MDB3897653.1	QIZ20931.1	79.825	114	22	1	1	113	1	114	3.11e-56	166
MDB3897655.1	QIZ20929.1	66.667	240	79	1	1	240	1	239	9.55e-114	322
MDB3897656.1	QIZ20928.1	87.692	65	8	0	1	65	1	65	1.03e-27	90.5
MDB3897657.1	QIZ20927.1	60.000	185	73	1	1	184	1	185	3.49e-85	245
MDB3897658.1	QIZ20926.1	60.377	424	161	4	1	424	1	417	2.25e-179	502
MDB3897659.1	QIZ20925.1	65.891	129	44	0	1	129	1	129	3.82e-61	180
MDB3897660.1	QIZ20924.1	81.030	427	81	0	1	427	2	428	0.0	687
MDB3897661.1	QIZ20923.1	75.000	72	17	1	1	72	1	71	6.50e-35	108
MDB3897662.1	QIZ21496.1	70.769	65	19	0	3	67	2	66	5.34e-31	99.0
MDB3897663.1	QIZ20922.1	62.741	467	169	4	1	464	1	465	0.0	571
MDB3897664.1	QIZ20921.1	48.000	350	177	3	1	349	1	346	1.49e-112	327
MDB3897665.1	QIZ20920.1	48.908	229	116	1	1	229	1	228	8.29e-76	224
MDB3897667.1	QIZ20908.1	48.261	230	112	3	1	223	1	230	1.84e-71	213
MDB3897668.1	QIZ20898.1	36.534	479	293	4	4	481	5	473	1.06e-109	329
MDB3897669.1	QIZ20897.1	57.944	107	42	2	1	105	1	106	4.52e-40	124
MDB3897670.1	QIZ20896.1	49.061	426	209	7	1	422	1	422	1.59e-137	396
MDB3897671.1	QIZ20895.1	74.026	308	80	0	1	308	1	308	0.0	499
MDB3897672.1	QIZ20894.1	84.030	263	42	0	3	265	2	264	1.66e-152	422
MDB3897673.1	QIZ20893.1	86.765	408	54	0	1	408	1	408	0.0	744
MDB3897674.1	QIZ20892.1	68.421	209	66	0	1	209	1	209	6.37e-103	291
MDB3897675.1	QIZ20891.1	80.435	230	45	0	1	230	1	230	2.85e-140	388
MDB3897676.1	QIZ20890.1	90.526	95	9	0	1	95	1	95	4.66e-61	177
MDB3897677.1	QIZ20889.1	83.681	576	93	1	1	575	1	576	0.0	992
MDB3897678.1	QIZ20888.1	72.549	204	56	0	13	216	12	215	3.21e-101	288
MDB3897679.1	QIZ20887.1	66.746	418	139	0	20	437	20	437	0.0	541
MDB3897680.1	QIZ20886.1	71.429	63	18	0	2	64	195	257	1.85e-29	100
MDB3897681.1	QIZ20475.1	89.971	678	68	0	1	678	2	679	0.0	1238
MDB3897682.1	QIZ20476.1	93.602	422	27	0	1	422	1	422	0.0	818
MDB3897683.1	QIZ20477.1	87.192	203	26	0	1	203	1	203	1.15e-135	374
MDB3897684.1	QIZ20478.1	73.306	487	112	3	1	470	1	486	0.0	684
MDB3897685.1	QIZ20479.1	72.500	80	22	0	1	80	1	80	6.10e-41	125
MDB3897689.1	QIZ20480.1	59.172	169	69	0	13	181	13	181	2.93e-67	199
MDB3897690.1	QIZ20481.1	71.041	221	64	0	1	221	1	221	4.57e-113	318
MDB3897691.1	QIZ20482.1	71.429	140	40	0	1	140	1	140	8.55e-76	218
MDB3897693.1	QIZ20483.1	62.441	213	76	2	4	215	5	214	2.34e-94	270
MDB3897694.1	QIZ20484.1	77.823	248	55	0	1	248	1	248	2.06e-147	407
MDB3897695.1	QIZ20485.1	66.186	485	164	0	1	485	1	485	0.0	624
MDB3897696.1	QIZ20487.1	77.677	439	98	0	4	442	2	440	0.0	659
MDB3897697.1	QIZ20488.1	55.340	206	78	2	16	208	15	219	5.73e-69	206
MDB3897698.1	QIZ20489.1	60.822	365	141	1	1	365	1	363	4.75e-165	461
MDB3897699.1	QIZ20495.1	86.629	531	71	0	1	531	1	531	0.0	993
MDB3897700.1	QIZ20496.1	89.744	195	20	0	1	195	1	195	6.39e-115	321
MDB3897701.1	QIZ20497.1	89.683	252	26	0	1	252	1	252	6.18e-158	434
MDB3897702.1	QIZ20498.1	62.406	266	95	2	1	265	1	262	1.66e-108	310
MDB3897703.1	QIZ20990.1	74.237	295	76	0	2	296	110	404	4.86e-156	437
MDB3897704.1	QIZ20991.1	74.249	233	60	0	1	233	1	233	4.36e-123	345
MDB3897705.1	QIZ20992.1	92.432	370	28	0	1	370	1	370	0.0	698
MDB3897706.1	QIZ20993.1	84.874	238	35	1	3	240	234	470	9.93e-146	411
MDB3897707.1	QIZ20993.1	78.571	238	48	2	17	253	7	242	8.74e-135	384
MDB3897708.1	QIZ20994.1	81.395	86	16	0	1	86	1	86	9.44e-46	137
MDB3897709.1	QIZ20995.1	66.202	287	97	0	1	287	1	287	4.55e-124	351
MDB3897710.1	QIZ20996.1	79.487	234	48	0	1	234	1	234	9.18e-142	392
MDB3897711.1	QIZ20997.1	83.525	522	86	0	1	522	1	522	0.0	887
MDB3897712.1	QIZ20998.1	72.818	401	109	0	1	401	1	401	0.0	615
MDB3897713.1	QIZ20999.1	80.000	145	29	0	1	145	1	145	5.58e-86	243
MDB3897714.1	QIZ21000.1	67.200	250	82	0	1	250	1	250	2.60e-123	347
MDB3897715.1	QIZ21001.1	66.434	143	48	0	4	146	6	148	1.63e-69	202
MDB3897716.1	QIZ20329.1	62.245	196	72	2	3	197	19	213	2.93e-94	269
MDB3897718.1	QIZ21005.1	67.176	131	43	0	7	137	7	137	2.35e-65	191
MDB3897719.1	QIZ21006.1	90.964	166	15	0	1	166	1	166	8.10e-114	315
MDB3897720.1	QIZ21007.1	96.278	403	15	0	1	403	1	403	0.0	807
MDB3897721.1	QIZ21008.1	91.571	261	22	0	1	261	1	261	0.0	502
MDB3897722.1	QIZ21010.1	97.826	506	11	0	1	506	185	690	0.0	1004
MDB3897726.1	QIZ21095.1	83.471	363	60	0	1	363	1	363	0.0	610
MDB3897727.1	QIZ21096.1	91.949	236	19	0	1	236	1	236	2.09e-164	449
MDB3897728.1	QIZ21097.1	91.919	495	40	0	1	495	1	495	0.0	926
MDB3897729.1	QIZ21099.1	92.500	40	3	0	1	40	1	40	1.29e-22	75.9
MDB3897730.1	QIZ21100.1	89.855	138	14	0	1	138	1	138	5.15e-86	243
MDB3897731.1	QIZ21101.1	92.050	239	19	0	1	239	1	239	5.11e-168	459
MDB3897733.1	QIZ21103.1	75.066	381	92	3	1	379	1	380	0.0	594
MDB3897734.1	QIZ21104.1	93.651	126	8	0	1	126	1	126	4.59e-83	234
MDB3897735.1	QIZ21105.1	94.737	152	8	0	1	152	1	152	2.18e-96	270
MDB3897736.1	QIZ21106.1	69.268	205	63	0	18	222	1	205	4.17e-102	290
MDB3897737.1	QIZ21107.1	88.354	395	46	0	1	395	1	395	0.0	719
MDB3897738.1	QIZ21108.1	66.471	170	55	1	1	170	1	168	2.97e-85	244
MDB3897739.1	QIZ21109.1	77.391	345	78	0	1	345	1	345	0.0	585
MDB3897740.1	QIZ21110.1	83.004	253	43	0	1	253	1	253	2.17e-152	420
MDB3897741.1	QIZ20989.1	82.483	451	79	0	1	451	1	451	0.0	750
MDB3897742.1	QIZ20988.1	60.819	171	65	1	1	169	1	171	2.01e-72	211
MDB3897743.1	QIZ20987.1	82.090	67	12	0	1	67	1	67	1.47e-26	87.8
MDB3897744.1	QIZ20986.1	66.038	212	72	0	1	212	1	212	8.54e-109	307
MDB3897745.1	QIZ20985.1	86.022	186	26	0	4	189	3	188	2.38e-123	342
MDB3897746.1	QIZ20984.1	83.616	177	29	0	1	177	1	177	1.30e-98	278
MDB3897747.1	QIZ20983.1	54.487	156	71	0	6	161	4	159	6.38e-58	174
MDB3897748.1	QIZ20982.1	66.162	198	67	0	1	198	1	198	6.06e-93	266
MDB3897749.1	QIZ20981.1	69.420	569	168	3	1	565	1	567	0.0	762
MDB3897750.1	QIZ20980.1	75.082	305	67	6	1	297	1	304	9.86e-145	405
MDB3897751.1	QIZ20979.1	85.185	108	16	0	1	108	1	108	2.70e-66	191
MDB3897752.1	QIZ20978.1	65.185	135	46	1	2	135	4	138	1.97e-56	168
MDB3897753.1	QIZ21158.1	91.958	572	45	1	1	572	20	590	0.0	1112
MDB3897754.1	QIZ21159.1	89.177	231	25	0	1	231	27	257	7.10e-161	441
MDB3897755.1	QIZ21160.1	93.159	497	34	0	1	497	1	497	0.0	971
MDB3897756.1	QIZ21161.1	93.750	320	20	0	1	320	1	320	0.0	603
MDB3897757.1	QIZ21162.1	87.047	386	50	0	1	386	1	386	0.0	681
MDB3897758.1	QIZ21163.1	91.409	291	25	0	1	291	1	291	0.0	516
MDB3897759.1	QIZ21164.1	76.899	645	142	4	1	642	1	641	0.0	1036
MDB3897761.1	QIZ20976.1	86.466	133	18	0	1	133	1	133	4.78e-87	246
MDB3897762.1	QIZ20974.1	91.700	1012	84	0	1	1012	1	1012	0.0	1969
MDB3897763.1	QIZ20973.1	69.953	426	118	3	1	419	1	423	0.0	604
MDB3897765.1	QIZ20972.1	58.305	295	123	0	1	295	1	295	6.31e-129	364
MDB3897766.1	QIZ20971.1	66.667	120	40	0	1	120	121	240	4.25e-52	161
MDB3897767.1	QIZ21164.1	90.769	260	24	0	1	260	709	968	1.62e-180	517
MDB3897768.1	QIZ21165.1	77.753	445	79	3	1	445	1	425	0.0	691
MDB3897769.1	QIZ21166.1	85.193	466	69	0	1	466	1	466	0.0	817
MDB3897770.1	QIZ21167.1	82.579	442	77	0	1	442	1	442	0.0	761
MDB3897771.1	QIZ21151.1	87.799	418	51	0	1	418	1	418	0.0	776
MDB3897772.1	QIZ21150.1	93.207	368	25	0	1	368	1	368	0.0	684
MDB3897773.1	QIZ21149.1	85.075	201	30	0	1	201	9	209	5.29e-126	350
MDB3897774.1	QIZ21148.1	89.722	467	48	0	1	467	1	467	0.0	876
MDB3897775.1	QIZ21151.1	65.385	104	36	0	2	105	484	587	2.46e-44	146
MDB3897776.1	QIZ21152.1	78.399	537	116	0	1	537	1	537	0.0	910
MDB3897777.1	QIZ21153.1	67.829	258	83	0	1	258	1	258	1.01e-136	381
MDB3897778.1	QIZ21154.1	82.927	369	63	0	1	369	1	369	0.0	634
MDB3897781.1	QIZ21314.1	28.533	375	240	13	1	354	3	370	7.64e-41	145
MDB3897783.1	QIZ20500.1	87.467	383	48	0	1	383	1	383	0.0	716
MDB3897785.1	QIZ20730.1	60.428	187	72	1	1	187	1	185	2.98e-80	233
MDB3897786.1	QIZ20969.1	85.437	103	15	0	1	103	1	103	2.70e-59	191
MDB3897787.1	QIZ20970.1	86.013	479	67	0	1	479	1	479	0.0	839
MDB3897788.1	QIZ20971.1	71.154	52	15	0	1	52	1	52	2.06e-21	78.6
MDB3897789.1	QIZ20977.1	81.014	690	131	0	1	690	17	706	0.0	1167
