MDB2470531.1	QIZ21458.1	86.957	92	12	0	1	92	1	92	1.48e-53	169
MDB2470532.1	QIZ21459.1	90.263	380	37	0	1	380	1	380	0.0	709
MDB2470533.1	QIZ21460.1	95.918	441	18	0	1	441	1	441	0.0	887
MDB2470534.1	QIZ21461.1	99.548	442	2	0	1	442	1	442	0.0	900
MDB2470535.1	QIZ21462.1	98.238	227	4	0	1	227	1	227	5.72e-166	452
MDB2470536.1	QIZ21463.1	95.578	294	13	0	1	294	1	294	0.0	560
MDB2470538.1	QIZ21464.1	93.243	74	5	0	1	74	1	74	1.17e-48	144
MDB2470539.1	QIZ21465.1	99.356	466	3	0	1	466	1	466	0.0	932
MDB2470540.1	QIZ21466.1	97.744	133	3	0	1	133	1	133	1.19e-96	270
MDB2470541.1	QIZ21467.1	98.945	474	5	0	1	474	1	474	0.0	976
MDB2470542.1	QIZ21468.1	97.887	284	6	0	1	284	1	284	0.0	570
MDB2470543.1	QIZ21469.1	98.408	314	5	0	1	314	1	314	0.0	639
MDB2470544.1	QIZ21470.1	98.978	489	5	0	1	489	1	489	0.0	1023
MDB2470545.1	QIZ21471.1	100.000	442	0	0	1	442	1	442	0.0	917
MDB2470546.1	QIZ21472.1	96.522	115	4	0	1	115	1	115	1.47e-81	230
MDB2470547.1	QIZ21473.1	94.194	775	45	0	4	778	1	775	0.0	1536
MDB2470548.1	QIZ21474.1	98.089	314	6	0	1	314	1	314	0.0	637
MDB2470549.1	QIZ21475.1	86.986	146	19	0	1	146	1	146	2.33e-87	247
MDB2470550.1	QIZ21476.1	92.742	124	9	0	1	124	1	124	1.31e-82	233
MDB2470551.1	QIZ21477.1	94.536	183	10	0	1	183	1	183	1.56e-112	314
MDB2470552.1	QIZ21478.1	95.335	343	16	0	1	343	1	343	0.0	671
MDB2470553.1	QIZ21479.1	98.047	717	14	0	1	717	1	717	0.0	1419
MDB2470554.1	QIZ21009.1	86.992	123	16	0	1	123	1	123	1.03e-77	221
MDB2470555.1	QIZ21480.1	95.730	445	19	0	1	445	1	445	0.0	899
MDB2470556.1	QIZ21481.1	94.737	342	18	0	1	342	1	342	0.0	650
MDB2470557.1	QIZ21482.1	95.238	63	3	0	1	63	1	63	1.72e-39	120
MDB2470559.1	QIZ20203.1	29.724	434	298	6	11	441	6	435	3.39e-63	206
MDB2470561.1	QIZ20661.1	38.247	251	135	8	5	247	6	244	9.47e-41	136
MDB2470562.1	QIZ20491.1	28.922	408	285	4	33	435	70	477	3.29e-56	190
MDB2470563.1	QIZ21483.1	90.415	386	37	0	3	388	2	387	0.0	724
MDB2470564.1	QIZ21484.1	95.057	263	13	0	1	263	1	263	0.0	514
MDB2470565.1	QIZ21485.1	98.930	561	6	0	1	561	1	561	0.0	1140
MDB2470566.1	QIZ21486.1	98.804	418	5	0	1	418	1	418	0.0	864
MDB2470567.1	QIZ21487.1	95.455	88	4	0	1	88	1	88	2.57e-63	182
MDB2470568.1	QIZ21488.1	97.495	998	25	0	1	998	1	998	0.0	2018
MDB2470569.1	QIZ21489.1	87.179	195	25	0	1	195	1	195	1.43e-125	348
MDB2470570.1	QIZ21490.1	92.226	283	22	0	1	283	1	283	0.0	516
MDB2470572.1	QIZ21492.1	82.192	146	26	0	1	146	1	146	4.36e-88	249
MDB2470573.1	QIZ21493.1	87.500	248	31	0	1	248	1	248	1.39e-152	420
MDB2470574.1	QIZ21494.1	86.087	115	16	0	1	115	1	115	4.63e-74	211
MDB2470575.1	QIZ21495.1	67.647	102	32	1	3	104	65	165	1.68e-42	135
MDB2470576.1	QIZ21495.1	78.378	74	16	0	1	74	179	252	5.00e-40	127
MDB2470577.1	QIZ21496.1	98.529	68	1	0	1	68	1	68	8.57e-47	139
MDB2470578.1	QIZ21497.1	87.097	155	20	0	1	155	1	155	1.94e-99	278
MDB2470579.1	QIZ21498.1	86.167	347	48	0	1	347	1	347	0.0	602
MDB2470580.1	QIZ21499.1	85.890	163	23	0	1	163	1	163	2.37e-99	279
MDB2470581.1	QIZ21500.1	95.356	323	15	0	1	323	1	323	0.0	644
MDB2470582.1	QIZ21501.1	96.727	550	18	0	1	550	1	550	0.0	1100
MDB2470583.1	QIZ21502.1	97.537	203	5	0	1	203	1	203	2.02e-143	394
MDB2470585.1	QIZ21503.1	98.895	181	2	0	1	181	1	181	3.55e-127	350
MDB2470586.1	QIZ21504.1	97.788	452	10	0	1	452	1	452	0.0	928
MDB2470587.1	QIZ21505.1	97.934	242	5	0	1	242	1	242	4.69e-178	484
MDB2470588.1	QIZ21506.1	74.811	397	100	0	1	397	1	397	0.0	648
MDB2470589.1	QIZ21507.1	74.627	134	34	0	1	134	1	134	3.18e-73	211
MDB2470590.1	QIZ21508.1	96.774	124	4	0	1	124	1	124	7.83e-91	254
MDB2470591.1	QIZ21509.1	96.169	261	10	0	1	261	1	261	0.0	507
MDB2470592.1	QIZ21510.1	78.261	138	30	0	1	138	1	138	2.58e-79	226
MDB2470594.1	QIZ21511.1	86.772	189	25	0	1	189	1	189	1.26e-125	347
MDB2470595.1	QIZ21512.1	87.195	164	21	0	4	167	3	166	5.00e-101	283
MDB2470596.1	QIZ21513.1	98.765	810	10	0	1	810	1	810	0.0	1661
MDB2470597.1	QIZ20725.1	90.867	854	78	0	1	854	36	889	0.0	1596
MDB2470598.1	QIZ20724.1	97.772	404	9	0	1	404	1	404	0.0	824
MDB2470599.1	QIZ20723.1	92.093	215	17	0	1	215	1	215	4.49e-151	414
MDB2470600.1	QIZ20722.1	89.139	267	29	0	1	267	1	267	6.07e-168	461
MDB2470601.1	QIZ20721.1	84.437	302	47	0	1	302	1	302	0.0	532
MDB2470602.1	QIZ20720.1	94.089	203	12	0	1	203	1	203	1.71e-137	379
MDB2470603.1	QIZ20719.1	93.575	358	23	0	1	358	1	358	0.0	636
MDB2470604.1	QIZ20718.1	71.034	145	42	0	1	145	1	145	3.42e-68	199
MDB2470605.1	QIZ20717.1	89.060	521	57	0	1	521	1	521	0.0	946
MDB2470606.1	QIZ20715.1	87.449	247	31	0	10	256	11	257	1.17e-159	439
MDB2470607.1	QIZ20714.1	99.020	204	2	0	1	204	1	204	7.46e-142	390
MDB2470608.1	QIZ20707.1	94.479	163	9	0	1	163	1	163	3.95e-112	311
MDB2470609.1	QIZ20706.1	95.720	257	11	0	1	257	9	265	0.0	509
MDB2470610.1	QIZ20705.1	92.105	228	18	0	1	228	1	228	5.24e-157	430
MDB2470611.1	QIZ20704.1	93.691	317	20	0	1	317	1	317	0.0	581
MDB2470612.1	QIZ20703.1	98.990	297	3	0	1	297	1	297	0.0	573
MDB2470613.1	QIZ20702.1	97.554	368	9	0	1	368	1	368	0.0	726
MDB2470614.1	QIZ20701.1	95.238	126	6	0	1	126	1	126	1.02e-87	246
MDB2470615.1	QIZ20700.1	98.950	952	10	0	1	952	1	952	0.0	1969
MDB2470616.1	QIZ20699.1	97.826	414	9	0	1	414	1	414	0.0	827
MDB2470618.1	QIZ20698.1	99.235	392	3	0	1	392	1	392	0.0	781
MDB2470619.1	QIZ20697.1	98.901	182	2	0	1	182	1	182	7.38e-134	367
MDB2470620.1	QIZ20696.1	94.862	253	13	0	1	253	1	253	0.0	496
MDB2470622.1	QIZ20695.1	95.312	128	6	0	1	128	28	155	1.43e-64	189
MDB2470623.1	QIZ20694.1	99.183	367	3	0	1	367	1	367	0.0	754
MDB2470624.1	QIZ20692.1	91.650	491	41	0	1	491	1	491	0.0	952
MDB2470625.1	QIZ20691.1	99.241	922	7	0	1	922	1	922	0.0	1919
MDB2470626.1	QIZ20690.1	97.645	552	13	0	1	552	1	552	0.0	1105
MDB2470627.1	QIZ20689.1	89.892	277	28	0	1	277	1	277	0.0	509
MDB2470628.1	QIZ20687.1	98.758	161	2	0	1	161	1	161	1.50e-110	307
MDB2470629.1	QIZ20686.1	97.059	136	4	0	1	136	1	136	6.74e-97	270
MDB2470630.1	QIZ20685.1	94.581	203	11	0	1	203	1	203	4.27e-142	390
MDB2470631.1	QIZ20684.1	88.675	415	47	0	1	415	1	415	0.0	706
MDB2470632.1	QIZ20683.1	93.023	301	21	0	1	301	1	301	0.0	524
MDB2470633.1	QIZ20682.1	95.802	405	17	0	1	405	1	405	0.0	817
MDB2470634.1	QIZ20681.1	99.189	370	3	0	1	370	1	370	0.0	766
MDB2470635.1	QIZ20680.1	98.271	347	6	0	1	347	1	347	0.0	708
MDB2470640.1	QIZ20679.1	92.000	75	6	0	1	75	1	75	6.22e-50	147
MDB2470641.1	QIZ20676.1	95.031	161	8	0	1	161	1	161	5.42e-99	278
MDB2470642.1	QIZ20675.1	94.118	68	4	0	1	68	1	68	2.16e-43	130
MDB2470643.1	QIZ20674.1	95.500	200	9	0	1	200	1	200	5.44e-140	392
MDB2470644.1	QIZ20674.1	93.333	195	13	0	2	196	199	393	3.00e-135	380
MDB2470645.1	QIZ20673.1	89.145	433	47	0	1	433	1	433	0.0	768
MDB2470646.1	QIZ20672.1	94.755	286	15	0	1	286	1	286	0.0	549
MDB2470647.1	QIZ20671.1	89.968	309	31	0	1	309	1	309	0.0	569
MDB2470648.1	QIZ20670.1	95.592	431	19	0	1	431	1	431	0.0	851
MDB2470649.1	QIZ20669.1	97.394	307	8	0	1	307	187	493	0.0	614
MDB2470651.1	QIZ21079.1	82.376	505	89	0	7	511	14	518	0.0	825
MDB2470653.1	QIZ21078.1	76.526	213	50	0	1	213	1	213	1.78e-119	334
MDB2470654.1	QIZ21077.1	67.671	365	117	1	1	365	14	377	3.70e-174	485
MDB2470655.1	QIZ21076.1	83.764	696	113	0	1	696	1	696	0.0	1140
MDB2470656.1	QIZ21075.1	67.550	151	49	0	1	151	32	182	5.80e-69	202
MDB2470657.1	QIZ21074.1	79.042	167	35	0	1	167	1	167	2.59e-100	281
MDB2470658.1	QIZ21073.1	83.471	121	20	0	1	121	1	121	1.93e-73	210
MDB2470659.1	QIZ21072.1	80.612	98	19	0	3	100	4	101	4.06e-54	159
MDB2470661.1	QIZ21071.1	76.096	251	60	0	1	251	1	251	1.09e-140	390
MDB2470662.1	QIZ21070.1	88.703	239	27	0	1	239	1	239	1.40e-156	430
MDB2470663.1	QIZ21068.1	90.385	208	20	0	1	208	1	208	1.56e-138	382
MDB2470664.1	QIZ21067.1	96.429	196	7	0	1	196	1	196	5.48e-144	394
MDB2470665.1	QIZ21066.1	97.661	171	4	0	1	171	1	171	9.81e-121	333
MDB2470666.1	QIZ21065.1	96.264	455	17	0	1	455	1	455	0.0	866
MDB2470668.1	QIZ21064.1	78.488	172	37	0	1	172	1	172	1.06e-85	245
MDB2470669.1	QIZ21063.1	86.294	197	27	0	1	197	1	197	1.35e-124	345
MDB2470670.1	QIZ21062.1	90.647	139	13	0	1	139	1	139	1.59e-81	232
MDB2470671.1	QIZ21061.1	82.857	140	24	0	1	140	1	140	1.26e-86	245
MDB2470672.1	QIZ21060.1	86.099	223	31	0	1	223	1	223	7.94e-146	401
MDB2470673.1	QIZ21059.1	63.277	177	65	0	1	177	1	177	5.78e-69	204
MDB2470674.1	QIZ21058.1	60.305	262	104	0	2	263	3	264	4.67e-114	324
MDB2470675.1	QIZ21057.1	75.393	191	47	0	1	191	1	191	2.95e-102	289
MDB2470676.1	QIZ21056.1	90.110	273	27	0	1	273	1	273	0.0	508
MDB2470677.1	QIZ21055.1	88.288	333	39	0	1	333	1	333	0.0	609
MDB2470680.1	QIZ21052.1	97.867	422	9	0	1	422	1	422	0.0	837
MDB2470682.1	QIZ21050.1	82.393	443	78	0	1	443	1	443	0.0	741
MDB2470683.1	QIZ21049.1	91.767	498	41	0	1	498	1	498	0.0	938
MDB2470684.1	QIZ21102.1	99.375	160	1	0	1	160	1	160	1.43e-110	308
MDB2470686.1	QIZ21101.1	94.142	239	14	0	1	239	1	239	2.18e-171	467
MDB2470687.1	QIZ21100.1	88.406	138	16	0	4	141	1	138	4.95e-84	238
MDB2470688.1	QIZ21099.1	95.000	40	2	0	1	40	1	40	4.61e-23	77.0
MDB2470689.1	QIZ21097.1	94.141	495	29	0	1	495	1	495	0.0	936
MDB2470690.1	QIZ21096.1	96.610	236	8	0	1	236	1	236	2.53e-169	462
MDB2470691.1	QIZ21095.1	92.265	362	28	0	1	362	1	362	0.0	657
MDB2470692.1	QIZ20506.1	67.822	202	65	0	1	202	1	202	1.33e-98	280
MDB2470693.1	QIZ20507.1	85.455	220	32	0	1	220	1	220	3.62e-139	384
MDB2470694.1	QIZ20508.1	71.124	845	243	1	1	844	17	861	0.0	1172
MDB2470695.1	QIZ21094.1	90.805	348	32	0	6	353	3	350	0.0	660
MDB2470696.1	QIZ20958.1	38.415	164	89	4	28	189	32	185	4.92e-31	110
MDB2470697.1	QIZ21093.1	96.797	281	9	0	1	281	1	281	0.0	545
MDB2470698.1	QIZ21092.1	96.875	96	3	0	1	96	1	96	1.08e-62	181
MDB2470699.1	QIZ21091.1	95.135	370	9	1	1	370	1	361	0.0	684
MDB2470700.1	QIZ21090.1	87.069	232	30	0	1	232	1	232	7.29e-153	420
MDB2470701.1	QIZ21089.1	88.274	307	36	0	1	307	1	307	0.0	551
MDB2470702.1	QIZ21088.1	93.838	357	22	0	1	357	1	357	0.0	691
MDB2470705.1	QIZ21086.1	90.511	137	13	0	1	137	1	137	5.83e-92	258
MDB2470706.1	QIZ21085.1	92.056	642	51	0	51	692	39	680	0.0	1238
MDB2470707.1	QIZ21084.1	92.271	207	16	0	1	207	1	207	1.28e-138	382
MDB2470708.1	QIZ21083.1	98.837	86	1	0	1	86	1	86	1.07e-61	177
MDB2470709.1	QIZ21082.1	97.508	602	15	0	1	602	1	602	0.0	1177
MDB2470710.1	QIZ21081.1	93.220	118	8	0	1	118	1	118	6.64e-80	226
MDB2470711.1	QIZ21080.1	90.155	193	19	0	1	193	1	193	8.59e-128	354
MDB2470712.1	QIZ21137.1	96.854	445	14	0	1	445	1	445	0.0	896
MDB2470713.1	QIZ21136.1	99.117	453	4	0	1	453	1	453	0.0	887
MDB2470714.1	QIZ21135.1	96.923	195	6	0	1	195	1	195	2.44e-143	392
MDB2470715.1	QIZ21134.1	99.221	385	3	0	1	385	1	385	0.0	793
MDB2470716.1	QIZ21133.1	95.798	357	15	0	1	357	1	357	0.0	702
MDB2470717.1	QIZ21132.1	96.657	359	12	0	1	359	1	359	0.0	695
MDB2470718.1	QIZ21131.1	100.000	282	0	0	1	282	1	282	0.0	554
MDB2470719.1	QIZ21130.1	96.853	286	9	0	1	286	1	286	0.0	551
MDB2470720.1	QIZ21129.1	98.826	511	6	0	1	511	1	511	0.0	1043
MDB2470721.1	QIZ21128.1	99.433	353	2	0	1	353	1	353	0.0	708
MDB2470722.1	QIZ21127.1	91.667	360	30	0	1	360	1	360	0.0	635
MDB2470723.1	QIZ21126.1	94.527	402	22	0	1	402	1	402	0.0	693
MDB2470724.1	QIZ21125.1	94.322	317	18	0	1	317	1	317	0.0	607
MDB2470725.1	QIZ21124.1	98.687	457	6	0	1	457	1	457	0.0	932
MDB2470726.1	QIZ21123.1	98.196	388	7	0	1	388	1	388	0.0	793
MDB2470727.1	QIZ21122.1	91.645	383	32	0	1	383	1	383	0.0	747
MDB2470728.1	QIZ21121.1	98.956	383	4	0	1	383	1	383	0.0	793
MDB2470729.1	QIZ21120.1	64.029	139	50	0	38	176	31	169	8.65e-64	189
MDB2470730.1	QIZ21119.1	91.525	118	10	0	1	118	1	118	4.75e-67	194
MDB2470731.1	QIZ21118.1	87.283	173	22	0	1	173	1	173	1.64e-111	310
MDB2470732.1	QIZ21117.1	92.424	132	10	0	1	132	494	625	1.63e-71	221
MDB2470733.1	QIZ21117.1	94.030	469	28	0	1	469	1	469	0.0	838
MDB2470734.1	QIZ21116.1	91.304	138	12	0	1	138	1	138	4.48e-90	253
MDB2470735.1	QIZ21115.1	87.324	71	9	0	1	71	1	71	6.14e-43	129
MDB2470736.1	QIZ21114.1	95.673	208	9	0	1	208	29	236	1.47e-145	400
MDB2470737.1	QIZ20305.1	90.220	409	40	0	1	409	1	409	0.0	738
MDB2470738.1	QIZ20304.1	91.030	301	27	0	1	301	1	301	0.0	560
MDB2470739.1	QIZ20303.1	95.370	216	10	0	1	216	1	216	9.43e-153	418
MDB2470740.1	QIZ20302.1	97.352	491	13	0	1	491	1	491	0.0	983
MDB2470741.1	QIZ20301.1	96.495	485	17	0	1	485	1	485	0.0	959
MDB2470742.1	QIZ20300.1	92.632	95	7	0	1	95	1	95	8.40e-60	173
MDB2470743.1	QIZ20299.1	98.013	151	3	0	1	151	1	151	4.96e-105	292
MDB2470744.1	QIZ20298.1	97.764	313	7	0	1	313	1	313	0.0	634
MDB2470745.1	QIZ20742.1	25.369	406	278	10	28	423	25	415	4.94e-35	130
MDB2470746.1	QIZ20297.1	94.764	191	10	0	1	191	1	191	4.59e-123	341
MDB2470747.1	QIZ20296.1	96.019	854	32	1	1	854	1	852	0.0	1615
MDB2470749.1	QIZ20294.1	87.582	153	19	0	1	153	1	153	1.26e-97	273
MDB2470750.1	QIZ20293.1	82.367	431	76	0	1	431	1	431	0.0	695
MDB2470751.1	QIZ20292.1	84.502	271	42	0	1	271	1	271	1.46e-159	440
MDB2470752.1	QIZ20291.1	64.483	290	91	3	1	288	1	280	3.64e-118	336
MDB2470753.1	QIZ20290.1	94.092	457	27	0	1	457	1	457	0.0	870
MDB2470754.1	QIZ20289.1	74.272	206	53	0	1	206	1	206	8.72e-114	319
MDB2470755.1	QIZ20288.1	95.066	304	15	0	1	304	1	304	0.0	584
MDB2470756.1	QIZ20287.1	92.414	145	11	0	1	145	1	145	8.81e-97	271
MDB2470757.1	QIZ20286.1	96.491	342	12	0	1	342	1	342	0.0	669
MDB2470758.1	QIZ20285.1	88.961	154	13	1	1	154	1	150	3.97e-77	222
MDB2470759.1	QIZ20284.1	98.425	127	2	0	1	127	1	127	2.75e-90	253
MDB2470760.1	QIZ20283.1	79.343	213	44	0	1	213	1	213	1.35e-130	362
MDB2470761.1	QIZ20282.1	97.418	426	11	0	1	426	1	426	0.0	828
MDB2470762.1	QIZ20281.1	89.542	153	15	1	1	152	1	153	3.41e-84	239
MDB2470763.1	QIZ20280.1	95.294	170	8	0	1	170	1	170	1.27e-116	323
MDB2470764.1	QIZ20279.1	85.965	57	8	0	1	57	62	118	7.79e-33	104
MDB2470765.1	QIZ20187.1	99.375	320	2	0	1	320	7	326	0.0	645
MDB2470766.1	QIZ20188.1	98.077	156	3	0	1	156	1	156	1.08e-108	302
MDB2470767.1	QIZ20189.1	98.800	500	6	0	1	500	1	500	0.0	976
MDB2470768.1	QIZ20190.1	95.278	360	17	0	1	360	1	360	0.0	703
MDB2470769.1	QIZ20191.1	88.587	184	21	0	1	184	1	184	6.94e-124	342
MDB2470770.1	QIZ20192.1	97.006	167	5	0	1	167	1	167	2.16e-118	327
MDB2470771.1	QIZ20195.1	90.385	260	25	0	1	260	1	260	1.57e-177	484
MDB2470772.1	QIZ20196.1	96.482	199	7	0	1	199	1	199	4.05e-148	405
MDB2470773.1	QIZ20197.1	96.540	289	10	0	1	289	1	289	0.0	576
MDB2470774.1	QIZ20198.1	97.761	402	9	0	1	402	1	402	0.0	767
MDB2470775.1	QIZ20199.1	90.857	175	13	1	1	172	1	175	1.05e-111	311
MDB2470776.1	QIZ20204.1	59.554	314	127	0	1	314	1	314	3.65e-143	403
MDB2470777.1	QIZ20205.1	47.710	262	136	1	1	261	16	277	1.78e-58	183
MDB2470778.1	QIZ20208.1	84.848	132	20	0	1	132	1	132	9.92e-76	216
MDB2470779.1	QIZ20210.1	97.388	536	14	0	10	545	1	536	0.0	1034
MDB2470780.1	QIZ20211.1	93.814	97	6	0	1	97	1	97	1.43e-63	183
MDB2470781.1	QIZ20212.1	96.296	162	6	0	1	162	1	162	1.06e-118	328
MDB2470782.1	QIZ20214.1	94.558	294	16	0	1	294	1	294	0.0	503
MDB2470784.1	QIZ20215.1	95.172	145	7	0	1	145	1	145	5.19e-104	289
MDB2470787.1	QIZ20216.1	96.845	317	10	0	1	317	2	318	0.0	619
MDB2470789.1	QIZ21513.1	35.600	809	508	6	1	803	1	802	1.07e-165	496
MDB2470791.1	QIZ21194.1	95.092	163	8	0	1	163	129	291	4.23e-105	298
MDB2470792.1	QIZ21193.1	86.885	183	24	0	1	183	1	183	2.09e-114	318
MDB2470793.1	QIZ21191.1	84.571	350	54	0	1	350	1	350	0.0	596
MDB2470794.1	QIZ21190.1	93.654	520	33	0	1	520	6	525	0.0	1000
MDB2470795.1	QIZ21189.1	92.931	481	34	0	1	481	1	481	0.0	825
MDB2470796.1	QIZ21188.1	92.576	458	34	0	1	458	1	458	0.0	805
MDB2470797.1	QIZ21187.1	73.387	248	66	0	1	248	1	248	3.38e-128	358
MDB2470798.1	QIZ21186.1	87.584	298	37	0	1	298	1	298	0.0	531
MDB2470799.1	QIZ21185.1	80.833	360	69	0	1	360	1	360	0.0	606
MDB2470800.1	QIZ21184.1	87.062	371	48	0	1	371	1	371	0.0	678
MDB2470801.1	QIZ21183.1	88.325	197	23	0	1	197	1	197	6.65e-130	359
MDB2470802.1	QIZ21182.1	74.059	239	62	0	1	239	1	239	1.49e-136	379
MDB2470803.1	QIZ21181.1	93.701	127	8	0	1	127	1	127	2.17e-85	242
MDB2470804.1	QIZ21180.1	98.810	84	1	0	1	84	1	84	3.57e-56	163
MDB2470805.1	QIZ20436.1	90.604	149	14	0	1	149	1	149	2.34e-75	228
MDB2470806.1	QIZ20435.1	78.013	473	104	0	1	473	1	473	0.0	672
MDB2470807.1	QIZ20434.1	88.211	246	29	0	1	246	1	246	9.20e-161	441
MDB2470808.1	QIZ20433.1	95.000	100	5	0	1	100	1	100	2.10e-65	188
MDB2470809.1	QIZ20432.1	96.283	538	20	0	1	538	1	538	0.0	1058
MDB2470810.1	QIZ20431.1	97.080	274	8	0	1	274	1	274	0.0	553
MDB2470811.1	QIZ20430.1	95.694	418	18	0	1	418	1	418	0.0	785
MDB2470812.1	QIZ20429.1	95.000	100	5	0	1	100	1	100	4.72e-62	179
MDB2470813.1	QIZ20428.1	94.481	308	17	0	1	308	1	308	0.0	590
MDB2470814.1	QIZ20427.1	60.690	145	57	0	1	145	1	145	9.37e-66	192
MDB2470816.1	QIZ20426.1	69.343	137	42	0	20	156	16	152	1.89e-64	190
MDB2470817.1	QIZ20425.1	92.216	167	13	0	1	167	1	167	3.60e-103	289
MDB2470818.1	QIZ20424.1	79.515	371	76	0	1	371	1	371	0.0	538
MDB2470819.1	QIZ20423.1	80.101	593	118	0	1	593	1	593	0.0	896
MDB2470820.1	QIZ20422.1	89.076	119	13	0	1	119	1	119	4.04e-71	215
MDB2470821.1	QIZ21524.1	94.355	124	7	0	1	124	1	124	2.83e-77	231
MDB2470823.1	QIZ21525.1	98.353	425	7	0	1	425	1	425	0.0	875
MDB2470824.1	QIZ21527.1	93.510	339	22	0	1	339	1	339	0.0	664
MDB2470825.1	QIZ21528.1	86.885	61	8	0	1	61	1	61	1.79e-35	109
MDB2470826.1	QIZ21529.1	92.216	167	13	0	18	184	1	167	3.89e-119	330
MDB2470827.1	QIZ21530.1	95.709	536	23	0	1	536	1	536	0.0	982
MDB2470828.1	QIZ21531.1	95.739	352	15	0	1	352	1	352	0.0	654
MDB2470829.1	QIZ21532.1	83.621	232	38	0	1	232	1	232	6.74e-126	352
MDB2470830.1	QIZ21533.1	81.188	101	19	0	1	101	1	101	1.31e-57	169
MDB2470831.1	QIZ20617.1	87.654	81	10	0	1	81	1	81	1.69e-51	151
MDB2470832.1	QIZ20616.1	97.089	584	14	1	1	584	1	581	0.0	1172
MDB2470833.1	QIZ20615.1	97.391	115	3	0	1	115	1	115	8.55e-83	233
MDB2470834.1	QIZ20614.1	95.238	189	9	0	3	191	1	189	1.53e-121	337
MDB2470835.1	QIZ20613.1	88.040	301	36	0	1	301	1	301	0.0	556
MDB2470836.1	QIZ20612.1	88.667	150	17	0	1	150	1	150	7.30e-89	251
MDB2470839.1	QIZ21541.1	89.803	814	83	0	1	814	1	814	0.0	1522
MDB2470840.1	QIZ21540.1	93.197	147	10	0	1	147	1	147	1.98e-101	283
MDB2470841.1	QIZ21539.1	83.908	174	28	0	1	174	6	179	3.51e-94	267
MDB2470842.1	QIZ20545.1	91.351	370	32	0	1	370	1	370	0.0	660
MDB2470843.1	QIZ20546.1	95.312	448	21	0	1	448	1	448	0.0	890
MDB2470844.1	QIZ20547.1	88.217	314	36	1	1	313	1	314	0.0	552
MDB2470845.1	QIZ20548.1	98.491	265	4	0	1	265	1	265	0.0	529
MDB2470846.1	QIZ20549.1	94.976	637	32	0	1	637	1	637	0.0	1236
MDB2470847.1	QIZ20953.1	34.551	301	158	8	2	292	3	274	1.32e-42	143
MDB2470848.1	QIZ21249.1	60.963	187	73	0	1	187	1	187	5.73e-78	239
MDB2470849.1	QIZ21260.1	93.284	134	9	0	1	134	1	134	3.64e-88	255
MDB2470850.1	QIZ21250.1	87.255	204	26	0	1	204	1	204	7.31e-132	367
MDB2470851.1	QIZ21251.1	92.537	134	10	0	1	134	1	134	9.47e-94	262
MDB2470852.1	QIZ21252.1	96.296	324	12	0	1	324	1	324	0.0	638
MDB2470853.1	QIZ21253.1	96.416	279	10	0	1	279	1	279	0.0	549
MDB2470855.1	QIZ21254.1	92.405	79	6	0	1	79	1	79	7.06e-54	157
MDB2470856.1	QIZ21255.1	97.479	119	3	0	1	119	1	119	6.50e-83	234
MDB2470857.1	QIZ21256.1	96.818	220	7	0	1	220	1	220	2.74e-158	432
MDB2470858.1	QIZ21257.1	92.275	233	18	0	1	233	1	233	1.05e-155	427
MDB2470859.1	QIZ21258.1	93.358	271	18	0	1	271	1	271	0.0	512
MDB2470860.1	QIZ21259.1	97.243	544	15	0	1	544	1	544	0.0	1062
MDB2470861.1	QIZ21260.1	92.409	303	23	0	1	303	1	303	0.0	572
MDB2470862.1	QIZ21262.1	93.258	178	12	0	1	178	1	178	2.59e-126	348
MDB2470863.1	QIZ21263.1	98.855	262	3	0	1	262	1	262	0.0	525
MDB2470864.1	QIZ21264.1	87.143	70	9	0	1	70	1	70	5.14e-28	95.9
MDB2470865.1	QIZ20924.1	97.024	336	10	0	1	336	93	428	0.0	660
MDB2470866.1	QIZ20923.1	100.000	71	0	0	1	71	1	71	2.42e-50	147
MDB2470867.1	QIZ20922.1	70.878	467	132	3	1	465	1	465	0.0	646
MDB2470868.1	QIZ20921.1	47.143	350	180	3	1	349	1	346	1.61e-112	327
MDB2470869.1	QIZ20920.1	51.965	229	109	1	1	229	1	228	8.27e-79	232
MDB2470871.1	QIZ20908.1	54.148	229	98	3	1	222	1	229	1.86e-78	231
MDB2470872.1	QIZ20898.1	36.059	477	294	7	3	475	4	473	6.80e-100	303
MDB2470873.1	QIZ20897.1	59.813	107	40	2	1	105	1	106	2.93e-43	132
MDB2470874.1	QIZ20896.1	47.716	197	98	4	2	195	228	422	1.81e-53	172
MDB2470875.1	QIZ20257.1	96.732	306	10	0	1	306	1058	1363	0.0	614
MDB2470876.1	QIZ20258.1	95.360	1401	53	1	1	1401	1	1389	0.0	2755
MDB2470877.1	QIZ20259.1	94.309	123	7	0	1	123	1	123	6.63e-84	236
MDB2470878.1	QIZ20260.1	98.077	156	3	0	1	156	1	156	6.46e-112	310
MDB2470879.1	QIZ20261.1	97.110	692	20	0	1	692	1	692	0.0	1402
MDB2470880.1	QIZ20262.1	100.000	102	0	0	1	102	1	102	9.82e-72	204
MDB2470881.1	QIZ21201.1	91.096	146	13	0	1	146	1	146	4.34e-92	262
MDB2470882.1	QIZ21200.1	93.287	864	58	0	4	867	61	924	0.0	1647
MDB2470883.1	QIZ21200.1	98.485	66	0	1	1	65	1	66	4.55e-41	137
MDB2470884.1	QIZ21199.1	94.822	309	16	0	1	309	1	309	0.0	589
MDB2470885.1	QIZ21198.1	89.617	183	19	0	1	183	1	183	9.62e-116	322
MDB2470886.1	QIZ21197.1	91.979	187	15	0	1	187	1	187	1.06e-127	352
MDB2470887.1	QIZ21196.1	93.367	392	26	0	1	392	1	392	0.0	752
MDB2470888.1	QIZ21195.1	98.182	220	4	0	1	220	1	220	6.40e-164	452
MDB2470889.1	QIZ21195.1	86.184	152	21	0	3	154	196	347	2.95e-92	267
MDB2470890.1	QIZ21194.1	100.000	61	0	0	1	61	1	61	4.11e-39	125
MDB2470891.1	QIZ21416.1	100.000	98	0	0	1	98	1	98	2.56e-68	195
MDB2470892.1	QIZ21415.1	91.667	84	7	0	1	84	1	84	2.27e-56	164
MDB2470893.1	QIZ21414.1	95.122	123	6	0	1	123	1	123	2.31e-87	245
MDB2470894.1	QIZ21413.1	94.613	297	16	0	1	297	1	297	0.0	572
MDB2470895.1	QIZ21412.1	95.899	317	13	0	1	317	1	317	0.0	629
MDB2470896.1	QIZ21411.1	94.314	299	17	0	1	299	1	299	0.0	565
MDB2470897.1	QIZ21410.1	94.417	412	23	0	1	412	1	412	0.0	811
MDB2470898.1	QIZ21409.1	88.740	373	42	0	1	373	1	373	0.0	615
MDB2470899.1	QIZ21408.1	88.235	493	58	0	1	493	162	654	0.0	900
MDB2470900.1	QIZ21520.1	94.839	155	8	0	8	162	1	155	3.58e-112	311
MDB2470901.1	QIZ21521.1	92.574	202	15	0	1	202	1	202	5.59e-145	397
MDB2470902.1	QIZ21522.1	72.973	333	90	0	1	333	1	333	0.0	518
MDB2470903.1	QIZ21523.1	97.627	295	7	0	1	295	1	295	0.0	593
MDB2470904.1	QIZ21524.1	88.811	286	32	0	2	287	191	476	0.0	541
MDB2470905.1	QIZ20439.1	81.369	263	49	0	1	263	1	263	1.90e-148	411
MDB2470906.1	QIZ20438.1	86.970	330	43	0	1	330	1	330	0.0	586
MDB2470907.1	QIZ20437.1	84.737	190	29	0	1	190	1	190	7.16e-120	333
MDB2470908.1	QIZ20436.1	94.757	267	14	0	1	267	218	484	0.0	518
MDB2470909.1	QIZ20316.1	95.767	189	8	0	1	189	1	189	1.78e-134	378
MDB2470910.1	QIZ20317.1	85.210	737	108	1	1	737	1	736	0.0	1306
MDB2470911.1	QIZ20318.1	86.348	293	40	0	1	293	1	293	0.0	528
MDB2470912.1	QIZ20319.1	92.308	156	12	0	1	156	1	156	1.25e-105	294
MDB2470913.1	QIZ20320.1	71.098	173	50	0	1	173	1	173	1.67e-86	247
MDB2470914.1	QIZ20321.1	94.017	585	35	0	1	585	1	585	0.0	1138
MDB2470915.1	QIZ20322.1	89.231	195	21	0	1	195	1	195	4.67e-120	334
MDB2470916.1	QIZ20323.1	83.077	65	11	0	1	65	1	65	8.57e-36	116
MDB2470918.1	QIZ21591.1	86.857	175	23	0	1	175	1	175	1.47e-101	285
MDB2470919.1	QIZ21592.1	83.529	170	28	0	1	170	1	170	3.82e-104	292
MDB2470920.1	QIZ21593.1	84.971	346	52	0	1	346	1	346	0.0	596
MDB2470921.1	QIZ20180.1	98.233	283	5	0	1	283	1	283	0.0	568
MDB2470922.1	QIZ20181.1	99.130	230	2	0	1	230	1	230	1.55e-165	452
MDB2470923.1	QIZ20182.1	99.087	219	2	0	1	219	6	224	1.78e-156	428
MDB2470924.1	QIZ20183.1	96.124	129	5	0	1	129	1	129	4.93e-87	245
MDB2470925.1	QIZ20184.1	92.581	310	23	0	1	310	1	310	0.0	560
MDB2470926.1	QIZ20185.1	78.231	294	64	0	1	294	64	357	6.85e-144	405
MDB2470927.1	QIZ21326.1	45.487	1407	667	35	23	1362	201	1574	0.0	1140
MDB2470928.1	QIZ21328.1	63.636	253	91	1	1	252	1	253	8.05e-117	330
MDB2470931.1	QIZ21359.1	97.044	203	6	0	1	203	872	1074	1.08e-137	407
MDB2470932.1	QIZ21358.1	95.238	84	4	0	1	84	268	351	7.34e-55	169
MDB2470933.1	QIZ20930.1	98.148	54	1	0	1	54	1	54	2.33e-32	101
MDB2470934.1	QIZ20931.1	95.614	114	5	0	1	114	1	114	2.36e-72	207
MDB2470935.1	QIZ20932.1	95.181	83	4	0	1	83	1	83	5.81e-56	163
MDB2470936.1	QIZ20933.1	94.624	558	30	0	1	558	1	558	0.0	1090
MDB2470937.1	QIZ20934.1	84.028	288	46	0	1	288	1	288	5.51e-174	478
MDB2470938.1	QIZ20935.1	97.758	223	5	0	1	223	1	223	4.62e-162	442
MDB2470939.1	QIZ20936.1	99.636	275	1	0	1	275	1	275	0.0	562
MDB2470940.1	QIZ20937.1	95.510	245	11	0	1	245	1	245	3.76e-176	485
MDB2470942.1	QIZ20610.1	89.503	181	19	0	1	181	1	181	1.22e-121	337
MDB2470943.1	QIZ20609.1	85.015	327	49	0	2	328	4	330	0.0	576
MDB2470945.1	QIZ20608.1	87.726	277	34	0	1	277	1	277	0.0	496
MDB2470946.1	QIZ20607.1	69.444	108	33	0	1	108	1	108	2.77e-46	140
MDB2470947.1	QIZ20606.1	87.917	480	58	0	1	480	1	480	0.0	900
MDB2470948.1	QIZ20599.1	76.606	218	51	0	1	218	1	218	7.72e-129	361
MDB2470952.1	QIZ20416.1	36.145	249	141	7	8	251	6	241	1.12e-44	146
MDB2470954.1	QIZ21305.1	34.685	222	137	4	5	225	8	222	9.56e-32	111
MDB2470955.1	QIZ20409.1	97.260	73	2	0	1	73	1	73	1.28e-45	136
MDB2470956.1	QIZ20408.1	96.875	160	5	0	1	160	201	360	3.79e-114	323
MDB2470957.1	QIZ21161.1	95.139	288	14	0	1	288	33	320	0.0	554
MDB2470958.1	QIZ21162.1	92.366	393	23	1	1	393	1	386	0.0	726
MDB2470959.1	QIZ21163.1	94.502	291	16	0	1	291	1	291	0.0	528
MDB2470960.1	QIZ21164.1	96.643	834	28	0	1	834	1	834	0.0	1685
MDB2470961.1	QIZ20565.1	44.275	262	143	3	1	261	30	289	5.51e-77	231
MDB2470963.1	QIZ20563.1	87.541	305	38	0	18	322	1	305	0.0	551
MDB2470964.1	QIZ20562.1	94.106	492	29	0	1	492	1	492	0.0	957
MDB2470965.1	QIZ20557.1	98.291	234	4	0	1	234	1	234	9.51e-173	474
MDB2470966.1	QIZ21234.1	82.382	403	21	2	9	361	212	614	0.0	564
MDB2470967.1	QIZ21238.1	87.293	181	23	0	2	182	125	305	3.38e-112	317
MDB2470968.1	QIZ21239.1	89.369	903	96	0	1	903	1	903	0.0	1649
MDB2470969.1	QIZ21240.1	58.385	161	66	1	5	164	5	165	2.78e-54	165
MDB2470978.1	QIZ20550.1	92.278	259	20	0	1	259	78	336	1.29e-177	488
MDB2470979.1	QIZ20551.1	89.474	380	40	0	1	380	1	380	0.0	700
MDB2470980.1	QIZ20552.1	95.710	303	13	0	1	303	1	303	0.0	588
MDB2470981.1	QIZ20553.1	89.953	428	43	0	1	428	1	428	0.0	789
MDB2470982.1	QIZ21495.1	55.440	193	86	0	3	195	57	249	1.37e-76	226
MDB2470983.1	QIZ21334.1	82.222	585	101	1	1	585	1	582	0.0	1000
MDB2470984.1	QIZ21333.1	64.299	521	174	7	1	512	1	518	0.0	639
MDB2470985.1	QIZ21332.1	52.252	111	49	2	33	142	58	165	1.81e-33	111
MDB2470986.1	QIZ21111.1	95.161	62	3	0	1	62	53	114	2.02e-38	119
MDB2470987.1	QIZ21110.1	96.443	253	9	0	1	253	1	253	1.72e-178	486
MDB2470988.1	QIZ21109.1	85.797	345	49	0	1	345	1	345	0.0	642
MDB2470989.1	QIZ21108.1	88.095	168	20	0	1	168	1	168	1.53e-111	310
MDB2470990.1	QIZ21107.1	96.203	395	15	0	1	395	1	395	0.0	783
MDB2470991.1	QIZ21106.1	84.783	46	7	0	1	46	1	46	9.35e-27	91.3
MDB2470992.1	QIZ21049.1	94.828	58	3	0	1	58	566	623	1.29e-32	112
MDB2470993.1	QIZ21048.1	79.812	213	43	0	1	213	1	213	1.23e-123	344
MDB2470994.1	QIZ21047.1	86.742	264	35	0	1	264	1	264	1.23e-172	473
MDB2470995.1	QIZ21046.1	87.234	282	36	0	1	282	1	282	4.21e-179	490
MDB2470996.1	QIZ21045.1	55.891	331	146	0	1	331	1	331	1.26e-125	359
MDB2470998.1	QIZ21237.1	79.779	272	55	0	1	272	1	272	1.55e-168	462
MDB2470999.1	QIZ21236.1	96.875	96	3	0	1	96	1	96	1.99e-63	182
MDB2471000.1	QIZ21235.1	98.198	555	10	0	1	555	1	555	0.0	1084
MDB2471002.1	QIZ21375.1	66.265	249	83	1	1	249	109	356	6.37e-114	327
MDB2471003.1	QIZ21376.1	86.207	464	64	0	1	464	1	464	0.0	835
MDB2471004.1	QIZ21377.1	76.923	312	68	2	1	308	1	312	7.56e-166	459
MDB2471005.1	QIZ21378.1	81.250	96	18	0	1	96	1	96	4.41e-53	164
MDB2471006.1	QIZ21452.1	94.111	866	51	0	1	866	24	889	0.0	1690
MDB2471007.1	QIZ21420.1	98.913	92	1	0	1	92	1	92	6.02e-60	182
MDB2471008.1	QIZ21419.1	99.663	297	1	0	1	297	1	297	0.0	593
MDB2471009.1	QIZ21418.1	99.516	413	2	0	1	413	1	413	0.0	847
MDB2471010.1	QIZ21449.1	93.566	373	24	0	1	373	24	396	0.0	723
MDB2471013.1	QIZ21267.1	95.035	141	7	0	1	141	1	141	6.40e-96	268
MDB2471014.1	QIZ21266.1	86.335	161	22	0	1	161	1	161	5.02e-109	303
MDB2471015.1	QIZ21265.1	83.406	458	76	0	1	458	1	458	0.0	792
MDB2471016.1	QIZ21483.1	30.395	329	213	5	26	348	62	380	8.66e-44	151
MDB2471017.1	QIZ20489.1	28.012	332	228	6	47	369	9	338	5.17e-37	133
MDB2471019.1	QIZ21008.1	95.402	261	12	0	1	261	1	261	0.0	515
MDB2471020.1	QIZ21007.1	86.649	367	49	0	2	368	37	403	0.0	672
MDB2471021.1	QIZ20314.1	89.412	680	72	0	1	680	150	829	0.0	1293
MDB2471024.1	QIZ20846.1	43.697	238	130	1	1	238	1	234	1.48e-61	190
MDB2471025.1	QIZ21454.1	43.873	408	226	2	34	441	29	433	2.92e-108	322
MDB2471026.1	QIZ21455.1	83.803	142	23	0	1	142	1	142	3.46e-88	249
