MDA7478193.1	QIZ20524.1	90.476	84	8	0	1	84	1	84	2.10e-45	145
MDA7478194.1	QIZ20525.1	95.813	406	17	0	1	406	1	406	0.0	750
MDA7478195.1	QIZ20526.1	97.187	391	11	0	1	391	1	391	0.0	785
MDA7478196.1	QIZ20527.1	96.765	371	12	0	1	371	1	371	0.0	733
MDA7478197.1	QIZ20528.1	100.000	68	0	0	1	68	1	68	1.86e-44	132
MDA7478198.1	QIZ20529.1	95.703	256	11	0	1	256	1	256	0.0	500
MDA7478200.1	QIZ20530.1	98.913	184	2	0	1	184	1	184	7.56e-132	363
MDA7478201.1	QIZ20531.1	96.178	157	6	0	1	157	1	157	8.21e-107	297
MDA7478202.1	QIZ20532.1	87.629	194	24	0	1	194	1	194	2.21e-126	350
MDA7478203.1	QIZ20533.1	85.827	127	18	0	1	127	1	127	3.50e-79	225
MDA7478204.1	QIZ20536.1	88.079	151	18	0	1	151	2	152	4.63e-77	222
MDA7478205.1	QIZ20537.1	65.358	433	150	0	1	433	1	433	0.0	527
MDA7478206.1	QIZ20538.1	100.000	91	0	0	1	91	1	91	2.32e-63	182
MDA7478207.1	QIZ20539.1	96.552	377	13	0	1	377	1	377	0.0	738
MDA7478209.1	QIZ20540.1	92.941	255	18	0	1	255	1	255	4.24e-172	470
MDA7478210.1	QIZ20541.1	88.103	311	37	0	1	311	1	311	0.0	558
MDA7478211.1	QIZ20542.1	50.422	474	232	1	3	473	2	475	2.16e-157	452
MDA7478213.1	QIZ20544.1	94.611	167	9	0	1	167	1	167	1.30e-115	320
MDA7478214.1	QIZ20545.1	95.946	370	15	0	1	370	1	370	0.0	691
MDA7478215.1	QIZ20546.1	98.214	448	8	0	1	448	1	448	0.0	926
MDA7478216.1	QIZ20547.1	92.357	314	23	1	1	313	1	314	0.0	580
MDA7478217.1	QIZ20548.1	96.604	265	9	0	1	265	1	265	0.0	523
MDA7478218.1	QIZ20549.1	86.970	637	83	0	1	637	1	637	0.0	1149
MDA7478219.1	QIZ20550.1	96.131	336	13	0	1	336	1	336	0.0	635
MDA7478220.1	QIZ20551.1	80.789	380	73	0	1	380	1	380	0.0	654
MDA7478221.1	QIZ20552.1	94.719	303	16	0	1	303	1	303	0.0	580
MDA7478222.1	QIZ20553.1	90.421	428	41	0	1	428	1	428	0.0	792
MDA7478223.1	QIZ20554.1	72.139	201	56	0	1	201	1	201	9.30e-99	280
MDA7478224.1	QIZ20555.1	94.810	501	26	0	1	501	1	501	0.0	967
MDA7478225.1	QIZ20556.1	95.415	349	16	0	1	349	1	349	0.0	671
MDA7478226.1	QIZ20557.1	96.250	320	12	0	1	320	1	320	0.0	631
MDA7478227.1	QIZ20562.1	93.496	492	32	0	1	492	1	492	0.0	957
MDA7478228.1	QIZ20567.1	88.148	135	16	0	1	135	1	135	6.16e-93	260
MDA7478229.1	QIZ20568.1	92.670	191	14	0	1	191	1	191	4.75e-132	364
MDA7478230.1	QIZ20569.1	96.396	333	12	0	1	333	1	333	0.0	652
MDA7478232.1	QIZ20579.1	49.541	109	55	0	1	109	1	109	5.44e-36	114
MDA7478233.1	QIZ20579.1	89.091	110	12	0	1	110	1	110	2.28e-65	189
MDA7478234.1	QIZ20583.1	90.351	114	11	0	1	114	1	114	7.84e-75	213
MDA7478235.1	QIZ20584.1	81.522	184	34	0	6	189	3	186	7.95e-111	310
MDA7478236.1	QIZ20585.1	89.925	268	27	0	1	268	1	268	2.72e-180	492
MDA7478237.1	QIZ20586.1	75.130	193	48	0	1	193	1	193	1.97e-111	312
MDA7478238.1	QIZ20587.1	81.702	235	43	0	1	235	1	235	3.85e-140	388
MDA7478239.1	QIZ20588.1	88.929	280	31	0	1	280	1	280	0.0	521
MDA7478240.1	QIZ20589.1	90.311	289	28	0	1	289	1	289	0.0	539
MDA7478241.1	QIZ20606.1	88.958	480	53	0	1	480	1	480	0.0	905
MDA7478242.1	QIZ20609.1	93.939	330	20	0	1	330	1	330	0.0	639
MDA7478243.1	QIZ20610.1	91.713	181	15	0	1	181	1	181	9.25e-124	342
MDA7478244.1	QIZ20611.1	80.952	84	16	0	1	84	1	84	2.10e-40	124
MDA7478245.1	QIZ20612.1	91.333	150	13	0	1	150	1	150	2.07e-90	255
MDA7478246.1	QIZ20613.1	91.362	301	26	0	1	301	1	301	0.0	577
MDA7478247.1	QIZ20614.1	95.238	189	9	0	1	189	1	189	4.47e-119	331
MDA7478248.1	QIZ20615.1	93.913	115	7	0	1	115	1	115	1.19e-81	230
MDA7478249.1	QIZ20616.1	96.064	559	22	0	23	581	23	581	0.0	1047
MDA7478250.1	QIZ20617.1	92.593	81	6	0	1	81	1	81	1.05e-53	157
MDA7478251.1	QIZ20618.1	98.193	166	3	0	1	166	1	166	8.56e-120	331
MDA7478252.1	QIZ20619.1	91.129	248	22	0	1	248	1	248	4.58e-136	379
MDA7478253.1	QIZ20620.1	93.878	196	12	0	1	196	1	196	1.63e-124	345
MDA7478254.1	QIZ20621.1	78.808	302	64	0	1	302	1	302	5.20e-173	476
MDA7478255.1	QIZ20622.1	86.780	295	39	0	1	295	1	295	3.02e-180	494
MDA7478256.1	QIZ20623.1	84.277	159	25	0	1	159	1	159	1.66e-89	253
MDA7478257.1	QIZ20624.1	98.077	468	9	0	1	468	1	468	0.0	960
MDA7478259.1	QIZ20625.1	100.000	110	0	0	1	110	1	110	5.67e-78	221
MDA7478260.1	QIZ20626.1	97.959	98	2	0	1	98	1	98	3.61e-67	192
MDA7478261.1	QIZ20627.1	85.256	156	23	0	1	156	1	156	3.95e-98	275
MDA7478262.1	QIZ20628.1	82.921	404	69	0	1	404	1	404	0.0	731
MDA7478263.1	QIZ20629.1	59.277	415	168	1	1	414	1	415	4.75e-168	473
MDA7478264.1	QIZ20630.1	80.247	243	48	0	1	243	1	243	5.47e-141	391
MDA7478265.1	QIZ20631.1	91.875	480	39	0	1	480	1	480	0.0	927
MDA7478266.1	QIZ20632.1	95.745	141	6	0	1	141	1	141	4.84e-99	276
MDA7478267.1	QIZ20633.1	99.541	218	1	0	1	218	1	218	1.25e-166	453
MDA7478268.1	QIZ20634.1	92.000	375	30	0	1	375	1	375	0.0	697
MDA7478269.1	QIZ20635.1	94.621	409	22	0	1	409	1	409	0.0	771
MDA7478270.1	QIZ20636.1	87.808	730	89	0	1	730	1	730	0.0	1188
MDA7478271.1	QIZ20863.1	41.975	243	133	5	104	342	104	342	2.09e-54	178
MDA7478273.1	QIZ20637.1	94.649	598	32	0	1	598	1	598	0.0	1099
MDA7478274.1	QIZ20638.1	98.444	257	4	0	1	257	1	257	0.0	513
MDA7478276.1	QIZ20640.1	94.853	136	7	0	10	145	10	145	8.19e-94	263
MDA7478277.1	QIZ20641.1	93.617	141	9	0	1	141	1	141	1.20e-93	263
MDA7478278.1	QIZ20642.1	98.198	444	8	0	1	444	1	444	0.0	909
MDA7478279.1	QIZ20643.1	80.000	135	24	1	1	135	1	132	1.94e-69	201
MDA7478280.1	QIZ20644.1	95.798	119	5	0	1	119	1	119	2.59e-82	232
MDA7478281.1	QIZ20645.1	95.238	273	13	0	1	273	1	273	0.0	531
MDA7478282.1	QIZ20646.1	95.960	594	24	0	1	594	1	594	0.0	1181
MDA7478283.1	QIZ20647.1	96.364	220	8	0	1	220	5	224	3.43e-140	387
MDA7478284.1	QIZ20648.1	89.931	288	29	0	1	288	72	359	4.04e-180	496
MDA7478285.1	QIZ20649.1	91.520	342	29	0	1	342	1	342	0.0	598
MDA7478286.1	QIZ20650.1	90.104	192	19	0	1	192	1	192	6.46e-117	325
MDA7478287.1	QIZ20651.1	94.853	136	7	0	1	136	1	136	1.63e-82	234
MDA7478288.1	QIZ20652.1	91.753	485	40	0	1	485	1	485	0.0	901
MDA7478289.1	QIZ20653.1	65.013	383	124	3	1	378	1	378	2.27e-173	484
MDA7478290.1	QIZ20654.1	70.868	357	104	0	1	357	1	357	1.69e-166	464
MDA7478291.1	QIZ20655.1	53.937	851	352	5	1	848	1	814	0.0	924
MDA7478292.1	QIZ20656.1	76.974	304	68	1	2	305	4	305	7.02e-158	439
MDA7478293.1	QIZ20657.1	87.812	320	39	0	1	320	1	320	0.0	527
MDA7478294.1	QIZ20658.1	89.313	262	28	0	1	262	1	262	6.57e-171	468
MDA7478295.1	QIZ20659.1	95.238	210	10	0	1	210	1	210	6.00e-148	405
MDA7478296.1	QIZ20660.1	100.000	79	0	0	1	79	1	79	1.08e-50	149
MDA7478297.1	QIZ20661.1	99.184	245	2	0	1	245	3	247	7.41e-179	486
MDA7478298.1	QIZ20662.1	99.032	310	3	0	1	310	1	310	0.0	609
MDA7478299.1	QIZ20663.1	100.000	121	0	0	1	121	1	121	8.72e-86	241
MDA7478300.1	QIZ20664.1	98.571	70	1	0	23	92	1	70	6.03e-47	140
MDA7478301.1	QIZ20665.1	97.368	152	4	0	1	152	1	152	8.33e-103	286
MDA7478302.1	QIZ20666.1	99.364	472	3	0	1	472	1	472	0.0	957
MDA7478303.1	QIZ20667.1	96.851	794	25	0	1	794	1	794	0.0	1529
MDA7478304.1	QIZ20668.1	91.713	181	15	0	1	181	1	181	7.12e-109	304
MDA7478305.1	QIZ20669.1	92.276	479	37	0	15	493	15	493	0.0	917
MDA7478306.1	QIZ20670.1	96.984	431	13	0	1	431	1	431	0.0	861
MDA7478307.1	QIZ20671.1	93.851	309	19	0	1	309	1	309	0.0	583
MDA7478308.1	QIZ20672.1	96.503	286	10	0	1	286	1	286	0.0	551
MDA7478309.1	QIZ20673.1	79.677	433	88	0	1	433	1	433	0.0	694
MDA7478310.1	QIZ20674.1	95.929	393	16	0	1	393	1	393	0.0	778
MDA7478311.1	QIZ20675.1	91.176	68	6	0	1	68	1	68	5.05e-42	126
MDA7478312.1	QIZ20676.1	93.168	161	11	0	1	161	1	161	4.55e-99	278
MDA7478317.1	QIZ20679.1	89.333	75	8	0	1	75	1	75	1.94e-47	140
MDA7478318.1	QIZ20680.1	77.810	347	77	0	1	347	1	347	0.0	591
MDA7478319.1	QIZ20681.1	95.405	370	17	0	1	370	1	370	0.0	746
MDA7478320.1	QIZ20682.1	96.296	405	15	0	1	405	1	405	0.0	815
MDA7478321.1	QIZ20683.1	96.346	301	11	0	1	301	1	301	0.0	574
MDA7478322.1	QIZ20684.1	93.976	415	25	0	1	415	1	415	0.0	747
MDA7478323.1	QIZ20685.1	96.040	202	8	0	1	202	1	202	9.59e-143	392
MDA7478324.1	QIZ20686.1	97.059	136	4	0	1	136	1	136	8.77e-97	270
MDA7478325.1	QIZ20687.1	97.516	161	4	0	1	161	1	161	5.78e-110	305
MDA7478326.1	QIZ20711.1	27.645	293	188	10	50	334	60	336	2.53e-22	91.7
MDA7478327.1	QIZ20712.1	29.642	307	184	9	1	295	1	287	9.63e-27	102
MDA7478328.1	QIZ21421.1	35.743	249	153	2	13	261	3	244	3.10e-52	166
MDA7478329.1	QIZ20709.1	40.249	241	136	4	8	248	2	234	2.47e-59	184
MDA7478331.1	QIZ20689.1	80.435	276	54	0	1	276	1	276	1.11e-166	459
MDA7478332.1	QIZ20690.1	94.928	552	28	0	1	552	1	552	0.0	1060
MDA7478333.1	QIZ20691.1	96.855	922	29	0	1	922	1	922	0.0	1883
MDA7478334.1	QIZ20692.1	65.208	480	167	0	4	483	12	491	0.0	678
MDA7478335.1	QIZ20694.1	84.469	367	57	0	1	367	1	367	0.0	637
MDA7478336.1	QIZ20695.1	76.774	155	36	0	1	155	1	155	1.14e-71	208
MDA7478337.1	QIZ20696.1	76.285	253	60	0	1	253	1	253	5.27e-149	412
MDA7478338.1	QIZ20697.1	93.956	182	11	0	1	182	1	182	1.31e-127	352
MDA7478339.1	QIZ20698.1	91.327	392	34	0	1	392	1	392	0.0	729
MDA7478340.1	QIZ21434.1	25.602	457	318	12	535	978	17	464	3.40e-35	136
MDA7478343.1	QIZ20699.1	95.652	414	18	0	1	414	1	414	0.0	790
MDA7478344.1	QIZ20700.1	98.950	952	10	0	1	952	1	952	0.0	1967
MDA7478345.1	QIZ20701.1	98.413	126	2	0	1	126	1	126	1.29e-89	251
MDA7478346.1	QIZ20702.1	94.565	368	20	0	1	368	1	368	0.0	706
MDA7478347.1	QIZ20703.1	80.808	297	53	1	1	293	1	297	6.95e-163	450
MDA7478348.1	QIZ20704.1	72.871	317	86	0	1	317	1	317	2.08e-169	469
MDA7478349.1	QIZ20705.1	87.719	228	28	0	1	228	1	228	7.81e-152	417
MDA7478350.1	QIZ20706.1	96.887	257	8	0	1	257	9	265	0.0	510
MDA7478351.1	QIZ20707.1	89.571	163	17	0	1	163	1	163	1.35e-106	297
MDA7478354.1	QIZ20203.1	33.790	438	262	9	8	429	9	434	4.93e-69	221
MDA7478357.1	QIZ21410.1	34.474	409	265	3	7	414	6	412	3.01e-75	236
MDA7478358.1	QIZ21401.1	31.475	556	351	12	8	545	3	546	1.03e-73	241
MDA7478361.1	QIZ20714.1	97.549	204	5	0	1	204	1	204	5.10e-139	382
MDA7478362.1	QIZ20715.1	88.327	257	30	0	1	257	1	257	1.02e-170	467
MDA7478363.1	QIZ20716.1	96.403	139	5	0	1	139	1	139	2.07e-102	285
MDA7478364.1	QIZ20717.1	94.434	521	29	0	1	521	1	521	0.0	988
MDA7478365.1	QIZ20718.1	87.586	145	18	0	1	145	1	145	3.83e-90	254
MDA7478366.1	QIZ20719.1	97.765	358	8	0	1	358	1	358	0.0	691
MDA7478367.1	QIZ20720.1	98.522	203	3	0	1	203	1	203	5.47e-145	397
MDA7478368.1	QIZ20721.1	59.736	303	118	2	1	300	1	302	3.57e-130	368
MDA7478369.1	QIZ20722.1	95.131	267	13	0	1	267	1	267	6.00e-178	486
MDA7478370.1	QIZ20723.1	93.953	215	13	0	1	215	1	215	4.61e-155	424
MDA7478371.1	QIZ20724.1	89.604	404	42	0	1	404	1	404	0.0	764
MDA7478372.1	QIZ20725.1	89.876	889	90	0	1	889	1	889	0.0	1639
MDA7478373.1	QIZ20726.1	98.695	383	5	0	1	383	1	383	0.0	762
MDA7478374.1	QIZ20727.1	97.685	432	10	0	1	432	1	432	0.0	829
MDA7478375.1	QIZ20728.1	96.104	308	12	0	1	308	1	308	0.0	603
MDA7478376.1	QIZ20729.1	99.167	120	1	0	1	120	1	120	7.14e-88	246
MDA7478377.1	QIZ20730.1	91.534	189	16	0	1	189	1	189	2.27e-127	352
MDA7478378.1	QIZ20731.1	97.710	131	3	0	1	131	1	131	9.35e-93	259
MDA7478379.1	QIZ20732.1	97.418	426	11	0	1	426	1	426	0.0	851
MDA7478380.1	QIZ20733.1	92.069	290	23	0	1	290	1	290	0.0	520
MDA7478382.1	QIZ20734.1	91.111	180	16	0	1	180	1	180	4.03e-113	315
MDA7478383.1	QIZ20416.1	47.638	254	122	2	8	261	2	244	5.55e-81	239
MDA7478384.1	QIZ20181.1	29.858	211	136	3	15	213	13	223	1.20e-23	90.5
MDA7478385.1	QIZ20311.1	34.545	165	107	1	14	177	40	204	6.39e-26	96.7
MDA7478387.1	QIZ20735.1	56.923	260	108	2	1	260	1	256	1.55e-86	254
MDA7478389.1	QIZ20736.1	85.096	208	31	0	1	208	1	208	2.72e-138	381
MDA7478390.1	QIZ20737.1	92.308	338	26	0	1	338	1	338	0.0	617
MDA7478391.1	QIZ20738.1	93.396	106	7	0	1	106	1	106	3.15e-73	208
MDA7478392.1	QIZ20739.1	86.166	253	35	0	1	253	1	253	1.22e-159	439
MDA7478393.1	QIZ20740.1	92.552	631	47	0	1	631	1	631	0.0	1226
MDA7478394.1	QIZ20741.1	86.364	110	15	0	1	110	1	110	2.14e-64	186
MDA7478395.1	QIZ20742.1	93.318	434	29	0	1	434	1	434	0.0	845
MDA7478396.1	QIZ20743.1	84.014	294	47	0	1	294	1	294	0.0	500
MDA7478397.1	QIZ20744.1	91.185	329	29	0	1	329	1	329	0.0	628
MDA7478398.1	QIZ20745.1	89.170	277	30	0	1	277	1	277	0.0	504
MDA7478399.1	QIZ20746.1	95.152	887	43	0	1	887	1	887	0.0	1751
MDA7478400.1	QIZ20747.1	88.227	688	81	0	1	688	1	688	0.0	1207
MDA7478401.1	QIZ20748.1	95.578	294	13	0	1	294	1	294	0.0	598
MDA7478402.1	QIZ20749.1	98.507	268	4	0	1	268	1	268	0.0	521
MDA7478403.1	QIZ20750.1	97.626	337	8	0	1	337	1	337	0.0	665
MDA7478404.1	QIZ20751.1	94.231	208	12	0	1	208	1	208	3.01e-147	404
MDA7478405.1	QIZ20752.1	98.056	360	7	0	1	360	1	360	0.0	731
MDA7478406.1	QIZ20753.1	96.546	637	22	0	1	637	1	637	0.0	1273
MDA7478407.1	QIZ20754.1	94.828	290	15	0	1	290	1	290	0.0	526
MDA7478408.1	QIZ20755.1	88.889	81	9	0	1	81	1	81	3.90e-44	133
MDA7478409.1	QIZ20756.1	93.226	310	21	0	1	310	1	310	0.0	575
MDA7478410.1	QIZ20757.1	97.546	326	8	0	1	326	1	326	0.0	648
MDA7478411.1	QIZ20758.1	98.635	293	4	0	1	293	1	293	0.0	592
MDA7478412.1	QIZ20759.1	98.372	430	7	0	1	430	1	430	0.0	860
MDA7478424.1	QIZ20837.1	31.777	557	339	13	22	546	26	573	1.05e-51	182
MDA7478427.1	QIZ20416.1	35.683	227	129	6	1	222	5	219	3.42e-41	137
MDA7478430.1	QIZ20860.1	93.056	432	30	0	1	432	1	432	0.0	761
MDA7478431.1	QIZ20861.1	93.103	145	9	1	1	145	1	144	1.26e-87	249
MDA7478432.1	QIZ20862.1	92.857	280	20	0	1	280	1	280	0.0	513
MDA7478433.1	QIZ20863.1	98.039	357	7	0	1	357	1	357	0.0	709
MDA7478434.1	QIZ20864.1	98.907	366	4	0	1	366	1	366	0.0	726
MDA7478435.1	QIZ20865.1	96.774	403	13	0	1	403	1	403	0.0	787
MDA7478436.1	QIZ20866.1	94.583	240	13	0	1	240	1	240	4.45e-166	454
MDA7478437.1	QIZ20867.1	92.308	143	11	0	1	143	1	143	1.52e-87	247
MDA7478438.1	QIZ20868.1	91.224	433	38	0	1	433	1	433	0.0	805
MDA7478439.1	QIZ20869.1	93.801	855	45	3	1	854	1	848	0.0	1620
MDA7478440.1	QIZ20870.1	95.380	368	17	0	1	368	1	368	0.0	721
MDA7478441.1	QIZ20871.1	94.247	730	40	1	1	728	4	733	0.0	1436
MDA7478442.1	QIZ20872.1	99.507	203	1	0	1	203	1	203	2.23e-149	409
MDA7478443.1	QIZ20873.1	98.095	105	2	0	1	105	1	105	3.60e-70	200
MDA7478444.1	QIZ20874.1	94.614	557	30	0	1	557	1	557	0.0	1035
MDA7478445.1	QIZ20875.1	94.928	276	14	0	1	276	1	276	0.0	547
MDA7478446.1	QIZ20876.1	88.618	246	28	0	1	246	1	246	8.70e-151	416
MDA7478447.1	QIZ20877.1	87.709	179	22	0	1	179	11	189	2.86e-117	326
MDA7478448.1	QIZ20878.1	95.146	309	15	0	1	309	1	309	0.0	599
MDA7478449.1	QIZ20879.1	95.619	388	17	0	1	388	1	388	0.0	721
MDA7478450.1	QIZ20880.1	92.222	270	21	0	1	270	1	270	1.54e-166	457
MDA7478451.1	QIZ20881.1	93.976	166	10	0	1	166	1	166	5.73e-117	323
MDA7478452.1	QIZ20882.1	95.652	322	14	0	1	322	1	322	0.0	635
MDA7478453.1	QIZ20883.1	96.552	203	7	0	1	203	1	203	3.91e-148	405
MDA7478454.1	QIZ20884.1	97.214	323	9	0	1	323	1	323	0.0	616
MDA7478455.1	QIZ20885.1	82.990	194	33	0	1	194	1	194	1.45e-114	320
MDA7478456.1	QIZ20886.1	96.512	258	9	0	1	258	1	258	0.0	501
MDA7478457.1	QIZ20887.1	93.160	424	29	0	19	442	19	442	0.0	764
MDA7478458.1	QIZ20888.1	96.117	206	8	0	12	217	12	217	4.48e-137	379
MDA7478459.1	QIZ20889.1	98.611	576	8	0	1	576	1	576	0.0	1150
MDA7478460.1	QIZ20890.1	98.947	95	1	0	1	95	1	95	3.45e-66	189
MDA7478461.1	QIZ20891.1	93.886	229	14	0	1	229	2	230	4.12e-159	435
MDA7478462.1	QIZ20892.1	93.780	209	13	0	1	209	1	209	1.53e-144	397
MDA7478463.1	QIZ20893.1	97.317	410	11	0	1	410	1	410	0.0	824
MDA7478464.1	QIZ20894.1	96.226	265	10	0	1	265	1	265	0.0	506
MDA7478465.1	QIZ20895.1	90.260	308	30	0	1	308	1	308	0.0	592
MDA7478466.1	QIZ20896.1	47.887	426	214	6	1	422	1	422	1.03e-137	397
MDA7478467.1	QIZ20897.1	60.748	107	39	2	1	105	1	106	5.86e-44	134
MDA7478468.1	QIZ20898.1	36.059	477	294	7	3	475	4	473	6.88e-100	303
MDA7478469.1	QIZ20908.1	55.022	229	97	3	1	223	1	229	3.89e-80	236
MDA7478482.1	QIZ20911.1	77.005	187	42	1	1	187	1	186	1.76e-106	299
MDA7478483.1	QIZ20910.1	81.416	113	21	0	13	125	13	125	3.94e-70	202
MDA7478484.1	QIZ20920.1	52.838	229	107	1	1	229	1	228	1.38e-79	234
MDA7478485.1	QIZ20921.1	47.714	350	178	3	1	349	1	346	2.10e-113	329
MDA7478486.1	QIZ20922.1	70.664	467	133	3	1	465	1	465	0.0	651
MDA7478487.1	QIZ21496.1	75.385	65	16	0	3	67	2	66	5.04e-32	101
MDA7478488.1	QIZ20923.1	100.000	71	0	0	1	71	1	71	2.42e-50	147
MDA7478489.1	QIZ20924.1	96.963	428	13	0	1	428	1	428	0.0	825
MDA7478490.1	QIZ20925.1	95.420	131	6	0	1	131	1	131	2.27e-88	248
MDA7478491.1	QIZ20926.1	95.923	417	17	0	1	417	1	417	0.0	801
MDA7478492.1	QIZ20927.1	97.838	185	4	0	1	185	1	185	7.96e-134	368
MDA7478493.1	QIZ20928.1	100.000	65	0	0	10	74	1	65	4.74e-43	129
MDA7478494.1	QIZ20929.1	80.753	239	46	0	1	239	1	239	1.14e-143	397
MDA7478495.1	QIZ20930.1	100.000	54	0	0	1	54	1	54	3.72e-33	103
MDA7478496.1	QIZ20931.1	96.491	114	4	0	1	114	1	114	6.26e-73	208
MDA7478497.1	QIZ20932.1	98.795	83	1	0	1	83	1	83	3.94e-57	166
MDA7478498.1	QIZ20933.1	98.208	558	10	0	1	558	1	558	0.0	1121
MDA7478499.1	QIZ20934.1	85.069	288	43	0	1	288	1	288	3.92e-174	478
MDA7478500.1	QIZ20935.1	97.758	223	5	0	1	223	1	223	2.70e-162	443
MDA7478501.1	QIZ20936.1	98.182	275	5	0	1	275	1	275	0.0	556
MDA7478502.1	QIZ20937.1	95.312	384	18	0	1	384	1	384	0.0	743
MDA7478503.1	QIZ20939.1	94.822	309	16	0	1	309	1	309	0.0	608
MDA7478504.1	QIZ20940.1	96.855	159	5	0	1	159	1	159	9.63e-114	315
MDA7478505.1	QIZ20941.1	97.154	246	7	0	1	246	1	246	6.61e-177	482
MDA7478506.1	QIZ20942.1	88.387	310	36	0	1	310	1	310	0.0	559
MDA7478507.1	QIZ20943.1	97.093	172	5	0	1	172	1	172	2.59e-122	337
MDA7478508.1	QIZ20944.1	90.444	586	56	0	1	586	1	586	0.0	1043
MDA7478510.1	QIZ20945.1	89.412	170	18	0	1	170	1	170	4.95e-109	304
MDA7478511.1	QIZ20946.1	88.587	368	42	0	1	368	1	368	0.0	630
MDA7478512.1	QIZ20947.1	86.047	86	12	0	1	86	10	95	4.01e-49	146
MDA7478513.1	QIZ20948.1	100.000	175	0	0	1	175	1	175	4.07e-131	360
MDA7478514.1	QIZ20949.1	98.457	324	5	0	1	324	1	324	0.0	667
MDA7478515.1	QIZ20950.1	96.013	602	24	0	1	602	1	602	0.0	1124
MDA7478516.1	QIZ20951.1	91.549	426	36	0	1	426	1	426	0.0	747
MDA7478517.1	QIZ20952.1	98.394	685	11	0	1	685	1	685	0.0	1374
MDA7478519.1	QIZ20959.1	98.495	598	9	0	1	598	4	601	0.0	1206
MDA7478520.1	QIZ20960.1	83.292	802	134	0	1	802	1	802	0.0	1330
MDA7478521.1	QIZ20961.1	94.085	355	21	0	1	355	1	355	0.0	694
MDA7478522.1	QIZ20962.1	98.305	118	2	0	1	118	1	118	1.40e-84	238
MDA7478523.1	QIZ20963.1	98.529	68	1	0	1	68	1	68	1.82e-44	132
MDA7478524.1	QIZ20964.1	99.448	181	1	0	1	181	1	181	5.56e-133	365
MDA7478525.1	QIZ20965.1	97.962	638	13	0	1	638	1	638	0.0	1300
MDA7478526.1	QIZ20966.1	94.010	384	23	0	1	384	1	384	0.0	713
MDA7478527.1	QIZ20967.1	93.227	251	17	0	1	251	1	251	2.25e-161	443
MDA7478528.1	QIZ20968.1	90.378	291	28	0	1	291	1	291	0.0	523
MDA7478529.1	QIZ20969.1	97.602	1501	36	0	1	1501	1	1501	0.0	3034
MDA7478530.1	QIZ20970.1	97.495	479	12	0	1	479	1	479	0.0	962
MDA7478531.1	QIZ20971.1	93.333	240	16	0	1	240	1	240	5.28e-156	430
MDA7478532.1	QIZ20972.1	95.254	295	14	0	1	295	1	295	0.0	559
MDA7478533.1	QIZ20973.1	91.253	423	37	0	1	423	1	423	0.0	780
MDA7478534.1	QIZ20974.1	98.320	1012	17	0	1	1012	1	1012	0.0	2071
MDA7478535.1	QIZ20975.1	94.430	395	22	0	1	395	1	395	0.0	769
MDA7478536.1	QIZ20976.1	97.163	141	4	0	1	141	1	141	2.26e-101	282
MDA7478539.1	QIZ20977.1	95.244	799	38	0	1	799	3	801	0.0	1562
MDA7478540.1	QIZ20978.1	87.943	141	17	0	1	141	1	141	6.55e-89	251
MDA7478541.1	QIZ20979.1	99.074	108	1	0	1	108	1	108	3.71e-75	213
MDA7478542.1	QIZ20980.1	92.105	304	24	0	1	304	1	304	0.0	505
MDA7478543.1	QIZ20981.1	95.390	564	26	0	1	564	1	564	0.0	1018
MDA7478544.1	QIZ20982.1	94.444	198	11	0	1	198	1	198	1.05e-135	374
MDA7478545.1	QIZ20983.1	91.195	159	14	0	1	159	1	159	3.19e-95	268
MDA7478546.1	QIZ20984.1	96.610	177	6	0	1	177	1	177	1.87e-123	341
MDA7478547.1	QIZ20985.1	98.404	188	3	0	1	188	1	188	7.85e-141	385
MDA7478548.1	QIZ20986.1	93.578	218	14	0	1	218	1	218	1.29e-154	423
MDA7478549.1	QIZ20987.1	95.522	67	3	0	1	67	1	67	4.49e-31	99.0
MDA7478550.1	QIZ20988.1	91.228	171	15	0	1	171	1	171	4.31e-113	314
MDA7478551.1	QIZ20989.1	97.397	461	12	0	1	461	1	461	0.0	910
MDA7478552.1	QIZ20990.1	93.564	404	26	0	1	404	1	404	0.0	758
MDA7478553.1	QIZ20991.1	91.845	233	19	0	1	233	1	233	8.42e-148	407
MDA7478554.1	QIZ20992.1	98.108	370	7	0	1	370	1	370	0.0	726
MDA7478555.1	QIZ20993.1	97.447	470	12	0	1	470	1	470	0.0	927
MDA7478556.1	QIZ20994.1	98.837	86	1	0	1	86	1	86	1.23e-54	160
MDA7478557.1	QIZ20995.1	92.334	287	22	0	1	287	1	287	0.0	507
MDA7478558.1	QIZ20996.1	97.009	234	7	0	1	234	1	234	2.91e-172	469
MDA7478559.1	QIZ20997.1	97.510	522	13	0	1	522	1	522	0.0	1029
MDA7478560.1	QIZ20998.1	93.017	401	28	0	1	401	1	401	0.0	764
MDA7478561.1	QIZ20999.1	95.172	145	7	0	1	145	1	145	3.15e-101	282
MDA7478562.1	QIZ21000.1	93.171	205	14	0	1	205	1	205	1.97e-139	385
MDA7478563.1	QIZ20200.1	98.188	276	5	0	1	276	1	276	0.0	560
MDA7478564.1	QIZ20201.1	92.857	336	24	0	1	336	1	336	0.0	660
MDA7478565.1	QIZ20202.1	87.195	164	21	0	1	164	1	164	1.64e-104	292
MDA7478566.1	QIZ20203.1	95.711	443	19	0	1	443	1	443	0.0	841
MDA7478567.1	QIZ20204.1	97.561	328	8	0	7	334	1	328	0.0	668
MDA7478568.1	QIZ20205.1	94.604	278	15	0	1	278	1	278	4.08e-162	447
MDA7478569.1	QIZ20206.1	89.631	434	45	0	1	434	1	434	0.0	805
MDA7478570.1	QIZ20207.1	100.000	66	0	0	1	66	1	66	5.61e-44	131
MDA7478571.1	QIZ20208.1	84.091	132	21	0	1	132	1	132	4.97e-77	220
MDA7478572.1	QIZ20210.1	86.122	526	73	0	11	536	11	536	0.0	901
MDA7478575.1	QIZ20211.1	78.351	97	21	0	1	97	1	97	2.81e-55	162
MDA7478576.1	QIZ20212.1	97.531	162	4	0	1	162	1	162	2.62e-120	332
MDA7478578.1	QIZ21342.1	42.708	96	55	0	7	102	5	100	4.56e-23	82.0
MDA7478579.1	QIZ21336.1	35.878	131	83	1	3	132	12	142	5.00e-29	99.0
MDA7478583.1	QIZ21343.1	34.524	252	156	7	412	661	484	728	7.52e-39	148
MDA7478585.1	QIZ21320.1	51.713	321	153	2	5	323	3	323	7.62e-117	337
MDA7478596.1	QIZ21333.1	33.523	528	282	17	3	471	1	518	5.53e-79	251
MDA7478597.1	QIZ21334.1	41.986	574	305	7	11	560	12	581	1.12e-149	438
MDA7478598.1	QIZ21335.1	41.247	417	233	3	1	413	1	409	7.31e-99	296
MDA7478601.1	QIZ21328.1	32.296	257	156	6	1	246	1	250	1.20e-35	123
MDA7478602.1	QIZ20213.1	94.915	177	9	0	1	177	1	177	2.98e-112	313
MDA7478603.1	QIZ20214.1	96.939	294	9	0	1	294	1	294	0.0	566
MDA7478605.1	QIZ20215.1	92.414	145	11	0	1	145	1	145	3.05e-101	282
MDA7478607.1	QIZ20216.1	96.845	317	10	0	1	317	2	318	0.0	622
MDA7478611.1	QIZ20411.1	99.065	321	3	0	1	321	1	321	0.0	638
MDA7478615.1	QIZ21513.1	35.476	809	509	6	1	803	1	802	1.42e-164	493
MDA7478617.1	QIZ20348.1	34.826	402	220	4	30	391	31	430	5.02e-67	215
MDA7478624.1	QIZ20217.1	95.749	447	19	0	1	447	1	447	0.0	885
MDA7478625.1	QIZ20318.1	28.873	284	188	7	5	281	4	280	2.78e-28	106
MDA7478626.1	QIZ20510.1	28.571	434	301	4	18	451	10	434	1.95e-56	188
MDA7478627.1	QIZ21307.1	26.692	266	187	6	8	268	9	271	1.12e-27	104
MDA7478636.1	QIZ20218.1	95.789	380	16	0	1	380	1	380	0.0	749
MDA7478637.1	QIZ20219.1	83.333	90	15	0	1	90	1	90	4.24e-54	159
MDA7478638.1	QIZ20220.1	95.455	484	22	0	1	484	1	484	0.0	933
MDA7478639.1	QIZ20221.1	98.605	645	9	0	1	645	1	645	0.0	1328
MDA7478640.1	QIZ20222.1	98.246	342	6	0	1	342	1	342	0.0	711
MDA7478641.1	QIZ20503.1	43.933	478	261	6	22	494	23	498	8.55e-126	372
MDA7478643.1	QIZ20504.1	27.653	311	214	6	3	312	2	302	5.41e-28	106
MDA7478645.1	QIZ21152.1	25.714	490	321	11	52	508	60	539	4.57e-40	147
MDA7478646.1	QIZ20225.1	95.989	374	15	0	1	374	1	374	0.0	744
MDA7478647.1	QIZ20226.1	96.980	298	9	0	1	298	1	298	0.0	596
MDA7478648.1	QIZ20227.1	98.000	500	10	0	1	500	1	500	0.0	1009
MDA7478649.1	QIZ20228.1	97.817	229	5	0	1	229	1	229	1.58e-170	464
MDA7478650.1	QIZ20229.1	91.176	204	18	0	1	204	1	204	5.58e-134	370
MDA7478651.1	QIZ20230.1	96.205	606	23	0	1	606	1	606	0.0	1202
MDA7478652.1	QIZ20231.1	98.257	459	8	0	1	459	1	459	0.0	944
MDA7478653.1	QIZ20232.1	93.469	245	16	0	1	245	1	245	9.19e-176	479
MDA7478654.1	QIZ20233.1	93.157	453	31	0	1	453	1	453	0.0	860
MDA7478655.1	QIZ20234.1	96.060	533	21	0	1	533	1	533	0.0	1060
MDA7478656.1	QIZ20235.1	94.937	237	12	0	1	237	1	237	1.21e-164	450
MDA7478657.1	QIZ20236.1	97.073	205	6	0	1	205	1	205	2.30e-150	411
MDA7478658.1	QIZ21224.1	82.785	395	68	0	1	395	1	395	0.0	700
MDA7478659.1	QIZ20237.1	96.364	110	4	0	1	110	1	110	1.35e-77	219
MDA7478660.1	QIZ20238.1	97.368	76	2	0	1	76	1	76	4.53e-51	150
MDA7478661.1	QIZ20239.1	97.260	730	20	0	1	730	1	730	0.0	1463
MDA7478662.1	QIZ20240.1	96.476	227	8	0	1	227	1	227	6.24e-166	452
MDA7478663.1	QIZ20241.1	96.250	80	3	0	1	80	1	80	1.33e-52	154
MDA7478664.1	QIZ20242.1	98.077	260	5	0	1	260	1	260	0.0	512
MDA7478665.1	QIZ20243.1	97.674	430	10	0	1	430	1	430	0.0	866
MDA7478666.1	QIZ20244.1	96.875	256	8	0	1	256	1	256	0.0	525
MDA7478667.1	QIZ20245.1	94.954	218	11	0	1	218	1	218	3.99e-152	418
MDA7478668.1	QIZ20246.1	95.984	249	10	0	1	249	1	249	0.0	493
MDA7478669.1	QIZ20247.1	96.241	133	5	0	1	133	1	133	5.62e-93	260
MDA7478670.1	QIZ20248.1	93.822	259	16	0	1	259	1	259	1.24e-176	482
MDA7478671.1	QIZ20249.1	98.381	247	4	0	1	247	1	247	0.0	499
MDA7478672.1	QIZ20250.1	97.222	396	11	0	1	396	1	396	0.0	788
MDA7478673.1	QIZ20251.1	100.000	63	0	0	1	63	1	63	8.54e-41	123
MDA7478674.1	QIZ20252.1	99.432	176	1	0	1	176	1	176	6.44e-127	350
MDA7478675.1	QIZ20253.1	98.582	141	2	0	1	141	1	141	4.05e-100	279
MDA7478676.1	QIZ20254.1	94.760	229	12	0	1	229	1	229	6.65e-159	435
MDA7478677.1	QIZ20255.1	95.783	166	7	0	1	166	1	166	1.41e-117	325
MDA7478678.1	QIZ20256.1	96.694	121	4	0	1	121	1	121	1.05e-77	221
MDA7478679.1	QIZ20257.1	98.460	1364	20	1	1	1364	1	1363	0.0	2745
MDA7478680.1	QIZ20258.1	98.272	1389	24	0	1	1389	1	1389	0.0	2810
MDA7478681.1	QIZ20259.1	98.374	123	2	0	1	123	1	123	1.14e-86	243
MDA7478682.1	QIZ20260.1	100.000	156	0	0	1	156	1	156	4.84e-114	315
MDA7478683.1	QIZ20261.1	98.699	692	9	0	1	692	1	692	0.0	1419
MDA7478684.1	QIZ20262.1	100.000	102	0	0	1	102	1	102	9.82e-72	204
MDA7478685.1	QIZ20263.1	99.153	236	2	0	1	236	1	236	3.18e-171	466
MDA7478686.1	QIZ20264.1	98.068	207	4	0	1	207	1	207	2.56e-145	399
MDA7478687.1	QIZ20265.1	97.938	97	2	0	1	97	1	97	8.86e-65	186
MDA7478688.1	QIZ20266.1	98.221	281	5	0	1	281	1	281	0.0	566
MDA7478689.1	QIZ20267.1	100.000	97	0	0	1	97	1	97	2.41e-67	192
MDA7478690.1	QIZ20268.1	100.000	132	0	0	1	132	1	132	5.43e-94	263
MDA7478691.1	QIZ20269.1	99.115	226	2	0	1	226	1	226	2.80e-167	456
MDA7478692.1	QIZ20270.1	99.265	136	1	0	1	136	1	136	2.83e-98	274
MDA7478693.1	QIZ20271.1	98.413	63	1	0	1	63	1	63	1.62e-39	120
MDA7478694.1	QIZ20272.1	100.000	78	0	0	1	78	1	78	3.16e-53	155
MDA7478695.1	QIZ20273.1	99.180	122	1	0	1	122	1	122	2.52e-85	240
MDA7478696.1	QIZ20274.1	98.780	82	1	0	1	82	1	82	3.00e-52	153
MDA7478697.1	QIZ20275.1	99.457	184	1	0	1	184	1	184	1.12e-133	367
MDA7478698.1	QIZ20276.1	98.020	101	2	0	1	101	1	101	1.55e-70	201
MDA7478699.1	QIZ20277.1	99.237	131	1	0	1	131	1	131	5.57e-94	263
MDA7478700.1	QIZ20278.1	95.531	179	8	0	1	179	1	179	3.54e-122	338
MDA7478701.1	QIZ20279.1	98.305	118	2	0	1	118	1	118	3.95e-81	229
MDA7478702.1	QIZ20280.1	97.590	83	2	0	1	83	1	83	1.92e-55	164
MDA7478703.1	QIZ20403.1	96.089	179	7	0	168	346	80	258	3.33e-126	358
MDA7478704.1	QIZ20404.1	96.988	332	10	0	1	332	1	332	0.0	653
MDA7478707.1	QIZ20409.1	98.611	72	1	0	1	72	1	72	6.76e-46	137
MDA7478708.1	QIZ20412.1	94.514	401	22	0	1	401	1	401	0.0	741
MDA7478709.1	QIZ20413.1	98.776	572	7	0	1	572	1	572	0.0	1159
MDA7478710.1	QIZ20414.1	94.514	875	48	0	1	875	1	875	0.0	1703
MDA7478711.1	QIZ20415.1	95.935	123	5	0	1	123	1	123	6.79e-83	234
MDA7478712.1	QIZ20416.1	97.083	240	7	0	1	240	5	244	4.13e-176	479
MDA7478713.1	QIZ20417.1	96.244	426	16	0	1	426	1	426	0.0	829
MDA7478714.1	QIZ20418.1	96.850	381	12	0	1	381	1	381	0.0	736
MDA7478715.1	QIZ20419.1	100.000	346	0	0	1	346	1	346	0.0	714
MDA7478716.1	QIZ20420.1	92.964	469	33	0	1	469	1	469	0.0	727
MDA7478717.1	QIZ20421.1	95.896	463	19	0	1	463	1	463	0.0	829
MDA7478718.1	QIZ20422.1	94.678	451	24	0	1	451	1	451	0.0	839
MDA7478719.1	QIZ20423.1	93.255	593	40	0	1	593	1	593	0.0	1042
MDA7478720.1	QIZ20424.1	92.992	371	26	0	1	371	1	371	0.0	633
MDA7478721.1	QIZ20425.1	93.413	167	11	0	1	167	1	167	9.23e-105	293
MDA7478722.1	QIZ20426.1	74.342	152	39	0	1	152	1	152	2.87e-74	214
MDA7478723.1	QIZ20427.1	73.103	145	39	0	1	145	1	145	9.37e-79	225
MDA7478724.1	QIZ20428.1	85.714	308	44	0	1	308	1	308	0.0	546
MDA7478725.1	QIZ20429.1	100.000	100	0	0	1	100	1	100	6.30e-65	187
MDA7478726.1	QIZ20430.1	94.976	418	21	0	1	418	1	418	0.0	778
MDA7478727.1	QIZ20431.1	98.175	274	5	0	1	274	1	274	0.0	559
MDA7478728.1	QIZ20432.1	97.026	538	16	0	1	538	1	538	0.0	1066
MDA7478729.1	QIZ20433.1	97.000	100	3	0	1	100	1	100	1.17e-65	189
MDA7478730.1	QIZ20434.1	95.935	246	10	0	1	246	1	246	1.64e-176	481
MDA7478731.1	QIZ20435.1	66.385	473	159	0	1	473	1	473	0.0	566
MDA7478732.1	QIZ20436.1	85.331	484	71	0	1	484	1	484	0.0	804
MDA7478733.1	QIZ20437.1	89.005	191	21	0	1	191	1	191	1.81e-124	345
MDA7478734.1	QIZ20438.1	94.545	330	18	0	1	330	1	330	0.0	629
MDA7478735.1	QIZ20439.1	96.198	263	10	0	1	263	1	263	6.33e-180	491
MDA7478736.1	QIZ20440.1	97.778	225	5	0	1	225	1	225	4.71e-163	445
MDA7478737.1	QIZ20441.1	91.631	466	39	0	1	466	1	466	0.0	881
MDA7478738.1	QIZ20442.1	91.247	377	33	0	1	377	1	377	0.0	663
MDA7478739.1	QIZ20443.1	87.356	261	33	0	1	261	1	261	4.49e-144	400
MDA7478740.1	QIZ20444.1	92.692	260	19	0	1	260	1	260	0.0	496
MDA7478741.1	QIZ20445.1	88.650	326	37	0	1	326	1	326	0.0	578
MDA7478742.1	QIZ20446.1	97.260	146	4	0	1	146	1	146	5.74e-107	296
MDA7478743.1	QIZ20447.1	70.349	172	51	0	1	172	1	172	5.63e-69	203
MDA7478745.1	QIZ20448.1	86.856	388	51	0	1	388	1	388	0.0	663
MDA7478746.1	QIZ20449.1	88.636	220	25	0	1	220	1	220	6.81e-125	348
MDA7478747.1	QIZ20450.1	88.444	225	26	0	1	225	1	225	1.15e-127	355
MDA7478748.1	QIZ20451.1	96.721	183	6	0	1	183	1	183	2.74e-129	356
MDA7478749.1	QIZ20452.1	92.933	283	20	0	1	283	1	283	0.0	525
MDA7478751.1	QIZ20453.1	95.606	1138	50	0	1	1138	1	1138	0.0	2227
MDA7478752.1	QIZ20454.1	91.228	228	20	0	1	228	1	228	8.34e-152	417
MDA7478753.1	QIZ20455.1	93.902	410	25	0	1	410	1	410	0.0	721
MDA7478754.1	QIZ20456.1	95.495	444	20	0	1	444	1	444	0.0	869
MDA7478755.1	QIZ20457.1	95.062	81	4	0	1	81	1	81	2.32e-45	136
MDA7478756.1	QIZ20458.1	96.370	551	20	0	1	551	1	551	0.0	1107
MDA7478757.1	QIZ20459.1	91.532	248	21	0	1	248	1	248	9.59e-151	416
MDA7478758.1	QIZ20460.1	88.235	187	22	0	1	187	1	187	2.04e-114	319
MDA7478759.1	QIZ20461.1	96.815	471	15	0	1	471	1	471	0.0	900
MDA7478760.1	QIZ20462.1	94.970	497	25	0	1	497	1	497	0.0	961
MDA7478761.1	QIZ20463.1	93.564	637	41	0	1	637	1	637	0.0	1207
MDA7478762.1	QIZ20464.1	92.233	103	8	0	1	103	1	103	1.30e-51	153
MDA7478763.1	QIZ20465.1	95.238	210	10	0	1	210	1	210	6.55e-148	405
MDA7478764.1	QIZ20466.1	98.758	161	2	0	1	161	1	161	1.81e-120	332
MDA7478765.1	QIZ20467.1	96.687	332	11	0	1	332	1	332	0.0	642
MDA7478766.1	QIZ20468.1	95.287	679	32	0	1	679	1	679	0.0	1353
MDA7478767.1	QIZ20469.1	97.065	443	13	0	1	443	1	443	0.0	893
MDA7478768.1	QIZ20470.1	94.554	202	11	0	1	202	1	202	3.48e-147	403
MDA7478769.1	QIZ20471.1	99.233	391	3	0	1	391	1	391	0.0	804
MDA7478770.1	QIZ20472.1	96.535	202	7	0	1	202	1	202	1.53e-146	401
MDA7478771.1	QIZ20473.1	98.266	173	3	0	1	173	1	173	2.57e-131	360
MDA7478772.1	QIZ20474.1	99.180	122	1	0	1	122	1	122	1.80e-84	238
MDA7478773.1	QIZ20475.1	98.111	794	15	0	1	794	1	794	0.0	1578
MDA7478774.1	QIZ20476.1	99.526	422	2	0	1	422	1	422	0.0	862
MDA7478775.1	QIZ20477.1	95.074	203	10	0	1	203	1	203	2.88e-147	403
MDA7478776.1	QIZ20478.1	91.429	490	25	2	1	477	1	486	0.0	862
MDA7478777.1	QIZ20479.1	80.000	80	16	0	1	80	1	80	1.31e-46	139
MDA7478781.1	QIZ20480.1	65.294	170	59	0	13	182	13	182	2.29e-80	233
MDA7478782.1	QIZ20481.1	75.566	221	54	0	1	221	1	221	1.63e-122	342
MDA7478783.1	QIZ20482.1	76.429	140	33	0	1	140	1	140	1.41e-80	229
MDA7478785.1	QIZ20483.1	75.701	214	51	1	1	213	2	215	6.54e-113	317
MDA7478786.1	QIZ20484.1	87.903	248	30	0	1	248	1	248	2.74e-166	455
MDA7478787.1	QIZ20485.1	69.897	485	146	0	1	485	1	485	0.0	670
MDA7478788.1	QIZ20487.1	77.904	439	97	0	4	442	2	440	0.0	664
MDA7478789.1	QIZ20488.1	54.338	219	85	3	6	211	3	219	6.29e-72	214
MDA7478790.1	QIZ20489.1	62.637	364	135	1	1	364	1	363	1.14e-168	471
MDA7478791.1	QIZ20495.1	95.480	531	24	0	1	531	1	531	0.0	1075
MDA7478792.1	QIZ20496.1	97.959	196	4	0	1	196	1	196	4.00e-135	372
MDA7478793.1	QIZ20497.1	97.222	252	7	0	1	252	1	252	0.0	497
MDA7478794.1	QIZ20498.1	95.113	266	13	0	1	266	1	266	6.56e-168	461
MDA7478795.1	QIZ20499.1	93.411	258	17	0	1	258	1	258	2.01e-173	474
MDA7478796.1	QIZ20500.1	95.300	383	18	0	1	383	1	383	0.0	773
MDA7478798.1	QIZ20506.1	86.765	204	27	0	1	204	1	204	1.94e-130	361
MDA7478799.1	QIZ20507.1	99.095	221	2	0	1	221	1	221	4.43e-160	437
MDA7478800.1	QIZ20508.1	95.976	845	34	0	1	845	17	861	0.0	1540
MDA7478801.1	QIZ20510.1	91.014	434	39	0	1	434	1	434	0.0	820
MDA7478802.1	QIZ20511.1	98.646	591	8	0	1	591	4	594	0.0	1210
MDA7478803.1	QIZ20512.1	97.872	94	2	0	1	94	1	94	1.96e-63	182
MDA7478804.1	QIZ20513.1	95.103	388	19	0	1	388	1	388	0.0	775
MDA7478805.1	QIZ20514.1	66.007	303	101	1	1	301	1	303	2.91e-135	383
MDA7478806.1	QIZ21246.1	91.477	176	15	0	1	176	1	176	3.49e-113	319
MDA7478807.1	QIZ21247.1	89.809	314	32	0	1	314	1	314	0.0	565
MDA7478808.1	QIZ21248.1	88.810	420	47	0	1	420	1	420	0.0	701
MDA7478809.1	QIZ21249.1	86.159	578	80	0	1	578	1	578	0.0	1028
MDA7478810.1	QIZ21250.1	93.031	287	20	0	1	287	1	287	0.0	535
MDA7478811.1	QIZ21251.1	98.507	134	2	0	1	134	1	134	2.06e-98	274
MDA7478812.1	QIZ21252.1	98.148	324	6	0	1	324	1	324	0.0	641
MDA7478813.1	QIZ21253.1	94.624	279	15	0	1	279	1	279	0.0	544
MDA7478814.1	QIZ21254.1	85.897	78	11	0	1	78	1	78	7.10e-50	147
MDA7478815.1	QIZ21255.1	88.235	119	14	0	1	119	1	119	2.56e-78	222
MDA7478816.1	QIZ21256.1	95.000	220	11	0	1	220	1	220	1.93e-146	402
MDA7478817.1	QIZ21257.1	90.558	233	22	0	1	233	1	233	7.05e-153	420
MDA7478818.1	QIZ21258.1	89.668	271	28	0	1	271	1	271	1.11e-179	491
MDA7478819.1	QIZ21259.1	97.794	544	12	0	1	544	1	544	0.0	1071
MDA7478820.1	QIZ21260.1	94.719	303	16	0	1	303	1	303	0.0	577
MDA7478821.1	QIZ21262.1	93.258	178	12	0	1	178	1	178	1.30e-126	349
MDA7478822.1	QIZ21263.1	98.855	262	3	0	1	262	1	262	0.0	526
MDA7478823.1	QIZ21264.1	81.106	217	41	0	1	217	1	217	7.27e-119	332
MDA7478824.1	QIZ21265.1	79.476	458	94	0	1	458	1	458	0.0	761
MDA7478825.1	QIZ21266.1	83.230	161	27	0	1	161	1	161	2.77e-102	286
MDA7478826.1	QIZ21267.1	83.688	141	23	0	1	141	1	141	7.69e-84	238
MDA7478827.1	QIZ21268.1	75.466	322	79	0	1	322	1	322	0.0	499
MDA7478828.1	QIZ21269.1	87.898	314	38	0	1	314	1	314	0.0	570
MDA7478829.1	QIZ21270.1	72.964	307	83	0	6	312	5	311	2.17e-151	422
MDA7478830.1	QIZ21271.1	73.803	355	93	0	1	355	1	355	0.0	540
MDA7478831.1	QIZ21272.1	70.318	283	84	0	1	283	1	283	2.82e-134	377
MDA7478832.1	QIZ21273.1	97.526	485	12	0	1	485	1	485	0.0	970
MDA7478833.1	QIZ21274.1	97.619	168	4	0	1	168	1	168	4.73e-113	314
MDA7478834.1	QIZ21275.1	93.296	179	12	0	18	196	1	179	7.53e-120	333
MDA7478835.1	QIZ21276.1	100.000	75	0	0	1	75	1	75	1.79e-46	138
MDA7478836.1	QIZ21277.1	99.590	244	1	0	1	244	1	244	3.20e-176	480
MDA7478837.1	QIZ21278.1	98.901	91	1	0	1	91	1	91	5.42e-62	179
MDA7478838.1	QIZ21279.1	97.666	857	20	0	1	857	1	857	0.0	1672
MDA7478839.1	QIZ21280.1	94.388	196	11	0	1	196	1	196	5.12e-131	362
MDA7478840.1	QIZ21281.1	97.531	162	4	0	1	162	1	162	3.09e-115	319
MDA7478841.1	QIZ21282.1	96.319	326	12	0	1	326	1	326	0.0	629
MDA7478842.1	QIZ21283.1	89.817	383	39	0	1	383	1	383	0.0	694
MDA7478843.1	QIZ21284.1	98.876	356	4	0	1	356	1	356	0.0	726
MDA7478844.1	QIZ21285.1	95.699	186	8	0	1	186	1	186	7.76e-129	355
MDA7478845.1	QIZ21286.1	92.181	243	19	0	1	243	1	243	3.32e-157	432
MDA7478846.1	QIZ21287.1	93.601	547	35	0	15	561	15	561	0.0	1010
MDA7478847.1	QIZ21288.1	90.747	281	26	0	1	281	1	281	1.45e-175	481
MDA7478848.1	QIZ21289.1	92.925	424	30	0	1	424	1	424	0.0	795
MDA7478849.1	QIZ21290.1	97.468	158	4	0	1	158	1	158	1.12e-110	307
MDA7478850.1	QIZ21291.1	93.455	275	18	0	1	275	1	275	0.0	530
MDA7478851.1	QIZ21292.1	97.386	153	4	0	1	153	1	153	1.27e-111	309
MDA7478852.1	QIZ21293.1	98.817	169	2	0	1	169	1	169	1.00e-126	348
MDA7478853.1	QIZ21294.1	99.284	419	3	0	1	419	1	419	0.0	837
MDA7478854.1	QIZ21295.1	92.278	259	20	0	1	259	1	259	2.67e-176	481
MDA7478855.1	QIZ21296.1	97.759	357	8	0	1	357	1	357	0.0	717
MDA7478856.1	QIZ21297.1	96.774	186	6	0	1	186	1	186	6.62e-132	363
MDA7478857.1	QIZ21298.1	89.498	219	21	1	1	217	1	219	7.28e-135	374
MDA7478858.1	QIZ21299.1	97.742	310	7	0	1	310	1	310	0.0	606
MDA7478859.1	QIZ21300.1	93.651	252	16	0	1	252	2	253	3.55e-147	407
MDA7478860.1	QIZ21301.1	91.643	347	29	0	1	347	1	347	0.0	612
MDA7478861.1	QIZ21302.1	94.094	254	15	0	1	254	1	254	1.39e-176	482
MDA7478862.1	QIZ21303.1	92.857	70	5	0	1	70	1	70	1.07e-40	124
MDA7478863.1	QIZ21304.1	92.938	439	31	0	1	439	1	439	0.0	831
MDA7478864.1	QIZ21305.1	96.000	225	9	0	1	225	1	225	2.75e-155	425
MDA7478865.1	QIZ21306.1	98.621	145	2	0	1	145	1	145	1.45e-99	278
MDA7478866.1	QIZ21307.1	88.966	290	32	0	1	290	1	290	0.0	552
MDA7478867.1	QIZ21308.1	98.454	194	3	0	1	194	1	194	3.35e-138	379
MDA7478868.1	QIZ21309.1	97.054	611	18	0	1	611	1	611	0.0	1222
MDA7478869.1	QIZ21310.1	95.035	141	7	0	1	141	1	141	8.20e-93	260
MDA7478870.1	QIZ21312.1	95.600	250	11	0	1	250	1	250	2.76e-173	473
MDA7478871.1	QIZ21313.1	97.234	723	20	0	1	723	1	723	0.0	1462
MDA7478872.1	QIZ21314.1	96.992	399	12	0	1	399	1	399	0.0	799
MDA7478873.1	QIZ21315.1	96.644	149	5	0	1	149	1	149	5.52e-108	300
MDA7478874.1	QIZ21317.1	93.312	314	21	0	1	314	1	314	0.0	614
MDA7478875.1	QIZ21318.1	81.731	312	57	0	1	312	1	312	0.0	516
MDA7478876.1	QIZ21319.1	88.584	219	25	0	1	219	1	219	1.37e-149	410
MDA7478877.1	QIZ21358.1	92.571	350	26	0	1	350	1	350	0.0	655
MDA7478879.1	QIZ21359.1	97.393	1074	28	0	1	1074	1	1074	0.0	2144
MDA7478880.1	QIZ21360.1	96.985	398	12	0	1	398	1	398	0.0	787
MDA7478881.1	QIZ21361.1	98.039	153	3	0	1	153	1	153	2.95e-106	295
MDA7478882.1	QIZ21362.1	97.631	591	14	0	1	591	1	591	0.0	1175
MDA7478883.1	QIZ21363.1	99.012	607	6	0	1	607	1	607	0.0	1219
MDA7478884.1	QIZ21364.1	92.386	197	15	0	1	197	1	197	2.89e-132	365
MDA7478885.1	QIZ21365.1	88.889	261	29	0	1	261	1	261	8.06e-180	490
MDA7478886.1	QIZ21366.1	82.591	247	43	0	1	247	1	247	5.37e-152	419
MDA7478887.1	QIZ21367.1	98.710	155	2	0	1	155	1	155	1.30e-114	317
MDA7478888.1	QIZ21368.1	94.747	495	26	0	1	495	1	495	0.0	885
MDA7478889.1	QIZ21369.1	94.940	336	17	0	1	336	1	336	0.0	645
MDA7478890.1	QIZ21370.1	85.294	102	15	0	1	102	1	102	1.67e-56	166
MDA7478891.1	QIZ21371.1	91.964	560	45	0	1	560	1	560	0.0	1031
MDA7478892.1	QIZ21372.1	89.140	663	72	0	1	663	1	663	0.0	1160
MDA7478893.1	QIZ21456.1	83.607	61	10	0	1	61	1	61	1.38e-27	96.7
MDA7478894.1	QIZ21455.1	93.571	140	9	0	1	140	1	140	2.96e-97	272
MDA7478895.1	QIZ21454.1	89.234	418	45	0	15	432	16	433	0.0	709
MDA7478896.1	QIZ21453.1	88.785	214	24	0	1	214	1	214	1.78e-113	318
MDA7478897.1	QIZ21452.1	97.300	889	24	0	1	889	1	889	0.0	1783
MDA7478898.1	QIZ21451.1	77.041	196	44	1	1	195	1	196	2.21e-99	281
MDA7478899.1	QIZ21450.1	90.265	113	11	0	1	113	1	113	1.25e-74	212
MDA7478900.1	QIZ21449.1	88.131	396	47	0	1	396	1	396	0.0	738
MDA7478901.1	QIZ21448.1	94.351	478	27	0	1	478	1	478	0.0	916
MDA7478902.1	QIZ21447.1	94.969	318	16	0	1	318	1	318	0.0	632
MDA7478903.1	QIZ21446.1	89.912	228	23	0	18	245	18	245	3.07e-151	417
MDA7478904.1	QIZ21445.1	92.056	214	17	0	1	214	1	214	1.11e-146	402
MDA7478905.1	QIZ21444.1	93.243	740	50	0	1	740	1	740	0.0	1419
MDA7478906.1	QIZ21443.1	96.479	284	10	0	1	284	1	284	0.0	555
MDA7478907.1	QIZ21442.1	84.819	415	63	0	1	415	1	415	0.0	726
MDA7478908.1	QIZ21441.1	95.291	361	17	0	13	373	13	373	0.0	709
MDA7478909.1	QIZ21440.1	97.238	362	10	0	1	362	1	362	0.0	728
MDA7478910.1	QIZ21439.1	81.186	388	73	0	1	388	1	388	0.0	677
MDA7478911.1	QIZ21438.1	87.347	245	31	0	1	245	1	245	3.77e-160	439
MDA7478913.1	QIZ21131.1	29.151	271	175	6	10	266	14	281	3.38e-35	123
MDA7478914.1	QIZ21130.1	28.621	290	197	5	1	284	1	286	2.39e-21	87.0
MDA7478915.1	QIZ21133.1	49.162	358	176	3	1	353	1	357	1.17e-123	356
MDA7478916.1	QIZ21132.1	38.375	357	211	4	1	353	1	352	1.30e-76	236
MDA7478920.1	QIZ21437.1	94.845	388	20	0	1	388	1	388	0.0	784
MDA7478921.1	QIZ21436.1	94.872	195	10	0	1	195	1	195	1.45e-138	380
MDA7478922.1	QIZ21435.1	79.151	259	54	0	1	259	1	259	1.04e-156	432
MDA7478923.1	QIZ21434.1	92.292	493	38	0	1	493	1	493	0.0	949
MDA7478924.1	QIZ21433.1	51.228	285	139	0	1	285	1	285	6.84e-101	292
MDA7478925.1	QIZ21432.1	93.883	376	23	0	33	408	22	397	0.0	687
MDA7478926.1	QIZ21431.1	85.714	252	36	0	1	252	1	252	6.34e-148	409
MDA7478927.1	QIZ21430.1	93.023	387	27	0	1	387	1	387	0.0	696
MDA7478928.1	QIZ21429.1	95.034	443	22	0	14	456	1	443	0.0	820
MDA7478929.1	QIZ21428.1	95.833	336	14	0	1	336	1	336	0.0	640
MDA7478930.1	QIZ21427.1	95.319	235	11	0	1	235	1	235	6.87e-159	435
MDA7478931.1	QIZ21426.1	94.318	264	15	0	1	264	1	264	0.0	502
MDA7478933.1	QIZ21425.1	86.469	303	41	0	1	303	1	303	0.0	537
MDA7478934.1	QIZ21424.1	89.623	106	11	0	1	106	1	106	4.21e-65	188
MDA7478935.1	QIZ21423.1	96.581	234	8	0	1	234	1	234	4.79e-169	461
MDA7478936.1	QIZ21422.1	94.636	261	14	0	1	261	1	261	0.0	504
MDA7478937.1	QIZ21421.1	96.341	246	9	0	1	246	1	246	5.43e-176	479
MDA7478938.1	QIZ21420.1	94.286	350	20	0	1	350	1	350	0.0	663
MDA7478939.1	QIZ21419.1	95.960	297	12	0	1	297	1	297	0.0	580
MDA7478940.1	QIZ21418.1	95.400	413	19	0	1	413	1	413	0.0	816
MDA7478941.1	QIZ21417.1	95.588	204	9	0	1	204	1	204	1.25e-123	343
MDA7478942.1	QIZ21416.1	95.918	98	4	0	1	98	1	98	6.82e-67	191
MDA7478943.1	QIZ21415.1	86.905	84	11	0	1	84	1	84	4.80e-53	155
MDA7478944.1	QIZ21414.1	97.561	123	3	0	1	123	1	123	6.10e-90	252
MDA7478945.1	QIZ21412.1	94.620	316	17	0	1	316	1	316	0.0	622
MDA7478946.1	QIZ21411.1	94.314	299	17	0	1	299	1	299	0.0	560
MDA7478947.1	QIZ21410.1	95.874	412	17	0	1	412	1	412	0.0	822
MDA7478948.1	QIZ21409.1	95.174	373	18	0	1	373	1	373	0.0	658
MDA7478949.1	QIZ21408.1	88.685	654	74	0	1	654	1	654	0.0	1210
MDA7478950.1	QIZ21407.1	73.256	172	46	0	1	172	1	172	1.94e-74	216
MDA7478951.1	QIZ21406.1	52.778	432	173	6	1	422	1	411	5.14e-141	405
MDA7478952.1	QIZ21405.1	97.681	345	8	0	1	345	1	345	0.0	678
MDA7478953.1	QIZ21404.1	94.808	520	27	0	1	520	1	520	0.0	1023
MDA7478954.1	QIZ21403.1	97.640	339	8	0	1	339	1	339	0.0	681
MDA7478955.1	QIZ21402.1	92.308	182	14	0	1	182	1	182	4.07e-122	338
MDA7478956.1	QIZ21401.1	92.177	588	46	0	1	588	1	588	0.0	1097
MDA7478957.1	QIZ21400.1	87.460	311	39	0	1	311	1	311	1.58e-177	489
MDA7478958.1	QIZ21399.1	90.021	471	46	1	1	470	1	471	0.0	839
MDA7478959.1	QIZ21398.1	95.082	61	3	0	1	61	1	61	2.17e-37	114
MDA7478960.1	QIZ21397.1	91.667	288	24	0	1	288	1	288	0.0	518
MDA7478961.1	QIZ21396.1	91.257	366	32	0	1	366	1	366	0.0	640
MDA7478962.1	QIZ21395.1	98.540	274	4	0	18	291	1	274	0.0	546
MDA7478963.1	QIZ21388.1	92.698	315	23	0	1	315	1	315	0.0	614
MDA7478965.1	QIZ21387.1	97.403	462	12	0	1	462	1	462	0.0	924
MDA7478966.1	QIZ21386.1	77.226	483	110	0	1	483	1	483	0.0	703
MDA7478967.1	QIZ21385.1	97.050	678	20	0	1	678	1	678	0.0	1346
MDA7478968.1	QIZ21384.1	91.135	564	50	0	1	564	1	564	0.0	1030
MDA7478969.1	QIZ21383.1	93.343	676	45	0	1	676	1	676	0.0	1274
MDA7478970.1	QIZ21382.1	95.472	265	12	0	18	282	18	282	0.0	508
MDA7478971.1	QIZ21381.1	94.909	275	14	0	1	275	32	306	0.0	509
MDA7478972.1	QIZ20288.1	99.013	304	3	0	1	304	1	304	0.0	618
MDA7478973.1	QIZ20289.1	91.748	206	17	0	1	206	1	206	5.88e-137	377
MDA7478974.1	QIZ20290.1	98.031	457	9	0	1	457	1	457	0.0	899
MDA7478975.1	QIZ20291.1	86.268	284	35	1	1	284	1	280	9.42e-172	472
MDA7478976.1	QIZ20292.1	95.203	271	13	0	1	271	1	271	0.0	494
MDA7478977.1	QIZ20293.1	94.213	432	25	0	1	432	1	432	0.0	791
MDA7478978.1	QIZ20294.1	96.732	153	5	0	1	153	1	153	3.91e-108	300
MDA7478979.1	QIZ20295.1	94.000	100	6	0	1	100	1	100	2.27e-61	178
MDA7478980.1	QIZ20296.1	97.798	863	19	0	1	863	1	863	0.0	1734
MDA7478981.1	QIZ20297.1	95.288	191	9	0	1	191	1	191	8.03e-123	340
MDA7478982.1	QIZ20742.1	25.564	399	276	10	36	423	27	415	5.92e-35	130
MDA7478983.1	QIZ20298.1	99.042	313	3	0	1	313	1	313	0.0	639
MDA7478984.1	QIZ20299.1	98.675	151	2	0	1	151	1	151	2.08e-106	296
MDA7478985.1	QIZ20300.1	94.737	95	5	0	1	95	1	95	1.78e-61	177
MDA7478986.1	QIZ20301.1	97.526	485	12	0	1	485	1	485	0.0	966
MDA7478987.1	QIZ20302.1	95.723	491	21	0	1	491	1	491	0.0	946
MDA7478990.1	QIZ20560.1	29.897	388	272	0	41	428	38	425	7.24e-61	199
MDA7478992.1	QIZ20303.1	94.907	216	11	0	1	216	1	216	2.12e-152	417
MDA7478993.1	QIZ20304.1	92.691	301	22	0	1	301	1	301	0.0	564
MDA7478994.1	QIZ20305.1	96.272	456	17	0	1	456	1	456	0.0	868
MDA7478995.1	QIZ20306.1	91.925	161	13	0	1	161	1	161	3.19e-110	306
MDA7478996.1	QIZ20310.1	92.222	90	4	1	1	87	1	90	2.41e-55	162
MDA7478997.1	QIZ20311.1	97.561	246	6	0	1	246	1	246	1.45e-170	466
MDA7478998.1	QIZ20312.1	95.686	255	11	0	1	255	1	255	6.49e-174	475
MDA7478999.1	QIZ20313.1	89.840	187	19	0	1	187	1	187	5.31e-124	343
MDA7479000.1	QIZ20314.1	93.413	1002	66	0	1	1002	1	1002	0.0	1972
MDA7479001.1	QIZ20315.1	97.802	91	2	0	1	91	1	91	1.24e-66	190
MDA7479002.1	QIZ20316.1	98.561	417	6	0	1	417	1	417	0.0	855
MDA7479003.1	QIZ20317.1	81.140	737	138	1	1	737	1	736	0.0	1244
MDA7479004.1	QIZ20318.1	94.198	293	17	0	1	293	1	293	0.0	576
MDA7479005.1	QIZ20319.1	98.718	156	2	0	1	156	1	156	4.17e-112	310
MDA7479006.1	QIZ20320.1	89.017	173	19	0	1	173	1	173	3.32e-107	300
MDA7479007.1	QIZ20321.1	87.179	585	71	1	1	581	1	585	0.0	1064
MDA7479008.1	QIZ20322.1	97.436	195	5	0	1	195	1	195	7.07e-136	374
MDA7479009.1	QIZ20323.1	92.050	239	19	0	1	239	1	239	1.39e-151	417
MDA7479010.1	QIZ20324.1	94.531	128	7	0	1	128	1	128	1.88e-82	233
MDA7479011.1	QIZ20325.1	94.672	244	13	0	1	244	1	244	8.27e-172	469
MDA7479012.1	QIZ20326.1	94.595	222	12	0	1	222	1	222	6.15e-152	417
MDA7479013.1	QIZ20327.1	96.018	226	9	0	1	226	1	226	1.31e-149	411
MDA7479014.1	QIZ20328.1	95.137	329	16	0	1	329	1	329	0.0	644
MDA7479015.1	QIZ20329.1	90.141	213	21	0	1	213	1	213	2.29e-152	417
MDA7479016.1	QIZ20330.1	93.617	141	9	0	1	141	1	141	4.07e-97	271
MDA7479017.1	QIZ20331.1	97.706	436	10	0	1	436	1	436	0.0	883
MDA7479018.1	QIZ20332.1	98.684	152	2	0	1	152	1	152	8.68e-110	304
MDA7479020.1	QIZ21088.1	96.353	329	12	0	1	329	29	357	0.0	650
MDA7479021.1	QIZ21086.1	92.701	137	10	0	1	137	1	137	6.48e-94	263
MDA7479022.1	QIZ21085.1	95.171	642	31	0	40	681	39	680	0.0	1272
MDA7479023.1	QIZ21084.1	94.686	207	11	0	1	207	1	207	1.14e-144	397
MDA7479024.1	QIZ21083.1	98.837	86	1	0	1	86	1	86	1.07e-61	177
MDA7479025.1	QIZ21082.1	97.176	602	17	0	1	602	1	602	0.0	1178
MDA7479026.1	QIZ21081.1	96.610	118	4	0	1	118	1	118	4.00e-81	229
MDA7479027.1	QIZ21080.1	95.890	219	9	0	1	219	1	219	1.42e-151	416
MDA7479029.1	QIZ21079.1	95.446	505	23	0	7	511	14	518	0.0	953
MDA7479031.1	QIZ21078.1	91.549	213	18	0	1	213	1	213	1.25e-144	397
MDA7479032.1	QIZ21077.1	92.308	364	28	0	1	364	14	377	0.0	658
MDA7479033.1	QIZ21076.1	94.109	696	41	0	1	696	1	696	0.0	1251
MDA7479034.1	QIZ21075.1	82.065	184	33	0	1	184	1	184	1.67e-108	303
MDA7479035.1	QIZ21074.1	91.617	167	14	0	1	167	1	167	1.48e-113	315
MDA7479036.1	QIZ21073.1	93.388	121	8	0	1	121	1	121	2.16e-82	233
MDA7479037.1	QIZ21072.1	97.030	101	3	0	1	101	1	101	9.76e-68	194
MDA7479038.1	QIZ21071.1	97.211	251	7	0	1	251	1	251	0.0	500
MDA7479039.1	QIZ21070.1	92.050	239	19	0	1	239	1	239	3.21e-163	446
MDA7479040.1	QIZ21068.1	90.865	208	19	0	1	208	1	208	1.22e-140	387
MDA7479041.1	QIZ21067.1	98.980	196	2	0	1	196	1	196	1.37e-145	398
MDA7479042.1	QIZ21066.1	100.000	171	0	0	1	171	1	171	1.99e-123	340
MDA7479043.1	QIZ21065.1	98.462	455	7	0	1	455	1	455	0.0	893
MDA7479044.1	QIZ21064.1	91.908	173	14	0	1	173	1	173	3.88e-100	281
MDA7479045.1	QIZ21063.1	96.954	197	6	0	1	197	1	197	2.17e-139	383
MDA7479046.1	QIZ21062.1	96.429	140	5	0	1	140	1	140	3.87e-96	269
MDA7479047.1	QIZ21061.1	90.714	140	13	0	1	140	1	140	1.36e-93	262
MDA7479048.1	QIZ21060.1	95.067	223	11	0	1	223	1	223	1.21e-156	429
MDA7479049.1	QIZ21059.1	92.655	177	13	0	1	177	1	177	4.01e-115	321
MDA7479050.1	QIZ21058.1	89.434	265	28	0	1	265	1	265	1.06e-175	480
MDA7479051.1	QIZ21057.1	90.256	195	19	0	1	195	1	195	5.54e-128	354
MDA7479052.1	QIZ21056.1	94.891	274	14	0	1	274	1	274	0.0	535
MDA7479053.1	QIZ21055.1	87.387	333	42	0	1	333	1	333	0.0	605
MDA7479056.1	QIZ21052.1	99.526	422	2	0	1	422	1	422	0.0	847
MDA7479057.1	QIZ21050.1	94.131	443	26	0	1	443	1	443	0.0	828
MDA7479058.1	QIZ21049.1	94.864	623	32	0	1	623	1	623	0.0	1203
MDA7479059.1	QIZ21048.1	82.629	213	37	0	1	213	1	213	2.38e-128	356
MDA7479060.1	QIZ21047.1	92.045	264	21	0	1	264	1	264	0.0	499
MDA7479061.1	QIZ21046.1	88.652	282	32	0	1	282	1	282	0.0	504
MDA7479062.1	QIZ21045.1	81.571	331	61	0	1	331	1	331	0.0	539
MDA7479063.1	QIZ21044.1	55.714	140	60	1	15	154	17	154	1.39e-45	142
MDA7479064.1	QIZ21043.1	92.299	844	65	0	1	844	1	844	0.0	1602
MDA7479065.1	QIZ21042.1	42.941	170	93	3	1	169	1	167	2.46e-43	139
MDA7479066.1	QIZ21041.1	35.097	359	183	16	1	339	1	329	1.89e-36	130
MDA7479068.1	QIZ21040.1	51.977	177	83	1	1	177	1	175	6.19e-52	160
MDA7479069.1	QIZ21039.1	55.963	218	93	2	1	218	1	215	7.31e-82	239
MDA7479070.1	QIZ21038.1	51.852	162	77	1	1	162	1	161	3.88e-54	164
MDA7479071.1	QIZ21501.1	98.454	194	3	0	1	194	1	194	1.24e-140	399
MDA7479072.1	QIZ21500.1	93.678	174	11	0	1	174	150	323	5.48e-122	342
MDA7479073.1	QIZ21501.1	100.000	46	0	0	1	46	505	550	8.31e-30	103
MDA7479074.1	QIZ21502.1	96.552	203	7	0	1	203	1	203	1.02e-142	392
MDA7479076.1	QIZ21503.1	97.238	181	5	0	1	181	1	181	9.87e-125	344
MDA7479077.1	QIZ21504.1	97.124	452	13	0	1	452	1	452	0.0	920
MDA7479078.1	QIZ21505.1	97.934	242	5	0	1	242	1	242	2.45e-178	485
MDA7479079.1	QIZ21506.1	73.300	397	106	0	1	397	1	397	0.0	645
MDA7479080.1	QIZ21507.1	73.134	134	36	0	1	134	1	134	1.61e-72	209
MDA7479081.1	QIZ21508.1	97.581	124	3	0	1	124	1	124	1.96e-91	256
MDA7479082.1	QIZ21509.1	95.019	261	13	0	1	261	1	261	0.0	504
MDA7479083.1	QIZ21510.1	51.128	133	65	0	1	133	6	138	3.05e-45	140
MDA7479087.1	QIZ21511.1	86.243	189	26	0	1	189	1	189	5.13e-125	346
MDA7479088.1	QIZ21512.1	70.435	115	34	0	1	115	52	166	3.26e-60	178
MDA7479089.1	QIZ21513.1	94.444	810	45	0	1	810	1	810	0.0	1582
MDA7479090.1	QIZ21514.1	87.550	249	31	0	1	249	1	249	1.09e-162	446
MDA7479091.1	QIZ21515.1	90.852	317	29	0	1	317	1	317	0.0	600
MDA7479092.1	QIZ21516.1	96.846	539	17	0	1	539	1	539	0.0	1090
MDA7479093.1	QIZ21517.1	69.444	72	22	0	1	72	1	72	2.45e-32	102
MDA7479094.1	QIZ21518.1	72.555	317	87	0	1	317	1	317	8.71e-169	467
MDA7479095.1	QIZ21344.1	63.121	282	103	1	1	281	1	282	2.22e-124	352
MDA7479096.1	QIZ21519.1	95.161	124	6	0	1	124	1	124	6.20e-88	247
MDA7479097.1	QIZ21520.1	97.419	155	4	0	1	155	1	155	1.19e-114	317
MDA7479098.1	QIZ21521.1	88.119	202	24	0	1	202	1	202	2.85e-140	385
MDA7479099.1	QIZ21522.1	72.973	333	90	0	1	333	1	333	0.0	523
MDA7479100.1	QIZ21523.1	97.288	295	8	0	1	295	1	295	0.0	596
MDA7479101.1	QIZ21524.1	90.546	476	45	0	1	476	1	476	0.0	897
MDA7479103.1	QIZ21525.1	97.882	425	8	1	1	424	1	425	0.0	865
MDA7479104.1	QIZ21527.1	76.331	338	80	0	1	338	1	338	0.0	561
MDA7479105.1	QIZ21530.1	84.544	537	78	2	3	538	4	536	0.0	870
MDA7479106.1	QIZ21531.1	89.205	352	38	0	1	352	1	352	0.0	620
MDA7479107.1	QIZ20381.1	96.364	275	10	0	1	275	1	275	0.0	559
MDA7479108.1	QIZ20380.1	97.549	204	5	0	1	204	1	204	4.44e-144	395
MDA7479109.1	QIZ20379.1	95.461	683	31	0	1	683	1	683	0.0	1282
MDA7479110.1	QIZ20378.1	89.773	88	9	0	1	88	1	88	2.96e-44	134
MDA7479111.1	QIZ20377.1	95.904	293	12	0	1	293	1	293	0.0	509
MDA7479112.1	QIZ20376.1	91.824	318	26	0	16	333	16	333	0.0	593
MDA7479113.1	QIZ20375.1	88.095	252	30	0	1	252	1	252	9.76e-151	416
MDA7479114.1	QIZ20374.1	93.734	383	24	0	1	383	1	383	0.0	728
MDA7479115.1	QIZ20373.1	91.133	203	18	0	1	203	1	203	3.01e-124	345
MDA7479116.1	QIZ20372.1	89.355	310	33	0	1	310	1	310	0.0	531
MDA7479117.1	QIZ20371.1	92.398	513	39	0	1	513	1	513	0.0	986
MDA7479118.1	QIZ20370.1	90.945	254	23	0	1	254	1	254	4.90e-164	450
MDA7479119.1	QIZ20369.1	88.803	259	29	0	1	259	1	259	1.24e-172	472
MDA7479120.1	QIZ20368.1	90.588	170	16	0	1	170	1	170	1.33e-114	318
MDA7479121.1	QIZ20367.1	95.385	390	18	0	1	390	1	390	0.0	671
MDA7479122.1	QIZ20366.1	72.781	169	44	1	24	192	1	167	2.34e-82	237
MDA7479123.1	QIZ20365.1	97.849	93	2	0	1	93	1	93	1.89e-63	182
MDA7479124.1	QIZ20364.1	92.401	329	25	0	1	329	1	329	0.0	623
MDA7479125.1	QIZ20363.1	89.524	315	33	0	1	315	1	315	0.0	577
MDA7479126.1	QIZ20362.1	84.220	564	89	0	1	564	1	564	0.0	952
MDA7479127.1	QIZ20361.1	54.321	81	37	0	1	81	1	81	3.12e-29	95.9
MDA7479128.1	QIZ20360.1	44.017	702	376	10	1	694	7	699	8.48e-173	507
MDA7479129.1	QIZ21150.1	99.185	368	3	0	1	368	1	368	0.0	746
MDA7479130.1	QIZ21151.1	98.637	587	8	0	1	587	1	587	0.0	1197
MDA7479131.1	QIZ21152.1	97.786	542	12	0	1	542	1	542	0.0	1108
MDA7479132.1	QIZ21153.1	90.310	258	25	0	1	258	1	258	2.64e-176	481
MDA7479133.1	QIZ21154.1	95.122	369	18	0	1	369	1	369	0.0	714
MDA7479134.1	QIZ21155.1	94.895	333	17	0	1	333	1	333	0.0	649
MDA7479135.1	QIZ21156.1	94.488	127	7	0	1	127	1	127	1.35e-84	239
MDA7479136.1	QIZ21157.1	90.741	108	10	0	1	108	1	108	5.22e-59	172
MDA7479137.1	QIZ21158.1	98.644	590	8	0	1	590	1	590	0.0	1221
MDA7479138.1	QIZ21159.1	95.671	231	10	0	1	231	27	257	5.41e-168	459
MDA7479139.1	QIZ21160.1	98.390	497	8	0	1	497	1	497	0.0	1009
MDA7479140.1	QIZ21161.1	99.062	320	3	0	1	320	1	320	0.0	632
MDA7479141.1	QIZ21162.1	94.041	386	23	0	1	386	1	386	0.0	731
MDA7479142.1	QIZ21163.1	97.251	291	8	0	1	291	1	291	0.0	572
MDA7479143.1	QIZ21164.1	86.735	196	26	0	1	196	1	196	3.69e-118	353
MDA7479144.1	QIZ21164.1	91.036	502	45	0	1	502	287	788	0.0	983
MDA7479145.1	QIZ21037.1	55.882	102	45	0	1	102	91	192	3.99e-31	104
MDA7479147.1	QIZ21036.1	68.506	308	97	0	1	308	1	308	1.34e-156	436
MDA7479148.1	QIZ21035.1	90.500	200	19	0	18	217	18	217	3.22e-137	379
MDA7479149.1	QIZ21034.1	92.248	258	20	0	1	258	1	258	1.63e-176	482
MDA7479150.1	QIZ21033.1	95.745	376	13	1	1	376	1	373	0.0	728
MDA7479151.1	QIZ21032.1	96.764	649	19	1	1	647	1	649	0.0	1253
MDA7479152.1	QIZ21031.1	91.943	211	17	0	1	211	1	211	1.57e-138	382
MDA7479153.1	QIZ21030.1	94.500	200	11	0	1	200	1	200	4.01e-129	357
MDA7479154.1	QIZ21029.1	89.817	383	39	0	1	383	1	383	0.0	674
MDA7479155.1	QIZ21028.1	91.289	287	25	0	1	287	1	287	0.0	506
MDA7479156.1	QIZ21027.1	96.447	197	7	0	1	197	1	197	6.32e-137	377
MDA7479157.1	QIZ21026.1	90.551	762	71	1	1	762	1	761	0.0	1403
MDA7479158.1	QIZ21025.1	86.170	188	26	0	1	188	1	188	7.29e-111	321
MDA7479159.1	QIZ20389.1	97.222	144	4	0	1	144	152	295	1.59e-95	273
MDA7479160.1	QIZ20388.1	96.078	153	6	0	1	153	1	153	7.76e-107	299
MDA7479161.1	QIZ20387.1	98.644	959	13	0	1	959	1	959	0.0	1936
MDA7479162.1	QIZ20386.1	98.039	153	2	1	1	152	1	153	2.11e-109	303
MDA7479163.1	QIZ20385.1	97.409	849	22	0	1	849	1	849	0.0	1661
MDA7479164.1	QIZ20384.1	95.732	164	7	0	1	164	1	164	7.44e-114	315
MDA7479165.1	QIZ20383.1	96.739	184	6	0	1	184	1	184	6.48e-133	365
MDA7479166.1	QIZ20382.1	93.983	349	21	0	1	349	1	349	0.0	684
MDA7479167.1	QIZ21234.1	99.225	387	3	0	1	387	1	387	0.0	790
MDA7479168.1	QIZ21233.1	98.684	608	8	0	1	608	1	608	0.0	1221
MDA7479169.1	QIZ21232.1	88.837	215	24	0	1	215	1	215	1.65e-137	379
MDA7479170.1	QIZ21231.1	92.920	226	16	0	1	226	1	226	1.98e-156	428
MDA7479171.1	QIZ21230.1	91.331	323	28	0	1	323	1	323	0.0	591
MDA7479172.1	QIZ21229.1	95.900	439	18	0	1	439	1	439	0.0	809
MDA7479173.1	QIZ21228.1	98.511	470	7	0	1	470	1	470	0.0	948
MDA7479174.1	QIZ21227.1	95.833	120	5	0	1	120	1	120	4.86e-84	236
MDA7479175.1	QIZ21372.1	92.248	129	10	0	1	129	820	948	3.18e-72	227
MDA7479177.1	QIZ21373.1	89.327	431	46	0	1	431	1	431	0.0	728
MDA7479178.1	QIZ21374.1	93.316	374	25	0	1	374	1	374	0.0	632
MDA7479179.1	QIZ21375.1	89.326	356	38	0	1	356	1	356	0.0	637
MDA7479180.1	QIZ21376.1	96.336	464	17	0	1	464	1	464	0.0	905
MDA7479181.1	QIZ21377.1	95.513	312	14	0	1	312	1	312	0.0	554
MDA7479182.1	QIZ21378.1	93.750	304	19	0	1	304	1	304	0.0	543
MDA7479183.1	QIZ21379.1	94.030	67	4	0	1	67	1	67	7.81e-27	92.8
MDA7479184.1	QIZ21211.1	80.303	66	13	0	1	66	224	289	7.42e-33	110
MDA7479185.1	QIZ21210.1	89.038	1040	114	0	1	1040	1	1040	0.0	1816
MDA7479186.1	QIZ21209.1	93.467	199	13	0	1	199	1	199	3.92e-141	387
MDA7479187.1	QIZ21207.1	92.437	238	18	0	1	238	1	238	4.73e-170	464
MDA7479188.1	QIZ21237.1	87.342	237	30	0	1	237	1	237	9.23e-155	426
MDA7479189.1	QIZ21236.1	97.917	96	2	0	1	96	1	96	9.13e-64	183
MDA7479190.1	QIZ21235.1	98.559	555	7	1	1	554	1	555	0.0	1078
MDA7479193.1	QIZ21069.1	74.603	63	16	0	1	63	1	63	5.98e-32	101
MDA7479194.1	QIZ21177.1	93.431	411	27	0	1	411	1	411	0.0	763
MDA7479195.1	QIZ21178.1	97.011	368	11	0	1	368	1	368	0.0	719
MDA7479196.1	QIZ21179.1	98.471	327	5	0	1	327	1	327	0.0	652
MDA7479197.1	QIZ21180.1	100.000	84	0	0	1	84	1	84	2.62e-56	164
MDA7479198.1	QIZ21181.1	94.737	57	3	0	1	57	78	134	6.83e-34	107
MDA7479199.1	QIZ20773.1	94.643	112	6	0	1	112	157	268	1.21e-77	225
MDA7479200.1	QIZ20772.1	99.170	241	2	0	1	241	1	241	1.53e-179	488
MDA7479201.1	QIZ20771.1	98.780	164	2	0	1	164	1	164	3.98e-120	331
MDA7479202.1	QIZ20770.1	99.554	224	1	0	1	224	1	224	1.96e-163	446
MDA7479203.1	QIZ20769.1	98.551	138	2	0	1	138	1	138	9.97e-97	270
MDA7479204.1	QIZ20768.1	95.984	249	10	0	1	249	1	249	6.78e-144	399
MDA7479205.1	QIZ21239.1	96.655	837	28	0	1	837	69	905	0.0	1680
MDA7479206.1	QIZ21240.1	90.361	166	16	0	1	166	1	166	8.89e-96	270
MDA7479207.1	QIZ21241.1	76.190	84	19	1	1	84	27	109	7.09e-39	122
MDA7479210.1	QIZ20778.1	26.486	185	125	2	1	184	158	332	3.82e-22	87.4
MDA7479212.1	QIZ21403.1	29.756	205	139	4	3	203	17	220	3.71e-29	107
MDA7479213.1	QIZ21171.1	99.504	403	2	0	1	403	70	472	0.0	813
MDA7479214.1	QIZ21173.1	95.570	158	7	0	1	158	1	158	2.75e-111	308
MDA7479215.1	QIZ21174.1	98.681	379	5	0	1	379	1	379	0.0	750
MDA7479216.1	QIZ21146.1	96.930	228	7	0	1	228	1	228	2.16e-165	451
MDA7479217.1	QIZ21144.1	96.460	452	16	0	1	452	1	452	0.0	879
MDA7479218.1	QIZ21143.1	90.909	99	9	0	1	99	1	99	3.46e-63	188
MDA7479219.1	QIZ21485.1	99.340	303	2	0	1	303	259	561	0.0	617
MDA7479220.1	QIZ21484.1	91.635	263	22	0	1	263	1	263	0.0	498
MDA7479221.1	QIZ21483.1	88.860	386	43	0	3	388	2	387	0.0	709
MDA7479222.1	QIZ21242.1	97.297	185	5	0	1	185	195	379	3.51e-129	363
MDA7479223.1	QIZ21243.1	88.235	187	22	0	1	187	1	187	3.84e-106	298
MDA7479224.1	QIZ21244.1	92.637	421	31	0	1	421	1	421	0.0	789
MDA7479225.1	QIZ21245.1	95.161	62	3	0	1	62	1	62	8.65e-40	120
MDA7479226.1	QIZ21246.1	92.308	39	3	0	1	39	248	286	2.18e-21	78.2
MDA7479228.1	QIZ20329.1	58.974	195	78	2	4	197	20	213	2.61e-88	254
MDA7479229.1	QIZ21001.1	88.462	52	6	0	1	52	97	148	5.73e-31	100
MDA7479230.1	QIZ21488.1	96.810	721	23	0	1	721	113	833	0.0	1447
