MDC1002015.1	QIZ20871.1	79.293	594	113	2	1	584	140	733	0.0	992
MDC1002016.1	QIZ20872.1	86.207	203	28	0	1	203	1	203	5.20e-129	357
MDC1002017.1	QIZ20873.1	82.857	105	18	0	8	112	1	105	4.58e-60	175
MDC1002018.1	QIZ20874.1	72.857	560	142	4	1	553	1	557	0.0	791
MDC1002019.1	QIZ20875.1	80.797	276	53	0	1	276	1	276	4.09e-170	467
MDC1002020.1	QIZ20876.1	66.393	244	80	1	2	243	3	246	2.46e-110	313
MDC1002021.1	QIZ20877.1	71.831	142	40	0	1	142	11	152	6.21e-76	219
MDC1002023.1	QIZ20878.1	78.641	309	66	0	1	309	1	309	0.0	500
MDC1002024.1	QIZ20879.1	82.552	384	67	0	1	384	1	384	0.0	628
MDC1002025.1	QIZ20881.1	81.325	166	29	2	1	164	1	166	1.29e-97	275
MDC1002026.1	QIZ20882.1	76.025	317	76	0	1	317	1	317	0.0	516
MDC1002027.1	QIZ20883.1	83.251	203	34	0	1	203	1	203	9.72e-129	356
MDC1002028.1	QIZ20884.1	74.516	310	78	1	12	320	13	322	4.63e-166	461
MDC1002029.1	QIZ20885.1	44.737	190	103	2	1	190	1	188	7.67e-45	143
MDC1002030.1	QIZ20886.1	78.599	257	55	0	1	257	1	257	3.93e-148	410
MDC1002031.1	QIZ20887.1	65.714	420	141	2	19	436	19	437	0.0	528
MDC1002032.1	QIZ20888.1	71.569	204	58	0	13	216	12	215	1.74e-101	288
MDC1002033.1	QIZ20889.1	84.028	576	91	1	1	575	1	576	0.0	995
MDC1002034.1	QIZ20890.1	91.579	95	8	0	1	95	1	95	1.55e-61	178
MDC1002035.1	QIZ20891.1	83.913	230	37	0	1	230	1	230	2.61e-143	395
MDC1002036.1	QIZ20892.1	70.936	203	59	0	1	203	1	203	5.26e-104	294
MDC1002037.1	QIZ20893.1	86.029	408	57	0	1	408	1	408	0.0	742
MDC1002038.1	QIZ20894.1	82.890	263	45	0	3	265	2	264	1.52e-152	422
MDC1002039.1	QIZ20895.1	73.701	308	81	0	1	308	1	308	0.0	499
MDC1002040.1	QIZ20896.1	46.948	426	218	7	1	422	1	422	2.21e-134	388
MDC1002041.1	QIZ20897.1	58.879	107	41	2	1	105	1	106	5.82e-41	127
MDC1002042.1	QIZ20898.1	36.743	479	292	4	4	481	5	473	9.68e-112	334
MDC1002043.1	QIZ20908.1	49.130	230	110	3	1	223	1	230	5.72e-72	215
MDC1002056.1	QIZ20911.1	36.612	183	110	4	2	183	1	178	1.29e-31	109
MDC1002057.1	QIZ20920.1	50.655	229	112	1	1	229	1	228	7.76e-76	224
MDC1002058.1	QIZ21087.1	42.403	283	155	3	1	280	1	278	3.42e-66	204
MDC1002059.1	QIZ20921.1	47.429	350	179	3	1	349	1	346	4.60e-113	328
MDC1002060.1	QIZ20922.1	64.454	467	161	4	1	464	1	465	0.0	589
MDC1002061.1	QIZ21496.1	67.692	65	21	0	3	67	2	66	1.17e-29	95.9
MDC1002062.1	QIZ20923.1	84.507	71	11	0	1	71	1	71	1.79e-41	125
MDC1002063.1	QIZ20924.1	82.436	427	75	0	1	427	2	428	0.0	697
MDC1002064.1	QIZ20925.1	71.318	129	37	0	1	129	1	129	2.31e-65	190
MDC1002065.1	QIZ20926.1	79.856	417	84	0	1	417	1	417	0.0	665
MDC1002066.1	QIZ20927.1	75.676	185	44	1	1	184	1	185	6.61e-99	280
MDC1002067.1	QIZ20928.1	87.692	65	8	0	1	65	1	65	6.81e-29	93.6
MDC1002068.1	QIZ20929.1	65.000	240	83	1	1	240	1	239	4.22e-110	312
MDC1002070.1	QIZ20931.1	79.825	114	22	1	1	113	1	114	3.83e-57	168
MDC1002071.1	QIZ20932.1	67.470	83	27	0	1	83	1	83	1.11e-36	114
MDC1002072.1	QIZ20933.1	74.373	558	142	1	1	557	1	558	0.0	897
MDC1002073.1	QIZ20934.1	70.486	288	85	0	1	288	1	288	8.43e-146	407
MDC1002074.1	QIZ20935.1	85.973	221	31	0	1	221	1	221	5.07e-146	402
MDC1002075.1	QIZ20936.1	74.638	276	69	1	1	276	1	275	1.75e-158	437
MDC1002076.1	QIZ20937.1	78.646	384	82	0	1	384	1	384	0.0	637
MDC1002077.1	QIZ20939.1	80.583	309	60	0	1	309	1	309	0.0	529
MDC1002078.1	QIZ20940.1	82.581	155	27	0	1	155	1	155	1.17e-96	272
MDC1002079.1	QIZ20941.1	70.325	246	73	0	1	246	1	246	3.25e-132	369
MDC1002080.1	QIZ20942.1	68.197	305	97	0	1	305	1	305	2.90e-158	440
MDC1002081.1	QIZ20943.1	81.977	172	30	1	1	171	1	172	1.81e-103	290
MDC1002082.1	QIZ20944.1	59.341	91	37	0	2	92	496	586	4.09e-32	112
MDC1002084.1	QIZ20513.1	27.919	394	257	8	105	492	7	379	4.76e-37	136
MDC1002085.1	QIZ20593.1	80.169	590	117	0	5	594	2	591	0.0	1011
MDC1002086.1	QIZ21125.1	46.926	309	160	1	4	312	3	307	7.66e-96	282
MDC1002089.1	QIZ20487.1	34.625	413	262	5	20	427	21	430	7.89e-72	229
MDC1002090.1	QIZ20589.1	70.588	289	85	0	1	289	1	289	2.49e-153	426
MDC1002091.1	QIZ20592.1	92.308	247	19	0	1	247	1	247	9.52e-174	474
MDC1002092.1	QIZ20591.1	77.778	279	62	0	1	279	1	279	1.21e-166	459
MDC1002093.1	QIZ20605.1	32.190	379	213	9	26	390	43	391	6.50e-50	168
MDC1002094.1	QIZ20590.1	66.782	289	96	0	4	292	3	291	9.00e-120	342
MDC1002096.1	QIZ20587.1	75.319	235	58	0	1	235	1	235	8.23e-125	349
MDC1002097.1	QIZ20586.1	90.104	192	19	0	1	192	1	192	2.85e-130	359
MDC1002098.1	QIZ21150.1	31.373	357	211	13	1	337	4	346	1.37e-40	142
MDC1002099.1	QIZ20213.1	61.842	152	58	0	18	169	26	177	3.59e-63	188
MDC1002100.1	QIZ20211.1	70.833	96	28	0	1	96	1	96	1.26e-48	145
MDC1002101.1	QIZ21109.1	28.324	346	211	12	13	329	1	338	1.02e-27	106
MDC1002102.1	QIZ20542.1	49.174	484	241	3	1	480	1	483	1.65e-151	437
MDC1002103.1	QIZ21534.1	76.364	110	26	0	13	122	13	122	4.32e-59	174
MDC1002104.1	QIZ20541.1	76.849	311	72	0	1	311	1	311	2.95e-179	493
MDC1002105.1	QIZ20540.1	83.529	255	42	0	1	255	1	255	3.89e-156	430
MDC1002106.1	QIZ20218.1	80.319	376	74	0	4	379	5	380	0.0	644
MDC1002107.1	QIZ21525.1	89.882	425	42	1	1	424	1	425	0.0	813
MDC1002109.1	QIZ21524.1	88.819	474	53	0	1	474	1	474	0.0	878
MDC1002110.1	QIZ20310.1	60.976	82	32	0	1	82	1	82	5.03e-33	105
MDC1002113.1	QIZ20730.1	70.909	165	48	0	1	165	19	183	1.06e-87	250
MDC1002116.1	QIZ20508.1	71.124	845	244	0	1	845	17	861	0.0	1176
MDC1002117.1	QIZ20507.1	83.636	220	36	0	1	220	1	220	1.40e-134	373
MDC1002118.1	QIZ20506.1	70.352	199	59	0	1	199	1	199	1.84e-99	282
MDC1002119.1	QIZ21225.1	45.223	157	84	2	26	181	25	180	3.98e-45	143
MDC1002120.1	QIZ20210.1	86.517	534	72	0	8	541	3	536	0.0	921
MDC1002121.1	QIZ20674.1	74.555	393	100	0	1	393	1	393	0.0	617
MDC1002124.1	QIZ20217.1	84.598	448	68	1	1	448	1	447	0.0	793
MDC1002125.1	QIZ21315.1	78.523	149	32	0	1	149	1	149	1.13e-90	256
MDC1002129.1	QIZ20539.1	79.675	369	75	0	1	369	1	369	0.0	605
MDC1002130.1	QIZ20538.1	95.604	91	4	0	1	91	1	91	1.81e-61	177
MDC1002131.1	QIZ20537.1	65.820	433	148	0	1	433	1	433	0.0	529
MDC1002132.1	QIZ20537.1	79.677	433	85	1	1	430	1	433	0.0	655
MDC1002133.1	QIZ20379.1	79.389	131	27	0	1	131	553	683	1.66e-69	216
MDC1002134.1	QIZ20380.1	69.000	200	62	0	6	205	5	204	1.32e-95	273
MDC1002135.1	QIZ20381.1	77.818	275	61	0	1	275	1	275	2.30e-167	460
MDC1002136.1	QIZ20382.1	81.892	370	67	0	1	370	1	370	0.0	645
MDC1002137.1	QIZ20383.1	78.261	184	40	0	1	184	1	184	3.05e-108	303
MDC1002138.1	QIZ20384.1	85.976	164	23	0	1	164	1	164	8.90e-103	288
MDC1002139.1	QIZ20385.1	85.781	858	112	2	1	858	1	848	0.0	1458
MDC1002140.1	QIZ20386.1	88.235	153	15	2	1	150	1	153	7.97e-92	259
MDC1002141.1	QIZ20387.1	93.249	948	64	0	1	948	1	948	0.0	1827
MDC1002142.1	QIZ20388.1	84.000	200	29	1	1	200	1	197	1.92e-120	335
MDC1002143.1	QIZ21085.1	25.908	633	432	15	35	645	56	673	2.15e-46	170
MDC1002144.1	QIZ20389.1	77.966	295	65	0	1	295	1	295	1.03e-167	462
MDC1002145.1	QIZ20390.1	76.015	517	124	0	1	517	1	517	0.0	791
MDC1002146.1	QIZ20391.1	83.696	92	15	0	4	95	3	94	3.01e-54	159
MDC1002147.1	QIZ20392.1	81.728	301	55	0	1	301	117	417	0.0	535
MDC1002148.1	QIZ21080.1	82.028	217	39	0	1	217	1	217	1.84e-128	357
MDC1002149.1	QIZ21081.1	96.610	118	4	0	1	118	1	118	1.09e-81	231
MDC1002150.1	QIZ21082.1	97.176	602	17	0	1	602	1	602	0.0	1178
MDC1002151.1	QIZ21083.1	95.349	86	4	0	1	86	1	86	4.91e-59	171
MDC1002152.1	QIZ21084.1	87.923	207	25	0	1	207	1	207	5.22e-135	372
MDC1002153.1	QIZ21085.1	88.162	642	76	0	36	677	39	680	0.0	1189
MDC1002154.1	QIZ21086.1	84.672	137	21	0	1	137	1	137	8.45e-87	245
MDC1002155.1	QIZ21088.1	79.832	357	72	0	1	357	1	357	0.0	602
MDC1002156.1	QIZ21089.1	66.776	304	100	1	3	305	4	307	2.42e-143	402
MDC1002157.1	QIZ21090.1	71.121	232	67	0	1	232	1	232	2.65e-124	347
MDC1002158.1	QIZ21091.1	83.934	361	58	0	1	361	1	361	0.0	572
MDC1002159.1	QIZ21092.1	86.458	96	13	0	1	96	1	96	4.80e-58	169
MDC1002160.1	QIZ21093.1	90.391	281	27	0	1	281	1	281	0.0	521
MDC1002164.1	QIZ21094.1	78.354	328	69	1	1	326	21	348	0.0	548
MDC1002165.1	QIZ21095.1	83.631	336	55	0	2	337	27	362	0.0	591
MDC1002167.1	QIZ20248.1	68.504	254	80	0	3	256	4	257	3.66e-121	342
MDC1002169.1	QIZ20247.1	82.443	131	23	0	1	131	1	131	2.50e-78	223
MDC1002170.1	QIZ20246.1	83.534	249	41	0	1	249	1	249	1.35e-156	431
MDC1002171.1	QIZ20245.1	80.275	218	43	0	1	218	1	218	4.99e-130	362
MDC1002172.1	QIZ20244.1	85.938	256	36	0	1	256	1	256	3.67e-173	473
MDC1002173.1	QIZ20243.1	88.837	430	48	0	1	430	1	430	0.0	810
MDC1002174.1	QIZ20242.1	91.538	260	22	0	1	260	1	260	7.04e-179	488
MDC1002175.1	QIZ20241.1	85.000	80	12	0	1	80	1	80	4.45e-46	137
MDC1002176.1	QIZ20240.1	81.938	227	41	0	1	227	1	227	3.52e-141	390
MDC1002177.1	QIZ20239.1	87.225	728	93	0	1	728	1	728	0.0	1335
MDC1002178.1	QIZ20238.1	86.842	76	10	0	1	76	1	76	8.41e-47	139
MDC1002179.1	QIZ20237.1	83.486	109	18	0	1	109	1	109	2.97e-67	193
MDC1002180.1	QIZ20236.1	88.321	137	16	0	1	137	69	205	8.34e-91	258
MDC1002181.1	QIZ20235.1	76.695	236	55	0	1	236	1	236	1.26e-132	369
MDC1002182.1	QIZ20234.1	81.801	533	97	0	1	533	1	533	0.0	929
MDC1002183.1	QIZ20233.1	75.717	453	106	2	1	449	1	453	0.0	704
MDC1002184.1	QIZ20232.1	83.265	245	41	0	1	245	1	245	3.18e-155	427
MDC1002185.1	QIZ20231.1	90.196	459	45	0	1	459	1	459	0.0	874
MDC1002186.1	QIZ20230.1	85.876	177	25	0	1	177	430	606	2.07e-109	320
MDC1002187.1	QIZ21187.1	65.190	158	55	0	1	158	1	158	1.77e-69	206
MDC1002188.1	QIZ21188.1	88.646	458	52	0	1	458	1	458	0.0	766
MDC1002189.1	QIZ21189.1	79.626	481	96	1	1	479	1	481	0.0	729
MDC1002190.1	QIZ21190.1	85.000	520	78	0	1	520	6	525	0.0	913
MDC1002191.1	QIZ21191.1	69.004	271	84	0	1	271	1	271	4.40e-136	384
MDC1002192.1	QIZ21179.1	77.346	309	70	0	1	309	1	309	2.50e-175	484
MDC1002193.1	QIZ21180.1	95.238	84	4	0	1	84	1	84	4.89e-54	158
MDC1002194.1	QIZ21181.1	80.597	134	23	1	1	131	1	134	1.16e-77	222
MDC1002195.1	QIZ21182.1	71.130	239	69	0	5	243	1	239	4.05e-129	360
MDC1002196.1	QIZ21183.1	75.127	197	49	0	1	197	1	197	3.15e-108	304
MDC1002197.1	QIZ21184.1	75.946	370	89	0	1	370	1	370	0.0	608
MDC1002198.1	QIZ21185.1	74.359	195	50	0	1	195	1	195	2.78e-105	302
MDC1002202.1	QIZ20592.1	33.992	253	151	6	6	256	5	243	3.02e-41	138
MDC1002203.1	QIZ20556.1	45.022	231	124	1	1	228	109	339	2.51e-68	209
MDC1002205.1	QIZ20249.1	89.069	247	27	0	1	247	1	247	1.74e-171	468
MDC1002206.1	QIZ20250.1	94.697	396	21	0	1	396	1	396	0.0	742
MDC1002207.1	QIZ20251.1	90.476	63	6	0	1	63	1	63	1.75e-36	112
MDC1002208.1	QIZ20328.1	78.166	229	50	0	1	229	1	229	5.83e-134	375
MDC1002209.1	QIZ20329.1	86.385	213	29	0	1	213	1	213	1.17e-147	405
MDC1002210.1	QIZ20330.1	81.560	141	26	0	1	141	1	141	1.97e-84	239
MDC1002211.1	QIZ20331.1	92.162	370	29	0	1	370	1	370	0.0	715
MDC1002214.1	QIZ20834.1	28.736	348	216	8	9	342	1	330	3.44e-28	107
MDC1002216.1	QIZ20555.1	41.825	263	149	3	59	321	238	496	6.12e-58	191
MDC1002218.1	QIZ21178.1	76.582	316	74	0	1	316	53	368	0.0	508
MDC1002219.1	QIZ21177.1	79.024	410	86	0	1	410	1	410	0.0	642
MDC1002220.1	QIZ21439.1	83.430	344	57	0	1	344	45	388	0.0	615
MDC1002221.1	QIZ21440.1	88.809	277	31	0	3	279	4	280	0.0	515
