MDA7476122.1	QIZ20702.1	94.587	351	19	0	1	351	1	351	0.0	674
MDA7476123.1	QIZ20700.1	98.950	952	10	0	1	952	1	952	0.0	1970
MDA7476124.1	QIZ20699.1	96.377	414	15	0	1	414	1	414	0.0	817
MDA7476126.1	QIZ20698.1	95.663	392	17	0	1	392	1	392	0.0	755
MDA7476127.1	QIZ20697.1	97.253	182	5	0	1	182	1	182	7.49e-132	362
MDA7476128.1	QIZ20696.1	97.628	253	6	0	1	253	1	253	0.0	508
MDA7476129.1	QIZ20695.1	96.129	155	6	0	1	155	1	155	1.41e-84	241
MDA7476130.1	QIZ20694.1	98.365	367	6	0	1	367	1	367	0.0	749
MDA7476131.1	QIZ20692.1	64.375	480	171	0	4	483	12	491	0.0	669
MDA7476132.1	QIZ20691.1	96.312	922	34	0	1	922	1	922	0.0	1871
MDA7476133.1	QIZ20690.1	94.022	552	33	0	1	552	1	552	0.0	1051
MDA7476134.1	QIZ20689.1	75.000	276	69	0	1	276	1	276	6.47e-155	429
MDA7476135.1	QIZ20687.1	60.127	158	63	0	1	158	1	158	4.93e-58	174
MDA7476136.1	QIZ20686.1	61.765	136	48	1	1	132	1	136	1.11e-56	169
MDA7476137.1	QIZ20685.1	73.000	200	54	0	1	200	1	200	2.72e-107	302
MDA7476138.1	QIZ20684.1	77.590	415	93	0	1	415	1	415	0.0	630
MDA7476139.1	QIZ20683.1	96.678	301	10	0	1	301	1	301	0.0	575
MDA7476140.1	QIZ20682.1	96.296	405	15	0	1	405	1	405	0.0	815
MDA7476141.1	QIZ20681.1	95.405	370	17	0	1	370	1	370	0.0	745
MDA7476142.1	QIZ20680.1	77.810	347	77	0	1	347	1	347	0.0	591
MDA7476143.1	QIZ20679.1	90.667	75	7	0	1	75	1	75	5.14e-48	142
MDA7476150.1	QIZ20676.1	91.925	161	13	0	1	161	1	161	2.52e-98	276
MDA7476151.1	QIZ20675.1	91.176	68	6	0	1	68	1	68	3.84e-42	127
MDA7476152.1	QIZ20674.1	94.656	393	21	0	1	393	1	393	0.0	771
MDA7476153.1	QIZ20673.1	78.753	433	92	0	1	433	1	433	0.0	691
MDA7476154.1	QIZ20672.1	96.853	286	9	0	1	286	1	286	0.0	553
MDA7476155.1	QIZ20671.1	94.498	309	17	0	1	309	1	309	0.0	588
MDA7476156.1	QIZ20670.1	96.984	431	13	0	1	431	1	431	0.0	861
MDA7476157.1	QIZ20669.1	91.858	479	39	0	15	493	15	493	0.0	914
MDA7476158.1	QIZ20668.1	92.265	181	14	0	1	181	1	181	1.30e-109	306
MDA7476159.1	QIZ20667.1	96.725	794	26	0	1	794	1	794	0.0	1527
MDA7476160.1	QIZ20666.1	99.364	472	3	0	1	472	1	472	0.0	957
MDA7476161.1	QIZ20665.1	98.026	152	3	0	1	152	1	152	6.40e-103	287
MDA7476162.1	QIZ20664.1	98.571	70	1	0	23	92	1	70	6.03e-47	140
MDA7476163.1	QIZ20663.1	100.000	121	0	0	1	121	1	121	8.72e-86	241
MDA7476164.1	QIZ20662.1	99.677	310	1	0	1	310	1	310	0.0	612
MDA7476165.1	QIZ20661.1	100.000	245	0	0	1	245	3	247	3.39e-180	490
MDA7476166.1	QIZ20660.1	100.000	79	0	0	1	79	1	79	1.08e-50	149
MDA7476167.1	QIZ20659.1	95.714	210	9	0	1	210	1	210	1.77e-149	409
MDA7476168.1	QIZ20658.1	88.931	262	29	0	1	262	1	262	8.18e-170	465
MDA7476169.1	QIZ20657.1	88.750	320	36	0	1	320	1	320	0.0	529
MDA7476170.1	QIZ20656.1	77.049	305	70	0	1	305	1	305	1.31e-160	445
MDA7476171.1	QIZ20655.1	54.054	851	351	5	1	848	1	814	0.0	923
MDA7476172.1	QIZ20654.1	70.868	357	104	0	1	357	1	357	1.69e-166	464
MDA7476173.1	QIZ20653.1	64.491	383	126	3	1	378	1	378	7.98e-173	482
MDA7476174.1	QIZ20652.1	91.753	485	40	0	1	485	1	485	0.0	901
MDA7476175.1	QIZ20651.1	94.118	136	8	0	1	136	1	136	3.87e-82	233
MDA7476176.1	QIZ20650.1	89.062	192	21	0	1	192	1	192	6.18e-116	323
MDA7476177.1	QIZ20649.1	92.398	342	26	0	1	342	1	342	0.0	603
MDA7476178.1	QIZ20648.1	90.808	359	33	0	1	359	1	359	0.0	625
MDA7476179.1	QIZ20647.1	96.364	220	8	0	1	220	5	224	3.43e-140	387
MDA7476180.1	QIZ20646.1	96.296	594	22	0	1	594	1	594	0.0	1183
MDA7476181.1	QIZ20645.1	95.238	273	13	0	1	273	1	273	0.0	531
MDA7476182.1	QIZ20644.1	95.798	119	5	0	1	119	1	119	2.59e-82	232
MDA7476183.1	QIZ20643.1	79.259	135	25	1	1	135	1	132	1.21e-68	199
MDA7476184.1	QIZ20642.1	98.198	444	8	0	1	444	1	444	0.0	909
MDA7476185.1	QIZ20641.1	93.617	141	9	0	1	141	1	141	1.36e-93	262
MDA7476186.1	QIZ20640.1	94.118	136	8	0	10	145	10	145	2.40e-92	260
MDA7476188.1	QIZ20638.1	98.444	257	4	0	1	257	1	257	0.0	513
MDA7476189.1	QIZ20637.1	94.482	598	33	0	1	598	1	598	0.0	1098
MDA7476191.1	QIZ20863.1	41.975	243	133	5	104	342	104	342	3.19e-54	177
MDA7476192.1	QIZ20636.1	87.808	730	89	0	1	730	1	730	0.0	1183
MDA7476193.1	QIZ20635.1	95.110	409	20	0	1	409	1	409	0.0	769
MDA7476194.1	QIZ20634.1	92.267	375	29	0	1	375	1	375	0.0	698
MDA7476195.1	QIZ20633.1	99.541	218	1	0	1	218	1	218	1.25e-166	453
MDA7476196.1	QIZ20632.1	96.454	141	5	0	1	141	1	141	9.53e-100	278
MDA7476197.1	QIZ20631.1	91.875	480	39	0	1	480	1	480	0.0	926
MDA7476198.1	QIZ20630.1	80.247	243	48	0	1	243	1	243	6.96e-141	390
MDA7476199.1	QIZ20629.1	59.277	415	168	1	1	414	1	415	4.12e-168	473
MDA7476200.1	QIZ20628.1	82.921	404	69	0	1	404	1	404	0.0	731
MDA7476201.1	QIZ20627.1	85.256	156	23	0	1	156	1	156	3.50e-98	275
MDA7476202.1	QIZ20626.1	97.959	98	2	0	1	98	1	98	3.61e-67	192
MDA7476203.1	QIZ20625.1	100.000	110	0	0	1	110	1	110	5.67e-78	221
MDA7476205.1	QIZ20624.1	98.077	468	9	0	1	468	1	468	0.0	960
MDA7476206.1	QIZ20623.1	84.277	159	25	0	1	159	1	159	7.77e-90	254
MDA7476207.1	QIZ20622.1	87.119	295	38	0	1	295	1	295	7.02e-180	493
MDA7476208.1	QIZ20621.1	78.808	302	64	0	1	302	1	302	1.12e-172	476
MDA7476209.1	QIZ20620.1	94.898	196	10	0	1	196	1	196	2.23e-126	350
MDA7476210.1	QIZ20619.1	90.323	248	24	0	1	248	1	248	8.45e-136	378
MDA7476211.1	QIZ20618.1	96.988	166	5	0	1	166	1	166	2.13e-118	327
MDA7476212.1	QIZ20617.1	92.593	81	6	0	1	81	1	81	1.05e-53	157
MDA7476213.1	QIZ20616.1	95.886	559	23	0	23	581	23	581	0.0	1046
MDA7476214.1	QIZ20615.1	95.652	115	5	0	1	115	1	115	8.83e-83	233
MDA7476215.1	QIZ20614.1	96.795	156	5	0	1	156	34	189	5.72e-107	299
MDA7476216.1	QIZ20613.1	91.694	301	25	0	1	301	1	301	0.0	581
MDA7476217.1	QIZ20612.1	91.333	150	13	0	1	150	1	150	1.83e-90	255
MDA7476218.1	QIZ20611.1	80.952	84	16	0	1	84	1	84	8.37e-41	125
MDA7476219.1	QIZ20610.1	91.713	181	15	0	1	181	1	181	1.79e-123	341
MDA7476220.1	QIZ20609.1	91.515	330	28	0	1	330	1	330	0.0	624
MDA7476221.1	QIZ20608.1	83.032	277	47	0	1	277	1	277	1.49e-171	471
MDA7476222.1	QIZ20606.1	88.958	480	53	0	1	480	1	480	0.0	904
MDA7476223.1	QIZ20599.1	77.667	300	67	0	1	300	1	300	0.0	501
MDA7476224.1	QIZ20598.1	78.960	404	85	0	1	404	3	406	0.0	688
MDA7476225.1	QIZ20597.1	82.131	291	51	1	1	291	1	290	0.0	497
MDA7476226.1	QIZ20596.1	74.558	283	72	0	3	285	18	300	1.30e-150	419
MDA7476227.1	QIZ20595.1	65.684	373	117	2	1	369	1	366	0.0	504
MDA7476228.1	QIZ20589.1	84.416	154	24	0	1	154	1	154	3.52e-92	265
MDA7476229.1	QIZ20589.1	94.161	137	8	0	1	137	153	289	1.14e-94	270
MDA7476230.1	QIZ20588.1	88.571	280	32	0	1	280	1	280	0.0	520
MDA7476231.1	QIZ20587.1	81.702	235	43	0	1	235	1	235	3.85e-140	388
MDA7476232.1	QIZ20586.1	75.130	193	48	0	1	193	1	193	7.85e-112	313
MDA7476233.1	QIZ20585.1	89.179	268	29	0	1	268	1	268	4.41e-179	489
MDA7476234.1	QIZ20584.1	80.978	184	35	0	6	189	3	186	3.86e-110	308
MDA7476235.1	QIZ20583.1	88.596	114	13	0	1	114	1	114	2.74e-74	211
MDA7476236.1	QIZ20579.1	92.593	108	8	0	1	108	3	110	4.26e-67	193
MDA7476237.1	QIZ20579.1	49.541	109	55	0	1	109	1	109	5.93e-36	114
MDA7476239.1	QIZ20569.1	96.096	333	13	0	1	333	1	333	0.0	651
MDA7476240.1	QIZ20568.1	93.717	191	12	0	1	191	1	191	1.62e-133	367
MDA7476241.1	QIZ20567.1	88.235	136	16	0	1	136	1	136	8.74e-94	263
MDA7476242.1	QIZ20566.1	89.744	156	16	0	1	156	1	156	2.40e-103	288
MDA7476243.1	QIZ20565.1	97.251	291	8	0	1	291	1	291	0.0	578
MDA7476244.1	QIZ20564.1	40.392	255	134	9	1	239	1	253	2.76e-46	150
MDA7476245.1	QIZ20563.1	78.694	291	57	1	13	303	13	298	1.02e-167	464
MDA7476246.1	QIZ20562.1	93.699	492	31	0	1	492	1	492	0.0	961
MDA7476247.1	QIZ20557.1	95.938	320	13	0	1	320	1	320	0.0	629
MDA7476248.1	QIZ20556.1	95.129	349	17	0	1	349	1	349	0.0	669
MDA7476249.1	QIZ20555.1	94.212	501	29	0	1	501	1	501	0.0	964
MDA7476250.1	QIZ20554.1	71.642	201	57	0	1	201	1	201	1.11e-96	275
MDA7476251.1	QIZ20553.1	90.187	428	42	0	1	428	1	428	0.0	791
MDA7476252.1	QIZ20552.1	94.389	303	17	0	1	303	1	303	0.0	579
MDA7476253.1	QIZ20551.1	81.579	380	70	0	1	380	1	380	0.0	659
MDA7476254.1	QIZ20550.1	94.940	336	17	0	1	336	1	336	0.0	630
MDA7476255.1	QIZ20549.1	87.284	637	81	0	1	637	1	637	0.0	1150
MDA7476256.1	QIZ20548.1	96.981	265	8	0	1	265	1	265	0.0	525
MDA7476257.1	QIZ20547.1	92.038	314	24	1	1	313	1	314	0.0	577
MDA7476258.1	QIZ20546.1	97.991	448	9	0	1	448	1	448	0.0	924
MDA7476259.1	QIZ20545.1	95.946	370	15	0	1	370	1	370	0.0	691
MDA7476260.1	QIZ20544.1	94.012	167	10	0	1	167	1	167	2.01e-114	317
MDA7476261.1	QIZ20542.1	50.211	474	233	1	3	473	2	475	2.16e-157	452
MDA7476262.1	QIZ20541.1	87.460	311	39	0	1	311	1	311	0.0	556
MDA7476263.1	QIZ20540.1	92.941	255	18	0	1	255	1	255	4.24e-172	470
MDA7476265.1	QIZ20539.1	97.082	377	11	0	1	377	1	377	0.0	742
MDA7476266.1	QIZ20538.1	100.000	91	0	0	1	91	1	91	2.32e-63	182
MDA7476267.1	QIZ20537.1	64.896	433	152	0	1	433	1	433	0.0	524
MDA7476268.1	QIZ20536.1	88.079	151	18	0	1	151	2	152	4.63e-77	222
MDA7476269.1	QIZ20533.1	85.827	127	18	0	1	127	1	127	3.50e-79	225
MDA7476270.1	QIZ20532.1	89.175	194	21	0	1	194	1	194	8.99e-129	356
MDA7476271.1	QIZ20531.1	96.178	157	6	0	1	157	1	157	1.47e-107	299
MDA7476272.1	QIZ20530.1	98.913	184	2	0	1	184	1	184	7.56e-132	363
MDA7476274.1	QIZ20529.1	96.094	256	10	0	1	256	1	256	0.0	504
MDA7476275.1	QIZ20528.1	98.529	68	1	0	1	68	1	68	1.17e-43	130
MDA7476276.1	QIZ20527.1	95.957	371	15	0	1	371	1	371	0.0	728
MDA7476277.1	QIZ20526.1	97.442	391	10	0	1	391	1	391	0.0	784
MDA7476278.1	QIZ20525.1	95.813	406	17	0	1	406	1	406	0.0	750
MDA7476279.1	QIZ20524.1	92.765	387	28	0	1	387	1	387	0.0	683
MDA7476280.1	QIZ20523.1	93.514	185	12	0	1	185	1	185	4.21e-117	325
MDA7476281.1	QIZ20522.1	89.844	256	26	0	1	256	1	256	4.44e-166	455
MDA7476282.1	QIZ20521.1	89.394	132	14	0	13	144	1	132	8.30e-89	250
MDA7476283.1	QIZ20520.1	90.909	264	24	0	1	264	1	264	0.0	504
MDA7476284.1	QIZ20519.1	98.077	156	3	0	1	156	1	156	2.16e-117	324
MDA7476285.1	QIZ20518.1	99.031	619	6	0	1	619	1	619	0.0	1295
MDA7476286.1	QIZ20517.1	95.690	116	5	0	1	116	1	116	2.99e-81	229
MDA7476288.1	QIZ20516.1	95.265	359	17	0	1	359	1	359	0.0	624
MDA7476289.1	QIZ20514.1	66.201	358	119	1	1	356	1	358	2.40e-162	454
MDA7476290.1	QIZ20513.1	95.103	388	19	0	1	388	1	388	0.0	775
MDA7476291.1	QIZ20512.1	97.872	94	2	0	1	94	1	94	1.96e-63	182
MDA7476292.1	QIZ20511.1	98.653	594	8	0	1	594	1	594	0.0	1217
MDA7476293.1	QIZ20510.1	91.014	434	39	0	1	434	1	434	0.0	820
MDA7476294.1	QIZ20508.1	95.819	861	36	0	1	861	1	861	0.0	1566
MDA7476295.1	QIZ20507.1	99.548	221	1	0	1	221	1	221	9.23e-161	439
MDA7476296.1	QIZ20506.1	88.725	204	23	0	1	204	1	204	3.17e-132	365
MDA7476298.1	QIZ20500.1	94.737	57	3	0	1	57	327	383	7.96e-34	113
MDA7476300.1	QIZ20500.1	95.822	383	16	0	1	383	1	383	0.0	778
MDA7476301.1	QIZ20499.1	92.636	258	19	0	1	258	1	258	8.36e-173	472
MDA7476302.1	QIZ20498.1	93.609	266	17	0	1	266	1	266	1.34e-166	457
MDA7476303.1	QIZ20497.1	96.032	252	10	0	1	252	1	252	7.03e-169	462
MDA7476304.1	QIZ20496.1	98.469	196	3	0	1	196	1	196	2.31e-135	372
MDA7476305.1	QIZ20495.1	95.292	531	25	0	1	531	1	531	0.0	1072
MDA7476306.1	QIZ20489.1	62.637	364	135	1	1	364	1	363	1.14e-168	471
MDA7476307.1	QIZ20488.1	55.825	206	77	2	19	211	15	219	9.20e-71	211
MDA7476308.1	QIZ20487.1	77.904	439	97	0	4	442	2	440	0.0	664
MDA7476309.1	QIZ20485.1	70.309	485	144	0	1	485	1	485	0.0	675
MDA7476310.1	QIZ20484.1	87.903	248	30	0	1	248	1	248	2.74e-166	455
MDA7476311.1	QIZ20483.1	76.168	214	50	1	1	213	2	215	1.18e-113	319
MDA7476313.1	QIZ20482.1	77.143	140	32	0	1	140	1	140	3.10e-81	231
MDA7476314.1	QIZ20481.1	74.208	221	57	0	1	221	1	221	4.13e-122	341
MDA7476315.1	QIZ20480.1	65.294	170	59	0	13	182	13	182	5.03e-80	231
MDA7476319.1	QIZ20479.1	80.000	80	16	0	1	80	1	80	1.02e-46	139
MDA7476320.1	QIZ20478.1	91.224	490	26	2	1	477	1	486	0.0	862
MDA7476321.1	QIZ20477.1	96.059	203	8	0	1	203	1	203	4.04e-149	408
MDA7476322.1	QIZ20476.1	99.526	422	2	0	1	422	1	422	0.0	862
MDA7476323.1	QIZ20475.1	97.985	794	16	0	1	794	1	794	0.0	1575
MDA7476324.1	QIZ20474.1	97.541	122	3	0	1	122	1	122	9.14e-84	236
MDA7476325.1	QIZ20473.1	98.266	173	3	0	1	173	1	173	2.57e-131	360
MDA7476326.1	QIZ20472.1	96.535	202	7	0	1	202	1	202	1.53e-146	401
MDA7476327.1	QIZ20471.1	99.233	391	3	0	1	391	1	391	0.0	804
MDA7476328.1	QIZ20470.1	94.554	202	11	0	1	202	1	202	3.48e-147	403
MDA7476329.1	QIZ20469.1	96.840	443	14	0	1	443	1	443	0.0	891
MDA7476330.1	QIZ20468.1	95.729	679	29	0	1	679	1	679	0.0	1356
MDA7476331.1	QIZ20467.1	96.687	332	11	0	1	332	1	332	0.0	642
MDA7476332.1	QIZ20466.1	98.758	161	2	0	1	161	1	161	1.81e-120	332
MDA7476333.1	QIZ20465.1	95.238	210	10	0	1	210	1	210	6.55e-148	405
MDA7476334.1	QIZ20464.1	92.233	103	8	0	1	103	1	103	1.30e-51	153
MDA7476335.1	QIZ20463.1	94.349	637	36	0	1	637	1	637	0.0	1215
MDA7476336.1	QIZ20462.1	94.366	497	28	0	1	497	1	497	0.0	954
MDA7476337.1	QIZ20461.1	96.391	471	17	0	1	471	1	471	0.0	897
MDA7476338.1	QIZ20460.1	88.770	187	21	0	1	187	1	187	5.29e-115	320
MDA7476339.1	QIZ20459.1	91.129	248	22	0	1	248	1	248	2.84e-150	414
MDA7476340.1	QIZ20458.1	96.370	551	20	0	1	551	1	551	0.0	1107
MDA7476341.1	QIZ20457.1	95.062	81	4	0	1	81	1	81	2.32e-45	136
MDA7476342.1	QIZ20456.1	95.946	444	18	0	1	444	1	444	0.0	872
MDA7476343.1	QIZ20455.1	93.351	376	25	0	1	376	1	376	0.0	655
MDA7476344.1	QIZ20995.1	92.708	96	7	0	1	96	192	287	1.73e-59	179
MDA7476345.1	QIZ20994.1	97.674	86	2	0	1	86	1	86	2.08e-54	159
MDA7476346.1	QIZ20993.1	97.021	470	14	0	1	470	1	470	0.0	923
MDA7476347.1	QIZ20992.1	98.108	370	7	0	1	370	1	370	0.0	726
MDA7476348.1	QIZ20991.1	91.845	233	19	0	1	233	1	233	5.14e-148	407
MDA7476349.1	QIZ20990.1	94.554	404	22	0	1	404	1	404	0.0	763
MDA7476350.1	QIZ20989.1	98.048	461	9	0	1	461	1	461	0.0	916
MDA7476351.1	QIZ20988.1	92.398	171	13	0	1	171	1	171	2.25e-115	320
MDA7476352.1	QIZ20987.1	95.522	67	3	0	1	67	1	67	4.49e-31	99.0
MDA7476353.1	QIZ20986.1	93.578	218	14	0	1	218	1	218	6.84e-155	424
MDA7476354.1	QIZ20985.1	97.872	188	4	0	1	188	1	188	4.03e-140	384
MDA7476355.1	QIZ20984.1	97.175	177	5	0	1	177	1	177	9.08e-124	342
MDA7476356.1	QIZ20983.1	92.453	159	12	0	1	159	1	159	5.90e-96	270
MDA7476357.1	QIZ20982.1	95.455	198	9	0	1	198	1	198	5.24e-137	377
MDA7476358.1	QIZ20981.1	96.303	568	21	0	1	568	1	568	0.0	1102
MDA7476359.1	QIZ20980.1	92.763	304	22	0	1	304	1	304	0.0	507
MDA7476360.1	QIZ20979.1	98.148	108	2	0	1	108	1	108	6.01e-75	213
MDA7476361.1	QIZ20978.1	90.071	141	14	0	1	141	1	141	5.74e-90	253
MDA7476362.1	QIZ20977.1	95.494	799	36	0	1	799	3	801	0.0	1561
MDA7476363.1	QIZ20976.1	91.489	141	12	0	1	141	1	141	2.09e-95	267
MDA7476364.1	QIZ20975.1	93.671	395	25	0	1	395	1	395	0.0	764
MDA7476365.1	QIZ20974.1	98.123	1012	19	0	1	1012	1	1012	0.0	2066
MDA7476366.1	QIZ20973.1	90.780	423	39	0	1	423	1	423	0.0	782
MDA7476367.1	QIZ20972.1	95.593	295	13	0	1	295	1	295	0.0	560
MDA7476368.1	QIZ20971.1	92.500	240	18	0	1	240	1	240	2.67e-155	428
MDA7476369.1	QIZ20970.1	97.704	479	11	0	1	479	1	479	0.0	964
MDA7476370.1	QIZ20969.1	97.868	1501	32	0	1	1501	1	1501	0.0	3044
MDA7476371.1	QIZ20968.1	91.065	291	26	0	1	291	1	291	0.0	526
MDA7476372.1	QIZ20967.1	92.032	251	20	0	1	251	1	251	2.33e-161	443
MDA7476373.1	QIZ20966.1	94.531	384	21	0	1	384	1	384	0.0	720
MDA7476374.1	QIZ20965.1	98.433	638	10	0	1	638	1	638	0.0	1303
MDA7476375.1	QIZ20964.1	99.448	181	1	0	1	181	1	181	5.56e-133	365
MDA7476376.1	QIZ20963.1	98.529	68	1	0	1	68	1	68	1.82e-44	132
MDA7476377.1	QIZ20962.1	98.305	118	2	0	1	118	1	118	1.40e-84	238
MDA7476378.1	QIZ20961.1	94.366	355	20	0	1	355	1	355	0.0	696
MDA7476379.1	QIZ20960.1	83.666	802	131	0	1	802	1	802	0.0	1336
MDA7476380.1	QIZ20959.1	97.993	598	12	0	1	598	4	601	0.0	1201
MDA7476381.1	QIZ20953.1	38.433	268	154	6	2	261	4	268	1.58e-54	173
MDA7476383.1	QIZ20952.1	99.124	685	6	0	1	685	1	685	0.0	1384
MDA7476384.1	QIZ20951.1	91.784	426	35	0	1	426	1	426	0.0	748
MDA7476385.1	QIZ20950.1	96.013	602	24	0	1	602	1	602	0.0	1127
MDA7476386.1	QIZ20949.1	99.074	324	3	0	1	324	1	324	0.0	668
MDA7476387.1	QIZ20948.1	100.000	175	0	0	1	175	1	175	4.07e-131	360
MDA7476388.1	QIZ20947.1	83.721	86	14	0	1	86	10	95	3.02e-48	144
MDA7476389.1	QIZ20946.1	89.130	368	40	0	1	368	1	368	0.0	630
MDA7476390.1	QIZ20945.1	88.824	170	19	0	1	170	1	170	2.89e-108	302
MDA7476392.1	QIZ20944.1	90.273	586	57	0	1	586	1	586	0.0	1040
MDA7476393.1	QIZ20943.1	97.093	172	5	0	1	172	1	172	2.59e-122	337
MDA7476394.1	QIZ20942.1	88.710	310	35	0	1	310	1	310	0.0	562
MDA7476395.1	QIZ20941.1	95.935	246	10	0	1	246	1	246	2.07e-174	475
MDA7476396.1	QIZ20940.1	96.855	159	5	0	1	159	1	159	9.63e-114	315
MDA7476397.1	QIZ20939.1	94.498	309	17	0	1	309	1	309	0.0	609
MDA7476398.1	QIZ21069.1	69.355	62	19	0	1	62	1	62	3.67e-30	96.7
MDA7476399.1	QIZ20937.1	97.135	384	11	0	1	384	1	384	0.0	758
MDA7476400.1	QIZ20936.1	98.545	275	4	0	1	275	1	275	0.0	557
MDA7476401.1	QIZ20935.1	97.758	223	5	0	1	223	1	223	2.70e-162	443
MDA7476402.1	QIZ20934.1	85.069	288	43	0	1	288	1	288	5.95e-174	478
MDA7476403.1	QIZ20933.1	98.208	558	10	0	1	558	1	558	0.0	1121
MDA7476404.1	QIZ20932.1	100.000	83	0	0	1	83	1	83	7.85e-58	167
MDA7476405.1	QIZ20931.1	94.737	114	6	0	1	114	1	114	1.77e-72	207
MDA7476406.1	QIZ20930.1	100.000	54	0	0	1	54	1	54	3.72e-33	103
MDA7476407.1	QIZ20929.1	92.469	239	18	0	1	239	1	239	3.80e-157	431
MDA7476408.1	QIZ20928.1	100.000	65	0	0	10	74	1	65	4.74e-43	129
MDA7476409.1	QIZ20927.1	98.378	185	3	0	1	185	1	185	1.71e-134	369
MDA7476410.1	QIZ20926.1	95.204	417	20	0	1	417	1	417	0.0	794
MDA7476411.1	QIZ20925.1	96.183	131	5	0	1	131	1	131	2.47e-89	251
MDA7476412.1	QIZ20924.1	96.495	428	15	0	1	428	1	428	0.0	820
MDA7476413.1	QIZ20923.1	100.000	71	0	0	1	71	1	71	2.42e-50	147
MDA7476414.1	QIZ21496.1	75.385	65	16	0	3	67	2	66	5.04e-32	101
MDA7476415.1	QIZ20922.1	70.664	467	133	3	1	465	1	465	0.0	653
MDA7476416.1	QIZ20921.1	47.429	350	179	3	1	349	1	346	1.18e-111	325
MDA7476417.1	QIZ20920.1	52.838	229	107	1	1	229	1	228	2.07e-79	233
MDA7476419.1	QIZ20908.1	55.022	229	97	3	1	223	1	229	2.93e-80	236
MDA7476420.1	QIZ20898.1	36.059	477	294	7	3	475	4	473	1.28e-99	303
MDA7476421.1	QIZ20897.1	60.748	107	39	2	1	105	1	106	5.86e-44	134
MDA7476422.1	QIZ20896.1	48.357	426	212	6	1	422	1	422	4.84e-142	407
MDA7476423.1	QIZ20895.1	89.610	308	32	0	1	308	1	308	0.0	589
MDA7476424.1	QIZ20894.1	96.604	265	9	0	1	265	1	265	0.0	509
MDA7476425.1	QIZ20893.1	97.073	410	12	0	1	410	1	410	0.0	824
MDA7476426.1	QIZ20892.1	95.215	209	10	0	1	209	1	209	2.50e-145	399
MDA7476427.1	QIZ20891.1	92.576	229	17	0	1	229	2	230	2.02e-157	431
MDA7476428.1	QIZ20890.1	98.947	95	1	0	1	95	1	95	3.45e-66	189
MDA7476429.1	QIZ20889.1	98.611	576	8	0	1	576	1	576	0.0	1150
MDA7476430.1	QIZ20888.1	96.117	206	8	0	12	217	12	217	5.05e-137	379
MDA7476431.1	QIZ20887.1	92.689	424	31	0	19	442	19	442	0.0	763
MDA7476432.1	QIZ20886.1	96.124	258	10	0	1	258	1	258	0.0	501
MDA7476433.1	QIZ20885.1	80.928	194	37	0	1	194	1	194	1.23e-112	315
MDA7476434.1	QIZ20884.1	96.904	323	10	0	1	323	1	323	0.0	613
MDA7476435.1	QIZ20883.1	97.537	203	5	0	1	203	1	203	2.91e-149	408
MDA7476436.1	QIZ20882.1	96.273	322	12	0	1	322	1	322	0.0	640
MDA7476437.1	QIZ20881.1	95.181	166	8	0	1	166	1	166	3.16e-118	327
MDA7476438.1	QIZ20880.1	95.185	270	13	0	1	270	1	270	2.91e-173	474
MDA7476439.1	QIZ20879.1	95.361	388	18	0	1	388	1	388	0.0	721
MDA7476440.1	QIZ20878.1	95.469	309	14	0	1	309	1	309	0.0	601
MDA7476441.1	QIZ20877.1	87.709	179	22	0	1	179	11	189	1.86e-117	326
MDA7476442.1	QIZ20876.1	89.024	246	27	0	1	246	1	246	2.12e-150	415
MDA7476443.1	QIZ20875.1	94.203	276	16	0	1	276	1	276	0.0	540
MDA7476444.1	QIZ20874.1	95.153	557	27	0	1	557	1	557	0.0	1041
MDA7476445.1	QIZ20873.1	98.095	105	2	0	1	105	1	105	3.60e-70	200
MDA7476446.1	QIZ20872.1	99.507	203	1	0	1	203	1	203	2.23e-149	409
MDA7476447.1	QIZ20871.1	93.973	730	42	1	1	728	4	733	0.0	1436
MDA7476448.1	QIZ20870.1	94.837	368	19	0	1	368	1	368	0.0	717
MDA7476449.1	QIZ20869.1	93.684	855	46	3	1	854	1	848	0.0	1619
MDA7476450.1	QIZ20868.1	91.686	433	36	0	1	433	1	433	0.0	805
MDA7476451.1	QIZ20867.1	90.909	143	13	0	1	143	1	143	1.46e-84	240
MDA7476452.1	QIZ20866.1	95.000	240	12	0	1	240	1	240	3.94e-166	454
MDA7476453.1	QIZ20865.1	96.030	403	16	0	1	403	1	403	0.0	785
MDA7476454.1	QIZ20864.1	99.454	366	2	0	1	366	1	366	0.0	730
MDA7476455.1	QIZ20863.1	98.319	357	6	0	1	357	1	357	0.0	709
MDA7476456.1	QIZ20862.1	92.857	280	20	0	1	280	1	280	0.0	512
MDA7476457.1	QIZ20861.1	91.724	145	11	1	1	145	1	144	4.97e-86	244
MDA7476458.1	QIZ20860.1	92.593	432	32	0	1	432	1	432	0.0	758
MDA7476465.1	QIZ20837.1	29.010	586	365	7	22	581	26	586	2.08e-72	239
MDA7476492.1	QIZ20858.1	31.343	335	205	9	6	334	29	344	5.92e-28	110
MDA7476498.1	QIZ20515.1	62.848	323	119	1	4	325	3	325	9.88e-147	412
MDA7476502.1	QIZ20792.1	100.000	41	0	0	1	41	1	41	1.01e-23	78.6
MDA7476504.1	QIZ20790.1	90.608	362	34	0	1	362	1	362	0.0	658
MDA7476505.1	QIZ20789.1	98.039	102	2	0	1	102	1	102	5.06e-70	200
MDA7476506.1	QIZ20788.1	97.629	464	11	0	1	464	1	464	0.0	909
MDA7476507.1	QIZ20853.1	53.017	232	109	0	1	232	7	238	1.87e-83	244
MDA7476511.1	QIZ21335.1	40.097	414	243	2	1	414	1	409	1.05e-95	288
MDA7476512.1	QIZ21334.1	41.610	584	313	7	1	560	2	581	2.44e-154	450
MDA7476513.1	QIZ21333.1	30.857	525	292	15	6	474	9	518	4.70e-65	214
MDA7476516.1	QIZ21330.1	21.442	541	361	15	24	550	270	760	2.29e-21	94.0
MDA7476523.1	QIZ21320.1	52.500	320	151	1	11	329	11	330	2.05e-116	335
MDA7476527.1	QIZ21343.1	36.508	252	138	5	427	661	497	743	5.69e-41	155
MDA7476530.1	QIZ20216.1	95.268	317	15	0	1	317	2	318	0.0	616
MDA7476532.1	QIZ20215.1	92.414	145	11	0	1	145	1	145	2.22e-101	282
MDA7476534.1	QIZ20214.1	95.918	294	12	0	1	294	1	294	0.0	511
MDA7476535.1	QIZ20213.1	93.785	177	11	0	1	177	1	177	2.17e-110	308
MDA7476537.1	QIZ20212.1	98.148	162	3	0	1	162	1	162	9.56e-121	333
MDA7476538.1	QIZ20211.1	78.351	97	21	0	1	97	1	97	2.81e-55	162
MDA7476539.1	QIZ20210.1	88.783	526	59	0	11	536	11	536	0.0	928
MDA7476540.1	QIZ20208.1	85.606	132	19	0	1	132	1	132	6.82e-78	222
MDA7476541.1	QIZ20206.1	81.797	434	79	0	1	434	1	434	0.0	741
MDA7476542.1	QIZ20205.1	47.876	259	134	1	1	258	16	274	4.28e-59	185
MDA7476543.1	QIZ20204.1	59.062	320	131	0	1	320	1	320	9.00e-149	417
MDA7476544.1	QIZ20199.1	88.571	175	20	0	1	175	1	175	3.25e-109	305
MDA7476545.1	QIZ20198.1	90.547	402	38	0	1	402	1	402	0.0	648
MDA7476546.1	QIZ20197.1	91.259	286	25	0	3	288	4	289	0.0	543
MDA7476547.1	QIZ20196.1	92.965	199	14	0	1	199	1	199	1.65e-141	388
MDA7476548.1	QIZ20192.1	95.210	167	8	0	1	167	1	167	1.38e-118	328
MDA7476549.1	QIZ20191.1	91.304	184	16	0	1	184	1	184	1.55e-127	352
MDA7476550.1	QIZ20190.1	93.593	359	23	0	1	359	1	359	0.0	691
MDA7476552.1	QIZ20185.1	29.889	271	178	4	20	286	26	288	2.14e-24	96.7
MDA7476553.1	QIZ20187.1	30.903	288	186	7	45	326	46	326	6.19e-34	122
MDA7476555.1	QIZ20189.1	40.792	505	276	8	10	504	8	499	6.82e-120	357
MDA7476556.1	QIZ20184.1	89.644	309	32	0	1	309	1	309	0.0	553
MDA7476557.1	QIZ20183.1	95.349	129	6	0	1	129	1	129	2.76e-86	243
MDA7476558.1	QIZ20182.1	98.661	224	3	0	1	224	1	224	1.28e-160	439
MDA7476559.1	QIZ20181.1	98.696	230	3	0	1	230	1	230	5.31e-165	450
MDA7476560.1	QIZ20180.1	98.587	283	4	0	54	336	1	283	0.0	569
MDA7476561.1	QIZ21593.1	97.399	346	9	0	1	346	1	346	0.0	694
MDA7476562.1	QIZ21592.1	94.828	174	9	0	1	174	1	174	9.14e-122	336
MDA7476563.1	QIZ21591.1	96.571	175	6	0	1	175	1	175	4.46e-124	342
MDA7476564.1	QIZ21542.1	57.333	75	32	0	1	75	1	75	1.91e-26	88.2
MDA7476565.1	QIZ21541.1	92.629	814	60	0	1	814	1	814	0.0	1565
MDA7476567.1	QIZ21513.1	42.189	813	460	7	4	809	1	810	0.0	645
MDA7476568.1	QIZ21540.1	87.075	147	19	0	1	147	1	147	4.18e-95	267
MDA7476569.1	QIZ21539.1	80.000	180	36	0	1	180	1	180	7.56e-93	264
MDA7476571.1	QIZ21538.1	85.654	237	34	0	1	237	1	237	7.67e-141	390
MDA7476572.1	QIZ21537.1	93.671	316	20	0	1	316	1	316	0.0	563
MDA7476574.1	QIZ21536.1	71.556	225	64	0	1	225	1	225	1.32e-122	347
MDA7476577.1	QIZ21534.1	49.038	104	52	1	18	121	18	120	8.83e-33	107
MDA7476578.1	QIZ21214.1	27.758	281	192	3	13	290	8	280	6.92e-28	105
MDA7476579.1	QIZ21533.1	78.431	102	22	0	1	102	1	102	1.70e-57	168
MDA7476580.1	QIZ21532.1	89.224	232	25	0	1	232	1	232	5.24e-136	377
MDA7476581.1	QIZ21531.1	89.205	352	38	0	1	352	1	352	0.0	614
MDA7476582.1	QIZ21530.1	84.171	537	80	2	3	538	4	536	0.0	866
MDA7476583.1	QIZ21527.1	76.401	339	80	0	1	339	1	339	0.0	561
MDA7476584.1	QIZ21526.1	87.952	83	10	0	15	97	15	97	5.64e-52	154
MDA7476585.1	QIZ21524.1	87.879	66	8	0	3	68	411	476	3.78e-39	129
MDA7476586.1	QIZ21523.1	97.627	295	7	0	1	295	1	295	0.0	597
MDA7476587.1	QIZ21522.1	72.372	333	92	0	1	333	1	333	0.0	520
MDA7476588.1	QIZ21521.1	88.614	202	23	0	1	202	1	202	4.98e-141	387
MDA7476589.1	QIZ21520.1	97.419	155	4	0	1	155	1	155	1.19e-114	317
MDA7476590.1	QIZ21519.1	95.161	124	6	0	1	124	1	124	6.20e-88	247
MDA7476591.1	QIZ21344.1	63.121	282	103	1	1	281	1	282	5.01e-125	353
MDA7476592.1	QIZ21518.1	72.871	317	86	0	1	317	1	317	3.25e-169	468
MDA7476593.1	QIZ21517.1	70.833	72	21	0	1	72	1	72	6.03e-32	101
MDA7476594.1	QIZ21516.1	96.846	539	17	0	1	539	1	539	0.0	1091
MDA7476595.1	QIZ21515.1	90.221	317	31	0	1	317	1	317	0.0	600
MDA7476596.1	QIZ21514.1	87.550	249	31	0	1	249	1	249	1.09e-162	446
MDA7476597.1	QIZ21513.1	94.691	810	43	0	1	810	1	810	0.0	1587
MDA7476598.1	QIZ21512.1	65.663	166	57	0	1	166	1	166	9.57e-76	219
MDA7476599.1	QIZ21511.1	86.772	189	25	0	1	189	1	189	3.45e-125	346
MDA7476603.1	QIZ21510.1	51.128	133	65	0	1	133	6	138	1.07e-45	141
MDA7476604.1	QIZ21509.1	95.019	261	13	0	1	261	1	261	0.0	503
MDA7476605.1	QIZ21508.1	97.581	124	3	0	1	124	1	124	1.96e-91	256
MDA7476606.1	QIZ21507.1	73.134	134	36	0	1	134	1	134	3.43e-72	208
MDA7476607.1	QIZ21506.1	73.552	397	105	0	1	397	1	397	0.0	647
MDA7476608.1	QIZ21505.1	97.521	242	6	0	1	242	1	242	1.55e-177	483
MDA7476609.1	QIZ21504.1	97.124	452	13	0	1	452	1	452	0.0	920
MDA7476610.1	QIZ21503.1	97.238	181	5	0	1	181	1	181	1.01e-124	344
MDA7476612.1	QIZ21502.1	96.059	203	8	0	1	203	1	203	3.42e-142	390
MDA7476613.1	QIZ21501.1	97.091	550	16	0	1	550	1	550	0.0	1103
MDA7476614.1	QIZ21500.1	95.975	323	13	0	1	323	1	323	0.0	647
MDA7476615.1	QIZ21499.1	93.865	163	10	0	1	163	1	163	1.30e-110	307
MDA7476616.1	QIZ21498.1	93.678	348	22	0	1	348	1	348	0.0	643
MDA7476617.1	QIZ21497.1	96.129	155	6	0	1	155	1	155	2.40e-109	303
MDA7476618.1	QIZ21496.1	100.000	68	0	0	1	68	1	68	2.29e-47	140
MDA7476619.1	QIZ21495.1	90.476	252	24	0	1	252	1	252	2.26e-174	476
MDA7476620.1	QIZ21494.1	78.261	115	25	0	1	115	1	115	5.46e-68	196
MDA7476621.1	QIZ21493.1	82.258	248	44	0	1	248	1	248	8.93e-144	398
MDA7476622.1	QIZ21492.1	56.164	146	64	0	1	146	1	146	5.75e-57	170
MDA7476623.1	QIZ21491.1	81.553	103	19	0	1	103	1	103	2.11e-46	140
MDA7476624.1	QIZ21490.1	94.700	283	15	0	1	283	1	283	0.0	531
MDA7476625.1	QIZ21489.1	88.205	195	23	0	1	195	1	195	3.42e-128	354
MDA7476626.1	QIZ21488.1	96.693	998	33	0	1	998	1	998	0.0	2005
MDA7476627.1	QIZ21487.1	97.727	88	2	0	1	88	1	88	1.06e-64	185
MDA7476628.1	QIZ21486.1	97.129	418	12	0	1	418	1	418	0.0	852
MDA7476629.1	QIZ21485.1	99.109	561	5	0	1	561	1	561	0.0	1142
MDA7476630.1	QIZ21484.1	91.635	263	22	0	1	263	1	263	0.0	497
MDA7476631.1	QIZ21483.1	92.506	387	29	0	1	387	1	387	0.0	739
MDA7476632.1	QIZ21482.1	96.875	64	2	0	1	64	1	64	1.58e-41	125
MDA7476633.1	QIZ21481.1	94.152	342	20	0	1	342	1	342	0.0	647
MDA7476634.1	QIZ21480.1	93.679	443	28	0	1	443	1	443	0.0	876
MDA7476635.1	QIZ21479.1	89.819	717	73	0	1	717	1	717	0.0	1296
MDA7476636.1	QIZ21478.1	88.824	340	38	0	1	340	1	340	0.0	618
MDA7476637.1	QIZ21477.1	72.727	176	48	0	3	178	8	183	2.58e-80	232
MDA7476638.1	QIZ21476.1	77.600	125	27	1	1	125	1	124	7.46e-68	196
MDA7476639.1	QIZ21475.1	69.388	147	45	0	7	153	1	147	1.20e-66	195
MDA7476640.1	QIZ21474.1	92.038	314	25	0	1	314	1	314	0.0	608
MDA7476641.1	QIZ21473.1	93.161	775	53	0	1	775	1	775	0.0	1519
MDA7476642.1	QIZ21472.1	80.702	114	22	0	3	116	2	115	2.35e-65	189
MDA7476643.1	QIZ21471.1	87.783	442	54	0	1	442	1	442	0.0	825
MDA7476644.1	QIZ21470.1	97.546	489	12	0	1	489	1	489	0.0	1011
MDA7476645.1	QIZ21469.1	96.815	314	10	0	1	314	1	314	0.0	627
MDA7476646.1	QIZ21468.1	98.239	284	5	0	1	284	1	284	0.0	571
MDA7476647.1	QIZ21467.1	98.101	474	9	0	1	474	1	474	0.0	968
MDA7476648.1	QIZ21466.1	97.015	67	2	0	13	79	13	79	4.26e-47	142
MDA7476649.1	QIZ21146.1	97.235	217	6	0	1	217	12	228	6.34e-156	427
MDA7476650.1	QIZ21148.1	98.715	467	6	0	1	467	1	467	0.0	955
MDA7476651.1	QIZ21149.1	99.507	203	1	0	1	203	9	211	1.13e-148	407
MDA7476652.1	QIZ21150.1	99.185	368	3	0	1	368	1	368	0.0	746
MDA7476653.1	QIZ21151.1	98.637	587	8	0	1	587	1	587	0.0	1197
MDA7476654.1	QIZ21152.1	97.970	542	11	0	1	542	1	542	0.0	1110
MDA7476655.1	QIZ21153.1	90.310	258	25	0	1	258	1	258	1.41e-177	484
MDA7476656.1	QIZ21154.1	95.122	369	18	0	1	369	1	369	0.0	716
MDA7476657.1	QIZ21155.1	94.895	333	17	0	1	333	1	333	0.0	650
MDA7476658.1	QIZ21156.1	93.701	127	8	0	1	127	1	127	1.96e-84	238
MDA7476659.1	QIZ21157.1	90.741	108	10	0	1	108	1	108	1.20e-58	171
MDA7476660.1	QIZ21158.1	98.475	590	9	0	1	590	1	590	0.0	1220
MDA7476661.1	QIZ21159.1	95.238	231	11	0	1	231	27	257	3.13e-167	457
MDA7476662.1	QIZ21160.1	98.390	497	8	0	1	497	1	497	0.0	1009
MDA7476663.1	QIZ21161.1	99.375	320	2	0	1	320	1	320	0.0	635
MDA7476664.1	QIZ21162.1	94.041	386	23	0	1	386	1	386	0.0	731
MDA7476665.1	QIZ21163.1	97.251	291	8	0	1	291	1	291	0.0	572
MDA7476666.1	QIZ21164.1	89.360	968	102	1	1	967	1	968	0.0	1838
MDA7476667.1	QIZ21165.1	96.000	425	17	0	1	425	1	425	0.0	825
MDA7476668.1	QIZ21166.1	97.639	466	11	0	1	466	1	466	0.0	929
MDA7476669.1	QIZ21167.1	96.160	651	25	0	1	651	1	651	0.0	1285
MDA7476670.1	QIZ21168.1	97.297	185	5	0	1	185	1	185	6.09e-130	358
MDA7476671.1	QIZ21169.1	99.413	511	3	0	1	511	1	511	0.0	1027
MDA7476672.1	QIZ21170.1	99.313	291	2	0	1	291	1	291	0.0	585
MDA7476673.1	QIZ21171.1	99.364	472	3	0	1	472	1	472	0.0	949
MDA7476674.1	QIZ21172.1	98.462	130	2	0	1	130	1	130	3.77e-88	248
MDA7476675.1	QIZ21173.1	96.203	158	6	0	1	158	1	158	1.99e-112	311
MDA7476676.1	QIZ21174.1	98.681	379	5	0	1	379	1	379	0.0	750
MDA7476677.1	QIZ21175.1	96.552	116	4	0	1	116	1	116	5.39e-78	221
MDA7476678.1	QIZ21176.1	95.000	180	9	0	1	180	1	180	6.18e-123	340
MDA7476679.1	QIZ21177.1	93.269	416	28	0	1	416	1	416	0.0	770
MDA7476680.1	QIZ21178.1	97.011	368	11	0	1	368	1	368	0.0	720
MDA7476681.1	QIZ21179.1	98.165	327	6	0	1	327	1	327	0.0	650
MDA7476682.1	QIZ21180.1	100.000	84	0	0	1	84	1	84	2.62e-56	164
MDA7476683.1	QIZ21181.1	96.269	134	5	0	1	134	1	134	4.56e-92	258
MDA7476684.1	QIZ21182.1	93.305	239	16	0	1	239	1	239	1.50e-168	460
MDA7476685.1	QIZ21183.1	97.980	198	4	0	1	198	1	198	3.17e-144	395
MDA7476686.1	QIZ21184.1	98.387	372	6	0	1	372	1	372	0.0	758
MDA7476687.1	QIZ21185.1	96.667	360	12	0	1	360	1	360	0.0	695
MDA7476688.1	QIZ21186.1	96.980	298	9	0	1	298	1	298	0.0	577
MDA7476689.1	QIZ21187.1	89.113	248	27	0	1	248	1	248	9.91e-152	418
MDA7476690.1	QIZ21188.1	96.288	458	17	0	1	458	1	458	0.0	886
MDA7476691.1	QIZ21189.1	98.960	481	5	0	1	481	1	481	0.0	925
MDA7476692.1	QIZ21190.1	96.154	520	20	0	1	520	6	525	0.0	1021
MDA7476693.1	QIZ21191.1	96.571	350	12	0	1	350	1	350	0.0	669
MDA7476694.1	QIZ21192.1	96.262	107	4	0	1	107	1	107	3.69e-70	201
MDA7476695.1	QIZ21193.1	95.652	184	8	0	1	184	1	184	2.61e-125	346
MDA7476696.1	QIZ21194.1	98.282	291	5	0	1	291	1	291	0.0	582
MDA7476697.1	QIZ21195.1	98.271	347	6	0	1	347	1	347	0.0	711
MDA7476698.1	QIZ21196.1	92.347	392	30	0	1	392	1	392	0.0	751
MDA7476699.1	QIZ21197.1	97.861	187	4	0	1	187	1	187	2.20e-135	372
MDA7476700.1	QIZ21198.1	95.628	183	8	0	1	183	1	183	2.77e-122	338
MDA7476701.1	QIZ21199.1	96.117	309	12	0	1	309	1	309	0.0	595
MDA7476702.1	QIZ21200.1	97.511	924	23	0	1	924	1	924	0.0	1829
MDA7476703.1	QIZ21201.1	98.298	235	4	0	1	235	1	235	4.06e-170	464
MDA7476704.1	QIZ21202.1	97.070	512	15	0	1	512	1	512	0.0	981
MDA7476705.1	QIZ21203.1	98.832	428	5	0	1	428	1	428	0.0	871
MDA7476706.1	QIZ21204.1	92.105	152	12	0	1	152	1	152	3.40e-101	283
MDA7476707.1	QIZ21205.1	91.900	321	26	0	1	321	1	321	0.0	580
MDA7476708.1	QIZ21206.1	91.703	229	19	0	1	229	1	229	5.81e-150	412
MDA7476709.1	QIZ21207.1	92.017	238	19	0	1	238	1	238	1.75e-168	460
MDA7476710.1	QIZ21208.1	85.600	125	18	0	4	128	1	125	2.44e-73	210
MDA7476711.1	QIZ21209.1	92.965	199	14	0	1	199	1	199	3.52e-139	382
MDA7476712.1	QIZ21210.1	89.231	1040	112	0	1	1040	1	1040	0.0	1818
MDA7476713.1	QIZ21211.1	85.813	289	41	0	1	289	1	289	0.0	506
MDA7476714.1	QIZ21212.1	88.889	270	30	0	1	270	1	270	0.0	500
MDA7476715.1	QIZ21213.1	93.878	147	9	0	1	147	1	147	3.48e-104	290
MDA7476716.1	QIZ21214.1	67.007	294	97	0	1	294	1	294	7.87e-149	415
MDA7476717.1	QIZ21215.1	92.417	211	16	0	1	211	1	211	5.52e-144	395
MDA7476718.1	QIZ21216.1	91.837	98	8	0	1	98	1	98	1.55e-67	193
MDA7476719.1	QIZ21217.1	96.629	178	6	0	1	178	1	178	4.21e-130	358
MDA7476720.1	QIZ21218.1	99.083	436	4	0	1	436	1	436	0.0	850
MDA7476721.1	QIZ21219.1	93.069	101	7	0	1	101	1	101	8.28e-68	194
MDA7476723.1	QIZ21220.1	95.658	691	30	0	1	691	1	691	0.0	1362
MDA7476724.1	QIZ21221.1	91.018	167	15	0	1	167	1	167	5.46e-100	281
MDA7476725.1	QIZ21223.1	84.014	294	47	0	1	294	1	294	0.0	510
MDA7476727.1	QIZ21225.1	95.556	180	8	0	1	180	1	180	3.18e-119	330
MDA7476728.1	QIZ21226.1	98.261	115	2	0	1	115	1	115	5.03e-80	226
MDA7476729.1	QIZ21227.1	96.667	120	4	0	1	120	1	120	1.18e-84	238
MDA7476730.1	QIZ21228.1	98.511	470	7	0	1	470	1	470	0.0	948
MDA7476731.1	QIZ21229.1	95.672	439	19	0	1	439	1	439	0.0	808
MDA7476732.1	QIZ21230.1	91.331	323	28	0	1	323	1	323	0.0	594
MDA7476733.1	QIZ21231.1	94.690	226	12	0	1	226	1	226	6.58e-159	434
MDA7476734.1	QIZ21232.1	88.837	215	24	0	1	215	1	215	1.27e-137	380
MDA7476735.1	QIZ21233.1	98.684	608	8	0	1	608	1	608	0.0	1221
MDA7476736.1	QIZ21234.1	92.345	614	15	1	1	582	1	614	0.0	1121
MDA7476742.1	QIZ21235.1	98.739	555	6	1	1	554	1	555	0.0	1080
MDA7476743.1	QIZ21236.1	97.917	96	2	0	1	96	1	96	9.13e-64	183
MDA7476744.1	QIZ21237.1	93.015	272	19	0	1	272	1	272	0.0	518
MDA7476745.1	QIZ21238.1	94.754	305	16	0	1	305	1	305	0.0	570
MDA7476746.1	QIZ21239.1	97.127	905	26	0	1	905	1	905	0.0	1823
MDA7476747.1	QIZ21240.1	92.121	165	13	0	1	165	1	165	1.54e-96	272
MDA7476748.1	QIZ21241.1	77.863	131	22	3	1	130	1	125	7.19e-52	157
MDA7476749.1	QIZ21242.1	94.195	379	22	0	1	379	1	379	0.0	669
MDA7476750.1	QIZ21243.1	90.909	187	17	0	1	187	1	187	2.71e-111	311
MDA7476751.1	QIZ21244.1	93.587	421	27	0	1	421	1	421	0.0	797
MDA7476752.1	QIZ21245.1	95.161	62	3	0	1	62	1	62	8.65e-40	120
MDA7476753.1	QIZ21246.1	92.308	286	22	0	1	286	1	286	0.0	532
MDA7476754.1	QIZ21247.1	88.854	314	35	0	1	314	1	314	0.0	564
MDA7476755.1	QIZ21248.1	89.524	420	44	0	1	420	1	420	0.0	712
MDA7476756.1	QIZ21249.1	86.159	578	80	0	1	578	1	578	0.0	1028
MDA7476757.1	QIZ21250.1	92.683	287	21	0	1	287	1	287	0.0	532
MDA7476758.1	QIZ21251.1	97.761	134	3	0	1	134	1	134	1.05e-97	272
MDA7476759.1	QIZ21252.1	98.457	324	5	0	1	324	1	324	0.0	644
MDA7476760.1	QIZ21253.1	95.341	279	13	0	1	279	1	279	0.0	545
MDA7476761.1	QIZ21254.1	85.897	78	11	0	1	78	1	78	6.79e-50	147
MDA7476762.1	QIZ21255.1	88.235	119	14	0	1	119	1	119	2.18e-77	220
MDA7476763.1	QIZ21256.1	95.455	220	10	0	1	220	1	220	1.45e-146	403
MDA7476764.1	QIZ21257.1	90.987	233	21	0	1	233	1	233	1.79e-152	419
MDA7476765.1	QIZ21258.1	89.668	271	28	0	1	271	1	271	1.11e-179	491
MDA7476766.1	QIZ21259.1	97.978	544	11	0	1	544	1	544	0.0	1072
MDA7476767.1	QIZ21260.1	94.389	303	17	0	1	303	1	303	0.0	575
MDA7476768.1	QIZ21262.1	93.258	178	12	0	1	178	1	178	5.57e-127	350
MDA7476769.1	QIZ21263.1	87.786	262	32	0	1	262	1	262	4.05e-165	453
MDA7476770.1	QIZ21264.1	80.184	217	43	0	1	217	1	217	6.64e-117	328
MDA7476771.1	QIZ21265.1	79.258	458	95	0	1	458	1	458	0.0	760
MDA7476772.1	QIZ21266.1	83.851	161	26	0	1	161	1	161	5.23e-103	288
MDA7476773.1	QIZ21267.1	85.816	141	20	0	1	141	1	141	2.15e-86	244
MDA7476774.1	QIZ21010.1	98.056	463	9	0	1	463	1	463	0.0	936
MDA7476775.1	QIZ21011.1	100.000	82	0	0	1	82	1	82	9.37e-56	162
MDA7476776.1	QIZ21012.1	99.180	122	1	0	1	122	1	122	2.78e-86	243
MDA7476777.1	QIZ21013.1	97.151	737	17	2	1	734	1	736	0.0	1436
MDA7476778.1	QIZ21014.1	99.623	530	2	0	1	530	1	530	0.0	1057
MDA7476779.1	QIZ21015.1	97.429	389	10	0	1	389	1	389	0.0	788
MDA7476780.1	QIZ21016.1	90.982	499	45	0	16	514	19	517	0.0	853
MDA7476781.1	QIZ21017.1	91.503	153	13	0	1	153	1	153	4.01e-88	249
MDA7476782.1	QIZ21018.1	98.198	333	6	0	1	333	1	333	0.0	661
MDA7476783.1	QIZ21019.1	94.505	455	25	0	1	455	1	455	0.0	856
MDA7476784.1	QIZ21020.1	100.000	136	0	0	1	136	1	136	1.23e-97	272
MDA7476785.1	QIZ21021.1	92.969	128	9	0	1	128	1	128	5.12e-86	242
MDA7476786.1	QIZ21022.1	87.349	332	42	0	1	332	1	332	0.0	607
MDA7476788.1	QIZ21023.1	93.889	180	11	0	1	180	1	180	1.26e-123	342
MDA7476789.1	QIZ21024.1	85.586	333	48	0	1	333	1	333	0.0	586
MDA7476790.1	QIZ21025.1	82.874	508	87	0	1	508	1	508	0.0	823
MDA7476791.1	QIZ21026.1	90.289	762	73	1	1	762	1	761	0.0	1400
MDA7476792.1	QIZ21027.1	96.447	197	7	0	1	197	1	197	6.39e-137	377
MDA7476793.1	QIZ21028.1	92.334	287	22	0	1	287	1	287	0.0	508
MDA7476794.1	QIZ21029.1	89.556	383	40	0	1	383	1	383	0.0	671
MDA7476795.1	QIZ21030.1	95.000	200	10	0	1	200	1	200	4.05e-129	357
MDA7476796.1	QIZ21031.1	91.469	211	18	0	1	211	1	211	1.32e-137	379
MDA7476797.1	QIZ21032.1	96.764	649	19	1	1	647	1	649	0.0	1253
MDA7476798.1	QIZ21033.1	94.681	376	17	1	1	376	1	373	0.0	702
MDA7476799.1	QIZ21034.1	93.023	258	18	0	1	258	1	258	3.50e-179	488
MDA7476800.1	QIZ21035.1	96.000	200	8	0	18	217	18	217	3.35e-147	404
MDA7476801.1	QIZ21036.1	86.731	309	41	0	1	309	1	309	0.0	556
MDA7476802.1	QIZ21037.1	86.010	193	27	0	1	193	1	193	3.45e-113	316
MDA7476803.1	QIZ21038.1	91.139	158	14	0	1	158	5	162	2.78e-99	278
MDA7476804.1	QIZ21039.1	84.722	216	33	0	1	216	1	216	1.60e-139	385
MDA7476805.1	QIZ21040.1	79.444	180	37	0	1	180	1	180	2.66e-99	280
MDA7476806.1	QIZ21041.1	38.136	354	178	11	1	338	1	329	4.43e-50	166
MDA7476807.1	QIZ21042.1	71.667	180	49	2	1	180	1	178	1.49e-91	261
MDA7476808.1	QIZ21043.1	92.299	844	65	0	1	844	1	844	0.0	1599
MDA7476809.1	QIZ21044.1	55.000	140	61	1	15	154	17	154	9.45e-45	140
MDA7476810.1	QIZ21045.1	80.363	331	65	0	1	331	1	331	0.0	531
MDA7476811.1	QIZ21046.1	88.652	282	32	0	1	282	1	282	0.0	501
MDA7476812.1	QIZ21047.1	92.803	264	19	0	1	264	1	264	0.0	505
MDA7476813.1	QIZ21048.1	84.507	213	33	0	1	213	1	213	3.82e-132	366
MDA7476814.1	QIZ21049.1	94.864	623	32	0	1	623	1	623	0.0	1203
MDA7476815.1	QIZ21050.1	94.131	443	26	0	1	443	1	443	0.0	828
MDA7476816.1	QIZ21051.1	33.425	365	227	7	319	675	199	555	1.35e-49	177
MDA7476817.1	QIZ21052.1	99.526	422	2	0	1	422	1	422	0.0	847
MDA7476820.1	QIZ21055.1	86.486	333	45	0	1	333	1	333	0.0	606
MDA7476821.1	QIZ21056.1	94.891	274	14	0	1	274	1	274	0.0	535
MDA7476822.1	QIZ21057.1	92.308	195	15	0	1	195	1	195	9.57e-131	361
MDA7476823.1	QIZ21058.1	90.943	265	24	0	1	265	1	265	1.32e-179	490
MDA7476824.1	QIZ21059.1	93.220	177	12	0	1	177	1	177	8.73e-116	322
MDA7476825.1	QIZ21060.1	93.722	223	14	0	1	223	1	223	5.42e-156	427
MDA7476826.1	QIZ21061.1	90.714	140	13	0	1	140	1	140	2.49e-92	259
MDA7476827.1	QIZ21062.1	96.429	140	5	0	1	140	1	140	5.94e-96	268
MDA7476828.1	QIZ21063.1	96.954	197	6	0	1	197	1	197	2.48e-139	382
MDA7476829.1	QIZ21064.1	91.329	173	15	0	1	173	1	173	7.50e-101	283
MDA7476830.1	QIZ21065.1	98.681	455	6	0	1	455	1	455	0.0	897
MDA7476831.1	QIZ21066.1	99.415	171	1	0	1	171	1	171	6.65e-123	339
MDA7476832.1	QIZ21067.1	100.000	196	0	0	1	196	1	196	4.14e-147	402
MDA7476833.1	QIZ21068.1	91.827	208	17	0	1	208	1	208	3.82e-141	388
MDA7476834.1	QIZ21070.1	93.305	239	16	0	1	239	1	239	7.70e-166	453
MDA7476835.1	QIZ21071.1	96.414	251	9	0	1	251	1	251	0.0	497
MDA7476836.1	QIZ21072.1	96.040	101	4	0	1	101	1	101	2.59e-67	193
MDA7476837.1	QIZ21073.1	95.041	121	6	0	1	121	1	121	1.30e-83	236
MDA7476838.1	QIZ21074.1	90.419	167	16	0	1	167	1	167	1.63e-113	315
MDA7476839.1	QIZ21075.1	84.783	184	28	0	1	184	1	184	3.83e-113	315
MDA7476840.1	QIZ21076.1	94.540	696	38	0	1	696	1	696	0.0	1258
MDA7476841.1	QIZ21077.1	92.857	364	26	0	1	364	14	377	0.0	660
MDA7476842.1	QIZ21078.1	90.952	210	19	0	2	211	4	213	1.76e-141	389
MDA7476843.1	QIZ21087.1	40.636	283	163	2	1	283	1	278	1.30e-64	200
MDA7476845.1	QIZ21079.1	95.248	505	24	0	7	511	14	518	0.0	949
MDA7476847.1	QIZ21080.1	95.434	219	10	0	1	219	1	219	5.34e-151	414
MDA7476848.1	QIZ21081.1	94.915	118	6	0	1	118	1	118	1.43e-80	228
MDA7476849.1	QIZ21082.1	97.841	602	13	0	1	602	1	602	0.0	1183
MDA7476850.1	QIZ21083.1	100.000	86	0	0	1	86	1	86	4.81e-62	178
MDA7476851.1	QIZ21084.1	93.720	207	13	0	1	207	1	207	2.15e-143	394
MDA7476852.1	QIZ21085.1	95.171	642	31	0	39	680	39	680	0.0	1273
MDA7476853.1	QIZ21086.1	93.431	137	9	0	1	137	1	137	4.17e-95	266
MDA7476854.1	QIZ21088.1	96.639	357	12	0	1	357	1	357	0.0	705
MDA7476855.1	QIZ21089.1	94.463	307	17	0	1	307	1	307	0.0	583
MDA7476856.1	QIZ21090.1	93.966	232	14	0	1	232	1	232	5.68e-163	445
MDA7476857.1	QIZ21091.1	87.812	361	44	0	1	361	1	361	0.0	592
MDA7476858.1	QIZ21092.1	97.917	96	2	0	1	96	1	96	2.42e-63	182
MDA7476859.1	QIZ21093.1	98.221	281	5	0	1	281	1	281	0.0	553
MDA7476860.1	QIZ21094.1	93.333	330	22	0	1	330	21	350	0.0	648
MDA7476861.1	QIZ21095.1	92.287	363	28	0	1	363	1	363	0.0	662
MDA7476862.1	QIZ21096.1	95.339	236	11	0	1	236	1	236	6.45e-168	458
MDA7476863.1	QIZ21097.1	96.768	495	16	0	1	495	1	495	0.0	985
MDA7476864.1	QIZ21099.1	95.000	40	2	0	1	40	1	40	4.61e-23	77.0
MDA7476865.1	QIZ21100.1	89.706	136	14	0	1	136	1	136	6.17e-85	240
MDA7476866.1	QIZ21102.1	84.577	201	31	0	1	201	1	201	6.98e-105	296
MDA7476867.1	QIZ21103.1	90.263	380	37	0	1	380	1	380	0.0	711
MDA7476868.1	QIZ21104.1	100.000	126	0	0	1	126	1	126	7.68e-88	247
MDA7476869.1	QIZ21105.1	96.053	152	6	0	1	152	1	152	1.05e-106	296
MDA7476870.1	QIZ21106.1	90.732	205	19	0	1	205	1	205	5.44e-139	382
MDA7476871.1	QIZ21107.1	98.228	395	7	0	1	395	1	395	0.0	793
MDA7476872.1	QIZ21108.1	72.619	168	46	0	1	168	1	168	3.97e-92	261
MDA7476873.1	QIZ21109.1	96.522	345	12	0	1	345	1	345	0.0	697
MDA7476874.1	QIZ21110.1	96.443	253	9	0	1	253	1	253	1.10e-177	484
MDA7476875.1	QIZ21111.1	99.123	114	1	0	1	114	1	114	1.95e-79	224
MDA7476876.1	QIZ21112.1	95.082	183	9	0	1	183	1	183	1.49e-127	352
MDA7476877.1	QIZ21113.1	100.000	106	0	0	1	106	1	106	1.12e-77	219
MDA7476878.1	QIZ21114.1	97.034	236	7	0	1	236	1	236	8.20e-169	460
MDA7476879.1	QIZ21115.1	93.333	75	5	0	1	75	1	75	1.39e-48	144
MDA7476880.1	QIZ21116.1	94.203	138	8	0	1	138	1	138	6.82e-94	263
MDA7476881.1	QIZ21117.1	95.360	625	29	0	1	625	1	625	0.0	1117
MDA7476882.1	QIZ21118.1	89.595	173	18	0	1	173	1	173	2.04e-114	318
MDA7476883.1	QIZ21119.1	95.238	126	6	0	1	126	1	126	3.46e-75	215
MDA7476884.1	QIZ21120.1	97.041	169	5	0	1	169	1	169	3.39e-120	332
MDA7476885.1	QIZ21122.1	91.645	383	32	0	1	383	1	383	0.0	751
MDA7476886.1	QIZ21123.1	87.565	386	48	0	1	386	1	386	0.0	699
MDA7476887.1	QIZ21124.1	33.492	421	271	6	57	473	41	456	2.23e-74	238
MDA7476890.1	QIZ21125.1	94.006	317	19	0	1	317	1	317	0.0	613
MDA7476891.1	QIZ21126.1	86.420	405	52	1	1	405	1	402	0.0	644
MDA7476892.1	QIZ21273.1	97.727	264	6	0	1	264	1	264	0.0	523
MDA7476893.1	QIZ21274.1	97.619	168	4	0	1	168	1	168	4.73e-113	314
MDA7476894.1	QIZ21275.1	93.855	179	11	0	18	196	1	179	2.23e-120	334
MDA7476895.1	QIZ21276.1	100.000	75	0	0	1	75	1	75	1.79e-46	138
MDA7476896.1	QIZ21277.1	99.590	244	1	0	1	244	1	244	3.20e-176	480
MDA7476897.1	QIZ21278.1	98.901	91	1	0	1	91	1	91	5.42e-62	179
MDA7476898.1	QIZ21279.1	97.783	857	19	0	1	857	1	857	0.0	1676
MDA7476899.1	QIZ21280.1	92.857	196	14	0	1	196	1	196	1.44e-128	355
MDA7476900.1	QIZ21281.1	97.531	162	4	0	1	162	1	162	3.09e-115	319
MDA7476901.1	QIZ21282.1	96.319	326	12	0	1	326	1	326	0.0	628
MDA7476902.1	QIZ21283.1	91.645	383	32	0	1	383	1	383	0.0	704
MDA7476903.1	QIZ21284.1	98.596	356	5	0	1	356	1	356	0.0	725
MDA7476904.1	QIZ21285.1	94.624	186	10	0	1	186	1	186	1.95e-127	352
MDA7476905.1	QIZ21286.1	92.181	243	19	0	1	243	1	243	3.32e-157	432
MDA7476906.1	QIZ21287.1	93.419	547	36	0	15	561	15	561	0.0	1007
MDA7476907.1	QIZ21288.1	89.680	281	29	0	1	281	1	281	2.54e-174	478
MDA7476908.1	QIZ21289.1	93.396	424	28	0	1	424	1	424	0.0	798
MDA7476909.1	QIZ21290.1	97.468	158	4	0	1	158	1	158	1.18e-110	307
MDA7476910.1	QIZ21291.1	93.455	275	18	0	1	275	1	275	0.0	528
MDA7476911.1	QIZ21292.1	96.732	153	5	0	1	153	1	153	1.78e-110	306
MDA7476912.1	QIZ21293.1	98.817	169	2	0	1	169	1	169	2.90e-127	350
MDA7476913.1	QIZ21294.1	99.523	419	2	0	1	419	1	419	0.0	838
MDA7476914.1	QIZ21295.1	91.892	259	21	0	1	259	1	259	3.29e-176	481
MDA7476915.1	QIZ21296.1	97.479	357	9	0	1	357	1	357	0.0	716
MDA7476916.1	QIZ21297.1	96.237	186	7	0	1	186	1	186	2.24e-131	362
MDA7476917.1	QIZ21298.1	88.584	219	23	1	1	217	1	219	2.27e-133	370
MDA7476918.1	QIZ21299.1	98.065	310	6	0	1	310	1	310	0.0	607
MDA7476919.1	QIZ21300.1	93.651	252	16	0	1	252	2	253	8.52e-147	406
MDA7476920.1	QIZ21301.1	91.931	347	28	0	1	347	1	347	0.0	614
MDA7476921.1	QIZ21302.1	93.307	254	17	0	1	254	1	254	8.38e-175	477
MDA7476922.1	QIZ21303.1	92.857	70	5	0	1	70	1	70	1.07e-40	124
MDA7476923.1	QIZ21304.1	93.394	439	29	0	1	439	1	439	0.0	837
MDA7476924.1	QIZ21305.1	96.444	225	8	0	1	225	1	225	1.18e-155	426
MDA7476925.1	QIZ21306.1	98.621	145	2	0	1	145	1	145	1.45e-99	278
MDA7476926.1	QIZ21307.1	88.966	290	32	0	1	290	1	290	0.0	552
MDA7476927.1	QIZ21308.1	99.485	194	1	0	1	194	1	194	1.22e-139	383
MDA7476928.1	QIZ21309.1	97.054	611	18	0	1	611	1	611	0.0	1221
MDA7476929.1	QIZ21310.1	95.035	141	7	0	1	141	1	141	8.20e-93	260
MDA7476930.1	QIZ21312.1	94.000	250	15	0	1	250	1	250	2.24e-172	471
MDA7476931.1	QIZ21313.1	97.234	723	20	0	1	723	1	723	0.0	1461
MDA7476932.1	QIZ21314.1	97.494	399	10	0	1	399	1	399	0.0	804
MDA7476933.1	QIZ21315.1	97.987	149	3	0	1	149	1	149	3.29e-109	303
MDA7476934.1	QIZ21317.1	92.994	314	22	0	1	314	1	314	0.0	612
MDA7476935.1	QIZ21318.1	81.210	314	59	0	1	314	1	314	0.0	514
MDA7476936.1	QIZ21319.1	88.128	219	26	0	1	219	1	219	3.09e-149	409
MDA7476937.1	QIZ21358.1	92.857	350	25	0	1	350	1	350	0.0	657
MDA7476939.1	QIZ21359.1	97.486	1074	27	0	1	1074	1	1074	0.0	2148
MDA7476940.1	QIZ21360.1	97.236	398	11	0	1	398	1	398	0.0	790
MDA7476941.1	QIZ21361.1	98.039	153	3	0	1	153	1	153	7.09e-106	295
MDA7476942.1	QIZ21362.1	98.308	591	10	0	1	591	1	591	0.0	1182
MDA7476943.1	QIZ21363.1	99.012	607	6	0	1	607	1	607	0.0	1219
MDA7476944.1	QIZ21364.1	91.878	197	16	0	1	197	1	197	1.20e-131	363
MDA7476945.1	QIZ21365.1	90.576	191	18	0	1	191	71	261	2.34e-131	365
MDA7476947.1	QIZ20736.1	85.096	208	31	0	1	208	1	208	2.31e-138	381
MDA7476948.1	QIZ20737.1	91.420	338	29	0	1	338	1	338	0.0	612
MDA7476949.1	QIZ20738.1	93.396	106	7	0	1	106	1	106	3.15e-73	208
MDA7476950.1	QIZ20739.1	86.166	253	35	0	1	253	1	253	1.22e-159	439
MDA7476951.1	QIZ20740.1	93.027	631	44	0	2	632	1	631	0.0	1228
MDA7476952.1	QIZ20741.1	86.364	110	15	0	1	110	1	110	2.14e-64	186
MDA7476953.1	QIZ20742.1	93.088	434	30	0	1	434	1	434	0.0	842
MDA7476954.1	QIZ20743.1	84.014	294	47	0	1	294	1	294	0.0	500
MDA7476955.1	QIZ20744.1	91.489	329	28	0	1	329	1	329	0.0	629
MDA7476956.1	QIZ20745.1	87.365	277	35	0	1	277	1	277	0.0	498
MDA7476957.1	QIZ20746.1	95.265	887	42	0	1	887	1	887	0.0	1753
MDA7476958.1	QIZ20747.1	88.372	688	80	0	1	688	1	688	0.0	1205
MDA7476959.1	QIZ20748.1	95.918	294	12	0	1	294	1	294	0.0	599
MDA7476960.1	QIZ20749.1	98.134	268	5	0	1	268	1	268	0.0	519
MDA7476961.1	QIZ20750.1	97.329	337	9	0	1	337	1	337	0.0	664
MDA7476962.1	QIZ20751.1	94.231	208	12	0	1	208	1	208	3.40e-147	403
MDA7476963.1	QIZ20752.1	98.056	360	7	0	1	360	1	360	0.0	731
MDA7476964.1	QIZ20753.1	96.546	637	22	0	1	637	1	637	0.0	1271
MDA7476965.1	QIZ20754.1	94.483	290	16	0	1	290	1	290	0.0	528
MDA7476966.1	QIZ20755.1	90.123	81	8	0	1	81	1	81	6.88e-45	135
MDA7476967.1	QIZ20756.1	93.548	310	20	0	1	310	1	310	0.0	575
MDA7476968.1	QIZ20757.1	97.239	326	9	0	1	326	1	326	0.0	647
MDA7476969.1	QIZ20758.1	98.294	293	5	0	1	293	1	293	0.0	590
MDA7476970.1	QIZ20759.1	98.372	430	7	0	1	430	1	430	0.0	860
MDA7476971.1	QIZ20760.1	98.148	270	5	0	1	270	1	270	0.0	527
MDA7476972.1	QIZ20761.1	95.260	443	21	0	1	443	1	443	0.0	845
MDA7476973.1	QIZ20762.1	94.000	350	21	0	1	350	1	350	0.0	593
MDA7476974.1	QIZ20763.1	98.726	628	8	0	3	630	1	628	0.0	1270
MDA7476975.1	QIZ20764.1	91.453	351	30	0	1	351	1	351	0.0	640
MDA7476976.1	QIZ20765.1	93.519	324	21	0	1	324	1	324	0.0	625
MDA7476977.1	QIZ20766.1	98.742	159	2	0	22	180	1	159	8.48e-117	323
MDA7476978.1	QIZ20767.1	98.430	446	7	0	1	446	1	446	0.0	901
MDA7476979.1	QIZ20768.1	97.189	249	7	0	1	249	21	269	1.50e-176	482
MDA7476980.1	QIZ20769.1	98.551	138	2	0	1	138	1	138	9.97e-97	270
MDA7476981.1	QIZ20770.1	99.107	224	2	0	1	224	1	224	6.99e-163	444
MDA7476982.1	QIZ20771.1	99.390	164	1	0	1	164	1	164	1.13e-120	333
MDA7476983.1	QIZ20772.1	98.340	241	4	0	1	241	1	241	5.12e-177	481
MDA7476984.1	QIZ20773.1	97.388	268	7	0	1	268	1	268	0.0	540
MDA7476985.1	QIZ20774.1	92.308	182	13	1	1	182	1	181	2.66e-118	328
MDA7476986.1	QIZ20775.1	93.919	148	9	0	1	148	1	148	5.64e-98	274
MDA7476987.1	QIZ20776.1	99.065	107	1	0	1	107	1	107	8.64e-68	194
MDA7476988.1	QIZ20777.1	95.399	652	30	0	1	652	1	652	0.0	1294
MDA7476989.1	QIZ20778.1	96.716	335	11	0	1	335	1	335	0.0	665
MDA7476990.1	QIZ20779.1	89.541	392	41	0	1	392	1	392	0.0	706
MDA7476991.1	QIZ20780.1	91.667	336	28	0	1	336	1	336	0.0	644
MDA7476992.1	QIZ20781.1	92.271	207	16	0	1	207	1	207	1.11e-119	334
MDA7476993.1	QIZ20782.1	97.312	186	5	0	1	186	1	186	1.20e-136	375
MDA7476994.1	QIZ20783.1	97.967	246	5	0	1	246	1	246	0.0	492
MDA7476995.1	QIZ20784.1	98.684	76	1	0	1	76	1	76	1.48e-53	156
MDA7476996.1	QIZ20785.1	96.923	195	6	0	1	195	1	195	5.52e-140	384
MDA7476997.1	QIZ20786.1	100.000	64	0	0	1	64	1	64	4.42e-39	119
MDA7476999.1	QIZ20290.1	98.137	161	3	0	1	161	1	161	5.65e-112	321
MDA7477000.1	QIZ20289.1	92.718	206	15	0	1	206	1	206	6.56e-138	380
MDA7477001.1	QIZ20288.1	99.013	304	3	0	1	304	1	304	0.0	618
MDA7477002.1	QIZ20287.1	99.310	145	1	0	1	145	1	145	3.03e-104	290
MDA7477003.1	QIZ20286.1	98.538	342	5	0	1	342	1	342	0.0	682
MDA7477004.1	QIZ20285.1	98.667	150	2	0	1	150	1	150	1.80e-107	298
MDA7477005.1	QIZ20284.1	99.213	127	1	0	1	127	1	127	4.54e-91	255
MDA7477006.1	QIZ20283.1	94.366	213	12	0	1	213	1	213	4.29e-152	416
MDA7477007.1	QIZ20282.1	98.122	426	8	0	1	426	1	426	0.0	833
MDA7477008.1	QIZ20281.1	99.346	153	1	0	1	153	1	153	2.37e-106	296
MDA7477009.1	QIZ20280.1	98.235	170	3	0	1	170	1	170	2.31e-121	335
MDA7477010.1	QIZ20279.1	99.153	118	1	0	1	118	1	118	7.21e-82	231
MDA7477011.1	QIZ20278.1	96.089	179	7	0	1	179	1	179	9.81e-123	339
MDA7477012.1	QIZ20277.1	99.237	131	1	0	1	131	1	131	5.57e-94	263
MDA7477013.1	QIZ20276.1	98.020	101	2	0	1	101	1	101	1.55e-70	201
MDA7477014.1	QIZ20275.1	99.457	184	1	0	1	184	1	184	1.12e-133	367
MDA7477015.1	QIZ20274.1	98.780	82	1	0	1	82	1	82	3.00e-52	153
MDA7477016.1	QIZ20273.1	99.180	122	1	0	1	122	1	122	2.52e-85	240
MDA7477017.1	QIZ20272.1	100.000	78	0	0	1	78	1	78	3.16e-53	155
MDA7477018.1	QIZ20271.1	98.413	63	1	0	1	63	1	63	1.62e-39	120
MDA7477019.1	QIZ20270.1	99.265	136	1	0	1	136	1	136	2.83e-98	274
MDA7477020.1	QIZ20269.1	99.558	226	1	0	1	226	1	226	4.83e-168	457
MDA7477021.1	QIZ20268.1	100.000	132	0	0	1	132	1	132	5.43e-94	263
MDA7477022.1	QIZ20267.1	100.000	97	0	0	1	97	1	97	2.41e-67	192
MDA7477023.1	QIZ20266.1	98.577	281	4	0	1	281	1	281	0.0	568
MDA7477024.1	QIZ20265.1	97.938	97	2	0	1	97	1	97	8.86e-65	186
MDA7477025.1	QIZ20264.1	98.068	207	4	0	1	207	1	207	1.34e-145	399
MDA7477026.1	QIZ20263.1	99.576	236	1	0	1	236	1	236	7.90e-172	468
MDA7477027.1	QIZ20262.1	100.000	102	0	0	1	102	1	102	9.82e-72	204
MDA7477028.1	QIZ20261.1	96.098	692	27	0	1	692	1	692	0.0	1385
MDA7477029.1	QIZ20260.1	100.000	156	0	0	1	156	1	156	4.84e-114	315
MDA7477030.1	QIZ20259.1	100.000	123	0	0	1	123	1	123	2.65e-87	245
MDA7477031.1	QIZ20258.1	98.344	1389	23	0	1	1389	1	1389	0.0	2812
MDA7477032.1	QIZ20257.1	98.533	1363	20	0	1	1363	1	1363	0.0	2749
MDA7477033.1	QIZ20256.1	95.868	121	5	0	1	121	1	121	1.83e-63	185
MDA7477034.1	QIZ20255.1	95.181	166	8	0	1	166	1	166	6.26e-117	323
MDA7477035.1	QIZ20254.1	95.197	229	11	0	1	229	1	229	7.85e-159	434
MDA7477036.1	QIZ20253.1	98.582	141	2	0	1	141	1	141	4.05e-100	279
MDA7477037.1	QIZ20252.1	99.432	176	1	0	1	176	1	176	6.44e-127	350
MDA7477038.1	QIZ20251.1	100.000	63	0	0	1	63	1	63	8.54e-41	123
MDA7477039.1	QIZ20250.1	97.222	396	11	0	1	396	1	396	0.0	788
MDA7477040.1	QIZ20249.1	98.381	247	4	0	1	247	1	247	0.0	499
MDA7477041.1	QIZ20248.1	93.822	259	16	0	1	259	1	259	4.28e-176	481
MDA7477042.1	QIZ20247.1	96.241	133	5	0	1	133	1	133	5.62e-93	260
MDA7477043.1	QIZ20246.1	95.984	249	10	0	1	249	1	249	0.0	493
MDA7477044.1	QIZ20245.1	94.495	218	12	0	1	218	1	218	2.33e-151	416
MDA7477045.1	QIZ20244.1	96.875	256	8	0	1	256	1	256	0.0	525
MDA7477046.1	QIZ20243.1	97.674	430	10	0	1	430	1	430	0.0	866
MDA7477047.1	QIZ20242.1	98.077	260	5	0	1	260	1	260	0.0	512
MDA7477048.1	QIZ20241.1	96.250	80	3	0	1	80	1	80	1.33e-52	154
MDA7477049.1	QIZ20240.1	96.476	227	8	0	1	227	1	227	6.24e-166	452
MDA7477050.1	QIZ20239.1	96.986	730	22	0	1	730	1	730	0.0	1457
MDA7477051.1	QIZ20238.1	96.053	76	3	0	1	76	1	76	4.07e-50	147
MDA7477052.1	QIZ20237.1	93.636	110	7	0	1	110	1	110	1.03e-75	215
MDA7477053.1	QIZ21356.1	34.954	432	257	8	273	685	293	719	4.09e-68	232
MDA7477054.1	QIZ20236.1	97.073	205	6	0	1	205	1	205	2.30e-150	411
MDA7477055.1	QIZ20235.1	94.515	237	13	0	1	237	1	237	2.72e-165	451
MDA7477056.1	QIZ20234.1	96.060	533	21	0	1	533	1	533	0.0	1062
MDA7477057.1	QIZ20233.1	93.157	453	31	0	1	453	1	453	0.0	861
MDA7477058.1	QIZ20232.1	94.286	245	14	0	1	245	1	245	7.29e-177	481
MDA7477059.1	QIZ20231.1	97.790	181	4	0	1	181	279	459	1.65e-131	372
MDA7477060.1	QIZ21400.1	86.920	237	31	0	1	237	75	311	3.81e-124	350
MDA7477061.1	QIZ21401.1	92.339	496	38	0	1	496	1	496	0.0	920
MDA7477062.1	QIZ21401.1	86.792	53	7	0	1	53	536	588	1.99e-29	103
MDA7477063.1	QIZ21402.1	92.308	182	14	0	1	182	1	182	4.07e-122	338
MDA7477064.1	QIZ21403.1	97.640	339	8	0	1	339	1	339	0.0	681
MDA7477065.1	QIZ21404.1	94.231	520	30	0	1	520	1	520	0.0	1018
MDA7477066.1	QIZ21405.1	97.971	345	7	0	1	345	1	345	0.0	681
MDA7477067.1	QIZ21406.1	58.885	287	112	2	1	281	1	287	3.63e-105	308
MDA7477068.1	QIZ21407.1	73.988	173	45	0	1	173	1	173	7.33e-78	225
MDA7477069.1	QIZ21408.1	86.412	655	88	1	1	655	1	654	0.0	1172
MDA7477070.1	QIZ21409.1	94.638	373	20	0	1	373	1	373	0.0	657
MDA7477071.1	QIZ21410.1	96.117	412	16	0	1	412	1	412	0.0	823
MDA7477072.1	QIZ21411.1	94.314	299	17	0	1	299	1	299	0.0	561
MDA7477073.1	QIZ21412.1	94.620	316	17	0	1	316	1	316	0.0	622
MDA7477074.1	QIZ21414.1	96.748	123	4	0	1	123	1	123	1.52e-89	251
MDA7477076.1	QIZ21415.1	89.286	84	9	0	1	84	1	84	1.73e-55	162
MDA7477077.1	QIZ21416.1	96.939	98	3	0	1	98	1	98	8.68e-67	191
MDA7477078.1	QIZ21417.1	95.588	204	9	0	1	204	1	204	1.56e-123	343
MDA7477079.1	QIZ21418.1	95.400	413	19	0	1	413	1	413	0.0	816
MDA7477080.1	QIZ21419.1	95.623	297	13	0	1	297	1	297	0.0	578
MDA7477081.1	QIZ21420.1	94.000	350	21	0	1	350	1	350	0.0	662
MDA7477082.1	QIZ21421.1	96.748	246	8	0	1	246	1	246	8.88e-177	481
MDA7477083.1	QIZ21422.1	95.019	261	13	0	1	261	1	261	0.0	506
MDA7477084.1	QIZ21423.1	96.581	234	8	0	1	234	1	234	6.87e-169	460
MDA7477085.1	QIZ21424.1	88.785	107	12	0	1	107	1	107	5.26e-64	185
MDA7477086.1	QIZ21425.1	87.129	303	39	0	1	303	1	303	0.0	540
MDA7477088.1	QIZ21426.1	94.697	264	14	0	1	264	1	264	0.0	504
MDA7477089.1	QIZ21427.1	96.170	235	9	0	1	235	1	235	3.02e-168	459
MDA7477090.1	QIZ21428.1	95.536	336	15	0	1	336	1	336	0.0	637
MDA7477091.1	QIZ21429.1	94.582	443	24	0	14	456	1	443	0.0	819
MDA7477092.1	QIZ21430.1	93.023	387	27	0	1	387	1	387	0.0	697
MDA7477093.1	QIZ21431.1	86.166	253	35	0	1	253	1	253	9.22e-149	411
MDA7477094.1	QIZ21432.1	94.458	397	19	1	1	394	1	397	0.0	726
MDA7477095.1	QIZ21433.1	50.877	285	140	0	1	285	1	285	3.44e-100	291
MDA7477096.1	QIZ21434.1	92.089	493	39	0	1	493	1	493	0.0	946
MDA7477097.1	QIZ21435.1	77.220	259	59	0	1	259	1	259	2.90e-152	421
MDA7477098.1	QIZ21436.1	95.385	195	9	0	1	195	1	195	3.69e-139	382
MDA7477099.1	QIZ21437.1	94.845	388	20	0	1	388	1	388	0.0	783
MDA7477100.1	QIZ21438.1	83.265	245	41	0	1	245	1	245	1.66e-154	425
MDA7477101.1	QIZ21439.1	81.186	388	73	0	1	388	1	388	0.0	677
MDA7477102.1	QIZ21440.1	97.514	362	9	0	1	362	1	362	0.0	730
MDA7477103.1	QIZ21441.1	95.014	361	18	0	13	373	13	373	0.0	710
MDA7477104.1	QIZ21442.1	84.819	415	63	0	1	415	1	415	0.0	726
MDA7477105.1	QIZ21443.1	96.479	284	10	0	1	284	1	284	0.0	555
MDA7477106.1	QIZ21444.1	94.560	386	21	0	1	386	1	386	0.0	747
MDA7477107.1	QIZ21444.1	92.135	356	28	0	4	359	385	740	0.0	683
MDA7477108.1	QIZ21445.1	93.434	198	13	0	1	198	17	214	6.52e-137	377
MDA7477109.1	QIZ20400.1	94.118	238	14	0	1	238	1	238	3.37e-160	452
MDA7477110.1	QIZ20401.1	94.879	371	19	0	1	371	1	371	0.0	689
MDA7477111.1	QIZ20402.1	99.048	105	1	0	1	105	1	105	2.83e-73	208
MDA7477112.1	QIZ20403.1	96.124	258	10	0	1	258	1	258	0.0	513
MDA7477113.1	QIZ20404.1	97.289	332	9	0	1	332	1	332	0.0	651
MDA7477116.1	QIZ20409.1	98.611	72	1	0	1	72	1	72	8.32e-46	136
MDA7477117.1	QIZ20412.1	94.015	401	24	0	1	401	1	401	0.0	736
MDA7477118.1	QIZ20413.1	98.601	572	8	0	1	572	1	572	0.0	1157
MDA7477119.1	QIZ20414.1	87.500	80	10	0	1	80	796	875	2.53e-42	141
MDA7477120.1	QIZ20414.1	95.816	741	31	0	1	741	1	741	0.0	1469
MDA7477121.1	QIZ20415.1	95.935	123	5	0	1	123	1	123	1.62e-82	233
MDA7477122.1	QIZ20416.1	97.500	240	6	0	1	240	5	244	1.01e-176	481
MDA7477123.1	QIZ20417.1	96.948	426	13	0	1	426	1	426	0.0	833
MDA7477124.1	QIZ20418.1	95.801	381	16	0	1	381	1	381	0.0	682
MDA7477125.1	QIZ20419.1	99.711	346	1	0	1	346	1	346	0.0	712
MDA7477126.1	QIZ20420.1	92.537	469	35	0	1	469	1	469	0.0	721
MDA7477127.1	QIZ20421.1	96.112	463	18	0	1	463	1	463	0.0	832
MDA7477128.1	QIZ20422.1	95.122	451	22	0	1	451	1	451	0.0	841
MDA7477129.1	QIZ20423.1	93.592	593	38	0	1	593	1	593	0.0	1046
MDA7477130.1	QIZ20424.1	93.261	371	25	0	1	371	1	371	0.0	633
MDA7477131.1	QIZ20425.1	94.611	167	9	0	1	167	1	167	1.17e-105	295
MDA7477132.1	QIZ20426.1	75.000	152	38	0	1	152	1	152	1.87e-74	215
MDA7477133.1	QIZ20427.1	73.103	145	39	0	1	145	1	145	6.11e-79	226
MDA7477134.1	QIZ20428.1	86.039	308	43	0	1	308	1	308	0.0	545
MDA7477135.1	QIZ20429.1	100.000	100	0	0	1	100	1	100	6.30e-65	187
MDA7477136.1	QIZ20430.1	96.172	418	16	0	1	418	1	418	0.0	815
MDA7477137.1	QIZ20431.1	97.445	274	7	0	1	274	1	274	0.0	554
MDA7477138.1	QIZ20432.1	97.026	538	16	0	1	538	1	538	0.0	1066
MDA7477139.1	QIZ20433.1	97.000	100	3	0	1	100	1	100	1.17e-65	189
MDA7477140.1	QIZ20434.1	95.935	246	10	0	1	246	1	246	1.64e-176	481
MDA7477141.1	QIZ20435.1	66.385	473	159	0	1	473	1	473	0.0	567
MDA7477142.1	QIZ20436.1	85.124	484	72	0	1	484	1	484	0.0	803
MDA7477143.1	QIZ20437.1	89.005	191	21	0	1	191	1	191	9.99e-125	345
MDA7477144.1	QIZ20438.1	93.636	330	21	0	1	330	1	330	0.0	625
MDA7477145.1	QIZ20439.1	96.198	263	10	0	1	263	1	263	2.14e-180	492
MDA7477146.1	QIZ20440.1	97.778	225	5	0	1	225	1	225	4.71e-163	445
MDA7477147.1	QIZ20441.1	90.987	466	42	0	1	466	1	466	0.0	875
MDA7477148.1	QIZ20442.1	90.981	377	34	0	1	377	1	377	0.0	661
MDA7477149.1	QIZ20443.1	86.207	261	36	0	1	261	1	261	6.16e-143	397
MDA7477150.1	QIZ20444.1	92.692	260	19	0	1	260	1	260	0.0	495
MDA7477151.1	QIZ20445.1	88.037	326	39	0	1	326	1	326	0.0	577
MDA7477152.1	QIZ20446.1	97.260	146	4	0	5	150	1	146	1.63e-106	296
MDA7477153.1	QIZ20447.1	65.680	169	55	1	4	172	8	173	7.18e-60	179
MDA7477155.1	QIZ20360.1	46.087	690	350	12	1	678	7	686	0.0	531
MDA7477157.1	QIZ20362.1	85.993	564	79	0	1	564	1	564	0.0	966
MDA7477158.1	QIZ20363.1	90.159	315	31	0	1	315	1	315	0.0	580
MDA7477159.1	QIZ20364.1	77.879	330	73	0	1	330	1	330	0.0	550
MDA7477160.1	QIZ20365.1	96.774	93	3	0	1	93	1	93	8.59e-63	181
MDA7477161.1	QIZ20366.1	72.781	169	44	1	1	169	1	167	6.88e-83	238
MDA7477162.1	QIZ20367.1	94.615	390	21	0	1	390	1	390	0.0	669
MDA7477163.1	QIZ20368.1	91.765	170	14	0	15	184	1	170	7.02e-117	324
MDA7477164.1	QIZ20369.1	86.873	259	34	0	1	259	1	259	1.78e-168	461
MDA7477165.1	QIZ20370.1	90.551	254	24	0	1	254	1	254	6.31e-165	452
MDA7477166.1	QIZ20371.1	91.618	513	43	0	1	513	1	513	0.0	977
MDA7477167.1	QIZ20372.1	89.677	310	32	0	1	310	1	310	0.0	536
MDA7477169.1	QIZ20844.1	32.447	376	216	10	25	397	27	367	2.51e-29	112
MDA7477171.1	QIZ20359.1	89.836	305	31	0	1	305	1	305	0.0	572
MDA7477174.1	QIZ20357.1	88.966	145	16	0	1	145	1	145	4.81e-98	274
MDA7477175.1	QIZ20356.1	94.565	92	5	0	1	92	4	95	8.17e-61	176
MDA7477176.1	QIZ20355.1	96.441	281	10	0	1	281	1	281	0.0	540
MDA7477177.1	QIZ20354.1	85.667	300	43	0	1	300	1	300	0.0	516
MDA7477178.1	QIZ20353.1	95.814	430	18	0	1	430	1	430	0.0	791
MDA7477179.1	QIZ20352.1	93.151	73	5	0	1	73	1	73	1.47e-45	136
MDA7477180.1	QIZ20351.1	92.647	340	25	0	1	340	1	340	0.0	634
MDA7477181.1	QIZ20350.1	95.973	149	6	0	1	149	1	149	7.44e-107	296
MDA7477182.1	QIZ20349.1	97.386	153	4	0	1	153	1	153	7.68e-110	305
MDA7477183.1	QIZ20348.1	92.515	334	25	0	1	334	1	334	0.0	652
MDA7477185.1	QIZ21134.1	92.487	386	28	1	1	386	1	385	0.0	725
MDA7477186.1	QIZ21135.1	93.299	194	13	0	1	194	2	195	3.27e-140	385
MDA7477187.1	QIZ21136.1	97.130	453	13	0	1	453	1	453	0.0	870
MDA7477188.1	QIZ21137.1	85.843	445	63	0	1	445	1	445	0.0	764
MDA7477189.1	QIZ21138.1	86.441	59	8	0	1	59	1	59	2.29e-33	104
MDA7477190.1	QIZ21139.1	92.742	248	18	0	1	248	1	248	1.58e-157	435
MDA7477191.1	QIZ21139.1	77.419	62	14	0	9	70	232	293	5.02e-26	92.4
MDA7477192.1	QIZ21141.1	75.936	187	45	0	1	187	1	187	2.99e-104	293
MDA7477193.1	QIZ21142.1	96.393	305	11	0	1	305	1	305	0.0	588
MDA7477194.1	QIZ21143.1	91.971	274	22	0	1	274	1	274	1.39e-178	488
MDA7477195.1	QIZ21144.1	96.460	452	16	0	1	452	1	452	0.0	879
MDA7477196.1	QIZ21145.1	100.000	96	0	0	1	96	1	96	4.34e-69	199
MDA7477197.1	QIZ20851.1	30.556	252	153	7	30	277	63	296	9.40e-23	92.0
MDA7477198.1	QIZ20292.1	31.655	278	143	8	1	240	1	269	6.58e-21	85.5
MDA7477203.1	QIZ20846.1	31.890	254	157	5	25	277	25	263	1.67e-28	108
MDA7477204.1	QIZ20795.1	50.592	338	160	4	2	338	3	334	4.77e-113	327
MDA7477205.1	QIZ20793.1	51.172	256	124	1	1	255	37	292	1.26e-85	253
MDA7477206.1	QIZ21397.1	90.747	281	26	0	1	281	1	281	0.0	504
MDA7477207.1	QIZ21396.1	91.803	366	30	0	1	366	1	366	0.0	643
MDA7477208.1	QIZ21395.1	98.540	274	4	0	18	291	1	274	0.0	546
MDA7477209.1	QIZ21388.1	92.698	315	23	0	1	315	1	315	0.0	617
MDA7477212.1	QIZ21387.1	97.186	462	13	0	1	462	1	462	0.0	924
MDA7477213.1	QIZ21386.1	72.632	95	26	0	1	95	389	483	8.52e-37	124
MDA7477214.1	QIZ20379.1	95.862	145	6	0	1	145	1	145	1.32e-97	290
MDA7477215.1	QIZ20378.1	88.636	88	10	0	1	88	1	88	2.80e-43	131
MDA7477216.1	QIZ20377.1	95.402	261	12	0	1	261	1	261	1.07e-162	448
MDA7477217.1	QIZ20376.1	91.195	318	28	0	16	333	16	333	0.0	590
MDA7477218.1	QIZ20375.1	87.302	252	32	0	1	252	1	252	6.02e-149	411
MDA7477219.1	QIZ20374.1	93.995	383	23	0	1	383	1	383	0.0	733
MDA7477220.1	QIZ20373.1	90.083	121	12	0	1	121	1	121	1.71e-77	223
MDA7477221.1	QIZ21384.1	93.796	274	17	0	1	274	291	564	0.0	523
MDA7477222.1	QIZ21383.1	93.630	675	43	0	1	675	1	675	0.0	1279
MDA7477223.1	QIZ21382.1	95.094	265	13	0	18	282	18	282	0.0	506
MDA7477224.1	QIZ21381.1	94.915	295	15	0	1	295	12	306	0.0	547
MDA7477225.1	QIZ20392.1	86.667	60	8	0	3	62	11	70	9.09e-29	100
MDA7477226.1	QIZ20393.1	96.032	252	10	0	1	252	1	252	3.26e-177	483
MDA7477227.1	QIZ20394.1	94.521	73	4	0	1	73	1	73	2.58e-39	120
MDA7477228.1	QIZ20395.1	94.118	68	2	1	1	66	1	68	1.15e-40	123
MDA7477229.1	QIZ20396.1	95.111	225	11	0	9	233	12	236	5.74e-162	443
MDA7477230.1	QIZ20397.1	97.967	246	5	0	1	246	1	246	5.20e-176	479
MDA7477231.1	QIZ20398.1	90.506	316	30	0	1	316	1	316	0.0	573
MDA7477232.1	QIZ20399.1	87.356	87	11	0	1	87	1	87	1.29e-49	147
MDA7477235.1	QIZ20805.1	34.171	398	219	12	192	554	1	390	4.30e-48	167
MDA7477236.1	QIZ20729.1	98.333	120	2	0	1	120	1	120	9.49e-88	246
MDA7477237.1	QIZ20730.1	91.534	189	16	0	1	189	1	189	3.48e-127	351
MDA7477238.1	QIZ20731.1	97.710	131	3	0	1	131	1	131	7.10e-93	260
MDA7477239.1	QIZ20732.1	97.418	426	11	0	1	426	1	426	0.0	850
MDA7477240.1	QIZ20733.1	93.617	94	6	0	1	94	197	290	5.91e-48	150
MDA7477241.1	QIZ20381.1	97.248	218	6	0	1	218	58	275	2.81e-162	444
MDA7477242.1	QIZ20381.1	94.737	57	3	0	1	57	1	57	1.35e-35	116
MDA7477243.1	QIZ20380.1	97.549	204	5	0	1	204	1	204	4.44e-144	395
MDA7477244.1	QIZ20379.1	95.238	441	21	0	1	441	243	683	0.0	829
MDA7477245.1	QIZ21386.1	76.289	97	23	0	1	97	1	97	1.22e-45	148
MDA7477246.1	QIZ21385.1	97.640	678	16	0	1	678	1	678	0.0	1356
MDA7477247.1	QIZ21384.1	91.608	143	12	0	1	143	1	143	1.30e-88	264
MDA7477249.1	QIZ21133.1	90.476	357	34	0	1	357	1	357	0.0	675
MDA7477250.1	QIZ21132.1	95.758	165	7	0	1	165	195	359	7.11e-111	315
