MDC0608161.1	QIZ21186.1	95.909	220	9	0	1	220	1	220	2.53e-154	426
MDC0608162.1	QIZ21185.1	96.667	360	12	0	1	360	1	360	0.0	695
MDC0608163.1	QIZ21184.1	98.387	372	6	0	1	372	1	372	0.0	758
MDC0608164.1	QIZ21183.1	97.980	198	4	0	1	198	1	198	3.17e-144	395
MDC0608165.1	QIZ21182.1	93.305	239	16	0	1	239	1	239	1.50e-168	460
MDC0608166.1	QIZ21181.1	96.269	134	5	0	1	134	1	134	4.56e-92	258
MDC0608167.1	QIZ21180.1	100.000	84	0	0	1	84	1	84	2.62e-56	164
MDC0608168.1	QIZ21179.1	98.165	327	6	0	1	327	1	327	0.0	651
MDC0608169.1	QIZ21178.1	97.283	368	10	0	1	368	1	368	0.0	719
MDC0608170.1	QIZ21177.1	93.750	416	26	0	1	416	1	416	0.0	773
MDC0608171.1	QIZ21176.1	95.000	180	9	0	1	180	1	180	1.55e-122	339
MDC0608172.1	QIZ21175.1	96.552	116	4	0	1	116	1	116	5.82e-78	221
MDC0608173.1	QIZ21174.1	98.153	379	7	0	1	379	1	379	0.0	748
MDC0608174.1	QIZ21173.1	95.570	158	7	0	1	158	1	158	8.30e-112	310
MDC0608175.1	QIZ21172.1	99.231	130	1	0	1	130	1	130	5.11e-89	250
MDC0608176.1	QIZ21171.1	99.576	472	2	0	1	472	1	472	0.0	951
MDC0608177.1	QIZ21170.1	99.313	291	2	0	1	291	1	291	0.0	585
MDC0608178.1	QIZ21169.1	99.413	511	3	0	1	511	1	511	0.0	1027
MDC0608179.1	QIZ21168.1	97.838	185	4	0	1	185	1	185	1.31e-130	360
MDC0608180.1	QIZ21167.1	96.467	651	23	0	1	651	1	651	0.0	1287
MDC0608181.1	QIZ21166.1	97.639	466	11	0	1	466	1	466	0.0	931
MDC0608182.1	QIZ21165.1	96.000	425	17	0	1	425	1	425	0.0	824
MDC0608183.1	QIZ21164.1	89.669	968	99	1	1	967	1	968	0.0	1842
MDC0608184.1	QIZ21163.1	97.251	291	8	0	1	291	1	291	0.0	572
MDC0608185.1	QIZ21162.1	94.041	386	23	0	1	386	1	386	0.0	731
MDC0608186.1	QIZ21161.1	99.060	319	3	0	3	321	2	320	0.0	631
MDC0608188.1	QIZ20487.1	39.130	437	243	7	21	451	21	440	1.31e-94	288
MDC0608190.1	QIZ20489.1	27.711	332	229	6	22	344	9	338	1.86e-37	134
MDC0608191.1	QIZ21483.1	29.427	384	254	6	19	396	8	380	5.37e-48	163
MDC0608192.1	QIZ21160.1	60.765	497	193	2	1	496	1	496	0.0	644
MDC0608194.1	QIZ21159.1	94.372	231	13	0	1	231	27	257	5.19e-166	454
MDC0608195.1	QIZ21158.1	98.814	590	7	0	1	590	1	590	0.0	1224
MDC0608196.1	QIZ21157.1	90.741	108	10	0	1	108	1	108	1.20e-58	171
MDC0608197.1	QIZ21156.1	93.701	127	8	0	1	127	1	127	1.96e-84	238
MDC0608198.1	QIZ21155.1	94.294	333	19	0	1	333	1	333	0.0	647
MDC0608199.1	QIZ21154.1	95.664	369	16	0	1	369	1	369	0.0	718
MDC0608200.1	QIZ21153.1	90.698	258	24	0	1	258	1	258	4.22e-178	486
MDC0608201.1	QIZ21152.1	98.155	542	10	0	1	542	1	542	0.0	1111
MDC0608202.1	QIZ21151.1	98.467	587	9	0	1	587	1	587	0.0	1195
MDC0608203.1	QIZ21150.1	99.185	368	3	0	1	368	1	368	0.0	746
MDC0608204.1	QIZ21149.1	99.015	203	2	0	1	203	9	211	5.76e-148	405
MDC0608205.1	QIZ21148.1	98.715	467	6	0	1	467	1	467	0.0	955
MDC0608206.1	QIZ21146.1	96.491	228	8	0	1	228	1	228	8.32e-165	449
MDC0608207.1	QIZ21145.1	85.417	144	17	1	1	144	1	140	4.27e-70	206
MDC0608208.1	QIZ21144.1	96.460	452	16	0	1	452	1	452	0.0	879
MDC0608209.1	QIZ21143.1	91.971	274	22	0	1	274	1	274	8.33e-178	486
MDC0608210.1	QIZ21142.1	95.738	305	13	0	1	305	1	305	0.0	582
MDC0608211.1	QIZ21141.1	76.471	187	44	0	1	187	1	187	2.15e-105	296
MDC0608212.1	QIZ21139.1	92.833	293	21	0	1	293	1	293	0.0	518
MDC0608213.1	QIZ21138.1	88.136	59	7	0	1	59	1	59	4.56e-34	105
MDC0608214.1	QIZ21137.1	85.843	445	63	0	1	445	1	445	0.0	764
MDC0608215.1	QIZ21136.1	97.130	453	13	0	1	453	1	453	0.0	869
MDC0608216.1	QIZ21135.1	93.299	194	13	0	1	194	2	195	3.27e-140	385
MDC0608217.1	QIZ21134.1	92.487	386	28	1	1	386	1	385	0.0	725
MDC0608220.1	QIZ21133.1	90.196	357	35	0	1	357	1	357	0.0	674
MDC0608221.1	QIZ21132.1	97.493	359	9	0	1	359	1	359	0.0	702
MDC0608222.1	QIZ21131.1	99.645	282	1	0	1	282	1	282	0.0	552
MDC0608223.1	QIZ21130.1	98.951	286	3	0	1	286	1	286	0.0	564
MDC0608224.1	QIZ21129.1	98.043	511	10	0	1	511	1	511	0.0	1036
MDC0608225.1	QIZ21128.1	99.433	353	2	0	1	353	1	353	0.0	708
MDC0608226.1	QIZ21127.1	89.722	360	37	0	1	360	1	360	0.0	626
MDC0608227.1	QIZ21126.1	86.173	405	53	1	1	405	1	402	0.0	642
MDC0608228.1	QIZ21125.1	92.744	317	23	0	1	317	1	317	0.0	609
MDC0608231.1	QIZ21124.1	33.492	421	271	6	57	473	41	456	2.47e-74	238
MDC0608232.1	QIZ21123.1	87.306	386	49	0	1	386	1	386	0.0	698
MDC0608233.1	QIZ21122.1	91.645	383	32	0	1	383	1	383	0.0	751
MDC0608234.1	QIZ21120.1	97.041	169	5	0	1	169	1	169	3.39e-120	332
MDC0608235.1	QIZ21119.1	96.032	126	5	0	1	126	1	126	5.91e-76	217
MDC0608236.1	QIZ21118.1	90.173	173	17	0	1	173	1	173	3.84e-115	320
MDC0608237.1	QIZ21117.1	94.880	625	32	0	1	625	1	625	0.0	1116
MDC0608238.1	QIZ21116.1	94.203	138	8	0	1	138	1	138	1.81e-94	265
MDC0608239.1	QIZ21115.1	93.333	75	5	0	1	75	1	75	1.39e-48	144
MDC0608240.1	QIZ21114.1	97.034	236	7	0	1	236	1	236	8.20e-169	460
MDC0608241.1	QIZ21113.1	100.000	106	0	0	1	106	1	106	1.12e-77	219
MDC0608242.1	QIZ21112.1	95.628	183	8	0	1	183	1	183	8.50e-128	352
MDC0608243.1	QIZ21111.1	99.123	114	1	0	1	114	1	114	1.95e-79	224
MDC0608244.1	QIZ21110.1	96.443	253	9	0	1	253	1	253	1.10e-177	484
MDC0608245.1	QIZ21109.1	96.232	345	13	0	1	345	1	345	0.0	696
MDC0608246.1	QIZ21108.1	72.619	168	46	0	1	168	1	168	3.97e-92	261
MDC0608247.1	QIZ21107.1	97.975	395	8	0	1	395	1	395	0.0	791
MDC0608248.1	QIZ21106.1	91.220	205	18	0	1	205	1	205	1.18e-139	384
MDC0608249.1	QIZ21105.1	96.053	152	6	0	1	152	1	152	1.05e-106	296
MDC0608250.1	QIZ21104.1	100.000	126	0	0	1	126	1	126	7.68e-88	247
MDC0608251.1	QIZ21103.1	90.789	380	35	0	1	380	1	380	0.0	715
MDC0608253.1	QIZ21102.1	83.582	201	33	0	1	201	1	201	7.53e-104	293
MDC0608254.1	QIZ21100.1	88.971	136	15	0	1	136	1	136	1.55e-84	239
MDC0608255.1	QIZ21099.1	95.000	40	2	0	1	40	1	40	4.61e-23	77.0
MDC0608256.1	QIZ21097.1	96.768	495	16	0	1	495	1	495	0.0	985
MDC0608257.1	QIZ21096.1	95.339	236	11	0	1	236	1	236	6.45e-168	458
MDC0608258.1	QIZ21095.1	92.837	363	26	0	1	363	1	363	0.0	665
MDC0608259.1	QIZ21094.1	93.636	330	21	0	1	330	21	350	0.0	649
MDC0608260.1	QIZ21093.1	98.221	281	5	0	1	281	1	281	0.0	553
MDC0608261.1	QIZ21092.1	97.917	96	2	0	1	96	1	96	2.42e-63	182
MDC0608262.1	QIZ21091.1	87.535	361	45	0	1	361	1	361	0.0	593
MDC0608263.1	QIZ21090.1	92.241	232	18	0	1	232	1	232	2.17e-160	439
MDC0608264.1	QIZ21089.1	93.811	307	19	0	1	307	1	307	0.0	578
MDC0608265.1	QIZ21088.1	96.359	357	13	0	1	357	1	357	0.0	703
MDC0608266.1	QIZ21087.1	89.680	281	29	0	1	281	1	281	0.0	514
MDC0608267.1	QIZ21086.1	93.431	137	9	0	1	137	1	137	2.60e-95	266
MDC0608268.1	QIZ21085.1	95.483	642	29	0	40	681	39	680	0.0	1274
MDC0608269.1	QIZ21084.1	94.686	207	11	0	1	207	1	207	1.14e-144	397
MDC0608270.1	QIZ21083.1	98.837	86	1	0	1	86	1	86	1.07e-61	177
MDC0608271.1	QIZ21082.1	96.844	602	19	0	1	602	1	602	0.0	1176
MDC0608272.1	QIZ21081.1	96.610	118	4	0	1	118	1	118	5.43e-81	229
MDC0608273.1	QIZ21080.1	94.521	219	12	0	1	219	1	219	1.16e-149	410
MDC0608275.1	QIZ21079.1	95.248	505	24	0	7	511	14	518	0.0	951
MDC0608277.1	QIZ21078.1	92.019	213	17	0	1	213	1	213	2.94e-146	401
MDC0608278.1	QIZ21077.1	92.308	364	28	0	1	364	14	377	0.0	654
MDC0608279.1	QIZ21076.1	94.253	696	40	0	1	696	1	696	0.0	1252
MDC0608280.1	QIZ21075.1	82.609	184	32	0	1	184	1	184	8.72e-110	307
MDC0608281.1	QIZ21074.1	92.216	167	13	0	1	167	1	167	1.32e-114	318
MDC0608282.1	QIZ21073.1	94.215	121	7	0	1	121	1	121	2.66e-83	235
MDC0608283.1	QIZ21072.1	97.030	101	3	0	1	101	1	101	9.76e-68	194
MDC0608284.1	QIZ21071.1	98.008	251	5	0	1	251	1	251	0.0	503
MDC0608285.1	QIZ21070.1	92.887	239	17	0	1	239	1	239	2.47e-164	449
MDC0608286.1	QIZ21068.1	92.788	208	15	0	1	208	1	208	2.46e-142	391
MDC0608287.1	QIZ21067.1	100.000	196	0	0	1	196	1	196	4.14e-147	402
MDC0608288.1	QIZ21066.1	99.415	171	1	0	1	171	1	171	5.23e-123	339
MDC0608289.1	QIZ21065.1	98.681	455	6	0	1	455	1	455	0.0	897
MDC0608290.1	QIZ21064.1	90.751	173	16	0	1	173	1	173	8.55e-101	283
MDC0608291.1	QIZ21063.1	95.939	197	8	0	1	197	1	197	1.13e-137	379
MDC0608292.1	QIZ21062.1	95.714	140	6	0	1	140	1	140	4.80e-86	243
MDC0608293.1	QIZ21061.1	91.429	140	12	0	1	140	1	140	2.93e-93	261
MDC0608294.1	QIZ21060.1	92.377	223	17	0	1	223	1	223	5.15e-154	422
MDC0608295.1	QIZ21295.1	93.421	76	5	0	1	76	1	76	6.81e-51	155
MDC0608296.1	QIZ21294.1	99.523	419	2	0	1	419	1	419	0.0	838
MDC0608297.1	QIZ21293.1	98.817	169	2	0	1	169	1	169	2.90e-127	350
MDC0608298.1	QIZ21292.1	96.732	153	5	0	1	153	1	153	1.78e-110	306
MDC0608299.1	QIZ21291.1	93.091	275	19	0	1	275	1	275	0.0	528
MDC0608300.1	QIZ21290.1	98.101	158	3	0	1	158	1	158	3.17e-111	308
MDC0608301.1	QIZ21289.1	93.160	424	29	0	1	424	1	424	0.0	796
MDC0608302.1	QIZ21288.1	90.391	281	27	0	1	281	1	281	3.13e-175	480
MDC0608303.1	QIZ21287.1	93.601	547	35	0	15	561	15	561	0.0	1009
MDC0608304.1	QIZ21286.1	92.181	243	19	0	1	243	1	243	5.57e-157	431
MDC0608305.1	QIZ21285.1	96.237	186	7	0	1	186	1	186	3.56e-130	358
MDC0608306.1	QIZ21284.1	99.157	356	3	0	1	356	1	356	0.0	728
MDC0608307.1	QIZ21283.1	92.689	383	28	0	1	383	1	383	0.0	704
MDC0608308.1	QIZ21282.1	96.012	326	13	0	1	326	1	326	0.0	627
MDC0608309.1	QIZ21281.1	97.531	162	4	0	1	162	1	162	3.09e-115	319
MDC0608310.1	QIZ21280.1	94.388	196	11	0	1	196	1	196	6.16e-131	361
MDC0608311.1	QIZ21279.1	94.166	857	50	0	1	857	1	857	0.0	1615
MDC0608312.1	QIZ21278.1	98.901	91	1	0	1	91	1	91	5.42e-62	179
MDC0608313.1	QIZ21277.1	99.590	244	1	0	1	244	1	244	3.20e-176	480
MDC0608314.1	QIZ21276.1	100.000	75	0	0	1	75	1	75	1.79e-46	138
MDC0608315.1	QIZ21275.1	93.296	179	12	0	18	196	1	179	4.35e-120	333
MDC0608316.1	QIZ21274.1	97.619	168	4	0	1	168	1	168	4.73e-113	314
MDC0608317.1	QIZ21273.1	97.732	485	11	0	1	485	1	485	0.0	973
MDC0608318.1	QIZ21272.1	71.731	283	80	0	1	283	1	283	3.74e-136	382
MDC0608319.1	QIZ21271.1	72.676	355	97	0	1	355	1	355	0.0	536
MDC0608320.1	QIZ21270.1	71.987	307	86	0	6	312	5	311	3.83e-148	414
MDC0608321.1	QIZ21269.1	91.720	314	26	0	1	314	1	314	0.0	595
MDC0608322.1	QIZ21268.1	89.441	322	34	0	1	322	1	322	0.0	585
MDC0608323.1	QIZ21267.1	86.525	141	19	0	1	141	1	141	8.00e-87	245
MDC0608324.1	QIZ21266.1	84.472	161	25	0	1	161	1	161	3.16e-103	288
MDC0608325.1	QIZ21265.1	79.039	458	96	0	1	458	1	458	0.0	761
MDC0608326.1	QIZ21264.1	81.106	217	41	0	1	217	1	217	4.64e-119	333
MDC0608327.1	QIZ21263.1	98.473	262	4	0	1	262	1	262	0.0	525
MDC0608328.1	QIZ21262.1	93.258	178	12	0	1	178	1	178	5.57e-127	350
MDC0608329.1	QIZ21260.1	94.719	303	16	0	1	303	1	303	0.0	577
MDC0608330.1	QIZ21259.1	97.794	544	12	0	1	544	1	544	0.0	1071
MDC0608331.1	QIZ21258.1	90.037	271	27	0	1	271	1	271	3.35e-180	492
MDC0608332.1	QIZ21257.1	90.987	233	21	0	1	233	1	233	4.08e-152	418
MDC0608333.1	QIZ21256.1	95.909	220	9	0	1	220	1	220	8.12e-148	406
MDC0608334.1	QIZ21255.1	88.235	119	14	0	1	119	1	119	9.36e-77	218
MDC0608335.1	QIZ21254.1	84.615	78	12	0	1	78	1	78	8.12e-49	144
MDC0608336.1	QIZ21253.1	96.774	279	9	0	1	279	1	279	0.0	553
MDC0608337.1	QIZ21252.1	97.222	324	9	0	1	324	1	324	0.0	637
MDC0608338.1	QIZ21251.1	97.761	134	3	0	1	134	1	134	1.05e-97	272
MDC0608339.1	QIZ21250.1	92.683	287	21	0	1	287	1	287	0.0	535
MDC0608340.1	QIZ21249.1	93.782	579	36	0	1	579	1	579	0.0	1099
MDC0608341.1	QIZ21248.1	92.381	420	32	0	1	420	1	420	0.0	724
MDC0608342.1	QIZ21247.1	90.127	314	31	0	1	314	1	314	0.0	566
MDC0608343.1	QIZ21246.1	90.909	286	26	0	1	286	1	286	0.0	524
MDC0608344.1	QIZ21245.1	98.387	62	1	0	1	62	1	62	1.55e-41	125
MDC0608345.1	QIZ21244.1	92.637	421	31	0	1	421	1	421	0.0	793
MDC0608346.1	QIZ21243.1	90.909	187	17	0	1	187	1	187	5.90e-111	310
MDC0608347.1	QIZ21242.1	94.459	379	21	0	1	379	1	379	0.0	673
MDC0608348.1	QIZ21241.1	77.778	126	22	2	1	126	1	120	3.55e-51	155
MDC0608349.1	QIZ21240.1	90.909	165	15	0	1	165	1	165	1.18e-95	270
MDC0608350.1	QIZ21239.1	96.796	905	29	0	1	905	1	905	0.0	1819
MDC0608351.1	QIZ21238.1	95.082	305	15	0	1	305	1	305	0.0	573
MDC0608352.1	QIZ21237.1	93.750	272	17	0	1	272	1	272	0.0	524
MDC0608353.1	QIZ21236.1	97.917	96	2	0	1	96	1	96	9.13e-64	183
MDC0608354.1	QIZ21235.1	98.559	555	7	1	1	554	1	555	0.0	1078
MDC0608357.1	QIZ21234.1	82.410	614	12	6	1	518	1	614	0.0	951
MDC0608358.1	QIZ21233.1	98.684	608	8	0	1	608	1	608	0.0	1221
MDC0608359.1	QIZ21232.1	88.372	215	25	0	1	215	1	215	1.64e-136	377
MDC0608360.1	QIZ21231.1	92.478	226	17	0	1	226	1	226	4.45e-156	427
MDC0608361.1	QIZ21230.1	91.641	323	27	0	1	323	1	323	0.0	593
MDC0608362.1	QIZ21229.1	95.444	439	20	0	1	439	1	439	0.0	805
MDC0608363.1	QIZ21228.1	98.298	470	8	0	1	470	1	470	0.0	946
MDC0608364.1	QIZ21227.1	96.667	120	4	0	1	120	1	120	1.18e-84	238
MDC0608365.1	QIZ21226.1	99.130	115	1	0	1	115	1	115	4.96e-81	229
MDC0608366.1	QIZ21225.1	93.889	180	11	0	1	180	1	180	5.40e-117	325
MDC0608368.1	QIZ21223.1	85.714	294	42	0	1	294	1	294	0.0	511
MDC0608369.1	QIZ20795.1	28.963	328	198	10	1	297	1	324	3.56e-26	101
MDC0608370.1	QIZ21222.1	85.577	312	45	0	1	312	1	312	0.0	518
MDC0608371.1	QIZ21221.1	92.857	168	12	0	1	168	1	168	1.97e-101	285
MDC0608372.1	QIZ21220.1	95.658	691	30	0	1	691	1	691	0.0	1363
MDC0608374.1	QIZ21219.1	94.059	101	6	0	1	101	1	101	1.54e-68	196
MDC0608375.1	QIZ21218.1	99.312	436	3	0	1	436	1	436	0.0	850
MDC0608376.1	QIZ21217.1	97.727	176	4	0	1	176	3	178	2.01e-129	356
MDC0608377.1	QIZ21216.1	90.816	98	9	0	1	98	1	98	5.72e-67	192
MDC0608378.1	QIZ21215.1	92.417	211	16	0	1	211	1	211	4.89e-144	395
MDC0608379.1	QIZ21214.1	67.007	294	97	0	1	294	1	294	7.87e-149	415
MDC0608380.1	QIZ21213.1	93.197	147	10	0	1	147	1	147	6.44e-104	289
MDC0608381.1	QIZ21212.1	88.519	270	31	0	1	270	1	270	0.0	499
MDC0608382.1	QIZ21211.1	85.467	289	42	0	1	289	1	289	0.0	505
MDC0608383.1	QIZ21210.1	89.135	1040	113	0	1	1040	1	1040	0.0	1817
MDC0608384.1	QIZ21209.1	92.965	199	14	0	1	199	1	199	7.41e-140	384
MDC0608385.1	QIZ21207.1	93.697	238	15	0	1	238	1	238	4.23e-172	469
MDC0608386.1	QIZ21206.1	91.703	229	19	0	1	229	1	229	1.01e-149	412
MDC0608387.1	QIZ21205.1	91.277	321	28	0	1	321	1	321	0.0	576
MDC0608388.1	QIZ21204.1	92.763	152	11	0	1	152	1	152	2.95e-102	285
MDC0608389.1	QIZ21203.1	98.598	428	6	0	1	428	1	428	0.0	870
MDC0608390.1	QIZ21202.1	96.680	512	17	0	1	512	1	512	0.0	980
MDC0608391.1	QIZ21201.1	98.298	235	4	0	1	235	1	235	4.06e-170	464
MDC0608392.1	QIZ21200.1	97.679	517	12	0	1	517	408	924	0.0	1024
MDC0608393.1	QIZ20356.1	94.565	92	5	0	1	92	4	95	8.17e-61	176
MDC0608394.1	QIZ20357.1	86.207	145	20	0	1	145	1	145	3.72e-94	264
MDC0608395.1	QIZ20359.1	64.151	318	101	2	1	318	1	305	8.04e-156	434
MDC0608397.1	QIZ20360.1	83.003	706	120	0	1	706	1	706	0.0	1185
MDC0608398.1	QIZ20361.1	93.023	86	6	0	1	86	1	86	1.21e-52	155
MDC0608399.1	QIZ20362.1	84.929	564	85	0	1	564	1	564	0.0	970
MDC0608400.1	QIZ20363.1	90.159	315	31	0	1	315	1	315	0.0	582
MDC0608401.1	QIZ20364.1	77.879	330	73	0	1	330	1	330	0.0	551
MDC0608402.1	QIZ20365.1	96.774	93	3	0	1	93	1	93	8.59e-63	181
MDC0608403.1	QIZ20366.1	73.373	169	43	1	1	169	1	167	3.20e-84	241
MDC0608404.1	QIZ20367.1	95.385	390	18	0	1	390	1	390	0.0	671
MDC0608405.1	QIZ20368.1	91.765	170	14	0	15	184	1	170	7.02e-117	324
MDC0608406.1	QIZ20369.1	88.417	259	30	0	1	259	1	259	3.22e-171	468
MDC0608407.1	QIZ20370.1	90.945	254	23	0	1	254	1	254	2.25e-164	451
MDC0608408.1	QIZ20371.1	92.788	513	37	0	1	513	1	513	0.0	988
MDC0608409.1	QIZ20372.1	89.032	310	34	0	1	310	1	310	0.0	533
MDC0608410.1	QIZ20373.1	91.133	203	18	0	1	203	1	203	3.01e-124	345
MDC0608411.1	QIZ20374.1	94.517	383	21	0	1	383	1	383	0.0	733
MDC0608412.1	QIZ20375.1	88.492	252	29	0	1	252	1	252	8.47e-152	419
MDC0608413.1	QIZ20376.1	91.509	318	27	0	16	333	16	333	0.0	591
MDC0608414.1	QIZ20377.1	95.904	293	12	0	1	293	1	293	0.0	509
MDC0608415.1	QIZ20378.1	89.773	88	9	0	1	88	1	88	2.96e-44	134
MDC0608416.1	QIZ20379.1	95.582	679	30	0	5	683	5	683	0.0	1278
MDC0608417.1	QIZ20380.1	97.059	204	6	0	1	204	1	204	3.27e-143	393
MDC0608418.1	QIZ20381.1	96.364	275	10	0	1	275	1	275	0.0	559
MDC0608419.1	QIZ20382.1	94.054	370	22	0	1	370	1	370	0.0	726
MDC0608420.1	QIZ20383.1	96.739	184	6	0	1	184	1	184	6.48e-133	365
MDC0608421.1	QIZ20384.1	95.122	164	8	0	1	164	1	164	2.20e-113	314
MDC0608422.1	QIZ20385.1	97.527	849	21	0	1	849	1	849	0.0	1662
MDC0608423.1	QIZ20386.1	98.039	153	2	1	1	152	1	153	2.11e-109	303
MDC0608424.1	QIZ20387.1	98.853	959	11	0	1	959	1	959	0.0	1939
MDC0608425.1	QIZ20388.1	96.447	197	7	0	1	197	1	197	2.98e-141	387
MDC0608426.1	QIZ20389.1	95.254	295	14	0	1	295	1	295	0.0	555
MDC0608427.1	QIZ20390.1	93.810	517	32	0	1	517	1	517	0.0	975
MDC0608428.1	QIZ20391.1	98.936	94	1	0	1	94	1	94	1.03e-63	183
MDC0608429.1	QIZ20392.1	92.840	419	30	0	1	419	1	419	0.0	808
MDC0608430.1	QIZ20393.1	96.032	252	10	0	1	252	1	252	3.26e-177	483
MDC0608431.1	QIZ20394.1	93.151	73	5	0	1	73	1	73	6.07e-39	119
MDC0608432.1	QIZ20395.1	94.118	68	2	1	1	66	1	68	1.15e-40	123
MDC0608433.1	QIZ20396.1	95.556	225	10	0	9	233	12	236	1.21e-162	445
MDC0608434.1	QIZ20397.1	97.967	246	5	0	1	246	1	246	3.31e-176	480
MDC0608435.1	QIZ20398.1	90.506	316	30	0	1	316	1	316	0.0	572
MDC0608436.1	QIZ20399.1	88.506	87	10	0	1	87	1	87	2.16e-50	149
MDC0608437.1	QIZ20400.1	94.627	577	31	0	1	577	1	577	0.0	1111
MDC0608438.1	QIZ20401.1	95.148	371	18	0	1	371	1	371	0.0	692
MDC0608439.1	QIZ20402.1	99.048	105	1	0	1	105	1	105	2.83e-73	208
MDC0608440.1	QIZ20403.1	96.512	258	9	0	1	258	1	258	0.0	514
MDC0608441.1	QIZ20404.1	96.988	332	10	0	1	332	1	332	0.0	653
MDC0608444.1	QIZ20409.1	98.611	72	1	0	1	72	1	72	6.76e-46	137
MDC0608445.1	QIZ20412.1	94.264	401	23	0	1	401	1	401	0.0	739
MDC0608446.1	QIZ20413.1	98.951	572	6	0	1	572	1	572	0.0	1161
MDC0608447.1	QIZ20414.1	94.629	875	47	0	1	875	1	875	0.0	1706
MDC0608448.1	QIZ20415.1	95.935	123	5	0	1	123	1	123	6.79e-83	234
MDC0608449.1	QIZ20416.1	96.667	240	8	0	1	240	5	244	1.48e-175	478
MDC0608450.1	QIZ20417.1	96.714	426	14	0	1	426	1	426	0.0	830
MDC0608451.1	QIZ20418.1	96.325	381	14	0	1	381	1	381	0.0	733
MDC0608452.1	QIZ20419.1	97.399	346	9	0	1	346	1	346	0.0	704
MDC0608453.1	QIZ20420.1	93.177	469	32	0	1	469	1	469	0.0	726
MDC0608454.1	QIZ20421.1	95.896	463	19	0	1	463	1	463	0.0	830
MDC0608455.1	QIZ20422.1	95.344	451	21	0	1	451	1	451	0.0	844
MDC0608456.1	QIZ20423.1	87.755	98	12	0	1	98	496	593	1.50e-51	166
MDC0608459.1	QIZ20844.1	31.169	385	238	11	1	377	1	366	4.93e-43	149
MDC0608460.1	QIZ20851.1	29.538	325	211	5	6	323	3	316	3.63e-34	123
MDC0608464.1	QIZ20492.1	31.008	258	163	3	3	257	1	246	1.11e-36	126
MDC0608472.1	QIZ20846.1	40.909	242	129	6	28	259	28	265	9.90e-43	145
MDC0608473.1	QIZ20852.1	31.613	310	197	9	2	301	3	307	1.37e-28	108
MDC0608479.1	QIZ20860.1	92.824	432	31	0	1	432	1	432	0.0	759
MDC0608480.1	QIZ20861.1	91.034	145	12	1	1	145	1	144	4.60e-86	245
MDC0608481.1	QIZ20862.1	92.857	280	20	0	1	280	1	280	0.0	514
MDC0608482.1	QIZ20863.1	97.759	357	8	0	1	357	1	357	0.0	709
MDC0608483.1	QIZ20864.1	99.454	366	2	0	1	366	1	366	0.0	731
MDC0608484.1	QIZ20865.1	97.022	403	12	0	1	403	1	403	0.0	790
MDC0608485.1	QIZ20866.1	94.583	240	13	0	1	240	1	240	2.52e-166	454
MDC0608486.1	QIZ20867.1	88.811	143	16	0	1	143	1	143	3.36e-83	236
MDC0608487.1	QIZ20868.1	90.762	433	40	0	1	433	1	433	0.0	801
MDC0608488.1	QIZ20869.1	93.684	855	46	3	1	854	1	848	0.0	1620
MDC0608489.1	QIZ20870.1	95.109	368	18	0	1	368	1	368	0.0	720
MDC0608490.1	QIZ20871.1	93.973	730	42	1	1	728	4	733	0.0	1434
MDC0608491.1	QIZ20872.1	99.507	203	1	0	1	203	1	203	2.23e-149	409
MDC0608492.1	QIZ20873.1	98.095	105	2	0	1	105	1	105	3.60e-70	200
MDC0608493.1	QIZ20874.1	94.614	557	30	0	1	557	1	557	0.0	1033
MDC0608494.1	QIZ20875.1	94.565	276	15	0	1	276	1	276	0.0	544
MDC0608495.1	QIZ20876.1	89.431	246	26	0	1	246	1	246	3.78e-151	417
MDC0608496.1	QIZ20877.1	88.268	179	21	0	1	179	11	189	1.97e-118	329
MDC0608497.1	QIZ20878.1	95.793	309	13	0	1	309	1	309	0.0	602
MDC0608498.1	QIZ20879.1	95.876	388	16	0	1	388	1	388	0.0	722
MDC0608499.1	QIZ20880.1	92.222	270	21	0	1	270	1	270	9.82e-168	461
MDC0608500.1	QIZ20881.1	95.181	166	8	0	1	166	1	166	3.16e-118	327
MDC0608501.1	QIZ20882.1	96.273	322	12	0	1	322	1	322	0.0	640
MDC0608502.1	QIZ20883.1	97.537	203	5	0	1	203	1	203	2.91e-149	408
MDC0608503.1	QIZ20884.1	96.904	323	10	0	1	323	1	323	0.0	613
MDC0608504.1	QIZ20885.1	89.691	194	20	0	1	194	1	194	3.92e-122	339
MDC0608505.1	QIZ20886.1	96.899	258	8	0	1	258	1	258	0.0	502
MDC0608506.1	QIZ20887.1	92.453	424	32	0	19	442	19	442	0.0	761
MDC0608507.1	QIZ20888.1	96.774	217	7	0	1	217	1	217	8.00e-153	418
MDC0608508.1	QIZ20889.1	100.000	77	0	0	1	77	1	77	4.68e-48	155
MDC0608509.1	QIZ20198.1	99.091	110	1	0	1	110	1	110	1.19e-68	207
MDC0608510.1	QIZ20197.1	90.559	286	27	0	3	288	4	289	0.0	539
MDC0608511.1	QIZ20196.1	94.472	199	11	0	1	199	1	199	1.29e-143	394
MDC0608512.1	QIZ20192.1	95.808	167	7	0	1	167	1	167	5.53e-119	329
MDC0608513.1	QIZ20191.1	91.848	184	15	0	1	184	1	184	1.89e-128	354
MDC0608514.1	QIZ20190.1	94.722	360	19	0	1	360	1	360	0.0	704
MDC0608515.1	QIZ20189.1	98.200	500	9	0	1	500	1	500	0.0	974
MDC0608516.1	QIZ20188.1	98.077	156	3	0	1	156	1	156	3.64e-109	303
MDC0608517.1	QIZ20187.1	97.546	326	8	0	1	326	1	326	0.0	647
MDC0608518.1	QIZ20185.1	77.528	356	80	0	3	358	2	357	2.43e-179	497
MDC0608519.1	QIZ20184.1	89.355	310	33	0	1	310	1	310	0.0	551
MDC0608520.1	QIZ20183.1	96.124	129	5	0	1	129	1	129	6.00e-87	244
MDC0608521.1	QIZ20182.1	98.661	224	3	0	1	224	1	224	1.28e-160	439
MDC0608522.1	QIZ20181.1	98.696	230	3	0	1	230	1	230	5.31e-165	450
MDC0608523.1	QIZ20180.1	98.587	283	4	0	1	283	1	283	0.0	569
MDC0608524.1	QIZ21593.1	97.977	346	7	0	1	346	1	346	0.0	696
MDC0608525.1	QIZ21592.1	94.828	174	9	0	1	174	1	174	5.28e-122	337
MDC0608526.1	QIZ21591.1	96.571	175	6	0	1	175	1	175	4.46e-124	342
MDC0608528.1	QIZ21542.1	54.667	75	34	0	1	75	1	75	1.02e-25	86.3
MDC0608529.1	QIZ21541.1	92.752	814	59	0	1	814	1	814	0.0	1564
MDC0608531.1	QIZ21513.1	41.943	813	462	7	4	809	1	810	0.0	641
MDC0608532.1	QIZ21540.1	85.714	147	21	0	1	147	1	147	8.63e-94	263
MDC0608533.1	QIZ21539.1	79.429	175	36	0	1	175	6	180	1.24e-89	255
MDC0608535.1	QIZ21538.1	85.654	237	34	0	1	237	1	237	1.16e-139	387
MDC0608536.1	QIZ21537.1	92.722	316	23	0	1	316	1	316	0.0	562
MDC0608538.1	QIZ21536.1	71.556	225	64	0	1	225	1	225	4.97e-122	346
MDC0608540.1	QIZ21534.1	49.038	104	52	1	18	121	18	120	7.58e-33	107
MDC0608541.1	QIZ21214.1	27.758	281	192	3	13	290	8	280	6.78e-28	105
MDC0608542.1	QIZ21533.1	78.431	102	22	0	1	102	1	102	1.53e-57	168
MDC0608543.1	QIZ21532.1	88.793	232	26	0	1	232	1	232	2.25e-135	375
MDC0608544.1	QIZ21531.1	89.489	352	37	0	1	352	1	352	0.0	618
MDC0608545.1	QIZ21530.1	84.544	537	78	2	3	538	4	536	0.0	872
MDC0608546.1	QIZ21527.1	76.401	339	80	0	1	339	1	339	0.0	562
MDC0608547.1	QIZ21526.1	89.157	83	9	0	15	97	15	97	2.22e-52	155
MDC0608548.1	QIZ21525.1	98.118	425	7	1	1	424	1	425	0.0	868
MDC0608550.1	QIZ21524.1	90.126	476	47	0	1	476	1	476	0.0	896
MDC0608551.1	QIZ21523.1	97.288	295	8	0	1	295	1	295	0.0	596
MDC0608552.1	QIZ21522.1	72.673	333	91	0	1	333	1	333	0.0	522
MDC0608553.1	QIZ21521.1	88.614	202	23	0	1	202	1	202	4.98e-141	387
MDC0608554.1	QIZ21520.1	96.774	155	5	0	1	155	1	155	4.69e-114	315
MDC0608555.1	QIZ21519.1	99.194	124	1	0	1	124	1	124	7.80e-92	256
MDC0608556.1	QIZ21344.1	62.766	282	105	0	1	282	1	282	1.06e-126	358
MDC0608557.1	QIZ21516.1	97.032	539	16	0	1	539	1	539	0.0	1092
MDC0608558.1	QIZ21515.1	89.905	317	32	0	1	317	1	317	0.0	600
MDC0608559.1	QIZ21514.1	87.952	249	30	0	1	249	1	249	2.84e-163	447
MDC0608560.1	QIZ21513.1	94.444	810	45	0	1	810	1	810	0.0	1580
MDC0608561.1	QIZ21512.1	65.060	166	58	0	1	166	1	166	1.06e-75	219
MDC0608562.1	QIZ21511.1	87.302	189	24	0	1	189	1	189	7.52e-126	348
MDC0608566.1	QIZ21510.1	51.128	133	65	0	1	133	6	138	1.67e-46	144
MDC0608567.1	QIZ21509.1	95.785	261	11	0	1	261	1	261	0.0	506
MDC0608568.1	QIZ21508.1	97.581	124	3	0	1	124	1	124	1.96e-91	256
MDC0608569.1	QIZ21507.1	73.881	134	35	0	1	134	1	134	2.64e-73	211
MDC0608570.1	QIZ21506.1	74.055	397	103	0	1	397	1	397	0.0	650
MDC0608571.1	QIZ21505.1	98.760	242	3	0	1	242	1	242	2.80e-179	487
MDC0608572.1	QIZ21504.1	97.512	402	10	0	1	402	1	402	0.0	822
MDC0608573.1	QIZ20266.1	98.830	171	2	0	1	171	111	281	1.36e-121	340
MDC0608574.1	QIZ20267.1	100.000	97	0	0	1	97	1	97	2.41e-67	192
MDC0608575.1	QIZ20268.1	100.000	132	0	0	1	132	1	132	5.43e-94	263
MDC0608576.1	QIZ20269.1	99.558	226	1	0	1	226	1	226	4.83e-168	457
MDC0608577.1	QIZ20270.1	99.265	136	1	0	1	136	1	136	2.83e-98	274
MDC0608578.1	QIZ20271.1	98.413	63	1	0	1	63	1	63	1.62e-39	120
MDC0608579.1	QIZ20272.1	100.000	78	0	0	1	78	1	78	3.16e-53	155
MDC0608580.1	QIZ20273.1	99.180	122	1	0	1	122	1	122	2.52e-85	240
MDC0608581.1	QIZ20274.1	98.780	82	1	0	1	82	1	82	3.00e-52	153
MDC0608582.1	QIZ20275.1	99.457	184	1	0	1	184	1	184	1.12e-133	367
MDC0608583.1	QIZ20276.1	98.020	101	2	0	1	101	1	101	1.55e-70	201
MDC0608584.1	QIZ20277.1	99.237	131	1	0	1	131	1	131	5.57e-94	263
MDC0608585.1	QIZ20278.1	96.089	179	7	0	1	179	1	179	9.81e-123	339
MDC0608586.1	QIZ20279.1	99.153	118	1	0	1	118	1	118	7.21e-82	231
MDC0608587.1	QIZ20280.1	98.235	170	3	0	1	170	1	170	2.31e-121	335
MDC0608588.1	QIZ20281.1	98.693	153	2	0	1	153	1	153	2.85e-106	295
MDC0608589.1	QIZ20282.1	98.122	426	8	0	1	426	1	426	0.0	833
MDC0608590.1	QIZ20283.1	94.366	213	12	0	1	213	1	213	4.29e-152	416
MDC0608591.1	QIZ20284.1	99.213	127	1	0	1	127	1	127	4.54e-91	255
MDC0608592.1	QIZ20285.1	98.667	150	2	0	1	150	1	150	1.80e-107	298
MDC0608593.1	QIZ20286.1	98.246	342	6	0	1	342	1	342	0.0	680
MDC0608594.1	QIZ20287.1	100.000	145	0	0	1	145	1	145	2.77e-105	292
MDC0608595.1	QIZ20288.1	99.013	304	3	0	1	304	1	304	0.0	618
MDC0608596.1	QIZ20289.1	93.689	206	13	0	1	206	1	206	3.66e-139	383
MDC0608597.1	QIZ20290.1	98.468	457	7	0	1	457	1	457	0.0	902
MDC0608598.1	QIZ20291.1	87.857	280	34	0	1	280	1	280	6.97e-175	479
MDC0608599.1	QIZ20292.1	95.572	271	12	0	1	271	1	271	0.0	496
MDC0608600.1	QIZ20293.1	94.444	432	24	0	1	432	1	432	0.0	794
MDC0608601.1	QIZ20294.1	96.078	153	6	0	1	153	1	153	1.29e-106	296
MDC0608602.1	QIZ20295.1	94.000	100	6	0	1	100	1	100	4.68e-61	177
MDC0608603.1	QIZ20296.1	97.683	863	20	0	1	863	1	863	0.0	1732
MDC0608604.1	QIZ20297.1	95.812	191	8	0	1	191	1	191	3.85e-123	341
MDC0608605.1	QIZ20742.1	25.564	399	276	10	36	423	27	415	9.45e-35	129
MDC0608606.1	QIZ20298.1	98.403	313	5	0	1	313	1	313	0.0	636
MDC0608607.1	QIZ20299.1	98.675	151	2	0	1	151	1	151	2.08e-106	296
MDC0608608.1	QIZ20300.1	94.737	95	5	0	1	95	1	95	1.78e-61	177
MDC0608609.1	QIZ20301.1	97.732	485	11	0	1	485	1	485	0.0	971
MDC0608610.1	QIZ20302.1	96.130	491	19	0	1	491	1	491	0.0	951
MDC0608611.1	QIZ20303.1	93.519	216	14	0	1	216	1	216	2.38e-150	412
MDC0608612.1	QIZ20304.1	92.691	301	22	0	1	301	1	301	0.0	564
MDC0608613.1	QIZ20305.1	96.053	456	18	0	1	456	1	456	0.0	866
MDC0608614.1	QIZ20306.1	90.683	161	15	0	1	161	1	161	1.61e-108	302
MDC0608615.1	QIZ20311.1	97.154	246	7	0	1	246	1	246	3.33e-170	465
MDC0608616.1	QIZ20312.1	94.510	255	14	0	1	255	1	255	3.19e-172	471
MDC0608617.1	QIZ20313.1	89.840	187	19	0	1	187	1	187	4.71e-124	343
MDC0608618.1	QIZ20314.1	93.513	1002	65	0	1	1002	1	1002	0.0	1976
MDC0608619.1	QIZ20315.1	98.901	91	1	0	1	91	1	91	1.82e-67	192
MDC0608620.1	QIZ20316.1	98.561	417	6	0	1	417	1	417	0.0	855
MDC0608621.1	QIZ20317.1	81.140	737	138	1	1	737	1	736	0.0	1243
MDC0608622.1	QIZ20318.1	93.174	293	20	0	1	293	1	293	0.0	571
MDC0608623.1	QIZ20319.1	98.718	156	2	0	1	156	1	156	4.17e-112	310
MDC0608624.1	QIZ20320.1	87.861	173	21	0	1	173	1	173	1.30e-105	295
MDC0608625.1	QIZ20321.1	86.667	585	74	1	1	581	1	585	0.0	1058
MDC0608626.1	QIZ20322.1	96.923	195	6	0	1	195	1	195	7.31e-136	374
MDC0608627.1	QIZ20323.1	92.050	239	19	0	1	239	1	239	5.71e-151	416
MDC0608628.1	QIZ20324.1	94.531	128	7	0	1	128	1	128	3.14e-83	235
MDC0608629.1	QIZ20325.1	95.902	244	10	0	1	244	1	244	4.37e-174	474
MDC0608630.1	QIZ20326.1	95.045	222	11	0	1	222	1	222	2.56e-152	417
MDC0608631.1	QIZ20327.1	100.000	115	0	0	1	115	1	115	5.12e-81	233
MDC0608632.1	QIZ21202.1	31.707	246	153	8	9	246	274	512	2.51e-22	90.9
MDC0608636.1	QIZ20416.1	35.743	249	142	6	8	251	6	241	3.58e-44	145
MDC0608638.1	QIZ21305.1	34.234	222	138	3	5	225	8	222	2.72e-32	113
MDC0608641.1	QIZ21513.1	35.847	809	506	6	1	803	1	802	1.24e-166	498
MDC0608642.1	QIZ20601.1	40.289	484	281	4	1	483	1	477	9.36e-103	312
MDC0608645.1	QIZ20217.1	95.749	447	19	0	1	447	1	447	0.0	887
MDC0608649.1	QIZ21307.1	26.692	266	187	6	8	268	9	271	2.74e-28	106
MDC0608657.1	QIZ20218.1	95.263	380	18	0	1	380	1	380	0.0	748
MDC0608658.1	QIZ20219.1	86.667	90	12	0	1	90	1	90	6.84e-56	163
MDC0608659.1	QIZ20220.1	96.488	484	17	0	1	484	1	484	0.0	962
MDC0608660.1	QIZ20221.1	98.915	645	7	0	1	645	1	645	0.0	1331
MDC0608661.1	QIZ20222.1	98.246	342	6	0	1	342	1	342	0.0	710
MDC0608662.1	QIZ20224.1	90.385	208	20	0	1	208	1	208	2.28e-140	386
MDC0608663.1	QIZ20225.1	96.257	374	14	0	1	374	1	374	0.0	748
MDC0608664.1	QIZ20226.1	97.315	298	8	0	1	298	1	298	0.0	598
MDC0608665.1	QIZ20227.1	98.000	500	10	0	1	500	1	500	0.0	1011
MDC0608666.1	QIZ20228.1	98.253	229	4	0	1	229	1	229	2.00e-171	466
MDC0608667.1	QIZ20229.1	94.686	207	11	0	1	207	1	207	4.71e-139	383
MDC0608668.1	QIZ20230.1	96.205	606	23	0	1	606	1	606	0.0	1201
MDC0608669.1	QIZ20231.1	98.475	459	7	0	1	459	1	459	0.0	946
MDC0608670.1	QIZ20232.1	93.878	245	15	0	1	245	1	245	1.35e-176	481
MDC0608671.1	QIZ20233.1	93.157	453	31	0	1	453	1	453	0.0	859
MDC0608672.1	QIZ20234.1	96.060	533	21	0	1	533	1	533	0.0	1061
MDC0608673.1	QIZ20235.1	95.359	237	11	0	1	237	1	237	1.55e-165	452
MDC0608674.1	QIZ20236.1	97.073	205	6	0	1	205	1	205	2.30e-150	411
MDC0608675.1	QIZ21224.1	83.291	395	66	0	1	395	1	395	0.0	702
MDC0608676.1	QIZ20237.1	94.545	110	6	0	1	110	1	110	7.75e-76	215
MDC0608677.1	QIZ20238.1	97.368	76	2	0	1	76	1	76	4.53e-51	150
MDC0608678.1	QIZ20239.1	96.986	730	22	0	1	730	1	730	0.0	1461
MDC0608680.1	QIZ21000.1	93.722	223	14	0	1	223	1	223	7.72e-152	417
MDC0608681.1	QIZ20999.1	94.483	145	8	0	1	145	1	145	5.64e-101	281
MDC0608682.1	QIZ20998.1	92.768	401	29	0	1	401	1	401	0.0	762
MDC0608683.1	QIZ20997.1	97.701	522	12	0	1	522	1	522	0.0	1031
MDC0608684.1	QIZ20996.1	97.436	234	6	0	1	234	1	234	6.69e-173	471
MDC0608685.1	QIZ20995.1	93.031	287	20	0	1	287	1	287	0.0	511
MDC0608686.1	QIZ20994.1	97.674	86	2	0	1	86	1	86	3.92e-54	158
MDC0608687.1	QIZ20993.1	97.872	470	10	0	1	470	1	470	0.0	929
MDC0608688.1	QIZ20992.1	98.378	370	6	0	1	370	1	370	0.0	728
MDC0608689.1	QIZ20991.1	92.704	233	17	0	1	233	1	233	7.71e-149	410
MDC0608690.1	QIZ20990.1	94.307	404	23	0	1	404	1	404	0.0	760
MDC0608691.1	QIZ20989.1	97.614	461	11	0	1	461	1	461	0.0	911
MDC0608692.1	QIZ20988.1	90.058	171	17	0	1	171	1	171	1.29e-112	313
MDC0608693.1	QIZ20987.1	95.522	67	3	0	1	67	1	67	4.49e-31	99.0
MDC0608694.1	QIZ20986.1	93.578	218	14	0	1	218	1	218	6.84e-155	424
MDC0608695.1	QIZ20985.1	97.872	188	4	0	1	188	1	188	4.03e-140	384
MDC0608696.1	QIZ20984.1	97.175	177	5	0	1	177	1	177	9.08e-124	342
MDC0608697.1	QIZ20983.1	91.195	159	14	0	1	159	1	159	7.11e-95	267
MDC0608698.1	QIZ20982.1	95.455	198	9	0	1	198	1	198	5.24e-137	377
MDC0608699.1	QIZ20981.1	95.599	568	25	0	1	568	1	568	0.0	1026
MDC0608700.1	QIZ20980.1	92.763	304	22	0	1	304	1	304	0.0	507
MDC0608701.1	QIZ20979.1	99.074	108	1	0	1	108	1	108	3.71e-75	213
MDC0608702.1	QIZ20978.1	90.071	141	14	0	1	141	1	141	5.74e-90	253
MDC0608703.1	QIZ20977.1	95.369	799	37	0	1	799	3	801	0.0	1560
MDC0608704.1	QIZ21085.1	25.891	645	433	17	30	648	55	680	3.36e-51	184
MDC0608705.1	QIZ21314.1	26.720	378	243	14	1	354	3	370	4.91e-34	126
MDC0608708.1	QIZ20976.1	97.872	141	3	0	1	141	1	141	1.39e-101	283
MDC0608709.1	QIZ20975.1	94.684	395	21	0	1	395	1	395	0.0	766
MDC0608710.1	QIZ20974.1	98.221	1012	18	0	1	1012	1	1012	0.0	2070
MDC0608711.1	QIZ20973.1	91.489	423	36	0	1	423	1	423	0.0	785
MDC0608712.1	QIZ20972.1	95.254	295	14	0	1	295	1	295	0.0	557
MDC0608713.1	QIZ20971.1	91.250	240	21	0	1	240	1	240	2.39e-153	423
MDC0608714.1	QIZ20970.1	97.912	479	10	0	1	479	1	479	0.0	965
MDC0608715.1	QIZ20969.1	97.668	1501	35	0	1	1501	1	1501	0.0	3038
MDC0608716.1	QIZ20968.1	89.401	217	23	0	1	217	1	217	2.28e-140	390
MDC0608717.1	QIZ20654.1	87.248	298	38	0	1	298	60	357	3.18e-173	479
MDC0608718.1	QIZ20655.1	87.224	814	104	0	1	814	1	814	0.0	1452
MDC0608719.1	QIZ20656.1	84.262	305	48	0	1	305	1	305	5.21e-175	482
MDC0608720.1	QIZ20657.1	89.062	320	35	0	1	320	1	320	0.0	531
MDC0608721.1	QIZ20658.1	89.695	262	27	0	1	262	1	262	8.45e-172	470
MDC0608722.1	QIZ20659.1	96.190	210	8	0	1	210	1	210	3.94e-150	411
MDC0608723.1	QIZ20660.1	100.000	79	0	0	1	79	1	79	1.08e-50	149
MDC0608724.1	QIZ20661.1	99.184	245	2	0	1	245	3	247	6.86e-179	487
MDC0608725.1	QIZ20662.1	99.355	310	2	0	1	310	1	310	0.0	610
MDC0608726.1	QIZ20663.1	100.000	121	0	0	1	121	1	121	8.72e-86	241
MDC0608727.1	QIZ20664.1	98.571	70	1	0	23	92	1	70	6.58e-47	140
MDC0608728.1	QIZ20665.1	98.026	152	3	0	1	152	1	152	6.40e-103	287
MDC0608729.1	QIZ20666.1	99.153	472	4	0	1	472	1	472	0.0	955
MDC0608730.1	QIZ20667.1	96.851	794	25	0	1	794	1	794	0.0	1533
MDC0608731.1	QIZ20668.1	91.713	181	15	0	7	187	1	181	1.79e-109	306
MDC0608732.1	QIZ20669.1	92.276	479	37	0	15	493	15	493	0.0	918
MDC0608733.1	QIZ20670.1	96.288	431	16	0	1	431	1	431	0.0	858
MDC0608734.1	QIZ20671.1	94.498	309	17	0	1	309	1	309	0.0	588
MDC0608735.1	QIZ20672.1	96.853	286	9	0	1	286	1	286	0.0	553
MDC0608736.1	QIZ20673.1	79.677	433	88	0	1	433	1	433	0.0	696
MDC0608737.1	QIZ20674.1	95.420	393	18	0	1	393	1	393	0.0	777
MDC0608738.1	QIZ20675.1	91.176	68	6	0	1	68	1	68	3.84e-42	127
MDC0608739.1	QIZ20676.1	91.925	161	13	0	1	161	1	161	3.04e-98	276
MDC0608740.1	QIZ20679.1	88.000	75	9	0	1	75	1	75	6.09e-47	139
MDC0608741.1	QIZ20680.1	77.233	347	79	0	1	347	1	347	0.0	588
MDC0608742.1	QIZ20681.1	95.676	370	16	0	1	370	1	370	0.0	747
MDC0608743.1	QIZ20682.1	96.049	405	16	0	1	405	1	405	0.0	811
MDC0608744.1	QIZ20683.1	96.678	301	10	0	1	301	1	301	0.0	575
MDC0608745.1	QIZ20684.1	77.349	415	94	0	1	415	1	415	0.0	630
MDC0608746.1	QIZ20685.1	73.500	200	53	0	1	200	1	200	9.49e-108	303
MDC0608747.1	QIZ20686.1	61.765	136	48	1	1	132	1	136	1.53e-56	168
MDC0608748.1	QIZ20687.1	60.127	158	63	0	1	158	1	158	4.00e-58	174
MDC0608749.1	QIZ20689.1	75.362	276	68	0	1	276	1	276	1.20e-155	431
MDC0608750.1	QIZ20690.1	93.841	552	34	0	1	552	1	552	0.0	1047
MDC0608751.1	QIZ20691.1	96.312	922	34	0	1	922	1	922	0.0	1872
MDC0608752.1	QIZ20692.1	64.375	480	171	0	4	483	12	491	0.0	672
MDC0608753.1	QIZ20694.1	98.365	367	6	0	1	367	1	367	0.0	749
MDC0608755.1	QIZ20695.1	95.050	101	5	0	1	101	1	101	2.55e-66	192
MDC0608756.1	QIZ20696.1	97.628	253	6	0	1	253	1	253	0.0	508
MDC0608757.1	QIZ20697.1	97.802	182	4	0	1	182	1	182	1.84e-132	364
MDC0608758.1	QIZ20698.1	97.097	310	9	0	1	310	83	392	0.0	614
MDC0608759.1	QIZ20803.1	33.014	209	113	6	79	265	25	228	9.01e-22	89.0
MDC0608760.1	QIZ20802.1	39.339	333	191	4	4	331	10	336	8.90e-57	183
MDC0608766.1	QIZ20801.1	43.304	224	124	2	1	222	162	384	5.38e-48	159
MDC0608768.1	QIZ20800.1	61.739	230	87	1	1	229	4	233	8.72e-99	283
MDC0608770.1	QIZ20800.1	62.745	153	56	1	1	152	82	234	3.25e-63	189
MDC0608771.1	QIZ20795.1	52.187	343	155	5	2	341	3	339	1.20e-113	329
MDC0608772.1	QIZ20796.1	61.333	300	116	0	6	305	5	304	6.41e-129	365
MDC0608773.1	QIZ20793.1	67.820	289	93	0	3	291	2	290	1.49e-147	411
MDC0608774.1	QIZ20792.1	100.000	41	0	0	1	41	1	41	1.01e-23	78.6
MDC0608776.1	QIZ20790.1	90.608	362	34	0	1	362	1	362	0.0	657
MDC0608777.1	QIZ20789.1	99.020	102	1	0	1	102	1	102	2.17e-70	201
MDC0608778.1	QIZ20788.1	97.629	464	11	0	1	464	1	464	0.0	910
MDC0608779.1	QIZ20853.1	53.017	232	109	0	1	232	7	238	1.09e-83	245
MDC0608781.1	QIZ20787.1	84.375	224	35	0	1	224	1	224	5.51e-136	376
MDC0608782.1	QIZ20786.1	100.000	64	0	0	1	64	1	64	4.42e-39	119
MDC0608783.1	QIZ20785.1	96.923	195	6	0	1	195	1	195	5.52e-140	384
MDC0608784.1	QIZ20784.1	98.684	76	1	0	1	76	1	76	1.48e-53	156
MDC0608785.1	QIZ20783.1	97.967	246	5	0	1	246	1	246	0.0	492
MDC0608786.1	QIZ20782.1	96.774	186	6	0	1	186	1	186	1.97e-136	374
MDC0608787.1	QIZ20781.1	92.754	207	15	0	1	207	1	207	1.15e-119	334
MDC0608788.1	QIZ20780.1	91.369	336	29	0	1	336	1	336	0.0	641
MDC0608789.1	QIZ20779.1	89.541	392	41	0	1	392	1	392	0.0	700
MDC0608790.1	QIZ20778.1	96.418	335	12	0	1	335	1	335	0.0	664
MDC0608791.1	QIZ20777.1	96.319	652	24	0	1	652	1	652	0.0	1299
MDC0608792.1	QIZ20776.1	97.196	107	3	0	1	107	1	107	8.87e-66	189
MDC0608793.1	QIZ20775.1	95.946	148	6	0	1	148	1	148	9.83e-100	278
MDC0608794.1	QIZ20774.1	92.308	182	13	1	1	182	1	181	5.02e-118	327
MDC0608795.1	QIZ20773.1	97.015	268	8	0	1	268	1	268	0.0	538
MDC0608796.1	QIZ20772.1	99.170	241	2	0	1	241	1	241	1.53e-179	488
MDC0608797.1	QIZ20771.1	98.780	164	2	0	1	164	1	164	3.53e-119	329
MDC0608798.1	QIZ20770.1	99.554	224	1	0	1	224	1	224	1.96e-163	446
MDC0608799.1	QIZ20769.1	98.551	138	2	0	1	138	1	138	9.97e-97	270
MDC0608800.1	QIZ20768.1	96.787	249	8	0	1	249	21	269	2.96e-175	479
MDC0608801.1	QIZ20767.1	97.982	446	9	0	1	446	1	446	0.0	898
MDC0608802.1	QIZ20766.1	98.742	159	2	0	22	180	1	159	2.87e-116	322
MDC0608803.1	QIZ20765.1	94.136	324	19	0	1	324	1	324	0.0	628
MDC0608804.1	QIZ20764.1	92.361	144	11	0	1	144	1	144	3.57e-94	271
MDC0608805.1	QIZ20952.1	98.832	685	8	0	1	685	1	685	0.0	1380
MDC0608806.1	QIZ20951.1	91.549	426	36	0	1	426	1	426	0.0	746
MDC0608807.1	QIZ20950.1	96.013	602	24	0	1	602	1	602	0.0	1127
MDC0608808.1	QIZ20949.1	98.765	324	4	0	1	324	1	324	0.0	668
MDC0608809.1	QIZ20948.1	100.000	175	0	0	1	175	1	175	4.07e-131	360
MDC0608810.1	QIZ20947.1	86.047	86	12	0	1	86	10	95	4.01e-49	146
MDC0608811.1	QIZ20946.1	88.587	368	42	0	1	368	1	368	0.0	630
MDC0608812.1	QIZ20945.1	89.412	170	18	0	1	170	1	170	4.20e-109	304
MDC0608814.1	QIZ20944.1	90.614	586	55	0	1	586	1	586	0.0	1046
MDC0608815.1	QIZ20943.1	97.093	172	5	0	1	172	1	172	2.59e-122	337
MDC0608816.1	QIZ20942.1	88.065	310	37	0	1	310	1	310	0.0	556
MDC0608817.1	QIZ20941.1	95.935	246	10	0	1	246	1	246	8.06e-176	479
MDC0608818.1	QIZ20940.1	97.484	159	4	0	1	159	1	159	2.91e-114	316
MDC0608819.1	QIZ20939.1	94.175	309	18	0	1	309	1	309	0.0	606
MDC0608820.1	QIZ21069.1	70.968	62	18	0	1	62	1	62	4.27e-31	99.0
MDC0608821.1	QIZ20937.1	96.875	384	12	0	1	384	1	384	0.0	754
MDC0608822.1	QIZ20936.1	98.545	275	4	0	1	275	1	275	0.0	557
MDC0608823.1	QIZ20935.1	97.758	223	5	0	1	223	1	223	6.42e-162	442
MDC0608824.1	QIZ20934.1	84.028	288	46	0	1	288	1	288	6.42e-173	475
MDC0608825.1	QIZ20933.1	95.699	558	24	0	1	558	1	558	0.0	1100
MDC0608826.1	QIZ20932.1	96.386	83	3	0	1	83	1	83	1.22e-56	164
MDC0608827.1	QIZ20931.1	92.982	114	8	0	1	114	1	114	1.28e-71	205
MDC0608828.1	QIZ20930.1	100.000	54	0	0	1	54	1	54	3.72e-33	103
MDC0608829.1	QIZ20929.1	80.753	239	46	0	1	239	1	239	1.63e-143	397
MDC0608830.1	QIZ20928.1	100.000	65	0	0	10	74	1	65	4.74e-43	129
MDC0608831.1	QIZ20927.1	97.838	185	4	0	1	185	1	185	7.96e-134	368
MDC0608832.1	QIZ20926.1	95.833	408	17	0	1	408	1	408	0.0	783
MDC0608833.1	QIZ20925.1	96.947	131	4	0	1	131	1	131	2.75e-90	253
MDC0608834.1	QIZ20924.1	96.495	428	15	0	1	428	1	428	0.0	822
MDC0608835.1	QIZ20923.1	100.000	71	0	0	1	71	1	71	2.42e-50	147
MDC0608836.1	QIZ21496.1	75.385	65	16	0	3	67	2	66	5.04e-32	101
MDC0608837.1	QIZ20922.1	70.878	467	132	3	1	465	1	465	0.0	651
MDC0608838.1	QIZ20921.1	48.000	350	177	3	1	349	1	346	2.29e-113	329
MDC0608839.1	QIZ20920.1	52.838	229	107	1	1	229	1	228	2.36e-80	236
MDC0608841.1	QIZ20908.1	55.022	229	97	3	1	223	1	229	2.93e-80	236
MDC0608842.1	QIZ20898.1	36.059	477	294	7	3	475	4	473	2.37e-99	302
MDC0608843.1	QIZ20897.1	59.813	107	40	2	1	105	1	106	4.12e-43	132
MDC0608844.1	QIZ20896.1	48.357	426	212	6	1	422	1	422	9.27e-141	404
MDC0608845.1	QIZ20895.1	89.935	308	31	0	1	308	1	308	0.0	590
MDC0608846.1	QIZ20894.1	98.507	67	1	0	1	67	199	265	1.38e-39	126
MDC0608847.1	QIZ21045.1	87.500	144	18	0	1	144	1	144	1.10e-86	252
MDC0608848.1	QIZ21044.1	79.085	153	32	0	2	154	4	156	4.96e-78	224
MDC0608849.1	QIZ21043.1	92.417	844	64	0	1	844	1	844	0.0	1606
MDC0608850.1	QIZ21042.1	86.559	186	24	1	1	186	1	185	1.46e-119	332
MDC0608851.1	QIZ21041.1	87.538	329	41	0	1	329	1	329	0.0	573
MDC0608852.1	QIZ21040.1	90.556	180	17	0	1	180	1	180	1.20e-115	321
MDC0608853.1	QIZ21039.1	87.500	216	27	0	1	216	1	216	1.30e-140	387
MDC0608854.1	QIZ21038.1	85.185	162	24	0	1	162	1	162	2.21e-96	271
MDC0608855.1	QIZ21037.1	84.456	193	30	0	1	193	1	193	2.15e-110	309
MDC0608856.1	QIZ21036.1	84.142	309	49	0	1	309	1	309	0.0	543
MDC0608857.1	QIZ21035.1	95.500	200	9	0	18	217	18	217	1.44e-146	402
MDC0608858.1	QIZ21034.1	92.636	258	19	0	1	258	1	258	1.18e-177	484
MDC0608859.1	QIZ21033.1	96.011	376	12	1	1	376	1	373	0.0	729
MDC0608860.1	QIZ21032.1	96.918	649	18	1	1	647	1	649	0.0	1254
MDC0608861.1	QIZ21031.1	90.995	211	19	0	1	211	1	211	9.81e-138	380
MDC0608862.1	QIZ21030.1	94.000	200	12	0	1	200	1	200	1.97e-128	355
MDC0608863.1	QIZ21029.1	90.078	383	38	0	1	383	1	383	0.0	677
MDC0608864.1	QIZ21028.1	93.031	287	20	0	1	287	1	287	0.0	513
MDC0608865.1	QIZ21027.1	96.954	197	6	0	1	197	1	197	1.13e-137	379
MDC0608866.1	QIZ21026.1	90.420	762	72	1	1	762	1	761	0.0	1401
MDC0608867.1	QIZ21025.1	82.874	508	87	0	1	508	1	508	0.0	828
MDC0608868.1	QIZ21024.1	85.586	333	48	0	1	333	1	333	0.0	588
MDC0608869.1	QIZ21023.1	94.444	180	10	0	1	180	1	180	1.81e-124	343
MDC0608871.1	QIZ21022.1	87.349	332	42	0	1	332	1	332	0.0	606
MDC0608872.1	QIZ21021.1	92.969	128	9	0	1	128	1	128	5.12e-86	242
MDC0608873.1	QIZ21020.1	100.000	136	0	0	1	136	1	136	1.23e-97	272
MDC0608874.1	QIZ21019.1	94.286	455	26	0	1	455	1	455	0.0	857
MDC0608875.1	QIZ21018.1	98.198	333	6	0	1	333	1	333	0.0	661
MDC0608876.1	QIZ21017.1	90.850	153	14	0	1	153	1	153	1.24e-87	248
MDC0608877.1	QIZ21016.1	89.780	499	51	0	16	514	19	517	0.0	845
MDC0608878.1	QIZ21015.1	97.172	389	11	0	1	389	1	389	0.0	786
MDC0608879.1	QIZ21014.1	99.623	530	2	0	1	530	1	530	0.0	1057
MDC0608880.1	QIZ21013.1	97.151	737	17	2	1	734	1	736	0.0	1439
MDC0608881.1	QIZ21012.1	99.180	122	1	0	1	122	1	122	2.78e-86	243
MDC0608882.1	QIZ20511.1	97.959	343	7	0	1	343	252	594	0.0	701
MDC0608883.1	QIZ20510.1	89.631	434	45	0	1	434	1	434	0.0	809
MDC0608884.1	QIZ20508.1	95.354	861	40	0	1	861	1	861	0.0	1558
MDC0608885.1	QIZ20507.1	99.095	221	2	0	1	221	1	221	2.73e-160	437
MDC0608886.1	QIZ20506.1	87.255	204	26	0	1	204	1	204	1.29e-130	361
MDC0608888.1	QIZ20500.1	95.300	383	18	0	1	383	1	383	0.0	775
MDC0608889.1	QIZ20499.1	93.411	258	17	0	1	258	1	258	2.01e-173	474
MDC0608890.1	QIZ20498.1	94.361	266	15	0	1	266	1	266	3.18e-167	459
MDC0608891.1	QIZ20497.1	96.825	252	8	0	1	252	1	252	0.0	496
MDC0608892.1	QIZ20496.1	98.469	196	3	0	1	196	1	196	2.31e-135	372
MDC0608893.1	QIZ20495.1	92.467	531	40	0	1	531	1	531	0.0	1043
MDC0608894.1	QIZ20489.1	62.637	364	135	1	1	364	1	363	1.14e-168	471
MDC0608895.1	QIZ20488.1	63.793	116	41	1	19	134	15	129	1.68e-49	155
MDC0608896.1	QIZ21384.1	93.525	278	18	0	1	278	287	564	0.0	529
MDC0608897.1	QIZ21383.1	93.639	676	43	0	1	676	1	676	0.0	1281
MDC0608898.1	QIZ21382.1	95.094	265	13	0	18	282	18	282	0.0	506
MDC0608899.1	QIZ21381.1	95.098	306	15	0	1	306	1	306	0.0	569
MDC0608900.1	QIZ21380.1	91.057	369	33	0	1	369	1	369	0.0	665
MDC0608901.1	QIZ21379.1	87.111	225	29	0	1	225	1	225	1.12e-126	353
MDC0608902.1	QIZ21378.1	94.408	304	17	0	1	304	1	304	0.0	546
MDC0608903.1	QIZ21377.1	95.833	312	13	0	1	312	1	312	0.0	556
MDC0608904.1	QIZ21376.1	97.198	464	13	0	1	464	1	464	0.0	911
MDC0608905.1	QIZ21375.1	90.169	356	35	0	1	356	1	356	0.0	642
MDC0608906.1	QIZ21374.1	93.195	338	23	0	1	338	37	374	0.0	569
MDC0608907.1	QIZ21295.1	88.793	116	13	0	1	116	144	259	1.95e-66	197
MDC0608908.1	QIZ21296.1	97.759	357	8	0	1	357	1	357	0.0	717
MDC0608909.1	QIZ21297.1	96.774	186	6	0	1	186	1	186	6.62e-132	363
MDC0608910.1	QIZ21298.1	89.498	219	21	1	1	217	1	219	7.28e-135	374
MDC0608911.1	QIZ21299.1	98.065	310	6	0	1	310	1	310	0.0	607
MDC0608912.1	QIZ21300.1	93.254	252	17	0	1	252	2	253	8.23e-146	404
MDC0608913.1	QIZ21301.1	91.643	347	29	0	1	347	1	347	0.0	612
MDC0608914.1	QIZ21302.1	93.701	254	16	0	1	254	1	254	5.90e-175	478
MDC0608915.1	QIZ21303.1	92.857	70	5	0	1	70	1	70	1.40e-40	124
MDC0608916.1	QIZ21304.1	93.651	63	4	0	1	63	377	439	1.97e-36	121
MDC0608917.1	QIZ21304.1	93.094	362	25	0	1	362	1	362	0.0	693
MDC0608918.1	QIZ21305.1	96.889	225	7	0	1	225	1	225	4.50e-156	427
MDC0608919.1	QIZ21306.1	98.621	145	2	0	1	145	1	145	1.45e-99	278
MDC0608920.1	QIZ21307.1	88.966	290	32	0	1	290	1	290	0.0	552
MDC0608921.1	QIZ21308.1	99.485	194	1	0	1	194	1	194	1.22e-139	383
MDC0608922.1	QIZ21309.1	97.368	38	1	0	1	38	574	611	8.47e-21	77.8
MDC0608923.1	QIZ21188.1	96.288	458	17	0	1	458	1	458	0.0	886
MDC0608924.1	QIZ21189.1	98.753	481	6	0	1	481	1	481	0.0	922
MDC0608925.1	QIZ21190.1	96.346	520	19	0	1	520	6	525	0.0	1022
MDC0608926.1	QIZ21191.1	96.286	350	13	0	1	350	1	350	0.0	668
MDC0608927.1	QIZ21193.1	96.196	184	7	0	1	184	1	184	3.28e-126	348
MDC0608928.1	QIZ21194.1	97.595	291	7	0	1	291	1	291	0.0	578
MDC0608929.1	QIZ21195.1	98.271	347	6	0	1	347	1	347	0.0	711
MDC0608930.1	QIZ21196.1	92.347	392	30	0	1	392	1	392	0.0	751
MDC0608931.1	QIZ21197.1	97.101	138	4	0	1	138	1	138	1.73e-94	266
MDC0608932.1	QIZ20707.1	88.571	105	12	0	1	105	1	105	6.50e-64	187
MDC0608933.1	QIZ20706.1	94.553	257	14	0	1	257	9	265	0.0	502
MDC0608934.1	QIZ20705.1	86.404	228	31	0	1	228	1	228	1.67e-149	411
MDC0608935.1	QIZ20704.1	73.186	317	85	0	1	317	1	317	1.87e-170	471
MDC0608936.1	QIZ20703.1	80.471	297	54	1	1	293	1	297	3.56e-162	449
MDC0608937.1	QIZ20702.1	94.837	368	19	0	1	368	1	368	0.0	706
MDC0608938.1	QIZ20701.1	98.413	126	2	0	1	126	1	126	1.29e-89	251
MDC0608939.1	QIZ20700.1	99.160	952	8	0	1	952	1	952	0.0	1972
MDC0608940.1	QIZ20699.1	96.135	414	16	0	1	414	1	414	0.0	815
MDC0608942.1	QIZ21428.1	94.488	254	14	0	1	254	1	254	3.71e-175	481
MDC0608943.1	QIZ21427.1	95.745	235	10	0	1	235	1	235	8.56e-159	435
MDC0608944.1	QIZ21426.1	94.697	264	14	0	1	264	1	264	0.0	504
MDC0608946.1	QIZ21425.1	87.129	303	39	0	1	303	1	303	0.0	540
MDC0608947.1	QIZ21424.1	89.720	107	11	0	1	107	1	107	4.69e-66	190
MDC0608948.1	QIZ21423.1	96.154	234	9	0	1	234	1	234	1.50e-168	459
MDC0608949.1	QIZ21422.1	94.636	261	14	0	1	261	1	261	0.0	504
MDC0608950.1	QIZ21421.1	96.341	246	9	0	1	246	1	246	5.43e-176	479
MDC0608951.1	QIZ21420.1	94.286	350	20	0	1	350	1	350	0.0	663
MDC0608952.1	QIZ21419.1	95.960	297	12	0	1	297	1	297	0.0	580
MDC0608953.1	QIZ21418.1	96.233	292	11	0	1	292	122	413	0.0	584
MDC0608954.1	QIZ20432.1	97.436	39	1	0	1	39	500	538	8.05e-25	89.4
MDC0608955.1	QIZ20431.1	98.175	274	5	0	1	274	1	274	0.0	558
MDC0608956.1	QIZ20430.1	97.129	418	12	0	1	418	1	418	0.0	823
MDC0608957.1	QIZ20429.1	99.000	100	1	0	1	100	1	100	4.21e-64	185
MDC0608958.1	QIZ20428.1	85.714	308	44	0	1	308	1	308	0.0	547
MDC0608959.1	QIZ20427.1	73.103	145	39	0	1	145	1	145	4.12e-78	224
MDC0608961.1	QIZ20426.1	74.342	152	39	0	1	152	1	152	8.41e-74	213
MDC0608962.1	QIZ20425.1	94.611	167	9	0	1	167	1	167	1.76e-105	295
MDC0608963.1	QIZ20424.1	93.531	371	24	0	1	371	1	371	0.0	636
MDC0608964.1	QIZ20423.1	95.550	382	17	0	1	382	1	382	0.0	686
MDC0608965.1	QIZ20734.1	96.154	130	5	0	1	130	51	180	1.39e-93	263
MDC0608966.1	QIZ20416.1	47.809	251	120	2	1	251	5	244	2.32e-80	238
MDC0608967.1	QIZ20181.1	29.858	211	136	3	15	213	13	223	1.65e-23	90.1
MDC0608968.1	QIZ20311.1	34.545	165	107	1	14	177	40	204	6.88e-26	96.7
MDC0608970.1	QIZ20735.1	56.923	260	108	2	1	260	1	256	1.55e-86	254
MDC0608972.1	QIZ20736.1	85.096	208	31	0	1	208	1	208	2.31e-138	381
MDC0608973.1	QIZ20737.1	92.308	338	26	0	1	338	1	338	0.0	617
MDC0608974.1	QIZ20738.1	93.396	106	7	0	1	106	1	106	3.15e-73	208
MDC0608975.1	QIZ20739.1	86.122	245	34	0	1	245	9	253	6.37e-154	424
MDC0608976.1	QIZ21051.1	79.104	134	28	0	1	134	1	134	2.96e-69	213
MDC0608977.1	QIZ21052.1	99.526	422	2	0	1	422	1	422	0.0	847
MDC0608980.1	QIZ21055.1	85.886	333	47	0	1	333	1	333	0.0	601
MDC0608981.1	QIZ21056.1	94.891	274	14	0	1	274	1	274	0.0	537
MDC0608982.1	QIZ21057.1	89.231	195	21	0	1	195	1	195	1.16e-126	350
MDC0608983.1	QIZ21058.1	91.321	265	23	0	1	265	1	265	2.24e-179	489
MDC0608984.1	QIZ21059.1	91.071	56	5	0	1	56	1	56	2.44e-34	110
MDC0608985.1	QIZ21471.1	92.958	71	5	0	1	71	372	442	3.69e-45	145
MDC0608986.1	QIZ21470.1	97.955	489	10	0	1	489	1	489	0.0	1014
MDC0608987.1	QIZ21469.1	97.134	314	9	0	1	314	1	314	0.0	629
MDC0608988.1	QIZ21468.1	98.239	284	5	0	1	284	1	284	0.0	571
MDC0608989.1	QIZ21467.1	98.523	474	7	0	1	474	1	474	0.0	972
MDC0608990.1	QIZ21466.1	96.241	133	5	0	1	133	1	133	2.93e-95	266
MDC0608991.1	QIZ21459.1	85.263	380	56	0	1	380	1	380	0.0	679
MDC0608992.1	QIZ21458.1	85.938	64	9	0	1	64	1	64	8.63e-35	117
MDC0608993.1	QIZ20626.1	97.959	98	2	0	1	98	1	98	3.61e-67	192
MDC0608994.1	QIZ20625.1	100.000	110	0	0	1	110	1	110	5.67e-78	221
MDC0608996.1	QIZ20624.1	98.077	468	9	0	1	468	1	468	0.0	960
MDC0608997.1	QIZ20623.1	83.648	159	26	0	1	159	1	159	4.07e-90	255
MDC0608998.1	QIZ20622.1	95.833	72	3	0	1	72	1	72	1.05e-46	146
MDC0608999.1	QIZ20632.1	97.436	78	2	0	1	78	1	78	2.37e-52	156
MDC0609000.1	QIZ20631.1	91.499	447	38	0	200	646	34	480	0.0	860
MDC0609001.1	QIZ20630.1	80.247	243	48	0	1	243	1	243	5.47e-141	391
MDC0609002.1	QIZ21001.1	92.035	113	9	0	1	113	37	149	5.75e-75	214
MDC0609003.1	QIZ21002.1	88.832	197	22	0	1	197	1	197	2.13e-131	362
MDC0609004.1	QIZ21003.1	96.840	443	14	0	1	443	1	443	0.0	901
MDC0609005.1	QIZ21004.1	99.275	138	1	0	1	138	1	138	2.86e-101	281
MDC0609006.1	QIZ21005.1	92.254	142	11	0	1	142	1	142	4.45e-96	269
MDC0609007.1	QIZ21006.1	97.590	166	4	0	1	166	1	166	5.96e-120	331
MDC0609008.1	QIZ21007.1	87.841	403	49	0	1	403	1	403	0.0	749
MDC0609009.1	QIZ21008.1	97.318	261	7	0	1	261	1	261	0.0	523
MDC0609010.1	QIZ21009.1	89.474	114	12	0	1	114	1	114	9.09e-76	216
MDC0609012.1	QIZ20733.1	92.414	290	22	0	1	290	1	290	0.0	520
MDC0609013.1	QIZ20732.1	97.887	426	9	0	1	426	1	426	0.0	853
MDC0609014.1	QIZ20731.1	98.473	131	2	0	1	131	1	131	3.88e-93	260
MDC0609015.1	QIZ20730.1	91.534	189	16	0	1	189	1	189	2.25e-127	352
MDC0609016.1	QIZ20729.1	98.333	120	2	0	1	120	1	120	9.49e-88	246
MDC0609017.1	QIZ20728.1	96.429	308	11	0	1	308	1	308	0.0	603
MDC0609018.1	QIZ20727.1	96.203	79	3	0	1	79	1	79	4.84e-48	152
MDC0609019.1	QIZ20240.1	95.489	133	6	0	1	133	1	133	1.26e-93	265
MDC0609020.1	QIZ20241.1	96.250	80	3	0	1	80	1	80	1.33e-52	154
MDC0609021.1	QIZ20242.1	97.308	260	7	0	1	260	1	260	0.0	510
MDC0609022.1	QIZ20243.1	97.442	430	11	0	1	430	1	430	0.0	868
MDC0609023.1	QIZ20244.1	96.875	256	8	0	1	256	1	256	0.0	525
MDC0609024.1	QIZ20245.1	94.495	218	12	0	1	218	1	218	3.54e-150	413
MDC0609025.1	QIZ20246.1	94.779	249	13	0	1	249	1	249	8.58e-180	489
MDC0609026.1	QIZ20247.1	96.241	133	5	0	1	133	1	133	5.62e-93	260
MDC0609027.1	QIZ20248.1	94.118	136	8	0	1	136	1	136	1.63e-86	249
MDC0609028.1	QIZ21483.1	89.779	362	37	0	1	362	26	387	0.0	668
MDC0609029.1	QIZ21484.1	91.635	263	22	0	1	263	1	263	0.0	496
MDC0609030.1	QIZ21486.1	97.368	418	11	0	1	418	1	418	0.0	853
MDC0609031.1	QIZ21487.1	96.591	88	3	0	1	88	1	88	1.78e-64	184
MDC0609032.1	QIZ21488.1	96.216	185	7	0	1	185	1	185	2.57e-128	380
MDC0609033.1	QIZ20804.1	43.066	137	75	2	1	137	8	141	1.20e-27	98.6
MDC0609034.1	QIZ20805.1	52.030	394	182	4	186	575	1	391	3.49e-141	410
MDC0609035.1	QIZ20807.1	32.432	259	154	7	56	300	52	303	3.90e-26	103
MDC0609036.1	QIZ20808.1	34.694	343	217	5	1	338	1	341	2.62e-53	174
MDC0609038.1	QIZ20263.1	98.802	167	2	0	1	167	1	167	1.18e-119	333
MDC0609039.1	QIZ20262.1	100.000	102	0	0	1	102	1	102	9.82e-72	204
MDC0609040.1	QIZ20261.1	98.699	692	9	0	1	692	1	692	0.0	1419
MDC0609041.1	QIZ20260.1	100.000	156	0	0	1	156	1	156	4.84e-114	315
MDC0609042.1	QIZ20259.1	100.000	123	0	0	1	123	1	123	2.65e-87	245
MDC0609043.1	QIZ20258.1	97.059	340	10	0	1	340	1050	1389	0.0	675
MDC0609051.1	QIZ21048.1	79.452	146	30	0	1	146	1	146	2.18e-81	234
MDC0609052.1	QIZ21049.1	95.666	623	27	0	1	623	1	623	0.0	1210
MDC0609053.1	QIZ21050.1	92.777	443	32	0	1	443	1	443	0.0	815
MDC0609054.1	QIZ21051.1	91.398	279	24	0	1	279	273	551	0.0	515
MDC0609055.1	QIZ21488.1	97.047	745	22	0	1	745	254	998	0.0	1496
MDC0609056.1	QIZ21489.1	87.692	195	24	0	1	195	1	195	5.67e-127	351
MDC0609057.1	QIZ21490.1	94.346	283	16	0	1	283	1	283	0.0	529
MDC0609058.1	QIZ21491.1	79.612	103	21	0	1	103	1	103	5.59e-45	137
MDC0609059.1	QIZ21492.1	56.164	146	64	0	1	146	1	146	1.52e-56	169
MDC0609061.1	QIZ20332.1	98.684	152	2	0	1	152	1	152	8.68e-110	304
MDC0609062.1	QIZ20331.1	97.706	436	10	0	1	436	1	436	0.0	885
MDC0609063.1	QIZ20330.1	93.617	141	9	0	1	141	1	141	8.32e-97	271
MDC0609064.1	QIZ20329.1	90.141	213	21	0	1	213	1	213	2.29e-152	417
MDC0609065.1	QIZ20328.1	95.441	329	15	0	1	329	1	329	0.0	645
MDC0609066.1	QIZ20355.1	95.390	282	13	0	1	282	1	282	0.0	513
MDC0609067.1	QIZ20354.1	85.333	300	44	0	1	300	1	300	0.0	514
MDC0609068.1	QIZ20353.1	95.581	430	19	0	1	430	1	430	0.0	790
MDC0609069.1	QIZ20352.1	89.189	74	8	0	1	74	1	74	1.10e-44	134
MDC0609070.1	QIZ20351.1	93.143	175	12	0	1	175	166	340	3.49e-116	328
MDC0609071.1	QIZ20652.1	97.333	375	10	0	1	375	111	485	0.0	746
MDC0609072.1	QIZ20651.1	94.853	136	7	0	1	136	1	136	3.29e-82	233
MDC0609073.1	QIZ20650.1	88.542	192	22	0	1	192	1	192	3.99e-115	321
MDC0609074.1	QIZ20649.1	92.105	342	27	0	1	342	1	342	0.0	603
MDC0609075.1	QIZ20648.1	96.032	126	5	0	1	126	1	126	8.13e-80	234
MDC0609076.1	QIZ20487.1	79.048	420	88	0	1	420	21	440	0.0	647
MDC0609077.1	QIZ20485.1	70.722	485	142	0	1	485	1	485	0.0	678
MDC0609078.1	QIZ20484.1	78.261	92	20	0	1	92	1	92	3.59e-49	151
MDC0609079.1	QIZ20339.1	93.103	58	4	0	1	58	96	153	5.68e-36	114
MDC0609080.1	QIZ20338.1	98.716	701	9	0	1	701	1	701	0.0	1351
MDC0609081.1	QIZ20645.1	95.000	260	13	0	1	260	14	273	0.0	501
MDC0609082.1	QIZ20646.1	95.951	568	23	0	1	568	27	594	0.0	1123
MDC0609083.1	QIZ21200.1	96.755	339	11	0	1	339	1	339	0.0	670
MDC0609084.1	QIZ21199.1	95.469	309	14	0	1	309	1	309	0.0	590
MDC0609086.1	QIZ20829.1	44.199	362	180	4	14	363	20	371	4.39e-84	256
