MDC1077979.1	QIZ20430.1	82.065	368	66	0	1	368	1	368	0.0	605
MDC1077980.1	QIZ20431.1	87.546	273	34	0	1	273	1	273	4.36e-176	482
MDC1077981.1	QIZ20432.1	86.989	538	70	0	1	538	1	538	0.0	965
MDC1077982.1	QIZ20433.1	80.808	99	19	0	1	99	1	99	1.60e-55	163
MDC1077983.1	QIZ20434.1	62.041	245	91	1	1	243	1	245	7.03e-111	315
MDC1077984.1	QIZ20435.1	48.077	468	243	0	5	472	6	473	1.12e-125	370
MDC1077985.1	QIZ20436.1	81.031	485	91	1	1	485	1	484	0.0	759
MDC1077986.1	QIZ20437.1	79.255	188	39	0	1	188	1	188	1.39e-111	312
MDC1077987.1	QIZ20438.1	78.485	330	71	0	1	330	1	330	0.0	537
MDC1077988.1	QIZ20439.1	74.144	263	68	0	1	263	1	263	2.66e-137	383
MDC1077989.1	QIZ20440.1	92.444	225	17	0	1	225	1	225	5.67e-155	424
MDC1077990.1	QIZ20441.1	81.116	466	88	0	1	466	1	466	0.0	787
MDC1077991.1	QIZ20442.1	70.292	377	112	0	1	377	1	377	0.0	506
MDC1077992.1	QIZ20443.1	55.513	263	114	1	1	263	1	260	3.37e-83	246
MDC1077993.1	QIZ20444.1	69.884	259	77	1	1	258	1	259	5.78e-131	367
MDC1077994.1	QIZ20445.1	68.712	326	102	0	1	326	1	326	5.67e-163	453
MDC1077995.1	QIZ20446.1	82.639	144	25	0	3	146	2	145	1.63e-89	253
MDC1077997.1	QIZ20448.1	51.047	382	183	2	4	381	2	383	1.56e-129	373
MDC1077998.1	QIZ20449.1	48.408	157	69	5	53	206	71	218	1.63e-36	123
MDC1077999.1	QIZ20450.1	57.778	225	95	0	1	225	1	225	9.85e-84	244
MDC1078000.1	QIZ20451.1	75.956	183	44	0	1	183	1	183	1.21e-102	289
MDC1078001.1	QIZ20452.1	72.085	283	79	0	1	283	1	283	2.62e-147	410
MDC1078003.1	QIZ20453.1	77.524	1139	255	1	1	1139	1	1138	0.0	1818
MDC1078004.1	QIZ20454.1	59.735	226	91	0	1	226	1	226	1.82e-95	274
MDC1078005.1	QIZ20455.1	73.415	410	108	1	1	409	1	410	0.0	567
MDC1078006.1	QIZ20456.1	79.955	444	89	0	1	444	1	444	0.0	744
MDC1078007.1	QIZ20457.1	87.500	80	10	0	1	80	1	80	6.74e-40	122
MDC1078008.1	QIZ20458.1	81.341	552	102	1	1	552	1	551	0.0	961
MDC1078009.1	QIZ20459.1	58.300	247	103	0	1	247	1	247	3.12e-93	270
MDC1078010.1	QIZ20460.1	53.125	160	75	0	1	160	1	160	1.82e-53	164
MDC1078011.1	QIZ20461.1	76.271	472	111	1	1	472	1	471	0.0	673
MDC1078012.1	QIZ20462.1	84.286	490	75	1	1	490	1	488	0.0	839
MDC1078013.1	QIZ20463.1	81.633	637	113	1	1	633	1	637	0.0	1068
MDC1078014.1	QIZ20464.1	85.437	103	15	0	1	103	1	103	3.27e-49	147
MDC1078015.1	QIZ20465.1	78.947	209	44	0	1	209	2	210	4.95e-124	345
MDC1078016.1	QIZ20466.1	91.925	161	13	0	1	161	1	161	6.00e-113	313
MDC1078017.1	QIZ20467.1	93.373	332	22	0	1	332	1	332	0.0	623
MDC1078018.1	QIZ20468.1	73.529	680	176	2	1	677	1	679	0.0	1047
MDC1078019.1	QIZ20469.1	84.773	440	67	0	1	440	1	440	0.0	795
MDC1078020.1	QIZ20470.1	78.218	202	44	0	1	202	1	202	2.32e-125	348
MDC1078021.1	QIZ20471.1	94.629	391	21	0	1	391	1	391	0.0	773
MDC1078022.1	QIZ20472.1	81.683	202	36	1	1	201	1	202	2.30e-124	345
MDC1078023.1	QIZ20473.1	92.398	171	13	0	1	171	3	173	1.98e-123	340
MDC1078024.1	QIZ20474.1	91.803	122	10	0	1	122	1	122	1.37e-77	221
MDC1078025.1	QIZ20475.1	88.525	793	90	1	1	792	2	794	0.0	1415
MDC1078026.1	QIZ20476.1	93.365	422	28	0	1	422	1	422	0.0	819
MDC1078027.1	QIZ20477.1	85.714	196	28	0	6	201	7	202	1.69e-128	356
MDC1078028.1	QIZ20478.1	73.663	486	115	3	1	473	1	486	0.0	688
MDC1078029.1	QIZ20479.1	76.250	80	19	0	1	80	1	80	7.58e-44	132
MDC1078033.1	QIZ20480.1	55.128	156	70	0	22	177	25	180	7.21e-64	191
MDC1078034.1	QIZ20481.1	68.000	225	72	0	1	225	1	225	4.33e-109	308
MDC1078035.1	QIZ20482.1	73.381	139	37	0	1	139	1	139	1.69e-76	219
MDC1078036.1	QIZ20483.1	64.486	214	75	1	1	213	2	215	5.59e-97	277
MDC1078037.1	QIZ20484.1	75.510	245	60	0	6	250	4	248	1.32e-139	388
MDC1078038.1	QIZ20485.1	62.887	485	180	0	1	485	1	485	0.0	589
MDC1078039.1	QIZ20487.1	77.449	439	99	0	4	442	2	440	0.0	652
MDC1078040.1	QIZ20488.1	51.923	208	82	3	16	208	15	219	1.42e-70	210
MDC1078041.1	QIZ20489.1	62.192	365	136	1	1	365	1	363	1.35e-167	468
MDC1078042.1	QIZ20495.1	71.269	536	149	2	1	536	1	531	0.0	833
MDC1078043.1	QIZ20496.1	81.865	193	35	0	1	193	1	193	3.69e-102	288
MDC1078044.1	QIZ20497.1	88.492	252	29	0	1	252	1	252	4.11e-152	419
MDC1078045.1	QIZ20498.1	64.179	268	90	3	1	266	1	264	1.22e-110	316
MDC1078046.1	QIZ20499.1	77.519	258	58	0	1	258	1	258	2.28e-152	421
MDC1078047.1	QIZ20510.1	71.889	434	122	0	1	434	1	434	0.0	645
MDC1078048.1	QIZ20511.1	92.256	594	46	0	1	594	1	594	0.0	1148
MDC1078049.1	QIZ20512.1	92.553	94	7	0	1	94	1	94	2.58e-60	174
MDC1078050.1	QIZ20513.1	93.814	388	24	0	1	388	1	388	0.0	764
MDC1078051.1	QIZ20514.1	64.624	359	126	1	1	358	1	359	1.73e-163	457
MDC1078052.1	QIZ20516.1	83.380	355	59	0	1	355	1	355	0.0	546
MDC1078054.1	QIZ20517.1	72.414	116	32	0	1	116	1	116	1.83e-60	177
MDC1078055.1	QIZ20518.1	94.669	619	33	0	1	619	1	619	0.0	1226
MDC1078056.1	QIZ20519.1	90.385	156	15	0	1	156	1	156	2.92e-108	301
MDC1078057.1	QIZ20520.1	76.515	264	62	0	1	264	1	264	2.36e-159	439
MDC1078058.1	QIZ20521.1	74.046	131	34	0	1	131	1	131	4.56e-74	213
MDC1078059.1	QIZ20522.1	51.984	252	121	0	1	252	1	252	1.28e-84	249
MDC1078060.1	QIZ20523.1	71.351	185	53	0	1	185	1	185	3.51e-83	239
MDC1078061.1	QIZ20524.1	66.923	390	119	5	1	384	1	386	6.52e-174	486
MDC1078062.1	QIZ20525.1	84.483	406	63	0	1	406	1	406	0.0	671
MDC1078063.1	QIZ20526.1	81.841	391	71	0	1	391	1	391	0.0	676
MDC1078064.1	QIZ20527.1	74.185	368	93	2	5	371	4	370	0.0	561
MDC1078065.1	QIZ20528.1	79.630	54	11	0	1	54	13	66	2.21e-26	87.0
MDC1078066.1	QIZ20529.1	68.110	254	72	2	7	256	7	255	4.66e-121	341
MDC1078068.1	QIZ20530.1	76.087	184	44	0	4	187	1	184	2.91e-107	301
MDC1078069.1	QIZ20531.1	59.873	157	63	0	1	157	1	157	1.49e-70	206
MDC1078070.1	QIZ20532.1	57.068	191	80	1	1	191	1	189	1.48e-72	213
MDC1078071.1	QIZ20536.1	83.673	147	24	0	6	152	7	153	1.06e-67	198
MDC1078072.1	QIZ20537.1	65.820	433	148	0	1	433	1	433	0.0	521
MDC1078073.1	QIZ20538.1	93.407	91	6	0	1	91	1	91	4.29e-60	174
MDC1078074.1	QIZ20539.1	78.919	370	78	0	1	370	1	370	0.0	599
MDC1078076.1	QIZ21106.1	74.146	205	53	0	1	205	1	205	2.70e-112	315
MDC1078078.1	QIZ20216.1	86.751	317	42	0	1	317	2	318	0.0	568
MDC1078096.1	QIZ21328.1	43.265	245	131	4	1	240	1	242	1.45e-58	182
MDC1078106.1	QIZ21329.1	33.191	235	154	1	427	661	215	446	1.54e-37	141
MDC1078113.1	QIZ21335.1	44.471	425	217	4	1	425	1	406	1.85e-106	317
MDC1078114.1	QIZ21334.1	42.185	595	312	11	1	578	1	580	1.13e-152	447
MDC1078115.1	QIZ21333.1	28.653	527	313	13	48	540	21	518	2.16e-50	176
MDC1078117.1	QIZ21330.1	24.277	519	366	9	20	525	270	774	6.82e-31	123
MDC1078118.1	QIZ21320.1	52.012	323	153	2	3	323	1	323	1.22e-115	333
MDC1078121.1	QIZ21344.1	57.143	63	26	1	2	64	221	282	7.31e-22	80.9
MDC1078122.1	QIZ21541.1	66.047	807	274	0	1	807	1	807	0.0	1137
MDC1078123.1	QIZ20545.1	90.437	366	35	0	1	366	1	366	0.0	645
MDC1078124.1	QIZ20546.1	91.071	448	40	0	1	448	1	448	0.0	850
MDC1078125.1	QIZ20547.1	84.076	314	49	1	1	313	1	314	0.0	536
MDC1078126.1	QIZ20548.1	89.773	264	27	0	1	264	1	264	3.15e-179	489
MDC1078127.1	QIZ20549.1	70.249	642	184	3	1	640	1	637	0.0	947
MDC1078128.1	QIZ20550.1	78.979	333	69	1	1	332	1	333	0.0	517
MDC1078129.1	QIZ20552.1	85.149	303	45	0	1	303	1	303	0.0	524
MDC1078130.1	QIZ20553.1	89.019	428	47	0	1	428	1	428	0.0	782
MDC1078132.1	QIZ20554.1	68.657	201	63	0	1	201	1	201	4.60e-94	268
MDC1078133.1	QIZ20567.1	91.852	135	11	0	1	135	1	135	7.95e-97	270
MDC1078134.1	QIZ20568.1	84.699	183	28	0	1	183	1	183	1.00e-113	318
MDC1078135.1	QIZ20569.1	88.889	333	37	0	1	333	1	333	0.0	612
MDC1078136.1	QIZ20585.1	70.385	260	77	0	8	267	8	267	5.04e-141	393
MDC1078138.1	QIZ20589.1	63.158	285	105	0	3	287	4	288	4.68e-133	374
MDC1078140.1	QIZ20589.1	28.070	285	199	5	1	283	1	281	1.32e-24	95.9
MDC1078141.1	QIZ20544.1	58.286	175	67	1	1	175	1	169	3.71e-74	216
MDC1078143.1	QIZ21513.1	41.943	813	462	7	4	809	1	810	0.0	645
MDC1078144.1	QIZ20187.1	32.526	289	180	8	45	326	46	326	1.43e-36	129
MDC1078146.1	QIZ20189.1	40.748	508	278	8	7	504	5	499	6.26e-121	360
MDC1078147.1	QIZ21540.1	58.333	144	60	0	12	155	4	147	3.13e-65	191
MDC1078148.1	QIZ21539.1	58.857	175	72	0	1	175	6	180	9.01e-64	190
MDC1078152.1	QIZ21538.1	58.228	237	96	2	1	235	1	236	1.28e-80	237
MDC1078153.1	QIZ21537.1	71.795	312	88	0	6	317	6	317	5.50e-153	427
MDC1078155.1	QIZ21430.1	59.383	389	154	2	3	390	2	387	8.66e-157	442
MDC1078156.1	QIZ21434.1	25.478	471	329	10	521	978	3	464	8.80e-37	141
MDC1078157.1	QIZ20215.1	75.862	145	35	0	1	145	1	145	1.29e-82	235
MDC1078158.1	QIZ21536.1	70.667	225	66	0	1	225	1	225	2.09e-121	344
MDC1078159.1	QIZ20612.1	76.712	146	34	0	1	146	1	146	4.18e-76	219
MDC1078160.1	QIZ20611.1	59.494	79	32	0	1	79	1	79	4.35e-29	95.9
MDC1078162.1	QIZ20610.1	86.740	181	24	0	1	181	1	181	1.20e-116	324
MDC1078163.1	QIZ20609.1	70.303	330	98	0	1	330	1	330	3.58e-178	492
MDC1078168.1	QIZ20555.1	72.854	501	136	0	1	501	1	501	0.0	747
MDC1078169.1	QIZ20556.1	77.326	344	78	0	10	353	5	348	0.0	545
MDC1078170.1	QIZ20557.1	85.938	320	45	0	1	320	1	320	0.0	578
MDC1078171.1	QIZ21214.1	30.877	285	178	5	12	289	8	280	2.45e-32	117
MDC1078172.1	QIZ21533.1	54.902	102	46	0	1	102	1	102	4.07e-36	114
MDC1078173.1	QIZ21532.1	57.477	214	90	1	1	213	1	214	4.26e-80	236
MDC1078174.1	QIZ21531.1	82.235	349	62	0	3	351	4	352	0.0	566
MDC1078175.1	QIZ21530.1	75.047	533	133	0	3	535	4	536	0.0	785
MDC1078176.1	QIZ21527.1	65.487	339	116	1	1	338	1	339	8.48e-171	474
MDC1078177.1	QIZ21523.1	93.559	295	19	0	1	295	1	295	0.0	577
MDC1078178.1	QIZ21522.1	69.670	333	101	0	1	333	1	333	0.0	504
MDC1078179.1	QIZ21521.1	89.062	64	7	0	1	64	139	202	4.21e-40	125
MDC1078180.1	QIZ21521.1	85.271	129	17	1	1	127	1	129	6.86e-81	233
MDC1078181.1	QIZ21520.1	90.968	155	14	0	1	155	1	155	3.06e-108	301
MDC1078182.1	QIZ21519.1	82.258	124	22	0	1	124	1	124	4.36e-78	222
MDC1078183.1	QIZ21516.1	89.425	539	57	0	1	539	1	539	0.0	1023
MDC1078184.1	QIZ21515.1	84.543	317	49	0	1	317	1	317	0.0	561
MDC1078185.1	QIZ21514.1	83.936	249	40	0	1	249	1	249	2.09e-157	432
MDC1078186.1	QIZ21513.1	89.012	810	89	0	1	810	1	810	0.0	1504
MDC1078187.1	QIZ21512.1	58.434	166	69	0	1	166	1	166	6.58e-63	187
MDC1078188.1	QIZ21511.1	82.540	189	33	0	1	189	1	189	1.48e-118	329
MDC1078192.1	QIZ21510.1	52.713	129	61	0	4	132	10	138	7.32e-47	144
MDC1078193.1	QIZ21509.1	82.422	256	45	0	2	257	6	261	8.67e-159	437
MDC1078194.1	QIZ21508.1	89.516	124	13	0	1	124	1	124	8.75e-86	241
MDC1078195.1	QIZ21507.1	76.119	134	32	0	1	134	1	134	1.52e-76	219
MDC1078196.1	QIZ21506.1	72.280	386	107	0	11	396	11	396	0.0	620
MDC1078197.1	QIZ21505.1	81.818	242	44	0	1	242	1	242	2.98e-152	419
MDC1078198.1	QIZ21504.1	92.035	452	36	0	1	452	1	452	0.0	874
MDC1078199.1	QIZ21503.1	85.556	180	26	0	1	180	1	180	9.80e-114	317
MDC1078201.1	QIZ21502.1	58.128	203	85	0	1	203	1	203	1.95e-85	247
MDC1078202.1	QIZ21501.1	77.091	550	126	0	1	550	1	550	0.0	889
MDC1078203.1	QIZ21500.1	78.816	321	68	0	1	321	1	321	0.0	548
MDC1078204.1	QIZ21499.1	79.141	163	34	0	1	163	1	163	8.66e-89	252
MDC1078205.1	QIZ21498.1	73.494	332	87	1	16	347	16	346	0.0	507
MDC1078206.1	QIZ21497.1	73.377	154	41	0	1	154	1	154	6.97e-84	239
MDC1078207.1	QIZ21496.1	98.529	68	1	0	1	68	1	68	8.57e-47	139
MDC1078208.1	QIZ21495.1	56.175	251	110	0	1	251	1	251	1.00e-103	297
MDC1078209.1	QIZ21494.1	66.372	113	38	0	1	113	1	113	6.22e-55	162
MDC1078210.1	QIZ21493.1	72.470	247	68	0	1	247	1	247	5.02e-119	336
MDC1078211.1	QIZ21492.1	50.685	146	71	1	1	145	1	146	1.14e-51	157
MDC1078213.1	QIZ21490.1	75.618	283	69	0	1	283	1	283	1.02e-156	434
MDC1078214.1	QIZ21489.1	51.795	195	93	1	1	194	1	195	8.85e-73	214
MDC1078215.1	QIZ21488.1	76.653	998	233	0	1	998	1	998	0.0	1645
MDC1078216.1	QIZ21487.1	68.182	88	28	0	1	88	1	88	3.40e-46	139
MDC1078217.1	QIZ21486.1	85.646	418	60	0	1	418	1	418	0.0	761
MDC1078218.1	QIZ21485.1	88.592	561	64	0	1	561	1	561	0.0	1028
MDC1078219.1	QIZ21484.1	36.965	257	155	3	4	253	6	262	1.59e-52	167
MDC1078220.1	QIZ21481.1	64.327	342	120	2	1	340	1	342	1.61e-158	443
MDC1078221.1	QIZ21471.1	77.955	440	96	1	2	440	3	442	0.0	734
MDC1078222.1	QIZ21472.1	78.378	111	24	0	9	119	5	115	6.12e-62	181
MDC1078223.1	QIZ21459.1	66.842	380	126	0	1	380	1	380	0.0	526
MDC1078224.1	QIZ21458.1	68.499	473	148	1	1	473	1	472	0.0	684
MDC1078225.1	QIZ21457.1	69.784	139	42	0	1	139	1	139	3.49e-73	211
MDC1078226.1	QIZ21456.1	58.908	348	140	2	1	345	1	348	1.34e-136	388
MDC1078227.1	QIZ21455.1	80.851	141	27	0	1	141	1	141	3.16e-84	239
MDC1078228.1	QIZ21454.1	45.433	416	224	1	17	429	18	433	2.16e-117	345
MDC1078229.1	QIZ21453.1	57.477	214	91	0	1	214	1	214	7.40e-72	213
MDC1078230.1	QIZ21452.1	86.164	889	123	0	1	889	1	889	0.0	1596
MDC1078231.1	QIZ21451.1	72.959	196	52	1	1	195	1	196	7.22e-95	270
MDC1078232.1	QIZ21450.1	89.381	113	12	0	1	113	1	113	1.30e-74	212
MDC1078233.1	QIZ21449.1	72.868	387	105	0	7	393	10	396	0.0	612
MDC1078234.1	QIZ21448.1	75.105	478	119	0	1	478	1	478	0.0	757
MDC1078235.1	QIZ21447.1	92.138	318	25	0	1	318	1	318	0.0	615
MDC1078236.1	QIZ21446.1	57.965	226	90	1	18	238	18	243	4.05e-91	264
MDC1078237.1	QIZ21445.1	72.300	213	59	0	1	213	1	213	3.36e-114	320
MDC1078238.1	QIZ21444.1	84.459	740	115	0	1	740	1	740	0.0	1291
MDC1078239.1	QIZ21443.1	87.324	284	36	0	1	284	1	284	2.37e-173	476
MDC1078240.1	QIZ21442.1	69.082	414	128	0	4	417	2	415	0.0	615
MDC1078241.1	QIZ21441.1	73.829	363	89	4	13	371	13	373	0.0	549
MDC1078242.1	QIZ21440.1	84.807	362	54	1	1	361	1	362	0.0	643
MDC1078243.1	QIZ21439.1	80.155	388	77	0	1	388	1	388	0.0	662
MDC1078244.1	QIZ21438.1	75.304	247	61	0	1	247	1	247	9.91e-138	383
MDC1078245.1	QIZ21437.1	88.402	388	45	0	1	388	1	388	0.0	739
MDC1078246.1	QIZ21436.1	93.333	195	13	0	1	195	1	195	1.38e-136	375
MDC1078247.1	QIZ21435.1	62.257	257	97	0	5	261	4	260	3.62e-119	337
MDC1078248.1	QIZ21224.1	79.293	396	81	1	1	395	1	396	0.0	667
MDC1078249.1	QIZ21223.1	67.007	294	97	0	1	294	1	294	5.60e-149	415
MDC1078250.1	QIZ21221.1	68.939	132	40	1	2	132	36	167	3.74e-58	173
MDC1078251.1	QIZ21220.1	80.174	691	137	0	1	691	1	691	0.0	1154
MDC1078253.1	QIZ21219.1	75.789	95	21	1	9	101	7	101	1.69e-50	150
MDC1078254.1	QIZ21218.1	91.284	436	38	0	1	436	1	436	0.0	800
MDC1078255.1	QIZ21217.1	86.705	173	23	0	1	173	6	178	1.02e-115	321
MDC1078256.1	QIZ21216.1	67.010	97	32	0	3	99	2	98	1.68e-48	145
MDC1078257.1	QIZ21215.1	74.882	211	53	0	1	211	1	211	3.16e-118	330
MDC1078258.1	QIZ21214.1	72.789	294	80	0	1	294	1	294	5.41e-160	443
MDC1078259.1	QIZ21213.1	74.150	147	38	0	1	147	1	147	4.13e-83	236
MDC1078260.1	QIZ21212.1	63.333	270	98	1	1	270	1	269	2.37e-129	363
MDC1078261.1	QIZ21211.1	54.167	288	132	0	1	288	1	288	5.37e-111	319
MDC1078262.1	QIZ21210.1	80.173	1039	206	0	1	1039	1	1039	0.0	1662
MDC1078263.1	QIZ21209.1	78.351	194	41	1	13	205	6	199	2.13e-115	323
MDC1078264.1	QIZ21208.1	58.621	116	47	1	8	123	5	119	3.53e-44	137
MDC1078265.1	QIZ21207.1	67.647	238	76	1	1	237	1	238	1.60e-120	338
MDC1078266.1	QIZ21206.1	59.735	226	90	1	1	225	1	226	6.06e-91	263
MDC1078267.1	QIZ21205.1	59.076	303	122	2	6	306	7	309	6.83e-110	318
MDC1078268.1	QIZ21204.1	47.973	148	75	2	1	147	1	147	8.10e-46	142
MDC1078269.1	QIZ21203.1	91.355	428	37	0	1	428	1	428	0.0	795
MDC1078270.1	QIZ21202.1	71.401	514	142	3	1	512	1	511	0.0	678
MDC1078271.1	QIZ21201.1	90.213	235	23	0	1	235	1	235	7.58e-159	435
MDC1078272.1	QIZ21200.1	83.477	926	149	2	1	924	1	924	0.0	1568
MDC1078273.1	QIZ21198.1	65.027	183	64	0	1	183	1	183	3.34e-85	244
MDC1078274.1	QIZ21197.1	88.770	187	21	0	1	187	1	187	5.56e-122	338
MDC1078275.1	QIZ21196.1	78.426	394	83	1	1	394	1	392	0.0	652
MDC1078276.1	QIZ21195.1	90.173	346	34	0	1	346	1	346	0.0	635
MDC1078277.1	QIZ21194.1	88.966	290	32	0	1	290	1	290	0.0	514
MDC1078278.1	QIZ21193.1	78.333	180	39	0	1	180	1	180	5.39e-102	287
MDC1078279.1	QIZ21192.1	85.981	107	12	1	1	104	1	107	3.30e-51	152
MDC1078280.1	QIZ21191.1	69.741	347	105	0	1	347	1	347	1.07e-177	492
MDC1078281.1	QIZ21190.1	85.192	520	77	0	1	520	6	525	0.0	913
MDC1078282.1	QIZ21189.1	79.418	481	97	1	1	479	1	481	0.0	720
MDC1078283.1	QIZ21188.1	81.619	457	84	0	1	457	1	457	0.0	705
MDC1078284.1	QIZ21187.1	55.510	245	105	2	5	248	6	247	3.98e-89	260
MDC1078285.1	QIZ21186.1	70.805	298	87	0	1	298	1	298	5.54e-155	431
MDC1078286.1	QIZ21185.1	65.556	360	124	0	1	360	1	360	2.11e-179	498
MDC1078287.1	QIZ21184.1	79.121	364	76	0	6	369	6	369	0.0	611
MDC1078288.1	QIZ21183.1	75.127	197	49	0	1	197	1	197	7.91e-108	303
MDC1078289.1	QIZ21182.1	66.527	239	80	0	1	239	1	239	1.05e-119	337
MDC1078290.1	QIZ21181.1	85.600	125	18	0	1	125	1	125	1.09e-75	216
MDC1078291.1	QIZ21180.1	94.048	84	5	0	1	84	1	84	7.25e-54	157
MDC1078292.1	QIZ21179.1	79.511	327	67	0	1	327	1	327	0.0	514
MDC1078293.1	QIZ21178.1	73.641	368	97	0	1	368	1	368	0.0	539
MDC1078294.1	QIZ21177.1	65.865	416	142	0	1	416	1	416	0.0	541
MDC1078295.1	QIZ21176.1	57.803	173	73	0	1	173	8	180	3.72e-67	198
MDC1078296.1	QIZ21175.1	85.345	116	17	0	1	116	1	116	1.02e-69	200
MDC1078297.1	QIZ21174.1	83.565	359	58	1	21	378	21	379	0.0	612
MDC1078298.1	QIZ21173.1	78.146	151	33	0	7	157	7	157	1.62e-89	254
MDC1078299.1	QIZ21172.1	77.692	130	29	0	1	130	1	130	7.62e-71	204
MDC1078300.1	QIZ21171.1	95.551	472	21	0	1	472	1	472	0.0	919
MDC1078301.1	QIZ21170.1	85.911	291	41	0	1	291	1	291	0.0	516
MDC1078302.1	QIZ21169.1	92.927	509	36	0	1	509	1	509	0.0	974
MDC1078303.1	QIZ21168.1	69.730	185	56	0	1	185	1	185	3.96e-91	260
MDC1078304.1	QIZ21167.1	76.959	651	150	0	1	651	1	651	0.0	1055
MDC1078307.1	QIZ20805.1	40.284	422	209	9	192	597	1	395	5.02e-92	285
MDC1078308.1	QIZ21166.1	83.047	466	79	0	1	466	1	466	0.0	801
MDC1078309.1	QIZ21165.1	80.930	430	77	2	1	430	1	425	0.0	706
MDC1078310.1	QIZ21164.1	78.431	969	203	4	1	964	1	968	0.0	1619
MDC1078311.1	QIZ21163.1	89.347	291	31	0	1	291	1	291	0.0	508
MDC1078312.1	QIZ21162.1	84.456	386	60	0	1	386	1	386	0.0	665
MDC1078313.1	QIZ21161.1	86.250	320	44	0	1	320	1	320	0.0	567
MDC1078314.1	QIZ21160.1	93.561	497	32	0	1	497	1	497	0.0	972
MDC1078315.1	QIZ21159.1	86.381	257	35	0	1	257	1	257	1.20e-174	477
MDC1078316.1	QIZ21158.1	92.047	591	46	1	1	591	1	590	0.0	1153
MDC1078317.1	QIZ21157.1	60.185	108	43	0	1	108	1	108	1.28e-36	116
MDC1078318.1	QIZ21156.1	70.079	127	38	0	1	127	1	127	6.92e-64	186
MDC1078319.1	QIZ21155.1	76.435	331	78	0	1	331	1	331	0.0	528
MDC1078320.1	QIZ21154.1	78.862	369	78	0	2	370	1	369	0.0	596
MDC1078321.1	QIZ21153.1	67.704	257	82	1	1	256	1	257	1.36e-136	380
MDC1078322.1	QIZ21152.1	76.350	537	127	0	1	537	1	537	0.0	886
MDC1078323.1	QIZ21151.1	83.646	587	96	0	1	587	1	587	0.0	1046
MDC1078324.1	QIZ21150.1	91.304	368	32	0	1	368	1	368	0.0	674
MDC1078325.1	QIZ21149.1	85.075	201	30	0	1	201	9	209	2.15e-125	348
MDC1078326.1	QIZ21148.1	90.364	467	45	0	1	467	1	467	0.0	877
MDC1078327.1	QIZ21147.1	78.613	173	30	3	1	167	1	172	4.72e-93	264
MDC1078328.1	QIZ21146.1	84.211	228	36	0	1	228	1	228	8.82e-149	409
MDC1078329.1	QIZ21145.1	87.850	107	13	0	1	107	1	107	9.72e-67	196
MDC1078330.1	QIZ21144.1	89.602	452	47	0	1	452	1	452	0.0	793
MDC1078331.1	QIZ21143.1	67.883	274	88	0	1	274	1	274	2.15e-126	356
MDC1078332.1	QIZ21142.1	82.623	305	53	0	1	305	1	305	0.0	514
MDC1078333.1	QIZ21141.1	67.914	187	60	0	1	187	1	187	5.45e-95	270
MDC1078334.1	QIZ21140.1	65.354	254	88	0	19	272	19	272	1.47e-131	369
MDC1078335.1	QIZ21139.1	77.055	292	67	0	1	292	1	292	4.30e-158	439
MDC1078336.1	QIZ21138.1	70.690	58	17	0	1	58	2	59	1.89e-24	81.6
MDC1078337.1	QIZ21137.1	72.624	442	120	1	1	441	1	442	0.0	625
MDC1078338.1	QIZ21136.1	88.079	453	54	0	1	453	1	453	0.0	776
MDC1078339.1	QIZ21135.1	82.564	195	33	1	1	195	2	195	5.10e-123	341
MDC1078340.1	QIZ21134.1	86.528	386	51	1	1	386	1	385	0.0	684
MDC1078343.1	QIZ21133.1	80.392	357	70	0	1	357	1	357	0.0	604
MDC1078344.1	QIZ21132.1	83.008	359	61	0	1	359	1	359	0.0	597
MDC1078345.1	QIZ21131.1	94.681	282	15	0	1	282	1	282	0.0	531
MDC1078346.1	QIZ21130.1	96.154	286	11	0	1	286	1	286	0.0	547
MDC1078347.1	QIZ21129.1	94.727	512	26	1	1	512	1	511	0.0	1002
MDC1078348.1	QIZ21128.1	87.819	353	43	0	1	353	1	353	0.0	632
MDC1078349.1	QIZ21127.1	63.380	355	130	0	5	359	5	359	1.55e-167	468
MDC1078350.1	QIZ21126.1	73.383	402	103	2	1	401	1	399	0.0	534
MDC1078351.1	QIZ21125.1	86.751	317	42	0	1	317	1	317	0.0	575
MDC1078355.1	QIZ21087.1	39.373	287	162	4	1	284	1	278	2.16e-62	194
MDC1078356.1	QIZ21078.1	68.571	210	65	1	2	210	4	213	2.06e-106	301
MDC1078357.1	QIZ21077.1	48.626	364	179	4	1	356	14	377	9.01e-108	316
MDC1078358.1	QIZ21076.1	76.149	696	166	0	1	696	1	696	0.0	1027
MDC1078359.1	QIZ21075.1	56.522	184	79	1	1	183	1	184	9.40e-69	203
MDC1078360.1	QIZ21074.1	60.241	166	65	1	1	166	1	165	8.68e-70	204
MDC1078361.1	QIZ21073.1	76.033	121	29	0	1	121	1	121	1.51e-66	192
MDC1078363.1	QIZ21071.1	86.454	251	34	0	1	251	1	251	1.45e-164	451
MDC1078364.1	QIZ21070.1	87.137	241	29	1	1	241	1	239	3.20e-153	421
MDC1078365.1	QIZ21068.1	81.250	208	39	0	1	208	1	208	4.58e-127	352
MDC1078366.1	QIZ21067.1	93.878	196	12	0	1	196	1	196	5.01e-139	382
MDC1078367.1	QIZ21066.1	88.889	171	19	0	1	171	1	171	1.78e-112	313
MDC1078368.1	QIZ21065.1	87.527	457	53	3	1	455	1	455	0.0	785
MDC1078369.1	QIZ21064.1	59.701	134	53	1	4	136	35	168	5.03e-54	163
MDC1078370.1	QIZ21063.1	76.768	198	45	1	1	198	1	197	8.18e-110	308
MDC1078371.1	QIZ21062.1	66.429	140	46	1	1	140	1	139	3.92e-53	160
MDC1078372.1	QIZ21061.1	61.429	140	54	0	1	140	1	140	3.01e-62	183
MDC1078373.1	QIZ21060.1	73.543	223	57	2	1	221	1	223	6.00e-119	333
MDC1078374.1	QIZ21059.1	57.627	177	75	0	1	177	1	177	2.09e-65	195
MDC1078375.1	QIZ21058.1	52.471	263	124	1	1	262	1	263	4.74e-98	284
MDC1078376.1	QIZ21057.1	73.298	191	51	0	1	191	1	191	3.64e-98	278
MDC1078377.1	QIZ21056.1	78.755	273	58	0	1	273	1	273	3.82e-162	447
MDC1078378.1	QIZ21055.1	73.574	333	88	0	1	333	1	333	0.0	516
MDC1078379.1	QIZ21054.1	35.385	325	185	9	14	319	11	329	1.56e-59	191
MDC1078381.1	QIZ21052.1	94.076	422	25	0	1	422	1	422	0.0	811
MDC1078382.1	QIZ21050.1	79.684	443	90	0	1	443	1	443	0.0	719
MDC1078383.1	QIZ21049.1	87.159	623	80	0	1	623	1	623	0.0	1117
MDC1078384.1	QIZ21048.1	58.294	211	88	0	3	213	2	212	3.17e-89	257
MDC1078385.1	QIZ21047.1	84.091	264	42	0	1	264	1	264	3.96e-166	456
MDC1078386.1	QIZ21046.1	71.326	279	80	0	2	280	4	282	5.20e-142	396
MDC1078387.1	QIZ21045.1	48.930	327	163	2	1	325	1	325	5.09e-90	268
MDC1078389.1	QIZ21043.1	67.967	846	267	4	1	845	1	843	0.0	1206
MDC1078390.1	QIZ21042.1	57.895	171	63	5	7	174	9	173	4.27e-67	199
MDC1078391.1	QIZ21041.1	34.648	355	193	8	2	345	3	329	8.34e-47	157
MDC1078392.1	QIZ21040.1	66.279	172	57	1	1	172	5	175	7.92e-74	215
MDC1078393.1	QIZ21039.1	60.550	218	83	1	1	218	1	215	1.60e-94	271
MDC1078394.1	QIZ21038.1	55.758	165	69	3	1	164	1	162	7.21e-52	159
MDC1078395.1	QIZ21037.1	40.000	195	101	3	4	186	2	192	7.51e-38	125
MDC1078396.1	QIZ21036.1	70.550	309	90	1	1	309	1	308	1.08e-162	451
MDC1078397.1	QIZ21035.1	80.500	200	39	0	18	217	18	217	2.73e-125	349
MDC1078398.1	QIZ21034.1	80.545	257	50	0	1	257	1	257	4.67e-156	430
MDC1078399.1	QIZ21033.1	85.185	378	51	2	1	378	1	373	0.0	636
MDC1078400.1	QIZ21032.1	91.256	629	54	1	1	629	1	628	0.0	1159
MDC1078401.1	QIZ21031.1	72.222	180	50	0	34	213	32	211	5.95e-95	271
MDC1078402.1	QIZ21030.1	65.816	196	67	0	3	198	5	200	6.58e-85	245
MDC1078403.1	QIZ21029.1	60.260	385	150	2	1	384	1	383	3.92e-156	440
MDC1078404.1	QIZ21028.1	61.511	278	107	0	9	286	10	287	1.74e-122	347
MDC1078405.1	QIZ21027.1	73.469	196	52	0	1	196	1	196	2.62e-108	304
MDC1078406.1	QIZ21026.1	84.494	761	117	1	1	761	1	760	0.0	1305
MDC1078407.1	QIZ21025.1	69.548	509	154	1	1	509	1	508	0.0	682
MDC1078408.1	QIZ21024.1	78.679	333	71	0	1	333	1	333	0.0	547
MDC1078409.1	QIZ21023.1	76.111	180	42	1	1	179	1	180	2.07e-100	283
MDC1078411.1	QIZ21022.1	62.651	332	123	1	22	353	2	332	1.22e-155	436
MDC1078412.1	QIZ21021.1	65.625	128	44	0	1	128	1	128	1.03e-57	171
MDC1078413.1	QIZ21020.1	90.441	136	13	0	1	136	1	136	3.20e-89	251
MDC1078414.1	QIZ21019.1	72.870	446	117	1	1	442	10	455	0.0	673
MDC1078415.1	QIZ21018.1	88.485	330	38	0	1	330	1	330	0.0	600
MDC1078416.1	QIZ21017.1	63.816	152	55	0	1	152	1	152	7.02e-58	173
MDC1078417.1	QIZ21016.1	56.137	497	217	1	16	511	19	515	0.0	525
MDC1078418.1	QIZ21015.1	88.689	389	44	0	1	389	1	389	0.0	700
MDC1078419.1	QIZ21014.1	91.132	530	47	0	1	530	1	530	0.0	960
MDC1078420.1	QIZ21013.1	79.840	749	128	6	1	739	1	736	0.0	1169
MDC1078421.1	QIZ21012.1	85.246	122	18	0	1	122	1	122	3.36e-75	214
MDC1078422.1	QIZ21011.1	85.366	82	12	0	1	82	1	82	1.28e-46	139
MDC1078423.1	QIZ21010.1	93.333	690	46	0	1	690	1	690	0.0	1319
MDC1078426.1	QIZ21008.1	88.889	261	29	0	1	261	1	261	0.0	495
MDC1078427.1	QIZ21007.1	94.293	403	23	0	1	403	1	403	0.0	795
MDC1078428.1	QIZ21006.1	88.554	166	19	0	1	166	1	166	2.69e-109	304
MDC1078429.1	QIZ21005.1	79.577	142	29	0	1	142	1	142	1.14e-80	230
MDC1078430.1	QIZ21004.1	94.891	137	7	0	1	137	1	137	2.25e-95	267
MDC1078431.1	QIZ21003.1	84.650	443	68	0	1	443	1	443	0.0	808
MDC1078432.1	QIZ21002.1	75.510	196	47	1	1	195	1	196	1.68e-112	315
MDC1078433.1	QIZ21001.1	63.889	144	52	0	6	149	5	148	2.50e-66	194
MDC1078434.1	QIZ21000.1	67.600	250	81	0	1	250	1	250	2.22e-121	342
MDC1078435.1	QIZ20999.1	71.724	145	41	0	1	145	1	145	4.03e-78	224
MDC1078436.1	QIZ20998.1	74.314	401	101	1	1	399	1	401	0.0	601
MDC1078437.1	QIZ20997.1	82.950	522	89	0	1	522	1	522	0.0	884
MDC1078438.1	QIZ20996.1	77.253	233	53	0	1	233	1	233	6.17e-137	380
MDC1078439.1	QIZ20995.1	63.986	286	103	0	1	286	1	286	8.53e-120	340
MDC1078440.1	QIZ20994.1	84.884	86	13	0	1	86	1	86	2.90e-48	144
MDC1078441.1	QIZ20993.1	82.241	473	81	3	1	473	1	470	0.0	784
MDC1078442.1	QIZ20992.1	88.649	370	42	0	1	370	1	370	0.0	670
MDC1078443.1	QIZ20991.1	67.811	233	75	0	1	233	1	233	2.00e-111	315
MDC1078444.1	QIZ20990.1	68.317	404	128	0	1	404	1	404	0.0	564
MDC1078445.1	QIZ20989.1	78.049	451	99	0	1	451	1	451	0.0	721
MDC1078446.1	QIZ20988.1	58.480	171	69	1	1	169	1	171	1.22e-68	202
MDC1078447.1	QIZ20987.1	76.119	67	16	0	1	67	1	67	2.03e-24	82.4
MDC1078448.1	QIZ20986.1	68.372	215	68	0	1	215	1	215	1.12e-113	319
MDC1078449.1	QIZ20985.1	85.484	186	27	0	4	189	3	188	1.48e-122	340
MDC1078450.1	QIZ20984.1	83.815	173	28	0	3	175	5	177	1.37e-98	278
MDC1078451.1	QIZ20983.1	48.366	153	76	2	4	154	2	153	5.22e-43	136
MDC1078452.1	QIZ20982.1	66.667	198	66	0	1	198	1	198	2.84e-95	271
MDC1078453.1	QIZ20981.1	65.432	567	193	1	1	564	1	567	0.0	722
MDC1078454.1	QIZ20980.1	75.738	305	65	5	1	297	1	304	2.19e-143	402
MDC1078455.1	QIZ20979.1	86.111	108	15	0	1	108	1	108	3.91e-67	193
MDC1078456.1	QIZ20978.1	62.222	135	51	0	1	135	4	138	4.09e-55	165
MDC1078457.1	QIZ20977.1	79.224	799	166	0	1	799	3	801	0.0	1317
MDC1078458.1	QIZ20976.1	82.979	141	24	0	1	141	1	141	1.08e-89	253
MDC1078459.1	QIZ20975.1	68.274	394	121	1	1	390	1	394	0.0	568
MDC1078460.1	QIZ20974.1	86.305	1015	133	4	1	1012	1	1012	0.0	1847
MDC1078461.1	QIZ20973.1	70.000	430	121	4	1	429	1	423	0.0	592
MDC1078462.1	QIZ20972.1	74.265	136	35	0	1	136	1	136	1.09e-71	212
MDC1078464.1	QIZ20582.1	76.577	111	26	0	1	111	1	111	3.40e-49	148
MDC1078465.1	QIZ20888.1	31.250	208	133	3	12	212	12	216	9.07e-29	103
MDC1078466.1	QIZ20673.1	75.472	424	103	1	1	424	1	423	0.0	642
MDC1078467.1	QIZ20672.1	81.818	286	52	0	1	286	1	286	1.33e-177	487
MDC1078468.1	QIZ20671.1	72.492	309	83	2	1	307	1	309	1.36e-164	456
MDC1078469.1	QIZ20670.1	76.566	431	101	0	1	431	1	431	0.0	694
MDC1078471.1	QIZ20669.1	89.979	479	48	0	15	493	15	493	0.0	899
MDC1078472.1	QIZ20668.1	65.746	181	62	0	1	181	1	181	3.36e-81	234
MDC1078473.1	QIZ20667.1	82.264	795	140	1	1	795	1	794	0.0	1269
MDC1078474.1	QIZ20666.1	84.322	472	74	0	1	472	1	472	0.0	836
MDC1078475.1	QIZ20665.1	80.921	152	29	0	1	152	1	152	1.60e-78	225
MDC1078476.1	QIZ20664.1	91.429	70	6	0	21	90	1	70	8.41e-44	132
MDC1078477.1	QIZ20663.1	76.923	104	24	0	1	104	1	104	3.24e-59	174
MDC1078478.1	QIZ20662.1	69.805	308	93	0	1	308	1	308	2.27e-149	417
MDC1078479.1	QIZ20661.1	82.449	245	42	1	1	244	3	247	1.83e-148	410
MDC1078480.1	QIZ20660.1	92.405	79	6	0	1	79	1	79	9.21e-47	139
MDC1078481.1	QIZ20659.1	75.714	210	51	0	1	210	1	210	5.67e-119	332
MDC1078482.1	QIZ20658.1	60.920	261	101	1	2	262	3	262	2.27e-112	320
MDC1078483.1	QIZ20657.1	47.385	325	160	3	1	319	1	320	6.05e-92	272
MDC1078484.1	QIZ20656.1	39.542	306	181	3	15	319	2	304	4.46e-62	195
MDC1078485.1	QIZ20655.1	42.233	824	446	9	1	812	1	806	0.0	603
MDC1078486.1	QIZ20654.1	47.887	355	185	0	4	358	3	357	3.46e-100	296
MDC1078487.1	QIZ20653.1	42.553	376	213	3	1	375	1	374	1.35e-99	296
MDC1078488.1	QIZ20652.1	65.200	500	148	7	1	489	1	485	0.0	600
MDC1078489.1	QIZ20651.1	89.706	136	14	0	1	136	1	136	1.22e-78	224
MDC1078490.1	QIZ20650.1	61.053	190	74	0	1	190	1	190	1.50e-77	226
MDC1078491.1	QIZ20649.1	78.592	341	73	0	1	341	1	341	0.0	513
MDC1078492.1	QIZ20648.1	39.368	348	209	1	6	351	12	359	1.75e-80	245
MDC1078493.1	QIZ20647.1	68.807	218	68	0	1	218	5	222	2.70e-97	278
MDC1078494.1	QIZ20646.1	83.642	593	97	0	3	595	2	594	0.0	1047
MDC1078495.1	QIZ20645.1	80.797	276	47	2	1	273	1	273	9.46e-164	451
MDC1078496.1	QIZ20644.1	73.333	120	31	1	1	120	1	119	4.55e-62	181
MDC1078497.1	QIZ20643.1	60.825	97	38	0	39	135	36	132	2.57e-43	135
MDC1078498.1	QIZ20642.1	92.135	445	35	0	1	445	1	445	0.0	852
MDC1078499.1	QIZ20641.1	71.918	146	34	2	1	144	1	141	6.83e-73	210
MDC1078500.1	QIZ20640.1	72.794	136	37	0	10	145	10	145	2.10e-75	217
MDC1078502.1	QIZ20638.1	87.795	254	31	0	3	256	4	257	6.26e-165	452
MDC1078503.1	QIZ20637.1	78.130	599	113	4	1	592	1	588	0.0	914
MDC1078505.1	QIZ20863.1	41.975	243	133	5	103	341	104	342	8.88e-53	174
MDC1078506.1	QIZ20636.1	45.442	713	384	5	20	728	19	730	3.52e-178	523
MDC1078507.1	QIZ20635.1	77.206	408	93	0	1	408	1	408	0.0	649
MDC1078508.1	QIZ20634.1	48.677	378	185	4	6	381	5	375	3.33e-121	351
MDC1078509.1	QIZ20633.1	88.991	218	24	0	1	218	1	218	5.87e-144	396
MDC1078510.1	QIZ20632.1	76.429	140	33	0	1	140	1	140	1.69e-79	227
MDC1078511.1	QIZ20631.1	92.083	480	38	0	1	480	1	480	0.0	930
MDC1078512.1	QIZ20630.1	79.424	243	50	0	1	243	1	243	2.22e-140	389
MDC1078513.1	QIZ20629.1	48.687	419	205	3	1	413	1	415	9.58e-128	370
MDC1078514.1	QIZ20628.1	87.376	404	51	0	1	404	1	404	0.0	754
MDC1078515.1	QIZ20627.1	81.818	154	28	0	1	154	1	154	1.76e-92	261
MDC1078516.1	QIZ20626.1	75.510	98	24	0	1	98	1	98	6.91e-52	154
MDC1078517.1	QIZ20625.1	86.364	110	15	0	1	110	1	110	4.44e-70	201
MDC1078519.1	QIZ20624.1	92.094	468	37	0	1	468	1	468	0.0	915
MDC1078520.1	QIZ20623.1	64.780	159	56	0	1	159	1	159	3.38e-69	202
MDC1078521.1	QIZ20622.1	81.017	295	56	0	1	295	1	295	6.41e-168	463
MDC1078522.1	QIZ20621.1	70.861	302	86	2	1	300	1	302	2.93e-151	421
MDC1078523.1	QIZ20620.1	63.776	196	71	0	1	196	1	196	1.74e-84	244
MDC1078524.1	QIZ20619.1	64.919	248	87	0	1	248	1	248	3.42e-90	262
MDC1078525.1	QIZ20618.1	82.530	166	29	0	1	166	1	166	7.06e-97	273
MDC1078526.1	QIZ20617.1	81.481	81	15	0	1	81	1	81	3.30e-48	143
MDC1078534.1	QIZ20614.1	65.089	169	59	0	1	169	1	169	9.76e-82	236
MDC1078535.1	QIZ20613.1	73.510	302	79	1	1	302	1	301	4.85e-172	474
MDC1078536.1	QIZ20608.1	74.818	274	69	0	1	274	1	274	4.83e-154	426
MDC1078537.1	QIZ20607.1	44.340	106	58	1	2	106	3	108	5.70e-25	86.7
MDC1078538.1	QIZ20606.1	84.792	480	73	0	1	480	1	480	0.0	869
MDC1078539.1	QIZ20599.1	78.667	300	64	0	1	300	1	300	0.0	506
MDC1078540.1	QIZ20598.1	78.465	404	87	0	1	404	3	406	0.0	674
MDC1078541.1	QIZ20597.1	82.131	291	51	1	1	291	1	290	0.0	499
MDC1078542.1	QIZ20596.1	73.498	283	75	0	3	285	18	300	5.86e-148	412
MDC1078543.1	QIZ20595.1	65.147	373	120	3	1	370	1	366	2.31e-176	490
MDC1078544.1	QIZ20588.1	74.377	281	72	0	1	281	1	281	5.14e-164	452
MDC1078545.1	QIZ20587.1	74.043	235	61	0	1	235	1	235	1.05e-120	338
MDC1078546.1	QIZ20586.1	89.062	192	21	0	1	192	1	192	6.32e-128	353
MDC1078547.1	QIZ21150.1	33.148	359	202	14	1	337	4	346	9.01e-45	153
MDC1078551.1	QIZ20213.1	73.333	150	40	0	21	170	28	177	1.14e-76	222
MDC1078552.1	QIZ20211.1	76.042	96	23	0	1	96	1	96	2.57e-51	152
MDC1078556.1	QIZ21449.1	38.058	381	231	3	7	384	14	392	4.09e-88	268
MDC1078557.1	QIZ20542.1	49.370	476	237	2	1	473	1	475	4.60e-154	443
MDC1078563.1	QIZ20541.1	75.563	311	76	0	1	311	1	311	1.01e-177	489
MDC1078564.1	QIZ20540.1	81.961	255	46	0	1	255	1	255	8.94e-156	429
MDC1078565.1	QIZ20218.1	82.181	376	67	0	4	379	5	380	0.0	650
MDC1078566.1	QIZ21525.1	92.941	425	29	1	1	424	1	425	0.0	828
MDC1078568.1	QIZ21524.1	87.368	475	60	0	1	475	1	475	0.0	871
MDC1078569.1	QIZ20310.1	61.446	83	32	0	1	83	1	83	1.98e-33	106
MDC1078571.1	QIZ21104.1	74.797	123	31	0	1	123	1	123	2.24e-61	180
MDC1078572.1	QIZ21105.1	79.605	152	29	1	1	150	1	152	3.86e-78	224
MDC1078576.1	QIZ20508.1	74.803	381	96	0	1	381	481	861	0.0	568
MDC1078577.1	QIZ20958.1	38.813	219	132	2	21	238	16	233	2.66e-50	160
MDC1078578.1	QIZ20952.1	87.299	685	87	0	1	685	1	685	0.0	1244
MDC1078579.1	QIZ20951.1	62.911	426	158	0	1	426	1	426	0.0	547
MDC1078580.1	QIZ20950.1	69.934	602	179	2	1	600	1	602	0.0	849
MDC1078581.1	QIZ20949.1	90.741	324	30	0	1	324	1	324	0.0	629
MDC1078582.1	QIZ20948.1	80.571	175	34	0	1	175	1	175	2.46e-107	300
MDC1078583.1	QIZ20947.1	66.279	86	29	0	1	86	10	95	5.51e-34	108
MDC1078584.1	QIZ20946.1	64.481	366	130	0	1	366	1	366	3.99e-155	437
MDC1078585.1	QIZ20945.1	65.476	168	58	0	1	168	1	168	1.42e-75	219
MDC1078587.1	QIZ20944.1	53.963	593	265	3	1	592	1	586	0.0	610
MDC1078588.1	QIZ20943.1	80.814	172	33	0	1	172	1	172	9.55e-104	291
MDC1078589.1	QIZ20942.1	65.161	310	108	0	1	310	1	310	9.78e-148	413
MDC1078590.1	QIZ20941.1	65.854	246	84	0	1	246	1	246	3.23e-122	343
MDC1078591.1	QIZ20940.1	80.769	156	30	0	1	156	1	156	1.25e-95	269
MDC1078592.1	QIZ20939.1	78.641	309	66	0	1	309	1	309	0.0	514
MDC1078593.1	QIZ20937.1	77.344	384	87	0	1	384	1	384	0.0	620
MDC1078594.1	QIZ20936.1	74.909	275	66	1	1	272	1	275	1.86e-161	445
MDC1078595.1	QIZ20935.1	85.520	221	32	0	1	221	1	221	4.26e-144	397
MDC1078596.1	QIZ20934.1	67.014	288	95	0	1	288	1	288	9.84e-138	386
MDC1078597.1	QIZ20933.1	73.166	559	149	1	1	559	1	558	0.0	879
MDC1078598.1	QIZ20932.1	69.880	83	25	0	1	83	1	83	9.57e-38	117
MDC1078599.1	QIZ20931.1	75.439	114	27	1	1	113	1	114	3.05e-55	163
MDC1078600.1	QIZ20930.1	84.000	50	8	0	1	50	1	50	2.07e-23	78.6
MDC1078601.1	QIZ20929.1	65.690	239	82	0	1	239	1	239	2.20e-118	333
MDC1078602.1	QIZ20928.1	87.879	66	6	2	1	65	1	65	3.51e-26	86.7
MDC1078603.1	QIZ20927.1	75.676	185	44	1	1	184	1	185	5.60e-99	280
MDC1078604.1	QIZ20926.1	80.096	417	83	0	1	417	1	417	0.0	661
MDC1078605.1	QIZ20925.1	67.969	128	41	0	1	128	1	128	8.83e-63	184
MDC1078606.1	QIZ20924.1	80.094	427	85	0	1	427	1	427	0.0	680
MDC1078607.1	QIZ20923.1	83.099	71	12	0	1	71	1	71	3.10e-41	125
MDC1078608.1	QIZ21496.1	73.846	65	17	0	3	67	2	66	1.06e-31	100
MDC1078609.1	QIZ20922.1	67.024	467	150	3	1	465	1	465	0.0	617
MDC1078610.1	QIZ20921.1	47.278	349	179	3	1	348	1	345	2.52e-110	321
MDC1078611.1	QIZ20920.1	51.965	229	109	1	1	229	1	228	2.24e-78	231
MDC1078613.1	QIZ20908.1	47.826	230	113	3	1	223	1	230	3.62e-69	207
MDC1078614.1	QIZ20898.1	36.590	481	290	6	4	481	5	473	1.92e-106	321
MDC1078615.1	QIZ20897.1	62.617	107	37	2	1	105	1	106	2.28e-43	133
MDC1078616.1	QIZ20896.1	49.296	426	208	6	1	422	1	422	8.27e-138	397
MDC1078617.1	QIZ20895.1	76.299	308	73	0	1	308	1	308	0.0	505
MDC1078618.1	QIZ20894.1	82.129	263	47	0	4	266	2	264	4.64e-147	408
MDC1078619.1	QIZ20893.1	87.255	408	52	0	2	409	1	408	0.0	751
MDC1078620.1	QIZ20892.1	70.244	205	61	0	3	207	5	209	2.63e-101	287
MDC1078621.1	QIZ20891.1	38.261	230	134	6	1	224	2	229	1.01e-38	129
MDC1078622.1	QIZ20890.1	82.979	94	16	0	1	94	1	94	9.24e-55	160
MDC1078623.1	QIZ20889.1	85.938	576	80	1	1	575	1	576	0.0	1014
MDC1078624.1	QIZ20887.1	68.735	419	131	0	19	437	19	437	0.0	548
MDC1078625.1	QIZ20886.1	74.806	258	65	0	1	258	1	258	2.80e-140	390
MDC1078626.1	QIZ20885.1	42.708	192	106	1	1	188	1	192	8.86e-41	132
MDC1078627.1	QIZ20884.1	70.968	310	89	1	13	321	13	322	7.28e-157	437
MDC1078628.1	QIZ20883.1	85.222	203	30	0	1	203	1	203	1.81e-131	363
MDC1078629.1	QIZ20882.1	74.843	318	80	0	1	318	1	318	0.0	511
MDC1078630.1	QIZ20881.1	76.506	166	37	2	1	164	1	166	1.24e-93	265
MDC1078631.1	QIZ20879.1	78.553	387	83	0	1	387	1	387	0.0	603
MDC1078632.1	QIZ20878.1	81.230	309	58	0	1	309	1	309	0.0	517
MDC1078633.1	QIZ20877.1	71.823	181	47	2	1	179	11	189	8.41e-96	271
MDC1078634.1	QIZ20876.1	63.786	243	88	0	2	244	3	245	1.30e-105	301
MDC1078635.1	QIZ20875.1	82.609	276	48	0	1	276	1	276	6.21e-175	479
MDC1078636.1	QIZ20874.1	71.631	564	139	5	1	550	1	557	0.0	776
MDC1078637.1	QIZ20873.1	80.000	105	21	0	1	105	1	105	3.10e-58	170
MDC1078638.1	QIZ20872.1	83.744	203	33	0	1	203	1	203	1.94e-128	355
MDC1078639.1	QIZ20871.1	77.123	730	156	3	1	719	4	733	0.0	1188
MDC1078640.1	QIZ20870.1	77.260	365	80	1	1	362	1	365	0.0	581
MDC1078641.1	QIZ20869.1	76.230	854	196	3	1	853	1	848	0.0	1332
MDC1078642.1	QIZ20868.1	68.357	414	131	0	3	416	20	433	0.0	591
MDC1078643.1	QIZ20867.1	62.937	143	52	1	1	142	1	143	3.83e-52	158
MDC1078644.1	QIZ20866.1	75.000	240	60	0	1	240	1	240	2.27e-133	371
MDC1078645.1	QIZ20865.1	73.827	405	104	1	1	405	1	403	0.0	609
MDC1078646.1	QIZ20864.1	86.813	364	48	0	1	364	1	364	0.0	652
MDC1078647.1	QIZ20863.1	85.154	357	53	0	1	357	1	357	0.0	593
MDC1078648.1	QIZ20862.1	58.755	257	106	0	24	280	24	280	2.81e-105	303
MDC1078649.1	QIZ20861.1	65.347	101	23	2	4	104	16	104	4.68e-38	122
MDC1078650.1	QIZ20860.1	67.085	398	129	2	32	427	35	432	0.0	546
MDC1078659.1	QIZ20795.1	26.012	346	215	10	5	320	4	338	9.47e-21	87.0
MDC1078662.1	QIZ21401.1	24.783	577	385	15	3	556	6	556	6.94e-48	171
MDC1078665.1	QIZ20661.1	33.203	256	152	9	5	258	6	244	2.18e-28	104
MDC1078667.1	QIZ20384.1	81.522	92	17	0	1	92	1	92	2.84e-51	154
MDC1078668.1	QIZ20385.1	85.431	858	115	1	1	858	1	848	0.0	1459
MDC1078669.1	QIZ20386.1	89.542	153	15	1	1	152	1	153	3.22e-94	265
MDC1078670.1	QIZ20387.1	88.409	949	109	1	1	949	1	948	0.0	1749
MDC1078671.1	QIZ20388.1	78.500	200	40	1	1	200	1	197	8.60e-115	321
MDC1078672.1	QIZ20389.1	75.768	293	71	0	1	293	1	293	2.42e-160	444
MDC1078673.1	QIZ20390.1	75.822	517	125	0	1	517	1	517	0.0	785
MDC1078674.1	QIZ20391.1	85.870	92	13	0	4	95	3	94	8.00e-54	158
MDC1078675.1	QIZ20392.1	75.540	417	102	0	1	417	1	417	0.0	672
MDC1078676.1	QIZ20393.1	86.000	250	35	0	1	250	1	250	1.94e-157	433
MDC1078677.1	QIZ20394.1	77.419	62	14	0	1	62	1	62	4.00e-26	87.4
MDC1078678.1	QIZ20395.1	82.353	68	10	1	1	66	1	68	1.18e-36	113
MDC1078679.1	QIZ20396.1	83.036	224	38	0	10	233	13	236	3.89e-141	390
MDC1078680.1	QIZ20397.1	81.967	244	44	0	1	244	1	244	3.60e-138	384
MDC1078681.1	QIZ20398.1	64.762	315	111	0	1	315	2	316	5.69e-145	407
MDC1078682.1	QIZ20399.1	53.571	84	39	0	1	84	1	84	2.31e-27	91.3
MDC1078683.1	QIZ20400.1	71.404	577	165	0	1	577	1	577	0.0	840
MDC1078684.1	QIZ20401.1	69.482	367	112	0	1	367	1	367	0.0	505
MDC1078685.1	QIZ20402.1	81.905	105	19	0	1	105	1	105	2.10e-60	176
MDC1078686.1	QIZ20403.1	81.008	258	49	0	1	258	1	258	7.26e-161	442
MDC1078687.1	QIZ20404.1	80.120	332	66	0	1	332	1	332	0.0	553
MDC1078690.1	QIZ20409.1	91.667	72	6	0	1	72	1	72	5.00e-44	132
MDC1078691.1	QIZ20411.1	85.358	321	47	0	1	321	1	321	0.0	568
MDC1078692.1	QIZ20412.1	87.531	401	50	0	1	401	1	401	0.0	687
MDC1078693.1	QIZ20413.1	91.434	572	49	0	1	572	1	572	0.0	1093
MDC1078694.1	QIZ20414.1	79.429	875	179	1	1	874	1	875	0.0	1479
MDC1078695.1	QIZ20415.1	90.244	123	12	0	1	123	1	123	2.62e-77	220
MDC1078696.1	QIZ20416.1	91.803	244	20	0	1	244	1	244	7.58e-171	466
MDC1078697.1	QIZ20417.1	63.830	470	105	4	15	480	18	426	0.0	573
MDC1078698.1	QIZ20418.1	72.105	380	106	0	4	383	2	381	0.0	532
MDC1078699.1	QIZ20419.1	94.798	346	18	0	1	346	1	346	0.0	687
MDC1078700.1	QIZ20420.1	65.245	469	162	1	1	468	1	469	9.57e-176	497
MDC1078701.1	QIZ20421.1	79.610	461	94	0	1	461	1	461	0.0	684
MDC1078702.1	QIZ20422.1	74.945	451	113	0	1	451	1	451	0.0	691
MDC1078703.1	QIZ20423.1	66.836	591	196	0	1	591	1	591	0.0	748
MDC1078704.1	QIZ20424.1	50.674	371	180	2	1	368	1	371	1.93e-102	303
MDC1078705.1	QIZ20425.1	72.455	167	46	0	1	167	1	167	1.47e-81	234
MDC1078706.1	QIZ20426.1	75.912	137	33	0	17	153	16	152	8.62e-72	208
MDC1078707.1	QIZ20427.1	73.793	145	38	0	1	145	1	145	3.34e-78	224
MDC1078708.1	QIZ20428.1	80.065	306	61	0	1	306	3	308	0.0	511
MDC1078709.1	QIZ20691.1	89.640	888	92	0	1	888	34	921	0.0	1700
MDC1078710.1	QIZ20692.1	66.250	480	162	0	4	483	12	491	0.0	688
MDC1078712.1	QIZ20694.1	86.376	367	50	0	1	367	1	367	0.0	647
MDC1078713.1	QIZ20695.1	73.548	155	41	0	1	155	1	155	4.38e-65	191
MDC1078714.1	QIZ20696.1	57.317	246	105	0	3	248	4	249	1.10e-102	295
MDC1078715.1	QIZ20697.1	64.286	182	65	0	1	182	1	182	5.01e-84	241
MDC1078716.1	QIZ20698.1	72.194	392	109	0	1	392	1	392	0.0	577
MDC1078718.1	QIZ20699.1	72.771	415	112	1	1	415	1	414	0.0	623
MDC1078719.1	QIZ20700.1	86.975	952	124	0	1	952	1	952	0.0	1730
MDC1078720.1	QIZ20701.1	88.889	126	14	0	1	126	1	126	1.09e-82	234
MDC1078721.1	QIZ20702.1	69.146	363	112	0	5	367	5	367	0.0	519
MDC1078722.1	QIZ20703.1	66.212	293	95	1	1	289	1	293	6.68e-134	377
MDC1078723.1	QIZ20704.1	56.508	315	135	2	1	313	1	315	2.59e-122	349
MDC1078724.1	QIZ20705.1	61.947	226	82	1	1	222	1	226	1.02e-99	285
MDC1078725.1	QIZ20706.1	76.654	257	60	0	1	257	9	265	1.33e-148	411
MDC1078726.1	QIZ20707.1	65.269	167	53	3	1	166	1	163	1.61e-73	214
MDC1078727.1	QIZ20714.1	65.196	204	70	1	1	203	1	204	3.40e-92	264
MDC1078728.1	QIZ20715.1	64.981	257	89	1	3	259	2	257	6.65e-119	336
MDC1078729.1	QIZ20716.1	80.451	133	26	0	1	133	7	139	6.34e-83	235
MDC1078730.1	QIZ20717.1	79.655	521	104	2	1	519	1	521	0.0	833
MDC1078731.1	QIZ20718.1	50.345	145	72	0	1	145	1	145	2.23e-49	151
MDC1078732.1	QIZ20719.1	82.402	358	63	0	1	358	1	358	0.0	583
MDC1078733.1	QIZ20720.1	73.399	203	54	0	1	203	1	203	5.89e-110	309
MDC1078734.1	QIZ20721.1	52.159	301	140	2	1	297	1	301	3.22e-114	327
MDC1078735.1	QIZ20722.1	68.657	268	83	1	1	268	1	267	1.19e-128	361
MDC1078736.1	QIZ20723.1	78.140	215	47	0	1	215	1	215	3.81e-130	361
MDC1078737.1	QIZ20724.1	88.119	404	48	0	1	404	1	404	0.0	761
MDC1078738.1	QIZ20725.1	76.014	888	213	0	1	888	1	888	0.0	1399
MDC1078739.1	QIZ20726.1	88.251	383	45	0	1	383	1	383	0.0	690
MDC1078740.1	QIZ20727.1	58.993	417	166	2	19	430	15	431	3.65e-166	469
MDC1078741.1	QIZ20728.1	66.667	273	91	0	3	275	35	307	4.58e-136	382
MDC1078742.1	QIZ21238.1	75.524	143	35	0	1	143	163	305	2.03e-75	223
MDC1078743.1	QIZ21239.1	80.899	890	169	1	1	889	15	904	0.0	1490
MDC1078744.1	QIZ21240.1	50.336	149	74	0	8	156	7	155	2.65e-43	137
MDC1078746.1	QIZ21242.1	54.848	330	138	4	58	382	54	377	4.91e-121	351
MDC1078747.1	QIZ21243.1	56.216	185	81	0	1	185	1	185	4.89e-67	199
MDC1078748.1	QIZ21244.1	61.520	421	162	0	1	421	1	421	0.0	538
MDC1078749.1	QIZ21245.1	78.333	60	13	0	1	60	1	60	6.40e-32	100
MDC1078750.1	QIZ21246.1	59.930	287	114	1	1	287	1	286	2.20e-119	339
MDC1078751.1	QIZ21247.1	47.115	312	159	5	1	308	1	310	1.85e-84	253
MDC1078752.1	QIZ21248.1	51.319	417	193	2	1	410	1	414	3.03e-130	377
MDC1078753.1	QIZ21249.1	62.522	579	216	1	1	579	1	578	0.0	726
MDC1078754.1	QIZ21250.1	64.085	284	101	1	4	286	3	286	7.18e-132	371
MDC1078755.1	QIZ21251.1	87.218	133	17	0	1	133	1	133	1.66e-87	246
MDC1078756.1	QIZ21252.1	84.520	323	50	0	1	323	1	323	0.0	572
MDC1078757.1	QIZ21253.1	80.287	279	54	1	1	278	1	279	1.33e-169	466
MDC1078758.1	QIZ21254.1	75.641	78	19	0	1	78	1	78	6.93e-44	132
MDC1078759.1	QIZ21256.1	82.727	220	38	0	1	220	1	220	2.46e-125	349
MDC1078760.1	QIZ21257.1	69.099	233	72	0	1	233	1	233	4.40e-114	322
MDC1078761.1	QIZ21258.1	77.122	271	62	0	1	271	1	271	7.87e-155	428
MDC1078762.1	QIZ21259.1	94.669	544	29	0	1	544	1	544	0.0	994
MDC1078763.1	QIZ21260.1	83.721	301	49	0	4	304	3	303	0.0	518
MDC1078764.1	QIZ21262.1	80.682	176	34	0	2	177	1	176	3.37e-110	307
MDC1078765.1	QIZ21263.1	88.550	262	30	0	1	262	1	262	3.29e-169	464
MDC1078766.1	QIZ21264.1	69.124	217	67	0	1	217	1	217	8.33e-100	284
MDC1078767.1	QIZ21265.1	68.845	459	142	1	1	459	1	458	0.0	654
MDC1078768.1	QIZ21266.1	73.292	161	43	0	1	161	1	161	4.23e-90	255
MDC1078769.1	QIZ21267.1	69.504	141	43	0	1	141	1	141	6.83e-72	207
MDC1078770.1	QIZ21268.1	57.188	320	137	0	1	320	1	320	1.59e-126	360
MDC1078771.1	QIZ21269.1	76.752	314	73	0	1	314	1	314	0.0	503
MDC1078772.1	QIZ21270.1	58.197	244	102	0	1	244	68	311	1.57e-89	263
MDC1078773.1	QIZ20360.1	59.251	454	180	4	1	451	1	452	6.32e-180	515
MDC1078774.1	QIZ20361.1	76.471	85	20	0	1	85	1	85	7.56e-44	133
MDC1078775.1	QIZ20362.1	43.085	564	315	5	1	559	1	563	1.06e-147	432
MDC1078776.1	QIZ20363.1	68.506	308	97	0	1	308	1	308	4.36e-154	429
MDC1078777.1	QIZ20364.1	55.247	324	141	3	1	322	1	322	2.40e-123	353
MDC1078778.1	QIZ20365.1	73.118	93	25	0	1	93	1	93	4.57e-47	141
MDC1078779.1	QIZ20366.1	37.791	172	93	5	1	163	1	167	7.31e-32	108
MDC1078780.1	QIZ20367.1	82.308	390	69	0	1	390	1	390	0.0	590
MDC1078781.1	QIZ20368.1	65.294	170	59	0	14	183	1	170	9.72e-83	238
MDC1078782.1	QIZ20369.1	61.089	257	97	2	1	256	3	257	1.51e-112	320
MDC1078783.1	QIZ20370.1	61.417	254	97	1	1	253	1	254	7.39e-111	315
MDC1078784.1	QIZ20371.1	76.712	511	119	0	4	514	3	513	0.0	820
MDC1078786.1	QIZ20372.1	55.056	178	79	1	4	180	3	180	3.13e-60	186
MDC1078787.1	QIZ20373.1	63.547	203	74	0	1	203	1	203	4.11e-82	238
MDC1078788.1	QIZ20374.1	72.324	383	106	0	1	383	1	383	0.0	570
MDC1078789.1	QIZ20375.1	50.463	216	100	4	38	248	38	251	1.47e-62	192
MDC1078790.1	QIZ20376.1	64.078	309	111	0	25	333	25	333	1.69e-145	409
MDC1078791.1	QIZ20377.1	71.821	291	82	0	2	292	3	293	1.68e-139	391
MDC1078793.1	QIZ20379.1	71.010	683	197	1	1	682	1	683	0.0	975
MDC1078794.1	QIZ20380.1	72.589	197	54	0	5	201	4	200	1.68e-97	278
MDC1078795.1	QIZ20381.1	77.372	274	62	0	1	274	1	274	5.21e-171	469
MDC1078796.1	QIZ20382.1	81.081	370	70	0	1	370	1	370	0.0	635
MDC1078797.1	QIZ20383.1	79.891	184	37	0	1	184	1	184	1.42e-109	306
MDC1078798.1	QIZ20286.1	95.726	117	5	0	1	117	226	342	1.95e-79	233
MDC1078799.1	QIZ20287.1	89.262	149	12	1	1	149	1	145	2.56e-94	265
MDC1078800.1	QIZ20288.1	74.419	301	77	0	1	301	1	301	1.46e-163	453
MDC1078801.1	QIZ20289.1	60.488	205	81	0	1	205	1	205	1.15e-91	263
MDC1078802.1	QIZ20290.1	87.090	457	59	0	1	457	1	457	0.0	816
MDC1078803.1	QIZ20291.1	52.768	271	126	2	1	270	11	280	1.03e-88	261
MDC1078804.1	QIZ20292.1	76.296	270	64	0	1	270	1	270	1.80e-144	402
MDC1078805.1	QIZ20293.1	63.573	431	156	1	1	430	1	431	0.0	546
MDC1078806.1	QIZ20294.1	69.935	153	46	0	1	153	1	153	3.35e-78	224
MDC1078807.1	QIZ20296.1	82.864	852	143	1	1	849	1	852	0.0	1436
MDC1078808.1	QIZ20297.1	70.833	192	55	1	1	192	1	191	3.91e-96	273
MDC1078809.1	QIZ20742.1	26.988	415	260	12	28	423	25	415	7.77e-37	135
MDC1078810.1	QIZ20298.1	91.374	313	27	0	1	313	1	313	0.0	595
MDC1078811.1	QIZ20299.1	74.834	151	38	0	1	151	1	151	5.59e-78	224
MDC1078812.1	QIZ20300.1	82.105	95	17	0	1	95	1	95	3.11e-53	157
MDC1078813.1	QIZ20301.1	87.629	485	60	0	1	485	1	485	0.0	861
MDC1078814.1	QIZ20302.1	88.798	491	55	0	1	491	1	491	0.0	876
MDC1078815.1	QIZ20303.1	71.759	216	61	0	1	216	1	216	3.06e-117	328
MDC1078816.1	QIZ20304.1	67.550	302	97	1	1	302	1	301	2.22e-153	427
MDC1078817.1	QIZ20305.1	82.018	456	82	0	1	456	1	456	0.0	754
MDC1078818.1	QIZ20306.1	66.038	159	51	2	1	158	1	157	2.89e-73	213
MDC1078819.1	QIZ20311.1	88.066	243	29	0	1	243	1	243	1.36e-130	364
MDC1078820.1	QIZ20312.1	87.764	237	29	0	1	237	19	255	1.57e-153	422
MDC1078825.1	QIZ21593.1	85.838	346	49	0	1	346	1	346	0.0	597
MDC1078826.1	QIZ20180.1	77.083	288	61	2	1	288	1	283	3.41e-162	448
MDC1078827.1	QIZ20181.1	90.435	230	22	0	1	230	1	230	1.10e-152	419
MDC1078828.1	QIZ20182.1	83.036	224	38	0	1	224	1	224	1.56e-136	378
MDC1078829.1	QIZ20183.1	86.822	129	17	0	1	129	1	129	4.49e-77	220
MDC1078830.1	QIZ20184.1	67.532	308	100	0	1	308	1	308	3.31e-150	419
MDC1078831.1	QIZ20190.1	73.259	359	96	0	1	359	1	359	0.0	558
MDC1078832.1	QIZ20191.1	70.718	181	53	0	1	181	1	181	1.83e-98	278
MDC1078833.1	QIZ20192.1	81.437	167	31	0	1	167	1	167	1.64e-100	282
MDC1078834.1	QIZ20196.1	71.981	207	50	1	1	207	1	199	1.69e-114	320
MDC1078835.1	QIZ20197.1	86.159	289	40	0	1	289	1	289	0.0	525
MDC1078836.1	QIZ20198.1	77.916	403	86	2	1	401	1	402	0.0	563
MDC1078837.1	QIZ20204.1	56.875	320	138	0	1	320	1	320	2.11e-143	404
MDC1078838.1	QIZ20205.1	49.231	260	131	1	3	261	18	277	5.04e-61	189
MDC1078839.1	QIZ20208.1	76.033	121	29	0	1	121	1	121	3.19e-63	185
MDC1078840.1	QIZ20220.1	83.264	484	81	0	1	484	1	484	0.0	832
MDC1078841.1	QIZ20221.1	89.612	645	66	1	1	644	1	645	0.0	1220
MDC1078842.1	QIZ20222.1	84.257	343	47	2	1	337	1	342	0.0	615
MDC1078843.1	QIZ20225.1	85.294	374	55	0	1	374	1	374	0.0	670
MDC1078844.1	QIZ20226.1	93.488	215	14	0	1	215	84	298	5.34e-152	419
MDC1078846.1	QIZ21319.1	87.273	220	28	0	1	220	1	220	4.03e-148	407
MDC1078847.1	QIZ21318.1	65.495	313	107	1	1	312	1	313	3.51e-147	412
MDC1078848.1	QIZ21317.1	91.720	314	26	0	1	314	1	314	0.0	606
MDC1078849.1	QIZ21058.1	31.538	260	156	8	3	255	4	248	8.72e-25	95.9
MDC1078850.1	QIZ20560.1	33.820	411	266	6	19	426	17	424	5.69e-63	205
MDC1078854.1	QIZ21314.1	75.879	398	92	1	1	394	1	398	0.0	644
MDC1078855.1	QIZ21313.1	90.323	713	69	0	1	713	1	713	0.0	1356
MDC1078856.1	QIZ21312.1	78.400	250	54	0	1	250	1	250	4.29e-139	386
MDC1078857.1	QIZ21311.1	81.953	338	61	0	1	338	1	338	0.0	561
MDC1078858.1	QIZ21310.1	85.106	141	21	0	1	141	1	141	3.53e-82	234
MDC1078859.1	QIZ21309.1	85.270	611	90	0	1	611	1	611	0.0	1100
MDC1078860.1	QIZ21308.1	90.674	193	18	0	1	193	1	193	2.16e-128	355
MDC1078861.1	QIZ21307.1	87.586	290	36	0	1	290	1	290	0.0	545
MDC1078862.1	QIZ21306.1	77.083	144	33	0	1	144	1	144	3.49e-76	219
MDC1078863.1	QIZ21305.1	76.000	225	54	0	1	225	1	225	4.55e-125	349
MDC1078867.1	QIZ20746.1	87.684	885	109	0	1	885	1	885	0.0	1615
MDC1078868.1	QIZ20747.1	58.309	686	286	0	1	686	1	686	0.0	797
MDC1078869.1	QIZ20748.1	78.571	294	62	1	1	293	1	294	8.04e-180	493
MDC1078870.1	QIZ20749.1	81.343	268	50	0	1	268	1	268	7.73e-148	410
MDC1078871.1	QIZ20750.1	76.558	337	79	0	1	337	1	337	0.0	539
MDC1078872.1	QIZ20751.1	70.192	208	62	0	1	208	1	208	1.77e-111	313
MDC1078873.1	QIZ20752.1	87.778	360	44	0	1	360	1	360	0.0	649
MDC1078874.1	QIZ20753.1	75.399	626	154	0	1	626	1	626	0.0	1006
MDC1078875.1	QIZ20754.1	66.341	205	69	0	1	205	86	290	7.85e-85	248
MDC1078876.1	QIZ20313.1	53.333	150	68	1	1	148	1	150	4.43e-58	174
MDC1078877.1	QIZ20314.1	80.339	1002	196	1	1	1001	1	1002	0.0	1721
MDC1078878.1	QIZ20315.1	94.382	89	5	0	1	89	1	89	1.47e-64	185
MDC1078879.1	QIZ20316.1	95.683	417	18	0	1	417	1	417	0.0	836
MDC1078880.1	QIZ20317.1	69.512	738	223	2	1	738	1	736	0.0	1070
MDC1078881.1	QIZ20318.1	79.522	293	60	0	1	293	1	293	9.75e-179	490
MDC1078882.1	QIZ20319.1	89.744	156	16	0	1	156	1	156	5.10e-103	287
MDC1078883.1	QIZ20320.1	50.943	159	75	1	3	158	15	173	5.44e-48	149
MDC1078884.1	QIZ20321.1	78.291	585	123	1	1	581	1	585	0.0	954
MDC1078885.1	QIZ20322.1	80.000	195	39	0	1	195	1	195	2.99e-104	294
MDC1078886.1	QIZ20323.1	64.286	238	85	0	1	238	1	238	1.10e-103	296
MDC1078887.1	QIZ20324.1	57.317	82	35	0	1	82	1	82	1.56e-29	97.8
MDC1078888.1	QIZ20966.1	68.750	64	20	0	1	64	321	384	5.94e-28	98.2
MDC1078889.1	QIZ20965.1	86.991	638	83	0	1	638	1	638	0.0	1185
MDC1078890.1	QIZ20964.1	89.503	181	19	0	1	181	1	181	1.45e-122	339
MDC1078891.1	QIZ20963.1	95.588	68	3	0	1	68	1	68	1.54e-42	128
MDC1078892.1	QIZ20962.1	94.915	118	6	0	1	118	1	118	2.63e-81	229
MDC1078893.1	QIZ20961.1	84.507	355	55	0	1	355	1	355	0.0	629
MDC1078894.1	QIZ20960.1	69.950	802	241	0	1	802	1	802	0.0	1129
MDC1078895.1	QIZ20959.1	88.462	598	69	0	1	598	4	601	0.0	1105
MDC1078898.1	QIZ20790.1	84.177	158	25	0	1	158	205	362	3.06e-92	268
MDC1078899.1	QIZ20789.1	86.316	95	13	0	1	95	1	95	2.21e-53	158
MDC1078900.1	QIZ20788.1	90.948	464	42	0	1	464	1	464	0.0	860
MDC1078901.1	QIZ20853.1	54.310	232	106	0	1	232	7	238	6.33e-88	256
MDC1078902.1	QIZ20786.1	95.312	64	3	0	1	64	1	64	1.09e-37	115
MDC1078903.1	QIZ20785.1	83.429	175	29	0	1	175	1	175	3.13e-110	309
MDC1078904.1	QIZ20784.1	90.789	76	7	0	1	76	1	76	2.23e-50	148
MDC1078905.1	QIZ20783.1	81.707	246	45	0	1	246	1	246	9.29e-150	413
MDC1078906.1	QIZ20782.1	79.570	186	38	0	1	186	1	186	1.62e-117	327
MDC1078907.1	QIZ20781.1	68.500	200	62	1	6	204	8	207	4.24e-84	244
MDC1078908.1	QIZ20780.1	74.551	334	85	0	1	334	1	334	0.0	528
MDC1078909.1	QIZ20779.1	67.602	392	127	0	1	392	1	392	0.0	538
MDC1078910.1	QIZ20778.1	78.378	333	72	0	1	333	1	333	0.0	549
MDC1078911.1	QIZ21230.1	65.487	113	39	0	1	113	209	321	1.51e-47	150
MDC1078912.1	QIZ21231.1	64.035	228	79	2	1	227	1	226	8.21e-109	308
MDC1078913.1	QIZ21232.1	76.279	215	51	0	1	215	1	215	1.47e-116	327
MDC1078914.1	QIZ21233.1	89.404	604	64	0	1	604	1	604	0.0	1124
MDC1078917.1	QIZ21235.1	90.737	529	49	0	2	530	1	529	0.0	964
MDC1078918.1	QIZ21236.1	92.708	96	7	0	1	96	1	96	2.09e-61	177
MDC1078919.1	QIZ21237.1	70.588	272	80	0	1	272	1	272	2.88e-146	406
MDC1078921.1	QIZ20729.1	83.146	89	15	0	1	89	1	89	4.51e-56	164
MDC1078922.1	QIZ21069.1	72.581	62	17	0	1	62	1	62	3.30e-32	101
MDC1078923.1	QIZ20731.1	79.389	131	27	0	1	131	1	131	2.69e-79	226
MDC1078924.1	QIZ20732.1	82.353	425	75	0	1	425	1	425	0.0	732
MDC1078925.1	QIZ20733.1	56.207	290	127	0	1	290	1	290	1.54e-117	335
MDC1078927.1	QIZ20734.1	75.758	165	32	1	13	177	24	180	1.89e-88	253
MDC1078928.1	QIZ20736.1	67.633	207	67	0	1	207	1	207	2.10e-110	310
MDC1078929.1	QIZ20737.1	80.723	83	16	0	1	83	256	338	4.58e-46	145
MDC1078930.1	QIZ21271.1	63.407	317	116	0	1	317	1	317	3.52e-151	424
MDC1078931.1	QIZ21272.1	55.830	283	125	0	1	283	1	283	8.43e-102	295
MDC1078932.1	QIZ21273.1	79.381	485	100	0	1	485	1	485	0.0	805
MDC1078933.1	QIZ21274.1	78.182	165	36	0	1	165	4	168	1.53e-88	252
MDC1078934.1	QIZ21275.1	74.576	177	45	0	20	196	3	179	4.48e-93	265
MDC1078935.1	QIZ21276.1	100.000	75	0	0	1	75	1	75	1.79e-46	138
MDC1078936.1	QIZ21277.1	90.574	244	23	0	1	244	1	244	5.31e-165	451
MDC1078937.1	QIZ21278.1	85.714	91	13	0	1	91	1	91	4.85e-51	151
MDC1078938.1	QIZ21279.1	94.495	109	6	0	1	109	749	857	2.64e-65	206
MDC1078940.1	QIZ20346.1	71.875	96	27	0	1	96	1	96	1.79e-42	130
MDC1078941.1	QIZ20347.1	58.485	330	137	0	2	331	6	335	5.00e-131	373
MDC1078942.1	QIZ20348.1	77.818	275	61	0	1	275	168	442	1.13e-157	442
MDC1078943.1	QIZ20348.1	88.889	153	17	0	1	153	1	153	5.70e-98	285
MDC1078944.1	QIZ20349.1	81.022	137	25	1	1	136	17	153	9.27e-83	235
MDC1078945.1	QIZ20350.1	75.839	149	32	1	1	145	1	149	7.95e-84	238
MDC1078946.1	QIZ20351.1	71.212	264	76	0	1	264	1	264	5.97e-139	390
MDC1078950.1	QIZ21359.1	87.523	1074	134	0	1	1074	1	1074	0.0	1957
MDC1078951.1	QIZ21360.1	84.675	385	58	1	1	384	1	385	0.0	675
MDC1078953.1	QIZ21526.1	59.259	81	33	0	6	86	16	96	1.72e-31	102
MDC1078954.1	QIZ21226.1	70.796	113	33	0	1	113	1	113	3.39e-57	168
MDC1078955.1	QIZ21228.1	84.255	470	74	0	1	470	1	470	0.0	830
MDC1078956.1	QIZ21229.1	68.793	439	136	1	1	438	1	439	0.0	584
MDC1078958.1	QIZ21124.1	33.571	420	272	5	57	473	41	456	1.49e-75	241
MDC1078959.1	QIZ21123.1	83.420	386	64	0	1	386	1	386	0.0	673
MDC1078960.1	QIZ21122.1	87.316	339	43	0	1	339	45	383	0.0	639
MDC1078961.1	QIZ20796.1	26.183	317	215	8	5	314	3	307	3.05e-22	90.9
MDC1078962.1	QIZ20796.1	27.019	322	209	8	2	315	6	309	1.03e-24	97.4
MDC1078966.1	QIZ20282.1	91.892	370	30	0	1	370	57	426	0.0	686
MDC1078967.1	QIZ20283.1	62.441	213	80	0	1	213	1	213	8.12e-98	279
MDC1078968.1	QIZ20284.1	91.339	127	11	0	1	127	1	127	2.07e-85	241
MDC1078969.1	QIZ20285.1	86.000	150	20	1	1	149	1	150	4.15e-78	224
MDC1078970.1	QIZ20286.1	90.446	157	15	0	1	157	1	157	7.81e-101	289
MDC1078972.1	QIZ20359.1	63.722	317	102	2	1	317	1	304	2.66e-153	427
MDC1078973.1	QIZ20357.1	83.448	145	24	0	1	145	1	145	1.70e-90	255
MDC1078974.1	QIZ20356.1	93.478	92	6	0	1	92	4	95	3.08e-60	174
MDC1078975.1	QIZ21082.1	88.453	459	53	0	1	459	143	601	0.0	791
MDC1078976.1	QIZ21081.1	83.051	118	20	0	1	118	1	118	1.14e-72	207
MDC1078977.1	QIZ21080.1	81.683	202	37	0	1	202	1	202	3.45e-119	333
MDC1078980.1	QIZ21518.1	36.054	294	175	6	34	321	31	317	9.45e-46	153
MDC1078981.1	QIZ21344.1	66.447	152	51	0	1	152	1	152	1.14e-67	202
MDC1078984.1	QIZ20757.1	71.491	228	65	0	1	228	1	228	1.40e-121	344
MDC1078985.1	QIZ20234.1	80.567	494	96	0	1	494	39	532	0.0	848
MDC1078987.1	QIZ20353.1	75.000	332	83	0	1	332	98	429	3.55e-173	483
MDC1078988.1	QIZ20354.1	67.000	300	98	1	1	299	1	300	1.76e-144	404
