MDC0533135.1	QIZ20435.1	55.066	227	101	1	1	226	1	227	1.48e-64	203
MDC0533136.1	QIZ20434.1	66.400	250	75	4	1	245	1	246	7.18e-117	330
MDC0533137.1	QIZ20433.1	76.000	100	24	0	1	100	1	100	2.74e-54	160
MDC0533138.1	QIZ20432.1	86.431	538	73	0	1	538	1	538	0.0	956
MDC0533139.1	QIZ20431.1	89.416	274	29	0	1	274	1	274	1.74e-180	493
MDC0533140.1	QIZ20430.1	84.928	418	63	0	1	418	1	418	0.0	703
MDC0533141.1	QIZ20429.1	68.000	100	32	0	1	100	1	100	5.83e-44	134
MDC0533142.1	QIZ20428.1	82.508	303	53	0	1	303	3	305	0.0	510
MDC0533143.1	QIZ20427.1	66.897	145	48	0	1	145	1	145	5.72e-71	206
MDC0533144.1	QIZ20426.1	67.883	137	44	0	17	153	16	152	1.66e-65	192
MDC0533145.1	QIZ20425.1	76.647	167	39	0	1	167	1	167	8.08e-86	245
MDC0533146.1	QIZ20424.1	48.806	377	179	4	1	369	1	371	4.56e-108	317
MDC0533147.1	QIZ20423.1	63.959	591	213	0	1	591	1	591	0.0	721
MDC0533148.1	QIZ20422.1	73.614	451	119	0	1	451	1	451	0.0	686
MDC0533149.1	QIZ20421.1	80.994	463	88	0	1	463	1	463	0.0	706
MDC0533150.1	QIZ20420.1	68.817	465	144	1	5	468	5	469	0.0	523
MDC0533151.1	QIZ20419.1	94.220	346	20	0	1	346	1	346	0.0	686
MDC0533152.1	QIZ20418.1	84.514	381	59	0	1	381	1	381	0.0	613
MDC0533153.1	QIZ20417.1	85.086	409	61	0	15	423	18	426	0.0	707
MDC0533154.1	QIZ20416.1	92.083	240	19	0	1	240	5	244	3.74e-167	457
MDC0533155.1	QIZ20415.1	89.431	123	13	0	1	123	1	123	1.15e-76	218
MDC0533156.1	QIZ20414.1	81.371	875	163	0	1	875	1	875	0.0	1508
MDC0533157.1	QIZ20413.1	92.133	572	45	0	1	572	1	572	0.0	1093
MDC0533158.1	QIZ20412.1	79.052	401	79	1	1	396	1	401	0.0	629
MDC0533159.1	QIZ20411.1	87.227	321	41	0	1	321	1	321	0.0	577
MDC0533160.1	QIZ20409.1	88.889	72	8	0	1	72	1	72	2.30e-43	130
MDC0533161.1	QIZ20405.1	79.032	124	26	0	4	127	8	131	2.09e-72	208
MDC0533162.1	QIZ20406.1	80.524	267	52	0	1	267	1	267	4.04e-152	421
MDC0533163.1	QIZ20407.1	72.428	243	67	0	5	247	6	248	1.27e-129	362
MDC0533164.1	QIZ20408.1	67.500	360	102	5	4	350	1	358	1.06e-170	475
MDC0533165.1	QIZ20404.1	80.120	332	66	0	1	332	1	332	0.0	559
MDC0533166.1	QIZ20403.1	78.295	258	56	0	1	258	1	258	1.33e-158	436
MDC0533167.1	QIZ20402.1	82.857	105	18	0	1	105	1	105	4.67e-62	180
MDC0533168.1	QIZ20401.1	71.117	367	106	0	1	367	1	367	0.0	520
MDC0533169.1	QIZ20400.1	72.270	577	160	0	1	577	1	577	0.0	856
MDC0533170.1	QIZ20399.1	48.837	86	44	0	1	86	1	86	1.16e-24	84.3
MDC0533171.1	QIZ20398.1	64.444	315	112	0	1	315	2	316	1.54e-144	405
MDC0533172.1	QIZ20397.1	80.328	244	48	0	1	244	1	244	6.11e-134	373
MDC0533173.1	QIZ20396.1	80.717	223	43	0	11	233	14	236	2.50e-133	370
MDC0533174.1	QIZ20395.1	80.882	68	11	1	1	66	1	68	3.32e-35	109
MDC0533175.1	QIZ20394.1	64.286	70	25	0	1	70	1	70	1.42e-25	85.5
MDC0533176.1	QIZ20393.1	88.492	252	29	0	1	252	1	252	1.95e-163	448
MDC0533177.1	QIZ20392.1	76.499	417	98	0	1	417	1	417	0.0	669
MDC0533178.1	QIZ20391.1	79.570	93	19	0	3	95	2	94	3.27e-52	154
MDC0533179.1	QIZ20390.1	76.015	517	124	0	1	517	1	517	0.0	796
MDC0533180.1	QIZ20389.1	75.427	293	71	1	1	292	1	293	3.09e-160	444
MDC0533181.1	QIZ20388.1	80.500	200	36	1	1	200	1	197	1.66e-117	328
MDC0533182.1	QIZ20387.1	93.882	948	58	0	1	948	1	948	0.0	1837
MDC0533183.1	QIZ20386.1	88.889	153	15	2	1	151	1	153	2.77e-91	258
MDC0533184.1	QIZ20385.1	85.664	858	113	3	1	858	1	848	0.0	1455
MDC0533185.1	QIZ20384.1	80.488	164	32	0	1	164	1	164	1.86e-93	264
MDC0533186.1	QIZ20383.1	83.648	159	26	0	1	159	26	184	1.55e-99	280
MDC0533187.1	QIZ20382.1	81.622	370	68	0	1	370	1	370	0.0	640
MDC0533188.1	QIZ20381.1	74.182	275	70	1	1	274	1	275	6.29e-160	441
MDC0533189.1	QIZ20380.1	71.144	201	58	0	5	205	4	204	5.28e-98	279
MDC0533190.1	QIZ20379.1	70.132	683	204	0	1	683	1	683	0.0	969
MDC0533191.1	QIZ20378.1	58.824	85	35	0	1	85	1	85	8.80e-22	77.0
MDC0533192.1	QIZ20377.1	69.072	291	90	0	2	292	3	293	6.19e-137	384
MDC0533193.1	QIZ20376.1	61.830	317	120	1	17	333	18	333	3.50e-141	399
MDC0533194.1	QIZ20375.1	46.606	221	113	2	33	249	32	251	5.31e-59	183
MDC0533195.1	QIZ20374.1	72.368	380	104	1	4	383	5	383	0.0	578
MDC0533196.1	QIZ20373.1	66.995	203	67	0	1	203	1	203	6.43e-90	258
MDC0533197.1	QIZ20372.1	49.032	310	155	2	2	308	1	310	3.32e-96	282
MDC0533198.1	QIZ20371.1	76.218	513	122	0	1	513	1	513	0.0	821
MDC0533199.1	QIZ20370.1	61.111	252	97	1	1	251	1	252	1.16e-110	315
MDC0533200.1	QIZ20369.1	58.594	256	105	1	1	256	3	257	3.89e-108	308
MDC0533201.1	QIZ20368.1	59.412	170	68	1	13	181	1	170	3.37e-72	211
MDC0533202.1	QIZ20367.1	75.897	390	94	0	1	390	1	390	0.0	556
MDC0533203.1	QIZ20366.1	40.000	175	73	7	1	151	1	167	1.33e-27	96.7
MDC0533204.1	QIZ20365.1	68.817	93	29	0	1	93	1	93	7.86e-43	130
MDC0533205.1	QIZ20364.1	53.474	331	150	3	1	329	1	329	9.69e-122	349
MDC0533206.1	QIZ20363.1	77.778	315	70	0	1	315	1	315	0.0	510
MDC0533207.1	QIZ20362.1	63.652	564	205	0	1	564	1	564	0.0	740
MDC0533208.1	QIZ20361.1	58.333	84	35	0	1	84	1	84	1.69e-31	101
MDC0533209.1	QIZ20360.1	41.760	716	385	15	1	700	7	706	9.11e-167	491
MDC0533210.1	QIZ20354.1	76.667	300	70	0	1	300	1	300	4.88e-167	461
MDC0533211.1	QIZ20355.1	86.121	281	39	0	1	281	1	281	3.87e-172	473
MDC0533212.1	QIZ20356.1	74.725	91	23	0	1	91	4	94	9.65e-47	140
MDC0533213.1	QIZ20357.1	75.862	145	35	0	1	145	1	145	1.45e-80	230
MDC0533214.1	QIZ20359.1	63.208	318	104	2	1	318	1	305	1.73e-152	426
MDC0533216.1	QIZ20353.1	78.605	430	92	0	1	430	1	430	0.0	649
MDC0533218.1	QIZ20351.1	71.681	339	96	0	1	339	1	339	0.0	503
MDC0533219.1	QIZ20350.1	77.698	139	31	0	7	145	11	149	9.91e-81	230
MDC0533220.1	QIZ20349.1	77.124	153	34	1	1	152	1	153	9.76e-91	256
MDC0533221.1	QIZ20348.1	94.796	442	23	0	1	442	1	442	0.0	846
MDC0533222.1	QIZ20347.1	49.401	334	165	2	1	332	1	332	5.97e-95	281
MDC0533223.1	QIZ20346.1	72.917	96	26	0	1	96	1	96	6.83e-41	125
MDC0533224.1	QIZ20345.1	92.063	63	5	0	1	63	1	63	5.28e-38	116
MDC0533225.1	QIZ20344.1	64.463	121	42	1	1	120	2	122	3.48e-45	139
MDC0533226.1	QIZ20343.1	68.041	97	31	0	2	98	3	99	6.18e-44	134
MDC0533227.1	QIZ20342.1	78.378	333	72	0	1	333	1	333	0.0	528
MDC0533228.1	QIZ20341.1	91.667	60	5	0	1	60	1	60	2.20e-38	117
MDC0533229.1	QIZ20340.1	65.000	140	49	0	1	140	15	154	5.58e-53	160
MDC0533230.1	QIZ20339.1	51.825	137	66	0	17	153	17	153	8.90e-52	157
MDC0533231.1	QIZ20338.1	94.579	701	38	0	1	701	1	701	0.0	1282
MDC0533232.1	QIZ20337.1	67.398	319	104	0	1	319	1	319	8.12e-145	407
MDC0533233.1	QIZ20336.1	66.418	134	45	0	1	134	1	134	9.94e-64	186
MDC0533234.1	QIZ20335.1	75.000	128	32	0	1	128	1	128	6.49e-71	204
MDC0533235.1	QIZ20334.1	92.623	366	27	0	1	366	1	366	0.0	657
MDC0533236.1	QIZ20333.1	77.157	197	45	0	1	197	1	197	4.70e-110	308
MDC0533238.1	QIZ20332.1	92.763	152	11	0	1	152	1	152	1.62e-104	291
MDC0533239.1	QIZ20331.1	91.284	436	38	0	1	436	1	436	0.0	829
MDC0533240.1	QIZ20330.1	76.596	141	33	0	1	141	1	141	4.13e-77	221
MDC0533241.1	QIZ20329.1	77.835	194	43	0	3	196	20	213	1.78e-117	328
MDC0533242.1	QIZ20328.1	79.331	329	68	0	1	329	1	329	0.0	550
MDC0533243.1	QIZ20327.1	64.602	226	80	0	1	226	1	226	4.78e-101	288
MDC0533244.1	QIZ20326.1	71.946	221	62	0	1	221	1	221	4.68e-113	318
MDC0533245.1	QIZ20325.1	73.361	244	65	0	1	244	1	244	7.41e-138	383
MDC0533246.1	QIZ20324.1	59.524	126	51	0	1	126	1	126	2.88e-48	147
MDC0533247.1	QIZ20323.1	64.831	236	83	0	1	236	1	236	2.64e-101	290
MDC0533248.1	QIZ20322.1	79.592	196	39	1	1	196	1	195	2.01e-104	294
MDC0533249.1	QIZ20321.1	80.000	585	113	1	1	581	1	585	0.0	973
MDC0533250.1	QIZ20320.1	52.047	171	79	1	16	183	3	173	1.42e-55	169
MDC0533251.1	QIZ20319.1	87.179	156	20	0	1	156	1	156	5.83e-102	285
MDC0533252.1	QIZ20318.1	79.522	293	60	0	1	293	1	293	3.12e-179	491
MDC0533253.1	QIZ20317.1	67.158	746	230	5	1	741	1	736	0.0	1040
MDC0533254.1	QIZ20316.1	93.765	417	26	0	1	417	1	417	0.0	824
MDC0533255.1	QIZ20315.1	89.011	91	10	0	1	91	1	91	2.47e-61	177
MDC0533256.1	QIZ20314.1	79.441	1002	205	1	1	1001	1	1002	0.0	1707
MDC0533257.1	QIZ20313.1	64.706	187	66	0	1	187	1	187	3.10e-92	263
MDC0533258.1	QIZ20312.1	85.882	255	36	0	1	255	1	255	3.53e-158	435
MDC0533259.1	QIZ20311.1	87.654	243	30	0	1	243	1	243	3.91e-130	363
MDC0533262.1	QIZ20306.1	43.182	176	84	2	1	176	1	160	1.61e-43	138
MDC0533263.1	QIZ20305.1	83.772	456	74	0	1	456	1	456	0.0	764
MDC0533264.1	QIZ20304.1	68.212	302	95	1	1	302	1	301	1.21e-153	427
MDC0533265.1	QIZ20303.1	77.778	216	48	0	1	216	1	216	3.52e-126	351
MDC0533266.1	QIZ20302.1	90.835	491	45	0	1	491	1	491	0.0	903
MDC0533267.1	QIZ20301.1	88.660	485	55	0	1	485	1	485	0.0	873
MDC0533268.1	QIZ20300.1	80.000	95	19	0	1	95	1	95	3.60e-52	154
MDC0533269.1	QIZ20299.1	73.510	151	40	0	1	151	1	151	1.52e-79	228
MDC0533270.1	QIZ20298.1	92.949	312	22	0	1	312	1	312	0.0	601
MDC0533271.1	QIZ20742.1	26.942	412	264	11	28	423	25	415	2.18e-38	139
MDC0533272.1	QIZ20297.1	67.188	192	62	1	1	192	1	191	5.65e-87	250
MDC0533273.1	QIZ20296.1	82.981	852	143	1	1	850	1	852	0.0	1444
MDC0533275.1	QIZ20294.1	75.658	152	37	0	1	152	1	152	9.64e-87	246
MDC0533276.1	QIZ20293.1	76.620	432	101	0	1	432	1	432	0.0	668
MDC0533277.1	QIZ20292.1	79.705	271	55	0	1	271	1	271	8.46e-152	420
MDC0533278.1	QIZ20291.1	57.196	271	114	2	1	270	11	280	8.68e-96	279
MDC0533279.1	QIZ20290.1	85.558	457	66	0	1	457	1	457	0.0	803
MDC0533280.1	QIZ20289.1	63.415	205	75	0	1	205	1	205	1.32e-92	265
MDC0533281.1	QIZ20288.1	77.228	303	69	0	1	303	1	303	3.11e-170	470
MDC0533282.1	QIZ20287.1	87.755	147	16	1	1	147	1	145	1.51e-91	258
MDC0533283.1	QIZ20286.1	90.058	342	34	0	1	342	1	342	0.0	632
MDC0533284.1	QIZ20285.1	84.667	150	22	1	1	149	1	150	1.61e-76	220
MDC0533285.1	QIZ20284.1	91.339	127	11	0	1	127	1	127	5.61e-85	239
MDC0533286.1	QIZ20283.1	46.948	213	87	1	1	187	1	213	2.56e-63	190
MDC0533287.1	QIZ20282.1	90.610	426	40	0	1	426	1	426	0.0	782
MDC0533288.1	QIZ20281.1	74.839	155	32	3	1	150	1	153	2.12e-63	187
MDC0533289.1	QIZ20280.1	87.059	170	22	0	1	170	1	170	6.81e-107	298
MDC0533290.1	QIZ20279.1	83.051	118	20	0	1	118	1	118	2.40e-68	197
MDC0533291.1	QIZ20278.1	83.240	179	30	0	1	179	1	179	3.43e-106	297
MDC0533292.1	QIZ20277.1	82.443	131	23	0	1	131	1	131	6.82e-80	227
MDC0533293.1	QIZ20276.1	84.158	101	16	0	1	101	1	101	1.96e-60	176
MDC0533294.1	QIZ20275.1	85.870	184	26	0	1	184	1	184	2.84e-118	328
MDC0533295.1	QIZ20274.1	87.143	70	9	0	1	70	1	70	2.31e-37	115
MDC0533296.1	QIZ20273.1	95.902	122	5	0	1	122	1	122	1.34e-83	236
MDC0533297.1	QIZ20272.1	89.744	78	8	0	1	78	1	78	1.05e-38	119
MDC0533298.1	QIZ20271.1	88.889	63	7	0	1	63	1	63	9.42e-36	110
MDC0533299.1	QIZ20270.1	86.765	136	18	0	1	136	1	136	2.17e-88	249
MDC0533300.1	QIZ20269.1	95.111	225	11	0	1	225	1	225	2.53e-162	443
MDC0533301.1	QIZ20268.1	80.303	132	26	0	1	132	1	132	3.03e-76	218
MDC0533302.1	QIZ20267.1	86.207	87	12	0	1	87	1	87	1.06e-55	163
MDC0533303.1	QIZ20266.1	87.857	280	33	1	1	279	1	280	2.20e-176	483
MDC0533304.1	QIZ20265.1	77.320	97	22	0	2	98	1	97	4.62e-51	152
MDC0533305.1	QIZ20264.1	83.092	207	35	0	1	207	1	207	3.06e-127	353
MDC0533306.1	QIZ20263.1	87.665	227	28	0	1	227	1	227	8.40e-148	407
MDC0533307.1	QIZ20262.1	96.078	102	4	0	1	102	1	102	8.75e-70	199
MDC0533308.1	QIZ20261.1	94.653	692	37	0	1	692	1	692	0.0	1367
MDC0533309.1	QIZ20260.1	89.103	156	17	0	1	156	1	156	3.67e-103	288
MDC0533310.1	QIZ20259.1	95.122	123	6	0	1	123	1	123	3.76e-82	232
MDC0533311.1	QIZ20258.1	91.367	1390	115	3	1	1386	1	1389	0.0	2622
MDC0533312.1	QIZ20257.1	89.949	1363	136	1	1	1362	1	1363	0.0	2544
MDC0533313.1	QIZ20256.1	86.777	121	16	0	1	121	1	121	2.04e-59	174
MDC0533314.1	QIZ20255.1	80.723	166	32	0	1	166	1	166	7.29e-98	275
MDC0533315.1	QIZ20254.1	77.729	229	51	0	1	229	1	229	1.07e-131	366
MDC0533316.1	QIZ20253.1	87.770	139	17	0	5	143	3	141	4.25e-87	246
MDC0533317.1	QIZ20252.1	92.614	176	13	0	1	176	1	176	4.20e-120	332
MDC0533318.1	QIZ20251.1	87.302	63	8	0	1	63	1	63	5.02e-37	114
MDC0533319.1	QIZ20250.1	92.677	396	29	0	1	396	1	396	0.0	738
MDC0533320.1	QIZ20249.1	76.016	246	59	0	15	260	1	246	2.75e-146	405
MDC0533322.1	QIZ21540.1	55.714	140	62	0	4	143	8	147	2.62e-57	171
MDC0533323.1	QIZ21539.1	55.429	175	78	0	1	175	6	180	2.85e-62	186
MDC0533324.1	QIZ21358.1	69.231	351	108	0	1	351	1	351	6.21e-177	491
MDC0533326.1	QIZ21069.1	85.938	64	9	0	1	64	1	64	3.93e-38	116
MDC0533328.1	QIZ20248.1	68.627	255	80	0	2	256	3	257	3.78e-118	334
MDC0533339.1	QIZ20247.1	81.679	131	24	0	1	131	1	131	1.62e-78	224
MDC0533340.1	QIZ20246.1	83.534	249	41	0	1	249	1	249	2.16e-155	427
MDC0533341.1	QIZ20245.1	80.275	218	43	0	1	218	1	218	1.69e-130	363
MDC0533342.1	QIZ20244.1	85.992	257	35	1	1	257	1	256	1.54e-171	469
MDC0533343.1	QIZ20243.1	88.837	430	48	0	1	430	1	430	0.0	811
MDC0533344.1	QIZ20242.1	88.846	260	28	1	1	260	1	259	2.86e-173	474
MDC0533345.1	QIZ20241.1	78.750	80	17	0	1	80	1	80	4.02e-43	130
MDC0533346.1	QIZ20240.1	81.057	227	43	0	1	227	1	227	1.43e-141	391
MDC0533347.1	QIZ20239.1	84.890	728	110	0	1	728	1	728	0.0	1289
MDC0533348.1	QIZ20238.1	88.000	75	9	0	1	75	1	75	1.81e-46	138
MDC0533349.1	QIZ20237.1	82.727	110	19	0	1	110	1	110	5.33e-68	195
MDC0533350.1	QIZ20236.1	84.390	205	32	0	1	205	1	205	5.64e-136	375
MDC0533351.1	QIZ20235.1	76.695	236	55	0	1	236	1	236	9.99e-132	367
MDC0533352.1	QIZ20234.1	87.992	533	64	0	1	533	1	533	0.0	979
MDC0533353.1	QIZ20233.1	71.556	450	124	2	2	447	4	453	0.0	679
MDC0533354.1	QIZ20232.1	81.633	245	45	0	1	245	1	245	3.96e-154	424
MDC0533355.1	QIZ20231.1	90.196	459	45	0	1	459	1	459	0.0	877
MDC0533356.1	QIZ20230.1	82.343	606	107	0	1	606	1	606	0.0	1055
MDC0533357.1	QIZ20229.1	76.329	207	49	0	1	207	1	207	1.07e-114	321
MDC0533358.1	QIZ20228.1	80.617	227	44	0	1	227	1	227	8.90e-143	394
MDC0533359.1	QIZ20227.1	87.200	500	64	0	1	500	1	500	0.0	912
MDC0533360.1	QIZ20226.1	91.611	298	25	0	1	298	1	298	0.0	571
MDC0533361.1	QIZ20225.1	87.166	374	48	0	1	374	1	374	0.0	680
MDC0533363.1	QIZ20222.1	90.746	335	31	0	4	338	8	342	0.0	652
MDC0533364.1	QIZ20221.1	89.938	646	64	1	1	646	1	645	0.0	1223
MDC0533365.1	QIZ20220.1	83.678	484	79	0	1	484	1	484	0.0	829
MDC0533369.1	QIZ21105.1	81.208	149	26	1	7	153	1	149	6.32e-77	222
MDC0533370.1	QIZ21104.1	72.222	126	35	0	1	126	1	126	2.50e-62	182
MDC0533371.1	QIZ20310.1	60.241	83	33	0	1	83	1	83	1.58e-29	97.1
MDC0533373.1	QIZ21524.1	88.445	476	55	0	17	492	1	476	0.0	881
MDC0533375.1	QIZ21525.1	93.176	425	28	1	1	424	1	425	0.0	830
MDC0533376.1	QIZ20218.1	79.365	378	78	0	2	379	3	380	0.0	636
MDC0533377.1	QIZ20540.1	92.549	255	19	0	1	255	1	255	6.80e-171	467
MDC0533378.1	QIZ20541.1	80.386	311	61	0	1	311	1	311	0.0	517
MDC0533379.1	QIZ21534.1	80.000	110	22	0	13	122	13	122	1.34e-63	185
MDC0533380.1	QIZ20542.1	48.750	480	243	1	3	479	2	481	9.00e-151	435
MDC0533381.1	QIZ20211.1	69.474	95	29	0	1	95	1	95	1.13e-46	140
MDC0533382.1	QIZ20205.1	46.947	262	138	1	1	261	16	277	9.63e-59	184
MDC0533383.1	QIZ20204.1	59.375	320	130	0	1	320	1	320	4.87e-147	413
MDC0533384.1	QIZ20199.1	71.839	174	47	1	1	174	1	172	2.21e-84	242
MDC0533385.1	QIZ20198.1	73.632	402	106	0	1	402	1	402	0.0	530
MDC0533386.1	QIZ20197.1	87.543	289	36	0	1	289	1	289	0.0	532
MDC0533387.1	QIZ20196.1	79.899	199	40	0	1	199	1	199	6.11e-124	344
MDC0533389.1	QIZ20192.1	82.036	167	30	0	1	167	1	167	9.99e-102	285
MDC0533390.1	QIZ20191.1	75.691	181	44	0	1	181	1	181	2.14e-108	303
MDC0533391.1	QIZ20190.1	73.259	359	96	0	1	359	1	359	0.0	555
MDC0533393.1	QIZ20189.1	92.585	499	37	0	1	499	1	499	0.0	902
MDC0533394.1	QIZ20188.1	87.821	156	19	0	1	156	1	156	1.14e-97	274
MDC0533395.1	QIZ20187.1	88.344	326	38	0	1	326	1	326	0.0	564
MDC0533396.1	QIZ20185.1	74.576	354	90	0	1	354	1	354	1.15e-168	470
MDC0533397.1	QIZ20184.1	72.403	308	85	0	1	308	1	308	8.49e-160	444
MDC0533398.1	QIZ20183.1	84.496	129	20	0	1	129	1	129	3.70e-74	212
MDC0533399.1	QIZ20500.1	85.379	383	56	0	1	383	1	383	0.0	707
MDC0533400.1	QIZ20182.1	85.714	224	32	0	1	224	1	224	4.35e-143	394
MDC0533401.1	QIZ20181.1	86.957	230	30	0	1	230	1	230	2.29e-146	403
MDC0533402.1	QIZ20180.1	79.930	284	48	2	1	276	1	283	5.83e-165	454
MDC0533403.1	QIZ21593.1	85.260	346	51	0	1	346	1	346	0.0	597
MDC0533404.1	QIZ21592.1	64.671	167	58	1	1	167	1	166	1.61e-79	229
MDC0533405.1	QIZ21591.1	80.571	175	34	0	1	175	1	175	6.67e-96	271
MDC0533406.1	QIZ20851.1	33.968	315	183	10	1	309	1	296	1.29e-41	143
MDC0533411.1	QIZ21518.1	32.660	297	185	5	35	327	32	317	1.33e-41	143
MDC0533412.1	QIZ21344.1	74.468	282	72	0	1	282	1	282	4.40e-152	422
MDC0533413.1	QIZ21541.1	65.551	807	278	0	1	807	1	807	0.0	1132
MDC0533414.1	QIZ20545.1	88.251	366	43	0	1	366	1	366	0.0	628
MDC0533415.1	QIZ20546.1	95.759	448	19	0	1	448	1	448	0.0	890
MDC0533416.1	QIZ20547.1	85.350	314	45	1	1	313	1	314	0.0	537
MDC0533417.1	QIZ20548.1	92.830	265	19	0	1	265	1	265	0.0	505
MDC0533418.1	QIZ20549.1	72.897	642	168	2	1	641	1	637	0.0	971
MDC0533419.1	QIZ20550.1	79.885	174	35	0	1	174	1	174	1.18e-90	263
MDC0533420.1	QIZ21444.1	86.859	312	41	0	1	312	1	312	0.0	561
MDC0533421.1	QIZ21443.1	86.268	284	39	0	1	284	1	284	2.34e-171	471
MDC0533422.1	QIZ21442.1	68.357	414	131	0	4	417	2	415	0.0	615
MDC0533423.1	QIZ21441.1	77.072	362	81	2	13	373	13	373	0.0	577
MDC0533424.1	QIZ21440.1	85.237	359	52	1	2	359	4	362	0.0	639
MDC0533425.1	QIZ21439.1	80.155	388	77	0	1	388	1	388	0.0	666
MDC0533426.1	QIZ21438.1	71.255	247	71	0	1	247	1	247	9.59e-132	367
MDC0533427.1	QIZ21437.1	91.753	388	32	0	1	388	1	388	0.0	765
MDC0533428.1	QIZ21436.1	94.359	195	11	0	1	195	1	195	1.16e-136	376
MDC0533429.1	QIZ21435.1	63.077	260	96	0	1	260	1	260	1.05e-120	341
MDC0533430.1	QIZ21434.1	86.004	493	69	0	1	493	1	493	0.0	902
MDC0533431.1	QIZ21433.1	78.947	285	60	0	1	285	1	285	2.36e-168	463
MDC0533432.1	QIZ21432.1	91.436	397	30	2	1	393	1	397	0.0	696
MDC0533433.1	QIZ21430.1	86.305	387	53	0	1	387	1	387	0.0	650
MDC0533434.1	QIZ21429.1	88.939	443	49	0	14	456	1	443	0.0	773
MDC0533435.1	QIZ21428.1	97.321	336	9	0	1	336	1	336	0.0	649
MDC0533436.1	QIZ21427.1	88.085	235	28	0	1	235	1	235	2.57e-146	404
MDC0533437.1	QIZ21426.1	86.047	258	36	0	3	260	5	262	2.67e-165	454
MDC0533439.1	QIZ21416.1	91.837	98	8	0	1	98	1	98	7.68e-64	184
MDC0533440.1	QIZ21415.1	85.714	84	12	0	1	84	1	84	2.54e-53	156
MDC0533442.1	QIZ21414.1	82.114	123	21	1	1	122	1	123	1.20e-73	211
MDC0533443.1	QIZ21413.1	83.165	297	50	0	1	297	1	297	0.0	517
MDC0533444.1	QIZ21412.1	84.444	315	49	0	1	315	1	315	0.0	566
MDC0533445.1	QIZ21411.1	47.635	296	155	0	2	297	4	299	4.76e-95	278
MDC0533446.1	QIZ21410.1	82.524	412	72	0	1	412	1	412	0.0	722
MDC0533447.1	QIZ21409.1	71.582	373	105	1	3	375	2	373	7.87e-180	499
MDC0533448.1	QIZ21408.1	66.461	647	185	1	9	623	8	654	0.0	909
MDC0533449.1	QIZ21407.1	50.000	152	76	0	15	166	15	166	1.22e-39	128
MDC0533450.1	QIZ21406.1	43.269	416	223	5	1	406	1	413	1.89e-107	318
MDC0533451.1	QIZ21405.1	91.716	338	28	0	5	342	8	345	0.0	629
MDC0533452.1	QIZ21404.1	92.514	521	38	1	1	521	1	520	0.0	998
MDC0533453.1	QIZ21403.1	86.471	340	45	1	1	340	1	339	0.0	618
MDC0533454.1	QIZ21402.1	78.090	178	39	0	1	178	1	178	4.40e-100	282
MDC0533455.1	QIZ21401.1	85.884	588	79	1	1	584	1	588	0.0	1045
MDC0533456.1	QIZ21400.1	55.518	299	133	0	1	299	1	299	8.59e-107	309
MDC0533457.1	QIZ21399.1	73.150	473	120	4	1	468	1	471	0.0	670
MDC0533458.1	QIZ21398.1	83.607	61	10	0	1	61	1	61	8.47e-34	105
MDC0533459.1	QIZ21397.1	90.146	274	27	0	15	288	15	288	0.0	501
MDC0533460.1	QIZ21396.1	87.228	368	45	1	1	368	1	366	0.0	610
MDC0533461.1	QIZ21395.1	94.161	274	16	0	1	274	1	274	0.0	524
MDC0533462.1	QIZ21388.1	91.429	315	27	0	1	315	1	315	0.0	609
MDC0533463.1	QIZ20744.1	87.234	329	42	0	1	329	1	329	0.0	607
MDC0533464.1	QIZ20745.1	72.464	276	76	0	1	276	1	276	4.51e-145	404
MDC0533465.1	QIZ20746.1	87.020	886	115	0	1	886	1	886	0.0	1617
MDC0533466.1	QIZ20747.1	62.610	682	255	0	1	682	1	682	0.0	886
MDC0533467.1	QIZ20748.1	84.983	293	44	0	1	293	1	293	0.0	541
MDC0533468.1	QIZ20749.1	85.075	268	40	0	1	268	1	268	8.68e-152	420
MDC0533469.1	QIZ20750.1	77.745	337	75	0	1	337	1	337	0.0	548
MDC0533470.1	QIZ20751.1	71.154	208	60	0	1	208	1	208	2.17e-111	313
MDC0533471.1	QIZ20752.1	90.833	360	33	0	1	360	1	360	0.0	671
MDC0533472.1	QIZ20753.1	88.208	636	75	0	3	638	2	637	0.0	1186
MDC0533473.1	QIZ20754.1	76.552	290	68	0	1	290	1	290	3.86e-153	425
MDC0533474.1	QIZ20755.1	63.514	74	27	0	1	74	1	74	3.90e-27	90.1
MDC0533475.1	QIZ20756.1	66.667	306	102	0	2	307	5	310	5.31e-150	419
MDC0533476.1	QIZ20757.1	81.790	324	59	0	1	324	1	324	0.0	535
MDC0533477.1	QIZ20758.1	90.785	293	27	0	5	297	1	293	0.0	553
MDC0533478.1	QIZ20759.1	89.535	430	45	0	1	430	1	430	0.0	809
MDC0533479.1	QIZ20760.1	76.296	270	64	0	1	270	1	270	3.52e-151	419
MDC0533480.1	QIZ20761.1	81.264	443	83	0	1	443	1	443	0.0	729
MDC0533481.1	QIZ20762.1	69.429	350	107	0	1	350	1	350	4.75e-160	447
MDC0533482.1	QIZ20763.1	80.885	633	116	2	3	635	1	628	0.0	1011
MDC0533483.1	QIZ20764.1	51.895	343	163	1	1	341	1	343	5.71e-124	356
MDC0533484.1	QIZ20765.1	74.062	320	74	4	14	331	12	324	1.08e-173	480
MDC0533485.1	QIZ20766.1	86.452	155	20	1	4	157	5	159	1.28e-93	264
MDC0533486.1	QIZ20767.1	87.239	431	55	0	16	446	16	446	0.0	795
MDC0533487.1	QIZ20768.1	77.323	269	61	0	1	269	1	269	1.38e-134	377
MDC0533488.1	QIZ20769.1	94.203	138	8	0	1	138	1	138	1.52e-94	265
MDC0533489.1	QIZ20770.1	81.250	224	42	0	1	224	1	224	1.33e-135	375
MDC0533490.1	QIZ20771.1	84.756	164	25	0	1	164	1	164	3.31e-105	294
MDC0533491.1	QIZ20772.1	83.750	240	39	0	1	240	1	240	1.39e-153	422
MDC0533492.1	QIZ20773.1	75.373	268	66	0	1	268	1	268	2.83e-157	434
MDC0533493.1	QIZ20774.1	54.494	178	81	0	1	178	1	178	5.09e-69	203
MDC0533494.1	QIZ20775.1	74.306	144	37	0	1	144	1	144	4.21e-73	211
MDC0533495.1	QIZ20776.1	63.208	106	39	0	1	106	1	106	1.22e-37	118
MDC0533496.1	QIZ20777.1	75.613	652	159	0	1	652	1	652	0.0	1033
MDC0533497.1	QIZ20778.1	88.955	335	37	0	1	335	1	335	0.0	624
MDC0533498.1	QIZ20779.1	80.612	392	76	0	1	392	1	392	0.0	648
MDC0533499.1	QIZ20780.1	81.845	336	61	0	1	336	1	336	0.0	575
MDC0533500.1	QIZ20781.1	78.261	207	45	0	1	207	1	207	5.25e-102	289
MDC0533501.1	QIZ20782.1	80.645	186	36	0	1	186	1	186	1.27e-115	322
MDC0533502.1	QIZ20783.1	77.236	246	56	0	1	246	1	246	4.48e-141	391
MDC0533503.1	QIZ20784.1	89.474	76	8	0	1	76	1	76	1.59e-49	146
MDC0533504.1	QIZ20785.1	80.311	193	38	0	1	193	1	193	3.27e-109	306
MDC0533505.1	QIZ20786.1	95.312	64	3	0	1	64	1	64	1.09e-37	115
MDC0533506.1	QIZ20853.1	51.724	232	112	0	1	232	7	238	4.21e-82	241
MDC0533507.1	QIZ20788.1	92.672	464	34	0	2	465	1	464	0.0	874
MDC0533508.1	QIZ20789.1	91.579	95	8	0	1	95	1	95	1.25e-58	171
MDC0533509.1	QIZ20790.1	79.006	362	76	0	1	362	1	362	0.0	574
MDC0533511.1	QIZ20792.1	95.122	41	2	0	1	41	1	41	8.79e-23	76.3
MDC0533512.1	QIZ20793.1	68.729	291	91	0	1	291	1	291	3.01e-149	416
MDC0533513.1	QIZ20796.1	58.033	305	128	0	3	307	1	305	2.40e-124	354
MDC0533514.1	QIZ20795.1	50.284	352	155	4	1	345	1	339	7.83e-115	332
MDC0533518.1	QIZ21390.1	55.455	220	96	1	1	220	1	218	1.28e-84	246
MDC0533524.1	QIZ20851.1	28.522	291	188	7	5	291	6	280	3.81e-24	96.3
MDC0533531.1	QIZ20805.1	38.333	420	211	11	193	594	2	391	1.00e-81	258
MDC0533538.1	QIZ20837.1	36.975	238	145	3	341	577	353	586	1.93e-46	167
MDC0533539.1	QIZ20497.1	30.000	270	163	7	5	269	2	250	1.55e-24	94.7
MDC0533543.1	QIZ20681.1	28.922	408	226	12	5	394	7	368	1.62e-38	137
MDC0533550.1	QIZ20846.1	34.247	292	161	8	22	305	2	270	1.22e-41	143
MDC0533551.1	QIZ20851.1	32.704	318	191	9	1	308	1	305	8.36e-42	143
MDC0533554.1	QIZ20850.1	32.172	488	311	7	2	480	28	504	1.80e-75	241
MDC0533556.1	QIZ20846.1	46.154	273	139	1	5	277	3	267	9.56e-80	242
MDC0533557.1	QIZ20844.1	47.956	367	190	1	1	366	1	367	6.94e-121	350
MDC0533558.1	QIZ20852.1	52.727	330	148	3	2	324	3	331	2.25e-116	335
MDC0533559.1	QIZ20851.1	47.840	324	166	3	4	325	6	328	2.00e-108	315
MDC0533562.1	QIZ21401.1	30.139	574	348	13	16	562	21	568	5.02e-77	251
MDC0533564.1	QIZ20831.1	57.018	114	48	1	5	118	2	114	4.78e-38	120
MDC0533575.1	QIZ20805.1	30.051	396	239	10	200	563	1	390	3.08e-33	126
MDC0533576.1	QIZ20860.1	65.250	400	138	1	26	424	33	432	0.0	535
MDC0533577.1	QIZ20861.1	62.136	103	28	1	3	105	15	106	1.61e-39	126
MDC0533578.1	QIZ20862.1	56.429	280	122	0	1	280	1	280	1.68e-107	309
MDC0533579.1	QIZ20863.1	85.434	357	52	0	1	357	1	357	0.0	599
MDC0533580.1	QIZ20864.1	85.950	363	51	0	1	363	1	363	0.0	647
MDC0533581.1	QIZ20865.1	69.727	403	122	0	1	403	1	403	0.0	570
MDC0533582.1	QIZ20866.1	66.946	239	79	0	4	242	2	240	1.99e-123	346
MDC0533583.1	QIZ20867.1	59.441	143	54	2	1	139	1	143	5.72e-47	144
MDC0533584.1	QIZ20868.1	70.531	414	122	0	3	416	20	433	0.0	607
MDC0533585.1	QIZ20869.1	77.123	848	194	0	1	848	1	848	0.0	1347
MDC0533586.1	QIZ20870.1	78.116	361	75	1	1	357	1	361	0.0	578
MDC0533587.1	QIZ20871.1	75.479	730	168	3	1	719	4	733	0.0	1151
MDC0533588.1	QIZ20872.1	83.744	203	33	0	1	203	1	203	7.72e-129	357
MDC0533589.1	QIZ20873.1	76.190	105	25	0	1	105	1	105	1.61e-54	161
MDC0533590.1	QIZ20874.1	69.534	558	156	2	1	545	1	557	0.0	764
MDC0533591.1	QIZ20875.1	81.522	276	51	0	1	276	1	276	1.70e-174	478
MDC0533592.1	QIZ20876.1	63.525	244	88	1	2	244	3	246	3.10e-102	293
MDC0533593.1	QIZ20877.1	69.274	179	55	0	1	179	11	189	7.52e-95	269
MDC0533594.1	QIZ20878.1	77.670	309	69	0	1	309	1	309	2.10e-180	496
MDC0533595.1	QIZ20879.1	78.385	384	83	0	1	384	1	384	0.0	600
MDC0533596.1	QIZ20881.1	75.904	166	38	2	1	164	1	166	4.25e-92	261
MDC0533597.1	QIZ20882.1	74.214	318	82	0	1	318	1	318	2.17e-180	497
MDC0533598.1	QIZ20883.1	75.862	203	49	0	1	203	1	203	1.49e-116	325
MDC0533599.1	QIZ20884.1	66.559	311	104	0	17	327	13	323	5.38e-146	410
MDC0533606.1	QIZ20703.1	75.768	293	67	1	1	289	1	293	6.63e-151	420
MDC0533607.1	QIZ20704.1	55.305	311	137	2	5	313	6	316	2.44e-120	344
MDC0533608.1	QIZ20705.1	63.596	228	79	1	1	224	1	228	9.62e-103	292
MDC0533609.1	QIZ20706.1	80.859	256	49	0	1	256	9	264	1.20e-156	432
MDC0533610.1	QIZ20707.1	64.024	164	58	1	2	165	1	163	7.12e-71	207
MDC0533611.1	QIZ20714.1	81.373	204	37	1	1	203	1	204	2.05e-117	328
MDC0533612.1	QIZ20715.1	63.178	258	94	1	1	258	1	257	8.88e-119	335
MDC0533613.1	QIZ20717.1	81.766	521	94	1	1	520	1	521	0.0	857
MDC0533614.1	QIZ20718.1	53.846	143	66	0	1	143	1	143	3.30e-53	160
MDC0533615.1	QIZ20719.1	82.961	358	61	0	1	358	1	358	0.0	582
MDC0533616.1	QIZ20720.1	75.369	203	50	0	1	203	1	203	6.89e-112	314
MDC0533617.1	QIZ20721.1	75.748	301	73	0	1	301	1	301	1.65e-174	480
MDC0533618.1	QIZ20722.1	66.543	269	86	2	1	267	1	267	4.20e-124	350
MDC0533619.1	QIZ20723.1	77.209	215	49	0	1	215	1	215	2.08e-126	352
MDC0533620.1	QIZ20724.1	88.366	404	47	0	1	404	1	404	0.0	755
MDC0533621.1	QIZ20725.1	75.113	888	221	0	1	888	1	888	0.0	1404
MDC0533622.1	QIZ20726.1	90.083	363	36	0	5	367	21	383	0.0	668
MDC0533623.1	QIZ20727.1	59.024	410	167	1	23	431	23	432	7.84e-164	464
MDC0533624.1	QIZ20728.1	66.883	308	102	0	1	308	1	308	1.38e-148	415
MDC0533625.1	QIZ20729.1	85.833	120	17	0	1	120	1	120	2.01e-77	220
MDC0533626.1	QIZ20730.1	66.851	181	60	0	1	181	1	181	5.04e-89	254
MDC0533627.1	QIZ20731.1	79.389	131	27	0	1	131	1	131	3.00e-79	225
MDC0533628.1	QIZ20732.1	81.882	425	77	0	1	425	1	425	0.0	734
MDC0533629.1	QIZ21214.1	30.928	291	185	5	1	287	2	280	2.26e-31	114
MDC0533632.1	QIZ20733.1	53.125	288	135	0	2	289	3	290	1.30e-109	315
MDC0533634.1	QIZ20734.1	75.155	161	38	1	16	174	20	180	3.88e-86	246
MDC0533635.1	QIZ20736.1	70.673	208	61	0	1	208	1	208	1.47e-116	326
MDC0533636.1	QIZ20737.1	70.710	338	99	0	1	338	1	338	0.0	501
MDC0533637.1	QIZ20738.1	80.189	106	21	0	1	106	1	106	2.62e-63	183
MDC0533638.1	QIZ20739.1	84.585	253	39	0	1	253	1	253	3.00e-157	433
MDC0533639.1	QIZ20740.1	89.206	630	68	0	1	630	1	630	0.0	1173
MDC0533640.1	QIZ20741.1	75.000	108	27	0	1	108	1	108	3.69e-58	171
MDC0533641.1	QIZ20742.1	84.332	434	68	0	1	434	1	434	0.0	779
MDC0533642.1	QIZ20743.1	74.138	290	75	0	4	293	5	294	6.21e-160	443
MDC0533644.1	QIZ21387.1	79.393	461	95	0	1	461	1	461	0.0	748
MDC0533645.1	QIZ21386.1	26.724	464	323	6	11	467	1	454	4.47e-34	129
MDC0533646.1	QIZ21385.1	85.251	678	100	0	1	678	1	678	0.0	1217
MDC0533647.1	QIZ21384.1	62.811	562	208	1	3	564	4	564	0.0	698
MDC0533648.1	QIZ21383.1	69.527	676	206	0	1	676	1	676	0.0	957
MDC0533649.1	QIZ21382.1	60.000	265	105	1	19	283	19	282	4.08e-112	321
MDC0533650.1	QIZ21381.1	67.974	306	98	0	15	320	1	306	2.12e-151	423
MDC0533651.1	QIZ21380.1	31.795	195	128	2	3	197	2	191	8.33e-25	96.3
MDC0533652.1	QIZ21379.1	38.991	218	130	2	5	220	7	223	6.76e-39	130
MDC0533653.1	QIZ21378.1	73.754	301	79	0	1	301	1	301	2.94e-150	419
MDC0533654.1	QIZ21377.1	62.914	302	112	0	1	302	11	312	1.52e-132	374
MDC0533655.1	QIZ21376.1	73.060	464	125	0	1	464	1	464	0.0	699
MDC0533656.1	QIZ21375.1	48.876	356	180	2	1	354	1	356	2.16e-116	337
MDC0533657.1	QIZ21374.1	63.043	368	136	0	6	373	6	373	4.83e-156	439
MDC0533658.1	QIZ21373.1	55.324	432	189	3	1	430	1	430	2.30e-150	430
MDC0533660.1	QIZ21372.1	58.254	951	392	3	1	949	1	948	0.0	1006
MDC0533661.1	QIZ21371.1	63.766	563	197	5	1	561	2	559	0.0	726
MDC0533663.1	QIZ21369.1	68.750	336	105	0	1	336	1	336	7.50e-170	471
MDC0533664.1	QIZ21368.1	76.104	498	104	7	1	486	1	495	0.0	670
MDC0533665.1	QIZ21367.1	82.000	150	27	0	1	150	1	150	2.97e-92	260
MDC0533666.1	QIZ21366.1	57.959	245	101	2	1	243	1	245	4.53e-91	264
MDC0533667.1	QIZ21365.1	66.023	259	88	0	2	260	1	259	1.02e-133	374
MDC0533668.1	QIZ21364.1	67.188	192	59	1	7	194	6	197	8.52e-90	257
MDC0533673.1	QIZ21412.1	33.333	264	152	6	56	310	56	304	2.63e-33	120
MDC0533675.1	QIZ21363.1	92.447	609	43	2	1	608	1	607	0.0	1142
MDC0533676.1	QIZ21362.1	76.819	591	137	0	1	591	1	591	0.0	911
MDC0533677.1	QIZ21361.1	74.342	152	39	0	1	152	1	152	4.43e-73	211
MDC0533678.1	QIZ21360.1	81.818	385	69	1	1	384	1	385	0.0	659
MDC0533679.1	QIZ21359.1	88.175	1074	127	0	1	1074	1	1074	0.0	1953
MDC0533681.1	QIZ21319.1	91.781	219	18	0	1	219	1	219	1.25e-154	423
MDC0533682.1	QIZ21318.1	64.744	312	109	1	1	311	1	312	1.02e-145	408
MDC0533683.1	QIZ21317.1	94.904	314	16	0	1	314	1	314	0.0	621
MDC0533684.1	QIZ21537.1	64.650	314	108	2	1	312	1	313	1.32e-137	388
MDC0533686.1	QIZ21315.1	95.302	149	7	0	1	149	1	149	2.69e-106	295
MDC0533687.1	QIZ21314.1	91.980	399	32	0	1	399	1	399	0.0	761
MDC0533688.1	QIZ21313.1	91.865	713	58	0	1	713	1	713	0.0	1370
MDC0533689.1	QIZ21312.1	84.861	251	37	1	1	251	1	250	2.92e-156	430
MDC0533691.1	QIZ21310.1	87.234	141	18	0	1	141	1	141	5.84e-85	241
MDC0533692.1	QIZ21309.1	92.144	611	48	0	1	611	1	611	0.0	1166
MDC0533693.1	QIZ21308.1	89.637	193	20	0	1	193	1	193	1.11e-127	353
MDC0533694.1	QIZ21307.1	85.172	290	43	0	1	290	1	290	0.0	539
MDC0533695.1	QIZ21306.1	75.694	144	35	0	1	144	1	144	1.44e-76	220
MDC0533696.1	QIZ21305.1	77.333	225	51	0	1	225	1	225	4.88e-128	356
MDC0533697.1	QIZ21304.1	68.793	439	137	0	1	439	1	439	0.0	636
MDC0533698.1	QIZ21303.1	69.565	69	21	0	1	69	1	69	2.65e-29	95.9
MDC0533699.1	QIZ21302.1	65.217	253	88	0	1	253	1	253	3.69e-122	344
MDC0533700.1	QIZ21301.1	57.764	322	133	2	1	321	28	347	2.01e-123	353
MDC0533701.1	QIZ21300.1	60.082	243	97	0	4	246	11	253	1.27e-84	248
MDC0533702.1	QIZ21299.1	93.226	310	21	0	1	310	1	310	0.0	556
MDC0533703.1	QIZ21298.1	67.699	226	66	2	1	226	1	219	2.04e-104	297
MDC0533704.1	QIZ21297.1	79.032	186	39	0	1	186	1	186	4.55e-112	313
MDC0533705.1	QIZ21296.1	86.275	357	49	0	1	357	1	357	0.0	647
MDC0533706.1	QIZ21295.1	77.606	259	58	0	1	259	1	259	6.85e-146	404
MDC0533707.1	QIZ21294.1	94.272	419	24	0	1	419	1	419	0.0	786
MDC0533708.1	QIZ21293.1	86.982	169	22	0	1	169	1	169	9.49e-107	298
MDC0533709.1	QIZ21292.1	79.730	148	30	0	6	153	1	148	2.90e-87	248
MDC0533710.1	QIZ21291.1	72.263	274	76	0	1	274	1	274	2.84e-151	419
MDC0533711.1	QIZ21290.1	86.709	158	21	0	1	158	1	158	3.12e-100	281
MDC0533712.1	QIZ21289.1	60.849	424	166	0	1	424	1	424	0.0	518
MDC0533713.1	QIZ21288.1	54.874	277	125	0	5	281	5	281	2.08e-97	283
MDC0533714.1	QIZ21287.1	57.587	547	231	1	16	561	15	561	0.0	640
MDC0533715.1	QIZ21286.1	62.140	243	88	2	1	239	1	243	1.84e-102	293
MDC0533716.1	QIZ21285.1	77.297	185	42	0	1	185	1	185	4.11e-102	288
MDC0533717.1	QIZ21284.1	88.764	356	40	0	1	356	1	356	0.0	665
MDC0533718.1	QIZ21283.1	53.385	384	175	4	1	381	1	383	1.23e-138	396
MDC0533719.1	QIZ21282.1	64.815	324	114	0	1	324	1	324	9.79e-153	427
MDC0533720.1	QIZ21281.1	69.753	162	49	0	1	162	1	162	8.66e-73	211
MDC0533721.1	QIZ21280.1	61.798	178	68	0	14	191	19	196	3.41e-82	238
MDC0533722.1	QIZ21279.1	77.013	857	138	2	1	798	1	857	0.0	1291
MDC0533723.1	QIZ21278.1	81.319	91	17	0	1	91	1	91	4.82e-49	146
MDC0533724.1	QIZ21277.1	92.213	244	19	0	1	244	1	244	2.69e-166	455
MDC0533725.1	QIZ21276.1	100.000	75	0	0	1	75	1	75	1.79e-46	138
MDC0533726.1	QIZ21275.1	67.978	178	57	0	19	196	2	179	2.62e-83	240
MDC0533727.1	QIZ21274.1	82.036	167	30	0	3	169	1	167	1.66e-93	265
MDC0533728.1	QIZ21273.1	83.745	486	78	1	1	486	1	485	0.0	846
MDC0533729.1	QIZ21272.1	60.777	283	111	0	1	283	1	283	2.72e-117	334
MDC0533730.1	QIZ21271.1	70.904	354	103	0	1	354	1	354	0.0	501
MDC0533731.1	QIZ21270.1	57.556	311	132	0	1	311	1	311	6.53e-118	338
MDC0533732.1	QIZ21269.1	73.885	314	82	0	1	314	1	314	2.07e-179	494
MDC0533733.1	QIZ21268.1	63.125	320	117	1	1	319	1	320	4.99e-143	402
MDC0533734.1	QIZ21267.1	72.340	141	39	0	1	141	1	141	8.32e-72	207
MDC0533735.1	QIZ21266.1	71.429	161	46	0	1	161	1	161	9.52e-91	257
MDC0533736.1	QIZ21265.1	70.370	459	135	1	1	459	1	458	0.0	672
MDC0533737.1	QIZ21264.1	72.811	217	59	0	1	217	1	217	8.52e-103	292
MDC0533738.1	QIZ21263.1	86.641	262	35	0	1	262	1	262	2.17e-163	449
MDC0533739.1	QIZ21262.1	81.250	176	33	0	2	177	1	176	2.40e-110	308
MDC0533740.1	QIZ21260.1	81.848	303	55	0	1	303	1	303	0.0	514
MDC0533741.1	QIZ21259.1	93.566	544	34	1	1	543	1	544	0.0	985
MDC0533742.1	QIZ21258.1	81.974	233	41	1	2	233	39	271	1.87e-138	385
MDC0533743.1	QIZ21097.1	91.045	201	18	0	1	201	295	495	1.18e-139	395
MDC0533744.1	QIZ21099.1	90.000	40	4	0	1	40	1	40	1.00e-21	73.6
MDC0533745.1	QIZ21101.1	90.377	239	23	0	1	239	1	239	1.96e-165	452
MDC0533748.1	QIZ21102.1	97.000	200	6	0	1	200	1	200	1.05e-134	373
MDC0533749.1	QIZ21103.1	71.129	381	108	2	1	380	1	380	0.0	571
MDC0533750.1	QIZ21107.1	84.810	395	60	0	1	395	1	395	0.0	702
MDC0533751.1	QIZ21108.1	67.647	170	53	1	1	170	1	168	6.11e-84	240
MDC0533752.1	QIZ21109.1	84.348	345	54	0	1	345	1	345	0.0	620
MDC0533753.1	QIZ21110.1	82.213	253	45	0	1	253	1	253	3.88e-151	417
MDC0533754.1	QIZ21111.1	84.821	112	17	0	1	112	1	112	1.39e-67	194
MDC0533755.1	QIZ21112.1	87.363	182	23	0	1	182	1	182	8.40e-121	335
MDC0533756.1	QIZ21113.1	93.396	106	7	0	1	106	1	106	6.36e-73	207
MDC0533757.1	QIZ21114.1	82.203	236	41	1	1	235	1	236	1.26e-144	399
MDC0533758.1	QIZ21115.1	62.162	74	28	0	1	74	1	74	1.84e-32	103
MDC0533759.1	QIZ21116.1	72.464	138	38	0	1	138	1	138	2.57e-72	208
MDC0533760.1	QIZ21117.1	69.872	624	187	1	1	623	1	624	0.0	832
MDC0533761.1	QIZ21118.1	53.448	174	78	3	1	172	1	173	3.97e-61	183
MDC0533762.1	QIZ21119.1	56.911	123	51	1	1	121	1	123	4.20e-40	126
MDC0533763.1	QIZ21120.1	67.347	147	48	0	24	170	23	169	2.94e-73	213
MDC0533764.1	QIZ21121.1	95.561	383	17	0	1	383	1	383	0.0	769
MDC0533765.1	QIZ21122.1	88.251	383	45	0	1	383	1	383	0.0	721
MDC0533766.1	QIZ21123.1	94.330	388	22	0	1	388	1	388	0.0	745
MDC0533767.1	QIZ21124.1	84.245	457	72	0	1	457	1	457	0.0	796
MDC0533768.1	QIZ21125.1	88.959	317	35	0	1	317	1	317	0.0	585
MDC0533769.1	QIZ21134.1	92.208	385	30	0	10	394	1	385	0.0	728
MDC0533770.1	QIZ21135.1	91.282	195	17	0	1	195	1	195	2.25e-138	380
MDC0533771.1	QIZ21136.1	94.702	453	24	0	1	453	1	453	0.0	825
MDC0533772.1	QIZ21137.1	72.955	440	118	1	1	439	1	440	0.0	623
MDC0533773.1	QIZ21138.1	82.759	58	10	0	1	58	2	59	3.44e-31	98.6
MDC0533774.1	QIZ21140.1	67.984	253	81	0	29	281	20	272	2.82e-135	379
MDC0533775.1	QIZ21142.1	82.951	305	52	0	1	305	1	305	0.0	520
MDC0533776.1	QIZ21143.1	69.708	274	83	0	1	274	1	274	2.83e-129	363
MDC0533777.1	QIZ21144.1	90.487	452	43	0	1	452	1	452	0.0	800
MDC0533778.1	QIZ21145.1	73.750	160	36	1	1	160	1	154	9.22e-58	174
MDC0533779.1	QIZ21146.1	81.579	228	42	0	1	228	1	228	6.65e-143	394
MDC0533780.1	QIZ21148.1	90.364	467	45	0	1	467	1	467	0.0	878
MDC0533781.1	QIZ21149.1	83.582	201	33	0	1	201	9	209	2.68e-124	345
MDC0533782.1	QIZ21150.1	91.576	368	31	0	1	368	1	368	0.0	677
MDC0533783.1	QIZ21151.1	84.157	587	93	0	1	587	1	587	0.0	1045
MDC0533784.1	QIZ21152.1	76.536	537	126	0	1	537	1	537	0.0	890
MDC0533785.1	QIZ21153.1	70.930	258	75	0	1	258	1	258	2.09e-142	395
MDC0533786.1	QIZ21154.1	78.320	369	80	0	1	369	1	369	0.0	600
MDC0533787.1	QIZ21155.1	75.831	331	80	0	1	331	1	331	0.0	524
MDC0533788.1	QIZ21156.1	74.016	127	33	0	1	127	1	127	4.13e-67	194
MDC0533789.1	QIZ21157.1	67.059	85	28	0	5	89	5	89	1.20e-37	118
MDC0533790.1	QIZ21158.1	91.201	591	51	1	1	591	1	590	0.0	1143
MDC0533791.1	QIZ21159.1	88.745	231	26	0	1	231	27	257	1.43e-160	440
MDC0533792.1	QIZ21160.1	93.561	497	32	0	1	497	1	497	0.0	976
MDC0533793.1	QIZ21161.1	93.125	320	22	0	1	320	1	320	0.0	600
MDC0533794.1	QIZ21162.1	88.860	386	43	0	1	386	1	386	0.0	696
MDC0533795.1	QIZ21163.1	90.722	291	27	0	1	291	1	291	0.0	509
MDC0533796.1	QIZ21164.1	78.807	972	188	3	1	958	1	968	0.0	1635
MDC0533797.1	QIZ21165.1	77.804	428	92	1	1	428	1	425	0.0	676
MDC0533798.1	QIZ21166.1	84.549	466	72	0	1	466	1	466	0.0	815
MDC0533799.1	QIZ21167.1	80.338	651	128	0	1	651	1	651	0.0	1092
MDC0533800.1	QIZ21168.1	73.514	185	49	0	1	185	1	185	3.17e-94	268
MDC0533801.1	QIZ21169.1	93.542	511	33	0	1	511	1	511	0.0	983
MDC0533802.1	QIZ21170.1	86.942	291	38	0	1	291	1	291	0.0	520
MDC0533803.1	QIZ21171.1	94.915	472	24	0	1	472	1	472	0.0	914
MDC0533804.1	QIZ21172.1	76.154	130	31	0	1	130	1	130	2.04e-70	203
MDC0533805.1	QIZ21173.1	73.026	152	41	0	10	161	7	158	2.40e-82	236
MDC0533806.1	QIZ21174.1	80.780	359	69	0	21	379	21	379	0.0	602
MDC0533807.1	QIZ21175.1	79.310	116	24	0	1	116	1	116	8.56e-65	187
MDC0533808.1	QIZ21176.1	66.471	170	57	0	4	173	11	180	4.42e-77	223
MDC0533809.1	QIZ21177.1	78.606	416	89	0	1	416	1	416	0.0	648
MDC0533810.1	QIZ21178.1	75.543	368	90	0	1	368	1	368	0.0	558
MDC0533811.1	QIZ21179.1	78.593	327	70	0	1	327	1	327	0.0	510
MDC0533812.1	QIZ21180.1	95.238	84	4	0	1	84	1	84	1.99e-54	159
MDC0533813.1	QIZ21181.1	78.358	134	27	1	1	132	1	134	1.26e-74	214
MDC0533814.1	QIZ21182.1	62.762	239	89	0	1	239	1	239	9.36e-116	327
MDC0533815.1	QIZ21183.1	71.574	197	56	0	1	197	1	197	5.96e-102	288
MDC0533816.1	QIZ21184.1	79.404	369	76	0	1	369	1	369	0.0	615
MDC0533817.1	QIZ21185.1	69.359	359	110	0	1	359	1	359	0.0	521
MDC0533818.1	QIZ21186.1	69.799	298	90	0	1	298	1	298	9.65e-149	415
MDC0533820.1	QIZ21187.1	56.098	246	105	1	1	246	1	243	1.84e-90	263
MDC0533821.1	QIZ21188.1	81.441	458	85	0	1	458	1	458	0.0	706
MDC0533822.1	QIZ21189.1	79.834	481	95	1	1	479	1	481	0.0	726
MDC0533823.1	QIZ21190.1	83.462	520	86	0	1	520	6	525	0.0	892
MDC0533824.1	QIZ21191.1	68.000	350	112	0	1	350	1	350	1.46e-176	489
MDC0533825.1	QIZ21193.1	83.333	180	30	0	1	180	1	180	4.55e-107	300
MDC0533826.1	QIZ21194.1	88.660	291	33	0	19	309	1	291	0.0	523
MDC0533827.1	QIZ21195.1	90.751	346	32	0	1	346	1	346	0.0	646
MDC0533828.1	QIZ21196.1	79.442	394	79	1	1	394	1	392	0.0	660
MDC0533829.1	QIZ21197.1	91.257	183	16	0	5	187	5	187	2.29e-123	342
MDC0533830.1	QIZ21198.1	49.528	212	74	2	1	208	1	183	5.31e-65	194
MDC0533831.1	QIZ21200.1	81.946	925	165	2	1	924	1	924	0.0	1554
MDC0533832.1	QIZ21210.1	80.061	983	196	0	220	1202	57	1039	0.0	1550
MDC0533833.1	QIZ21209.1	81.771	192	35	0	8	199	8	199	3.13e-119	332
MDC0533834.1	QIZ21208.1	58.036	112	47	0	8	119	5	116	1.75e-39	125
MDC0533835.1	QIZ21207.1	68.908	238	73	1	1	237	1	238	2.18e-120	338
MDC0533836.1	QIZ20635.1	87.324	71	9	0	1	71	1	71	2.98e-41	134
MDC0533837.1	QIZ20634.1	49.618	393	178	8	1	391	1	375	1.67e-121	352
MDC0533838.1	QIZ20633.1	87.156	218	28	0	1	218	1	218	3.36e-139	384
MDC0533839.1	QIZ20632.1	77.143	140	32	0	1	140	1	140	2.28e-79	226
MDC0533840.1	QIZ20631.1	93.333	480	32	0	1	480	1	480	0.0	940
MDC0533841.1	QIZ20630.1	89.344	244	26	0	1	244	1	244	4.23e-158	434
MDC0533842.1	QIZ20629.1	73.012	415	112	0	1	415	1	415	0.0	600
MDC0533843.1	QIZ20628.1	85.222	406	60	0	1	406	1	406	0.0	743
MDC0533844.1	QIZ20627.1	83.660	153	25	0	1	153	1	153	1.68e-95	268
MDC0533845.1	QIZ20626.1	74.490	98	25	0	1	98	1	98	1.41e-50	150
MDC0533846.1	QIZ20625.1	84.545	110	17	0	1	110	1	110	2.11e-69	199
MDC0533848.1	QIZ20624.1	92.521	468	35	0	1	468	1	468	0.0	915
MDC0533849.1	QIZ20623.1	69.811	159	48	0	1	159	1	159	3.37e-71	207
MDC0533850.1	QIZ20622.1	84.083	289	46	0	1	289	1	289	1.10e-168	465
MDC0533851.1	QIZ20957.1	30.255	314	180	13	5	298	6	300	7.63e-23	91.7
MDC0533853.1	QIZ20620.1	65.128	195	68	0	1	195	1	195	3.38e-85	246
MDC0533854.1	QIZ20619.1	60.976	246	96	0	1	246	1	246	9.54e-85	248
MDC0533855.1	QIZ20618.1	88.554	166	19	0	1	166	1	166	2.72e-100	281
MDC0533856.1	QIZ21536.1	74.009	227	59	0	1	227	1	227	1.01e-132	369
MDC0533857.1	QIZ20215.1	75.862	145	35	0	1	145	1	145	6.74e-82	233
MDC0533858.1	QIZ21538.1	57.143	231	99	0	6	236	4	234	4.09e-79	233
MDC0533860.1	QIZ21483.1	84.416	385	60	0	3	387	2	386	0.0	682
MDC0533861.1	QIZ21484.1	67.181	259	85	0	3	261	4	262	4.69e-131	367
MDC0533862.1	QIZ21225.1	45.860	157	83	2	28	183	25	180	2.77e-45	143
MDC0533863.1	QIZ21234.1	58.814	607	171	8	3	530	4	610	0.0	641
MDC0533864.1	QIZ20539.1	79.459	370	76	0	1	370	1	370	0.0	603
MDC0533865.1	QIZ20538.1	93.407	91	6	0	1	91	1	91	4.29e-60	174
MDC0533866.1	QIZ20537.1	64.896	433	152	0	1	433	1	433	0.0	520
MDC0533868.1	QIZ20533.1	83.465	127	21	0	1	127	1	127	1.34e-78	223
MDC0533869.1	QIZ20532.1	66.839	193	63	1	1	193	1	192	6.35e-90	257
MDC0533870.1	QIZ20531.1	60.510	157	62	0	1	157	1	157	1.85e-69	202
MDC0533871.1	QIZ20530.1	74.457	184	47	0	4	187	1	184	2.66e-104	293
MDC0533872.1	QIZ20529.1	61.508	252	94	2	7	257	7	256	3.43e-110	314
MDC0533873.1	QIZ20528.1	79.630	54	11	0	1	54	13	66	4.09e-27	88.6
MDC0533874.1	QIZ20527.1	75.339	369	89	2	4	371	3	370	0.0	573
MDC0533876.1	QIZ20526.1	80.818	391	75	0	1	391	1	391	0.0	669
MDC0533877.1	QIZ20525.1	82.512	406	71	0	1	406	1	406	0.0	662
MDC0533878.1	QIZ20524.1	72.868	387	104	1	1	386	1	387	0.0	542
MDC0533879.1	QIZ20523.1	76.216	185	44	0	1	185	1	185	1.19e-90	258
MDC0533880.1	QIZ20522.1	62.109	256	97	0	1	256	1	256	5.60e-110	313
MDC0533881.1	QIZ20521.1	76.154	130	31	0	1	130	1	130	2.75e-73	210
MDC0533882.1	QIZ20520.1	73.485	264	70	0	1	264	1	264	4.47e-151	418
MDC0533883.1	QIZ20519.1	92.308	156	12	0	1	156	1	156	6.69e-111	307
MDC0533884.1	QIZ20518.1	96.123	619	24	0	1	619	1	619	0.0	1265
MDC0533885.1	QIZ20517.1	75.862	116	28	0	1	116	1	116	6.66e-64	186
MDC0533886.1	QIZ20516.1	88.858	359	40	0	1	359	1	359	0.0	590
MDC0533887.1	QIZ20514.1	80.563	355	69	0	6	360	4	358	0.0	565
MDC0533888.1	QIZ20513.1	95.876	388	16	0	1	388	1	388	0.0	776
MDC0533889.1	QIZ20512.1	89.362	94	10	0	1	94	1	94	3.45e-58	169
MDC0533890.1	QIZ20511.1	96.296	594	22	0	1	594	1	594	0.0	1193
MDC0533891.1	QIZ20510.1	75.115	434	108	0	1	434	1	434	0.0	694
MDC0533892.1	QIZ20499.1	77.734	256	57	0	8	263	3	258	5.96e-147	407
MDC0533894.1	QIZ20498.1	68.333	120	38	0	5	124	145	264	2.61e-60	182
MDC0533895.1	QIZ20497.1	63.137	255	91	1	1	255	1	252	7.44e-109	310
MDC0533896.1	QIZ20496.1	83.590	195	32	0	1	195	1	195	4.94e-108	303
MDC0533897.1	QIZ20495.1	82.197	528	94	0	3	530	2	529	0.0	935
MDC0533898.1	QIZ20489.1	60.548	365	142	1	1	365	1	363	1.11e-163	458
MDC0533899.1	QIZ20488.1	58.252	206	72	3	8	200	15	219	8.98e-73	215
MDC0533900.1	QIZ20487.1	77.221	439	100	0	4	442	2	440	0.0	659
MDC0533901.1	QIZ20485.1	62.887	485	180	0	1	485	1	485	0.0	596
MDC0533902.1	QIZ20484.1	77.959	245	54	0	6	250	4	248	2.11e-147	407
MDC0533903.1	QIZ20483.1	61.644	219	74	4	4	216	1	215	6.71e-89	256
MDC0533904.1	QIZ20482.1	75.540	139	34	0	1	139	1	139	3.59e-79	226
MDC0533905.1	QIZ20481.1	68.000	225	72	0	1	225	1	225	5.99e-108	306
MDC0533906.1	QIZ20480.1	63.924	158	57	0	25	182	25	182	4.38e-71	209
MDC0533910.1	QIZ20479.1	73.750	80	21	0	1	80	1	80	1.23e-42	129
MDC0533911.1	QIZ20478.1	73.211	489	113	3	1	474	1	486	0.0	681
MDC0533912.1	QIZ20477.1	85.714	203	29	0	1	203	1	203	2.23e-133	368
MDC0533913.1	QIZ20476.1	93.365	422	28	0	1	422	1	422	0.0	810
MDC0533914.1	QIZ20475.1	88.398	793	91	1	1	792	2	794	0.0	1408
MDC0533915.1	QIZ20474.1	93.443	122	8	0	1	122	1	122	8.17e-80	226
MDC0533916.1	QIZ20473.1	92.982	171	12	0	1	171	3	173	1.73e-124	343
MDC0533917.1	QIZ20472.1	84.158	202	31	1	1	201	1	202	2.30e-127	353
MDC0533918.1	QIZ20471.1	93.606	391	25	0	1	391	1	391	0.0	767
MDC0533919.1	QIZ20470.1	86.139	202	28	0	1	202	1	202	2.84e-134	370
MDC0533920.1	QIZ20469.1	88.864	440	49	0	1	440	1	440	0.0	825
MDC0533921.1	QIZ20468.1	75.147	680	165	2	1	677	1	679	0.0	1070
MDC0533922.1	QIZ20467.1	90.361	332	32	0	1	332	1	332	0.0	612
MDC0533923.1	QIZ20466.1	90.683	161	15	0	1	161	1	161	2.45e-111	309
MDC0533924.1	QIZ20465.1	80.000	210	42	0	1	210	1	210	2.82e-125	348
MDC0533925.1	QIZ20464.1	82.524	103	18	0	1	103	1	103	2.11e-48	145
MDC0533926.1	QIZ20463.1	80.691	637	123	0	1	637	1	637	0.0	1061
MDC0533927.1	QIZ20462.1	82.353	493	85	1	1	493	1	491	0.0	828
MDC0533928.1	QIZ20461.1	77.542	472	105	1	1	472	1	471	0.0	704
MDC0533929.1	QIZ20460.1	59.821	112	45	0	1	112	1	112	1.05e-42	134
MDC0533930.1	QIZ21486.1	94.766	363	19	0	1	363	56	418	0.0	728
MDC0533931.1	QIZ21487.1	94.253	87	5	0	1	87	1	87	3.57e-62	179
MDC0533932.1	QIZ21488.1	90.782	998	92	0	1	998	1	998	0.0	1907
MDC0533933.1	QIZ21489.1	63.590	195	71	0	1	195	1	195	3.78e-95	271
MDC0533934.1	QIZ21490.1	76.596	282	66	0	1	282	1	282	1.33e-161	446
MDC0533935.1	QIZ21491.1	49.533	107	50	1	1	107	1	103	1.46e-22	80.5
MDC0533936.1	QIZ21492.1	64.539	141	50	0	5	145	6	146	9.07e-68	197
MDC0533937.1	QIZ21493.1	70.968	248	72	0	1	248	1	248	3.82e-118	333
MDC0533938.1	QIZ21496.1	98.529	68	1	0	1	68	1	68	8.57e-47	139
MDC0533939.1	QIZ21497.1	72.078	154	43	0	1	154	1	154	3.34e-80	230
MDC0533940.1	QIZ21498.1	75.676	333	80	1	16	348	16	347	0.0	528
MDC0533941.1	QIZ21499.1	79.141	163	34	0	1	163	1	163	9.77e-88	249
MDC0533942.1	QIZ21500.1	81.308	321	60	0	1	321	1	321	0.0	558
MDC0533943.1	QIZ21501.1	76.503	549	129	0	1	549	1	549	0.0	873
MDC0533944.1	QIZ21502.1	60.099	203	81	0	1	203	1	203	2.17e-89	257
MDC0533946.1	QIZ21503.1	88.889	180	20	0	1	180	1	180	3.49e-116	323
MDC0533947.1	QIZ21504.1	92.699	452	33	0	1	452	1	452	0.0	883
MDC0533948.1	QIZ21505.1	83.471	242	40	0	1	242	1	242	1.38e-153	422
MDC0533949.1	QIZ21506.1	73.196	388	104	0	22	409	10	397	0.0	625
MDC0533950.1	QIZ21507.1	76.119	134	32	0	1	134	1	134	4.36e-76	218
MDC0533951.1	QIZ21508.1	89.516	124	13	0	1	124	1	124	5.59e-85	239
MDC0533952.1	QIZ21509.1	83.203	256	43	0	2	257	6	261	1.29e-159	439
MDC0533953.1	QIZ21482.1	75.000	60	15	0	4	63	3	62	5.19e-31	99.0
MDC0533954.1	QIZ21510.1	49.612	129	65	0	4	132	10	138	1.45e-42	134
MDC0533956.1	QIZ21511.1	91.534	189	16	0	1	189	1	189	8.52e-131	360
MDC0533957.1	QIZ21512.1	60.145	138	55	0	20	157	29	166	3.56e-57	172
MDC0533958.1	QIZ21513.1	96.790	810	26	0	1	810	1	810	0.0	1637
MDC0533959.1	QIZ21514.1	86.345	249	34	0	1	249	1	249	3.10e-162	445
MDC0533960.1	QIZ21515.1	84.858	317	48	0	1	317	1	317	0.0	569
MDC0533961.1	QIZ21516.1	89.796	539	55	0	1	539	1	539	0.0	1024
MDC0533962.1	QIZ21519.1	82.258	124	22	0	1	124	1	124	1.46e-76	218
MDC0533963.1	QIZ21520.1	89.677	155	16	0	1	155	1	155	1.04e-108	302
MDC0533964.1	QIZ21521.1	85.149	202	30	0	1	202	1	202	3.57e-135	372
MDC0533965.1	QIZ21522.1	85.586	333	48	0	1	333	1	333	0.0	592
MDC0533966.1	QIZ21523.1	93.220	295	20	0	1	295	1	295	0.0	572
MDC0533967.1	QIZ21527.1	75.000	340	84	1	1	340	1	339	0.0	531
MDC0533968.1	QIZ21530.1	74.579	535	133	1	2	536	5	536	0.0	763
MDC0533969.1	QIZ21531.1	78.125	352	77	0	1	352	1	352	0.0	543
MDC0533970.1	QIZ21532.1	67.593	216	69	1	1	215	1	216	1.49e-100	287
MDC0533971.1	QIZ21533.1	68.627	102	32	0	3	104	2	103	7.41e-50	149
MDC0533972.1	QIZ20617.1	86.420	81	11	0	1	81	1	81	9.05e-52	152
MDC0533973.1	QIZ20614.1	57.396	169	72	0	1	169	1	169	9.43e-71	209
MDC0533974.1	QIZ20613.1	74.086	301	76	2	1	299	1	301	9.48e-172	473
MDC0533975.1	QIZ20612.1	78.667	150	32	0	1	150	1	150	1.61e-78	225
MDC0533976.1	QIZ20611.1	66.667	84	28	0	1	84	1	84	1.55e-32	104
MDC0533978.1	QIZ20610.1	90.055	181	18	0	1	181	1	181	4.51e-120	333
MDC0533979.1	QIZ20609.1	86.667	330	44	0	1	330	1	330	0.0	597
MDC0533980.1	QIZ20608.1	88.809	277	31	0	1	277	1	277	0.0	503
MDC0533981.1	QIZ20606.1	86.042	480	67	0	1	480	1	480	0.0	878
MDC0533982.1	QIZ20587.1	75.745	235	57	0	1	235	1	235	6.62e-126	352
MDC0533983.1	QIZ20586.1	91.667	192	16	0	1	192	1	192	7.79e-130	358
MDC0533984.1	QIZ20585.1	71.642	268	76	0	1	268	1	268	9.29e-147	407
MDC0533985.1	QIZ20583.1	70.536	112	33	0	1	112	1	112	7.95e-59	172
MDC0533986.1	QIZ20582.1	71.171	111	32	0	1	111	1	111	4.12e-45	137
MDC0533987.1	QIZ20581.1	78.667	75	16	0	1	75	1	75	3.00e-42	127
MDC0533988.1	QIZ20579.1	90.000	110	11	0	1	110	1	110	1.62e-66	191
MDC0533989.1	QIZ20577.1	89.623	106	11	0	1	106	1	106	6.79e-69	197
MDC0533990.1	QIZ20570.1	53.623	138	63	1	1	138	1	137	2.61e-52	158
MDC0533992.1	QIZ20574.1	71.154	104	30	0	22	125	17	120	4.58e-57	169
MDC0533993.1	QIZ20569.1	86.667	240	32	0	1	240	94	333	1.61e-158	438
MDC0533994.1	QIZ20972.1	79.167	168	35	0	1	168	1	168	5.09e-94	270
MDC0533995.1	QIZ20973.1	69.575	424	123	2	1	419	1	423	0.0	606
MDC0533996.1	QIZ20974.1	86.489	1014	131	3	1	1010	1	1012	0.0	1849
MDC0533997.1	QIZ20975.1	67.005	394	126	1	1	390	1	394	0.0	554
MDC0533998.1	QIZ20976.1	87.234	141	18	0	1	141	1	141	4.02e-92	259
MDC0533999.1	QIZ20977.1	78.901	801	167	1	1	801	3	801	0.0	1314
MDC0534000.1	QIZ20978.1	52.941	136	60	1	1	132	4	139	4.50e-45	139
MDC0534001.1	QIZ20979.1	86.111	108	15	0	1	108	1	108	3.51e-66	191
MDC0534002.1	QIZ20980.1	85.377	212	30	1	54	264	70	281	2.10e-131	371
MDC0534003.1	QIZ20981.1	58.031	579	218	11	1	566	1	567	0.0	615
MDC0534004.1	QIZ20982.1	66.162	198	67	0	1	198	1	198	5.76e-94	268
MDC0534005.1	QIZ20983.1	56.051	157	68	1	5	161	4	159	1.31e-51	158
MDC0534006.1	QIZ20984.1	84.571	175	27	0	2	176	3	177	9.49e-101	283
MDC0534007.1	QIZ20985.1	86.559	186	25	0	4	189	3	188	4.29e-124	343
MDC0534008.1	QIZ20986.1	70.370	216	64	0	1	216	1	216	2.02e-116	326
MDC0534009.1	QIZ20987.1	77.612	67	15	0	1	67	1	67	3.17e-25	84.3
MDC0534010.1	QIZ20988.1	53.216	171	78	1	1	169	1	171	6.97e-65	192
MDC0534011.1	QIZ20989.1	80.044	451	90	0	1	451	1	451	0.0	728
MDC0534012.1	QIZ20990.1	72.772	404	110	0	1	404	1	404	0.0	582
MDC0534013.1	QIZ20991.1	70.815	233	68	0	1	233	1	233	1.32e-114	323
MDC0534014.1	QIZ20992.1	85.946	370	52	0	1	370	1	370	0.0	649
MDC0534015.1	QIZ20993.1	80.131	458	85	3	16	470	16	470	0.0	744
MDC0534016.1	QIZ20994.1	76.744	86	20	0	1	86	1	86	1.22e-42	129
MDC0534017.1	QIZ20995.1	63.986	286	103	0	1	286	1	286	2.84e-124	352
MDC0534018.1	QIZ20996.1	74.678	233	59	0	1	233	1	233	1.51e-130	363
MDC0534019.1	QIZ20997.1	81.992	522	94	0	21	542	1	522	0.0	867
MDC0534020.1	QIZ20998.1	72.070	401	110	1	1	399	1	401	0.0	604
MDC0534021.1	QIZ20999.1	73.793	145	38	0	1	145	1	145	2.18e-80	229
MDC0534022.1	QIZ21000.1	62.449	245	92	0	1	245	1	245	4.65e-111	315
MDC0534023.1	QIZ21001.1	62.937	143	52	1	4	146	7	148	5.64e-66	193
MDC0534024.1	QIZ21002.1	74.490	196	50	0	1	196	1	196	4.17e-115	322
MDC0534025.1	QIZ21003.1	87.585	443	55	0	1	443	1	443	0.0	824
MDC0534026.1	QIZ21004.1	96.350	137	5	0	1	137	1	137	6.15e-97	271
MDC0534027.1	QIZ21005.1	78.014	141	31	0	1	141	1	141	4.30e-78	223
MDC0534028.1	QIZ21006.1	89.759	166	17	0	1	166	1	166	1.36e-112	312
MDC0534029.1	QIZ21007.1	95.782	403	17	0	1	403	1	403	0.0	806
MDC0534030.1	QIZ21008.1	97.701	261	6	0	1	261	1	261	0.0	524
MDC0534031.1	QIZ21010.1	96.897	419	13	0	1	419	272	690	0.0	830
MDC0534032.1	QIZ20898.1	30.500	200	138	1	4	202	5	204	2.38e-33	119
MDC0534033.1	QIZ20908.1	52.174	230	103	3	1	223	1	230	6.61e-78	230
MDC0534035.1	QIZ20920.1	48.908	229	116	1	1	229	1	228	6.52e-76	224
MDC0534036.1	QIZ20921.1	46.857	350	181	3	1	349	1	346	2.09e-110	322
MDC0534037.1	QIZ20922.1	63.169	467	167	4	1	464	1	465	0.0	582
MDC0534038.1	QIZ20923.1	85.915	71	10	0	1	71	1	71	1.65e-42	128
MDC0534039.1	QIZ20924.1	78.689	427	91	0	1	427	2	428	0.0	672
MDC0534040.1	QIZ20925.1	64.341	129	46	0	1	129	1	129	6.09e-58	172
MDC0534041.1	QIZ20926.1	79.856	417	84	0	1	417	1	417	0.0	669
MDC0534042.1	QIZ20927.1	74.595	185	46	1	1	184	1	185	1.55e-97	276
MDC0534043.1	QIZ20928.1	83.077	65	11	0	1	65	1	65	3.68e-25	84.0
MDC0534044.1	QIZ20929.1	67.364	239	78	0	1	239	1	239	4.15e-122	342
MDC0534045.1	QIZ20930.1	88.000	50	6	0	1	50	1	50	2.60e-25	83.6
MDC0534046.1	QIZ20931.1	73.684	114	29	1	1	113	1	114	4.52e-53	158
MDC0534047.1	QIZ20932.1	67.470	83	27	0	1	83	1	83	2.30e-37	116
MDC0534048.1	QIZ20933.1	75.045	557	138	1	1	556	1	557	0.0	890
MDC0534049.1	QIZ20934.1	67.708	288	93	0	1	288	1	288	1.54e-140	393
MDC0534050.1	QIZ20935.1	84.163	221	35	0	1	221	1	221	4.70e-143	394
MDC0534051.1	QIZ20936.1	74.638	276	69	1	1	276	1	275	9.45e-159	438
MDC0534052.1	QIZ20937.1	77.344	384	87	0	1	384	1	384	0.0	633
MDC0534053.1	QIZ20939.1	78.964	309	65	0	1	309	1	309	0.0	521
MDC0534054.1	QIZ20940.1	75.000	156	39	0	1	156	1	156	2.99e-87	248
MDC0534055.1	QIZ20941.1	70.732	246	72	0	1	246	1	246	1.15e-129	362
MDC0534056.1	QIZ20942.1	65.161	310	108	0	1	310	1	310	1.78e-149	417
MDC0534057.1	QIZ20943.1	80.233	172	34	0	1	172	1	172	9.88e-103	288
MDC0534058.1	QIZ20944.1	53.885	592	264	4	1	589	1	586	0.0	590
MDC0534060.1	QIZ20945.1	56.548	168	73	0	1	168	1	168	6.71e-65	192
MDC0534061.1	QIZ20946.1	64.532	203	72	0	1	203	1	203	1.01e-91	268
MDC0534062.1	QIZ21457.1	74.820	139	35	0	1	139	1	139	1.11e-81	232
MDC0534064.1	QIZ21459.1	59.836	366	147	0	9	374	9	374	3.31e-167	468
MDC0534065.1	QIZ21460.1	76.871	441	102	0	1	441	1	441	0.0	733
MDC0534067.1	QIZ21464.1	89.189	74	8	0	1	74	1	74	7.88e-47	139
MDC0534068.1	QIZ21465.1	92.918	466	33	0	1	466	1	466	0.0	884
MDC0534069.1	QIZ21466.1	93.162	117	8	0	22	138	17	133	8.47e-82	232
MDC0534070.1	QIZ21467.1	96.703	455	15	0	15	469	20	474	0.0	921
MDC0534071.1	QIZ21468.1	93.310	284	19	0	1	284	1	284	0.0	545
MDC0534072.1	QIZ21469.1	93.631	314	20	0	1	314	1	314	0.0	614
MDC0534073.1	QIZ21470.1	94.479	489	27	0	1	489	1	489	0.0	989
MDC0534074.1	QIZ21471.1	88.409	440	51	0	2	441	3	442	0.0	830
MDC0534075.1	QIZ21472.1	76.577	111	26	0	6	116	5	115	1.68e-61	179
MDC0534076.1	QIZ21473.1	63.462	780	279	4	1	779	1	775	0.0	1053
MDC0534077.1	QIZ21474.1	85.580	319	40	2	4	322	2	314	0.0	563
MDC0534078.1	QIZ21475.1	75.510	147	36	0	1	147	1	147	4.04e-77	221
MDC0534079.1	QIZ21476.1	82.258	124	22	0	1	124	1	124	1.31e-75	216
MDC0534080.1	QIZ21477.1	67.403	181	58	1	3	183	4	183	5.35e-82	236
MDC0534081.1	QIZ21478.1	90.000	340	34	0	1	340	1	340	0.0	634
MDC0534082.1	QIZ21479.1	89.804	716	73	0	1	716	1	716	0.0	1298
MDC0534083.1	QIZ21009.1	86.179	123	17	0	1	123	1	123	4.65e-79	224
MDC0534084.1	QIZ21480.1	90.337	445	43	0	1	445	1	445	0.0	851
MDC0534085.1	QIZ21235.1	89.225	529	57	0	1	529	1	529	0.0	952
MDC0534086.1	QIZ21233.1	96.711	608	20	0	1	608	1	608	0.0	1205
MDC0534087.1	QIZ21232.1	83.721	215	35	0	1	215	1	215	1.18e-127	355
MDC0534088.1	QIZ21231.1	75.877	228	50	2	1	225	1	226	6.72e-128	356
MDC0534089.1	QIZ21229.1	70.159	439	130	1	1	438	1	439	0.0	598
MDC0534090.1	QIZ21228.1	83.617	470	77	0	1	470	1	470	0.0	825
MDC0534091.1	QIZ21226.1	78.761	113	24	0	1	113	1	113	1.88e-63	184
MDC0534092.1	QIZ21526.1	58.974	78	32	0	16	93	16	93	1.64e-29	97.4
MDC0534095.1	QIZ21217.1	86.127	173	24	0	1	173	6	178	4.25e-112	312
MDC0534096.1	QIZ21218.1	93.119	436	30	0	1	436	1	436	0.0	813
MDC0534097.1	QIZ21219.1	69.307	101	31	0	1	101	1	101	3.81e-49	147
MDC0534099.1	QIZ21220.1	81.766	691	126	0	1	691	1	691	0.0	1180
MDC0534100.1	QIZ21221.1	72.455	167	45	1	1	166	1	167	1.60e-73	214
MDC0534101.1	QIZ21222.1	28.213	319	215	6	1	316	1	308	6.84e-31	114
MDC0534102.1	QIZ21223.1	70.280	286	85	0	1	286	1	286	6.86e-154	427
MDC0534103.1	QIZ21224.1	82.564	390	67	1	1	389	1	390	0.0	688
MDC0534104.1	QIZ20435.1	45.783	83	45	0	1	83	391	473	2.13e-21	81.6
MDC0534105.1	QIZ20436.1	80.412	485	94	1	1	485	1	484	0.0	762
MDC0534106.1	QIZ20437.1	78.421	190	41	0	1	190	1	190	3.44e-111	311
MDC0534107.1	QIZ20438.1	80.547	329	64	0	1	329	1	329	0.0	546
MDC0534108.1	QIZ20439.1	77.049	244	56	0	20	263	20	263	4.75e-137	382
MDC0534109.1	QIZ20440.1	91.556	225	19	0	1	225	1	225	1.22e-152	419
MDC0534110.1	QIZ20441.1	80.687	466	90	0	1	466	1	466	0.0	782
MDC0534111.1	QIZ20442.1	69.761	377	114	0	1	377	1	377	0.0	520
MDC0534112.1	QIZ20443.1	66.154	65	22	0	20	84	196	260	2.22e-26	93.2
MDC0534113.1	QIZ20453.1	76.231	467	111	0	1	467	1	467	0.0	748
MDC0534114.1	QIZ20454.1	66.518	224	75	0	1	224	1	224	8.98e-109	308
MDC0534115.1	QIZ20455.1	75.854	410	98	1	1	409	1	410	0.0	590
MDC0534116.1	QIZ20456.1	81.306	444	83	0	1	444	1	444	0.0	756
MDC0534117.1	QIZ20457.1	83.750	80	13	0	1	80	1	80	1.83e-38	119
MDC0534118.1	QIZ20458.1	87.296	551	70	0	1	551	1	551	0.0	1013
MDC0534119.1	QIZ20459.1	74.342	152	39	0	7	158	97	248	4.33e-78	228
MDC0534121.1	QIZ20311.1	32.544	169	113	1	51	218	74	242	1.01e-24	93.6
MDC0534122.1	QIZ20416.1	47.843	255	118	3	10	262	3	244	1.42e-80	238
MDC0534125.1	QIZ20679.1	81.333	75	14	0	1	75	1	75	5.41e-43	129
MDC0534126.1	QIZ20681.1	92.973	370	26	0	2	371	1	370	0.0	736
MDC0534127.1	QIZ20682.1	86.386	404	55	0	1	404	1	404	0.0	739
MDC0534128.1	QIZ20683.1	79.070	301	63	0	1	301	1	301	1.20e-167	463
MDC0534129.1	QIZ20684.1	62.712	118	44	0	1	118	289	406	1.49e-48	156
MDC0534130.1	QIZ21052.1	95.498	422	19	0	1	422	1	422	0.0	819
MDC0534133.1	QIZ21055.1	73.874	333	87	0	1	333	1	333	0.0	522
MDC0534134.1	QIZ21056.1	76.642	274	64	0	1	274	1	274	3.14e-160	442
MDC0534135.1	QIZ21057.1	71.166	163	47	0	4	166	5	167	2.40e-79	229
MDC0534136.1	QIZ21049.1	83.628	623	102	0	1	623	1	623	0.0	1061
MDC0534137.1	QIZ21048.1	58.373	209	87	0	5	213	4	212	2.36e-87	253
MDC0534138.1	QIZ21047.1	80.682	264	51	0	1	264	1	264	2.05e-160	441
MDC0534139.1	QIZ21046.1	69.424	278	85	0	4	281	5	282	4.04e-140	392
MDC0534140.1	QIZ21045.1	52.174	161	77	0	1	161	169	329	1.61e-47	152
MDC0534141.1	QIZ21202.1	71.540	513	143	2	1	512	2	512	0.0	689
MDC0534142.1	QIZ21203.1	89.486	428	45	0	1	428	1	428	0.0	786
MDC0534143.1	QIZ21204.1	48.667	150	77	0	1	150	1	150	9.98e-48	147
MDC0534144.1	QIZ21205.1	59.105	313	127	1	2	313	6	318	9.33e-117	335
MDC0534145.1	QIZ21206.1	59.794	97	39	0	1	97	1	97	6.11e-37	120
MDC0534146.1	QIZ20886.1	71.315	251	72	0	1	251	8	258	6.75e-133	371
MDC0534147.1	QIZ20887.1	67.647	340	110	0	20	359	20	359	3.78e-155	439
MDC0534148.1	QIZ20887.1	69.231	78	24	0	1	78	363	440	8.23e-33	112
MDC0534150.1	QIZ20889.1	83.774	530	84	1	12	541	46	573	0.0	915
MDC0534152.1	QIZ20702.1	70.572	367	108	0	1	367	1	367	0.0	537
MDC0534153.1	QIZ20701.1	81.746	126	23	0	1	126	1	126	7.18e-78	221
MDC0534154.1	QIZ20700.1	93.504	508	33	0	1	508	1	508	0.0	993
MDC0534155.1	QIZ20947.1	63.077	65	24	0	1	65	10	74	1.07e-22	78.6
MDC0534156.1	QIZ20948.1	82.857	175	30	0	1	175	1	175	2.34e-109	305
MDC0534157.1	QIZ20949.1	92.284	324	25	0	1	324	1	324	0.0	635
MDC0534158.1	QIZ20950.1	69.165	587	178	3	1	584	1	587	0.0	805
MDC0534160.1	QIZ21216.1	44.211	95	53	0	1	95	1	95	4.20e-28	94.0
MDC0534161.1	QIZ21215.1	75.829	211	51	0	1	211	1	211	6.90e-120	335
MDC0534162.1	QIZ21214.1	73.129	294	79	0	1	294	1	294	7.16e-158	437
MDC0534163.1	QIZ21213.1	85.000	100	15	0	1	100	1	100	9.67e-63	183
MDC0534164.1	QIZ20691.1	90.830	458	42	0	1	458	1	458	0.0	905
MDC0534165.1	QIZ20690.1	90.789	304	28	0	1	304	249	552	0.0	573
MDC0534166.1	QIZ21043.1	69.822	729	216	3	1	727	49	775	0.0	1081
MDC0534167.1	QIZ21481.1	48.198	222	95	2	1	202	120	341	7.28e-63	194
MDC0534168.1	QIZ21485.1	93.233	532	36	0	1	532	30	561	0.0	1023
MDC0534169.1	QIZ21042.1	51.111	135	61	2	10	144	13	142	4.12e-47	147
MDC0534170.1	QIZ21041.1	31.200	375	199	12	1	362	1	329	1.13e-28	109
