MDA7572626.1	QIZ20719.1	87.768	327	40	0	1	327	1	327	0.0	546
MDA7572627.1	QIZ20720.1	78.325	203	44	0	1	203	1	203	7.55e-118	329
MDA7572628.1	QIZ20721.1	83.168	303	51	0	1	303	1	303	0.0	530
MDA7572629.1	QIZ20722.1	80.150	267	53	0	1	267	1	267	2.21e-153	424
MDA7572630.1	QIZ20723.1	86.977	215	28	0	1	215	1	215	5.51e-143	393
MDA7572631.1	QIZ20724.1	90.099	404	40	0	1	404	1	404	0.0	767
MDA7572632.1	QIZ20725.1	74.437	888	227	0	1	888	1	888	0.0	1387
MDA7572633.1	QIZ20726.1	91.906	383	31	0	1	383	1	383	0.0	717
MDA7572634.1	QIZ20727.1	64.815	432	151	1	1	431	1	432	0.0	534
MDA7572635.1	QIZ20728.1	83.766	308	50	0	1	308	1	308	0.0	516
MDA7572636.1	QIZ20729.1	85.000	120	18	0	1	120	1	120	3.62e-78	222
MDA7572637.1	QIZ20730.1	71.585	183	52	0	1	183	1	183	2.27e-94	268
MDA7572638.1	QIZ20731.1	94.656	131	7	0	1	131	1	131	2.38e-91	256
MDA7572639.1	QIZ20732.1	94.836	426	22	0	1	426	1	426	0.0	838
MDA7572640.1	QIZ21095.1	78.635	337	71	1	19	355	27	362	0.0	546
MDA7572641.1	QIZ20733.1	67.586	290	94	0	1	290	1	290	9.70e-141	394
MDA7572643.1	QIZ20734.1	85.211	142	21	0	25	166	39	180	1.13e-90	258
MDA7572644.1	QIZ20736.1	85.577	208	30	0	1	208	1	208	3.04e-138	381
MDA7572645.1	QIZ20737.1	84.911	338	51	0	1	338	1	338	0.0	581
MDA7572646.1	QIZ20738.1	90.566	106	10	0	1	106	1	106	7.02e-73	207
MDA7572647.1	QIZ20739.1	85.547	256	37	0	1	256	1	256	2.57e-161	443
MDA7572648.1	QIZ20740.1	92.076	631	50	0	1	631	1	631	0.0	1211
MDA7572651.1	QIZ20742.1	89.862	434	44	0	1	434	1	434	0.0	820
MDA7572652.1	QIZ20743.1	86.054	294	41	0	1	294	1	294	0.0	512
MDA7572653.1	QIZ20744.1	94.225	329	19	0	6	334	1	329	0.0	645
MDA7572654.1	QIZ20745.1	90.975	277	25	0	1	277	1	277	0.0	509
MDA7572655.1	QIZ20746.1	95.147	886	43	0	1	886	1	886	0.0	1743
MDA7572656.1	QIZ20747.1	85.901	688	97	0	1	688	1	688	0.0	1179
MDA7572657.1	QIZ20748.1	93.197	294	20	0	1	294	1	294	0.0	584
MDA7572658.1	QIZ20749.1	93.657	268	17	0	1	268	1	268	2.05e-168	462
MDA7572659.1	QIZ20750.1	89.614	337	35	0	1	337	1	337	0.0	617
MDA7572660.1	QIZ20751.1	84.615	208	32	0	1	208	1	208	3.89e-131	363
MDA7572661.1	QIZ20752.1	91.111	360	32	0	1	360	1	360	0.0	671
MDA7572662.1	QIZ20753.1	89.623	636	66	0	3	638	2	637	0.0	1204
MDA7572663.1	QIZ20754.1	77.586	290	65	0	1	290	1	290	1.04e-157	437
MDA7572664.1	QIZ20755.1	77.778	81	18	0	1	81	1	81	6.25e-39	120
MDA7572665.1	QIZ20756.1	75.806	310	75	0	1	310	1	310	2.57e-170	470
MDA7572666.1	QIZ20886.1	32.743	226	147	3	9	229	23	248	2.77e-34	119
MDA7572668.1	QIZ20757.1	88.650	326	37	0	1	326	1	326	0.0	573
MDA7572669.1	QIZ20758.1	93.857	293	18	0	5	297	1	293	0.0	569
MDA7572670.1	QIZ20759.1	94.186	430	25	0	1	430	1	430	0.0	839
MDA7572671.1	QIZ20760.1	84.815	270	41	0	1	270	1	270	7.71e-168	461
MDA7572672.1	QIZ20761.1	85.779	443	63	0	1	443	1	443	0.0	769
MDA7572673.1	QIZ20762.1	78.571	350	75	0	1	350	1	350	0.0	514
MDA7572674.1	QIZ20763.1	92.197	628	49	0	3	630	1	628	0.0	1139
MDA7572675.1	QIZ20764.1	66.092	348	118	0	1	348	1	348	2.59e-169	471
MDA7572676.1	QIZ20765.1	80.428	327	61	1	2	328	1	324	0.0	536
MDA7572677.1	QIZ20766.1	87.037	162	18	1	1	162	1	159	6.65e-98	275
MDA7572678.1	QIZ20767.1	93.735	431	27	0	16	446	16	446	0.0	837
MDA7572679.1	QIZ20768.1	90.706	269	25	0	1	269	1	269	4.12e-153	423
MDA7572680.1	QIZ20769.1	97.101	138	4	0	1	138	1	138	1.51e-96	270
MDA7572681.1	QIZ20770.1	91.518	224	19	0	1	224	1	224	4.42e-152	417
MDA7572682.1	QIZ20771.1	92.638	163	12	0	1	163	1	163	2.32e-114	317
MDA7572683.1	QIZ20772.1	84.034	238	38	0	1	238	1	238	4.29e-152	419
MDA7572684.1	QIZ20773.1	86.245	269	36	1	1	269	1	268	2.25e-177	485
MDA7572685.1	QIZ20774.1	68.508	181	56	1	1	181	1	180	7.91e-90	256
MDA7572686.1	QIZ20775.1	81.081	148	28	0	1	148	1	148	2.38e-84	239
MDA7572687.1	QIZ20776.1	85.047	107	16	0	1	107	1	107	8.72e-57	167
MDA7572688.1	QIZ20777.1	88.190	652	77	0	1	652	1	652	0.0	1206
MDA7572689.1	QIZ20778.1	87.761	335	41	0	1	335	1	335	0.0	612
MDA7572690.1	QIZ20779.1	81.633	392	72	0	1	392	1	392	0.0	645
MDA7572691.1	QIZ20780.1	84.821	336	51	0	1	336	1	336	0.0	596
MDA7572692.1	QIZ20781.1	80.193	207	41	0	1	207	1	207	1.41e-106	301
MDA7572693.1	QIZ20782.1	91.398	186	16	0	1	186	1	186	6.88e-129	355
MDA7572694.1	QIZ20783.1	87.712	236	29	0	1	236	11	246	1.56e-158	435
MDA7572695.1	QIZ20784.1	93.421	76	5	0	1	76	1	76	1.85e-50	148
MDA7572696.1	QIZ20785.1	86.286	175	24	0	1	175	1	175	3.56e-116	323
MDA7572697.1	QIZ20786.1	98.413	63	1	0	3	65	2	64	6.66e-38	116
MDA7572700.1	QIZ20853.1	51.724	232	112	0	1	232	7	238	1.40e-82	242
MDA7572701.1	QIZ20788.1	93.103	464	32	0	2	465	1	464	0.0	878
MDA7572702.1	QIZ20789.1	93.684	95	6	0	1	95	1	95	7.62e-60	174
MDA7572703.1	QIZ20790.1	80.110	362	72	0	1	362	1	362	0.0	591
MDA7572705.1	QIZ20792.1	100.000	41	0	0	1	41	1	41	1.01e-23	78.6
MDA7572706.1	QIZ20793.1	66.438	292	98	0	1	292	1	292	3.70e-146	408
MDA7572708.1	QIZ20851.1	30.337	267	170	6	2	263	4	259	4.28e-29	109
MDA7572709.1	QIZ20858.1	33.243	367	210	14	9	359	34	381	4.28e-31	118
MDA7572710.1	QIZ21390.1	52.273	220	103	1	1	220	1	218	2.73e-73	218
MDA7572711.1	QIZ20846.1	27.734	256	157	5	36	288	27	257	3.56e-26	102
MDA7572713.1	QIZ21035.1	85.890	163	23	0	18	180	18	180	1.25e-104	295
MDA7572714.1	QIZ21034.1	84.109	258	41	0	1	258	1	258	2.74e-160	441
MDA7572715.1	QIZ21033.1	89.920	377	34	2	1	377	1	373	0.0	672
MDA7572716.1	QIZ21032.1	93.471	628	41	0	1	628	1	628	0.0	1192
MDA7572717.1	QIZ21031.1	70.642	218	56	2	1	217	1	211	8.54e-103	291
MDA7572718.1	QIZ21030.1	79.500	200	41	0	1	200	1	200	2.71e-105	297
MDA7572719.1	QIZ21029.1	75.979	383	92	0	1	383	1	383	0.0	569
MDA7572720.1	QIZ21028.1	77.352	287	65	0	1	287	1	287	2.19e-157	436
MDA7572721.1	QIZ21027.1	83.249	197	33	0	1	197	1	197	1.49e-120	335
MDA7572722.1	QIZ21026.1	92.988	328	23	0	1	328	434	761	0.0	615
MDA7572723.1	QIZ21025.1	81.299	508	95	0	1	508	1	508	0.0	814
MDA7572724.1	QIZ21024.1	84.084	333	53	0	1	333	1	333	0.0	582
MDA7572725.1	QIZ21023.1	83.889	180	29	0	1	180	1	180	1.95e-112	313
MDA7572727.1	QIZ21022.1	71.084	332	95	1	1	332	2	332	3.12e-177	489
MDA7572728.1	QIZ21021.1	79.200	125	26	0	7	131	4	128	1.65e-71	206
MDA7572729.1	QIZ21020.1	95.588	136	6	0	1	136	1	136	2.37e-94	264
MDA7572730.1	QIZ21019.1	82.063	446	80	0	1	446	10	455	0.0	744
MDA7572731.1	QIZ21018.1	94.595	333	18	0	1	333	1	333	0.0	640
MDA7572732.1	QIZ21017.1	72.368	152	42	0	1	152	1	152	3.37e-66	194
MDA7572733.1	QIZ21016.1	73.166	477	128	0	16	492	19	495	0.0	693
MDA7572734.1	QIZ21015.1	90.746	389	36	0	1	389	1	389	0.0	720
MDA7572735.1	QIZ21014.1	94.528	530	29	0	1	530	1	530	0.0	992
MDA7572736.1	QIZ21013.1	88.934	741	73	3	1	737	1	736	0.0	1295
MDA7572737.1	QIZ21012.1	92.623	122	9	0	1	122	1	122	8.14e-82	231
MDA7572738.1	QIZ21011.1	91.463	82	7	0	1	82	1	82	4.25e-50	148
MDA7572739.1	QIZ21010.1	95.217	690	33	0	1	690	1	690	0.0	1343
MDA7572744.1	QIZ21008.1	95.402	261	12	0	1	261	1	261	0.0	516
MDA7572745.1	QIZ21007.1	88.337	403	47	0	1	403	1	403	0.0	745
MDA7572746.1	QIZ21006.1	86.145	166	23	0	1	166	1	166	7.57e-107	298
MDA7572747.1	QIZ21005.1	86.525	141	19	0	1	141	1	141	5.48e-89	251
MDA7572748.1	QIZ21004.1	95.620	137	6	0	1	137	1	137	5.96e-96	268
MDA7572749.1	QIZ21003.1	88.713	443	50	0	1	443	1	443	0.0	836
MDA7572750.1	QIZ21002.1	75.127	197	49	0	1	197	1	197	2.33e-113	317
MDA7572751.1	QIZ21001.1	69.128	149	46	0	1	149	1	149	7.31e-74	213
MDA7572752.1	QIZ21000.1	80.478	251	49	0	1	251	1	251	9.31e-146	403
MDA7572753.1	QIZ20999.1	79.310	145	30	0	1	145	1	145	3.56e-86	244
MDA7572754.1	QIZ20998.1	81.297	401	75	0	1	401	1	401	0.0	668
MDA7572755.1	QIZ20997.1	87.739	522	64	0	1	522	1	522	0.0	919
MDA7572756.1	QIZ20996.1	86.752	234	31	0	1	234	1	234	2.68e-157	431
MDA7572757.1	QIZ20995.1	76.655	287	67	0	1	287	1	287	7.32e-153	424
MDA7572758.1	QIZ20994.1	93.023	86	6	0	1	86	1	86	9.12e-51	150
MDA7572759.1	QIZ20993.1	89.787	470	48	0	1	470	1	470	0.0	861
MDA7572760.1	QIZ20992.1	94.324	370	21	0	1	370	1	370	0.0	697
MDA7572761.1	QIZ20991.1	76.395	233	55	0	1	233	1	233	5.28e-126	352
MDA7572762.1	QIZ20990.1	78.218	404	88	0	1	404	1	404	0.0	652
MDA7572763.1	QIZ20989.1	86.696	451	60	0	1	451	1	451	0.0	790
MDA7572764.1	QIZ20988.1	74.269	171	44	0	1	171	1	171	1.48e-93	265
MDA7572765.1	QIZ20987.1	86.567	67	9	0	1	67	1	67	1.80e-29	95.1
MDA7572766.1	QIZ20986.1	80.734	218	42	0	1	218	1	218	1.56e-137	380
MDA7572767.1	QIZ20985.1	89.894	188	19	0	1	188	1	188	5.82e-129	356
MDA7572768.1	QIZ20984.1	87.006	177	23	0	1	177	1	177	1.18e-103	291
MDA7572769.1	QIZ20983.1	70.064	157	47	0	1	157	2	158	1.37e-71	208
MDA7572770.1	QIZ20982.1	77.778	198	44	0	1	198	1	198	3.03e-112	314
MDA7572771.1	QIZ20981.1	75.838	567	137	0	1	567	1	567	0.0	843
MDA7572772.1	QIZ20980.1	76.873	307	64	5	1	303	1	304	2.72e-151	422
MDA7572773.1	QIZ20979.1	88.889	108	12	0	1	108	1	108	2.23e-69	199
MDA7572774.1	QIZ20978.1	69.718	142	42	1	1	142	1	141	6.11e-65	190
MDA7572775.1	QIZ20977.1	86.984	799	104	0	1	799	3	801	0.0	1432
MDA7572776.1	QIZ21085.1	25.832	631	431	15	35	643	56	671	1.65e-46	170
MDA7572777.1	QIZ21314.1	26.772	381	239	15	1	354	3	370	3.19e-34	127
MDA7572780.1	QIZ20976.1	87.234	141	18	0	1	141	1	141	8.46e-94	263
MDA7572781.1	QIZ20975.1	83.038	395	67	0	1	395	1	395	0.0	691
MDA7572782.1	QIZ20974.1	92.984	1012	71	0	1	1012	1	1012	0.0	1975
MDA7572783.1	QIZ20973.1	78.118	425	89	2	1	423	1	423	0.0	674
MDA7572784.1	QIZ20972.1	89.116	294	32	0	1	294	1	294	0.0	533
MDA7572785.1	QIZ20971.1	70.417	240	70	1	1	239	1	240	1.37e-117	332
MDA7572786.1	QIZ20970.1	86.430	479	65	0	1	479	1	479	0.0	859
MDA7572787.1	QIZ20969.1	87.374	1291	163	0	1	1291	1	1291	0.0	2378
MDA7572788.1	QIZ20539.1	86.182	275	38	0	1	275	95	369	1.06e-177	490
MDA7572789.1	QIZ20538.1	96.703	91	3	0	1	91	1	91	5.08e-62	179
MDA7572790.1	QIZ20537.1	63.741	433	157	0	1	433	1	433	0.0	514
MDA7572791.1	QIZ20536.1	73.684	152	40	0	1	152	1	152	3.72e-60	179
MDA7572793.1	QIZ20533.1	77.953	127	28	0	1	127	1	127	1.44e-74	213
MDA7572794.1	QIZ20532.1	59.794	194	76	1	1	194	1	192	1.06e-82	239
MDA7572795.1	QIZ20531.1	74.522	157	40	0	1	157	1	157	7.38e-82	234
MDA7572796.1	QIZ20530.1	85.326	184	27	0	1	184	1	184	1.36e-115	322
MDA7572797.1	QIZ20529.1	76.172	256	61	0	1	256	1	256	7.41e-147	407
MDA7572798.1	QIZ20528.1	80.357	56	11	0	1	56	13	68	3.85e-29	93.6
MDA7572799.1	QIZ20527.1	87.263	369	47	0	1	369	1	369	0.0	663
MDA7572801.1	QIZ20526.1	84.910	391	59	0	1	391	1	391	0.0	699
MDA7572802.1	QIZ20525.1	63.366	404	148	0	1	404	1	404	1.17e-179	502
MDA7572803.1	QIZ20524.1	75.452	387	95	0	1	387	1	387	0.0	562
MDA7572804.1	QIZ20523.1	87.027	185	24	0	1	185	1	185	1.61e-107	301
MDA7572805.1	QIZ20522.1	72.656	256	70	0	1	256	1	256	5.11e-130	364
MDA7572806.1	QIZ20521.1	80.153	131	26	0	1	131	1	131	5.01e-78	222
MDA7572807.1	QIZ20520.1	76.604	265	60	1	1	265	2	264	2.45e-157	434
MDA7572808.1	QIZ20519.1	94.872	156	8	0	1	156	1	156	8.75e-114	315
MDA7572809.1	QIZ20518.1	96.769	619	20	0	1	619	1	619	0.0	1271
MDA7572810.1	QIZ20517.1	85.345	116	17	0	1	116	1	116	1.76e-74	212
MDA7572812.1	QIZ20516.1	78.273	359	78	0	1	359	1	359	0.0	511
MDA7572813.1	QIZ20514.1	86.908	359	47	0	1	359	1	359	0.0	606
MDA7572814.1	QIZ20513.1	97.165	388	11	0	1	388	1	388	0.0	787
MDA7572815.1	QIZ20512.1	91.489	94	8	0	1	94	1	94	2.19e-60	175
MDA7572817.1	QIZ20511.1	95.110	593	29	0	1	593	1	593	0.0	1179
MDA7572821.1	QIZ20805.1	40.047	427	204	13	192	598	1	395	1.13e-85	268
MDA7572822.1	QIZ20510.1	75.346	434	107	0	1	434	1	434	0.0	690
MDA7572823.1	QIZ20500.1	86.423	383	52	0	1	383	1	383	0.0	716
MDA7572824.1	QIZ20499.1	83.333	258	43	0	1	258	1	258	1.39e-158	436
MDA7572825.1	QIZ20498.1	79.323	266	53	1	1	264	1	266	1.79e-143	399
MDA7572826.1	QIZ20497.1	62.353	255	93	1	1	255	1	252	4.81e-109	311
MDA7572827.1	QIZ20496.1	91.327	196	17	0	1	196	1	196	1.58e-117	327
MDA7572828.1	QIZ20495.1	73.070	531	143	0	1	531	1	531	0.0	841
MDA7572829.1	QIZ20489.1	60.548	365	142	1	1	365	1	363	4.28e-164	459
MDA7572830.1	QIZ20488.1	62.136	103	38	1	8	110	15	116	7.59e-43	135
MDA7572832.1	QIZ20487.1	77.221	439	100	0	4	442	2	440	0.0	655
MDA7572833.1	QIZ20485.1	71.753	485	137	0	1	485	1	485	0.0	673
MDA7572834.1	QIZ20484.1	85.484	248	36	0	1	248	1	248	5.55e-160	439
MDA7572835.1	QIZ20483.1	63.889	216	76	1	1	216	1	214	5.59e-97	277
MDA7572837.1	QIZ20482.1	81.429	140	26	0	1	140	1	140	6.60e-86	243
MDA7572838.1	QIZ20481.1	76.471	221	52	0	1	221	1	221	5.49e-122	341
MDA7572839.1	QIZ20480.1	59.412	170	68	1	14	183	14	182	1.06e-67	201
MDA7572843.1	QIZ20479.1	76.250	80	19	0	1	80	1	80	1.21e-42	129
MDA7572844.1	QIZ20478.1	83.144	439	70	1	1	435	1	439	0.0	727
MDA7572845.1	QIZ20477.1	89.163	203	22	0	1	203	1	203	7.10e-138	379
MDA7572846.1	QIZ20476.1	94.076	422	25	0	1	422	1	422	0.0	816
MDA7572847.1	QIZ20475.1	92.434	793	60	0	1	793	2	794	0.0	1470
MDA7572848.1	QIZ20213.1	87.248	149	19	0	20	168	28	176	1.28e-94	268
MDA7572851.1	QIZ20474.1	93.443	122	8	0	1	122	1	122	4.71e-81	229
MDA7572852.1	QIZ20473.1	94.220	173	10	0	1	173	1	173	1.97e-127	350
MDA7572853.1	QIZ20472.1	88.119	202	24	0	1	202	1	202	3.35e-134	370
MDA7572854.1	QIZ20471.1	95.908	391	16	0	1	391	1	391	0.0	783
MDA7572855.1	QIZ20470.1	83.168	202	34	0	1	202	1	202	3.82e-132	365
MDA7572856.1	QIZ20469.1	90.971	443	40	0	1	443	1	443	0.0	852
MDA7572857.1	QIZ20468.1	84.706	680	103	1	1	680	1	679	0.0	1216
MDA7572858.1	QIZ20467.1	92.470	332	25	0	1	332	1	332	0.0	620
MDA7572859.1	QIZ20466.1	89.441	161	17	0	1	161	1	161	4.63e-111	308
MDA7572860.1	QIZ20465.1	85.714	210	30	0	1	210	1	210	8.52e-136	375
MDA7572861.1	QIZ20464.1	92.233	103	8	0	1	103	1	103	5.52e-53	157
MDA7572862.1	QIZ20463.1	86.635	636	85	0	1	636	1	636	0.0	1140
MDA7572863.1	QIZ20462.1	88.129	497	59	0	1	497	1	497	0.0	888
MDA7572864.1	QIZ20461.1	83.864	471	76	0	1	471	1	471	0.0	761
MDA7572865.1	QIZ20460.1	71.739	184	52	0	1	184	1	184	1.58e-90	258
MDA7572866.1	QIZ20459.1	78.629	248	53	0	1	248	1	248	3.35e-125	351
MDA7572867.1	QIZ20458.1	87.840	551	67	0	1	551	1	551	0.0	1025
MDA7572868.1	QIZ20457.1	81.481	81	15	0	1	81	1	81	1.30e-39	121
MDA7572869.1	QIZ20456.1	85.360	444	65	0	1	444	1	444	0.0	792
MDA7572870.1	QIZ20455.1	82.195	410	73	0	1	410	1	410	0.0	638
MDA7572871.1	QIZ20454.1	76.889	225	52	0	1	225	1	225	4.26e-129	359
MDA7572872.1	QIZ20453.1	88.007	1134	136	0	4	1137	5	1138	0.0	2065
MDA7572874.1	QIZ20452.1	80.919	283	54	0	1	283	1	283	2.45e-170	468
MDA7572875.1	QIZ20451.1	85.549	173	25	0	1	173	11	183	6.81e-108	301
MDA7572876.1	QIZ20450.1	66.055	109	37	0	1	109	1	109	6.27e-41	130
MDA7572877.1	QIZ21519.1	95.161	124	6	0	1	124	1	124	1.42e-88	248
MDA7572878.1	QIZ21344.1	64.789	284	97	3	1	283	1	282	3.06e-131	369
MDA7572879.1	QIZ21518.1	34.395	314	198	3	6	316	5	313	1.75e-53	174
MDA7572880.1	QIZ21517.1	68.056	72	23	0	1	72	1	72	4.21e-31	99.8
MDA7572881.1	QIZ21516.1	89.425	539	57	0	1	539	1	539	0.0	1025
MDA7572882.1	QIZ21515.1	93.060	317	22	0	1	317	1	317	0.0	601
MDA7572883.1	QIZ21514.1	93.173	249	17	0	1	249	1	249	6.72e-171	467
MDA7572884.1	QIZ21513.1	96.049	810	32	0	1	810	1	810	0.0	1593
MDA7572885.1	QIZ21512.1	62.411	141	53	0	24	164	26	166	9.34e-65	191
MDA7572886.1	QIZ20490.1	28.253	269	186	1	3	264	5	273	1.67e-28	107
MDA7572887.1	QIZ21448.1	61.975	476	180	1	1	475	1	476	0.0	598
MDA7572892.1	QIZ20555.1	41.509	265	151	3	57	321	236	496	1.29e-58	192
MDA7572893.1	QIZ20556.1	44.510	337	183	2	2	334	3	339	3.26e-103	303
MDA7572894.1	QIZ20592.1	33.730	252	153	5	6	256	5	243	1.50e-38	131
MDA7572899.1	QIZ20579.1	44.037	109	61	0	1	109	1	109	1.22e-28	96.3
MDA7572902.1	QIZ20495.1	42.614	528	300	3	3	527	4	531	1.52e-140	412
MDA7572903.1	QIZ20216.1	57.413	317	134	1	1	316	1	317	2.19e-124	355
MDA7572905.1	QIZ21511.1	89.418	189	20	0	1	189	1	189	2.12e-129	357
MDA7572906.1	QIZ21213.1	34.965	143	93	0	28	170	1	143	1.30e-26	95.1
MDA7572908.1	QIZ21510.1	51.880	133	64	0	1	133	6	138	4.93e-45	140
MDA7572909.1	QIZ21509.1	88.506	261	30	0	1	261	1	261	7.17e-172	470
MDA7572910.1	QIZ21508.1	88.710	124	14	0	1	124	1	124	1.47e-84	238
MDA7572911.1	QIZ21507.1	73.134	134	36	0	1	134	1	134	9.51e-73	209
MDA7572913.1	QIZ21506.1	71.788	397	112	0	1	397	1	397	0.0	626
MDA7572914.1	QIZ21505.1	90.496	242	23	0	1	242	1	242	4.60e-166	454
MDA7572915.1	QIZ21504.1	95.796	452	19	0	1	452	1	452	0.0	910
MDA7572916.1	QIZ21503.1	87.845	181	22	0	1	181	1	181	1.10e-116	324
MDA7572918.1	QIZ20622.1	84.429	289	45	0	1	289	1	289	4.74e-166	458
MDA7572919.1	QIZ20623.1	72.956	159	43	0	1	159	1	159	1.68e-77	223
MDA7572920.1	QIZ20624.1	94.658	468	25	0	1	468	1	468	0.0	937
MDA7572922.1	QIZ20625.1	89.091	110	12	0	1	110	1	110	4.28e-72	206
MDA7572923.1	QIZ20626.1	86.735	98	13	0	1	98	1	98	3.41e-59	172
MDA7572924.1	QIZ20627.1	81.046	153	29	0	1	153	1	153	4.46e-93	262
MDA7572925.1	QIZ20628.1	83.168	404	68	0	1	404	1	404	0.0	724
MDA7572926.1	QIZ20629.1	60.000	415	166	0	1	415	1	415	1.67e-170	479
MDA7572927.1	QIZ20630.1	81.967	244	44	0	1	244	1	244	4.08e-144	399
MDA7572928.1	QIZ20631.1	91.875	480	39	0	1	480	1	480	0.0	933
MDA7572929.1	QIZ20632.1	77.143	140	32	0	1	140	1	140	1.70e-77	222
MDA7572930.1	QIZ20633.1	93.578	218	14	0	1	218	1	218	2.80e-150	412
MDA7572931.1	QIZ20634.1	50.656	381	169	7	1	368	1	375	2.73e-127	366
MDA7572932.1	QIZ20635.1	78.922	408	86	0	1	408	1	408	0.0	655
MDA7572933.1	QIZ20636.1	50.980	714	348	1	20	733	19	730	0.0	653
MDA7572934.1	QIZ20863.1	41.975	243	133	5	104	342	104	342	1.24e-52	173
MDA7572936.1	QIZ20637.1	87.124	598	72	1	1	593	1	598	0.0	1014
MDA7572937.1	QIZ20638.1	92.126	254	20	0	7	260	4	257	1.70e-175	479
MDA7572939.1	QIZ20640.1	88.971	136	15	0	10	145	10	145	1.02e-87	248
MDA7572940.1	QIZ20641.1	80.142	141	28	0	1	141	1	141	5.61e-79	226
MDA7572941.1	QIZ20642.1	96.629	445	15	0	1	445	1	445	0.0	897
MDA7572942.1	QIZ20643.1	65.942	138	41	1	1	138	1	132	3.47e-56	167
MDA7572943.1	QIZ20644.1	83.193	119	20	0	1	119	1	119	1.01e-70	203
MDA7572944.1	QIZ20645.1	92.674	273	20	0	1	273	1	273	0.0	523
MDA7572945.1	QIZ20646.1	89.562	594	62	0	1	594	1	594	0.0	1116
MDA7572946.1	QIZ20647.1	86.818	220	29	0	1	220	5	224	1.44e-126	352
MDA7572947.1	QIZ20648.1	61.838	359	137	0	1	359	1	359	1.45e-148	419
MDA7572948.1	QIZ20649.1	84.211	342	54	0	1	342	1	342	0.0	557
MDA7572949.1	QIZ20650.1	73.438	192	51	0	1	192	1	192	4.51e-96	273
MDA7572950.1	QIZ20651.1	90.441	136	13	0	1	136	1	136	8.10e-79	225
MDA7572951.1	QIZ20652.1	88.454	485	56	0	1	485	1	485	0.0	880
MDA7572952.1	QIZ20653.1	46.743	261	133	1	1	261	1	255	1.32e-78	239
MDA7572953.1	QIZ20654.1	55.556	72	32	0	2	73	22	93	9.23e-22	82.0
MDA7572954.1	QIZ20666.1	84.564	149	23	0	1	149	322	470	6.87e-92	270
MDA7572955.1	QIZ20667.1	82.767	795	136	1	1	795	1	794	0.0	1281
MDA7572956.1	QIZ20668.1	71.823	181	51	0	1	181	1	181	2.83e-86	247
MDA7572957.1	QIZ20669.1	88.750	480	54	0	14	493	14	493	0.0	890
MDA7572959.1	QIZ20670.1	77.030	431	99	0	1	431	1	431	0.0	697
MDA7572960.1	QIZ20671.1	71.753	308	87	0	1	308	1	308	1.48e-163	453
MDA7572961.1	QIZ20672.1	86.014	286	40	0	1	286	1	286	0.0	509
MDA7572962.1	QIZ20673.1	77.230	426	97	0	1	426	1	426	0.0	678
MDA7572963.1	QIZ20416.1	48.047	256	118	3	8	261	2	244	2.89e-81	240
MDA7572964.1	QIZ20311.1	32.353	170	114	1	51	219	74	243	2.71e-25	95.1
MDA7572965.1	QIZ20311.1	36.364	165	104	1	14	177	40	204	2.83e-25	95.1
MDA7572967.1	QIZ20735.1	66.406	256	86	0	1	256	1	256	5.25e-110	313
MDA7572969.1	QIZ20679.1	79.688	64	13	0	1	64	12	75	1.13e-34	108
MDA7572970.1	QIZ20680.1	78.098	347	76	0	1	347	1	347	0.0	591
MDA7572971.1	QIZ20681.1	95.652	368	16	0	4	371	3	370	0.0	744
MDA7572972.1	QIZ20682.1	91.563	403	34	0	1	403	1	403	0.0	779
MDA7572973.1	QIZ20683.1	85.714	301	43	0	1	301	1	301	0.0	501
MDA7572974.1	QIZ20684.1	78.795	415	88	0	1	415	1	415	0.0	638
MDA7572975.1	QIZ20685.1	79.000	200	42	0	1	200	1	200	5.34e-119	332
MDA7572976.1	QIZ20686.1	85.294	136	20	0	1	136	1	136	1.19e-87	247
MDA7572977.1	QIZ20687.1	93.789	161	10	0	1	161	1	161	8.07e-95	267
MDA7572978.1	QIZ20689.1	79.348	276	57	0	1	276	1	276	2.29e-164	452
MDA7572979.1	QIZ20690.1	95.833	552	23	0	1	552	1	552	0.0	1070
MDA7572980.1	QIZ20691.1	91.432	922	79	0	1	922	1	922	0.0	1797
MDA7572981.1	QIZ20692.1	72.292	480	133	0	4	483	12	491	0.0	740
MDA7572982.1	QIZ20694.1	94.278	367	21	0	1	367	1	367	0.0	701
MDA7572983.1	QIZ20695.1	82.031	128	23	0	1	128	28	155	5.62e-57	170
MDA7572985.1	QIZ20696.1	76.680	253	59	0	1	253	1	253	1.63e-149	413
MDA7572986.1	QIZ20697.1	61.364	176	67	1	1	175	7	182	8.05e-76	221
MDA7572987.1	QIZ20698.1	84.694	392	60	0	1	392	1	392	0.0	676
MDA7572989.1	QIZ20699.1	79.710	414	84	0	1	414	1	414	0.0	670
MDA7572990.1	QIZ20700.1	93.382	952	63	0	1	952	1	952	0.0	1823
MDA7572991.1	QIZ20701.1	85.714	126	18	0	1	126	1	126	1.03e-79	226
MDA7572992.1	QIZ20702.1	86.957	368	48	0	1	368	1	368	0.0	651
MDA7572993.1	QIZ20559.1	96.026	151	6	0	1	151	19	169	1.88e-106	296
MDA7572994.1	QIZ20560.1	96.019	427	17	0	1	427	1	427	0.0	795
MDA7572995.1	QIZ20561.1	91.304	345	29	1	5	349	3	346	0.0	657
MDA7572996.1	QIZ20703.1	77.474	293	62	1	1	289	1	293	1.23e-155	432
MDA7572997.1	QIZ20704.1	74.132	317	82	0	1	317	1	317	7.83e-169	467
MDA7572998.1	QIZ20705.1	77.093	227	52	0	1	227	1	227	5.03e-132	367
MDA7572999.1	QIZ20706.1	85.214	257	38	0	1	257	9	265	7.71e-165	452
MDA7573000.1	QIZ20707.1	76.687	163	36	1	1	161	1	163	3.84e-88	250
MDA7573001.1	QIZ20714.1	78.431	204	43	1	1	203	1	204	9.47e-111	311
MDA7573002.1	QIZ21438.1	60.408	245	97	0	1	245	1	245	9.30e-112	317
MDA7573003.1	QIZ21437.1	75.321	389	95	1	1	389	1	388	0.0	642
MDA7573004.1	QIZ20511.1	29.066	578	378	11	8	561	4	573	5.82e-72	237
MDA7573005.1	QIZ21436.1	88.718	195	22	0	1	195	1	195	5.41e-131	361
MDA7573006.1	QIZ21435.1	53.306	242	110	2	18	256	17	258	4.24e-88	258
MDA7573007.1	QIZ21434.1	77.033	492	113	0	1	492	1	492	0.0	823
MDA7573008.1	QIZ21433.1	76.842	285	66	0	1	285	1	285	1.28e-159	441
MDA7573009.1	QIZ21432.1	93.955	397	23	1	1	396	1	397	0.0	718
MDA7573010.1	QIZ21430.1	87.855	387	47	0	1	387	1	387	0.0	651
MDA7573011.1	QIZ21429.1	90.293	443	43	0	1	443	1	443	0.0	785
MDA7573012.1	QIZ21428.1	94.643	336	18	0	1	336	1	336	0.0	639
MDA7573013.1	QIZ21427.1	91.630	227	19	0	1	227	9	235	6.10e-147	405
MDA7573014.1	QIZ21426.1	89.773	264	27	0	1	264	1	264	2.58e-176	482
MDA7573017.1	QIZ21425.1	80.731	301	58	0	1	301	1	301	7.13e-179	491
MDA7573018.1	QIZ21424.1	60.577	104	41	0	1	104	1	104	1.78e-43	133
MDA7573019.1	QIZ21423.1	69.658	234	71	0	7	240	1	234	4.06e-124	347
MDA7573020.1	QIZ20184.1	80.153	131	26	0	1	131	1	131	1.43e-68	204
MDA7573021.1	QIZ20183.1	86.822	129	17	0	1	129	1	129	2.66e-76	218
MDA7573022.1	QIZ20182.1	85.714	224	32	0	1	224	1	224	7.61e-143	394
MDA7573023.1	QIZ20181.1	91.739	230	19	0	1	230	1	230	3.16e-156	428
MDA7573024.1	QIZ20180.1	81.818	286	49	2	1	286	1	283	1.99e-172	474
MDA7573025.1	QIZ21593.1	91.329	346	30	0	1	346	1	346	0.0	632
MDA7573027.1	QIZ21482.1	93.651	63	4	0	1	63	1	63	6.68e-40	121
MDA7573030.1	QIZ21591.1	86.286	175	24	0	1	175	1	175	7.71e-101	283
MDA7573031.1	QIZ20957.1	28.896	308	182	6	3	283	1	298	3.22e-30	111
MDA7573032.1	QIZ20851.1	30.128	312	192	8	5	311	6	296	1.64e-34	124
MDA7573037.1	QIZ21541.1	65.437	813	281	0	1	813	1	813	0.0	1137
MDA7573038.1	QIZ20545.1	89.730	370	38	0	1	370	1	370	0.0	652
MDA7573039.1	QIZ20546.1	95.089	448	22	0	1	448	1	448	0.0	882
MDA7573040.1	QIZ20547.1	89.490	314	32	1	1	313	1	314	0.0	567
MDA7573041.1	QIZ20548.1	92.830	265	19	0	1	265	1	265	0.0	502
MDA7573042.1	QIZ20549.1	81.162	637	119	1	1	636	1	637	0.0	1063
MDA7573043.1	QIZ20550.1	88.288	333	39	0	1	333	1	333	0.0	568
MDA7573045.1	QIZ20551.1	83.554	377	62	0	1	377	1	377	0.0	662
MDA7573046.1	QIZ20552.1	91.419	303	26	0	1	303	1	303	0.0	565
MDA7573047.1	QIZ20553.1	96.495	428	15	0	1	428	1	428	0.0	862
MDA7573048.1	QIZ21414.1	57.500	120	49	1	33	150	3	122	2.13e-50	153
MDA7573051.1	QIZ20554.1	78.713	202	43	0	1	202	1	202	2.64e-114	320
MDA7573052.1	QIZ20555.1	87.226	501	64	0	1	501	1	501	0.0	907
MDA7573053.1	QIZ20556.1	83.046	348	59	0	6	353	3	350	0.0	597
MDA7573054.1	QIZ20557.1	95.625	320	14	0	1	320	1	320	0.0	629
MDA7573055.1	QIZ20562.1	95.538	493	22	0	1	493	1	493	0.0	972
MDA7573056.1	QIZ20567.1	94.030	134	8	0	1	134	1	134	1.58e-97	272
MDA7573057.1	QIZ20568.1	83.333	192	32	0	1	192	1	192	2.35e-119	332
MDA7573058.1	QIZ20569.1	87.988	333	40	0	1	333	1	333	0.0	601
MDA7573060.1	QIZ20571.1	76.042	96	22	1	9	103	1	96	6.07e-51	151
MDA7573062.1	QIZ20576.1	90.816	98	9	0	1	98	1	98	1.08e-61	178
MDA7573064.1	QIZ20577.1	85.849	106	15	0	1	106	1	106	4.09e-66	190
MDA7573065.1	QIZ20578.1	89.706	68	7	0	1	68	1	68	8.07e-43	129
MDA7573066.1	QIZ20579.1	91.818	110	9	0	1	110	1	110	2.03e-67	194
MDA7573067.1	QIZ20581.1	70.667	75	22	0	1	75	1	75	1.62e-35	110
MDA7573068.1	QIZ20583.1	75.439	114	28	0	1	114	1	114	3.30e-62	181
MDA7573069.1	QIZ20584.1	80.108	186	37	0	4	189	1	186	1.13e-110	309
MDA7573070.1	QIZ20585.1	80.150	267	53	0	1	267	1	267	1.81e-164	452
MDA7573072.1	QIZ20586.1	78.646	192	41	0	1	192	1	192	2.43e-114	319
MDA7573073.1	QIZ20587.1	83.830	235	38	0	1	235	1	235	2.80e-139	385
MDA7573074.1	QIZ20590.1	76.792	293	68	0	12	304	1	293	1.25e-145	407
MDA7573075.1	QIZ20591.1	87.857	280	34	0	1	280	1	280	0.0	514
MDA7573076.1	QIZ20592.1	82.996	247	42	0	1	247	1	247	1.38e-161	443
MDA7573077.1	QIZ20593.1	84.772	591	90	0	1	591	1	591	0.0	1073
MDA7573078.1	QIZ20594.1	85.375	253	37	0	1	253	1	253	2.25e-157	433
MDA7573079.1	QIZ20595.1	78.962	366	71	3	1	360	1	366	0.0	587
MDA7573080.1	QIZ20596.1	77.000	300	69	0	1	300	1	300	1.54e-170	470
MDA7573081.1	QIZ20597.1	87.241	290	37	0	1	290	1	290	0.0	525
MDA7573082.1	QIZ20598.1	87.129	404	52	0	1	404	3	406	0.0	733
MDA7573083.1	QIZ20599.1	89.333	300	32	0	1	300	1	300	0.0	563
MDA7573084.1	QIZ20600.1	91.129	248	22	0	1	248	1	248	1.31e-173	473
MDA7573085.1	QIZ20601.1	96.066	483	19	0	1	483	1	483	0.0	855
MDA7573086.1	QIZ20602.1	76.331	169	39	1	1	168	1	169	5.47e-84	240
MDA7573087.1	QIZ20603.1	96.273	322	12	0	1	322	1	322	0.0	634
MDA7573088.1	QIZ20604.1	85.152	330	49	0	3	332	2	331	0.0	525
MDA7573089.1	QIZ20605.1	93.606	391	25	0	1	391	1	391	0.0	748
MDA7573090.1	QIZ20606.1	86.458	480	65	0	1	480	1	480	0.0	884
MDA7573092.1	QIZ20414.1	70.000	80	24	0	1	80	796	875	1.01e-33	116
MDA7573093.1	QIZ20413.1	90.210	572	56	0	1	572	1	572	0.0	1078
MDA7573094.1	QIZ20412.1	78.304	401	82	1	1	396	1	401	0.0	628
MDA7573095.1	QIZ20411.1	88.715	319	36	0	1	319	3	321	0.0	577
MDA7573096.1	QIZ20410.1	94.884	215	11	0	1	215	1	215	4.21e-148	406
MDA7573097.1	QIZ20409.1	93.151	73	5	0	1	73	1	73	1.80e-44	133
MDA7573098.1	QIZ20405.1	75.000	128	32	0	8	135	4	131	3.47e-70	202
MDA7573099.1	QIZ20406.1	78.652	267	57	0	1	267	1	267	8.57e-150	415
MDA7573100.1	QIZ20407.1	72.428	243	67	0	5	247	6	248	1.32e-129	362
MDA7573101.1	QIZ20408.1	66.391	363	98	6	4	347	1	358	8.85e-171	475
MDA7573102.1	QIZ20404.1	78.614	332	71	0	1	332	1	332	0.0	547
MDA7573103.1	QIZ20403.1	89.535	258	27	0	1	258	1	258	4.98e-178	486
MDA7573104.1	QIZ20402.1	95.238	105	5	0	1	105	1	105	5.64e-70	200
MDA7573105.1	QIZ20401.1	80.323	371	73	0	1	371	1	371	0.0	582
MDA7573106.1	QIZ20400.1	80.243	577	114	0	1	577	1	577	0.0	945
MDA7573107.1	QIZ20399.1	61.628	86	33	0	1	86	1	86	4.91e-31	100
MDA7573108.1	QIZ20398.1	66.984	315	104	0	1	315	2	316	4.61e-151	422
MDA7573109.1	QIZ20397.1	86.179	246	34	0	1	246	1	246	1.53e-145	402
MDA7573110.1	QIZ20396.1	85.650	223	32	0	10	232	13	235	8.25e-145	399
MDA7573111.1	QIZ20395.1	89.706	68	5	1	1	66	1	68	1.92e-38	117
MDA7573112.1	QIZ20394.1	71.053	76	18	2	1	75	1	73	6.45e-28	91.7
MDA7573113.1	QIZ20393.1	89.683	252	26	0	1	252	1	252	4.76e-166	455
MDA7573114.1	QIZ20392.1	83.771	419	68	0	1	419	1	419	0.0	737
MDA7573115.1	QIZ20391.1	87.097	93	12	0	3	95	2	94	2.93e-57	167
MDA7573116.1	QIZ20390.1	82.398	517	91	0	1	517	1	517	0.0	853
MDA7573117.1	QIZ20389.1	87.031	293	38	0	1	293	1	293	0.0	508
MDA7573118.1	QIZ20388.1	89.000	200	19	1	1	200	1	197	4.44e-131	362
MDA7573119.1	QIZ20387.1	95.042	948	47	0	1	948	1	948	0.0	1860
MDA7573120.1	QIZ20386.1	90.850	153	13	1	1	152	1	153	4.00e-95	267
MDA7573121.1	QIZ20385.1	88.708	859	87	1	1	859	1	849	0.0	1513
MDA7573122.1	QIZ20384.1	84.146	164	26	0	1	164	1	164	7.00e-102	285
MDA7573123.1	QIZ20383.1	88.043	184	22	0	1	184	1	184	1.31e-120	334
MDA7573124.1	QIZ20382.1	85.405	370	54	0	1	370	1	370	0.0	667
MDA7573125.1	QIZ20381.1	81.091	275	52	0	1	275	1	275	3.62e-178	487
MDA7573126.1	QIZ20380.1	86.765	204	27	0	1	204	1	204	2.02e-120	335
MDA7573127.1	QIZ20379.1	81.113	683	129	0	1	683	1	683	0.0	1105
MDA7573128.1	QIZ20378.1	59.091	88	36	0	1	88	1	88	8.03e-26	87.4
MDA7573129.1	QIZ21051.1	32.203	413	251	7	361	758	157	555	6.96e-58	202
MDA7573130.1	QIZ20377.1	76.109	293	70	0	1	293	1	293	3.61e-151	421
MDA7573131.1	QIZ20376.1	74.684	316	79	1	18	332	18	333	8.62e-172	476
MDA7573132.1	QIZ20375.1	61.364	220	85	0	33	252	33	252	6.08e-90	262
MDA7573133.1	QIZ20374.1	78.590	383	82	0	1	383	1	383	0.0	630
MDA7573134.1	QIZ20373.1	74.384	203	52	0	1	203	1	203	2.64e-98	279
MDA7573135.1	QIZ20372.1	62.581	310	116	0	1	310	1	310	2.44e-136	384
MDA7573136.1	QIZ20371.1	80.702	513	99	0	1	513	1	513	0.0	868
MDA7573137.1	QIZ20370.1	71.654	254	71	1	1	253	1	254	4.49e-131	366
MDA7573138.1	QIZ20369.1	73.541	257	68	0	1	257	1	257	7.77e-144	399
MDA7573139.1	QIZ20368.1	73.529	170	45	0	15	184	1	170	1.36e-92	263
MDA7573140.1	QIZ20367.1	84.615	390	60	0	1	390	1	390	0.0	605
MDA7573141.1	QIZ20366.1	46.857	175	53	3	1	143	1	167	4.06e-42	133
MDA7573142.1	QIZ20365.1	84.946	93	14	0	1	93	1	93	4.85e-56	164
MDA7573143.1	QIZ20364.1	88.146	329	39	0	1	329	1	329	0.0	601
MDA7573144.1	QIZ20363.1	71.746	315	89	0	1	315	1	315	2.93e-173	478
MDA7573145.1	QIZ20362.1	70.745	564	165	0	1	564	1	564	0.0	810
MDA7573146.1	QIZ20361.1	56.962	79	34	0	1	79	1	79	1.40e-28	94.0
MDA7573147.1	QIZ20265.1	83.019	53	9	0	1	53	45	97	4.48e-27	89.4
MDA7573148.1	QIZ20266.1	94.662	281	14	1	1	280	1	281	0.0	517
MDA7573149.1	QIZ20267.1	90.805	87	8	0	1	87	1	87	2.45e-57	167
MDA7573150.1	QIZ20268.1	90.152	132	13	0	1	132	1	132	6.90e-85	239
MDA7573151.1	QIZ20269.1	95.575	226	10	0	1	226	1	226	8.89e-164	447
MDA7573152.1	QIZ20270.1	95.556	135	6	0	1	135	1	135	7.15e-95	265
MDA7573153.1	QIZ20271.1	93.651	63	4	0	1	63	1	63	2.80e-37	114
MDA7573154.1	QIZ20272.1	91.026	78	7	0	1	78	1	78	2.28e-39	120
MDA7573155.1	QIZ20273.1	97.541	122	3	0	1	122	1	122	2.85e-84	237
MDA7573156.1	QIZ20274.1	85.714	70	10	0	1	70	1	70	1.59e-39	121
MDA7573157.1	QIZ20275.1	92.391	184	14	0	1	184	1	184	3.17e-126	348
MDA7573158.1	QIZ20276.1	96.040	101	4	0	1	101	1	101	5.51e-68	194
MDA7573159.1	QIZ20277.1	93.130	131	9	0	1	131	1	131	9.23e-89	249
MDA7573160.1	QIZ20278.1	83.799	179	29	0	1	179	1	179	1.15e-108	303
MDA7573161.1	QIZ20279.1	81.356	118	22	0	1	118	1	118	1.30e-67	195
MDA7573162.1	QIZ20280.1	94.706	170	9	0	1	170	1	170	6.04e-116	321
MDA7573163.1	QIZ20281.1	78.431	153	30	2	1	150	1	153	1.40e-70	205
MDA7573164.1	QIZ20282.1	94.601	426	23	0	1	426	1	426	0.0	813
MDA7573165.1	QIZ20283.1	76.526	213	50	0	1	213	1	213	7.77e-122	340
MDA7573166.1	QIZ20284.1	96.850	127	4	0	1	127	1	127	1.59e-89	251
MDA7573167.1	QIZ20285.1	91.391	151	12	1	1	151	1	150	9.15e-77	221
MDA7573168.1	QIZ20286.1	94.737	342	18	0	1	342	1	342	0.0	661
MDA7573169.1	QIZ20287.1	91.724	145	12	0	1	145	1	145	2.95e-95	267
MDA7573170.1	QIZ20288.1	87.171	304	39	0	1	304	1	304	0.0	539
MDA7573171.1	QIZ20289.1	77.073	205	47	0	1	205	1	205	2.48e-115	323
MDA7573172.1	QIZ20290.1	91.904	457	37	0	1	457	1	457	0.0	848
MDA7573173.1	QIZ20291.1	61.053	285	105	2	1	285	1	279	7.35e-114	325
MDA7573174.1	QIZ20292.1	81.481	270	50	0	1	270	1	270	1.38e-154	427
MDA7573175.1	QIZ20293.1	80.796	427	82	0	1	427	5	431	0.0	691
MDA7573176.1	QIZ20294.1	79.085	153	32	0	1	153	1	153	1.41e-91	258
MDA7573178.1	QIZ20296.1	87.089	852	109	1	1	851	1	852	0.0	1486
MDA7573179.1	QIZ20297.1	77.487	191	43	0	1	191	1	191	2.99e-103	291
MDA7573180.1	QIZ20742.1	28.710	411	256	12	29	423	26	415	1.79e-40	145
MDA7573181.1	QIZ20298.1	94.888	313	16	0	1	313	1	313	0.0	619
MDA7573182.1	QIZ20299.1	84.768	151	23	0	1	151	1	151	1.86e-95	268
MDA7573183.1	QIZ20300.1	87.368	95	12	0	1	95	1	95	3.53e-56	164
MDA7573184.1	QIZ20301.1	89.278	485	52	0	1	485	1	485	0.0	873
MDA7573185.1	QIZ20302.1	91.650	491	41	0	1	491	1	491	0.0	910
MDA7573186.1	QIZ20303.1	84.259	216	34	0	1	216	1	216	6.72e-139	383
MDA7573187.1	QIZ20304.1	79.734	301	61	0	1	301	1	301	1.19e-176	486
MDA7573188.1	QIZ20305.1	89.254	456	49	0	1	456	1	456	0.0	823
MDA7573189.1	QIZ20306.1	74.684	158	40	0	1	158	1	158	7.79e-90	254
MDA7573190.1	QIZ21538.1	52.174	230	110	0	6	235	6	235	5.70e-76	225
MDA7573191.1	QIZ20311.1	92.593	243	18	0	1	243	1	243	3.78e-137	381
MDA7573192.1	QIZ20312.1	91.373	255	22	0	1	255	1	255	5.77e-167	457
MDA7573193.1	QIZ20313.1	62.032	187	71	0	1	187	1	187	1.32e-87	251
MDA7573194.1	QIZ20314.1	82.335	1002	176	1	1	1001	1	1002	0.0	1759
MDA7573195.1	QIZ20315.1	90.110	91	9	0	1	91	1	91	3.60e-63	182
MDA7573196.1	QIZ20316.1	93.765	417	26	0	1	417	1	417	0.0	822
MDA7573197.1	QIZ20317.1	80.328	732	144	0	6	737	5	736	0.0	1216
MDA7573198.1	QIZ20318.1	82.253	293	52	0	1	293	1	293	0.0	506
MDA7573199.1	QIZ20319.1	91.667	156	13	0	1	156	1	156	2.42e-103	288
MDA7573200.1	QIZ20320.1	65.318	173	60	0	1	173	1	173	6.45e-79	228
MDA7573201.1	QIZ20321.1	88.376	585	64	1	1	581	1	585	0.0	1080
MDA7573202.1	QIZ20322.1	82.564	195	34	0	1	195	1	195	3.08e-112	314
MDA7573203.1	QIZ20323.1	74.059	239	62	0	1	239	1	239	5.06e-119	335
MDA7573204.1	QIZ20324.1	75.000	128	32	0	1	128	1	128	1.56e-65	191
MDA7573205.1	QIZ20325.1	79.012	243	50	1	1	242	1	243	4.19e-146	404
MDA7573206.1	QIZ20326.1	75.113	221	55	0	1	221	1	221	6.62e-122	341
MDA7573207.1	QIZ20327.1	78.319	226	49	0	1	226	1	226	8.27e-123	343
MDA7573208.1	QIZ20328.1	86.930	329	43	0	1	329	1	329	0.0	597
MDA7573209.1	QIZ20329.1	89.202	213	23	0	1	213	1	213	1.03e-149	410
MDA7573210.1	QIZ20330.1	86.525	141	19	0	1	141	1	141	1.32e-88	250
MDA7573211.1	QIZ20331.1	94.037	436	26	0	1	436	1	436	0.0	853
MDA7573212.1	QIZ20332.1	96.053	152	6	0	1	152	1	152	6.28e-107	297
MDA7573215.1	QIZ21225.1	70.060	167	50	0	15	181	14	180	3.33e-86	247
MDA7573216.1	QIZ21226.1	70.435	115	34	0	1	115	1	115	1.00e-56	167
MDA7573217.1	QIZ21228.1	92.553	470	35	0	1	470	1	470	0.0	902
MDA7573218.1	QIZ21229.1	87.472	439	55	0	1	439	1	439	0.0	747
MDA7573219.1	QIZ21231.1	69.298	228	65	2	1	225	1	226	4.50e-118	331
MDA7573220.1	QIZ21232.1	70.698	215	63	0	1	215	1	215	4.50e-111	313
MDA7573221.1	QIZ21233.1	95.888	608	25	0	1	608	1	608	0.0	1198
MDA7573222.1	QIZ21234.1	79.303	488	82	4	1	472	1	485	0.0	742
MDA7573225.1	QIZ21235.1	95.274	529	25	0	1	529	1	529	0.0	1002
MDA7573226.1	QIZ21236.1	93.750	96	6	0	1	96	1	96	1.66e-61	178
MDA7573227.1	QIZ21237.1	59.926	272	108	1	11	281	1	272	1.28e-121	344
MDA7573228.1	QIZ21238.1	77.705	305	68	0	5	309	1	305	1.82e-169	468
MDA7573229.1	QIZ21239.1	85.604	903	130	0	1	903	1	903	0.0	1608
MDA7573230.1	QIZ21240.1	56.970	165	70	1	1	164	1	165	3.37e-58	175
MDA7573232.1	QIZ21242.1	62.434	378	142	0	8	385	3	380	8.85e-152	429
MDA7573233.1	QIZ21243.1	64.171	187	67	0	1	187	1	187	2.60e-75	220
MDA7573234.1	QIZ21244.1	67.458	421	137	0	1	421	1	421	0.0	595
MDA7573235.1	QIZ21245.1	72.131	61	17	0	1	61	1	61	1.36e-31	100
MDA7573236.1	QIZ21246.1	64.336	286	102	0	1	286	1	286	1.12e-136	383
MDA7573237.1	QIZ21247.1	50.000	312	148	3	1	309	1	307	3.44e-97	285
MDA7573238.1	QIZ21248.1	52.530	415	187	3	1	410	1	410	2.34e-130	377
MDA7573239.1	QIZ21249.1	70.862	580	168	1	1	580	1	579	0.0	843
MDA7573240.1	QIZ21250.1	73.077	286	77	0	1	286	1	286	7.42e-154	427
MDA7573241.1	QIZ21251.1	87.313	134	17	0	1	134	1	134	2.71e-89	251
MDA7573242.1	QIZ21252.1	61.728	324	124	0	1	324	1	324	1.38e-144	406
MDA7573243.1	QIZ21253.1	86.380	279	38	0	1	279	1	279	0.0	503
MDA7573245.1	QIZ21254.1	84.615	78	12	0	1	78	1	78	3.94e-49	145
MDA7573246.1	QIZ21255.1	95.798	119	5	0	1	119	1	119	2.49e-81	229
MDA7573248.1	QIZ21256.1	90.323	217	21	0	1	217	1	217	1.88e-136	377
MDA7573249.1	QIZ21257.1	84.979	233	35	0	1	233	1	233	1.77e-144	399
MDA7573250.1	QIZ21258.1	83.704	270	44	0	1	270	1	270	5.80e-167	459
MDA7573251.1	QIZ21259.1	94.843	543	28	0	1	543	1	543	0.0	1003
MDA7573252.1	QIZ21262.1	79.096	177	37	0	2	178	1	177	1.22e-107	301
MDA7573253.1	QIZ21263.1	82.510	263	45	1	1	263	1	262	6.64e-154	425
MDA7573254.1	QIZ21264.1	63.959	197	71	0	21	217	21	217	4.49e-92	265
MDA7573259.1	QIZ21259.1	40.472	551	294	9	38	577	4	531	4.83e-124	373
MDA7573263.1	QIZ21260.1	72.759	290	75	1	10	299	18	303	9.87e-158	438
MDA7573264.1	QIZ20457.1	59.259	81	33	0	1	81	1	81	1.16e-25	86.7
MDA7573265.1	QIZ21265.1	78.166	458	100	0	1	458	1	458	0.0	739
MDA7573266.1	QIZ21266.1	73.913	161	42	0	1	161	1	161	2.24e-93	263
MDA7573267.1	QIZ21267.1	75.177	141	35	0	1	141	1	141	1.72e-75	217
MDA7573268.1	QIZ21268.1	71.963	321	90	0	1	321	1	321	9.99e-169	467
MDA7573269.1	QIZ21269.1	81.847	314	57	0	1	314	1	314	0.0	538
MDA7573270.1	QIZ21185.1	80.000	310	62	0	1	310	51	360	0.0	516
MDA7573271.1	QIZ21186.1	71.477	298	85	0	1	298	1	298	5.73e-152	423
MDA7573272.1	QIZ21187.1	74.194	248	64	0	1	248	1	248	4.08e-128	358
MDA7573273.1	QIZ21188.1	89.520	458	48	0	1	458	1	458	0.0	783
MDA7573274.1	QIZ21189.1	89.813	481	49	0	1	481	1	481	0.0	796
MDA7573275.1	QIZ21190.1	89.808	520	53	0	1	520	6	525	0.0	957
MDA7573276.1	QIZ21191.1	79.714	350	71	0	1	350	1	350	0.0	571
MDA7573277.1	QIZ21192.1	86.916	107	10	1	1	103	1	107	2.90e-53	157
MDA7573278.1	QIZ21193.1	82.514	183	32	0	1	183	1	183	9.84e-110	307
MDA7573279.1	QIZ21194.1	94.158	291	17	0	1	291	1	291	0.0	543
MDA7573280.1	QIZ21195.1	92.507	347	26	0	1	347	1	347	0.0	647
MDA7573281.1	QIZ21196.1	85.459	392	57	0	1	392	1	392	0.0	704
MDA7573282.1	QIZ21197.1	89.305	187	20	0	1	187	1	187	4.31e-125	346
MDA7573283.1	QIZ21198.1	79.235	183	38	0	1	183	1	183	4.18e-101	285
MDA7573284.1	QIZ21199.1	85.113	309	46	0	1	309	1	309	0.0	533
MDA7573285.1	QIZ21200.1	90.043	924	92	0	1	924	1	924	0.0	1704
MDA7573286.1	QIZ21201.1	94.397	232	13	0	2	233	4	235	1.26e-161	442
MDA7573287.1	QIZ21202.1	81.055	512	97	0	1	512	1	512	0.0	778
MDA7573288.1	QIZ21203.1	92.523	428	32	0	1	428	1	428	0.0	808
MDA7573289.1	QIZ21204.1	73.203	153	41	0	1	153	1	153	4.52e-79	227
MDA7573290.1	QIZ21205.1	69.497	318	97	0	1	318	1	318	4.91e-157	438
MDA7573291.1	QIZ21206.1	70.306	229	68	0	1	229	1	229	2.30e-115	325
MDA7573292.1	QIZ21207.1	81.092	238	45	0	1	238	1	238	6.30e-147	405
MDA7573293.1	QIZ21208.1	59.821	112	45	0	11	122	8	119	6.81e-46	140
MDA7573294.1	QIZ21209.1	81.910	199	36	0	1	199	1	199	1.07e-124	346
MDA7573295.1	QIZ21210.1	87.596	1040	129	0	1	1040	1	1040	0.0	1774
MDA7573296.1	QIZ21211.1	55.363	289	129	0	1	289	1	289	5.14e-118	337
MDA7573297.1	QIZ21212.1	71.747	269	76	0	1	269	1	269	2.08e-146	407
MDA7573298.1	QIZ21213.1	82.993	147	25	0	1	147	1	147	7.56e-94	263
MDA7573299.1	QIZ21214.1	87.415	294	37	0	1	294	1	294	0.0	521
MDA7573300.1	QIZ21215.1	85.308	211	31	0	1	211	1	211	7.81e-134	370
MDA7573302.1	QIZ20953.1	42.088	297	144	5	2	296	3	273	5.50e-70	214
MDA7573311.1	QIZ21217.1	59.195	174	69	2	1	173	6	178	1.31e-78	227
MDA7573312.1	QIZ21218.1	75.688	436	99	1	1	429	1	436	0.0	671
MDA7573313.1	QIZ21219.1	81.373	102	16	2	1	100	1	101	5.58e-55	162
MDA7573315.1	QIZ21220.1	86.252	691	95	0	1	691	1	691	0.0	1244
MDA7573316.1	QIZ21221.1	77.844	167	37	0	1	167	1	167	3.00e-85	243
MDA7573317.1	QIZ21222.1	28.662	314	206	7	11	321	11	309	2.52e-32	118
MDA7573318.1	QIZ21223.1	82.653	294	51	0	1	294	1	294	0.0	502
MDA7573319.1	QIZ21224.1	86.616	396	53	0	1	396	1	396	0.0	726
MDA7573321.1	QIZ21373.1	63.023	430	156	2	1	429	1	428	9.12e-176	494
MDA7573322.1	QIZ21374.1	76.203	374	89	0	1	374	1	374	0.0	526
MDA7573323.1	QIZ21375.1	66.384	354	119	0	2	355	3	356	3.78e-168	469
MDA7573324.1	QIZ21376.1	81.034	464	88	0	1	464	1	464	0.0	793
MDA7573325.1	QIZ21377.1	77.152	302	69	0	1	302	11	312	6.54e-163	451
MDA7573326.1	QIZ21378.1	76.974	304	70	0	1	304	1	304	2.57e-162	449
MDA7573327.1	QIZ21379.1	53.333	225	105	0	1	225	1	225	1.31e-69	208
MDA7573328.1	QIZ21380.1	53.369	371	171	1	1	371	1	369	6.11e-133	380
MDA7573329.1	QIZ21381.1	77.778	306	68	0	1	306	1	306	1.40e-176	486
MDA7573330.1	QIZ21382.1	59.583	240	97	0	17	256	19	258	5.62e-106	305
MDA7573331.1	QIZ21383.1	67.751	676	218	0	1	676	1	676	0.0	929
MDA7573332.1	QIZ21384.1	64.413	562	199	1	3	564	4	564	0.0	717
MDA7573333.1	QIZ21385.1	90.118	678	67	0	1	678	1	678	0.0	1270
MDA7573334.1	QIZ21386.1	47.495	499	246	4	1	499	1	483	1.20e-131	386
MDA7573335.1	QIZ21387.1	90.693	462	43	0	1	462	1	462	0.0	848
MDA7573337.1	QIZ20576.1	52.577	97	45	1	1	97	1	96	2.27e-30	99.8
MDA7573338.1	QIZ21388.1	90.159	315	31	0	1	315	1	315	0.0	602
MDA7573340.1	QIZ20796.1	36.164	318	177	10	3	306	6	311	1.62e-39	136
MDA7573342.1	QIZ21395.1	91.971	274	22	0	1	274	1	274	0.0	514
MDA7573343.1	QIZ21396.1	92.896	366	26	0	1	366	1	366	0.0	646
MDA7573344.1	QIZ21397.1	93.426	289	19	0	1	289	1	289	0.0	530
MDA7573345.1	QIZ21398.1	83.333	60	10	0	1	60	1	60	1.95e-31	99.8
MDA7573346.1	QIZ21399.1	84.713	471	69	1	1	468	1	471	0.0	782
MDA7573347.1	QIZ21400.1	74.920	311	78	0	1	311	1	311	4.23e-145	407
MDA7573348.1	QIZ21401.1	94.728	588	31	0	1	588	1	588	0.0	1124
MDA7573349.1	QIZ21402.1	85.165	182	27	0	1	182	1	182	2.76e-114	318
MDA7573350.1	QIZ21403.1	91.176	340	29	1	1	340	1	339	0.0	639
MDA7573354.1	QIZ20416.1	34.510	255	152	7	2	256	4	243	4.43e-38	135
MDA7573355.1	QIZ21360.1	86.066	366	51	0	1	366	20	385	0.0	662
MDA7573356.1	QIZ21359.1	92.737	1074	78	0	1	1074	1	1074	0.0	2049
MDA7573357.1	QIZ21319.1	85.388	219	32	0	1	219	1	219	1.33e-145	400
MDA7573358.1	QIZ21318.1	57.500	320	126	2	1	317	1	313	7.51e-137	386
MDA7573359.1	QIZ21317.1	92.038	314	25	0	1	314	1	314	0.0	608
MDA7573363.1	QIZ21537.1	65.605	314	105	2	1	312	1	313	3.13e-140	395
MDA7573364.1	QIZ21316.1	84.112	214	34	0	1	214	1	214	6.15e-125	348
MDA7573365.1	QIZ21314.1	92.732	399	29	0	1	399	1	399	0.0	764
MDA7573366.1	QIZ21313.1	92.006	713	57	0	1	713	1	713	0.0	1367
MDA7573367.1	QIZ21312.1	79.200	250	52	0	1	250	1	250	2.12e-146	405
MDA7573368.1	QIZ21310.1	87.234	141	18	0	1	141	1	141	7.35e-85	240
MDA7573369.1	QIZ21309.1	92.144	611	48	0	1	611	1	611	0.0	1170
MDA7573370.1	QIZ21308.1	96.907	194	6	0	1	194	1	194	1.87e-137	378
MDA7573371.1	QIZ21307.1	88.966	290	32	0	1	290	1	290	0.0	556
MDA7573372.1	QIZ21306.1	81.379	145	27	0	1	145	1	145	3.85e-85	241
MDA7573373.1	QIZ21305.1	79.111	225	47	0	1	225	1	225	3.25e-128	357
MDA7573374.1	QIZ21304.1	79.043	439	92	0	1	439	1	439	0.0	711
MDA7573375.1	QIZ21303.1	82.857	70	12	0	1	70	1	70	3.28e-36	113
MDA7573376.1	QIZ21302.1	65.748	254	87	0	1	254	1	254	7.70e-120	338
MDA7573377.1	QIZ21301.1	55.172	348	155	1	1	348	1	347	2.31e-132	377
MDA7573378.1	QIZ21300.1	69.565	253	76	1	1	252	1	253	1.37e-103	296
MDA7573379.1	QIZ21299.1	92.581	310	23	0	1	310	1	310	0.0	555
MDA7573380.1	QIZ21298.1	76.018	221	51	1	1	221	1	219	3.43e-115	324
MDA7573381.1	QIZ21297.1	91.398	186	16	0	1	186	1	186	4.45e-127	351
MDA7573382.1	QIZ21296.1	90.756	357	33	0	1	357	1	357	0.0	679
MDA7573383.1	QIZ21295.1	85.714	259	37	0	1	259	1	259	8.84e-162	444
MDA7573384.1	QIZ21294.1	96.659	419	14	0	1	419	1	419	0.0	821
MDA7573385.1	QIZ21293.1	96.450	169	6	0	1	169	1	169	4.38e-124	342
MDA7573386.1	QIZ21292.1	83.007	153	26	0	1	153	1	153	1.05e-98	276
MDA7573387.1	QIZ21291.1	82.909	275	47	0	1	275	1	275	8.51e-175	479
MDA7573388.1	QIZ21290.1	93.671	158	10	0	1	158	1	158	6.74e-106	295
MDA7573389.1	QIZ21289.1	78.538	424	91	0	1	424	1	424	0.0	668
MDA7573390.1	QIZ21288.1	65.125	281	98	0	1	281	1	281	2.11e-120	342
MDA7573391.1	QIZ21287.1	70.750	547	160	0	15	561	15	561	0.0	769
MDA7573392.1	QIZ21286.1	70.370	243	66	1	1	237	1	243	1.01e-115	327
MDA7573393.1	QIZ21285.1	78.378	185	40	0	1	185	1	185	6.60e-106	297
MDA7573394.1	QIZ21284.1	91.854	356	29	0	1	356	1	356	0.0	686
MDA7573395.1	QIZ20605.1	28.732	355	214	12	40	374	52	387	3.58e-23	95.5
MDA7573398.1	QIZ20548.1	38.938	226	130	3	19	238	19	242	8.41e-55	173
MDA7573402.1	QIZ20608.1	62.230	278	104	1	1	278	1	277	1.29e-124	352
MDA7573403.1	QIZ20609.1	85.758	330	47	0	1	330	1	330	0.0	592
MDA7573404.1	QIZ20610.1	88.950	181	20	0	1	181	1	181	3.28e-121	335
MDA7573405.1	QIZ20611.1	73.810	84	22	0	1	84	1	84	3.23e-36	113
MDA7573406.1	QIZ20612.1	86.897	145	19	0	1	145	1	145	1.73e-83	238
MDA7573407.1	QIZ20615.1	86.957	115	15	0	1	115	1	115	1.56e-75	215
MDA7573408.1	QIZ20616.1	93.846	520	32	0	67	586	62	581	0.0	1021
MDA7573409.1	QIZ20617.1	86.420	81	11	0	1	81	1	81	2.80e-51	151
MDA7573410.1	QIZ20618.1	92.771	166	12	0	1	166	1	166	8.37e-106	295
MDA7573411.1	QIZ20619.1	75.000	248	62	0	1	248	1	248	2.08e-106	303
MDA7573412.1	QIZ20621.1	72.937	303	80	2	1	302	1	302	5.99e-158	438
MDA7573413.1	QIZ21502.1	62.069	203	77	0	1	203	1	203	1.74e-94	270
MDA7573414.1	QIZ21501.1	81.091	550	104	0	1	550	1	550	0.0	922
MDA7573415.1	QIZ21500.1	82.609	322	56	0	1	322	1	322	0.0	575
MDA7573416.1	QIZ21499.1	82.209	163	29	0	2	164	1	163	1.58e-93	264
MDA7573417.1	QIZ21498.1	82.709	347	60	0	1	347	1	347	0.0	582
MDA7573418.1	QIZ21094.1	82.317	328	58	0	1	328	21	348	0.0	571
MDA7573419.1	QIZ21497.1	80.519	154	30	0	1	154	1	154	9.50e-92	259
MDA7573420.1	QIZ21496.1	98.529	68	1	0	1	68	1	68	8.57e-47	139
MDA7573421.1	QIZ21495.1	71.825	252	71	0	1	252	1	252	1.59e-143	398
MDA7573422.1	QIZ21494.1	74.783	115	29	0	1	115	1	115	8.07e-63	182
MDA7573423.1	QIZ21493.1	79.268	246	51	0	1	246	1	246	2.39e-135	377
MDA7573424.1	QIZ21492.1	72.857	140	38	0	7	146	7	146	8.73e-75	215
MDA7573425.1	QIZ21491.1	42.593	108	45	2	1	96	1	103	8.52e-21	75.5
MDA7573426.1	QIZ21490.1	75.532	282	69	0	1	282	1	282	5.29e-160	442
MDA7573427.1	QIZ21489.1	62.564	195	73	0	1	195	1	195	3.37e-93	266
MDA7573428.1	QIZ21488.1	90.982	998	90	0	1	998	1	998	0.0	1913
MDA7573429.1	QIZ21487.1	90.805	87	8	0	1	87	1	87	7.57e-61	176
MDA7573430.1	QIZ21486.1	96.042	379	15	0	1	379	40	418	0.0	766
MDA7573432.1	QIZ20920.1	49.345	229	115	1	1	229	1	228	5.72e-76	225
MDA7573433.1	QIZ20921.1	47.429	350	179	3	1	349	1	346	3.97e-112	326
MDA7573434.1	QIZ20922.1	63.383	467	166	4	1	464	1	465	0.0	576
MDA7573435.1	QIZ21496.1	75.000	64	16	0	4	67	3	66	1.27e-31	100
MDA7573436.1	QIZ20923.1	66.197	71	24	0	1	71	1	71	8.34e-33	103
MDA7573437.1	QIZ20924.1	85.514	428	62	0	1	428	1	428	0.0	723
MDA7573438.1	QIZ20925.1	75.781	128	31	0	1	128	1	128	6.49e-69	199
MDA7573439.1	QIZ20926.1	85.132	417	62	0	1	417	1	417	0.0	715
MDA7573440.1	QIZ20927.1	93.514	185	12	0	1	185	1	185	2.54e-129	356
MDA7573441.1	QIZ20928.1	93.846	65	4	0	1	65	1	65	3.19e-33	104
MDA7573445.1	QIZ20929.1	44.493	227	126	0	2	228	3	229	4.26e-65	198
MDA7573447.1	QIZ20931.1	81.579	114	21	0	1	114	1	114	1.02e-60	177
MDA7573448.1	QIZ20932.1	78.313	83	18	0	1	83	1	83	5.87e-46	137
MDA7573449.1	QIZ20933.1	84.922	451	68	0	1	451	1	451	0.0	816
MDA7573450.1	QIZ20933.1	95.349	86	4	0	1	86	473	558	3.40e-54	171
MDA7573451.1	QIZ20934.1	69.792	288	87	0	1	288	1	288	2.59e-141	395
MDA7573452.1	QIZ20935.1	87.838	222	27	0	1	222	1	222	3.16e-147	405
MDA7573453.1	QIZ20936.1	75.362	276	67	1	1	276	1	275	5.29e-159	439
MDA7573454.1	QIZ20924.1	88.623	334	38	0	269	602	95	428	0.0	583
MDA7573455.1	QIZ20923.1	66.197	71	24	0	1	71	1	71	8.34e-33	103
MDA7573456.1	QIZ21496.1	75.000	64	16	0	4	67	3	66	1.27e-31	100
MDA7573457.1	QIZ20922.1	63.383	467	166	4	1	464	1	465	0.0	576
MDA7573458.1	QIZ20921.1	47.429	350	179	3	1	349	1	346	3.97e-112	326
MDA7573459.1	QIZ20920.1	49.345	229	115	1	1	229	1	228	5.72e-76	225
MDA7573462.1	QIZ21390.1	53.604	222	99	2	1	222	1	218	1.97e-77	228
MDA7573465.1	QIZ20804.1	33.854	192	121	3	15	201	11	201	1.72e-24	94.4
MDA7573478.1	QIZ20837.1	29.278	485	325	8	98	572	109	585	3.92e-52	184
MDA7573481.1	QIZ20965.1	92.517	588	44	0	1	588	51	638	0.0	1146
MDA7573482.1	QIZ20964.1	95.580	181	8	0	1	181	1	181	8.21e-130	357
MDA7573483.1	QIZ20963.1	97.059	68	2	0	1	68	1	68	1.54e-43	130
MDA7573484.1	QIZ20962.1	96.610	118	4	0	1	118	1	118	1.02e-83	236
MDA7573485.1	QIZ20961.1	89.014	355	39	0	1	355	1	355	0.0	667
MDA7573486.1	QIZ20960.1	77.556	802	180	0	1	802	1	802	0.0	1254
MDA7573487.1	QIZ20959.1	93.813	598	37	0	1	598	4	601	0.0	1159
MDA7573488.1	QIZ20953.1	36.559	279	157	7	1	266	1	272	1.64e-37	129
MDA7573490.1	QIZ20952.1	92.263	685	53	0	1	685	1	685	0.0	1307
MDA7573491.1	QIZ20951.1	78.873	426	90	0	1	426	1	426	0.0	662
MDA7573492.1	QIZ20950.1	82.226	602	106	1	1	601	1	602	0.0	982
MDA7573493.1	QIZ20949.1	94.136	324	19	0	1	324	1	324	0.0	644
MDA7573494.1	QIZ20948.1	88.000	175	21	0	1	175	1	175	2.81e-117	325
MDA7573495.1	QIZ20947.1	73.256	86	23	0	1	86	10	95	3.19e-38	119
MDA7573496.1	QIZ20946.1	76.068	117	28	0	1	117	252	368	1.67e-47	152
MDA7573497.1	QIZ20884.1	84.259	216	34	0	13	228	13	228	4.70e-131	368
MDA7573498.1	QIZ20883.1	85.222	203	30	0	1	203	1	203	7.21e-133	367
MDA7573499.1	QIZ20882.1	82.704	318	55	0	1	318	1	318	0.0	561
MDA7573500.1	QIZ20881.1	80.120	166	32	1	1	165	1	166	7.48e-99	278
MDA7573501.1	QIZ20880.1	86.296	270	37	0	1	270	1	270	1.54e-154	427
MDA7573502.1	QIZ20879.1	87.887	388	47	0	1	388	1	388	0.0	674
MDA7573503.1	QIZ20878.1	83.495	309	51	0	2	310	1	309	0.0	533
MDA7573504.1	QIZ20877.1	70.391	179	53	0	1	179	11	189	1.15e-94	269
MDA7573505.1	QIZ20876.1	74.286	245	63	0	1	245	1	245	3.46e-124	348
MDA7573506.1	QIZ20875.1	87.681	276	34	0	1	276	1	276	0.0	505
MDA7573507.1	QIZ20874.1	81.362	558	100	2	1	555	1	557	0.0	884
MDA7573508.1	QIZ20873.1	86.667	105	14	0	1	105	1	105	8.82e-62	179
MDA7573509.1	QIZ20872.1	91.626	203	17	0	1	203	1	203	2.92e-137	378
MDA7573510.1	QIZ20871.1	82.118	727	120	2	1	717	4	730	0.0	1252
MDA7573511.1	QIZ20870.1	85.326	368	54	0	1	368	1	368	0.0	652
MDA7573512.1	QIZ20869.1	86.387	786	107	0	1	786	63	848	0.0	1392
MDA7573513.1	QIZ20353.1	86.702	376	50	0	1	376	1	376	0.0	628
MDA7573515.1	QIZ20351.1	79.056	339	71	0	1	339	1	339	0.0	553
MDA7573516.1	QIZ20350.1	90.278	144	14	0	3	146	6	149	4.77e-97	271
MDA7573517.1	QIZ20349.1	89.542	153	16	0	1	153	1	153	3.81e-104	290
MDA7573518.1	QIZ20348.1	86.878	442	58	0	1	442	1	442	0.0	788
MDA7573519.1	QIZ20347.1	71.726	336	95	0	1	336	1	336	1.50e-162	453
MDA7573520.1	QIZ20346.1	81.250	96	18	0	1	96	1	96	1.16e-47	143
MDA7573521.1	QIZ20345.1	95.238	63	3	0	1	63	1	63	3.85e-40	121
MDA7573522.1	QIZ20344.1	76.800	125	28	1	1	124	1	125	1.16e-62	183
MDA7573523.1	QIZ20343.1	79.381	97	20	0	2	98	3	99	1.56e-51	153
MDA7573524.1	QIZ20342.1	82.036	334	60	0	1	334	1	334	0.0	558
MDA7573525.1	QIZ20341.1	91.667	60	5	0	1	60	1	60	2.81e-39	119
MDA7573526.1	QIZ20340.1	70.946	148	43	0	7	154	7	154	5.39e-58	174
MDA7573527.1	QIZ20339.1	62.222	135	51	0	17	151	17	151	7.25e-60	178
MDA7573528.1	QIZ20338.1	94.143	700	41	0	1	700	1	700	0.0	1271
MDA7573529.1	QIZ20337.1	81.505	319	59	0	1	319	1	319	8.15e-177	488
MDA7573530.1	QIZ20336.1	83.582	134	22	0	1	134	1	134	2.60e-81	231
MDA7573531.1	QIZ20335.1	87.500	128	16	0	1	128	1	128	3.08e-80	228
MDA7573533.1	QIZ21061.1	63.704	135	49	0	4	138	3	137	6.38e-61	180
MDA7573534.1	QIZ21062.1	79.856	139	28	0	1	139	1	139	2.63e-71	206
MDA7573535.1	QIZ21063.1	82.653	196	34	0	1	196	1	196	6.13e-117	326
MDA7573536.1	QIZ21064.1	74.815	135	34	0	7	141	38	172	2.45e-71	207
MDA7573538.1	QIZ21065.1	93.846	455	28	0	1	455	1	455	0.0	849
MDA7573539.1	QIZ21066.1	96.491	171	6	0	1	171	1	171	7.80e-120	331
MDA7573540.1	QIZ21067.1	92.347	196	15	0	1	196	1	196	9.17e-138	379
MDA7573541.1	QIZ21068.1	86.538	208	28	0	1	208	1	208	1.03e-132	367
MDA7573542.1	QIZ21070.1	89.583	240	24	1	1	240	1	239	5.68e-157	431
MDA7573543.1	QIZ21071.1	88.446	251	29	0	1	251	1	251	5.35e-168	459
MDA7573546.1	QIZ21073.1	73.554	121	32	0	1	121	1	121	7.77e-64	186
MDA7573547.1	QIZ21074.1	77.246	167	38	0	1	167	1	167	6.89e-93	263
MDA7573548.1	QIZ21075.1	62.637	182	68	0	1	182	1	182	1.68e-78	228
MDA7573549.1	QIZ21076.1	90.566	477	45	0	1	477	220	696	0.0	885
MDA7573550.1	QIZ21422.1	88.830	188	21	0	1	188	1	188	2.86e-124	347
MDA7573551.1	QIZ21421.1	83.740	246	40	0	1	246	1	246	1.92e-155	427
MDA7573552.1	QIZ21420.1	72.493	349	95	1	3	350	2	350	0.0	521
MDA7573553.1	QIZ21419.1	84.848	297	45	0	1	297	1	297	0.0	510
MDA7573554.1	QIZ21418.1	87.409	413	50	1	1	411	1	413	0.0	757
MDA7573555.1	QIZ21417.1	95.098	204	10	0	1	204	1	204	8.06e-124	344
MDA7573556.1	QIZ21416.1	91.837	98	8	0	1	98	1	98	2.04e-63	183
MDA7573557.1	QIZ21415.1	85.714	84	12	0	1	84	1	84	6.79e-54	157
MDA7573558.1	QIZ21414.1	92.562	121	9	0	2	122	3	123	6.36e-83	234
MDA7573559.1	QIZ20958.1	33.898	236	136	5	9	241	4	222	6.09e-29	105
MDA7573560.1	QIZ21412.1	88.608	316	36	0	1	316	1	316	0.0	577
MDA7573561.1	QIZ21411.1	84.950	299	45	0	1	299	1	299	0.0	512
MDA7573562.1	QIZ21410.1	86.893	412	54	0	1	412	1	412	0.0	769
MDA7573563.1	QIZ21409.1	87.925	265	32	0	1	265	109	373	4.89e-157	437
MDA7573564.1	QIZ20896.1	52.105	190	88	2	1	189	1	188	3.40e-68	209
MDA7573565.1	QIZ20895.1	80.844	308	59	0	1	308	1	308	0.0	540
MDA7573566.1	QIZ20894.1	84.848	264	40	0	1	264	1	264	3.86e-151	418
MDA7573567.1	QIZ20893.1	92.421	409	31	0	1	409	1	409	0.0	785
MDA7573568.1	QIZ20892.1	74.634	205	52	0	3	207	5	209	1.68e-110	311
MDA7573569.1	QIZ20891.1	37.391	230	136	5	2	225	1	228	4.47e-37	125
MDA7573570.1	QIZ20890.1	87.368	95	12	0	1	95	1	95	4.66e-58	169
MDA7573571.1	QIZ20889.1	91.019	579	49	1	1	579	1	576	0.0	1068
MDA7573572.1	QIZ20888.1	74.146	205	53	0	14	218	12	216	8.10e-104	295
MDA7573573.1	QIZ20887.1	75.895	419	101	0	19	437	19	437	0.0	616
MDA7573574.1	QIZ20886.1	76.863	255	59	0	1	255	1	255	1.89e-142	395
MDA7573575.1	QIZ20885.1	39.691	194	110	3	1	191	1	190	2.84e-30	105
MDA7573576.1	QIZ20354.1	85.816	282	40	0	1	282	19	300	2.62e-176	484
MDA7573577.1	QIZ20355.1	83.986	281	45	0	1	281	1	281	9.30e-166	456
MDA7573578.1	QIZ20356.1	84.091	88	14	0	4	91	6	93	5.60e-53	156
MDA7573579.1	QIZ20357.1	86.713	143	19	0	1	143	1	143	3.15e-93	262
MDA7573580.1	QIZ20359.1	62.264	318	107	2	1	318	1	305	7.26e-150	419
MDA7573581.1	QIZ20958.1	33.488	215	131	4	14	225	20	225	2.32e-28	103
MDA7573582.1	QIZ20958.1	35.238	210	116	5	19	227	32	222	8.26e-31	109
MDA7573584.1	QIZ20360.1	43.814	582	297	12	1	569	135	699	6.49e-138	413
MDA7573585.1	QIZ21404.1	93.846	520	32	0	1	520	1	520	0.0	1008
MDA7573586.1	QIZ21405.1	93.913	345	21	0	1	345	1	345	0.0	665
MDA7573587.1	QIZ21406.1	60.140	286	109	3	1	282	1	285	9.49e-114	330
MDA7573588.1	QIZ21407.1	66.474	173	58	0	1	173	1	173	1.93e-70	206
MDA7573589.1	QIZ21408.1	78.634	454	97	0	1	454	1	454	0.0	786
MDA7573590.1	QIZ20438.1	84.091	220	35	0	1	220	111	330	5.92e-137	383
MDA7573591.1	QIZ20439.1	80.989	263	50	0	1	263	1	263	7.60e-146	404
MDA7573592.1	QIZ20440.1	95.556	225	10	0	1	225	1	225	3.19e-159	435
MDA7573593.1	QIZ20441.1	85.376	465	68	0	1	465	1	465	0.0	822
MDA7573594.1	QIZ20442.1	69.496	377	115	0	1	377	1	377	0.0	510
MDA7573595.1	QIZ20443.1	59.783	184	72	1	3	186	80	261	1.03e-62	190
MDA7573597.1	QIZ20447.1	34.118	170	112	0	5	174	4	173	8.26e-22	82.8
MDA7573598.1	QIZ20446.1	84.828	145	22	0	5	149	2	146	1.19e-93	263
MDA7573599.1	QIZ20445.1	67.791	326	105	0	1	326	1	326	7.33e-159	442
MDA7573600.1	QIZ20444.1	63.445	238	87	0	1	238	1	238	3.10e-110	313
MDA7573602.1	QIZ21052.1	96.445	422	15	0	1	422	1	422	0.0	828
MDA7573605.1	QIZ21055.1	81.902	326	59	0	1	326	8	333	0.0	566
MDA7573606.1	QIZ20942.1	68.284	268	85	0	1	268	1	268	6.57e-135	379
MDA7573607.1	QIZ20943.1	86.550	171	23	0	1	171	1	171	5.32e-110	306
MDA7573608.1	QIZ20944.1	75.427	586	144	0	1	586	1	586	0.0	878
MDA7573610.1	QIZ20945.1	71.765	170	48	0	1	170	1	170	6.30e-89	253
MDA7573611.1	QIZ20946.1	75.543	184	45	0	1	184	1	184	1.61e-97	283
MDA7573612.1	QIZ20263.1	88.987	227	25	0	1	227	1	227	5.91e-151	415
MDA7573613.1	QIZ20262.1	97.059	102	3	0	1	102	1	102	2.20e-70	201
MDA7573614.1	QIZ20261.1	95.376	692	32	0	1	692	1	692	0.0	1378
MDA7573615.1	QIZ20260.1	95.513	156	7	0	1	156	1	156	6.93e-110	305
MDA7573616.1	QIZ20259.1	100.000	123	0	0	1	123	1	123	2.65e-87	245
MDA7573617.1	QIZ21279.1	89.845	453	46	0	1	453	1	453	0.0	828
MDA7573618.1	QIZ21280.1	76.020	196	47	0	1	196	1	196	1.42e-107	302
MDA7573619.1	QIZ21281.1	85.185	162	24	0	1	162	1	162	2.05e-92	261
MDA7573620.1	QIZ21282.1	63.272	324	116	1	1	324	5	325	2.18e-150	421
MDA7573621.1	QIZ21283.1	64.846	293	103	0	1	293	1	293	3.73e-133	378
MDA7573622.1	QIZ20717.1	83.301	521	87	0	1	521	1	521	0.0	885
MDA7573623.1	QIZ20716.1	85.612	139	20	0	1	139	1	139	1.04e-90	255
MDA7573624.1	QIZ20715.1	72.868	258	69	1	1	258	1	257	2.30e-133	372
MDA7573625.1	QIZ21439.1	92.055	365	29	0	1	365	1	365	0.0	712
MDA7573626.1	QIZ20258.1	95.455	1034	47	0	1	1034	119	1152	0.0	2030
MDA7573628.1	QIZ21181.1	84.932	146	10	1	1	146	1	134	6.16e-87	246
MDA7573629.1	QIZ21182.1	76.151	239	57	0	1	239	1	239	2.56e-141	391
MDA7573630.1	QIZ21183.1	87.817	197	24	0	1	197	1	197	1.28e-129	358
MDA7573631.1	QIZ21184.1	88.441	372	43	0	1	372	1	372	0.0	691
MDA7573632.1	QIZ21079.1	80.493	446	86	1	1	446	74	518	0.0	709
MDA7573634.1	QIZ21078.1	76.995	213	49	0	1	213	1	213	1.53e-121	339
MDA7573635.1	QIZ21077.1	62.651	166	62	0	1	166	211	376	5.38e-71	214
MDA7573638.1	QIZ20846.1	34.074	270	163	4	7	273	20	277	1.06e-43	148
MDA7573639.1	QIZ20966.1	83.696	368	60	0	1	368	1	368	0.0	616
MDA7573640.1	QIZ20967.1	79.435	248	51	0	1	248	1	248	4.25e-140	389
MDA7573641.1	QIZ20968.1	70.345	290	86	0	1	290	1	290	1.18e-154	429
MDA7573642.1	QIZ20796.1	47.351	302	147	3	2	301	1	292	2.15e-87	259
MDA7573643.1	QIZ20795.1	51.312	343	159	3	1	342	1	336	8.42e-115	332
MDA7573645.1	QIZ21520.1	88.889	63	7	0	1	63	1	63	5.44e-39	121
MDA7573646.1	QIZ21521.1	86.634	202	27	0	1	202	1	202	4.53e-137	377
MDA7573647.1	QIZ21522.1	83.183	333	56	0	1	333	1	333	0.0	584
MDA7573648.1	QIZ21523.1	96.316	190	7	0	1	190	1	190	6.77e-138	382
MDA7573649.1	QIZ21036.1	70.134	298	89	0	1	298	12	309	1.59e-156	435
MDA7573650.1	QIZ20620.1	40.306	196	112	2	7	201	1	192	1.23e-47	151
MDA7573652.1	QIZ21037.1	61.579	190	68	1	6	190	4	193	4.26e-73	214
MDA7573653.1	QIZ21056.1	81.633	245	45	0	1	245	29	273	4.79e-152	420
MDA7573654.1	QIZ21057.1	73.958	192	50	0	1	192	1	192	3.18e-102	289
MDA7573655.1	QIZ21058.1	46.209	277	133	5	2	277	3	264	3.47e-78	234
MDA7573656.1	QIZ20655.1	40.746	724	396	16	1	697	92	809	5.71e-168	498
