MDC0404932.1	QIZ20460.1	60.870	115	45	0	1	115	1	115	2.67e-46	143
MDC0404933.1	QIZ20461.1	78.178	472	102	1	1	472	1	471	0.0	706
MDC0404934.1	QIZ20462.1	82.449	490	84	1	1	490	1	488	0.0	827
MDC0404935.1	QIZ20463.1	82.732	637	110	0	1	637	1	637	0.0	1081
MDC0404936.1	QIZ20464.1	85.437	103	15	0	1	103	1	103	6.31e-50	149
MDC0404937.1	QIZ20465.1	78.571	210	45	0	1	210	1	210	8.72e-124	344
MDC0404938.1	QIZ20466.1	90.062	161	16	0	1	161	1	161	6.31e-110	305
MDC0404939.1	QIZ20467.1	93.072	332	23	0	1	332	1	332	0.0	625
MDC0404940.1	QIZ20468.1	78.152	682	143	3	1	679	1	679	0.0	1112
MDC0404941.1	QIZ20469.1	89.391	443	47	0	1	443	1	443	0.0	840
MDC0404942.1	QIZ20470.1	85.149	202	30	0	1	202	1	202	9.18e-134	369
MDC0404943.1	QIZ20471.1	93.606	391	25	0	1	391	1	391	0.0	765
MDC0404944.1	QIZ20472.1	84.653	202	30	1	1	201	1	202	2.54e-128	355
MDC0404945.1	QIZ20473.1	90.643	171	16	0	1	171	3	173	4.67e-121	334
MDC0404946.1	QIZ20474.1	93.443	122	8	0	1	122	1	122	2.53e-79	225
MDC0404947.1	QIZ20475.1	89.155	793	85	1	1	792	2	794	0.0	1425
MDC0404948.1	QIZ20476.1	93.602	422	27	0	1	422	1	422	0.0	818
MDC0404949.1	QIZ20477.1	88.177	203	24	0	1	203	1	203	3.02e-136	375
MDC0404950.1	QIZ20478.1	75.427	468	108	1	1	468	1	461	0.0	681
MDC0404951.1	QIZ20479.1	71.250	80	23	0	1	80	1	80	5.98e-40	122
MDC0404954.1	QIZ20480.1	61.146	157	61	0	25	181	25	181	4.81e-66	196
MDC0404955.1	QIZ20481.1	71.429	224	64	0	1	224	1	224	1.46e-115	325
MDC0404956.1	QIZ20482.1	75.000	140	35	0	1	140	1	140	2.27e-78	224
MDC0404958.1	QIZ20483.1	66.497	197	62	2	20	215	21	214	8.45e-93	266
MDC0404959.1	QIZ20484.1	77.419	248	56	0	1	248	1	248	5.17e-146	404
MDC0404960.1	QIZ20485.1	63.505	485	177	0	1	485	1	485	0.0	600
MDC0404961.1	QIZ20486.1	78.716	296	63	0	2	297	1	296	1.06e-173	478
MDC0404962.1	QIZ20487.1	88.435	441	51	0	1	441	1	441	0.0	745
MDC0404963.1	QIZ20488.1	82.320	181	32	0	1	181	39	219	1.95e-101	287
MDC0404964.1	QIZ20489.1	88.398	362	42	0	1	362	1	362	0.0	673
MDC0404965.1	QIZ20490.1	86.601	306	41	0	1	306	1	306	0.0	557
MDC0404966.1	QIZ20491.1	89.307	505	54	0	1	505	1	505	0.0	942
MDC0404967.1	QIZ20492.1	87.209	258	33	0	1	258	1	258	3.22e-170	466
MDC0404968.1	QIZ20493.1	57.895	133	47	1	5	137	11	134	8.13e-50	152
MDC0404969.1	QIZ20494.1	66.929	127	41	1	1	126	122	248	8.26e-60	180
MDC0404971.1	QIZ21518.1	55.975	318	140	0	1	318	1	318	7.44e-124	353
MDC0404972.1	QIZ20551.1	69.600	375	114	0	1	375	1	375	0.0	554
MDC0404973.1	QIZ20552.1	87.789	303	37	0	1	303	1	303	0.0	546
MDC0404974.1	QIZ20553.1	89.720	428	44	0	1	428	1	428	0.0	786
MDC0404975.1	QIZ21495.1	54.618	249	113	0	1	249	1	249	1.17e-104	299
MDC0404977.1	QIZ20554.1	70.149	201	60	0	1	201	1	201	1.72e-94	270
MDC0404978.1	QIZ20555.1	86.427	501	68	0	1	501	1	501	0.0	902
MDC0404979.1	QIZ20556.1	84.195	348	55	0	6	353	3	350	0.0	599
MDC0404980.1	QIZ20557.1	95.000	320	16	0	1	320	1	320	0.0	625
MDC0404981.1	QIZ20559.1	94.083	169	10	0	1	169	1	169	2.83e-118	327
MDC0404982.1	QIZ20560.1	95.082	427	21	0	1	427	1	427	0.0	742
MDC0404983.1	QIZ20561.1	91.594	345	28	1	5	349	3	346	0.0	658
MDC0404984.1	QIZ20562.1	88.235	493	58	0	1	493	1	493	0.0	907
MDC0404985.1	QIZ20567.1	98.519	135	2	0	1	135	1	135	1.62e-101	282
MDC0404986.1	QIZ20568.1	82.105	190	33	1	1	189	1	190	7.61e-114	318
MDC0404987.1	QIZ20569.1	89.489	333	35	0	1	333	1	333	0.0	615
MDC0404988.1	QIZ20570.1	80.292	137	27	0	1	137	1	137	7.12e-84	238
MDC0404989.1	QIZ20571.1	92.708	96	7	0	9	104	1	96	1.92e-64	186
MDC0404990.1	QIZ20572.1	91.339	127	11	0	1	127	1	127	4.72e-89	250
MDC0404991.1	QIZ20573.1	96.842	95	3	0	1	95	1	95	8.72e-68	194
MDC0404992.1	QIZ20574.1	78.000	100	22	0	1	100	21	120	3.17e-59	173
MDC0404993.1	QIZ20576.1	90.816	98	9	0	1	98	1	98	9.20e-62	179
MDC0404994.1	QIZ20577.1	86.792	106	14	0	1	106	1	106	1.29e-67	194
MDC0404995.1	QIZ20579.1	90.909	110	10	0	1	110	1	110	1.09e-66	192
MDC0404996.1	QIZ20582.1	74.775	111	28	0	1	111	1	111	5.73e-46	140
MDC0404997.1	QIZ20615.1	86.087	115	16	0	12	126	1	115	5.26e-76	216
MDC0404998.1	QIZ20616.1	88.008	517	62	0	65	581	65	581	0.0	958
MDC0404999.1	QIZ20583.1	63.478	115	42	0	1	115	1	115	3.60e-54	160
MDC0405000.1	QIZ20584.1	69.399	183	56	0	5	187	4	186	8.49e-98	277
MDC0405001.1	QIZ20585.1	71.161	267	77	0	1	267	1	267	3.96e-146	405
MDC0405006.1	QIZ20730.1	64.324	185	61	2	2	186	3	182	2.28e-84	243
MDC0405009.1	QIZ20310.1	60.976	82	32	0	1	82	1	82	9.60e-33	105
MDC0405010.1	QIZ21524.1	88.321	274	32	0	1	274	201	474	0.0	523
MDC0405011.1	QIZ20568.1	76.033	121	28	1	1	120	70	190	1.01e-63	188
MDC0405012.1	QIZ20569.1	89.105	257	28	0	1	257	1	257	7.00e-169	466
MDC0405013.1	QIZ21525.1	89.412	340	35	1	1	339	1	340	0.0	650
MDC0405016.1	QIZ21534.1	45.872	109	58	1	13	121	13	120	3.06e-32	106
MDC0405017.1	QIZ20673.1	77.931	435	90	1	1	435	1	429	0.0	681
MDC0405018.1	QIZ20672.1	82.517	286	50	0	1	286	1	286	1.67e-178	489
MDC0405019.1	QIZ20671.1	71.845	309	86	1	1	308	1	309	6.30e-167	462
MDC0405020.1	QIZ20670.1	76.566	431	101	0	1	431	1	431	0.0	696
MDC0405022.1	QIZ20669.1	88.333	480	56	0	14	493	14	493	0.0	892
MDC0405023.1	QIZ20668.1	64.641	181	64	0	1	181	1	181	2.95e-82	237
MDC0405024.1	QIZ20667.1	81.281	796	147	2	1	796	1	794	0.0	1253
MDC0405025.1	QIZ20666.1	86.653	472	63	0	1	472	1	472	0.0	858
MDC0405026.1	QIZ20665.1	80.263	152	30	0	1	152	1	152	1.04e-77	223
MDC0405027.1	QIZ20664.1	94.286	70	4	0	21	90	1	70	3.02e-45	135
MDC0405028.1	QIZ20663.1	81.731	104	19	0	1	104	1	104	2.69e-62	182
MDC0405029.1	QIZ20662.1	69.481	308	94	0	1	308	1	308	4.42e-149	417
MDC0405030.1	QIZ20661.1	82.377	244	43	0	1	244	3	246	4.07e-149	411
MDC0405031.1	QIZ20660.1	92.405	79	6	0	1	79	1	79	9.21e-47	139
MDC0405032.1	QIZ20659.1	75.714	210	51	0	1	210	1	210	3.14e-121	338
MDC0405033.1	QIZ20658.1	64.231	260	93	0	2	261	3	262	2.53e-121	342
MDC0405034.1	QIZ20657.1	54.321	324	137	4	1	318	1	319	6.04e-103	300
MDC0405035.1	QIZ20656.1	46.350	274	146	1	3	275	28	301	3.39e-76	230
MDC0405036.1	QIZ20655.1	41.427	799	446	6	91	881	22	806	0.0	588
MDC0405037.1	QIZ20654.1	47.619	357	187	0	1	357	1	357	6.07e-105	308
MDC0405038.1	QIZ20653.1	48.011	377	185	2	1	368	1	375	1.23e-114	334
MDC0405039.1	QIZ20652.1	87.835	485	59	0	1	485	1	485	0.0	868
MDC0405040.1	QIZ20651.1	89.706	136	14	0	1	136	1	136	5.57e-80	228
MDC0405041.1	QIZ20650.1	65.625	192	65	1	1	191	1	192	5.97e-82	237
MDC0405042.1	QIZ20649.1	76.608	342	79	1	1	342	1	341	0.0	508
MDC0405043.1	QIZ20648.1	42.628	312	178	1	1	311	1	312	1.71e-82	249
MDC0405044.1	QIZ20647.1	67.727	220	71	0	1	220	5	224	2.11e-96	276
MDC0405045.1	QIZ20646.1	83.838	594	96	0	1	594	1	594	0.0	1045
MDC0405046.1	QIZ20645.1	85.401	274	39	1	1	274	1	273	1.75e-173	475
MDC0405047.1	QIZ21216.1	62.963	81	30	0	1	81	1	81	1.38e-36	114
MDC0405048.1	QIZ21217.1	90.960	177	16	0	1	177	1	177	1.31e-121	336
MDC0405049.1	QIZ21218.1	91.743	436	36	0	1	436	1	436	0.0	801
MDC0405050.1	QIZ21219.1	71.287	101	29	0	1	101	1	101	1.27e-51	153
MDC0405052.1	QIZ21220.1	81.766	691	126	0	1	691	1	691	0.0	1179
MDC0405053.1	QIZ21221.1	69.461	167	50	1	1	166	1	167	3.21e-72	211
MDC0405054.1	QIZ21223.1	70.408	294	87	0	1	294	1	294	5.66e-156	433
MDC0405055.1	QIZ21224.1	82.576	396	69	0	1	396	1	396	0.0	699
MDC0405057.1	QIZ21526.1	57.692	78	33	0	16	93	16	93	1.21e-30	100
MDC0405058.1	QIZ21226.1	71.681	113	32	0	1	113	1	113	1.90e-59	174
MDC0405059.1	QIZ21228.1	83.404	470	78	0	1	470	1	470	0.0	826
MDC0405060.1	QIZ21229.1	70.387	439	129	1	8	445	1	439	0.0	604
MDC0405061.1	QIZ21230.1	69.470	321	98	0	1	321	1	321	1.61e-159	444
MDC0405062.1	QIZ21231.1	80.088	226	45	0	1	226	1	226	2.56e-136	377
MDC0405063.1	QIZ21232.1	81.395	215	40	0	1	215	1	215	1.86e-120	337
MDC0405064.1	QIZ21233.1	95.545	606	27	0	1	606	1	606	0.0	1195
MDC0405065.1	QIZ21234.1	73.008	615	84	4	1	535	1	613	0.0	823
MDC0405066.1	QIZ21235.1	91.871	529	43	0	1	529	1	529	0.0	981
MDC0405067.1	QIZ21236.1	94.792	96	5	0	1	96	1	96	3.05e-63	182
MDC0405068.1	QIZ21237.1	67.647	272	88	0	1	272	1	272	1.21e-142	397
MDC0405069.1	QIZ21238.1	71.803	305	86	0	2	306	1	305	1.41e-162	450
MDC0405070.1	QIZ21239.1	82.412	904	159	0	1	904	1	904	0.0	1553
MDC0405071.1	QIZ21240.1	45.395	152	83	0	8	159	7	158	7.71e-43	136
MDC0405073.1	QIZ21242.1	60.582	378	148	1	8	384	3	380	1.32e-144	411
MDC0405074.1	QIZ21243.1	64.324	185	66	0	1	185	1	185	3.89e-73	214
MDC0405075.1	QIZ21244.1	66.508	421	141	0	1	421	1	421	0.0	585
MDC0405076.1	QIZ21245.1	73.333	60	16	0	1	60	1	60	5.37e-29	93.6
MDC0405077.1	QIZ21246.1	53.497	286	132	1	1	285	1	286	1.11e-102	297
MDC0405078.1	QIZ21247.1	38.462	156	95	1	3	157	153	308	1.30e-29	105
MDC0405080.1	QIZ20359.1	63.836	318	102	2	1	318	1	305	2.24e-151	422
MDC0405082.1	QIZ20357.1	83.217	143	24	0	1	143	1	143	1.74e-88	250
MDC0405083.1	QIZ20356.1	94.565	92	5	0	1	92	4	95	6.56e-61	176
MDC0405084.1	QIZ20355.1	66.904	281	93	0	1	281	1	281	2.52e-132	372
MDC0405085.1	QIZ20354.1	71.572	299	84	1	1	298	1	299	5.83e-157	436
MDC0405086.1	QIZ20353.1	84.651	430	66	0	1	430	1	430	0.0	701
MDC0405087.1	QIZ20352.1	54.667	75	33	1	1	75	1	74	4.62e-26	87.0
MDC0405088.1	QIZ20351.1	72.566	339	93	0	1	339	1	339	0.0	514
MDC0405089.1	QIZ20350.1	74.648	142	36	0	4	145	8	149	9.59e-80	228
MDC0405090.1	QIZ20349.1	76.471	153	35	1	1	152	1	153	6.44e-89	251
MDC0405091.1	QIZ20348.1	93.213	442	30	0	1	442	1	442	0.0	834
MDC0405092.1	QIZ20347.1	49.096	332	164	3	3	332	4	332	4.74e-98	289
MDC0405093.1	QIZ20346.1	78.125	96	21	0	1	96	1	96	1.22e-45	138
MDC0405094.1	QIZ20345.1	95.238	63	3	0	1	63	1	63	2.49e-39	119
MDC0405095.1	QIZ20344.1	64.516	124	43	1	1	123	2	125	9.87e-52	155
MDC0405096.1	QIZ20343.1	72.449	98	27	0	2	99	3	100	1.08e-47	143
MDC0405097.1	QIZ20342.1	79.279	333	69	0	1	333	1	333	0.0	533
MDC0405098.1	QIZ20341.1	86.667	60	8	0	1	60	1	60	1.61e-36	112
MDC0405099.1	QIZ20340.1	58.865	141	58	0	12	152	12	152	1.09e-41	132
MDC0405100.1	QIZ20339.1	58.273	139	58	0	15	153	15	153	6.71e-58	173
MDC0405101.1	QIZ20338.1	91.441	701	60	0	1	701	1	701	0.0	1249
MDC0405102.1	QIZ20337.1	63.636	319	116	0	1	319	1	319	4.91e-138	389
MDC0405103.1	QIZ20336.1	64.179	134	48	0	1	134	1	134	3.58e-63	185
MDC0405104.1	QIZ20335.1	78.906	128	27	0	1	128	1	128	1.12e-72	209
MDC0405105.1	QIZ20334.1	91.530	366	31	0	1	366	1	366	0.0	641
MDC0405106.1	QIZ20333.1	74.112	197	51	0	1	197	1	197	4.25e-108	304
MDC0405108.1	QIZ20332.1	92.754	69	5	0	2	70	84	152	7.62e-44	134
MDC0405118.1	QIZ20216.1	90.536	317	30	0	1	317	2	318	0.0	589
MDC0405119.1	QIZ20675.1	55.556	63	28	0	7	69	6	68	1.56e-21	75.1
MDC0405120.1	QIZ21315.1	77.181	149	34	0	1	149	1	149	1.01e-89	253
MDC0405121.1	QIZ20217.1	85.268	448	65	1	1	448	1	447	0.0	797
MDC0405123.1	QIZ20674.1	74.809	393	99	0	1	393	1	393	0.0	620
MDC0405124.1	QIZ20210.1	85.393	534	78	0	8	541	3	536	0.0	912
MDC0405125.1	QIZ21225.1	42.857	168	94	2	15	181	14	180	1.60e-44	141
MDC0405126.1	QIZ20506.1	70.352	199	59	0	1	199	1	199	4.31e-99	281
MDC0405127.1	QIZ20507.1	84.545	220	34	0	1	220	1	220	3.35e-135	374
MDC0405128.1	QIZ20508.1	70.888	845	246	0	1	845	17	861	0.0	1182
MDC0405129.1	QIZ20544.1	58.580	169	68	1	1	169	1	167	1.18e-69	204
MDC0405130.1	QIZ21540.1	61.702	141	54	0	15	155	7	147	3.10e-65	192
MDC0405131.1	QIZ21539.1	57.714	175	74	0	1	175	6	180	1.62e-59	179
MDC0405132.1	QIZ21538.1	56.051	157	69	0	1	157	1	157	1.08e-56	173
MDC0405134.1	QIZ21430.1	58.098	389	161	1	2	390	1	387	4.87e-155	438
MDC0405135.1	QIZ20215.1	82.069	145	26	0	1	145	1	145	2.03e-89	252
MDC0405137.1	QIZ21536.1	76.549	226	53	0	1	226	1	226	5.51e-134	372
MDC0405138.1	QIZ21533.1	61.165	103	40	0	1	103	1	103	9.24e-41	126
MDC0405139.1	QIZ21532.1	55.869	213	93	1	1	212	1	213	4.82e-78	230
MDC0405140.1	QIZ21531.1	87.216	352	45	0	1	352	1	352	0.0	604
MDC0405141.1	QIZ21530.1	84.045	539	83	1	1	539	1	536	0.0	872
MDC0405143.1	QIZ21527.1	89.381	339	36	0	1	339	1	339	0.0	634
MDC0405144.1	QIZ21523.1	91.525	295	25	0	1	295	1	295	0.0	567
MDC0405145.1	QIZ21522.1	87.688	333	41	0	1	333	1	333	0.0	608
MDC0405146.1	QIZ21521.1	87.065	201	26	0	1	201	1	201	3.45e-137	378
MDC0405147.1	QIZ21520.1	88.387	155	18	0	1	155	1	155	7.22e-107	297
MDC0405148.1	QIZ20620.1	36.364	198	120	3	7	204	1	192	1.61e-39	130
MDC0405149.1	QIZ21519.1	81.301	123	23	0	3	125	2	124	3.15e-75	215
MDC0405150.1	QIZ21516.1	90.538	539	51	0	1	539	1	539	0.0	1035
MDC0405151.1	QIZ21515.1	84.543	317	49	0	1	317	1	317	0.0	567
MDC0405152.1	QIZ21514.1	86.747	249	33	0	1	249	1	249	3.50e-161	442
MDC0405153.1	QIZ21513.1	89.506	810	84	1	1	809	1	810	0.0	1503
MDC0405154.1	QIZ21512.1	59.420	138	56	0	21	158	29	166	4.92e-57	172
MDC0405155.1	QIZ21511.1	89.286	112	12	0	1	112	78	189	3.10e-72	209
MDC0405156.1	QIZ21366.1	67.213	61	20	0	1	61	3	63	1.22e-23	84.7
MDC0405157.1	QIZ21365.1	55.682	264	114	1	2	265	1	261	1.75e-107	307
MDC0405158.1	QIZ21364.1	66.162	198	61	2	1	194	1	196	9.07e-92	262
MDC0405160.1	QIZ21363.1	92.775	609	41	2	1	608	1	607	0.0	1147
MDC0405161.1	QIZ21362.1	76.819	591	137	0	1	591	1	591	0.0	912
MDC0405162.1	QIZ21361.1	76.974	152	35	0	1	152	1	152	3.93e-74	214
MDC0405163.1	QIZ21360.1	83.636	385	62	1	1	384	1	385	0.0	668
MDC0405164.1	QIZ21359.1	88.734	1074	121	0	1	1074	1	1074	0.0	1968
MDC0405166.1	QIZ21319.1	94.521	219	12	0	1	219	1	219	6.87e-160	436
MDC0405167.1	QIZ21318.1	80.892	314	60	0	1	314	1	314	0.0	532
MDC0405168.1	QIZ21317.1	96.497	314	11	0	1	314	1	314	0.0	632
MDC0405170.1	QIZ21316.1	80.734	218	42	0	1	218	1	218	1.30e-122	342
MDC0405171.1	QIZ21314.1	94.236	399	23	0	1	399	1	399	0.0	775
MDC0405172.1	QIZ21313.1	91.725	713	59	0	1	713	1	713	0.0	1367
MDC0405173.1	QIZ21312.1	79.600	250	51	0	1	250	1	250	1.32e-145	403
MDC0405174.1	QIZ20403.1	78.571	168	36	0	1	168	91	258	8.79e-103	291
MDC0405175.1	QIZ20404.1	79.819	332	67	0	1	332	1	332	0.0	556
MDC0405176.1	QIZ20405.1	81.679	131	24	0	2	132	3	133	5.98e-77	220
MDC0405177.1	QIZ20406.1	80.150	267	53	0	1	267	1	267	9.62e-154	425
MDC0405178.1	QIZ20407.1	71.545	246	70	0	1	246	3	248	1.38e-133	372
MDC0405179.1	QIZ20408.1	66.760	358	91	6	4	333	1	358	5.66e-170	473
MDC0405181.1	QIZ20409.1	97.222	72	2	0	1	72	1	72	6.05e-46	137
MDC0405183.1	QIZ20410.1	92.991	214	15	0	4	217	2	215	1.13e-144	398
MDC0405184.1	QIZ20411.1	89.028	319	35	0	1	319	3	321	0.0	580
MDC0405185.1	QIZ20412.1	84.404	109	17	0	10	118	293	401	1.53e-64	196
MDC0405186.1	QIZ20412.1	86.594	276	37	0	1	276	1	276	1.35e-178	494
MDC0405187.1	QIZ20413.1	92.057	491	39	0	1	491	82	572	0.0	937
MDC0405188.1	QIZ20413.1	100.000	67	0	0	1	67	1	67	2.80e-44	144
MDC0405189.1	QIZ20414.1	84.114	875	139	0	1	875	1	875	0.0	1545
MDC0405190.1	QIZ20415.1	87.705	122	15	0	1	122	1	122	1.96e-74	213
MDC0405191.1	QIZ20416.1	93.333	240	16	0	1	240	5	244	8.98e-169	461
MDC0405192.1	QIZ20417.1	83.568	426	67	1	1	423	1	426	0.0	722
MDC0405193.1	QIZ20418.1	85.564	381	55	0	1	381	1	381	0.0	624
MDC0405194.1	QIZ20419.1	95.087	346	17	0	1	346	1	346	0.0	691
MDC0405195.1	QIZ21497.1	73.913	92	24	0	2	93	58	149	1.45e-50	152
MDC0405196.1	QIZ21496.1	98.529	68	1	0	1	68	1	68	8.57e-47	139
MDC0405197.1	QIZ21494.1	66.957	115	38	0	1	115	1	115	1.21e-57	169
MDC0405198.1	QIZ21493.1	75.806	248	60	0	1	248	1	248	1.58e-129	362
MDC0405199.1	QIZ21492.1	57.857	140	59	0	5	144	7	146	1.64e-58	174
MDC0405200.1	QIZ21490.1	76.596	282	66	0	1	282	1	282	5.90e-160	442
MDC0405201.1	QIZ21489.1	61.026	195	76	0	1	195	1	195	2.59e-93	266
MDC0405202.1	QIZ21488.1	91.182	998	88	0	1	998	1	998	0.0	1912
MDC0405203.1	QIZ21487.1	93.103	87	6	0	1	87	1	87	8.79e-62	178
MDC0405204.1	QIZ21486.1	96.411	418	15	0	1	418	1	418	0.0	846
MDC0405205.1	QIZ21485.1	95.544	561	25	0	1	561	1	561	0.0	1098
MDC0405206.1	QIZ21484.1	80.608	263	51	0	1	263	1	263	3.11e-164	451
MDC0405207.1	QIZ21483.1	87.855	387	47	0	1	387	1	387	0.0	719
MDC0405208.1	QIZ21481.1	78.070	342	75	0	1	342	1	342	0.0	549
MDC0405209.1	QIZ21480.1	90.068	443	44	0	1	443	1	443	0.0	855
MDC0405210.1	QIZ21479.1	89.385	716	76	0	1	716	1	716	0.0	1290
MDC0405211.1	QIZ21478.1	88.012	342	41	0	1	342	1	342	0.0	624
MDC0405212.1	QIZ21477.1	73.596	178	47	0	6	183	6	183	2.20e-85	245
MDC0405214.1	QIZ21452.1	87.824	386	47	0	1	386	1	386	0.0	707
MDC0405215.1	QIZ21451.1	55.330	197	87	1	1	197	1	196	2.70e-73	216
MDC0405216.1	QIZ21450.1	88.496	113	13	0	1	113	1	113	1.59e-74	212
MDC0405217.1	QIZ21449.1	93.182	396	27	0	1	396	1	396	0.0	762
MDC0405221.1	QIZ20485.1	31.237	493	307	6	6	482	9	485	7.27e-84	263
MDC0405222.1	QIZ21448.1	96.234	478	18	0	1	478	1	478	0.0	956
MDC0405223.1	QIZ21447.1	97.179	319	9	0	1	319	1	319	0.0	646
MDC0405224.1	QIZ21446.1	66.079	227	72	1	19	240	19	245	9.33e-107	304
MDC0405225.1	QIZ21445.1	68.868	212	66	0	1	212	1	212	5.55e-111	312
MDC0405227.1	QIZ21444.1	88.919	740	82	0	1	740	1	740	0.0	1350
MDC0405228.1	QIZ21443.1	93.310	284	19	0	1	284	1	284	0.0	506
MDC0405229.1	QIZ21442.1	88.434	415	48	0	1	415	1	415	0.0	754
MDC0405230.1	QIZ21441.1	93.352	361	24	0	13	373	13	373	0.0	702
MDC0405231.1	QIZ21440.1	87.838	296	36	0	1	296	67	362	0.0	549
MDC0405232.1	QIZ21399.1	70.642	109	30	2	1	108	1	108	2.50e-45	147
MDC0405233.1	QIZ21398.1	86.885	61	8	0	1	61	1	61	5.68e-35	108
MDC0405234.1	QIZ21397.1	93.426	289	19	0	1	289	1	289	0.0	535
MDC0405235.1	QIZ21396.1	91.826	367	29	1	1	367	1	366	0.0	641
MDC0405236.1	QIZ21395.1	94.891	274	14	0	1	274	1	274	0.0	526
MDC0405237.1	QIZ21388.1	92.063	315	25	0	1	315	1	315	0.0	612
MDC0405238.1	QIZ20746.1	88.588	885	101	0	1	885	1	885	0.0	1631
MDC0405239.1	QIZ20747.1	69.432	687	210	0	1	687	1	687	0.0	936
MDC0405240.1	QIZ20748.1	88.737	293	33	0	1	293	1	293	0.0	556
MDC0405241.1	QIZ20749.1	86.567	268	36	0	1	268	1	268	3.52e-157	434
MDC0405242.1	QIZ20750.1	80.415	337	66	0	1	337	1	337	0.0	551
MDC0405243.1	QIZ20751.1	73.558	208	55	0	1	208	1	208	2.72e-116	325
MDC0405244.1	QIZ20752.1	91.111	360	32	0	1	360	1	360	0.0	669
MDC0405245.1	QIZ20753.1	88.679	636	72	0	1	636	1	636	0.0	1182
MDC0405246.1	QIZ20754.1	77.241	290	66	0	1	290	1	290	2.06e-157	436
MDC0405247.1	QIZ20755.1	70.513	78	23	0	1	78	1	78	1.84e-32	103
MDC0405248.1	QIZ20756.1	72.000	200	56	0	1	200	1	200	3.63e-103	296
MDC0405251.1	QIZ20511.1	23.978	538	348	15	64	569	49	557	3.31e-24	102
MDC0405252.1	QIZ20606.1	78.706	479	102	0	1	479	1	479	0.0	806
MDC0405259.1	QIZ20501.1	48.438	320	163	1	1	318	1	320	4.11e-103	301
MDC0405262.1	QIZ20492.1	29.297	256	169	6	12	266	2	246	4.74e-26	99.0
MDC0405265.1	QIZ20607.1	48.148	108	52	3	1	104	1	108	4.59e-29	97.1
MDC0405266.1	QIZ20609.1	68.379	253	80	0	1	253	1	253	1.17e-130	368
MDC0405267.1	QIZ21310.1	90.769	65	6	0	1	65	77	141	4.36e-37	116
MDC0405268.1	QIZ21309.1	90.835	611	56	0	1	611	1	611	0.0	1159
MDC0405269.1	QIZ21308.1	89.175	194	21	0	1	194	1	194	6.40e-129	356
MDC0405270.1	QIZ21307.1	87.586	290	36	0	1	290	1	290	0.0	551
MDC0405271.1	QIZ21306.1	81.250	144	27	0	1	144	1	144	7.35e-83	236
MDC0405272.1	QIZ21305.1	79.556	225	46	0	1	225	1	225	8.92e-129	358
MDC0405273.1	QIZ21304.1	69.932	439	132	0	1	439	1	439	0.0	642
MDC0405274.1	QIZ21303.1	71.212	66	19	0	1	66	1	66	2.72e-28	92.8
MDC0405275.1	QIZ21302.1	64.961	254	89	0	1	254	1	254	7.12e-121	341
MDC0405276.1	QIZ21301.1	55.523	344	152	1	4	347	5	347	3.77e-131	374
MDC0405277.1	QIZ21300.1	60.392	255	96	2	1	252	1	253	1.05e-89	261
MDC0405278.1	QIZ21299.1	93.226	310	21	0	1	310	1	310	0.0	559
MDC0405279.1	QIZ21298.1	71.749	223	57	2	12	232	1	219	7.11e-104	296
MDC0405280.1	QIZ21297.1	79.459	185	38	0	1	185	1	185	3.26e-110	308
MDC0405281.1	QIZ21296.1	89.076	357	39	0	1	357	1	357	0.0	662
MDC0405282.1	QIZ21295.1	81.154	260	47	2	1	259	1	259	3.16e-150	415
MDC0405283.1	QIZ21294.1	94.272	419	24	0	1	419	1	419	0.0	786
MDC0405284.1	QIZ21293.1	89.941	169	17	0	1	169	1	169	1.50e-108	303
MDC0405285.1	QIZ21292.1	74.658	146	37	0	8	153	3	148	4.44e-80	229
MDC0405286.1	QIZ21291.1	73.077	104	28	0	1	104	1	104	3.82e-49	153
MDC0405288.1	QIZ20556.1	36.214	243	142	4	318	556	40	273	6.91e-44	155
MDC0405288.1	QIZ20556.1	30.303	297	182	8	19	302	41	325	2.78e-33	125
MDC0405289.1	QIZ21404.1	82.983	523	86	2	1	523	1	520	0.0	904
MDC0405290.1	QIZ21405.1	90.237	338	33	0	7	344	8	345	0.0	626
MDC0405291.1	QIZ21406.1	50.877	285	132	4	1	279	1	283	1.39e-91	273
MDC0405292.1	QIZ21407.1	49.398	166	84	0	1	166	1	166	7.03e-44	139
MDC0405293.1	QIZ21408.1	66.925	644	193	2	1	624	1	644	0.0	919
MDC0405294.1	QIZ21409.1	69.624	372	113	0	3	374	2	373	2.77e-178	496
MDC0405295.1	QIZ21410.1	84.709	412	63	0	1	412	1	412	0.0	743
MDC0405296.1	QIZ21329.1	72.368	304	84	0	1	304	145	448	2.26e-161	453
MDC0405297.1	QIZ21507.1	73.881	134	35	0	1	134	1	134	1.82e-72	209
MDC0405298.1	QIZ21506.1	72.340	376	104	0	3	378	22	397	0.0	607
MDC0405299.1	QIZ21505.1	87.190	242	31	0	1	242	1	242	6.07e-160	438
MDC0405300.1	QIZ21504.1	94.690	452	24	0	1	452	1	452	0.0	899
MDC0405301.1	QIZ21503.1	85.083	181	27	0	1	181	1	181	2.93e-112	313
MDC0405303.1	QIZ21502.1	55.665	203	90	0	1	203	1	203	1.76e-79	232
MDC0405304.1	QIZ21501.1	77.231	549	125	0	1	549	1	549	0.0	884
MDC0405305.1	QIZ21500.1	82.445	319	56	0	1	319	1	319	0.0	560
MDC0405306.1	QIZ21499.1	76.074	163	39	0	1	163	1	163	1.28e-86	246
MDC0405307.1	QIZ21498.1	78.571	322	68	1	16	337	16	336	0.0	518
MDC0405308.1	QIZ20873.1	80.952	105	20	0	1	105	1	105	3.45e-59	172
MDC0405309.1	QIZ20872.1	86.207	203	28	0	1	203	1	203	1.18e-129	358
MDC0405310.1	QIZ20871.1	77.808	730	152	2	1	720	4	733	0.0	1185
MDC0405311.1	QIZ20870.1	79.189	370	69	3	1	364	1	368	0.0	595
MDC0405312.1	QIZ20869.1	78.538	848	179	1	1	845	1	848	0.0	1359
MDC0405313.1	QIZ20868.1	69.284	433	133	0	1	433	1	433	0.0	609
MDC0405314.1	QIZ20867.1	60.000	145	53	2	1	142	1	143	4.88e-52	157
MDC0405315.1	QIZ20866.1	68.056	144	46	0	1	144	96	239	1.31e-68	203
MDC0405316.1	QIZ20874.1	74.413	426	91	3	1	413	1	421	0.0	638
MDC0405317.1	QIZ20875.1	80.072	276	55	0	1	276	1	276	2.09e-169	465
MDC0405318.1	QIZ20876.1	64.609	243	84	1	2	242	3	245	1.90e-105	301
MDC0405319.1	QIZ20877.1	69.832	179	54	0	1	179	11	189	1.32e-95	271
MDC0405320.1	QIZ20878.1	78.964	309	65	0	1	309	1	309	0.0	504
MDC0405321.1	QIZ20879.1	81.299	385	72	0	1	385	1	385	0.0	619
MDC0405322.1	QIZ20881.1	81.928	166	28	2	1	164	1	166	1.01e-98	277
MDC0405323.1	QIZ20882.1	76.025	317	76	0	1	317	1	317	0.0	516
MDC0405324.1	QIZ20883.1	84.729	203	31	0	1	203	1	203	1.85e-131	363
MDC0405325.1	QIZ20884.1	72.903	310	83	1	12	320	13	322	1.73e-163	454
MDC0405326.1	QIZ20589.1	75.107	233	58	0	1	233	1	233	9.64e-132	369
MDC0405327.1	QIZ20487.1	32.771	415	275	2	14	425	17	430	6.68e-70	224
MDC0405329.1	QIZ20489.1	27.077	325	205	9	2	307	1	312	1.93e-26	103
MDC0405330.1	QIZ20593.1	77.327	591	134	0	1	591	1	591	0.0	987
MDC0405331.1	QIZ20513.1	28.415	366	237	7	105	464	7	353	5.01e-34	127
MDC0405332.1	QIZ20717.1	88.601	193	22	0	1	193	329	521	3.29e-129	369
MDC0405333.1	QIZ20716.1	80.576	139	27	0	1	139	1	139	6.38e-88	248
MDC0405334.1	QIZ20715.1	68.872	257	80	0	1	257	1	257	5.30e-132	369
MDC0405335.1	QIZ20714.1	86.275	204	28	0	1	204	1	204	6.06e-122	339
MDC0405336.1	QIZ20713.1	94.976	418	21	0	1	418	1	418	0.0	808
MDC0405337.1	QIZ20712.1	92.708	288	21	0	1	288	1	288	0.0	538
MDC0405338.1	QIZ20711.1	91.343	335	29	0	3	337	2	336	0.0	618
MDC0405339.1	QIZ20710.1	88.750	240	27	0	1	240	1	240	2.12e-158	434
MDC0405340.1	QIZ20709.1	84.255	235	37	0	1	235	1	235	3.86e-148	408
MDC0405341.1	QIZ20708.1	95.161	248	12	0	1	248	14	261	0.0	498
MDC0405342.1	QIZ21439.1	82.474	388	68	0	1	388	1	388	0.0	682
MDC0405343.1	QIZ21438.1	77.551	245	55	0	1	245	1	245	1.35e-140	390
MDC0405344.1	QIZ21437.1	92.010	388	31	0	1	388	1	388	0.0	764
MDC0405345.1	QIZ21436.1	94.872	195	10	0	1	195	1	195	2.60e-137	377
MDC0405346.1	QIZ21435.1	66.923	260	86	0	1	260	1	260	4.95e-130	364
MDC0405347.1	QIZ21434.1	86.207	493	68	0	1	493	1	493	0.0	899
MDC0405348.1	QIZ21433.1	84.806	283	43	0	10	292	1	283	1.17e-171	472
MDC0405349.1	QIZ21432.1	94.000	200	12	0	1	200	1	200	3.46e-128	362
MDC0405350.1	QIZ20458.1	87.477	551	69	0	1	551	1	551	0.0	1013
MDC0405351.1	QIZ20457.1	87.654	81	10	0	1	81	1	81	8.37e-41	124
MDC0405352.1	QIZ20456.1	81.081	444	84	0	1	444	1	444	0.0	756
MDC0405353.1	QIZ20455.1	74.453	411	104	1	1	411	1	410	0.0	586
MDC0405354.1	QIZ20454.1	64.000	225	81	0	1	225	1	225	6.98e-106	300
MDC0405355.1	QIZ20453.1	72.000	275	77	0	1	275	1	275	1.75e-137	411
MDC0405356.1	QIZ21473.1	93.945	578	35	0	1	578	198	775	0.0	1152
MDC0405357.1	QIZ21472.1	84.821	112	17	0	5	116	4	115	8.53e-68	195
MDC0405358.1	QIZ21471.1	89.593	442	46	0	1	442	1	442	0.0	842
MDC0405359.1	QIZ21470.1	94.479	489	27	0	1	489	1	489	0.0	989
MDC0405360.1	QIZ21469.1	95.076	264	13	0	1	264	1	264	0.0	523
MDC0405361.1	QIZ20537.1	82.423	421	74	0	10	430	13	433	0.0	662
MDC0405362.1	QIZ20537.1	65.820	433	148	0	1	433	1	433	0.0	534
MDC0405363.1	QIZ20538.1	95.604	91	4	0	1	91	1	91	3.35e-61	177
MDC0405364.1	QIZ20539.1	79.946	369	74	0	1	369	1	369	0.0	604
MDC0405367.1	QIZ20610.1	86.740	181	24	0	1	181	1	181	5.51e-117	325
MDC0405368.1	QIZ20611.1	59.494	79	31	1	1	78	1	79	1.78e-28	94.0
MDC0405369.1	QIZ20612.1	73.154	149	40	0	1	149	1	149	6.74e-74	213
MDC0405370.1	QIZ20613.1	75.415	301	74	0	1	301	1	301	6.37e-176	484
MDC0405371.1	QIZ20614.1	61.497	187	72	0	1	187	1	187	6.27e-81	234
MDC0405372.1	QIZ20617.1	80.247	81	16	0	1	81	1	81	1.08e-47	142
MDC0405373.1	QIZ20618.1	89.697	165	17	0	1	165	1	165	6.92e-102	285
MDC0405374.1	QIZ20619.1	60.092	218	87	0	1	218	1	218	7.65e-71	212
MDC0405375.1	QIZ20519.1	94.000	150	9	0	1	150	7	156	4.93e-108	300
MDC0405376.1	QIZ20518.1	97.092	619	18	0	1	619	1	619	0.0	1274
MDC0405377.1	QIZ20517.1	75.862	116	28	0	1	116	1	116	1.03e-63	185
MDC0405378.1	QIZ20516.1	94.074	270	16	0	1	270	1	270	2.27e-174	481
MDC0405379.1	QIZ20717.1	71.674	233	65	1	1	232	1	233	2.75e-114	332
MDC0405380.1	QIZ20718.1	52.414	145	69	0	1	145	1	145	2.76e-50	153
MDC0405381.1	QIZ20719.1	82.402	358	63	0	1	358	1	358	0.0	571
MDC0405382.1	QIZ20720.1	73.399	203	54	0	1	203	1	203	3.83e-107	302
MDC0405383.1	QIZ20721.1	75.248	202	50	0	1	202	100	301	4.82e-114	323
MDC0405384.1	QIZ20453.1	69.733	337	102	0	1	337	802	1138	4.58e-164	483
MDC0405386.1	QIZ20452.1	78.445	283	61	0	1	283	1	283	2.99e-162	448
MDC0405387.1	QIZ20451.1	79.235	183	38	0	1	183	1	183	5.82e-106	297
MDC0405388.1	QIZ20331.1	90.115	435	43	0	1	435	1	435	0.0	818
MDC0405389.1	QIZ20330.1	84.397	141	22	0	1	141	1	141	5.57e-88	248
MDC0405390.1	QIZ20329.1	87.324	213	27	0	1	213	1	213	7.14e-148	405
MDC0405391.1	QIZ20328.1	76.389	216	51	0	1	216	1	216	3.21e-125	353
MDC0405392.1	QIZ20495.1	86.786	280	35	1	1	278	1	280	0.0	518
MDC0405395.1	QIZ21369.1	79.630	108	22	0	1	108	1	108	8.80e-60	182
MDC0405396.1	QIZ21368.1	77.264	497	106	3	1	492	1	495	0.0	704
MDC0405397.1	QIZ21367.1	87.742	155	19	0	1	155	1	155	2.79e-104	291
MDC0405398.1	QIZ20605.1	32.527	372	207	9	33	390	50	391	4.70e-48	163
MDC0405399.1	QIZ20591.1	77.778	279	62	0	1	279	1	279	1.27e-165	456
MDC0405400.1	QIZ20592.1	93.117	247	17	0	1	247	1	247	5.26e-175	477
MDC0405401.1	QIZ20644.1	75.000	64	16	0	3	66	55	118	3.12e-31	101
MDC0405402.1	QIZ20643.1	73.000	100	27	0	36	135	33	132	2.47e-51	155
MDC0405403.1	QIZ20642.1	89.663	445	46	0	1	445	1	445	0.0	828
MDC0405404.1	QIZ20641.1	72.917	144	36	1	1	144	1	141	9.27e-72	207
MDC0405405.1	QIZ20640.1	77.444	133	30	0	1	133	13	145	2.17e-75	216
MDC0405406.1	QIZ20864.1	87.912	364	44	0	1	364	1	364	0.0	664
MDC0405407.1	QIZ20865.1	76.427	403	95	0	1	403	1	403	0.0	642
MDC0405408.1	QIZ21326.1	36.235	425	192	13	14	383	1174	1574	1.12e-67	227
MDC0405409.1	QIZ21328.1	61.475	244	93	1	8	250	8	251	3.00e-110	314
MDC0405410.1	QIZ20624.1	93.593	437	28	0	1	437	32	468	0.0	864
MDC0405412.1	QIZ20625.1	82.727	110	19	0	1	110	1	110	1.57e-67	194
MDC0405413.1	QIZ20626.1	80.952	84	15	1	1	84	16	98	7.60e-45	135
MDC0405414.1	QIZ21352.1	31.046	583	273	22	181	671	822	1367	2.35e-27	114
MDC0405414.1	QIZ21352.1	31.957	557	263	19	181	650	676	1203	7.75e-23	99.8
