MDC0544361.1	QIZ21234.1	79.487	78	16	0	20	97	535	612	2.76e-32	113
MDC0544362.1	QIZ21235.1	91.682	529	44	0	1	529	1	529	0.0	980
MDC0544363.1	QIZ21236.1	95.833	96	4	0	1	96	1	96	1.53e-63	183
MDC0544364.1	QIZ21237.1	72.059	272	76	0	1	272	1	272	2.07e-149	414
MDC0544365.1	QIZ21238.1	73.115	305	82	0	2	306	1	305	2.90e-165	457
MDC0544366.1	QIZ21239.1	82.743	904	156	0	1	904	1	904	0.0	1552
MDC0544367.1	QIZ21240.1	46.875	160	84	1	8	167	7	165	5.14e-43	136
MDC0544369.1	QIZ21242.1	59.947	377	149	1	8	382	3	379	1.24e-143	409
MDC0544370.1	QIZ21243.1	62.234	188	71	0	1	188	1	188	1.80e-75	220
MDC0544371.1	QIZ21244.1	64.200	419	150	0	1	419	1	419	0.0	580
MDC0544372.1	QIZ21245.1	83.333	60	10	0	1	60	1	60	1.69e-33	105
MDC0544373.1	QIZ21246.1	59.041	271	111	0	1	271	16	286	2.20e-115	328
MDC0544374.1	QIZ21247.1	57.325	314	134	0	2	315	1	314	5.96e-127	361
MDC0544375.1	QIZ21248.1	53.318	422	191	2	1	418	1	420	2.93e-145	416
MDC0544376.1	QIZ21249.1	71.799	578	163	0	12	589	1	578	0.0	865
MDC0544377.1	QIZ21250.1	72.727	286	78	0	1	286	1	286	9.88e-154	427
MDC0544378.1	QIZ21251.1	86.567	134	18	0	1	134	1	134	8.42e-87	244
MDC0544379.1	QIZ21252.1	55.108	323	145	0	1	323	1	323	3.40e-128	365
MDC0544380.1	QIZ21253.1	83.513	279	45	1	1	278	1	279	2.95e-175	480
MDC0544382.1	QIZ21254.1	84.615	78	12	0	1	78	1	78	3.34e-49	145
MDC0544383.1	QIZ21255.1	79.832	119	24	0	1	119	1	119	3.24e-70	202
MDC0544384.1	QIZ21256.1	86.364	220	30	0	1	220	1	220	9.84e-136	375
MDC0544385.1	QIZ21257.1	79.828	233	47	0	1	233	1	233	5.91e-136	377
MDC0544386.1	QIZ21258.1	82.963	270	46	0	1	270	1	270	7.29e-165	453
MDC0544387.1	QIZ21259.1	94.853	544	28	0	1	544	1	544	0.0	1003
MDC0544388.1	QIZ21260.1	85.809	303	43	0	1	303	1	303	0.0	536
MDC0544389.1	QIZ21262.1	84.091	176	28	0	1	176	1	176	1.21e-115	321
MDC0544390.1	QIZ21263.1	85.878	262	37	0	1	262	1	262	1.78e-166	457
MDC0544391.1	QIZ21264.1	67.281	217	71	0	1	217	1	217	9.06e-99	281
MDC0544392.1	QIZ21265.1	71.678	459	129	1	1	459	1	458	0.0	694
MDC0544393.1	QIZ21266.1	72.050	161	45	0	1	161	1	161	6.07e-92	260
MDC0544394.1	QIZ21267.1	73.759	141	37	0	1	141	1	141	4.41e-75	216
MDC0544395.1	QIZ21268.1	64.375	320	113	1	1	319	1	320	1.11e-145	409
MDC0544396.1	QIZ21269.1	75.478	314	77	0	1	314	1	314	0.0	501
MDC0544397.1	QIZ21270.1	59.164	311	127	0	1	311	1	311	2.57e-121	346
MDC0544398.1	QIZ21271.1	68.362	354	112	0	1	354	1	354	6.53e-177	491
MDC0544399.1	QIZ21272.1	60.424	283	112	0	1	283	1	283	2.65e-116	331
MDC0544400.1	QIZ21273.1	81.481	486	89	1	1	486	1	485	0.0	815
MDC0544401.1	QIZ21274.1	77.976	168	37	0	9	176	1	168	7.82e-91	258
MDC0544402.1	QIZ21275.1	76.536	179	42	0	1	179	1	179	3.78e-97	275
MDC0544403.1	QIZ21276.1	100.000	75	0	0	1	75	1	75	1.79e-46	138
MDC0544404.1	QIZ21277.1	92.213	244	19	0	1	244	1	244	1.85e-166	455
MDC0544405.1	QIZ21278.1	76.923	91	21	0	1	91	1	91	4.47e-48	144
MDC0544406.1	QIZ21279.1	83.197	857	144	0	1	857	1	857	0.0	1451
MDC0544407.1	QIZ21280.1	67.614	176	57	0	17	192	21	196	1.03e-88	254
MDC0544408.1	QIZ21281.1	72.222	162	45	0	1	162	1	162	2.38e-77	223
MDC0544409.1	QIZ21282.1	63.323	319	117	0	6	324	6	324	6.22e-149	417
MDC0544410.1	QIZ21283.1	54.688	384	172	2	1	383	1	383	4.17e-143	407
MDC0544411.1	QIZ21284.1	89.326	356	38	0	1	356	1	356	0.0	665
MDC0544412.1	QIZ21285.1	79.235	183	38	0	1	183	1	183	2.88e-103	291
MDC0544413.1	QIZ21286.1	65.021	243	81	1	1	239	1	243	9.77e-107	304
MDC0544414.1	QIZ21287.1	59.598	547	220	1	16	561	15	561	0.0	653
MDC0544415.1	QIZ21288.1	55.516	281	125	0	1	281	1	281	2.99e-100	290
MDC0544416.1	QIZ21289.1	63.033	422	156	0	1	422	1	422	0.0	556
MDC0544417.1	QIZ21290.1	86.709	158	21	0	1	158	1	158	1.23e-99	279
MDC0544418.1	QIZ21291.1	76.642	274	64	0	1	274	1	274	3.99e-159	439
MDC0544419.1	QIZ21292.1	75.342	146	36	0	8	153	3	148	3.90e-82	234
MDC0544420.1	QIZ21293.1	88.166	169	20	0	1	169	1	169	4.31e-107	299
MDC0544421.1	QIZ21294.1	94.272	419	24	0	1	419	1	419	0.0	786
MDC0544422.1	QIZ21295.1	80.769	260	48	2	1	259	1	259	7.28e-150	414
MDC0544423.1	QIZ21296.1	88.515	357	41	0	1	357	1	357	0.0	661
MDC0544424.1	QIZ21297.1	81.081	185	35	0	1	185	1	185	7.18e-112	312
MDC0544425.1	QIZ21298.1	72.768	224	55	2	1	222	1	220	4.69e-105	299
MDC0544426.1	QIZ21299.1	93.226	310	21	0	1	310	1	310	0.0	559
MDC0544427.1	QIZ21300.1	61.660	253	95	2	1	251	1	253	3.87e-88	258
MDC0544428.1	QIZ21301.1	54.598	348	156	2	1	347	1	347	8.80e-126	360
MDC0544429.1	QIZ21302.1	66.929	254	84	0	1	254	1	254	1.19e-123	348
MDC0544430.1	QIZ21303.1	71.429	70	20	0	1	70	1	70	3.29e-30	98.2
MDC0544431.1	QIZ21304.1	66.970	439	145	0	1	439	1	439	0.0	625
MDC0544432.1	QIZ21305.1	79.111	225	47	0	1	225	1	225	4.88e-129	359
MDC0544433.1	QIZ21306.1	80.556	144	28	0	1	144	1	144	1.07e-82	235
MDC0544434.1	QIZ21307.1	88.966	290	32	0	1	290	1	290	0.0	559
MDC0544435.1	QIZ21308.1	89.637	193	20	0	1	193	1	193	1.92e-128	355
MDC0544436.1	QIZ21309.1	90.344	611	59	0	1	611	1	611	0.0	1152
MDC0544437.1	QIZ21310.1	90.071	141	14	0	1	141	1	141	3.59e-87	246
MDC0544438.1	QIZ21312.1	78.800	250	53	0	1	250	1	250	3.67e-144	399
MDC0544439.1	QIZ21313.1	91.725	713	59	0	1	713	1	713	0.0	1365
MDC0544440.1	QIZ21314.1	94.236	399	23	0	1	399	1	399	0.0	780
MDC0544441.1	QIZ21249.1	31.332	533	341	11	65	586	57	575	2.41e-75	246
MDC0544442.1	QIZ21316.1	77.982	218	48	0	1	218	1	218	7.42e-120	335
MDC0544444.1	QIZ21317.1	97.134	314	9	0	1	314	1	314	0.0	634
MDC0544445.1	QIZ21318.1	80.255	314	62	0	1	314	1	314	0.0	531
MDC0544446.1	QIZ21319.1	93.151	219	15	0	1	219	1	219	6.04e-158	432
MDC0544447.1	QIZ21358.1	82.621	351	61	0	1	351	1	351	0.0	590
MDC0544449.1	QIZ21359.1	88.734	1074	121	0	1	1074	1	1074	0.0	1966
MDC0544450.1	QIZ21360.1	87.619	105	13	0	1	105	281	385	7.19e-67	202
MDC0544452.1	QIZ20218.1	32.620	374	232	12	18	379	12	377	1.55e-55	183
MDC0544455.1	QIZ20679.1	81.333	75	14	0	1	75	1	75	2.59e-43	130
MDC0544456.1	QIZ20680.1	78.674	347	74	0	1	347	1	347	0.0	592
MDC0544457.1	QIZ20681.1	94.823	367	19	0	5	371	4	370	0.0	740
MDC0544458.1	QIZ20682.1	88.395	405	47	0	1	405	1	405	0.0	761
MDC0544459.1	QIZ20683.1	77.409	301	68	0	1	301	1	301	5.62e-167	461
MDC0544460.1	QIZ20684.1	63.923	413	146	1	1	413	1	410	4.65e-179	501
MDC0544461.1	QIZ20685.1	55.612	196	86	1	1	195	1	196	5.12e-77	225
MDC0544462.1	QIZ20686.1	60.294	136	50	1	1	132	1	136	8.99e-55	164
MDC0544463.1	QIZ20687.1	60.897	156	61	0	1	156	1	156	2.27e-58	175
MDC0544464.1	QIZ20689.1	64.493	276	98	0	1	276	1	276	1.58e-136	382
MDC0544465.1	QIZ20690.1	85.145	552	81	1	1	551	1	552	0.0	962
MDC0544466.1	QIZ20691.1	90.239	922	90	0	1	922	1	922	0.0	1779
MDC0544467.1	QIZ20692.1	66.250	480	161	1	4	482	12	491	0.0	676
MDC0544468.1	QIZ20694.1	92.371	367	28	0	1	367	1	367	0.0	695
MDC0544469.1	QIZ20695.1	72.263	137	38	0	2	138	19	155	2.31e-55	166
MDC0544470.1	QIZ20696.1	58.537	246	102	0	3	248	4	249	3.98e-104	298
MDC0544471.1	QIZ20697.1	64.835	182	64	0	1	182	1	182	9.61e-86	246
MDC0544472.1	QIZ20698.1	73.469	392	104	0	1	392	1	392	0.0	593
MDC0544474.1	QIZ20699.1	70.773	414	121	0	1	414	1	414	0.0	606
MDC0544475.1	QIZ20700.1	86.450	952	129	0	1	952	1	952	0.0	1716
MDC0544476.1	QIZ20701.1	84.127	126	20	0	1	126	1	126	1.72e-79	226
MDC0544477.1	QIZ20702.1	68.937	367	114	0	1	367	1	367	0.0	525
MDC0544478.1	QIZ20703.1	75.085	293	69	1	1	289	1	293	3.93e-152	423
MDC0544479.1	QIZ20704.1	55.556	315	138	2	1	313	1	315	6.69e-124	353
MDC0544480.1	QIZ20705.1	64.474	228	77	1	1	224	1	228	1.09e-106	302
MDC0544481.1	QIZ20706.1	80.469	256	50	0	1	256	9	264	3.85e-157	433
MDC0544482.1	QIZ20707.1	73.780	164	38	2	3	162	1	163	3.88e-82	235
MDC0544483.1	QIZ20714.1	87.255	204	26	0	1	204	1	204	1.51e-122	341
MDC0544484.1	QIZ20715.1	68.872	257	80	0	1	257	1	257	5.88e-130	364
MDC0544485.1	QIZ20716.1	82.014	139	25	0	1	139	1	139	6.88e-89	250
MDC0544486.1	QIZ20717.1	80.614	521	100	1	1	520	1	521	0.0	857
MDC0544487.1	QIZ20718.1	54.483	145	66	0	1	145	1	145	1.80e-53	161
MDC0544488.1	QIZ20719.1	84.078	358	57	0	1	358	1	358	0.0	578
MDC0544489.1	QIZ20720.1	73.892	203	53	0	1	203	1	203	1.68e-106	300
MDC0544490.1	QIZ20721.1	75.415	301	74	0	1	301	1	301	4.73e-175	482
MDC0544491.1	QIZ20722.1	67.164	268	87	1	1	268	1	267	6.44e-128	360
MDC0544492.1	QIZ20723.1	73.023	215	58	0	1	215	1	215	1.05e-121	340
MDC0544493.1	QIZ20724.1	88.614	404	46	0	1	404	1	404	0.0	768
MDC0544494.1	QIZ20725.1	76.464	888	209	0	1	888	1	888	0.0	1421
MDC0544495.1	QIZ20726.1	93.963	381	23	0	1	381	1	381	0.0	734
MDC0544496.1	QIZ20727.1	55.904	415	181	2	18	430	18	432	5.39e-156	444
MDC0544497.1	QIZ20728.1	67.857	308	99	0	1	308	1	308	3.06e-150	419
MDC0544498.1	QIZ20729.1	84.167	120	19	0	1	120	1	120	3.74e-77	219
MDC0544499.1	QIZ20575.1	86.207	116	16	0	1	116	1	116	8.02e-77	218
MDC0544500.1	QIZ20731.1	80.916	131	25	0	1	131	1	131	1.71e-80	228
MDC0544501.1	QIZ20732.1	81.840	424	77	0	1	424	1	424	0.0	727
MDC0544506.1	QIZ20588.1	35.185	216	139	1	67	281	65	280	2.67e-46	152
MDC0544508.1	QIZ20203.1	31.767	447	275	9	1	430	1	434	1.78e-62	204
MDC0544512.1	QIZ20733.1	54.828	290	131	0	1	290	1	290	3.37e-109	314
MDC0544517.1	QIZ20805.1	38.293	410	212	7	192	586	1	384	3.43e-83	262
MDC0544520.1	QIZ20511.1	96.622	592	20	0	1	592	1	592	0.0	1189
MDC0544521.1	QIZ20512.1	87.234	94	12	0	1	94	1	94	1.08e-56	166
MDC0544522.1	QIZ20513.1	96.392	388	14	0	1	388	1	388	0.0	783
MDC0544523.1	QIZ20514.1	64.804	358	124	2	1	356	1	358	1.78e-160	449
MDC0544524.1	QIZ20516.1	86.351	359	49	0	1	359	1	359	0.0	575
MDC0544525.1	QIZ20517.1	75.000	116	29	0	1	116	1	116	7.04e-64	185
MDC0544526.1	QIZ20518.1	96.931	619	19	0	1	619	1	619	0.0	1274
MDC0544527.1	QIZ20519.1	94.231	156	9	0	1	156	1	156	8.03e-113	312
MDC0544528.1	QIZ20520.1	72.348	264	73	0	1	264	1	264	2.17e-151	419
MDC0544529.1	QIZ20521.1	80.303	132	26	0	1	132	1	132	1.20e-80	229
MDC0544530.1	QIZ20522.1	63.137	255	94	0	1	255	1	255	3.74e-115	326
MDC0544531.1	QIZ20523.1	73.514	185	49	0	1	185	1	185	8.85e-88	251
MDC0544532.1	QIZ20524.1	69.251	387	119	0	1	387	1	387	0.0	520
MDC0544533.1	QIZ20525.1	86.700	406	54	0	1	406	1	406	0.0	696
MDC0544534.1	QIZ20526.1	81.586	391	72	0	1	391	1	391	0.0	687
MDC0544535.1	QIZ20527.1	75.881	369	87	2	4	371	3	370	0.0	570
MDC0544536.1	QIZ20528.1	86.275	51	7	0	1	51	13	63	1.72e-27	89.7
MDC0544537.1	QIZ20529.1	62.948	251	92	1	4	254	7	256	1.66e-109	312
MDC0544539.1	QIZ20530.1	73.913	184	48	0	4	187	1	184	2.03e-104	293
MDC0544540.1	QIZ20531.1	64.968	157	55	0	1	157	1	157	5.60e-73	212
MDC0544541.1	QIZ20532.1	57.592	191	79	1	1	191	1	189	5.78e-77	224
MDC0544542.1	QIZ20533.1	62.992	127	47	0	1	127	1	127	3.16e-57	169
MDC0544544.1	QIZ20536.1	79.605	152	31	0	3	154	2	153	1.15e-66	196
MDC0544545.1	QIZ20537.1	79.677	433	85	1	1	430	1	433	0.0	655
MDC0544546.1	QIZ20537.1	65.589	433	149	0	1	433	1	433	0.0	529
MDC0544547.1	QIZ20538.1	95.604	91	4	0	1	91	1	91	1.81e-61	177
MDC0544548.1	QIZ20539.1	79.946	369	74	0	1	369	1	369	0.0	607
MDC0544550.1	QIZ21315.1	77.181	149	34	0	1	149	1	149	7.00e-90	254
MDC0544551.1	QIZ20217.1	84.375	448	69	1	1	448	1	447	0.0	792
MDC0544554.1	QIZ20674.1	74.300	393	101	0	1	393	1	393	0.0	615
MDC0544555.1	QIZ20210.1	86.330	534	73	0	8	541	3	536	0.0	917
MDC0544556.1	QIZ21225.1	45.283	159	85	2	6	163	23	180	2.22e-45	143
MDC0544559.1	QIZ20416.1	32.035	231	148	4	6	235	5	227	7.38e-31	110
MDC0544560.1	QIZ20594.1	76.285	253	60	0	1	253	1	253	1.30e-141	393
MDC0544562.1	QIZ20834.1	28.448	348	217	8	9	342	1	330	2.98e-29	110
MDC0544564.1	QIZ20513.1	27.919	394	257	8	105	492	7	379	1.98e-36	134
MDC0544565.1	QIZ20593.1	80.169	590	117	0	5	594	2	591	0.0	1009
MDC0544566.1	QIZ21125.1	46.926	309	160	1	4	312	3	307	7.66e-96	282
MDC0544569.1	QIZ20487.1	34.625	413	262	5	20	427	21	430	7.89e-72	229
MDC0544570.1	QIZ20589.1	70.242	289	86	0	1	289	1	289	6.59e-152	422
MDC0544571.1	QIZ20592.1	91.498	247	21	0	1	247	1	247	2.98e-173	473
MDC0544572.1	QIZ20591.1	77.419	279	63	0	1	279	1	279	3.11e-166	457
MDC0544573.1	QIZ20605.1	32.190	379	213	9	26	390	43	391	6.05e-49	166
MDC0544574.1	QIZ20590.1	65.052	289	101	0	4	292	3	291	1.10e-115	331
MDC0544576.1	QIZ20587.1	75.745	235	57	0	1	235	1	235	3.86e-125	350
MDC0544577.1	QIZ20586.1	89.062	192	21	0	1	192	1	192	2.20e-128	355
MDC0544578.1	QIZ21150.1	31.653	357	210	13	1	337	4	346	2.04e-41	144
MDC0544579.1	QIZ20213.1	61.842	152	58	0	18	169	26	177	6.48e-63	187
MDC0544580.1	QIZ20211.1	70.833	96	28	0	1	96	1	96	3.54e-48	144
MDC0544581.1	QIZ20542.1	45.896	268	145	0	3	270	2	269	6.42e-72	226
MDC0544582.1	QIZ20542.1	47.059	153	80	1	4	155	327	479	6.64e-40	136
MDC0544583.1	QIZ21534.1	74.545	110	28	0	13	122	13	122	2.67e-59	174
MDC0544584.1	QIZ20541.1	76.512	281	66	0	1	281	1	281	3.10e-162	449
MDC0544588.1	QIZ21593.1	85.260	346	51	0	1	346	1	346	0.0	596
MDC0544589.1	QIZ20180.1	93.640	283	18	0	1	283	1	283	0.0	540
MDC0544590.1	QIZ20181.1	91.739	230	19	0	1	230	1	230	2.36e-154	423
MDC0544591.1	QIZ20182.1	86.607	224	30	0	1	224	1	224	1.45e-144	398
MDC0544592.1	QIZ20608.1	27.106	273	181	7	3	260	5	274	3.77e-22	88.6
MDC0544593.1	QIZ20183.1	86.822	129	17	0	1	129	1	129	9.37e-77	219
MDC0544594.1	QIZ20184.1	70.779	308	90	0	1	308	1	308	8.27e-159	441
MDC0544595.1	QIZ20185.1	82.319	345	61	0	3	347	10	354	0.0	510
MDC0544596.1	QIZ20186.1	70.455	220	65	0	1	220	1	220	3.60e-112	317
MDC0544597.1	QIZ20187.1	89.571	326	34	0	1	326	1	326	0.0	572
MDC0544598.1	QIZ20188.1	89.103	156	17	0	1	156	1	156	6.74e-100	280
MDC0544599.1	QIZ20189.1	94.790	499	26	0	1	499	1	499	0.0	921
MDC0544600.1	QIZ21214.1	37.405	262	157	4	29	286	29	287	1.96e-41	140
MDC0544601.1	QIZ20355.1	33.929	280	175	3	11	285	3	277	1.02e-36	128
MDC0544602.1	QIZ20190.1	80.833	360	69	0	1	360	1	360	0.0	604
MDC0544603.1	QIZ20191.1	72.376	181	50	0	1	181	1	181	2.07e-102	288
MDC0544604.1	QIZ20192.1	81.437	167	31	0	1	167	1	167	1.62e-102	287
MDC0544605.1	QIZ20599.1	42.140	299	167	2	5	302	1	294	9.24e-77	232
MDC0544607.1	QIZ20195.1	84.942	259	39	0	1	259	1	259	1.76e-165	454
MDC0544608.1	QIZ20675.1	60.294	68	27	0	1	68	1	68	2.45e-23	79.7
MDC0544609.1	QIZ20196.1	82.564	195	34	0	7	201	5	199	4.46e-126	349
MDC0544610.1	QIZ20197.1	70.242	289	86	0	1	289	1	289	5.00e-159	440
MDC0544611.1	QIZ20198.1	69.367	395	120	1	1	394	5	399	0.0	507
MDC0544612.1	QIZ20199.1	76.364	165	39	0	1	165	1	165	1.21e-88	253
MDC0544613.1	QIZ20204.1	54.651	86	39	0	1	86	235	320	9.04e-32	108
MDC0544614.1	QIZ21202.1	67.290	107	27	1	1	99	34	140	1.87e-42	140
MDC0544615.1	QIZ21201.1	91.489	235	20	0	1	235	1	235	1.80e-159	437
MDC0544616.1	QIZ21200.1	85.606	924	133	0	1	924	1	924	0.0	1622
MDC0544617.1	QIZ21198.1	63.388	183	67	0	1	183	1	183	2.46e-82	237
MDC0544618.1	QIZ21197.1	90.055	181	18	0	7	187	7	187	1.74e-120	334
MDC0544619.1	QIZ21196.1	81.472	394	71	1	1	394	1	392	0.0	673
MDC0544620.1	QIZ21195.1	90.202	347	34	0	1	347	1	347	0.0	639
MDC0544621.1	QIZ21194.1	93.814	291	18	0	1	291	1	291	0.0	538
MDC0544622.1	QIZ21193.1	80.000	180	36	0	1	180	1	180	4.75e-102	287
MDC0544623.1	QIZ21192.1	86.598	97	13	0	1	97	1	97	4.60e-49	147
MDC0544624.1	QIZ21191.1	69.741	347	105	0	1	347	1	347	7.31e-179	495
MDC0544625.1	QIZ21190.1	85.000	520	78	0	1	520	6	525	0.0	911
MDC0544626.1	QIZ21189.1	79.626	481	96	1	1	479	1	481	0.0	732
MDC0544627.1	QIZ21188.1	89.083	458	50	0	1	458	1	458	0.0	772
MDC0544628.1	QIZ21187.1	68.145	248	79	0	1	248	1	248	1.29e-115	327
MDC0544629.1	QIZ21186.1	70.470	298	88	0	1	298	1	298	5.10e-153	426
MDC0544630.1	QIZ21185.1	69.167	360	111	0	1	360	1	360	0.0	530
MDC0544631.1	QIZ21184.1	76.216	370	88	0	1	370	1	370	0.0	610
MDC0544632.1	QIZ21183.1	74.619	197	50	0	1	197	1	197	4.73e-108	303
MDC0544633.1	QIZ21182.1	70.711	239	70	0	5	243	1	239	1.94e-128	358
MDC0544634.1	QIZ21181.1	79.851	134	24	1	1	131	1	134	1.11e-76	219
MDC0544635.1	QIZ21180.1	94.048	84	5	0	1	84	1	84	7.25e-54	157
MDC0544636.1	QIZ21179.1	77.064	327	75	0	1	327	1	327	0.0	506
MDC0544637.1	QIZ21178.1	75.272	368	91	0	1	368	1	368	0.0	563
MDC0544638.1	QIZ21177.1	79.327	416	86	0	1	416	1	416	0.0	651
MDC0544641.1	QIZ20884.1	70.323	310	91	1	12	320	13	322	1.15e-157	439
MDC0544642.1	QIZ20883.1	84.236	203	32	0	1	203	1	203	9.18e-132	364
MDC0544643.1	QIZ20882.1	76.341	317	75	0	1	317	1	317	0.0	521
MDC0544644.1	QIZ20881.1	81.325	166	29	2	1	164	1	166	1.65e-97	274
MDC0544645.1	QIZ20879.1	82.552	384	67	0	1	384	1	384	0.0	628
MDC0544646.1	QIZ20878.1	78.317	309	67	0	1	309	1	309	0.0	497
MDC0544647.1	QIZ20877.1	73.743	179	47	0	1	179	11	189	9.23e-101	284
MDC0544648.1	QIZ20876.1	67.213	244	78	1	2	243	3	246	5.03e-111	315
MDC0544649.1	QIZ20875.1	81.159	276	52	0	1	276	1	276	2.79e-171	470
MDC0544650.1	QIZ20874.1	72.679	560	143	4	1	553	1	557	0.0	790
MDC0544651.1	QIZ20873.1	82.857	105	18	0	1	105	1	105	3.41e-60	175
MDC0544652.1	QIZ20872.1	86.207	203	28	0	1	203	1	203	4.41e-129	357
MDC0544653.1	QIZ20871.1	78.082	730	150	2	1	720	4	733	0.0	1187
MDC0544654.1	QIZ20870.1	78.919	370	70	3	2	365	1	368	0.0	593
MDC0544655.1	QIZ20869.1	66.154	195	63	1	3	194	654	848	4.02e-82	256
MDC0544656.1	QIZ20869.1	81.832	655	119	0	1	655	1	655	0.0	1099
MDC0544657.1	QIZ20868.1	68.822	433	135	0	1	433	1	433	0.0	617
MDC0544658.1	QIZ20867.1	62.069	145	50	2	1	142	1	143	1.64e-53	161
MDC0544659.1	QIZ20866.1	71.548	239	68	0	1	239	1	239	6.09e-128	357
MDC0544660.1	QIZ20865.1	72.535	284	78	0	1	284	1	284	2.47e-155	435
MDC0544663.1	QIZ21448.1	61.975	476	180	1	1	475	1	476	0.0	592
MDC0544664.1	QIZ20490.1	28.623	276	176	3	3	264	5	273	8.31e-31	113
MDC0544665.1	QIZ21438.1	65.560	241	83	0	5	245	5	245	5.46e-119	335
MDC0544666.1	QIZ21439.1	82.990	388	66	0	10	397	1	388	0.0	686
MDC0544667.1	QIZ21440.1	87.465	359	45	0	3	361	4	362	0.0	660
MDC0544668.1	QIZ21441.1	92.798	361	26	0	13	373	13	373	0.0	698
MDC0544669.1	QIZ21442.1	87.470	415	52	0	1	415	1	415	0.0	750
MDC0544670.1	QIZ21443.1	93.310	284	19	0	1	284	1	284	0.0	508
MDC0544671.1	QIZ21307.1	64.931	288	101	0	4	291	2	289	1.79e-148	414
MDC0544672.1	QIZ20975.1	36.224	392	218	6	5	371	9	393	9.19e-69	217
MDC0544673.1	QIZ21154.1	45.889	377	194	4	3	379	2	368	2.56e-123	356
MDC0544675.1	QIZ21401.1	24.535	538	367	14	8	530	7	520	2.89e-35	135
MDC0544676.1	QIZ21121.1	31.733	375	245	4	8	372	4	377	5.78e-64	205
MDC0544680.1	QIZ20494.1	71.371	248	67	3	1	244	1	248	1.38e-130	365
MDC0544681.1	QIZ20493.1	56.716	134	48	1	5	138	11	134	2.29e-49	150
MDC0544682.1	QIZ20492.1	88.372	258	30	0	1	258	1	258	3.19e-171	468
MDC0544683.1	QIZ20491.1	83.420	193	32	0	1	193	1	193	3.88e-116	335
MDC0544685.1	QIZ20491.1	91.636	275	23	0	1	275	231	505	0.0	531
MDC0544686.1	QIZ20490.1	84.967	306	46	0	1	306	1	306	0.0	546
MDC0544687.1	QIZ20489.1	88.166	338	40	0	1	338	1	338	0.0	630
MDC0544688.1	QIZ20488.1	83.562	219	35	1	1	218	1	219	1.10e-124	347
MDC0544689.1	QIZ20487.1	88.209	441	52	0	1	441	1	441	0.0	744
MDC0544690.1	QIZ20486.1	76.216	185	44	0	2	186	112	296	1.89e-102	293
MDC0544691.1	QIZ20486.1	73.950	119	31	0	2	120	1	119	9.82e-60	181
MDC0544692.1	QIZ20485.1	64.330	485	173	0	1	485	1	485	0.0	607
MDC0544695.1	QIZ20483.1	73.000	100	27	0	1	100	115	214	2.17e-51	156
MDC0544697.1	QIZ20482.1	73.571	140	37	0	1	140	1	140	8.93e-77	220
MDC0544698.1	QIZ20481.1	71.111	225	65	0	1	225	1	225	1.23e-118	333
MDC0544699.1	QIZ20480.1	59.172	169	69	0	13	181	13	181	2.42e-69	204
MDC0544702.1	QIZ20555.1	41.509	265	151	3	57	321	236	496	6.45e-58	191
MDC0544703.1	QIZ20556.1	46.291	337	177	2	2	334	3	339	6.91e-109	317
MDC0544704.1	QIZ20592.1	33.992	253	151	6	6	256	5	243	1.11e-41	139
MDC0544706.1	QIZ21184.1	27.353	340	209	10	12	320	16	348	2.98e-29	111
MDC0544707.1	QIZ21460.1	31.155	459	280	12	25	470	4	439	1.49e-55	187
MDC0544710.1	QIZ21506.1	32.637	383	227	11	5	362	17	393	2.90e-61	198
MDC0544715.1	QIZ20451.1	77.596	183	41	0	1	183	1	183	3.63e-104	293
MDC0544716.1	QIZ20452.1	77.739	283	63	0	1	283	1	283	2.89e-162	448
MDC0544718.1	QIZ20453.1	78.471	1138	245	0	1	1138	1	1138	0.0	1862
MDC0544719.1	QIZ20454.1	63.556	225	82	0	1	225	1	225	4.11e-105	298
MDC0544720.1	QIZ20455.1	73.479	411	108	1	1	411	1	410	0.0	577
MDC0544721.1	QIZ20456.1	80.631	444	86	0	1	444	1	444	0.0	748
MDC0544722.1	QIZ20457.1	86.250	80	11	0	1	80	1	80	5.60e-39	120
MDC0544723.1	QIZ20458.1	87.477	551	69	0	1	551	1	551	0.0	1015
MDC0544724.1	QIZ20459.1	66.822	214	71	0	1	214	35	248	1.73e-93	269
MDC0544725.1	QIZ21400.1	57.143	98	42	0	1	98	202	299	2.87e-32	110
MDC0544726.1	QIZ21401.1	92.687	588	43	0	1	588	1	588	0.0	1106
MDC0544727.1	QIZ21402.1	87.912	182	22	0	1	182	1	182	3.58e-118	328
MDC0544728.1	QIZ21403.1	85.294	340	49	1	1	340	1	339	0.0	608
MDC0544732.1	QIZ20556.1	36.885	244	139	6	318	556	40	273	4.28e-42	150
MDC0544732.1	QIZ20556.1	32.549	255	150	6	19	270	41	276	2.68e-34	128
MDC0544733.1	QIZ21404.1	83.976	493	76	2	1	493	1	490	0.0	860
MDC0544734.1	QIZ20897.1	58.879	107	41	2	1	105	1	106	5.82e-41	127
MDC0544735.1	QIZ20896.1	48.357	426	212	7	1	422	1	422	5.99e-137	395
MDC0544736.1	QIZ20895.1	73.701	308	81	0	1	308	1	308	0.0	499
MDC0544737.1	QIZ20894.1	82.576	264	46	0	2	265	1	264	4.80e-152	421
MDC0544738.1	QIZ20893.1	86.275	408	56	0	1	408	1	408	0.0	743
MDC0544739.1	QIZ20892.1	69.951	203	61	0	1	203	1	203	5.23e-102	289
MDC0544740.1	QIZ20891.1	83.478	230	38	0	1	230	1	230	1.20e-141	391
MDC0544741.1	QIZ20890.1	91.579	95	8	0	1	95	1	95	1.13e-61	178
MDC0544742.1	QIZ20889.1	83.681	576	93	1	1	575	1	576	0.0	992
MDC0544743.1	QIZ20888.1	70.588	204	60	0	13	216	12	215	1.82e-99	283
MDC0544744.1	QIZ20887.1	66.268	418	141	0	20	437	20	437	0.0	522
MDC0544745.1	QIZ20886.1	77.273	220	50	0	1	220	39	258	6.21e-125	350
MDC0544746.1	QIZ21234.1	87.059	425	49	1	1	419	1	425	0.0	751
MDC0544747.1	QIZ21233.1	95.364	604	28	0	1	604	1	604	0.0	1190
MDC0544748.1	QIZ21232.1	63.721	215	78	0	1	215	1	215	5.55e-91	262
MDC0544749.1	QIZ21231.1	78.761	226	48	0	1	226	1	226	6.44e-136	376
MDC0544750.1	QIZ21230.1	70.717	321	94	0	1	321	1	321	5.37e-164	456
MDC0544751.1	QIZ21229.1	71.526	439	124	1	1	438	1	439	0.0	608
MDC0544752.1	QIZ21228.1	83.404	470	78	0	1	470	1	470	0.0	827
MDC0544753.1	QIZ21010.1	96.232	690	26	0	1	690	1	690	0.0	1350
MDC0544755.1	QIZ21008.1	92.337	261	20	0	1	261	1	261	0.0	506
MDC0544756.1	QIZ21007.1	96.278	403	15	0	1	403	1	403	0.0	810
MDC0544757.1	QIZ21006.1	87.952	166	20	0	1	166	1	166	1.72e-110	307
MDC0544758.1	QIZ21005.1	77.778	135	30	0	7	141	7	141	1.07e-76	220
MDC0544759.1	QIZ21004.1	96.350	137	5	0	1	137	1	137	6.15e-97	271
MDC0544760.1	QIZ21003.1	88.262	443	52	0	1	443	1	443	0.0	829
MDC0544761.1	QIZ21002.1	72.959	196	53	0	1	196	1	196	1.47e-111	312
MDC0544765.1	QIZ20416.1	32.273	220	139	5	8	225	5	216	1.13e-31	112
MDC0544770.1	QIZ21109.1	29.179	329	197	11	13	312	1	322	1.92e-24	97.8
MDC0544771.1	QIZ20605.1	88.274	307	36	0	1	307	85	391	0.0	560
MDC0544775.1	QIZ20715.1	33.486	218	128	5	42	255	52	256	4.09e-26	99.0
MDC0544777.1	QIZ20606.1	78.706	479	102	0	1	479	1	479	0.0	805
MDC0544778.1	QIZ20511.1	23.978	538	348	15	64	569	49	557	4.03e-26	108
MDC0544780.1	QIZ20467.1	94.737	304	16	0	1	304	29	332	0.0	585
MDC0544781.1	QIZ20466.1	90.062	161	16	0	1	161	1	161	1.73e-110	307
MDC0544782.1	QIZ20465.1	80.476	210	41	0	1	210	1	210	1.35e-124	347
MDC0544783.1	QIZ20464.1	85.437	103	15	0	1	103	1	103	6.31e-50	149
MDC0544784.1	QIZ20463.1	83.830	637	103	0	1	637	1	637	0.0	1089
MDC0544785.1	QIZ20462.1	84.694	490	73	1	1	490	1	488	0.0	844
MDC0544786.1	QIZ20461.1	77.966	472	103	1	1	472	1	471	0.0	707
MDC0544787.1	QIZ20460.1	61.224	98	38	0	1	98	1	98	3.13e-38	122
MDC0544789.1	QIZ20734.1	70.760	171	35	1	3	173	25	180	3.44e-84	241
MDC0544793.1	QIZ20736.1	75.362	207	51	0	1	207	1	207	2.17e-120	336
MDC0544794.1	QIZ20737.1	73.077	338	91	0	1	338	1	338	0.0	514
MDC0544795.1	QIZ20738.1	81.132	106	20	0	1	106	1	106	1.04e-63	184
MDC0544797.1	QIZ21080.1	81.928	166	30	0	1	166	1	166	4.57e-96	273
MDC0544798.1	QIZ21081.1	95.763	118	5	0	1	118	1	118	1.59e-81	230
MDC0544799.1	QIZ21082.1	97.342	602	16	0	1	602	1	602	0.0	1179
MDC0544800.1	QIZ21083.1	95.294	85	4	0	1	85	1	85	1.64e-58	169
MDC0544801.1	QIZ21084.1	86.473	207	28	0	1	207	1	207	3.72e-133	368
MDC0544802.1	QIZ21085.1	89.587	605	63	0	1	605	76	680	0.0	1133
MDC0544803.1	QIZ20970.1	86.486	444	60	0	1	444	36	479	0.0	782
MDC0544804.1	QIZ20969.1	82.801	1378	237	0	1	1378	1	1378	0.0	2407
MDC0544805.1	QIZ21411.1	45.161	279	153	0	1	279	2	280	7.70e-90	265
MDC0544806.1	QIZ21410.1	85.922	412	58	0	1	412	1	412	0.0	748
MDC0544807.1	QIZ21409.1	68.817	372	116	0	3	374	2	373	3.66e-179	498
MDC0544808.1	QIZ21408.1	65.136	588	185	3	1	568	67	654	0.0	805
MDC0544809.1	QIZ21436.1	93.007	143	10	0	1	143	53	195	3.75e-98	276
MDC0544810.1	QIZ21435.1	49.398	249	120	3	12	257	14	259	3.23e-84	248
MDC0544811.1	QIZ21434.1	76.423	492	116	0	1	492	1	492	0.0	804
MDC0544812.1	QIZ21433.1	58.596	285	118	0	1	285	1	285	8.01e-115	328
MDC0544813.1	QIZ21432.1	89.610	385	39	1	1	384	1	385	0.0	664
MDC0544814.1	QIZ20383.1	80.000	150	30	0	1	150	35	184	5.38e-90	255
MDC0544815.1	QIZ20382.1	81.351	370	69	0	1	370	1	370	0.0	642
MDC0544816.1	QIZ20381.1	77.818	275	61	0	1	275	1	275	1.34e-167	461
MDC0544817.1	QIZ20380.1	69.898	196	59	0	6	201	5	200	1.67e-95	272
MDC0544818.1	QIZ20379.1	74.292	459	118	0	1	459	225	683	0.0	675
MDC0544819.1	QIZ21431.1	80.711	197	38	0	1	197	1	197	1.80e-111	314
MDC0544820.1	QIZ21429.1	91.196	443	39	0	14	456	1	443	0.0	793
MDC0544821.1	QIZ21428.1	97.024	336	10	0	1	336	1	336	0.0	650
MDC0544822.1	QIZ21427.1	92.766	235	17	0	1	235	1	235	4.85e-155	426
MDC0544823.1	QIZ21426.1	94.574	129	7	0	1	129	136	264	1.37e-86	249
MDC0544824.1	QIZ20495.1	86.596	470	63	0	1	470	62	531	0.0	876
MDC0544825.1	QIZ20496.1	90.769	195	18	0	1	195	1	195	4.21e-116	324
MDC0544826.1	QIZ20497.1	90.079	252	25	0	1	252	1	252	1.32e-157	433
MDC0544827.1	QIZ20498.1	62.172	267	96	2	1	266	1	263	5.70e-111	317
MDC0544829.1	QIZ20355.1	67.176	262	86	0	1	262	1	262	4.06e-123	348
MDC0544830.1	QIZ20354.1	71.906	299	83	1	1	298	1	299	1.64e-157	437
MDC0544831.1	QIZ20353.1	86.279	430	59	0	1	430	1	430	0.0	708
MDC0544832.1	QIZ20352.1	53.521	71	33	0	5	75	4	74	1.88e-24	82.8
MDC0544833.1	QIZ20351.1	73.661	224	59	0	1	224	110	333	3.68e-123	348
MDC0544836.1	QIZ20495.1	43.750	528	294	3	3	527	4	531	9.43e-147	427
MDC0544837.1	QIZ20216.1	58.991	317	129	1	1	316	1	317	4.55e-130	369
MDC0544839.1	QIZ21437.1	75.578	389	94	1	1	389	1	388	0.0	646
MDC0544840.1	QIZ20511.1	29.239	578	380	10	7	562	3	573	9.73e-73	239
MDC0544842.1	QIZ21000.1	66.154	65	22	0	1	65	1	65	4.07e-27	94.0
MDC0544843.1	QIZ20999.1	78.621	145	31	0	1	145	1	145	3.19e-84	239
MDC0544844.1	QIZ20998.1	73.067	401	106	1	1	399	1	401	0.0	608
MDC0544845.1	QIZ20997.1	83.721	473	77	0	1	473	50	522	0.0	813
MDC0544846.1	QIZ20499.1	81.910	199	36	0	1	199	59	257	9.36e-122	341
MDC0544847.1	QIZ20500.1	86.945	383	50	0	1	383	1	383	0.0	714
MDC0544848.1	QIZ20510.1	77.062	388	89	0	1	388	47	434	0.0	621
MDC0544849.1	QIZ21202.1	70.927	313	90	1	1	312	200	512	2.64e-138	397
MDC0544850.1	QIZ21203.1	89.720	428	44	0	1	428	1	428	0.0	785
MDC0544851.1	QIZ21204.1	49.645	141	70	1	1	141	1	140	3.71e-44	138
MDC0544852.1	QIZ21043.1	78.016	746	164	0	5	750	3	748	0.0	1225
MDC0544853.1	QIZ21042.1	64.062	128	45	1	1	128	50	176	4.55e-55	166
MDC0544854.1	QIZ20348.1	93.439	442	29	0	1	442	1	442	0.0	836
MDC0544855.1	QIZ20349.1	79.085	153	31	1	1	152	1	153	8.46e-92	259
MDC0544856.1	QIZ20350.1	77.372	137	31	0	9	145	13	149	1.33e-80	230
MDC0544857.1	QIZ20959.1	92.072	555	44	0	1	555	1	555	0.0	1061
MDC0544858.1	QIZ20960.1	70.934	289	84	0	1	289	514	802	3.88e-144	420
MDC0544859.1	QIZ20974.1	95.833	840	35	0	1	840	165	1004	0.0	1706
MDC0544860.1	QIZ21049.1	88.443	623	72	0	1	623	1	623	0.0	1134
MDC0544862.1	QIZ20446.1	89.423	104	11	0	1	104	43	146	5.85e-68	196
MDC0544863.1	QIZ20445.1	76.994	326	75	0	1	326	1	326	0.0	501
MDC0544864.1	QIZ20444.1	84.685	222	34	0	1	222	1	222	9.73e-140	387
