MDC1169743.1	QIZ20541.1	75.563	311	76	0	1	311	1	311	1.94e-178	491
MDC1169744.1	QIZ20540.1	81.176	255	48	0	1	255	1	255	2.80e-155	428
MDC1169745.1	QIZ20218.1	82.181	376	67	0	4	379	5	380	0.0	652
MDC1169746.1	QIZ21525.1	92.706	425	30	1	1	424	1	425	0.0	827
MDC1169748.1	QIZ21524.1	87.158	475	61	0	1	475	1	475	0.0	869
MDC1169749.1	QIZ20310.1	61.446	83	32	0	1	83	1	83	1.98e-33	106
MDC1169751.1	QIZ21104.1	74.797	123	31	0	1	123	1	123	2.24e-61	180
MDC1169752.1	QIZ21105.1	79.605	152	29	1	1	150	1	152	3.86e-78	224
MDC1169756.1	QIZ20508.1	71.124	845	244	0	1	845	17	861	0.0	1171
MDC1169757.1	QIZ20507.1	85.000	220	33	0	1	220	1	220	9.20e-138	380
MDC1169758.1	QIZ20506.1	69.697	198	60	0	1	198	1	198	6.04e-101	286
MDC1169759.1	QIZ21102.1	51.500	200	97	0	1	200	1	200	1.82e-60	183
MDC1169762.1	QIZ21225.1	47.134	157	81	2	28	183	25	180	1.04e-45	144
MDC1169763.1	QIZ21460.1	73.696	441	116	0	1	441	1	441	0.0	693
MDC1169764.1	QIZ21483.1	82.078	385	69	0	3	387	2	386	0.0	662
MDC1169765.1	QIZ21484.1	66.795	259	84	1	3	259	4	262	9.14e-128	358
MDC1169766.1	QIZ20674.1	73.779	389	102	0	3	391	4	392	0.0	608
MDC1169767.1	QIZ21358.1	66.866	335	111	0	17	351	17	351	5.74e-163	455
MDC1169772.1	QIZ20851.1	31.975	319	192	9	1	313	1	300	2.27e-36	129
MDC1169773.1	QIZ21591.1	80.000	175	35	0	1	175	1	175	5.35e-94	266
MDC1169777.1	QIZ21593.1	85.838	346	49	0	1	346	1	346	0.0	595
MDC1169778.1	QIZ20180.1	78.125	288	58	2	1	288	1	283	2.52e-165	456
MDC1169779.1	QIZ20181.1	89.565	230	24	0	1	230	1	230	1.90e-151	416
MDC1169780.1	QIZ20182.1	83.482	224	37	0	1	224	1	224	3.68e-137	379
MDC1169781.1	QIZ20183.1	87.597	129	16	0	1	129	1	129	2.20e-77	221
MDC1169782.1	QIZ20184.1	68.831	308	96	0	1	308	1	308	3.02e-152	425
MDC1169783.1	QIZ20190.1	73.259	359	96	0	1	359	1	359	0.0	558
MDC1169784.1	QIZ20191.1	70.718	181	53	0	1	181	1	181	1.52e-98	278
MDC1169785.1	QIZ20192.1	82.036	167	30	0	1	167	1	167	5.06e-101	283
MDC1169786.1	QIZ20196.1	71.981	207	50	1	1	207	1	199	1.03e-113	318
MDC1169787.1	QIZ20197.1	85.813	289	41	0	1	289	1	289	0.0	526
MDC1169788.1	QIZ20198.1	77.916	403	86	2	1	401	1	402	0.0	561
MDC1169789.1	QIZ20199.1	73.143	175	47	0	1	175	1	175	3.87e-90	257
MDC1169790.1	QIZ20204.1	55.828	326	144	0	1	326	1	326	6.22e-141	397
MDC1169791.1	QIZ20205.1	49.231	260	131	1	3	261	18	277	5.15e-61	189
MDC1169792.1	QIZ20208.1	77.119	118	27	0	1	118	1	118	2.89e-63	185
MDC1169793.1	QIZ20220.1	83.678	484	79	0	1	484	1	484	0.0	830
MDC1169794.1	QIZ20221.1	89.767	645	65	1	1	644	1	645	0.0	1223
MDC1169795.1	QIZ20222.1	84.412	340	47	1	4	337	3	342	0.0	615
MDC1169796.1	QIZ20225.1	85.027	374	56	0	1	374	1	374	0.0	667
MDC1169797.1	QIZ20226.1	92.617	298	22	0	1	298	1	298	0.0	576
MDC1169798.1	QIZ20227.1	88.600	500	57	0	1	500	1	500	0.0	927
MDC1169799.1	QIZ20228.1	81.659	229	42	0	1	229	1	229	3.83e-147	405
MDC1169800.1	QIZ20229.1	79.710	207	42	0	1	207	1	207	1.20e-115	323
MDC1169801.1	QIZ20230.1	80.528	606	118	0	1	606	1	606	0.0	1031
MDC1169802.1	QIZ20231.1	87.582	459	57	0	1	459	1	459	0.0	851
MDC1169803.1	QIZ20232.1	84.898	245	37	0	1	245	1	245	3.66e-159	437
MDC1169804.1	QIZ20233.1	74.172	453	113	2	1	449	1	453	0.0	701
MDC1169805.1	QIZ20234.1	80.827	532	102	0	1	532	1	532	0.0	909
MDC1169807.1	QIZ20235.1	74.786	234	59	0	2	235	3	236	1.94e-126	353
MDC1169808.1	QIZ20236.1	85.854	205	29	0	1	205	1	205	1.34e-137	379
MDC1169809.1	QIZ20237.1	86.364	110	15	0	1	110	1	110	3.49e-70	201
MDC1169810.1	QIZ20238.1	86.842	76	10	0	1	76	1	76	2.51e-47	140
MDC1169811.1	QIZ20239.1	86.849	730	96	0	1	730	1	730	0.0	1328
MDC1169812.1	QIZ20240.1	80.176	227	45	0	1	227	1	227	2.20e-138	383
MDC1169813.1	QIZ20241.1	83.750	80	13	0	1	80	1	80	2.47e-45	135
MDC1169814.1	QIZ20242.1	90.769	260	24	0	1	260	1	260	1.17e-177	485
MDC1169815.1	QIZ20243.1	90.233	430	42	0	1	430	1	430	0.0	822
MDC1169816.1	QIZ20244.1	85.156	256	38	0	1	256	1	256	6.80e-170	465
MDC1169817.1	QIZ20245.1	78.440	218	47	0	1	218	1	218	2.40e-125	350
MDC1169818.1	QIZ20246.1	83.534	249	41	0	1	249	1	249	1.17e-155	428
MDC1169819.1	QIZ20247.1	82.443	131	23	0	1	131	1	131	2.04e-78	223
MDC1169820.1	QIZ20248.1	64.706	255	90	0	2	256	3	257	3.92e-109	311
MDC1169821.1	QIZ20249.1	81.176	85	16	0	1	85	161	245	2.28e-47	147
MDC1169822.1	QIZ20347.1	56.643	286	124	0	1	286	50	335	1.60e-109	316
MDC1169823.1	QIZ20348.1	85.068	442	66	0	1	442	1	442	0.0	777
MDC1169824.1	QIZ20349.1	81.699	153	27	1	1	152	1	153	6.21e-94	264
MDC1169825.1	QIZ20350.1	75.839	149	32	1	1	145	1	149	7.95e-84	238
MDC1169826.1	QIZ20351.1	69.322	339	104	0	1	339	1	339	1.14e-174	484
MDC1169828.1	QIZ20353.1	74.126	429	111	0	1	429	1	429	0.0	618
MDC1169829.1	QIZ20354.1	66.333	300	100	1	1	299	1	300	4.35e-143	400
MDC1169830.1	QIZ20355.1	64.184	282	101	0	1	282	1	282	8.15e-129	363
MDC1169831.1	QIZ20356.1	93.478	92	6	0	1	92	4	95	1.11e-59	173
MDC1169832.1	QIZ20357.1	78.621	145	31	0	1	145	1	145	5.17e-84	238
MDC1169834.1	QIZ20359.1	61.950	318	108	2	1	318	1	305	2.40e-147	412
MDC1169838.1	QIZ20360.1	43.220	708	366	18	1	690	7	696	3.67e-171	503
MDC1169841.1	QIZ20362.1	41.844	564	323	4	1	560	1	563	1.43e-151	442
MDC1169842.1	QIZ20363.1	67.732	313	101	0	1	313	1	313	1.89e-156	436
MDC1169843.1	QIZ20364.1	55.046	327	143	3	1	325	1	325	1.34e-123	353
MDC1169844.1	QIZ20365.1	73.118	93	25	0	1	93	1	93	2.14e-48	144
MDC1169845.1	QIZ20366.1	36.517	178	87	6	1	163	1	167	1.47e-30	104
MDC1169846.1	QIZ20367.1	82.564	390	68	0	1	390	1	390	0.0	593
MDC1169847.1	QIZ20368.1	68.235	170	54	0	14	183	1	170	3.77e-85	244
MDC1169848.1	QIZ20369.1	59.766	256	102	1	1	256	3	257	6.19e-114	323
MDC1169849.1	QIZ20370.1	61.265	253	97	1	1	252	1	253	1.12e-111	317
MDC1169850.1	QIZ20371.1	76.908	511	118	0	4	514	3	513	0.0	824
MDC1169851.1	QIZ20372.1	46.474	312	156	3	4	308	3	310	2.72e-84	252
MDC1169852.1	QIZ20373.1	62.562	203	76	0	1	203	1	203	4.04e-81	236
MDC1169853.1	QIZ20374.1	73.368	383	102	0	1	383	1	383	0.0	575
MDC1169854.1	QIZ20375.1	50.926	216	99	4	38	248	38	251	4.95e-63	193
MDC1169855.1	QIZ20376.1	64.725	309	109	0	25	333	25	333	1.16e-146	412
MDC1169856.1	QIZ20377.1	72.509	291	80	0	2	292	3	293	4.49e-141	395
MDC1169858.1	QIZ20379.1	71.010	683	197	1	1	682	1	683	0.0	980
MDC1169859.1	QIZ20380.1	72.589	197	54	0	5	201	4	200	1.21e-97	278
MDC1169860.1	QIZ20381.1	79.562	274	56	0	1	274	1	274	1.37e-174	478
MDC1169861.1	QIZ20382.1	80.270	370	73	0	1	370	1	370	0.0	630
MDC1169862.1	QIZ20383.1	80.435	184	36	0	1	184	1	184	5.46e-110	307
MDC1169863.1	QIZ20384.1	85.976	164	23	0	1	164	1	164	3.78e-103	288
MDC1169864.1	QIZ20385.1	85.664	858	113	1	1	858	1	848	0.0	1461
MDC1169865.1	QIZ20386.1	88.889	153	16	1	1	152	1	153	1.30e-93	263
MDC1169866.1	QIZ20387.1	88.409	949	109	1	1	949	1	948	0.0	1748
MDC1169867.1	QIZ20388.1	78.000	200	41	1	1	200	1	197	7.45e-114	318
MDC1169868.1	QIZ20389.1	75.593	295	72	0	1	295	1	295	7.66e-161	445
MDC1169869.1	QIZ20390.1	75.435	517	127	0	1	517	1	517	0.0	782
MDC1169870.1	QIZ20391.1	85.870	92	13	0	4	95	3	94	8.00e-54	158
MDC1169871.1	QIZ20392.1	75.779	417	101	0	1	417	1	417	0.0	673
MDC1169872.1	QIZ20393.1	86.000	250	35	0	1	250	1	250	1.06e-157	434
MDC1169873.1	QIZ20394.1	72.222	72	18	1	1	70	1	72	2.26e-26	87.8
MDC1169874.1	QIZ20395.1	82.353	68	10	1	1	66	1	68	1.18e-36	113
MDC1169875.1	QIZ20396.1	83.036	224	38	0	10	233	13	236	3.89e-141	390
MDC1169876.1	QIZ20397.1	81.557	244	45	0	1	244	1	244	8.83e-138	383
MDC1169877.1	QIZ20398.1	64.444	315	112	0	1	315	2	316	2.87e-144	405
MDC1169878.1	QIZ20399.1	53.571	84	39	0	1	84	1	84	3.16e-27	90.9
MDC1169879.1	QIZ20400.1	71.750	577	163	0	1	577	1	577	0.0	837
MDC1169880.1	QIZ20401.1	69.755	367	111	0	1	367	1	367	0.0	504
MDC1169881.1	QIZ20402.1	81.905	105	19	0	1	105	1	105	2.96e-60	175
MDC1169882.1	QIZ20403.1	81.008	258	49	0	1	258	1	258	3.16e-161	443
MDC1169883.1	QIZ20404.1	80.120	332	66	0	1	332	1	332	0.0	553
MDC1169886.1	QIZ20409.1	93.056	72	5	0	1	72	1	72	4.11e-44	132
MDC1169887.1	QIZ21305.1	33.333	225	140	4	3	225	6	222	4.94e-34	117
MDC1169889.1	QIZ21363.1	92.092	607	48	0	1	607	1	607	0.0	1144
MDC1169892.1	QIZ21364.1	65.641	195	61	2	2	192	3	195	6.64e-89	255
MDC1169893.1	QIZ21365.1	67.692	260	84	0	16	275	1	260	6.27e-137	382
MDC1169894.1	QIZ21366.1	57.848	223	92	1	2	222	23	245	2.65e-85	249
MDC1169895.1	QIZ21367.1	88.387	155	18	0	1	155	1	155	2.27e-104	291
MDC1169896.1	QIZ21368.1	77.092	502	99	6	1	493	1	495	0.0	698
MDC1169897.1	QIZ21369.1	67.267	333	109	0	1	333	1	333	9.28e-161	448
MDC1169899.1	QIZ21371.1	64.107	560	196	3	1	558	3	559	0.0	719
MDC1169900.1	QIZ21372.1	52.766	940	435	5	1	938	1	933	0.0	876
MDC1169902.1	QIZ21373.1	55.841	428	179	4	8	430	8	430	1.61e-144	414
MDC1169903.1	QIZ21374.1	61.224	343	131	2	11	352	11	352	2.10e-134	384
MDC1169904.1	QIZ21375.1	49.300	357	174	3	2	354	3	356	9.78e-120	346
MDC1169905.1	QIZ21376.1	67.742	465	150	0	1	465	1	465	0.0	662
MDC1169906.1	QIZ21377.1	60.927	302	118	0	1	302	11	312	5.72e-124	353
MDC1169907.1	QIZ21378.1	65.789	304	104	0	1	304	1	304	1.16e-130	369
MDC1169908.1	QIZ21379.1	37.281	228	133	6	1	222	1	224	2.29e-36	123
MDC1169910.1	QIZ21381.1	65.472	307	105	1	1	307	1	306	2.37e-143	402
MDC1169911.1	QIZ21382.1	59.480	269	103	3	18	285	19	282	2.55e-107	308
MDC1169912.1	QIZ21383.1	67.160	676	222	0	1	676	1	676	0.0	930
MDC1169913.1	QIZ21384.1	58.855	559	230	0	5	563	6	564	0.0	655
MDC1169914.1	QIZ21385.1	83.382	680	110	2	1	679	1	678	0.0	1192
MDC1169915.1	QIZ21386.1	25.442	452	313	7	34	469	11	454	5.53e-24	100
MDC1169916.1	QIZ21387.1	86.909	275	36	0	1	275	188	462	0.0	507
MDC1169917.1	QIZ21387.1	82.979	47	8	0	1	47	127	173	1.64e-22	83.2
MDC1169918.1	QIZ21387.1	88.372	129	15	0	1	129	1	129	5.57e-68	207
MDC1169920.1	QIZ20745.1	75.090	277	69	0	1	277	1	277	2.92e-146	407
MDC1169921.1	QIZ20744.1	87.538	329	41	0	1	329	1	329	0.0	609
MDC1169922.1	QIZ20743.1	71.769	294	83	0	1	294	1	294	1.33e-155	432
MDC1169923.1	QIZ20742.1	85.253	434	64	0	1	434	1	434	0.0	773
MDC1169925.1	QIZ20829.1	35.193	233	143	3	7	238	15	240	1.17e-33	121
MDC1169928.1	QIZ20741.1	74.286	105	27	0	1	105	1	105	5.71e-54	160
MDC1169929.1	QIZ20740.1	86.443	627	85	0	4	630	5	631	0.0	1145
MDC1169930.1	QIZ20739.1	84.190	253	40	0	1	253	1	253	3.24e-156	430
MDC1169931.1	QIZ20738.1	82.075	106	19	0	1	106	1	106	1.23e-64	186
MDC1169932.1	QIZ20737.1	73.077	338	91	0	1	338	1	338	0.0	520
MDC1169933.1	QIZ20736.1	69.082	207	64	0	1	207	1	207	1.25e-111	313
MDC1169934.1	QIZ20734.1	83.036	112	19	0	1	112	69	180	8.45e-68	197
MDC1169937.1	QIZ20733.1	55.556	288	128	0	2	289	3	290	3.46e-116	332
MDC1169938.1	QIZ20732.1	76.733	202	47	0	1	202	224	425	9.93e-112	322
MDC1169944.1	QIZ20831.1	52.294	109	51	1	6	114	4	111	1.88e-35	114
MDC1169945.1	QIZ20851.1	50.617	324	156	3	4	324	6	328	2.33e-113	327
MDC1169946.1	QIZ20850.1	29.750	521	338	15	7	517	1	503	1.43e-51	179
MDC1169947.1	QIZ20852.1	57.576	330	139	1	1	329	1	330	6.15e-132	375
MDC1169956.1	QIZ20851.1	31.230	317	195	8	4	314	6	305	1.41e-38	135
MDC1169957.1	QIZ20829.1	32.895	304	169	7	46	342	34	309	5.84e-38	136
MDC1169963.1	QIZ20497.1	31.343	268	165	5	3	270	2	250	2.23e-21	86.3
MDC1169964.1	QIZ20837.1	38.117	223	133	2	341	562	353	571	1.37e-43	159
MDC1169967.1	QIZ21071.1	40.293	273	137	1	7	279	5	251	3.55e-65	200
MDC1169968.1	QIZ21068.1	33.659	205	127	6	6	204	1	202	1.98e-29	104
MDC1169980.1	QIZ20795.1	51.989	352	149	4	1	345	1	339	3.53e-119	343
MDC1169981.1	QIZ20796.1	59.091	308	126	0	3	310	1	308	1.91e-128	365
MDC1169982.1	QIZ20793.1	64.041	292	105	0	1	292	1	292	5.56e-141	395
MDC1169983.1	QIZ20792.1	97.561	41	1	0	1	41	1	41	2.51e-23	77.8
MDC1169985.1	QIZ20790.1	76.243	362	86	0	1	362	1	362	0.0	555
MDC1169986.1	QIZ20789.1	80.556	72	14	0	1	72	24	95	1.44e-35	112
MDC1169987.1	QIZ20788.1	91.164	464	41	0	1	464	1	464	0.0	859
MDC1169988.1	QIZ20853.1	56.466	232	101	0	1	232	7	238	3.40e-92	266
MDC1169990.1	QIZ21014.1	90.426	188	18	0	1	188	343	530	2.08e-110	321
MDC1169991.1	QIZ21013.1	79.730	740	145	3	1	739	1	736	0.0	1169
MDC1169992.1	QIZ21012.1	84.426	122	19	0	1	122	1	122	2.17e-74	213
MDC1169993.1	QIZ21011.1	85.366	82	12	0	1	82	1	82	1.28e-46	139
MDC1169994.1	QIZ21010.1	93.333	690	46	0	1	690	1	690	0.0	1318
MDC1169996.1	QIZ21008.1	89.615	260	27	0	1	260	1	260	0.0	495
MDC1169997.1	QIZ21007.1	94.541	403	22	0	1	403	1	403	0.0	799
MDC1169998.1	QIZ21006.1	89.759	166	17	0	1	166	1	166	8.69e-111	308
MDC1169999.1	QIZ21005.1	80.282	142	28	0	1	142	1	142	1.15e-81	232
MDC1170000.1	QIZ21004.1	94.891	137	7	0	1	137	1	137	2.25e-95	267
MDC1170001.1	QIZ21003.1	84.876	443	67	0	1	443	1	443	0.0	806
MDC1170002.1	QIZ21002.1	75.000	196	48	1	1	195	1	196	3.59e-112	314
MDC1170003.1	QIZ21001.1	63.194	144	53	0	8	151	5	148	2.70e-65	192
MDC1170004.1	QIZ21000.1	67.600	250	81	0	1	250	1	250	1.36e-121	342
MDC1170005.1	QIZ20999.1	71.724	145	41	0	1	145	1	145	6.82e-78	223
MDC1170006.1	QIZ20998.1	74.065	401	102	1	1	399	1	401	0.0	601
MDC1170007.1	QIZ20997.1	82.950	522	89	0	1	522	1	522	0.0	886
MDC1170008.1	QIZ20996.1	76.824	233	54	0	1	233	1	233	3.80e-136	378
MDC1170009.1	QIZ20995.1	63.986	286	103	0	1	286	1	286	1.85e-120	342
MDC1170010.1	QIZ20994.1	84.884	86	13	0	1	86	1	86	7.63e-48	142
MDC1170011.1	QIZ20993.1	81.818	473	83	3	1	473	1	470	0.0	781
MDC1170012.1	QIZ20992.1	88.649	370	42	0	1	370	1	370	0.0	670
MDC1170013.1	QIZ20991.1	69.528	233	71	0	1	233	1	233	1.90e-112	318
MDC1170014.1	QIZ20990.1	67.822	404	130	0	1	404	1	404	0.0	557
MDC1170016.1	QIZ20989.1	80.044	451	90	0	1	451	1	451	0.0	731
MDC1170017.1	QIZ20988.1	57.310	171	71	1	1	169	1	171	5.73e-67	197
MDC1170018.1	QIZ20987.1	76.119	67	16	0	1	67	1	67	1.10e-24	83.2
MDC1170019.1	QIZ20986.1	68.056	216	69	0	1	216	1	216	5.39e-113	318
MDC1170020.1	QIZ20985.1	85.484	186	27	0	4	189	3	188	1.48e-122	340
MDC1170021.1	QIZ20984.1	84.393	173	27	0	3	175	5	177	8.62e-99	278
MDC1170022.1	QIZ20983.1	49.020	153	75	2	4	154	2	153	5.72e-44	138
MDC1170023.1	QIZ20982.1	68.182	198	63	0	1	198	1	198	1.38e-96	275
MDC1170024.1	QIZ20981.1	65.785	567	191	1	1	564	1	567	0.0	728
MDC1170025.1	QIZ20980.1	76.645	304	64	4	1	297	1	304	4.54e-144	404
MDC1170026.1	QIZ20979.1	87.037	108	14	0	1	108	1	108	1.31e-67	194
MDC1170027.1	QIZ20978.1	63.704	135	49	0	1	135	4	138	2.61e-56	168
MDC1170028.1	QIZ20977.1	78.974	799	168	0	1	799	3	801	0.0	1310
MDC1170031.1	QIZ20976.1	79.433	141	29	0	1	141	1	141	1.58e-84	239
MDC1170032.1	QIZ20975.1	67.766	394	123	1	1	390	1	394	0.0	561
MDC1170033.1	QIZ20974.1	86.278	1013	137	2	1	1012	1	1012	0.0	1852
MDC1170034.1	QIZ20973.1	63.501	337	115	4	1	336	1	330	1.21e-144	411
MDC1170035.1	QIZ20685.1	51.079	139	68	0	1	139	1	139	2.29e-49	152
MDC1170036.1	QIZ20686.1	61.765	136	48	1	1	132	1	136	2.69e-59	175
MDC1170037.1	QIZ20687.1	60.759	158	62	0	1	158	1	158	1.42e-58	175
MDC1170038.1	QIZ20689.1	63.043	276	102	0	1	276	1	276	2.10e-130	367
MDC1170039.1	QIZ20690.1	85.472	413	59	1	1	412	1	413	0.0	721
MDC1170040.1	QIZ20684.1	62.698	126	45	1	6	129	285	410	1.76e-51	164
MDC1170041.1	QIZ20683.1	77.409	301	68	0	1	301	1	301	7.24e-167	461
MDC1170042.1	QIZ20682.1	86.914	405	53	0	1	405	1	405	0.0	753
MDC1170043.1	QIZ20681.1	94.550	367	20	0	5	371	4	370	0.0	736
MDC1170044.1	QIZ20680.1	79.827	347	70	0	1	347	1	347	0.0	599
MDC1170046.1	QIZ20735.1	52.209	249	116	1	1	246	1	249	1.72e-76	228
MDC1170047.1	QIZ20679.1	80.000	75	15	0	1	75	1	75	6.15e-44	132
MDC1170055.1	QIZ20904.1	52.795	161	67	3	1	154	1	159	4.55e-50	154
MDC1170073.1	QIZ20676.1	81.988	161	29	0	1	161	1	161	1.03e-87	249
MDC1170076.1	QIZ20582.1	75.676	111	27	0	1	111	1	111	1.41e-48	146
MDC1170077.1	QIZ20888.1	32.212	208	131	3	12	212	12	216	3.42e-28	101
MDC1170078.1	QIZ20673.1	75.472	424	103	1	1	424	1	423	0.0	644
MDC1170079.1	QIZ20672.1	82.517	286	50	0	1	286	1	286	9.79e-179	489
MDC1170080.1	QIZ20671.1	72.816	309	82	2	1	307	1	309	1.21e-164	456
MDC1170081.1	QIZ20670.1	76.102	431	103	0	1	431	1	431	0.0	693
MDC1170083.1	QIZ20669.1	89.562	479	50	0	15	493	15	493	0.0	895
MDC1170084.1	QIZ20668.1	65.746	181	62	0	1	181	1	181	3.36e-81	234
MDC1170085.1	QIZ20667.1	82.138	795	141	1	1	795	1	794	0.0	1268
MDC1170086.1	QIZ20666.1	84.322	472	74	0	1	472	1	472	0.0	836
MDC1170087.1	QIZ20665.1	80.921	152	29	0	1	152	1	152	2.76e-78	224
MDC1170088.1	QIZ20664.1	91.803	61	5	0	1	61	10	70	4.93e-37	114
MDC1170089.1	QIZ21512.1	62.319	138	52	0	22	159	29	166	1.57e-59	178
MDC1170090.1	QIZ21513.1	89.012	810	89	0	1	810	1	810	0.0	1504
MDC1170091.1	QIZ21514.1	83.936	249	40	0	1	249	1	249	5.31e-158	434
MDC1170092.1	QIZ21515.1	83.912	317	51	0	1	317	1	317	0.0	558
MDC1170093.1	QIZ21516.1	89.425	539	57	0	1	539	1	539	0.0	1026
MDC1170095.1	QIZ21519.1	82.258	124	22	0	1	124	1	124	4.36e-78	222
MDC1170096.1	QIZ21520.1	90.968	155	14	0	1	155	1	155	3.06e-108	301
MDC1170097.1	QIZ21521.1	87.129	202	24	1	1	200	1	202	1.31e-135	374
MDC1170098.1	QIZ21522.1	70.270	333	99	0	1	333	1	333	0.0	507
MDC1170099.1	QIZ21523.1	93.220	295	20	0	1	295	1	295	0.0	575
MDC1170100.1	QIZ21527.1	64.897	339	118	1	1	338	1	339	3.64e-170	472
MDC1170101.1	QIZ21530.1	74.859	533	134	0	3	535	4	536	0.0	785
MDC1170102.1	QIZ21531.1	81.948	349	63	0	3	351	4	352	0.0	563
MDC1170103.1	QIZ21532.1	57.944	214	89	1	1	213	1	214	3.81e-82	241
MDC1170104.1	QIZ21533.1	54.902	102	46	0	1	102	1	102	4.07e-36	114
MDC1170105.1	QIZ21214.1	31.449	283	173	6	14	289	12	280	1.23e-32	117
MDC1170106.1	QIZ20557.1	85.938	320	45	0	1	320	1	320	0.0	578
MDC1170107.1	QIZ20556.1	77.616	344	77	0	10	353	5	348	0.0	546
MDC1170108.1	QIZ20555.1	72.854	501	136	0	1	501	1	501	0.0	749
MDC1170113.1	QIZ20609.1	70.000	330	99	0	1	330	1	330	2.41e-177	490
MDC1170114.1	QIZ20610.1	86.740	181	24	0	1	181	1	181	1.05e-116	324
MDC1170116.1	QIZ20611.1	58.228	79	33	0	1	79	1	79	1.59e-29	96.7
MDC1170117.1	QIZ20612.1	76.712	146	34	0	1	146	1	146	4.18e-76	219
MDC1170118.1	QIZ21536.1	72.000	225	63	0	1	225	1	225	4.34e-123	349
MDC1170120.1	QIZ20215.1	74.483	145	37	0	1	145	1	145	7.77e-81	231
MDC1170127.1	QIZ21434.1	25.265	471	330	10	521	978	3	464	1.24e-35	137
MDC1170128.1	QIZ21430.1	59.383	389	154	2	3	390	2	387	5.13e-157	443
MDC1170130.1	QIZ21537.1	72.115	312	87	0	6	317	6	317	5.06e-154	430
MDC1170131.1	QIZ21538.1	56.180	178	72	2	1	174	1	176	2.82e-58	178
MDC1170132.1	QIZ21091.1	86.512	215	29	0	1	215	147	361	1.63e-132	372
MDC1170133.1	QIZ21092.1	84.375	96	15	0	1	96	1	96	2.14e-56	165
MDC1170134.1	QIZ21093.1	87.189	281	36	0	1	281	1	281	0.0	501
MDC1170137.1	QIZ20958.1	33.889	180	104	4	15	189	16	185	5.63e-30	107
MDC1170138.1	QIZ21095.1	70.833	336	98	0	17	352	27	362	0.0	503
MDC1170139.1	QIZ21096.1	86.864	236	31	0	1	236	1	236	1.53e-153	422
MDC1170140.1	QIZ21097.1	85.859	495	70	0	1	495	1	495	0.0	875
MDC1170145.1	QIZ21103.1	73.491	381	98	3	1	379	1	380	0.0	580
MDC1170146.1	QIZ21107.1	85.279	394	58	0	1	394	1	394	0.0	701
MDC1170147.1	QIZ21108.1	64.286	168	58	1	1	168	3	168	7.75e-78	225
MDC1170148.1	QIZ21109.1	75.362	345	85	0	1	345	1	345	0.0	571
MDC1170149.1	QIZ21110.1	82.759	232	40	0	1	232	22	253	6.00e-139	385
MDC1170150.1	QIZ21111.1	83.929	112	18	0	1	112	1	112	1.14e-66	192
MDC1170151.1	QIZ21112.1	84.153	183	29	0	1	183	1	183	1.09e-115	322
MDC1170152.1	QIZ21113.1	99.057	106	1	0	1	106	1	106	4.88e-77	218
MDC1170153.1	QIZ21114.1	80.932	236	44	1	1	235	1	236	1.61e-143	396
MDC1170154.1	QIZ21115.1	61.333	75	29	0	1	75	1	75	6.21e-32	102
MDC1170155.1	QIZ21116.1	73.529	136	36	0	1	136	1	136	5.71e-72	207
MDC1170156.1	QIZ21117.1	67.572	626	200	3	1	624	1	625	0.0	800
MDC1170157.1	QIZ21118.1	49.711	173	85	2	1	171	1	173	2.97e-62	186
MDC1170158.1	QIZ21119.1	62.295	122	42	4	1	119	1	121	1.12e-40	127
MDC1170159.1	QIZ21120.1	63.448	145	53	0	25	169	25	169	1.01e-66	197
MDC1170160.1	QIZ21122.1	86.945	383	50	0	1	383	1	383	0.0	720
MDC1170161.1	QIZ21123.1	83.420	386	64	0	1	386	1	386	0.0	671
MDC1170162.1	QIZ21124.1	33.571	420	272	5	57	473	41	456	1.57e-75	241
MDC1170165.1	QIZ21125.1	86.435	317	43	0	1	317	1	317	0.0	573
MDC1170168.1	QIZ21134.1	86.528	386	51	1	1	386	1	385	0.0	684
MDC1170169.1	QIZ21135.1	82.564	195	33	1	1	195	2	195	5.10e-123	341
MDC1170170.1	QIZ21136.1	88.079	453	54	0	1	453	1	453	0.0	776
MDC1170171.1	QIZ21137.1	72.851	442	119	1	1	441	1	442	0.0	626
MDC1170172.1	QIZ21138.1	70.690	58	17	0	1	58	2	59	1.89e-24	81.6
MDC1170173.1	QIZ21139.1	77.740	292	65	0	1	292	1	292	5.03e-159	441
MDC1170174.1	QIZ21140.1	65.748	254	87	0	19	272	19	272	6.49e-132	370
MDC1170175.1	QIZ21141.1	68.984	187	58	0	1	187	1	187	1.33e-95	271
MDC1170176.1	QIZ21142.1	86.829	205	27	0	1	205	101	305	2.12e-129	362
MDC1170177.1	QIZ20302.1	88.696	230	26	0	1	230	262	491	3.44e-148	417
MDC1170178.1	QIZ20303.1	72.685	216	59	0	1	216	1	216	1.08e-119	335
MDC1170179.1	QIZ20304.1	67.881	302	96	1	1	302	1	301	1.26e-154	430
MDC1170180.1	QIZ20305.1	82.456	456	80	0	1	456	1	456	0.0	756
MDC1170181.1	QIZ20306.1	65.409	159	52	2	1	158	1	157	2.70e-72	210
MDC1170182.1	QIZ20311.1	87.243	243	31	0	1	243	1	243	6.53e-130	363
MDC1170183.1	QIZ20312.1	86.275	255	35	0	1	255	1	255	1.64e-157	433
MDC1170184.1	QIZ20313.1	57.754	187	77	1	1	185	1	187	4.38e-81	234
MDC1170185.1	QIZ20314.1	80.639	1002	193	1	1	1001	1	1002	0.0	1724
MDC1170186.1	QIZ20315.1	94.382	89	5	0	1	89	1	89	1.47e-64	185
MDC1170187.1	QIZ20316.1	95.444	417	19	0	1	417	1	417	0.0	835
MDC1170188.1	QIZ20317.1	69.919	738	220	2	1	738	1	736	0.0	1080
MDC1170189.1	QIZ20318.1	79.863	293	59	0	1	293	1	293	1.27e-178	490
MDC1170190.1	QIZ20319.1	89.744	156	16	0	1	156	1	156	2.86e-102	286
MDC1170191.1	QIZ20320.1	50.314	159	76	1	3	158	15	173	7.06e-48	149
MDC1170192.1	QIZ20321.1	78.120	585	124	1	1	581	1	585	0.0	952
MDC1170193.1	QIZ20322.1	77.436	195	44	0	1	195	1	195	9.13e-103	290
MDC1170194.1	QIZ20323.1	64.831	236	83	0	1	236	1	236	1.31e-102	293
MDC1170195.1	QIZ20324.1	57.480	127	54	0	1	127	1	127	1.73e-48	147
MDC1170196.1	QIZ20325.1	77.459	244	55	0	1	244	1	244	2.57e-144	399
MDC1170197.1	QIZ20326.1	71.364	220	63	0	1	220	1	220	1.56e-113	319
MDC1170198.1	QIZ20327.1	64.159	226	81	0	1	226	1	226	1.50e-102	292
MDC1170199.1	QIZ20328.1	77.134	328	75	0	1	328	1	328	0.0	539
MDC1170200.1	QIZ20329.1	77.320	194	44	0	3	196	20	213	1.71e-117	328
MDC1170201.1	QIZ20330.1	59.155	142	56	2	1	141	1	141	7.55e-57	169
MDC1170202.1	QIZ20331.1	87.356	435	55	0	1	435	1	435	0.0	803
MDC1170203.1	QIZ20332.1	88.816	152	17	0	1	152	1	152	2.85e-102	285
MDC1170205.1	QIZ20333.1	68.020	197	63	0	1	197	1	197	1.06e-96	275
MDC1170206.1	QIZ20334.1	68.717	374	103	3	1	368	1	366	3.12e-174	485
MDC1170207.1	QIZ20335.1	72.656	128	35	0	1	128	1	128	1.22e-65	191
MDC1170208.1	QIZ20336.1	61.940	134	51	0	1	134	1	134	8.58e-61	179
MDC1170209.1	QIZ20337.1	61.129	319	124	0	1	319	1	319	3.87e-131	372
MDC1170210.1	QIZ20338.1	91.155	701	62	0	1	701	1	701	0.0	1244
MDC1170211.1	QIZ20339.1	54.676	139	63	0	14	152	15	153	9.29e-54	163
MDC1170212.1	QIZ20340.1	57.639	144	61	0	12	155	12	155	2.78e-45	141
MDC1170213.1	QIZ20341.1	88.333	60	7	0	1	60	1	60	1.83e-37	114
MDC1170214.1	QIZ20342.1	78.679	333	71	0	1	333	1	333	0.0	539
MDC1170215.1	QIZ20343.1	79.104	67	14	0	2	68	3	69	1.84e-34	108
MDC1170216.1	QIZ20430.1	84.579	214	33	0	1	214	1	214	5.57e-134	378
MDC1170217.1	QIZ20431.1	87.546	273	34	0	1	273	1	273	1.83e-176	483
MDC1170218.1	QIZ20432.1	87.175	538	69	0	1	538	1	538	0.0	966
MDC1170219.1	QIZ20433.1	80.808	99	19	0	1	99	1	99	2.75e-55	162
MDC1170220.1	QIZ20434.1	62.857	245	89	1	1	243	1	245	7.34e-111	315
MDC1170221.1	QIZ20435.1	47.436	468	246	0	5	472	6	473	5.68e-124	365
MDC1170222.1	QIZ20436.1	80.825	485	92	1	1	485	1	484	0.0	762
MDC1170223.1	QIZ20437.1	81.915	188	34	0	1	188	1	188	9.61e-114	317
MDC1170224.1	QIZ20438.1	78.182	330	72	0	1	330	1	330	0.0	536
MDC1170225.1	QIZ20439.1	77.567	263	59	0	1	263	1	263	1.81e-141	394
MDC1170226.1	QIZ20440.1	92.444	225	17	0	1	225	1	225	5.14e-154	422
MDC1170227.1	QIZ20441.1	81.116	466	88	0	1	466	1	466	0.0	785
MDC1170228.1	QIZ20442.1	69.761	377	114	0	1	377	1	377	0.0	506
MDC1170229.1	QIZ20443.1	56.274	263	112	1	1	263	1	260	1.67e-85	251
MDC1170230.1	QIZ20444.1	67.181	259	84	1	1	258	1	259	1.71e-126	355
MDC1170231.1	QIZ20445.1	70.552	326	96	0	1	326	1	326	2.63e-165	459
MDC1170232.1	QIZ20446.1	83.333	144	24	0	9	152	2	145	1.67e-90	255
MDC1170235.1	QIZ20448.1	48.092	393	194	5	3	391	2	388	1.17e-112	330
MDC1170236.1	QIZ20449.1	38.426	216	111	5	3	203	4	212	1.08e-33	116
MDC1170237.1	QIZ20450.1	59.111	225	91	1	1	224	1	225	1.49e-80	236
MDC1170238.1	QIZ20451.1	77.049	183	42	0	1	183	1	183	3.59e-104	293
MDC1170239.1	QIZ20452.1	73.498	283	75	0	1	283	1	283	1.42e-152	423
MDC1170241.1	QIZ20453.1	77.875	1139	251	1	1	1139	1	1138	0.0	1822
MDC1170242.1	QIZ20454.1	61.062	226	88	0	1	226	1	226	5.80e-99	283
MDC1170243.1	QIZ20455.1	73.171	410	109	1	1	409	1	410	0.0	569
MDC1170244.1	QIZ20456.1	80.180	444	88	0	1	444	1	444	0.0	747
MDC1170245.1	QIZ20457.1	86.250	80	11	0	1	80	1	80	1.17e-39	121
MDC1170246.1	QIZ20458.1	80.616	552	106	1	1	552	1	551	0.0	957
MDC1170247.1	QIZ20459.1	63.077	195	72	0	23	217	53	247	7.83e-80	235
MDC1170248.1	QIZ21076.1	76.006	696	167	0	1	696	1	696	0.0	1030
MDC1170249.1	QIZ21075.1	59.669	181	70	2	4	183	6	184	1.27e-67	200
MDC1170250.1	QIZ21074.1	59.639	166	66	1	1	166	1	165	4.11e-69	202
MDC1170251.1	QIZ21073.1	76.033	121	29	0	1	121	1	121	1.51e-66	192
MDC1170253.1	QIZ21071.1	86.056	251	35	0	1	251	1	251	8.87e-164	449
MDC1170254.1	QIZ21070.1	87.137	241	29	1	1	241	1	239	1.85e-153	422
MDC1170255.1	QIZ21068.1	83.654	208	34	0	1	208	1	208	4.48e-129	358
MDC1170256.1	QIZ21067.1	93.878	196	12	0	1	196	1	196	5.01e-139	382
MDC1170257.1	QIZ21066.1	89.474	171	18	0	1	171	1	171	2.97e-113	315
MDC1170258.1	QIZ21065.1	87.090	457	55	3	1	455	1	455	0.0	782
MDC1170259.1	QIZ21064.1	61.194	134	51	1	4	136	35	168	1.24e-55	167
MDC1170260.1	QIZ21063.1	75.758	198	47	1	1	198	1	197	3.40e-109	306
MDC1170261.1	QIZ21062.1	67.376	141	45	1	1	141	1	140	1.01e-55	167
MDC1170262.1	QIZ21061.1	60.000	140	56	0	1	140	1	140	3.68e-60	178
MDC1170263.1	QIZ21060.1	73.991	223	56	2	1	221	1	223	1.35e-119	335
MDC1170264.1	QIZ21059.1	59.884	172	69	0	1	172	1	172	1.29e-66	198
MDC1170265.1	QIZ21058.1	53.612	263	121	1	1	262	1	263	2.71e-98	284
MDC1170266.1	QIZ21057.1	72.775	191	52	0	1	191	1	191	1.14e-98	280
MDC1170267.1	QIZ21056.1	78.388	273	59	0	1	273	1	273	1.06e-160	443
MDC1170268.1	QIZ21055.1	72.372	333	92	0	1	333	1	333	0.0	509
MDC1170269.1	QIZ21054.1	32.836	201	121	5	1	192	1	196	2.04e-29	107
MDC1170272.1	QIZ21052.1	94.313	422	24	0	1	422	1	422	0.0	813
MDC1170274.1	QIZ21050.1	78.330	443	96	0	1	443	1	443	0.0	706
MDC1170275.1	QIZ21049.1	86.998	623	81	0	1	623	1	623	0.0	1113
MDC1170276.1	QIZ21048.1	59.242	211	86	0	3	213	2	212	6.42e-93	266
MDC1170277.1	QIZ21047.1	83.712	264	43	0	1	264	1	264	3.01e-166	456
MDC1170278.1	QIZ21046.1	70.819	281	77	2	2	279	4	282	6.70e-144	401
MDC1170279.1	QIZ21045.1	45.679	324	175	1	1	323	1	324	5.81e-87	260
MDC1170281.1	QIZ21043.1	65.845	852	279	6	6	855	3	844	0.0	1147
MDC1170282.1	QIZ21042.1	46.471	170	80	5	17	181	10	173	2.58e-48	152
MDC1170283.1	QIZ21041.1	30.423	378	195	16	10	368	1	329	8.06e-30	112
MDC1170284.1	QIZ21040.1	44.253	174	94	2	8	180	9	180	2.13e-40	131
MDC1170285.1	QIZ21039.1	59.722	216	85	2	1	215	1	215	1.13e-86	251
MDC1170286.1	QIZ20652.1	89.302	215	23	0	1	215	271	485	1.63e-139	395
MDC1170287.1	QIZ20651.1	88.971	136	15	0	1	136	1	136	3.12e-78	223
MDC1170288.1	QIZ20650.1	61.053	190	74	0	1	190	1	190	1.74e-78	228
MDC1170289.1	QIZ20649.1	80.059	341	68	0	1	341	1	341	0.0	520
MDC1170290.1	QIZ20648.1	39.655	348	208	1	6	351	12	359	5.11e-81	247
MDC1170291.1	QIZ20647.1	68.807	218	68	0	1	218	5	222	1.28e-97	279
MDC1170292.1	QIZ20646.1	83.642	593	97	0	3	595	2	594	0.0	1044
MDC1170293.1	QIZ20645.1	81.522	276	44	3	1	272	1	273	1.26e-164	453
MDC1170294.1	QIZ20644.1	74.790	119	29	1	1	119	2	119	1.66e-62	182
MDC1170295.1	QIZ20643.1	59.794	97	39	0	39	135	36	132	1.73e-43	135
MDC1170296.1	QIZ20642.1	92.584	445	33	0	1	445	1	445	0.0	854
MDC1170297.1	QIZ20641.1	73.611	144	35	2	1	144	1	141	1.71e-72	209
MDC1170298.1	QIZ20640.1	72.794	136	37	0	10	145	10	145	2.10e-75	217
MDC1170300.1	QIZ20638.1	87.008	254	33	0	3	256	4	257	5.02e-164	450
MDC1170301.1	QIZ20637.1	77.907	602	109	4	1	592	1	588	0.0	912
MDC1170303.1	QIZ20863.1	41.975	243	133	5	104	342	104	342	1.82e-53	176
MDC1170304.1	QIZ20636.1	46.003	713	380	5	20	728	19	730	0.0	535
MDC1170305.1	QIZ20635.1	76.961	408	94	0	1	408	1	408	0.0	648
MDC1170306.1	QIZ20634.1	48.148	378	187	4	6	381	5	375	2.97e-120	349
MDC1170307.1	QIZ20633.1	88.073	218	26	0	1	218	1	218	4.87e-143	394
MDC1170308.1	QIZ20632.1	77.143	140	32	0	1	140	1	140	4.44e-80	228
MDC1170309.1	QIZ20631.1	92.292	480	37	0	1	480	1	480	0.0	932
MDC1170310.1	QIZ20630.1	80.247	243	48	0	1	243	1	243	1.33e-141	392
MDC1170311.1	QIZ20629.1	48.815	422	200	4	1	413	1	415	1.40e-128	373
MDC1170312.1	QIZ20628.1	87.871	404	49	0	1	404	1	404	0.0	757
MDC1170313.1	QIZ20627.1	81.818	154	28	0	1	154	1	154	4.10e-92	260
MDC1170314.1	QIZ20626.1	75.510	98	24	0	1	98	1	98	6.13e-52	154
MDC1170315.1	QIZ20625.1	85.455	110	16	0	1	110	1	110	2.93e-69	199
MDC1170317.1	QIZ20624.1	92.094	468	37	0	1	468	1	468	0.0	915
MDC1170318.1	QIZ20623.1	66.038	159	54	0	1	159	1	159	3.05e-71	207
MDC1170319.1	QIZ20622.1	82.308	130	23	0	1	130	1	130	2.52e-77	226
MDC1170320.1	QIZ21449.1	75.000	272	68	0	6	277	9	280	4.46e-158	441
MDC1170321.1	QIZ21450.1	89.381	113	12	0	1	113	1	113	4.60e-75	213
MDC1170322.1	QIZ21451.1	72.959	196	52	1	1	195	1	196	1.88e-95	271
MDC1170323.1	QIZ21452.1	86.727	889	118	0	1	889	1	889	0.0	1607
MDC1170324.1	QIZ21453.1	56.542	214	93	0	1	214	1	214	5.57e-72	213
MDC1170325.1	QIZ21454.1	36.493	422	256	4	18	433	18	433	4.37e-86	265
MDC1170326.1	QIZ21455.1	78.014	141	31	0	1	141	1	141	1.45e-81	232
MDC1170327.1	QIZ21456.1	59.483	348	138	2	1	345	1	348	1.56e-133	380
MDC1170328.1	QIZ21457.1	71.739	138	39	0	1	138	1	138	2.74e-75	216
MDC1170329.1	QIZ21458.1	68.856	472	146	1	1	472	1	471	0.0	684
MDC1170330.1	QIZ21459.1	66.053	380	129	0	1	380	1	380	0.0	513
MDC1170331.1	QIZ21472.1	78.378	111	24	0	9	119	5	115	4.31e-62	181
MDC1170332.1	QIZ21471.1	78.409	440	94	1	2	440	3	442	0.0	737
MDC1170333.1	QIZ21481.1	64.912	342	118	2	1	340	1	342	7.75e-161	449
MDC1170334.1	QIZ21484.1	35.361	263	151	4	4	253	6	262	1.38e-50	162
MDC1170335.1	QIZ21485.1	88.592	561	64	0	1	561	1	561	0.0	1030
MDC1170336.1	QIZ21486.1	85.407	418	61	0	1	418	1	418	0.0	759
MDC1170337.1	QIZ21487.1	68.182	88	28	0	1	88	1	88	5.27e-46	138
MDC1170338.1	QIZ21488.1	76.553	998	234	0	1	998	1	998	0.0	1652
MDC1170339.1	QIZ21489.1	51.282	195	94	1	1	194	1	195	3.26e-70	207
MDC1170340.1	QIZ21490.1	76.325	283	67	0	1	283	1	283	1.46e-156	433
MDC1170341.1	QIZ21492.1	49.315	146	73	1	1	145	1	146	3.78e-50	153
MDC1170342.1	QIZ21493.1	73.279	247	66	0	1	247	1	247	2.12e-120	339
MDC1170343.1	QIZ21494.1	66.372	113	38	0	1	113	1	113	7.92e-55	162
MDC1170344.1	QIZ21495.1	54.980	251	113	0	1	251	1	251	3.57e-102	293
MDC1170345.1	QIZ21496.1	98.529	68	1	0	1	68	1	68	8.57e-47	139
MDC1170346.1	QIZ21497.1	72.727	154	42	0	1	154	1	154	1.00e-83	239
MDC1170347.1	QIZ21498.1	74.096	332	85	1	16	347	16	346	0.0	509
MDC1170348.1	QIZ21499.1	78.528	163	35	0	1	163	1	163	5.12e-88	250
MDC1170349.1	QIZ21500.1	80.997	321	61	0	1	321	1	321	0.0	559
MDC1170350.1	QIZ21501.1	76.909	550	127	0	1	550	1	550	0.0	884
MDC1170352.1	QIZ20921.1	48.588	177	88	1	1	177	1	174	5.62e-55	173
MDC1170353.1	QIZ20922.1	67.238	467	149	3	1	465	1	465	0.0	612
MDC1170354.1	QIZ21496.1	73.846	65	17	0	3	67	2	66	1.06e-31	100
MDC1170355.1	QIZ20923.1	83.099	71	12	0	1	71	1	71	3.10e-41	125
MDC1170356.1	QIZ20924.1	80.562	427	83	0	1	427	1	427	0.0	687
MDC1170357.1	QIZ20925.1	67.969	128	41	0	1	128	1	128	8.83e-63	184
MDC1170358.1	QIZ20926.1	79.616	417	85	0	1	417	1	417	0.0	657
MDC1170359.1	QIZ20927.1	75.676	185	44	1	1	184	1	185	9.28e-99	279
MDC1170360.1	QIZ20928.1	87.879	66	6	2	1	65	1	65	3.51e-26	86.7
MDC1170361.1	QIZ20929.1	65.690	239	82	0	1	239	1	239	9.45e-119	334
MDC1170362.1	QIZ20930.1	84.000	50	8	0	1	50	1	50	2.07e-23	78.6
MDC1170363.1	QIZ20931.1	75.439	114	27	1	1	113	1	114	3.05e-55	163
MDC1170364.1	QIZ20932.1	67.470	83	27	0	1	83	1	83	2.94e-35	110
MDC1170365.1	QIZ20933.1	73.166	559	149	1	1	559	1	558	0.0	877
MDC1170366.1	QIZ20934.1	67.014	288	95	0	1	288	1	288	1.04e-137	386
MDC1170367.1	QIZ20935.1	85.973	221	31	0	1	221	1	221	8.49e-145	399
MDC1170368.1	QIZ20936.1	75.273	275	65	1	1	272	1	275	2.48e-161	444
MDC1170369.1	QIZ20937.1	77.604	384	86	0	1	384	1	384	0.0	622
MDC1170370.1	QIZ20939.1	79.288	309	64	0	1	309	1	309	0.0	515
MDC1170371.1	QIZ20940.1	80.769	156	30	0	1	156	1	156	1.25e-95	269
MDC1170372.1	QIZ20941.1	65.854	246	84	0	1	246	1	246	4.92e-123	345
MDC1170373.1	QIZ20942.1	64.839	310	109	0	1	310	1	310	8.77e-148	413
MDC1170374.1	QIZ20943.1	80.814	172	33	0	1	172	1	172	9.55e-104	291
MDC1170375.1	QIZ20944.1	54.132	593	264	3	1	592	1	586	0.0	618
MDC1170377.1	QIZ20945.1	66.667	168	56	0	1	168	1	168	2.36e-76	221
MDC1170378.1	QIZ20946.1	64.754	366	129	0	1	366	1	366	1.59e-155	437
MDC1170379.1	QIZ20947.1	66.279	86	29	0	1	86	10	95	6.08e-34	108
MDC1170380.1	QIZ20948.1	80.571	175	34	0	1	175	1	175	2.46e-107	300
MDC1170381.1	QIZ20949.1	90.741	324	30	0	1	324	1	324	0.0	629
MDC1170382.1	QIZ20950.1	70.100	602	178	2	1	600	1	602	0.0	851
MDC1170383.1	QIZ20951.1	63.380	426	156	0	1	426	1	426	0.0	549
MDC1170384.1	QIZ20952.1	87.465	359	45	0	1	359	327	685	0.0	657
MDC1170385.1	QIZ20869.1	56.667	180	70	3	1	179	676	848	5.64e-63	203
MDC1170386.1	QIZ20870.1	77.260	365	80	1	1	362	1	365	0.0	581
MDC1170387.1	QIZ20871.1	77.123	730	156	3	1	719	4	733	0.0	1185
MDC1170388.1	QIZ20872.1	83.744	203	33	0	1	203	1	203	1.94e-128	355
MDC1170389.1	QIZ20873.1	79.048	105	22	0	1	105	1	105	1.87e-57	168
MDC1170390.1	QIZ20874.1	71.556	559	148	3	1	550	1	557	0.0	776
MDC1170391.1	QIZ20875.1	82.609	276	48	0	1	276	1	276	4.14e-175	480
MDC1170392.1	QIZ20876.1	63.786	243	88	0	2	244	3	245	1.62e-105	301
MDC1170393.1	QIZ20877.1	69.832	179	54	0	1	179	11	189	1.57e-95	271
MDC1170394.1	QIZ20878.1	81.230	309	58	0	1	309	1	309	0.0	517
MDC1170395.1	QIZ20879.1	78.811	387	82	0	1	387	1	387	0.0	607
MDC1170396.1	QIZ20881.1	76.506	166	37	2	1	164	1	166	1.24e-93	265
MDC1170397.1	QIZ20882.1	73.502	317	84	0	1	317	1	317	0.0	504
MDC1170398.1	QIZ20883.1	83.744	203	33	0	1	203	1	203	2.39e-130	360
MDC1170399.1	QIZ20884.1	64.630	311	110	0	12	322	13	323	2.03e-141	398
MDC1170401.1	QIZ20886.1	67.054	258	85	0	1	258	1	258	3.60e-125	352
MDC1170402.1	QIZ20887.1	67.780	419	134	1	20	437	20	438	0.0	530
MDC1170403.1	QIZ20889.1	86.285	576	78	1	1	575	1	576	0.0	1018
MDC1170404.1	QIZ20890.1	81.915	94	17	0	1	94	1	94	5.01e-54	159
MDC1170405.1	QIZ20891.1	38.261	230	134	6	1	224	2	229	7.62e-39	130
MDC1170406.1	QIZ20892.1	69.756	205	62	0	3	207	5	209	1.36e-100	286
MDC1170407.1	QIZ20893.1	87.010	408	53	0	1	408	1	408	0.0	750
MDC1170408.1	QIZ21362.1	95.082	61	3	0	1	61	1	61	2.87e-29	103
MDC1170409.1	QIZ21361.1	75.000	152	38	0	1	152	1	152	4.84e-71	206
MDC1170410.1	QIZ21360.1	84.416	385	59	1	1	384	1	385	0.0	674
MDC1170411.1	QIZ21359.1	87.337	1074	136	0	1	1074	1	1074	0.0	1955
MDC1170413.1	QIZ21319.1	87.273	220	28	0	1	220	1	220	9.06e-148	406
MDC1170414.1	QIZ21318.1	58.257	218	90	1	1	217	95	312	6.88e-86	253
MDC1170415.1	QIZ21318.1	80.899	89	17	0	1	89	1	89	8.47e-48	150
MDC1170416.1	QIZ21317.1	92.038	314	25	0	1	314	1	314	0.0	608
MDC1170417.1	QIZ21314.1	76.131	398	91	1	1	394	1	398	0.0	644
MDC1170418.1	QIZ21313.1	90.463	713	68	0	1	713	1	713	0.0	1358
MDC1170419.1	QIZ21312.1	78.000	250	55	0	1	250	1	250	2.70e-138	384
MDC1170420.1	QIZ21310.1	84.397	141	22	0	1	141	1	141	1.79e-81	232
MDC1170421.1	QIZ21309.1	85.270	611	90	0	1	611	1	611	0.0	1100
MDC1170422.1	QIZ21308.1	90.155	193	19	0	1	193	1	193	1.18e-127	353
MDC1170423.1	QIZ21307.1	87.586	290	36	0	1	290	1	290	0.0	545
MDC1170424.1	QIZ21306.1	77.083	144	33	0	1	144	1	144	1.04e-76	220
MDC1170425.1	QIZ21305.1	76.000	225	54	0	1	225	1	225	4.55e-125	349
MDC1170426.1	QIZ21304.1	70.387	439	130	0	1	439	1	439	0.0	645
MDC1170427.1	QIZ21303.1	66.667	66	22	0	1	66	1	66	1.75e-26	88.6
MDC1170428.1	QIZ21302.1	63.821	246	88	1	1	245	1	246	5.59e-116	328
MDC1170429.1	QIZ21301.1	63.380	142	52	0	1	142	28	169	1.16e-56	176
MDC1170430.1	QIZ21015.1	90.338	207	20	0	1	207	1	207	1.39e-140	394
MDC1170431.1	QIZ21016.1	56.539	497	215	1	16	511	19	515	0.0	527
MDC1170432.1	QIZ21017.1	64.474	152	54	0	1	152	1	152	1.05e-56	170
MDC1170433.1	QIZ21018.1	87.879	330	40	0	1	330	1	330	0.0	596
MDC1170434.1	QIZ21019.1	73.094	446	116	1	1	442	10	455	0.0	674
MDC1170435.1	QIZ21020.1	91.176	136	12	0	1	136	1	136	1.93e-89	251
MDC1170436.1	QIZ21021.1	65.625	128	44	0	1	128	1	128	3.21e-57	169
MDC1170437.1	QIZ21022.1	63.253	332	121	1	22	353	2	332	7.33e-157	439
MDC1170439.1	QIZ21023.1	76.111	180	42	1	1	179	1	180	1.70e-100	283
MDC1170440.1	QIZ21024.1	78.679	333	71	0	1	333	1	333	0.0	548
MDC1170441.1	QIZ21025.1	69.155	509	156	1	1	509	1	508	0.0	674
MDC1170442.1	QIZ21026.1	84.363	761	118	1	1	761	1	760	0.0	1306
MDC1170443.1	QIZ21027.1	76.020	196	47	0	1	196	1	196	3.91e-113	317
MDC1170444.1	QIZ21028.1	61.871	278	106	0	9	286	10	287	1.16e-122	348
MDC1170445.1	QIZ21029.1	59.375	384	155	1	1	384	1	383	1.54e-153	434
MDC1170446.1	QIZ21030.1	65.306	196	68	0	3	198	5	200	5.14e-84	243
MDC1170447.1	QIZ21031.1	74.157	178	45	1	35	211	33	210	2.53e-93	268
MDC1170448.1	QIZ21032.1	91.733	629	51	1	1	629	1	628	0.0	1165
MDC1170449.1	QIZ21033.1	84.392	378	54	2	1	378	1	373	0.0	632
MDC1170450.1	QIZ21034.1	68.807	109	34	0	1	109	1	109	3.81e-50	155
MDC1170451.1	QIZ20696.1	54.867	226	102	0	1	226	24	249	1.95e-89	260
MDC1170452.1	QIZ20697.1	64.286	182	65	0	1	182	1	182	3.23e-84	242
MDC1170453.1	QIZ20698.1	71.939	392	110	0	1	392	1	392	0.0	575
MDC1170455.1	QIZ20699.1	71.084	415	119	1	1	415	1	414	0.0	619
MDC1170456.1	QIZ20700.1	86.345	952	130	0	1	952	1	952	0.0	1722
MDC1170457.1	QIZ20701.1	88.095	126	15	0	1	126	1	126	2.28e-82	233
MDC1170458.1	QIZ20702.1	69.146	363	112	0	5	367	5	367	0.0	522
MDC1170459.1	QIZ20703.1	66.212	293	95	1	1	289	1	293	6.68e-134	377
MDC1170460.1	QIZ20704.1	56.508	315	135	2	1	313	1	315	6.08e-122	348
MDC1170461.1	QIZ20705.1	61.947	226	82	1	1	222	1	226	2.50e-99	284
MDC1170462.1	QIZ20706.1	75.486	257	63	0	1	257	9	265	7.52e-147	407
MDC1170463.1	QIZ20707.1	64.024	164	57	2	1	163	1	163	1.19e-71	209
MDC1170464.1	QIZ20714.1	64.706	204	71	1	1	203	1	204	6.98e-91	261
MDC1170465.1	QIZ20715.1	64.729	258	90	1	4	261	1	257	3.96e-118	334
MDC1170466.1	QIZ20717.1	79.655	521	104	2	1	519	1	521	0.0	833
MDC1170467.1	QIZ20718.1	51.724	145	70	0	1	145	1	145	1.30e-49	151
MDC1170468.1	QIZ20719.1	81.564	358	66	0	1	358	1	358	0.0	581
MDC1170469.1	QIZ20720.1	74.384	203	52	0	1	203	1	203	4.58e-110	309
MDC1170470.1	QIZ20721.1	76.412	301	71	0	1	301	1	301	1.65e-174	480
MDC1170471.1	QIZ20722.1	68.284	268	84	1	1	268	1	267	1.75e-128	361
MDC1170472.1	QIZ20723.1	79.710	207	42	0	1	207	9	215	1.39e-127	354
MDC1170473.1	QIZ20757.1	73.516	219	58	0	1	219	104	322	4.42e-112	320
MDC1170474.1	QIZ20758.1	91.809	293	24	0	1	293	1	293	0.0	557
MDC1170475.1	QIZ20759.1	90.000	430	43	0	1	430	1	430	0.0	803
MDC1170476.1	QIZ20760.1	70.370	270	80	0	1	270	1	270	9.13e-134	375
MDC1170477.1	QIZ20761.1	71.071	439	123	1	2	436	4	442	0.0	621
MDC1170478.1	QIZ20762.1	55.524	353	152	2	1	352	1	349	4.30e-131	374
MDC1170479.1	QIZ20763.1	91.083	628	55	1	3	629	1	628	0.0	1127
MDC1170480.1	QIZ20764.1	47.041	338	172	2	9	339	6	343	3.06e-101	298
MDC1170481.1	QIZ20765.1	73.684	323	78	3	3	323	4	321	5.29e-175	483
MDC1170482.1	QIZ20766.1	88.679	159	18	0	1	159	1	159	5.10e-100	280
MDC1170483.1	QIZ20767.1	88.863	431	48	0	20	450	16	446	0.0	804
MDC1170484.1	QIZ20768.1	76.580	269	63	0	1	269	1	269	3.15e-133	373
MDC1170485.1	QIZ20769.1	95.652	138	6	0	1	138	1	138	1.20e-95	267
MDC1170486.1	QIZ20770.1	81.250	224	42	0	1	224	1	224	2.25e-135	375
MDC1170487.1	QIZ20771.1	85.976	164	23	0	1	164	1	164	9.37e-106	295
MDC1170488.1	QIZ20772.1	77.593	241	54	0	1	241	1	241	6.78e-145	400
MDC1170489.1	QIZ20773.1	77.903	267	59	0	1	267	1	267	1.35e-161	445
MDC1170490.1	QIZ20774.1	51.656	151	73	0	1	151	30	180	7.12e-53	161
MDC1170493.1	QIZ20844.1	36.145	332	198	9	150	475	34	357	6.55e-45	157
MDC1170501.1	QIZ21433.1	57.193	285	122	0	1	285	1	285	3.64e-116	331
MDC1170502.1	QIZ21432.1	87.218	399	48	2	1	398	1	397	0.0	669
MDC1170503.1	QIZ21429.1	83.973	443	71	0	14	456	1	443	0.0	746
MDC1170504.1	QIZ21428.1	90.774	336	31	0	1	336	1	336	0.0	614
MDC1170505.1	QIZ21427.1	87.234	235	30	0	1	235	1	235	4.60e-143	395
MDC1170506.1	QIZ21426.1	84.496	258	40	0	2	259	4	261	2.36e-161	444
MDC1170508.1	QIZ21425.1	76.667	300	70	0	3	302	4	303	5.13e-176	484
MDC1170509.1	QIZ21424.1	72.642	106	29	0	1	106	1	106	6.72e-51	152
MDC1170510.1	QIZ21423.1	80.342	234	46	0	1	234	1	234	1.04e-144	399
MDC1170511.1	QIZ20203.1	36.364	275	166	6	14	280	18	291	2.24e-34	130
MDC1170511.1	QIZ20203.1	35.583	163	102	3	373	533	277	438	1.81e-28	113
MDC1170514.1	QIZ21416.1	79.592	98	20	0	1	98	1	98	4.78e-56	164
MDC1170515.1	QIZ21415.1	83.333	84	14	0	1	84	1	84	1.45e-52	154
MDC1170516.1	QIZ21414.1	81.301	123	22	1	1	122	1	123	1.68e-73	210
MDC1170517.1	QIZ21413.1	77.544	285	64	0	1	285	13	297	3.36e-165	456
MDC1170521.1	QIZ21539.1	61.143	175	68	0	1	175	6	180	1.38e-64	192
MDC1170522.1	QIZ21540.1	55.556	144	64	0	12	155	4	147	9.30e-63	185
MDC1170523.1	QIZ20189.1	40.748	508	278	8	7	504	5	499	6.26e-121	360
MDC1170525.1	QIZ20187.1	32.180	289	181	8	45	326	46	326	4.88e-36	128
MDC1170526.1	QIZ21513.1	41.820	813	463	7	4	809	1	810	0.0	638
MDC1170528.1	QIZ20544.1	60.000	175	64	1	1	175	1	169	8.31e-76	220
MDC1170529.1	QIZ20197.1	27.622	286	200	5	3	284	4	286	2.49e-24	95.1
MDC1170531.1	QIZ20589.1	62.105	285	108	0	3	287	4	288	8.22e-132	371
MDC1170532.1	QIZ20213.1	73.333	150	40	0	21	170	28	177	7.10e-77	223
MDC1170533.1	QIZ20211.1	76.042	96	23	0	1	96	1	96	2.57e-51	152
MDC1170534.1	QIZ20542.1	48.125	160	82	1	1	160	1	159	1.08e-48	159
MDC1170535.1	QIZ21300.1	59.684	253	102	0	1	253	1	253	1.09e-90	264
MDC1170536.1	QIZ21299.1	90.645	310	29	0	1	310	1	310	0.0	544
MDC1170537.1	QIZ21298.1	67.873	221	70	1	1	221	1	220	1.39e-97	280
MDC1170538.1	QIZ21297.1	80.645	186	36	0	1	186	1	186	2.17e-112	313
MDC1170539.1	QIZ21296.1	86.835	357	47	0	1	357	1	357	0.0	650
MDC1170540.1	QIZ21295.1	75.769	260	60	2	1	258	1	259	1.92e-142	395
MDC1170541.1	QIZ21294.1	92.601	419	31	0	1	419	1	419	0.0	776
MDC1170542.1	QIZ21293.1	86.391	169	23	0	1	169	1	169	8.70e-106	295
MDC1170543.1	QIZ21292.1	73.973	146	38	0	11	156	6	151	1.01e-80	231
MDC1170544.1	QIZ21291.1	71.898	274	77	0	1	274	1	274	2.17e-149	414
MDC1170545.1	QIZ21290.1	86.709	158	21	0	1	158	1	158	4.73e-99	278
MDC1170546.1	QIZ21289.1	59.338	423	172	0	1	423	1	423	0.0	515
MDC1170547.1	QIZ21288.1	52.313	281	133	1	1	280	1	281	9.44e-87	256
MDC1170548.1	QIZ21287.1	69.863	146	44	0	1	146	416	561	2.74e-69	214
MDC1170550.1	QIZ20953.1	45.755	212	106	3	3	206	7	217	8.51e-55	174
MDC1170551.1	QIZ20961.1	83.944	355	57	0	1	355	1	355	0.0	625
MDC1170552.1	QIZ20962.1	94.915	118	6	0	1	118	1	118	2.63e-81	229
MDC1170553.1	QIZ20963.1	95.588	68	3	0	1	68	1	68	1.54e-42	128
MDC1170554.1	QIZ20964.1	89.503	181	19	0	1	181	1	181	1.45e-122	339
MDC1170555.1	QIZ20965.1	86.991	638	83	0	1	638	1	638	0.0	1184
MDC1170556.1	QIZ20966.1	71.174	281	81	0	1	281	104	384	3.88e-155	434
MDC1170557.1	QIZ20460.1	54.622	119	54	0	1	119	1	119	3.01e-39	125
MDC1170558.1	QIZ20461.1	76.271	472	111	1	1	472	1	471	0.0	682
MDC1170559.1	QIZ20462.1	84.318	491	75	1	1	491	1	489	0.0	843
MDC1170560.1	QIZ20463.1	81.319	637	115	1	1	633	1	637	0.0	1065
MDC1170561.1	QIZ20464.1	85.437	103	15	0	1	103	1	103	3.27e-49	147
MDC1170562.1	QIZ20465.1	78.469	209	45	0	1	209	2	210	3.52e-122	340
MDC1170563.1	QIZ20466.1	91.304	161	14	0	1	161	1	161	7.99e-113	313
MDC1170564.1	QIZ20467.1	93.072	332	23	0	1	332	1	332	0.0	622
MDC1170565.1	QIZ20468.1	73.235	680	178	2	1	677	1	679	0.0	1044
MDC1170566.1	QIZ20469.1	85.532	235	34	0	1	235	206	440	5.98e-153	428
MDC1170567.1	QIZ21443.1	92.994	157	11	0	1	157	128	284	1.65e-91	263
MDC1170568.1	QIZ21444.1	84.324	740	116	0	1	740	1	740	0.0	1289
MDC1170569.1	QIZ21445.1	69.953	213	64	0	1	213	1	213	1.98e-112	316
MDC1170570.1	QIZ21446.1	57.965	226	90	1	18	238	18	243	6.55e-91	264
MDC1170571.1	QIZ21447.1	92.453	318	24	0	1	318	1	318	0.0	617
MDC1170572.1	QIZ21448.1	75.314	478	118	0	1	478	1	478	0.0	762
MDC1170573.1	QIZ20296.1	89.516	124	13	0	1	124	1	124	4.18e-74	231
MDC1170574.1	QIZ20297.1	70.312	192	56	1	1	192	1	191	1.07e-95	272
MDC1170575.1	QIZ20742.1	26.747	415	261	12	28	423	25	415	1.45e-36	134
MDC1170576.1	QIZ20298.1	91.374	313	27	0	1	313	1	313	0.0	595
MDC1170577.1	QIZ20299.1	74.172	151	39	0	1	151	1	151	6.17e-78	224
MDC1170578.1	QIZ20300.1	82.105	95	17	0	1	95	1	95	3.18e-53	157
MDC1170579.1	QIZ20301.1	87.835	485	59	0	1	485	1	485	0.0	862
MDC1170580.1	QIZ20302.1	90.722	194	18	0	1	194	1	194	1.96e-120	345
MDC1170581.1	QIZ20691.1	89.773	792	81	0	1	792	130	921	0.0	1524
MDC1170582.1	QIZ20692.1	66.667	480	160	0	4	483	12	491	0.0	691
MDC1170584.1	QIZ20694.1	86.376	367	50	0	1	367	1	367	0.0	645
MDC1170585.1	QIZ20695.1	74.576	118	30	0	1	118	38	155	3.01e-44	137
MDC1170586.1	QIZ20652.1	36.979	192	109	6	20	207	20	203	5.68e-24	94.0
MDC1170587.1	QIZ20653.1	39.037	374	215	8	1	364	1	371	2.88e-71	223
MDC1170588.1	QIZ20654.1	43.575	358	201	1	2	359	1	357	4.74e-84	255
MDC1170589.1	QIZ20655.1	37.562	812	474	12	1	786	1	805	2.62e-155	469
MDC1170590.1	QIZ20656.1	43.750	208	112	3	34	239	27	231	3.97e-44	146
MDC1170591.1	QIZ21286.1	67.816	174	56	0	2	175	68	241	3.98e-79	231
MDC1170592.1	QIZ21285.1	70.811	185	54	0	1	185	1	185	4.48e-92	262
MDC1170593.1	QIZ21284.1	89.326	356	38	0	1	356	1	356	0.0	668
MDC1170594.1	QIZ21283.1	48.698	384	195	2	1	383	1	383	3.13e-131	377
MDC1170595.1	QIZ21282.1	63.692	325	118	0	1	325	1	325	1.33e-147	414
MDC1170596.1	QIZ21281.1	79.688	128	26	0	1	128	1	128	2.47e-67	196
MDC1170597.1	QIZ20775.1	79.817	109	22	0	1	109	1	109	9.80e-59	173
MDC1170598.1	QIZ20776.1	59.434	106	43	0	1	106	1	106	1.16e-33	108
MDC1170599.1	QIZ20777.1	76.037	651	156	0	1	651	1	651	0.0	1050
MDC1170600.1	QIZ20778.1	78.378	333	72	0	1	333	1	333	0.0	549
MDC1170601.1	QIZ20779.1	62.694	193	72	0	1	193	1	193	1.09e-87	259
MDC1170602.1	QIZ20898.1	30.952	336	227	2	4	338	5	336	6.83e-59	192
MDC1170603.1	QIZ20908.1	47.826	230	113	3	1	223	1	230	2.17e-69	208
MDC1170605.1	QIZ20920.1	50.655	229	112	1	1	229	1	228	3.39e-78	230
MDC1170606.1	QIZ20921.1	42.308	104	60	0	1	104	242	345	8.85e-27	96.7
MDC1170607.1	QIZ20967.1	71.311	244	70	0	2	245	3	246	3.76e-116	328
MDC1170608.1	QIZ20969.1	73.770	183	48	0	4	186	1319	1501	5.04e-94	294
MDC1170609.1	QIZ20969.1	77.401	177	40	0	2	178	1143	1319	1.17e-89	282
MDC1170610.1	QIZ20969.1	86.777	605	80	0	1	605	545	1149	0.0	1102
MDC1170611.1	QIZ20424.1	59.615	156	63	0	11	166	216	371	1.11e-53	170
MDC1170612.1	QIZ20425.1	74.850	167	42	0	1	167	1	167	2.25e-82	236
MDC1170613.1	QIZ20426.1	76.296	135	32	0	19	153	18	152	1.88e-71	207
MDC1170614.1	QIZ20427.1	74.483	145	37	0	1	145	1	145	6.97e-80	228
MDC1170615.1	QIZ20428.1	80.392	306	60	0	1	306	3	308	0.0	508
MDC1170616.1	QIZ20429.1	67.010	97	32	0	1	97	1	97	2.22e-41	127
MDC1170617.1	QIZ20430.1	85.185	135	20	0	1	135	284	418	3.45e-82	243
MDC1170618.1	QIZ20868.1	67.819	376	121	0	3	378	20	395	0.0	535
MDC1170619.1	QIZ20869.1	83.279	610	102	0	1	610	1	610	0.0	1042
MDC1170620.1	QIZ21079.1	75.676	444	108	0	1	444	75	518	0.0	671
MDC1170622.1	QIZ21078.1	70.698	215	61	1	1	215	1	213	4.45e-113	318
MDC1170623.1	QIZ21077.1	50.292	171	84	1	1	170	207	377	1.74e-54	172
MDC1170624.1	QIZ20663.1	78.947	57	12	0	1	57	1	57	6.71e-32	102
MDC1170625.1	QIZ20662.1	69.805	308	93	0	1	308	1	308	7.34e-150	419
MDC1170626.1	QIZ20661.1	82.857	245	41	1	1	244	3	247	5.08e-148	409
MDC1170627.1	QIZ20660.1	91.139	79	7	0	1	79	1	79	2.64e-46	138
MDC1170628.1	QIZ20659.1	73.404	188	50	0	1	188	1	188	7.41e-104	293
MDC1170629.1	QIZ21143.1	68.539	267	84	0	1	267	8	274	1.08e-122	347
MDC1170630.1	QIZ21144.1	89.602	452	47	0	1	452	1	452	0.0	794
MDC1170632.1	QIZ20469.1	80.435	138	27	0	1	138	1	138	5.62e-82	243
MDC1170633.1	QIZ20470.1	78.713	202	43	0	1	202	1	202	4.01e-126	350
MDC1170634.1	QIZ20471.1	94.262	366	21	0	1	366	26	391	0.0	719
