MDA9606114.1	QIZ21247.1	53.378	148	64	2	1	146	1	145	5.01e-48	153
MDA9606115.1	QIZ21248.1	52.607	422	197	3	1	421	1	420	9.22e-132	381
MDA9606116.1	QIZ21249.1	64.360	578	206	0	1	578	1	578	0.0	762
MDA9606117.1	QIZ21250.1	74.825	286	72	0	1	286	1	286	3.19e-158	438
MDA9606118.1	QIZ21251.1	90.299	134	13	0	1	134	1	134	2.07e-92	259
MDA9606119.1	QIZ21252.1	97.531	324	8	0	1	324	1	324	0.0	640
MDA9606120.1	QIZ21253.1	94.624	279	15	0	1	279	1	279	0.0	545
MDA9606122.1	QIZ21254.1	84.507	71	11	0	3	73	9	79	1.52e-44	133
MDA9606123.1	QIZ21255.1	91.597	119	10	0	1	119	1	119	5.74e-80	226
MDA9606125.1	QIZ21256.1	93.182	220	15	0	1	220	1	220	1.19e-143	395
MDA9606126.1	QIZ21257.1	90.558	233	22	0	1	233	1	233	9.08e-153	419
MDA9606127.1	QIZ21258.1	91.144	271	24	0	1	271	1	271	1.88e-180	493
MDA9606128.1	QIZ21259.1	99.265	544	4	0	1	544	1	544	0.0	1083
MDA9606129.1	QIZ21260.1	96.700	303	10	0	1	303	1	303	0.0	587
MDA9606130.1	QIZ21262.1	97.753	178	4	0	1	178	1	178	3.46e-130	358
MDA9606131.1	QIZ21263.1	98.855	262	3	0	1	262	1	262	0.0	525
MDA9606132.1	QIZ21264.1	84.793	217	33	0	1	217	1	217	9.83e-124	345
MDA9606133.1	QIZ21265.1	91.048	458	41	0	1	458	1	458	0.0	860
MDA9606134.1	QIZ21266.1	88.820	161	18	0	1	161	1	161	1.14e-110	307
MDA9606135.1	QIZ21267.1	96.454	141	5	0	1	141	1	141	4.30e-97	271
MDA9606136.1	QIZ21268.1	90.994	322	29	0	1	322	1	322	0.0	598
MDA9606137.1	QIZ21269.1	92.038	314	25	0	1	314	1	314	0.0	594
MDA9606138.1	QIZ21270.1	90.997	311	28	0	1	311	1	311	0.0	555
MDA9606139.1	QIZ21271.1	91.292	356	30	1	1	356	1	355	0.0	641
MDA9606140.1	QIZ21272.1	87.633	283	35	0	1	283	1	283	1.30e-171	471
MDA9606141.1	QIZ21273.1	98.144	485	9	0	1	485	1	485	0.0	976
MDA9606142.1	QIZ21274.1	96.429	168	6	0	1	168	1	168	3.57e-110	306
MDA9606143.1	QIZ21275.1	93.855	179	11	0	1	179	1	179	1.37e-120	334
MDA9606144.1	QIZ21276.1	100.000	75	0	0	1	75	1	75	1.79e-46	138
MDA9606145.1	QIZ21277.1	99.590	244	1	0	1	244	1	244	2.16e-176	480
MDA9606146.1	QIZ21278.1	94.505	91	5	0	1	91	1	91	6.45e-59	171
MDA9606147.1	QIZ21279.1	96.966	857	26	0	1	857	1	857	0.0	1658
MDA9606148.1	QIZ21280.1	96.939	196	6	0	1	196	1	196	4.73e-140	384
MDA9606149.1	QIZ21281.1	91.358	162	14	0	1	162	1	162	7.95e-99	277
MDA9606150.1	QIZ21282.1	63.272	324	116	1	1	324	5	325	6.05e-151	422
MDA9606151.1	QIZ21283.1	66.841	383	127	0	1	383	1	383	0.0	525
MDA9606152.1	QIZ21284.1	95.763	354	15	0	1	354	1	354	0.0	708
MDA9606153.1	QIZ21285.1	93.548	186	12	0	1	186	1	186	2.74e-127	351
MDA9606154.1	QIZ21286.1	94.650	243	13	0	1	243	1	243	1.65e-161	442
MDA9606155.1	QIZ21287.1	93.750	528	33	0	1	528	34	561	0.0	973
MDA9606156.1	QIZ21288.1	90.747	281	26	0	1	281	1	281	1.66e-172	473
MDA9606157.1	QIZ21289.1	94.575	424	23	0	1	424	1	424	0.0	804
MDA9606158.1	QIZ21290.1	97.468	158	4	0	1	158	1	158	1.25e-110	307
MDA9606159.1	QIZ21291.1	93.455	275	18	0	1	275	1	275	0.0	530
MDA9606160.1	QIZ21292.1	96.078	153	6	0	1	153	1	153	4.74e-110	305
MDA9606161.1	QIZ21293.1	97.041	169	5	0	1	169	1	169	5.69e-125	344
MDA9606162.1	QIZ21294.1	99.279	416	3	0	1	416	1	416	0.0	830
MDA9606163.1	QIZ21295.1	96.139	259	10	0	1	259	1	259	0.0	520
MDA9606164.1	QIZ21296.1	97.479	357	9	0	1	357	1	357	0.0	713
MDA9606165.1	QIZ21297.1	96.774	186	6	0	1	186	1	186	6.13e-132	363
MDA9606166.1	QIZ21298.1	92.273	220	17	0	1	220	1	220	2.47e-136	378
MDA9606167.1	QIZ21299.1	97.097	310	9	0	1	310	1	310	0.0	602
MDA9606168.1	QIZ21300.1	94.071	253	15	0	1	253	1	253	3.46e-148	410
MDA9606169.1	QIZ21301.1	93.948	347	21	0	1	347	1	347	0.0	632
MDA9606170.1	QIZ21302.1	92.913	254	18	0	1	254	1	254	4.05e-174	475
MDA9606171.1	QIZ21303.1	97.143	70	2	0	1	70	1	70	7.99e-43	130
MDA9606172.1	QIZ21304.1	95.900	439	18	0	1	439	1	439	0.0	854
MDA9606173.1	QIZ21305.1	96.444	225	8	0	1	225	1	225	4.26e-155	425
MDA9606174.1	QIZ21306.1	100.000	145	0	0	1	145	1	145	4.53e-101	281
MDA9606175.1	QIZ21307.1	88.276	290	34	0	1	290	1	290	0.0	548
MDA9606176.1	QIZ21308.1	98.969	194	2	0	1	194	1	194	4.03e-139	382
MDA9606177.1	QIZ21309.1	97.872	611	13	0	1	611	1	611	0.0	1232
MDA9606178.1	QIZ21310.1	97.163	141	4	0	1	141	1	141	1.40e-94	265
MDA9606179.1	QIZ21312.1	98.400	250	4	0	1	250	1	250	0.0	503
MDA9606180.1	QIZ21313.1	99.032	723	7	0	1	723	1	723	0.0	1481
MDA9606181.1	QIZ21314.1	98.241	398	7	0	1	398	1	398	0.0	806
MDA9606182.1	QIZ21315.1	97.315	149	4	0	1	149	1	149	7.03e-108	299
MDA9606183.1	QIZ21316.1	85.514	214	31	0	1	214	1	214	6.80e-128	355
MDA9606185.1	QIZ21317.1	95.847	313	13	0	1	313	1	313	0.0	622
MDA9606186.1	QIZ21318.1	61.146	314	119	3	1	312	1	313	3.57e-139	392
MDA9606187.1	QIZ21319.1	78.995	219	46	0	1	219	1	219	2.39e-131	364
MDA9606190.1	QIZ21359.1	97.486	1074	27	0	1	1074	1	1074	0.0	2147
MDA9606191.1	QIZ21360.1	97.487	398	10	0	1	398	1	398	0.0	788
MDA9606192.1	QIZ21361.1	93.464	153	10	0	1	153	1	153	2.91e-93	263
MDA9606193.1	QIZ21362.1	97.124	591	17	0	1	591	1	591	0.0	1167
MDA9606194.1	QIZ21363.1	98.517	607	9	0	1	607	1	607	0.0	1212
MDA9606195.1	QIZ21364.1	74.242	198	50	1	1	198	1	197	2.90e-105	296
MDA9606196.1	QIZ21365.1	67.050	261	85	1	1	260	1	261	2.24e-131	368
MDA9606197.1	QIZ21366.1	80.081	246	49	0	1	246	1	246	2.83e-143	397
MDA9606198.1	QIZ21367.1	98.065	155	3	0	1	155	1	155	3.72e-114	315
MDA9606199.1	QIZ21368.1	94.747	495	26	0	1	495	1	495	0.0	877
MDA9606200.1	QIZ21369.1	96.131	336	13	0	1	336	1	336	0.0	649
MDA9606202.1	QIZ20733.1	67.241	290	95	0	1	290	1	290	8.87e-138	386
MDA9606204.1	QIZ20732.1	94.366	426	24	0	1	426	1	426	0.0	833
MDA9606205.1	QIZ20731.1	95.420	131	6	0	1	131	1	131	8.87e-92	257
MDA9606206.1	QIZ20730.1	86.772	189	25	0	1	189	1	189	3.18e-120	333
MDA9606207.1	QIZ20729.1	92.500	120	9	0	1	120	1	120	6.50e-82	231
MDA9606208.1	QIZ20728.1	92.532	308	23	0	1	308	1	308	0.0	558
MDA9606209.1	QIZ20727.1	62.037	432	163	1	1	431	1	432	6.10e-178	499
MDA9606210.1	QIZ20726.1	96.063	381	15	0	1	381	1	381	0.0	743
MDA9606214.1	QIZ20725.1	92.576	889	66	0	1	889	1	889	0.0	1679
MDA9606215.1	QIZ20724.1	88.861	404	45	0	1	404	1	404	0.0	759
MDA9606216.1	QIZ20723.1	94.419	215	12	0	1	215	1	215	2.55e-154	422
MDA9606217.1	QIZ20722.1	94.382	267	15	0	1	267	1	267	1.65e-177	485
MDA9606218.1	QIZ20721.1	86.424	302	41	0	1	302	1	302	0.0	540
MDA9606219.1	QIZ20720.1	96.552	203	7	0	1	203	1	203	4.41e-142	390
MDA9606220.1	QIZ20719.1	94.972	358	18	0	1	358	1	358	0.0	648
MDA9606221.1	QIZ20718.1	94.483	145	8	0	1	145	1	145	1.63e-94	265
MDA9606222.1	QIZ20717.1	93.090	521	36	0	1	521	1	521	0.0	969
MDA9606223.1	QIZ20716.1	95.683	139	6	0	1	139	1	139	5.74e-102	283
MDA9606224.1	QIZ20715.1	90.661	257	24	0	1	257	1	257	1.24e-172	472
MDA9606225.1	QIZ20714.1	98.039	204	4	0	1	204	1	204	6.84e-141	387
MDA9606226.1	QIZ20713.1	98.565	418	6	0	1	418	1	418	0.0	850
MDA9606227.1	QIZ20712.1	98.264	288	5	0	1	288	1	288	0.0	561
MDA9606228.1	QIZ20711.1	99.107	336	3	0	1	336	1	336	0.0	658
MDA9606229.1	QIZ20710.1	98.333	240	4	0	1	240	1	240	2.44e-174	474
MDA9606230.1	QIZ20709.1	94.894	235	12	0	1	235	1	235	7.06e-165	450
MDA9606231.1	QIZ20708.1	92.337	261	20	0	1	261	1	261	0.0	504
MDA9606232.1	QIZ20707.1	87.730	163	20	0	1	163	1	163	9.70e-106	295
MDA9606233.1	QIZ20706.1	94.942	257	13	0	1	257	9	265	0.0	502
MDA9606234.1	QIZ20705.1	94.737	228	12	0	1	228	1	228	1.51e-160	439
MDA9606235.1	QIZ20704.1	95.899	317	13	0	1	317	1	317	0.0	595
MDA9606236.1	QIZ20703.1	96.296	297	11	0	1	297	1	297	0.0	561
MDA9606237.1	QIZ20702.1	95.109	368	18	0	1	368	1	368	0.0	714
MDA9606238.1	QIZ20701.1	96.825	126	4	0	1	126	1	126	9.13e-89	249
MDA9606239.1	QIZ20700.1	98.950	952	10	0	1	952	1	952	0.0	1969
MDA9606240.1	QIZ20699.1	95.652	414	18	0	1	414	1	414	0.0	783
MDA9606242.1	QIZ20698.1	95.918	392	16	0	1	392	1	392	0.0	762
MDA9606243.1	QIZ20697.1	94.475	181	10	0	1	181	1	181	1.61e-128	354
MDA9606245.1	QIZ20696.1	75.100	249	62	0	1	249	1	249	2.14e-143	397
MDA9606247.1	QIZ20695.1	92.366	131	10	0	1	131	25	155	1.84e-64	189
MDA9606248.1	QIZ20694.1	98.365	367	6	0	1	367	1	367	0.0	750
MDA9606250.1	QIZ20419.1	89.714	350	32	1	1	350	1	346	0.0	653
MDA9606251.1	QIZ20418.1	89.239	381	41	0	1	381	1	381	0.0	646
MDA9606252.1	QIZ20417.1	87.793	426	52	0	1	426	1	426	0.0	758
MDA9606253.1	QIZ20416.1	96.667	240	8	0	1	240	5	244	1.32e-174	476
MDA9606254.1	QIZ20415.1	96.748	123	4	0	1	123	1	123	3.67e-83	234
MDA9606255.1	QIZ20414.1	94.971	875	44	0	1	875	1	875	0.0	1705
MDA9606256.1	QIZ20413.1	99.650	572	2	0	1	572	1	572	0.0	1171
MDA9606257.1	QIZ20412.1	91.272	401	35	0	1	401	1	401	0.0	707
MDA9606258.1	QIZ20411.1	99.687	319	1	0	1	319	3	321	0.0	638
MDA9606259.1	QIZ20409.1	97.222	72	2	0	1	72	1	72	2.31e-45	135
MDA9606260.1	QIZ20408.1	86.389	360	13	1	1	324	1	360	0.0	618
MDA9606261.1	QIZ20407.1	98.008	251	5	0	1	251	1	251	0.0	502
MDA9606262.1	QIZ20406.1	98.127	267	5	0	1	267	1	267	0.0	504
MDA9606263.1	QIZ20405.1	96.947	131	4	0	1	131	1	131	7.13e-92	257
MDA9606264.1	QIZ20404.1	97.590	332	8	0	1	332	1	332	0.0	657
MDA9606265.1	QIZ20403.1	98.062	258	5	0	1	258	1	258	0.0	521
MDA9606266.1	QIZ20402.1	98.095	105	2	0	1	105	1	105	2.81e-72	206
MDA9606267.1	QIZ20401.1	95.135	370	18	0	1	370	1	370	0.0	693
MDA9606268.1	QIZ20400.1	95.321	577	27	0	1	577	1	577	0.0	1110
MDA9606269.1	QIZ20399.1	90.805	87	8	0	1	87	1	87	6.97e-51	150
MDA9606270.1	QIZ20398.1	92.722	316	23	0	1	316	1	316	0.0	586
MDA9606271.1	QIZ20397.1	97.967	246	5	0	1	246	1	246	5.67e-177	482
MDA9606272.1	QIZ20396.1	95.339	236	8	1	1	233	1	236	1.25e-166	455
MDA9606273.1	QIZ20395.1	94.118	68	2	1	1	66	1	68	1.15e-40	123
MDA9606274.1	QIZ20394.1	93.151	73	5	0	1	73	1	73	3.54e-39	120
MDA9606275.1	QIZ20393.1	95.635	252	11	0	1	252	1	252	4.24e-177	483
MDA9606276.1	QIZ20392.1	93.556	419	27	0	1	419	1	419	0.0	813
MDA9606277.1	QIZ20391.1	97.872	94	2	0	1	94	1	94	2.45e-63	182
MDA9606278.1	QIZ20390.1	94.197	517	30	0	1	517	1	517	0.0	978
MDA9606279.1	QIZ20389.1	96.271	295	11	0	1	295	1	295	0.0	559
MDA9606280.1	QIZ20388.1	94.924	197	10	0	1	197	1	197	2.62e-138	380
MDA9606281.1	QIZ20387.1	98.540	959	14	0	1	959	1	959	0.0	1936
MDA9606282.1	QIZ20386.1	98.693	153	2	0	1	153	1	153	7.99e-112	310
MDA9606283.1	QIZ20385.1	98.047	256	5	0	1	256	1	256	0.0	523
MDA9606284.1	QIZ20385.1	95.966	595	24	0	5	599	255	849	0.0	1103
MDA9606285.1	QIZ20384.1	95.732	164	7	0	1	164	1	164	1.79e-113	315
MDA9606286.1	QIZ20383.1	89.674	184	19	0	1	184	1	184	2.09e-125	346
MDA9606287.1	QIZ20382.1	90.571	350	33	0	1	350	1	350	0.0	665
MDA9606288.1	QIZ20937.1	94.737	114	6	0	1	114	271	384	5.89e-72	215
MDA9606289.1	QIZ20939.1	94.498	309	17	0	1	309	1	309	0.0	607
MDA9606290.1	QIZ20940.1	95.597	159	7	0	1	159	1	159	2.32e-113	314
MDA9606291.1	QIZ20941.1	93.902	246	15	0	1	246	1	246	2.67e-173	473
MDA9606292.1	QIZ20942.1	94.516	310	17	0	1	310	1	310	0.0	595
MDA9606293.1	QIZ20943.1	97.093	172	5	0	1	172	1	172	4.84e-123	339
MDA9606294.1	QIZ20944.1	93.857	586	36	0	1	586	1	586	0.0	1071
MDA9606296.1	QIZ20945.1	94.706	170	9	0	1	170	1	170	5.66e-116	321
MDA9606297.1	QIZ20946.1	90.217	368	36	0	1	368	1	368	0.0	628
MDA9606298.1	QIZ20947.1	93.023	86	6	0	1	86	10	95	2.35e-52	154
MDA9606299.1	QIZ20948.1	96.000	175	7	0	1	175	1	175	1.97e-126	348
MDA9606300.1	QIZ20949.1	99.074	324	3	0	1	324	1	324	0.0	669
MDA9606301.1	QIZ20950.1	97.508	602	15	0	1	602	1	602	0.0	1181
MDA9606302.1	QIZ20951.1	91.549	426	36	0	1	426	1	426	0.0	743
MDA9606303.1	QIZ20952.1	98.978	685	7	0	1	685	1	685	0.0	1382
MDA9606306.1	QIZ20953.1	36.000	275	162	7	4	268	2	272	3.20e-43	144
MDA9606308.1	QIZ20959.1	97.826	598	13	0	1	598	4	601	0.0	1201
MDA9606309.1	QIZ20960.1	95.012	802	40	0	1	802	1	802	0.0	1489
MDA9606310.1	QIZ20961.1	96.901	355	11	0	1	355	1	355	0.0	709
MDA9606311.1	QIZ20962.1	100.000	118	0	0	1	118	1	118	1.11e-85	241
MDA9606312.1	QIZ20963.1	98.529	68	1	0	1	68	1	68	1.82e-44	132
MDA9606313.1	QIZ20964.1	99.448	181	1	0	1	181	1	181	5.56e-133	365
MDA9606314.1	QIZ20965.1	93.730	638	40	0	1	638	1	638	0.0	1254
MDA9606315.1	QIZ20966.1	95.833	384	16	0	1	384	1	384	0.0	723
MDA9606316.1	QIZ20967.1	92.800	250	18	0	1	250	1	250	1.18e-159	439
MDA9606317.1	QIZ20968.1	91.409	291	25	0	1	291	1	291	0.0	529
MDA9606318.1	QIZ20969.1	97.533	1500	37	0	1	1500	1	1500	0.0	3032
MDA9606319.1	QIZ20970.1	96.868	479	15	0	1	479	1	479	0.0	957
MDA9606320.1	QIZ21471.1	95.023	442	22	0	1	442	1	442	0.0	878
MDA9606321.1	QIZ21470.1	99.182	489	4	0	1	489	1	489	0.0	1023
MDA9606322.1	QIZ21469.1	98.089	314	6	0	1	314	1	314	0.0	637
MDA9606323.1	QIZ21468.1	97.183	284	7	1	1	283	1	284	0.0	562
MDA9606324.1	QIZ21467.1	99.156	474	4	0	1	474	1	474	0.0	976
MDA9606325.1	QIZ21466.1	97.744	133	3	0	1	133	1	133	1.19e-96	270
MDA9606326.1	QIZ21465.1	95.708	466	20	0	1	466	1	466	0.0	904
MDA9606327.1	QIZ21464.1	93.243	74	5	0	1	74	1	74	4.42e-49	145
MDA9606328.1	QIZ21463.1	96.599	294	10	0	1	294	1	294	0.0	586
MDA9606329.1	QIZ21462.1	96.739	184	6	0	1	184	1	184	5.34e-131	362
MDA9606330.1	QIZ21462.1	97.826	46	1	0	1	46	182	227	3.41e-27	92.8
MDA9606331.1	QIZ21461.1	99.321	442	3	0	1	442	1	442	0.0	900
MDA9606332.1	QIZ21460.1	99.093	441	4	0	1	441	1	441	0.0	912
MDA9606333.1	QIZ21459.1	93.947	380	23	0	1	380	1	380	0.0	732
MDA9606334.1	QIZ21458.1	91.543	473	40	0	1	473	1	473	0.0	900
MDA9606335.1	QIZ21457.1	91.367	139	12	0	1	139	1	139	5.60e-94	263
MDA9606336.1	QIZ21456.1	94.587	351	19	0	1	351	1	351	0.0	636
MDA9606337.1	QIZ21455.1	92.199	141	11	0	1	141	1	141	5.67e-96	269
MDA9606338.1	QIZ21454.1	41.905	420	229	3	17	424	17	433	4.55e-107	319
MDA9606339.1	QIZ21453.1	91.121	214	19	0	1	214	1	214	9.69e-116	324
MDA9606340.1	QIZ21452.1	98.088	889	17	0	1	889	1	889	0.0	1795
MDA9606341.1	QIZ21451.1	100.000	196	0	0	1	196	1	196	3.48e-141	387
MDA9606342.1	QIZ21450.1	98.230	113	2	0	1	113	1	113	4.35e-79	223
MDA9606343.1	QIZ21449.1	92.929	396	28	0	1	396	1	396	0.0	760
MDA9606347.1	QIZ20485.1	32.049	493	303	6	6	482	9	485	2.95e-88	274
MDA9606348.1	QIZ21448.1	98.326	478	8	0	1	478	1	478	0.0	973
MDA9606349.1	QIZ21447.1	98.433	319	5	0	1	319	1	319	0.0	650
MDA9606350.1	QIZ21446.1	90.351	228	22	0	18	245	18	245	4.93e-152	419
MDA9606351.1	QIZ21445.1	93.458	214	14	0	1	214	1	214	3.28e-148	406
MDA9606352.1	QIZ21506.1	34.127	378	218	11	14	365	24	396	5.15e-64	205
MDA9606355.1	QIZ21460.1	29.437	462	284	12	25	470	4	439	2.28e-53	181
MDA9606357.1	QIZ20485.1	96.793	343	11	0	1	343	1	343	0.0	645
MDA9606358.1	QIZ20486.1	97.973	296	6	0	1	296	1	296	0.0	565
MDA9606359.1	QIZ20487.1	97.732	441	10	0	1	441	1	441	0.0	837
MDA9606360.1	QIZ20488.1	96.804	219	7	0	1	219	1	219	3.44e-161	440
MDA9606361.1	QIZ20489.1	98.623	363	5	0	1	363	1	363	0.0	739
MDA9606362.1	QIZ20490.1	98.052	308	6	0	1	308	1	308	0.0	615
MDA9606363.1	QIZ20491.1	96.443	506	18	0	1	506	1	506	0.0	1012
MDA9606364.1	QIZ20492.1	96.124	258	10	0	1	258	1	258	0.0	503
MDA9606365.1	QIZ20494.1	94.758	248	13	0	1	248	1	248	4.87e-176	479
MDA9606366.1	QIZ20495.1	97.175	531	15	0	1	531	1	531	0.0	1083
MDA9606367.1	QIZ20496.1	97.959	196	4	0	1	196	1	196	5.15e-135	372
MDA9606368.1	QIZ20497.1	93.254	252	17	0	1	252	1	252	1.87e-164	451
MDA9606369.1	QIZ20498.1	95.984	249	10	0	13	261	18	266	2.99e-163	449
MDA9606370.1	QIZ20499.1	94.574	258	14	0	1	258	1	258	5.21e-176	480
MDA9606371.1	QIZ20500.1	91.384	383	33	0	1	383	1	383	0.0	748
MDA9606373.1	QIZ21051.1	32.258	372	217	7	288	641	200	554	7.55e-47	169
MDA9606374.1	QIZ20851.1	29.073	313	205	7	1	309	1	300	1.57e-35	127
MDA9606382.1	QIZ20510.1	88.479	434	50	0	1	434	1	434	0.0	799
MDA9606383.1	QIZ20511.1	99.495	594	3	0	1	594	1	594	0.0	1227
MDA9606384.1	QIZ20512.1	97.872	94	2	0	1	94	1	94	1.96e-63	182
MDA9606385.1	QIZ20513.1	99.227	388	3	0	1	388	1	388	0.0	801
MDA9606386.1	QIZ20514.1	64.246	358	126	1	1	356	1	358	9.73e-157	440
MDA9606387.1	QIZ20516.1	96.045	354	14	0	1	354	1	354	0.0	623
MDA9606392.1	QIZ21540.1	89.116	147	16	0	1	147	1	147	2.72e-96	270
MDA9606393.1	QIZ21539.1	82.857	175	30	0	1	175	6	180	8.10e-97	273
MDA9606394.1	QIZ21538.1	91.983	237	19	0	1	237	1	237	5.29e-152	418
MDA9606395.1	QIZ21537.1	93.671	316	20	0	1	316	1	316	0.0	563
MDA9606396.1	QIZ21536.1	93.833	227	14	0	1	227	1	227	9.54e-161	439
MDA9606397.1	QIZ20215.1	79.021	143	30	0	2	144	3	145	4.69e-87	246
MDA9606398.1	QIZ21534.1	94.262	122	7	0	1	122	1	122	1.78e-73	210
MDA9606399.1	QIZ21533.1	98.058	103	2	0	1	103	1	103	3.96e-70	200
MDA9606400.1	QIZ21532.1	97.845	232	5	0	1	232	1	232	5.85e-166	453
MDA9606401.1	QIZ21531.1	99.432	352	2	0	1	352	1	352	0.0	707
MDA9606402.1	QIZ21530.1	99.067	536	5	0	1	536	1	536	0.0	1037
MDA9606403.1	QIZ21529.1	95.210	167	8	0	18	184	1	167	5.21e-121	335
MDA9606404.1	QIZ21528.1	98.361	61	1	0	1	61	1	61	5.18e-41	123
MDA9606405.1	QIZ21527.1	97.345	339	9	0	1	339	1	339	0.0	686
MDA9606406.1	QIZ21525.1	99.059	425	4	0	1	425	1	425	0.0	879
MDA9606408.1	QIZ21524.1	90.756	476	44	0	1	476	1	476	0.0	897
MDA9606409.1	QIZ21523.1	98.305	295	5	0	1	295	1	295	0.0	599
MDA9606410.1	QIZ21522.1	98.498	333	5	0	1	333	1	333	0.0	665
MDA9606411.1	QIZ21521.1	92.079	202	16	0	1	202	1	202	3.76e-145	398
MDA9606412.1	QIZ21520.1	94.839	155	8	0	1	155	1	155	1.02e-111	309
MDA9606413.1	QIZ20620.1	35.176	199	121	4	8	205	1	192	6.07e-35	118
MDA9606414.1	QIZ21519.1	98.333	120	2	0	9	128	5	124	2.66e-88	248
MDA9606415.1	QIZ21344.1	64.437	284	98	3	1	283	1	282	1.88e-130	367
MDA9606416.1	QIZ21518.1	33.439	314	201	4	6	316	5	313	2.43e-55	178
MDA9606417.1	QIZ21517.1	75.000	72	18	0	1	72	1	72	3.27e-35	109
MDA9606418.1	QIZ21516.1	94.805	539	28	0	1	539	1	539	0.0	1070
MDA9606419.1	QIZ21515.1	96.215	317	12	0	1	317	1	317	0.0	624
MDA9606420.1	QIZ21514.1	96.787	249	8	0	1	249	1	249	4.00e-175	478
MDA9606421.1	QIZ21513.1	98.889	810	9	0	1	810	1	810	0.0	1660
MDA9606422.1	QIZ21512.1	97.590	166	4	0	2	167	1	166	7.46e-121	333
MDA9606423.1	QIZ21511.1	98.413	189	3	0	1	189	1	189	2.51e-141	387
MDA9606424.1	QIZ21510.1	93.617	141	9	0	1	141	1	141	2.03e-95	267
MDA9606425.1	QIZ21509.1	89.147	258	28	0	2	259	4	261	1.17e-172	472
MDA9606429.1	QIZ20296.1	96.864	861	27	0	1	861	1	861	0.0	1712
MDA9606430.1	QIZ20297.1	94.241	191	11	0	1	191	1	191	3.16e-122	339
MDA9606431.1	QIZ20742.1	26.108	406	275	10	28	423	25	415	2.72e-35	131
MDA9606432.1	QIZ20298.1	98.083	313	6	0	1	313	1	313	0.0	636
MDA9606433.1	QIZ20299.1	98.013	151	3	0	1	151	1	151	7.68e-106	294
MDA9606434.1	QIZ20300.1	95.789	95	4	0	1	95	1	95	9.74e-62	178
MDA9606435.1	QIZ20301.1	97.732	485	11	0	1	485	1	485	0.0	970
MDA9606436.1	QIZ20302.1	97.352	491	13	0	1	491	1	491	0.0	983
MDA9606438.1	QIZ20303.1	92.593	216	16	0	1	216	1	216	2.57e-148	407
MDA9606439.1	QIZ20304.1	92.691	301	22	0	1	301	1	301	0.0	565
MDA9606440.1	QIZ20305.1	91.009	456	41	0	1	456	1	456	0.0	831
MDA9606441.1	QIZ20306.1	90.683	161	15	0	1	161	1	161	8.96e-110	305
MDA9606443.1	QIZ20310.1	91.111	90	8	0	1	90	1	90	2.50e-58	169
MDA9606444.1	QIZ20311.1	97.967	246	5	0	1	246	1	246	8.55e-172	469
MDA9606445.1	QIZ20312.1	95.294	255	12	0	1	255	1	255	1.60e-173	474
MDA9606446.1	QIZ20313.1	88.770	187	21	0	1	187	1	187	2.00e-124	344
MDA9606447.1	QIZ20314.1	93.513	1002	65	0	1	1002	1	1002	0.0	1980
MDA9606448.1	QIZ20315.1	97.802	91	2	0	1	91	1	91	6.64e-67	191
MDA9606449.1	QIZ20316.1	97.602	417	10	0	1	417	1	417	0.0	849
MDA9606450.1	QIZ20317.1	94.429	736	41	0	1	736	1	736	0.0	1421
MDA9606451.1	QIZ20318.1	95.222	293	14	0	1	293	1	293	0.0	576
MDA9606452.1	QIZ20319.1	100.000	156	0	0	1	156	1	156	3.30e-113	313
MDA9606453.1	QIZ20320.1	93.642	173	11	0	1	173	1	173	2.42e-115	320
MDA9606454.1	QIZ20321.1	98.462	585	9	0	1	585	1	585	0.0	1180
MDA9606455.1	QIZ20322.1	96.410	195	7	0	1	195	1	195	2.94e-135	372
MDA9606456.1	QIZ20323.1	95.397	239	11	0	1	239	1	239	2.03e-156	429
MDA9606457.1	QIZ20324.1	92.188	128	10	0	1	128	1	128	6.02e-81	229
MDA9606458.1	QIZ20325.1	95.902	244	10	0	1	244	1	244	6.78e-173	471
MDA9606459.1	QIZ20326.1	95.495	222	10	0	1	222	1	222	5.81e-154	422
MDA9606460.1	QIZ20327.1	97.345	226	6	0	1	226	1	226	5.40e-160	437
MDA9606461.1	QIZ20328.1	95.714	70	3	0	1	70	260	329	9.46e-41	131
MDA9606462.1	QIZ21478.1	91.837	343	28	0	1	343	1	343	0.0	646
MDA9606463.1	QIZ21479.1	90.922	716	65	0	1	716	1	716	0.0	1308
MDA9606464.1	QIZ21480.1	94.582	443	24	0	1	443	1	443	0.0	881
MDA9606465.1	QIZ21481.1	94.737	342	18	0	1	342	1	342	0.0	652
MDA9606466.1	QIZ21482.1	92.188	64	5	0	1	64	1	64	1.26e-38	117
MDA9606468.1	QIZ20203.1	29.724	434	298	6	11	441	6	435	3.54e-63	206
MDA9606470.1	QIZ20661.1	39.024	246	134	7	8	247	9	244	1.05e-40	136
MDA9606471.1	QIZ20491.1	27.739	429	291	6	19	435	56	477	1.38e-54	186
MDA9606472.1	QIZ21483.1	88.083	386	46	0	3	388	2	387	0.0	710
MDA9606473.1	QIZ21484.1	93.156	263	18	0	1	263	1	263	0.0	503
MDA9606474.1	QIZ21485.1	97.148	561	16	0	1	561	1	561	0.0	1124
MDA9606475.1	QIZ21486.1	99.282	418	3	0	1	418	1	418	0.0	865
MDA9606476.1	QIZ21487.1	97.727	88	2	0	1	88	1	88	2.10e-64	184
MDA9606477.1	QIZ21488.1	97.395	998	26	0	1	998	1	998	0.0	2019
MDA9606478.1	QIZ21489.1	95.385	195	9	0	1	195	1	195	2.81e-137	377
MDA9606479.1	QIZ21490.1	95.760	283	12	0	1	283	1	283	0.0	538
MDA9606480.1	QIZ21491.1	48.077	104	45	2	1	96	1	103	5.47e-23	80.9
MDA9606481.1	QIZ21492.1	93.836	146	9	0	1	146	1	146	1.51e-100	280
MDA9606482.1	QIZ21493.1	91.532	248	21	0	1	248	1	248	3.07e-163	447
MDA9606483.1	QIZ21494.1	86.842	114	15	0	1	114	1	114	1.43e-74	212
MDA9606486.1	QIZ21496.1	100.000	68	0	0	1	68	1	68	2.29e-47	140
MDA9606487.1	QIZ21497.1	94.839	155	8	0	1	155	1	155	3.81e-108	300
MDA9606488.1	QIZ21498.1	94.294	333	19	0	16	348	16	348	0.0	644
MDA9606489.1	QIZ21499.1	95.092	163	8	0	1	163	1	163	1.11e-111	310
MDA9606490.1	QIZ21500.1	97.214	323	9	0	1	323	1	323	0.0	654
MDA9606491.1	QIZ21501.1	96.846	539	17	0	1	539	12	550	0.0	1082
MDA9606492.1	QIZ21502.1	97.537	203	5	0	1	203	1	203	4.69e-144	395
MDA9606494.1	QIZ21503.1	97.790	181	4	0	1	181	1	181	1.86e-125	346
MDA9606495.1	QIZ21504.1	99.415	342	2	0	1	342	111	452	0.0	707
MDA9606496.1	QIZ21187.1	90.361	83	8	0	1	83	166	248	1.49e-43	137
MDA9606497.1	QIZ21186.1	96.644	298	10	0	1	298	1	298	0.0	571
MDA9606498.1	QIZ21185.1	96.389	360	13	0	1	360	1	360	0.0	696
MDA9606499.1	QIZ21184.1	97.581	372	9	0	1	372	1	372	0.0	751
MDA9606500.1	QIZ21183.1	94.949	198	10	0	1	198	1	198	1.15e-138	381
MDA9606501.1	QIZ21182.1	90.795	239	22	0	1	239	1	239	7.13e-167	456
MDA9606502.1	QIZ21181.1	95.420	131	6	0	1	131	1	131	9.25e-89	250
MDA9606503.1	QIZ21180.1	100.000	84	0	0	1	84	1	84	2.62e-56	164
MDA9606504.1	QIZ21179.1	97.248	327	9	0	1	327	1	327	0.0	644
MDA9606505.1	QIZ21178.1	97.011	368	11	0	1	368	1	368	0.0	717
MDA9606506.1	QIZ21177.1	92.788	416	30	0	1	416	1	416	0.0	769
MDA9606507.1	QIZ21176.1	95.000	180	9	0	1	180	1	180	2.05e-121	336
MDA9606508.1	QIZ21175.1	96.552	116	4	0	1	116	1	116	1.08e-77	220
MDA9606509.1	QIZ21174.1	96.042	379	15	0	1	379	1	379	0.0	737
MDA9606510.1	QIZ21173.1	92.405	158	12	0	1	158	1	158	4.47e-108	300
MDA9606511.1	QIZ21172.1	99.231	130	1	0	1	130	1	130	1.13e-88	249
MDA9606512.1	QIZ21171.1	99.576	472	2	0	1	472	1	472	0.0	951
MDA9606513.1	QIZ21170.1	99.656	291	1	0	1	291	1	291	0.0	590
MDA9606514.1	QIZ21169.1	99.609	511	2	0	1	511	1	511	0.0	1029
MDA9606515.1	QIZ21168.1	97.838	185	4	0	1	185	1	185	3.05e-131	361
MDA9606516.1	QIZ21167.1	95.853	651	27	0	1	651	1	651	0.0	1277
MDA9606517.1	QIZ21166.1	97.639	466	11	0	1	466	1	466	0.0	930
MDA9606518.1	QIZ21165.1	96.941	425	13	0	1	425	1	425	0.0	828
MDA9606519.1	QIZ21164.1	86.157	968	134	0	1	968	1	968	0.0	1769
MDA9606520.1	QIZ21163.1	98.282	291	5	0	1	291	1	291	0.0	577
MDA9606521.1	QIZ21162.1	96.373	386	14	0	1	386	1	386	0.0	744
MDA9606522.1	QIZ21161.1	97.812	320	7	0	1	320	1	320	0.0	624
MDA9606523.1	QIZ21160.1	98.592	497	7	0	1	497	1	497	0.0	1006
MDA9606524.1	QIZ21159.1	99.134	231	2	0	1	231	27	257	1.68e-174	475
MDA9606525.1	QIZ21158.1	98.644	590	8	0	1	590	1	590	0.0	1219
MDA9606526.1	QIZ21157.1	100.000	58	0	0	1	58	36	93	3.23e-37	116
MDA9606527.1	QIZ21076.1	94.109	696	41	0	1	696	1	696	0.0	1248
MDA9606528.1	QIZ21075.1	55.978	184	79	1	1	182	1	184	4.00e-65	194
MDA9606531.1	QIZ21074.1	78.443	167	36	0	1	167	1	167	6.52e-98	275
MDA9606532.1	QIZ21073.1	72.727	121	33	0	1	121	1	121	6.73e-65	188
MDA9606535.1	QIZ21071.1	91.235	251	22	0	1	251	1	251	8.09e-173	472
MDA9606536.1	QIZ21070.1	94.142	239	14	0	1	239	1	239	1.44e-164	450
MDA9606537.1	QIZ21068.1	94.231	208	12	0	1	208	1	208	3.89e-144	395
MDA9606538.1	QIZ21067.1	100.000	196	0	0	1	196	1	196	4.14e-147	402
MDA9606539.1	QIZ21066.1	99.415	171	1	0	1	171	1	171	1.30e-122	338
MDA9606540.1	QIZ21065.1	98.681	455	6	0	1	455	1	455	0.0	899
MDA9606541.1	QIZ21064.1	86.705	173	23	0	1	173	1	173	4.00e-93	264
MDA9606542.1	QIZ21063.1	95.431	197	9	0	1	197	1	197	1.66e-136	375
MDA9606543.1	QIZ21062.1	88.571	140	16	0	1	140	1	140	1.78e-79	227
MDA9606544.1	QIZ21061.1	57.857	140	59	0	1	140	1	140	2.42e-59	176
MDA9606545.1	QIZ21060.1	85.202	223	33	0	1	223	1	223	1.95e-142	392
MDA9606546.1	QIZ21059.1	90.395	177	17	0	1	177	1	177	1.31e-109	307
MDA9606547.1	QIZ21058.1	90.943	265	24	0	1	265	1	265	1.98e-176	482
MDA9606548.1	QIZ21057.1	90.155	193	19	0	1	193	1	193	1.38e-124	345
MDA9606549.1	QIZ21056.1	94.526	274	15	0	1	274	1	274	0.0	536
MDA9606550.1	QIZ21055.1	92.192	333	26	0	1	333	1	333	0.0	633
MDA9606551.1	QIZ21054.1	98.118	372	7	0	1	372	1	372	0.0	765
MDA9606552.1	QIZ21053.1	94.857	175	9	0	1	175	1	175	8.74e-122	337
MDA9606553.1	QIZ21052.1	99.289	422	3	0	1	422	1	422	0.0	846
MDA9606555.1	QIZ21050.1	90.971	443	36	1	1	439	1	443	0.0	801
MDA9606556.1	QIZ21049.1	93.579	623	40	0	1	623	1	623	0.0	1188
MDA9606557.1	QIZ21048.1	85.915	213	30	0	1	213	1	213	1.75e-133	369
MDA9606558.1	QIZ21047.1	93.182	264	18	0	1	264	1	264	0.0	505
MDA9606559.1	QIZ21046.1	95.420	131	6	0	1	131	1	131	7.54e-88	253
MDA9606560.1	QIZ20341.1	100.000	60	0	0	1	60	1	60	7.22e-42	125
MDA9606561.1	QIZ20342.1	92.814	334	24	0	1	334	1	334	0.0	633
MDA9606562.1	QIZ20343.1	92.000	100	8	0	1	100	1	100	6.47e-63	182
MDA9606563.1	QIZ20344.1	95.200	125	6	0	1	125	1	125	1.28e-81	231
MDA9606564.1	QIZ20345.1	98.413	63	1	0	1	63	1	63	1.02e-40	123
MDA9606565.1	QIZ20346.1	96.875	96	3	0	1	96	1	96	1.21e-59	173
MDA9606566.1	QIZ20347.1	87.500	336	42	0	1	336	1	336	0.0	546
MDA9606567.1	QIZ20348.1	87.760	433	53	0	1	433	1	433	0.0	781
MDA9606568.1	QIZ20349.1	97.386	153	4	0	1	153	1	153	5.12e-110	305
MDA9606569.1	QIZ20350.1	97.987	149	3	0	1	149	1	149	1.86e-108	301
MDA9606570.1	QIZ20351.1	93.529	340	22	0	33	372	1	340	0.0	640
MDA9606571.1	QIZ20352.1	87.838	74	9	0	1	74	1	74	6.78e-43	129
MDA9606572.1	QIZ20353.1	97.209	430	12	0	1	430	1	430	0.0	825
MDA9606573.1	QIZ20354.1	71.667	300	83	2	1	298	1	300	1.23e-151	422
MDA9606574.1	QIZ20355.1	98.227	282	5	0	1	282	1	282	0.0	553
MDA9606575.1	QIZ20356.1	92.391	92	7	0	1	92	4	95	1.83e-59	172
MDA9606576.1	QIZ20357.1	88.966	145	16	0	1	145	1	145	3.96e-97	272
MDA9606578.1	QIZ20359.1	95.410	305	14	0	1	305	1	305	0.0	603
MDA9606579.1	QIZ20846.1	34.386	285	156	6	15	297	20	275	5.94e-32	118
MDA9606581.1	QIZ20360.1	65.292	703	239	5	5	705	7	706	0.0	917
MDA9606582.1	QIZ20361.1	59.036	83	34	0	1	83	1	83	1.75e-32	103
MDA9606583.1	QIZ20362.1	88.652	564	64	0	1	564	1	564	0.0	995
MDA9606584.1	QIZ20363.1	88.608	316	35	1	1	316	1	315	0.0	568
MDA9606585.1	QIZ20364.1	92.097	329	26	0	1	329	1	329	0.0	620
MDA9606586.1	QIZ20365.1	94.624	93	5	0	1	93	1	93	4.66e-62	179
MDA9606587.1	QIZ20366.1	77.381	168	37	1	1	168	1	167	3.93e-86	246
MDA9606588.1	QIZ20367.1	94.872	390	20	0	1	390	1	390	0.0	666
MDA9606589.1	QIZ20368.1	90.000	170	17	0	15	184	1	170	5.58e-115	320
MDA9606590.1	QIZ20369.1	90.272	257	25	0	1	257	1	257	1.25e-174	477
MDA9606591.1	QIZ20370.1	94.094	254	15	0	1	254	1	254	5.11e-171	468
MDA9606592.1	QIZ20371.1	91.925	483	39	0	1	483	31	513	0.0	920
MDA9606593.1	QIZ21097.1	96.429	56	2	0	1	56	1	56	3.54e-34	115
MDA9606594.1	QIZ21096.1	95.339	236	11	0	1	236	1	236	1.15e-168	460
MDA9606597.1	QIZ21095.1	90.855	339	31	0	15	353	24	362	0.0	632
MDA9606598.1	QIZ20506.1	67.839	199	64	0	1	199	1	199	7.57e-98	278
MDA9606599.1	QIZ20507.1	85.000	220	33	0	1	220	1	220	7.80e-139	383
MDA9606600.1	QIZ20508.1	71.124	845	243	1	1	844	17	861	0.0	1169
MDA9606601.1	QIZ21094.1	93.939	330	20	0	1	330	21	350	0.0	647
MDA9606602.1	QIZ21093.1	95.730	281	12	0	1	281	1	281	0.0	543
MDA9606603.1	QIZ21092.1	93.750	96	6	0	1	96	1	96	1.89e-61	177
MDA9606604.1	QIZ21091.1	97.507	361	9	0	1	361	1	361	0.0	693
MDA9606605.1	QIZ21090.1	96.330	218	8	0	1	218	15	232	6.84e-155	424
MDA9606606.1	QIZ21089.1	92.182	307	24	0	1	307	1	307	0.0	570
MDA9606607.1	QIZ21088.1	96.078	357	14	0	1	357	1	357	0.0	701
MDA9606608.1	QIZ21086.1	93.431	137	9	0	1	137	1	137	6.14e-94	263
MDA9606609.1	QIZ21085.1	95.483	642	29	0	36	677	39	680	0.0	1275
MDA9606610.1	QIZ21084.1	92.271	207	16	0	1	207	1	207	7.13e-142	390
MDA9606611.1	QIZ21083.1	98.837	86	1	0	1	86	1	86	1.07e-61	177
MDA9606612.1	QIZ21082.1	98.007	602	12	0	1	602	1	602	0.0	1183
MDA9606613.1	QIZ21081.1	98.305	118	2	0	1	118	1	118	1.26e-82	233
MDA9606614.1	QIZ21080.1	96.804	219	7	0	1	219	1	219	3.83e-153	419
MDA9606616.1	QIZ21079.1	92.475	505	38	0	7	511	14	518	0.0	922
MDA9606618.1	QIZ21078.1	92.019	213	17	0	1	213	1	213	1.67e-144	397
MDA9606619.1	QIZ21077.1	93.464	153	10	0	1	153	225	377	5.29e-98	283
MDA9606623.1	QIZ21217.1	59.770	174	68	2	1	173	6	178	5.40e-79	228
MDA9606624.1	QIZ21218.1	76.376	436	96	1	1	429	1	436	0.0	680
MDA9606625.1	QIZ21219.1	84.615	91	14	0	10	100	11	101	4.47e-56	164
MDA9606626.1	QIZ21220.1	95.080	691	34	0	1	691	1	691	0.0	1352
MDA9606627.1	QIZ21221.1	93.413	167	11	0	1	167	1	167	1.45e-101	285
MDA9606628.1	QIZ21222.1	30.769	312	202	6	1	312	1	298	1.54e-34	124
MDA9606629.1	QIZ21223.1	88.435	294	34	0	1	294	1	294	0.0	530
MDA9606630.1	QIZ21224.1	96.212	396	15	0	1	396	1	396	0.0	793
MDA9606632.1	QIZ21225.1	92.222	180	14	0	1	180	1	180	1.39e-115	321
MDA9606633.1	QIZ21226.1	98.261	115	2	0	1	115	1	115	1.85e-80	227
MDA9606634.1	QIZ21227.1	93.333	120	8	0	1	120	1	120	1.56e-82	233
MDA9606635.1	QIZ21228.1	97.234	470	13	0	1	470	1	470	0.0	937
MDA9606636.1	QIZ21229.1	97.039	439	13	0	1	439	1	439	0.0	860
MDA9606637.1	QIZ21230.1	92.260	323	25	0	1	323	1	323	0.0	601
MDA9606638.1	QIZ21231.1	91.150	226	20	0	1	226	1	226	3.66e-154	422
MDA9606639.1	QIZ21232.1	95.814	215	9	0	1	215	1	215	6.56e-145	398
MDA9606640.1	QIZ21233.1	95.559	608	27	0	1	608	1	608	0.0	1196
MDA9606641.1	QIZ21234.1	89.577	614	64	0	1	614	1	614	0.0	1047
MDA9606642.1	QIZ20589.1	91.954	261	21	0	1	261	1	261	2.24e-180	493
MDA9606643.1	QIZ20599.1	83.772	228	37	0	1	228	73	300	2.97e-145	403
MDA9606644.1	QIZ20599.1	80.769	52	10	0	1	52	1	52	7.30e-25	88.6
MDA9606645.1	QIZ21109.1	29.023	348	206	12	13	329	1	338	1.53e-26	103
MDA9606650.1	QIZ20710.1	32.432	222	142	2	8	229	3	216	4.28e-32	113
MDA9606653.1	QIZ20511.1	24.542	546	342	16	64	572	49	561	2.18e-24	102
MDA9606654.1	QIZ20606.1	80.417	480	94	0	1	480	1	480	0.0	819
MDA9606656.1	QIZ20501.1	49.371	318	159	1	6	321	3	320	6.01e-103	300
MDA9606664.1	QIZ20416.1	29.911	224	147	5	1	222	1	216	1.10e-28	105
MDA9606665.1	QIZ20607.1	96.296	108	4	0	1	108	1	108	4.99e-75	213
MDA9606666.1	QIZ20608.1	94.894	235	12	0	10	244	43	277	1.57e-173	474
MDA9606667.1	QIZ20929.1	72.881	59	16	0	3	61	181	239	4.22e-26	90.9
MDA9606668.1	QIZ20927.1	98.214	168	3	0	1	168	18	185	2.98e-122	338
MDA9606669.1	QIZ20926.1	96.163	417	16	0	1	417	1	417	0.0	798
MDA9606670.1	QIZ20925.1	97.710	131	3	0	1	131	1	131	1.52e-90	254
MDA9606671.1	QIZ20924.1	95.327	428	20	0	1	428	1	428	0.0	796
MDA9606672.1	QIZ20923.1	100.000	71	0	0	1	71	1	71	2.42e-50	147
MDA9606673.1	QIZ21496.1	73.846	65	17	0	3	67	2	66	6.70e-32	101
MDA9606674.1	QIZ20922.1	70.021	467	136	3	1	465	1	465	0.0	642
MDA9606675.1	QIZ20921.1	47.143	350	180	3	1	349	1	346	1.15e-111	325
MDA9606676.1	QIZ20920.1	52.838	229	107	1	1	229	1	228	6.51e-79	232
MDA9606678.1	QIZ20908.1	55.022	229	97	3	1	223	1	229	2.93e-80	236
MDA9606679.1	QIZ20898.1	35.639	477	296	7	3	475	4	473	6.45e-100	303
MDA9606680.1	QIZ20897.1	59.813	107	40	2	1	105	1	106	2.93e-43	132
MDA9606681.1	QIZ20896.1	48.122	426	213	6	1	422	1	422	1.30e-140	404
MDA9606682.1	QIZ20895.1	86.688	308	41	0	1	308	1	308	0.0	575
MDA9606683.1	QIZ20894.1	97.358	265	7	0	1	265	1	265	0.0	513
MDA9606684.1	QIZ20893.1	94.390	410	23	0	1	410	1	410	0.0	798
MDA9606685.1	QIZ20892.1	91.388	209	18	0	1	209	1	209	1.98e-140	386
MDA9606686.1	QIZ20891.1	90.435	230	22	0	1	230	1	230	6.33e-154	422
MDA9606687.1	QIZ20890.1	88.542	96	11	0	1	96	1	96	4.58e-59	172
MDA9606688.1	QIZ20889.1	65.458	579	194	5	1	577	1	575	0.0	778
MDA9606689.1	QIZ20888.1	70.388	206	61	0	19	224	12	217	2.44e-100	286
MDA9606690.1	QIZ20887.1	79.722	360	73	0	1	360	80	439	0.0	560
MDA9606692.1	QIZ20886.1	59.684	253	101	1	1	253	1	252	1.46e-107	307
MDA9606693.1	QIZ21408.1	71.591	176	49	1	1	176	480	654	3.36e-84	256
MDA9606694.1	QIZ21409.1	94.102	373	22	0	1	373	1	373	0.0	653
MDA9606695.1	QIZ21410.1	95.388	412	19	0	1	412	1	412	0.0	816
MDA9606696.1	QIZ21411.1	97.659	299	7	0	1	299	1	299	0.0	581
MDA9606697.1	QIZ21412.1	96.845	317	10	0	1	317	1	317	0.0	631
MDA9606698.1	QIZ21413.1	93.939	297	18	0	1	297	1	297	0.0	566
MDA9606699.1	QIZ21414.1	94.309	123	7	0	1	123	1	123	2.29e-86	243
MDA9606700.1	QIZ21415.1	95.238	84	4	0	1	84	1	84	2.81e-58	169
MDA9606701.1	QIZ21416.1	100.000	98	0	0	1	98	1	98	2.56e-68	195
MDA9606702.1	QIZ21417.1	94.118	204	12	0	1	204	1	204	6.92e-124	344
MDA9606703.1	QIZ21418.1	96.126	413	16	0	1	413	1	413	0.0	819
MDA9606704.1	QIZ21419.1	98.990	297	3	0	1	297	1	297	0.0	589
MDA9606705.1	QIZ21420.1	98.286	350	6	0	1	350	1	350	0.0	686
MDA9606706.1	QIZ21421.1	98.780	246	3	0	1	246	1	246	0.0	492
MDA9606707.1	QIZ21422.1	97.701	261	6	0	1	261	1	261	0.0	520
MDA9606708.1	QIZ21423.1	94.444	234	13	0	1	234	1	234	2.54e-167	456
MDA9606709.1	QIZ21424.1	90.654	107	10	0	1	107	1	107	1.32e-65	189
MDA9606710.1	QIZ21425.1	83.828	303	49	0	1	303	1	303	0.0	518
MDA9606713.1	QIZ21426.1	96.212	264	10	0	1	264	1	264	0.0	511
MDA9606714.1	QIZ21427.1	97.021	235	7	0	1	235	1	235	2.10e-169	462
MDA9606715.1	QIZ21428.1	98.512	336	5	0	1	336	1	336	0.0	652
MDA9606716.1	QIZ21429.1	98.420	443	7	0	14	456	1	443	0.0	871
MDA9606717.1	QIZ21430.1	86.563	387	52	0	1	387	1	387	0.0	660
MDA9606718.1	QIZ21431.1	70.492	183	54	0	1	183	1	183	1.01e-90	261
MDA9606722.1	QIZ20909.1	84.000	200	22	1	2	191	5	204	3.05e-115	322
MDA9606723.1	QIZ20216.1	98.738	317	4	0	1	317	2	318	0.0	625
MDA9606725.1	QIZ20214.1	94.218	294	17	0	1	294	1	294	0.0	498
MDA9606726.1	QIZ20217.1	74.107	448	115	1	1	448	1	447	0.0	694
MDA9606727.1	QIZ20213.1	96.610	177	6	0	1	177	1	177	3.46e-123	340
MDA9606728.1	QIZ20212.1	96.296	162	6	0	1	162	1	162	3.82e-119	329
MDA9606729.1	QIZ20211.1	95.876	97	4	0	1	97	1	97	5.39e-66	189
MDA9606730.1	QIZ20210.1	99.067	536	5	0	10	545	1	536	0.0	1051
MDA9606731.1	QIZ20208.1	84.848	132	20	0	1	132	1	132	1.46e-75	216
MDA9606732.1	QIZ20206.1	81.567	434	80	0	1	434	1	434	0.0	743
MDA9606733.1	QIZ20205.1	47.710	262	136	1	1	261	16	277	9.44e-60	186
MDA9606734.1	QIZ20204.1	59.062	320	131	0	1	320	1	320	3.96e-149	418
MDA9606735.1	QIZ20199.1	91.429	175	12	1	1	172	1	175	1.11e-111	311
MDA9606736.1	QIZ20198.1	98.010	402	8	0	1	402	1	402	0.0	771
MDA9606737.1	QIZ20197.1	96.886	289	9	0	1	289	1	289	0.0	577
MDA9606738.1	QIZ20196.1	91.457	199	17	0	1	199	1	199	3.91e-143	392
MDA9606739.1	QIZ20195.1	85.769	260	37	0	1	260	1	260	2.20e-168	461
MDA9606740.1	QIZ20192.1	95.210	167	8	0	1	167	1	167	3.27e-118	327
MDA9606741.1	QIZ20191.1	89.674	184	19	0	1	184	1	184	1.51e-126	349
MDA9606742.1	QIZ20190.1	93.889	360	22	0	1	360	1	360	0.0	698
MDA9606743.1	QIZ21214.1	35.018	277	174	4	15	286	12	287	1.46e-40	138
MDA9606744.1	QIZ20185.1	100.000	61	0	0	2	62	297	357	1.12e-36	120
MDA9606745.1	QIZ20184.1	92.481	266	20	0	1	266	45	310	5.54e-174	478
MDA9606746.1	QIZ20233.1	92.199	141	11	0	1	141	1	141	6.51e-91	266
MDA9606747.1	QIZ20232.1	94.286	245	14	0	1	245	1	245	7.13e-177	481
MDA9606748.1	QIZ20231.1	98.911	459	5	0	1	459	1	459	0.0	949
MDA9606749.1	QIZ20230.1	95.545	606	27	0	1	606	1	606	0.0	1192
MDA9606750.1	QIZ20229.1	95.652	207	9	0	1	207	1	207	5.49e-140	385
MDA9606751.1	QIZ20228.1	96.943	229	7	0	1	229	1	229	4.94e-169	460
MDA9606752.1	QIZ20227.1	97.400	500	13	0	1	500	1	500	0.0	1009
MDA9606753.1	QIZ20226.1	97.315	298	8	0	1	298	1	298	0.0	600
MDA9606754.1	QIZ20225.1	97.326	374	10	0	1	374	1	374	0.0	754
MDA9606755.1	QIZ20224.1	88.942	208	23	0	1	208	1	208	3.91e-138	380
MDA9606756.1	QIZ20222.1	98.830	342	4	0	1	342	1	342	0.0	714
MDA9606757.1	QIZ20221.1	97.829	645	14	0	1	645	1	645	0.0	1318
MDA9606758.1	QIZ20220.1	96.694	484	16	0	1	484	1	484	0.0	965
MDA9606759.1	QIZ20219.1	90.323	93	9	0	1	93	1	93	6.48e-62	179
MDA9606760.1	QIZ20218.1	96.316	380	14	0	1	380	1	380	0.0	756
MDA9606764.1	QIZ20584.1	93.373	166	11	0	1	166	21	186	5.19e-114	317
MDA9606765.1	QIZ20583.1	89.474	114	12	0	1	114	1	114	4.02e-74	211
MDA9606766.1	QIZ20582.1	75.676	111	27	0	1	111	1	111	7.28e-45	137
MDA9606767.1	QIZ20581.1	70.667	75	22	0	1	75	1	75	5.01e-35	109
MDA9606768.1	QIZ20579.1	91.667	108	9	0	1	108	3	110	8.18e-65	187
MDA9606770.1	QIZ20578.1	94.118	68	4	0	1	68	1	68	7.20e-44	131
MDA9606771.1	QIZ20577.1	98.113	106	2	0	1	106	1	106	3.18e-74	211
MDA9606772.1	QIZ20576.1	95.918	98	4	0	1	98	1	98	3.30e-64	185
MDA9606773.1	QIZ20575.1	98.276	116	2	0	1	116	1	116	2.63e-83	234
MDA9606774.1	QIZ20574.1	97.541	122	3	0	1	122	1	122	5.46e-88	247
MDA9606775.1	QIZ20573.1	96.875	96	3	0	1	96	1	96	2.00e-68	195
MDA9606776.1	QIZ20572.1	92.126	127	10	0	1	127	1	127	1.57e-89	251
MDA9606777.1	QIZ20571.1	92.708	96	7	0	9	104	1	96	4.93e-65	187
MDA9606778.1	QIZ20570.1	87.681	138	17	0	1	138	1	138	1.23e-90	254
MDA9606779.1	QIZ20569.1	96.697	333	11	0	1	333	1	333	0.0	651
MDA9606780.1	QIZ20568.1	99.479	192	1	0	1	192	1	192	1.10e-141	388
MDA9606781.1	QIZ20567.1	97.761	134	3	0	1	134	1	134	4.76e-100	278
MDA9606782.1	QIZ20562.1	97.160	493	14	0	1	493	1	493	0.0	984
MDA9606783.1	QIZ20561.1	98.266	346	6	0	1	346	1	346	0.0	699
MDA9606784.1	QIZ20560.1	99.532	427	2	0	1	427	1	427	0.0	811
MDA9606785.1	QIZ20559.1	99.338	151	1	0	1	151	19	169	1.33e-109	304
MDA9606786.1	QIZ20558.1	95.946	222	3	1	1	222	1	216	3.95e-158	432
MDA9606787.1	QIZ20557.1	99.688	320	1	0	1	320	1	320	0.0	654
MDA9606788.1	QIZ20556.1	96.000	350	14	0	1	350	1	350	0.0	676
MDA9606789.1	QIZ20555.1	96.607	501	17	0	1	501	1	501	0.0	982
MDA9606790.1	QIZ20554.1	90.196	51	5	0	1	51	1	51	6.44e-28	94.4
MDA9606791.1	QIZ20686.1	92.647	136	10	0	1	136	1	136	3.89e-93	261
MDA9606792.1	QIZ20685.1	97.044	203	6	0	1	203	1	203	5.29e-145	397
MDA9606793.1	QIZ20684.1	94.940	415	21	0	1	415	1	415	0.0	753
MDA9606794.1	QIZ20683.1	97.674	301	7	0	1	301	1	301	0.0	577
MDA9606795.1	QIZ20682.1	96.790	405	13	0	1	405	1	405	0.0	819
MDA9606796.1	QIZ20681.1	97.838	370	8	0	1	370	1	370	0.0	759
MDA9606797.1	QIZ20680.1	97.695	347	8	0	1	347	1	347	0.0	708
MDA9606799.1	QIZ20679.1	89.333	75	8	0	1	75	1	75	2.21e-48	143
MDA9606803.1	QIZ20676.1	95.652	161	7	0	1	161	1	161	3.27e-99	278
MDA9606804.1	QIZ20675.1	92.647	68	5	0	1	68	1	68	1.01e-42	128
MDA9606805.1	QIZ20674.1	95.674	393	17	0	1	393	1	393	0.0	775
MDA9606806.1	QIZ20673.1	93.750	432	27	0	1	432	1	432	0.0	790
MDA9606807.1	QIZ20672.1	96.503	286	10	0	1	286	1	286	0.0	551
MDA9606808.1	QIZ20671.1	92.880	309	22	0	1	309	1	309	0.0	580
MDA9606809.1	QIZ20670.1	95.128	431	18	1	1	428	1	431	0.0	834
MDA9606810.1	QIZ20669.1	98.265	461	8	0	1	461	33	493	0.0	927
MDA9606811.1	QIZ21131.1	29.530	298	184	8	5	292	1	282	4.45e-25	97.4
MDA9606818.1	QIZ20595.1	47.107	363	170	7	1	344	1	360	5.21e-106	311
MDA9606819.1	QIZ20553.1	86.916	428	56	0	1	428	1	428	0.0	767
MDA9606820.1	QIZ20552.1	95.380	303	14	0	1	303	1	303	0.0	584
MDA9606821.1	QIZ20551.1	89.474	380	40	0	1	380	1	380	0.0	705
MDA9606822.1	QIZ20550.1	91.964	336	27	0	1	336	1	336	0.0	605
MDA9606823.1	QIZ20953.1	38.333	300	156	8	2	299	3	275	1.57e-50	164
MDA9606825.1	QIZ21097.1	95.498	311	14	0	1	311	185	495	0.0	623
MDA9606826.1	QIZ21099.1	95.000	40	2	0	1	40	1	40	4.61e-23	77.0
MDA9606827.1	QIZ21100.1	91.971	137	11	0	1	137	1	137	9.00e-87	245
MDA9606828.1	QIZ21101.1	95.000	240	12	0	1	240	1	240	5.38e-173	471
MDA9606829.1	QIZ21102.1	98.010	201	4	0	1	201	1	201	2.06e-137	378
MDA9606830.1	QIZ21103.1	88.158	380	45	0	1	380	1	380	0.0	691
MDA9606831.1	QIZ21104.1	95.238	126	6	0	1	126	1	126	6.80e-84	237
MDA9606832.1	QIZ21105.1	98.026	152	3	0	1	152	1	152	1.57e-108	301
MDA9606833.1	QIZ21106.1	87.805	205	25	0	1	205	1	205	1.67e-135	374
MDA9606834.1	QIZ21107.1	97.722	395	9	0	1	395	1	395	0.0	791
MDA9606835.1	QIZ21108.1	80.357	168	33	0	1	168	1	168	2.29e-102	287
MDA9606836.1	QIZ21109.1	78.261	345	75	0	1	345	1	345	0.0	590
MDA9606837.1	QIZ21110.1	97.233	253	7	0	1	253	1	253	4.75e-179	488
MDA9606838.1	QIZ21111.1	96.491	114	4	0	1	114	1	114	1.16e-77	220
MDA9606839.1	QIZ21112.1	97.814	183	4	0	1	183	1	183	5.34e-131	360
MDA9606840.1	QIZ21113.1	97.170	106	3	0	1	106	1	106	3.26e-76	216
MDA9606841.1	QIZ21114.1	95.339	236	11	0	1	236	1	236	5.42e-167	456
MDA9606842.1	QIZ21115.1	92.000	75	6	0	1	75	1	75	6.99e-48	142
MDA9606843.1	QIZ21116.1	93.478	138	9	0	1	138	1	138	1.28e-92	260
MDA9606844.1	QIZ21117.1	95.706	326	14	0	1	326	1	326	0.0	588
MDA9606845.1	QIZ21314.1	29.224	219	141	8	1	210	3	216	2.05e-24	95.1
MDA9606846.1	QIZ21085.1	24.921	634	435	16	32	643	57	671	7.95e-48	174
MDA9606847.1	QIZ20977.1	94.493	799	44	0	1	799	3	801	0.0	1551
MDA9606848.1	QIZ20978.1	92.908	141	10	0	1	141	1	141	3.09e-93	261
MDA9606849.1	QIZ20979.1	97.222	108	3	0	1	108	1	108	1.50e-74	212
MDA9606850.1	QIZ20980.1	91.447	304	26	0	1	304	1	304	8.32e-180	494
MDA9606851.1	QIZ20981.1	94.190	568	33	0	1	568	1	568	0.0	1011
MDA9606852.1	QIZ20982.1	95.930	172	7	0	1	172	1	172	4.81e-120	333
MDA9606853.1	QIZ20692.1	84.703	438	67	0	1	438	6	443	0.0	788
MDA9606855.1	QIZ20691.1	99.240	921	7	0	1	921	1	921	0.0	1918
MDA9606856.1	QIZ20690.1	98.732	552	7	0	1	552	1	552	0.0	1111
MDA9606857.1	QIZ20689.1	98.556	277	4	0	1	277	1	277	0.0	550
MDA9606858.1	QIZ20688.1	99.749	399	1	0	1	399	1	399	0.0	832
MDA9606859.1	QIZ20687.1	100.000	104	0	0	1	104	58	161	1.99e-69	201
MDA9606860.1	QIZ21001.1	95.714	70	3	0	1	70	80	149	1.85e-44	135
MDA9606861.1	QIZ21002.1	93.401	197	13	0	1	197	1	197	1.12e-138	381
MDA9606862.1	QIZ21003.1	97.291	443	12	0	1	443	1	443	0.0	900
MDA9606863.1	QIZ21004.1	98.551	138	2	0	1	138	1	138	4.64e-100	278
MDA9606864.1	QIZ21005.1	97.163	141	4	0	1	141	1	141	5.15e-100	279
MDA9606865.1	QIZ21006.1	96.988	166	5	0	1	166	1	166	1.07e-119	330
MDA9606866.1	QIZ21007.1	87.593	403	50	0	1	403	1	403	0.0	746
MDA9606867.1	QIZ21008.1	96.923	260	8	0	1	260	1	260	0.0	520
MDA9606868.1	QIZ21009.1	92.857	126	9	0	1	126	1	126	6.90e-87	244
MDA9606869.1	QIZ21010.1	96.812	690	22	0	1	690	1	690	0.0	1362
MDA9606870.1	QIZ21011.1	100.000	82	0	0	1	82	1	82	9.37e-56	162
MDA9606871.1	QIZ21012.1	96.721	122	4	0	1	122	1	122	4.51e-85	239
MDA9606872.1	QIZ21013.1	98.485	66	1	0	1	66	671	736	4.31e-41	137
MDA9606874.1	QIZ20786.1	98.438	64	1	0	1	64	1	64	4.25e-38	116
MDA9606875.1	QIZ20785.1	92.308	195	15	0	1	195	1	195	6.55e-126	348
MDA9606876.1	QIZ20784.1	98.684	76	1	0	1	76	1	76	1.48e-53	156
MDA9606877.1	QIZ20783.1	98.374	246	4	0	1	246	1	246	0.0	493
MDA9606878.1	QIZ20782.1	97.849	186	4	0	1	186	1	186	1.76e-137	377
MDA9606879.1	QIZ20781.1	91.304	207	18	0	1	207	1	207	2.03e-119	333
MDA9606880.1	QIZ20780.1	91.667	336	28	0	1	336	1	336	0.0	644
MDA9606881.1	QIZ20779.1	90.561	392	37	0	1	392	1	392	0.0	709
MDA9606882.1	QIZ20778.1	96.119	335	13	0	1	335	1	335	0.0	661
MDA9606883.1	QIZ20777.1	94.785	652	34	0	1	652	1	652	0.0	1276
MDA9606885.1	QIZ20549.1	97.331	637	17	0	1	637	1	637	0.0	1257
MDA9606886.1	QIZ20548.1	99.245	265	2	0	1	265	1	265	0.0	535
MDA9606887.1	QIZ20547.1	98.089	314	6	0	1	314	1	314	0.0	620
MDA9606888.1	QIZ20546.1	98.438	448	7	0	1	448	1	448	0.0	926
MDA9606889.1	QIZ20545.1	92.432	370	28	0	1	370	1	370	0.0	665
MDA9606890.1	QIZ21541.1	65.601	657	226	0	1	657	1	657	0.0	917
MDA9606891.1	QIZ21191.1	98.270	289	5	0	1	289	62	350	0.0	562
MDA9606892.1	QIZ21193.1	96.739	184	6	0	1	184	1	184	2.21e-126	349
MDA9606893.1	QIZ21194.1	98.625	291	4	0	1	291	1	291	0.0	586
MDA9606894.1	QIZ21195.1	99.135	347	3	0	1	347	1	347	0.0	716
MDA9606895.1	QIZ21196.1	96.684	392	13	0	1	392	1	392	0.0	771
MDA9606896.1	QIZ21197.1	96.791	187	6	0	1	187	1	187	2.68e-134	369
MDA9606897.1	QIZ21198.1	95.082	183	9	0	1	183	1	183	2.90e-121	336
MDA9606898.1	QIZ21199.1	95.793	309	13	0	1	309	1	309	0.0	593
MDA9606899.1	QIZ21200.1	96.869	511	16	0	1	511	1	511	0.0	1006
MDA9606900.1	QIZ21444.1	93.871	669	41	0	1	669	1	669	0.0	1285
MDA9606901.1	QIZ21443.1	98.239	284	5	0	1	284	1	284	0.0	558
MDA9606902.1	QIZ21442.1	95.181	415	20	0	1	415	1	415	0.0	809
MDA9606903.1	QIZ21441.1	97.051	373	11	0	1	373	1	373	0.0	744
MDA9606904.1	QIZ21440.1	97.790	362	8	0	1	362	1	362	0.0	731
MDA9606906.1	QIZ21439.1	95.484	155	7	0	1	155	234	388	2.77e-110	314
MDA9606907.1	QIZ21432.1	95.141	391	16	1	1	388	1	391	0.0	717
MDA9606908.1	QIZ21433.1	97.193	285	8	0	1	285	1	285	0.0	538
MDA9606909.1	QIZ21434.1	95.740	493	21	0	1	493	1	493	0.0	976
MDA9606910.1	QIZ21435.1	88.462	260	30	0	1	260	1	260	7.01e-174	475
MDA9606911.1	QIZ21436.1	95.897	195	8	0	1	195	1	195	2.65e-139	382
MDA9606912.1	QIZ21437.1	95.361	388	18	0	1	388	1	388	0.0	788
MDA9606913.1	QIZ21438.1	94.332	247	14	0	1	247	1	247	1.13e-174	476
MDA9606914.1	QIZ21439.1	95.122	123	6	0	1	123	1	123	2.85e-86	252
MDA9606928.1	QIZ20468.1	97.849	372	8	0	1	372	1	372	0.0	774
MDA9606929.1	QIZ20469.1	97.743	443	10	0	1	443	1	443	0.0	902
MDA9606930.1	QIZ20470.1	93.069	202	14	0	1	202	1	202	5.12e-145	397
MDA9606931.1	QIZ20471.1	99.233	391	3	0	1	391	1	391	0.0	804
MDA9606932.1	QIZ20472.1	95.545	202	9	0	1	202	1	202	2.74e-145	398
MDA9606933.1	QIZ20473.1	98.266	173	3	0	1	173	1	173	2.57e-131	360
MDA9606934.1	QIZ20474.1	97.541	122	3	0	1	122	1	122	2.83e-83	235
MDA9606935.1	QIZ20533.1	79.528	127	26	0	1	127	1	127	8.38e-75	214
MDA9606936.1	QIZ20532.1	72.396	192	52	1	1	191	1	192	1.19e-99	282
MDA9606937.1	QIZ20531.1	80.255	157	31	0	1	157	1	157	1.17e-93	264
MDA9606938.1	QIZ20530.1	86.413	184	25	0	1	184	1	184	1.04e-117	327
MDA9606939.1	QIZ20529.1	87.891	256	31	0	1	256	1	256	1.79e-168	461
MDA9606940.1	QIZ20528.1	94.030	67	4	0	1	67	1	67	9.78e-42	125
MDA9606941.1	QIZ20527.1	91.644	371	31	0	1	371	1	371	0.0	700
MDA9606943.1	QIZ20526.1	97.110	173	5	0	1	173	1	173	1.66e-123	349
MDA9606944.1	QIZ20284.1	100.000	127	0	0	1	127	1	127	9.87e-92	256
MDA9606945.1	QIZ20285.1	87.013	154	16	1	1	154	1	150	2.28e-81	233
MDA9606946.1	QIZ20286.1	98.246	342	6	0	1	342	1	342	0.0	680
MDA9606947.1	QIZ20287.1	97.241	145	4	0	1	145	1	145	1.96e-102	285
MDA9606948.1	QIZ20288.1	98.020	303	6	0	1	303	1	303	0.0	613
MDA9606949.1	QIZ20289.1	90.777	206	19	0	1	206	1	206	6.28e-137	377
MDA9606950.1	QIZ20290.1	97.374	457	12	0	1	457	1	457	0.0	895
MDA9606952.1	QIZ20477.1	95.074	203	10	0	1	203	1	203	4.42e-147	403
MDA9606953.1	QIZ20476.1	99.052	422	4	0	1	422	1	422	0.0	857
MDA9606954.1	QIZ20475.1	97.478	793	20	0	1	793	2	794	0.0	1560
MDA9606956.1	QIZ20239.1	95.482	332	15	0	1	332	399	730	0.0	658
MDA9606957.1	QIZ20238.1	98.684	76	1	0	1	76	1	76	6.70e-52	152
MDA9606958.1	QIZ20237.1	94.545	110	6	0	1	110	1	110	1.40e-76	217
MDA9606960.1	QIZ20236.1	97.073	205	6	0	1	205	1	205	7.20e-151	412
MDA9606961.1	QIZ20235.1	95.781	237	10	0	1	237	1	237	5.60e-166	453
MDA9606962.1	QIZ20234.1	96.623	533	18	0	1	533	1	533	0.0	1069
MDA9606963.1	QIZ21477.1	67.376	141	45	1	5	145	6	145	2.32e-56	170
MDA9606964.1	QIZ21476.1	84.677	124	19	0	1	124	1	124	1.26e-75	216
MDA9606965.1	QIZ21475.1	79.592	147	30	0	1	147	1	147	1.82e-81	232
MDA9606966.1	QIZ21474.1	86.984	315	37	1	8	322	4	314	0.0	565
MDA9606967.1	QIZ21473.1	93.290	775	52	0	1	775	1	775	0.0	1526
MDA9606968.1	QIZ21379.1	75.000	116	29	0	1	116	110	225	2.38e-57	172
MDA9606969.1	QIZ21380.1	60.976	369	143	1	1	368	1	369	4.62e-158	444
MDA9606970.1	QIZ21381.1	75.490	306	75	0	1	306	1	306	7.38e-169	466
MDA9606971.1	QIZ21382.1	57.490	247	104	1	18	264	19	264	7.19e-101	292
MDA9606972.1	QIZ21383.1	90.157	508	50	0	1	508	1	508	0.0	925
MDA9606973.1	QIZ21026.1	97.188	320	9	0	1	320	434	753	0.0	642
MDA9606974.1	QIZ21025.1	91.929	508	41	0	1	508	1	508	0.0	907
MDA9606975.1	QIZ21024.1	94.352	301	17	0	1	301	1	301	0.0	588
MDA9606976.1	QIZ20793.1	64.706	255	90	0	1	255	37	291	2.24e-118	336
MDA9606977.1	QIZ20792.1	100.000	41	0	0	1	41	1	41	1.01e-23	78.6
MDA9606978.1	QIZ20791.1	97.222	36	1	0	1	36	1	36	3.51e-21	72.0
MDA9606979.1	QIZ20790.1	80.387	362	71	0	1	362	1	362	0.0	592
MDA9606980.1	QIZ20789.1	93.684	95	6	0	1	95	1	95	2.94e-59	172
MDA9606981.1	QIZ20788.1	92.888	464	33	0	2	465	1	464	0.0	874
MDA9606984.1	QIZ20311.1	33.333	165	109	1	14	177	40	204	9.31e-25	93.6
MDA9606985.1	QIZ20181.1	29.858	211	136	3	15	213	13	223	5.32e-24	91.3
MDA9606986.1	QIZ20416.1	47.826	253	121	2	9	261	3	244	3.08e-81	240
MDA9606987.1	QIZ20734.1	90.556	180	17	0	1	180	1	180	5.08e-111	310
MDA9606989.1	QIZ21134.1	98.964	386	3	1	1	386	1	385	0.0	790
MDA9606990.1	QIZ21135.1	97.949	195	4	0	1	195	1	195	5.98e-145	397
MDA9606991.1	QIZ21136.1	100.000	453	0	0	1	453	1	453	0.0	894
MDA9606992.1	QIZ21137.1	98.776	245	3	0	1	245	1	245	9.95e-178	491
MDA9606993.1	QIZ21188.1	97.817	458	10	0	1	458	1	458	0.0	889
MDA9606994.1	QIZ21189.1	98.753	481	6	0	1	481	1	481	0.0	923
MDA9606995.1	QIZ21190.1	97.472	356	9	0	1	356	6	361	0.0	707
MDA9606996.1	QIZ20587.1	99.057	212	2	0	1	212	1	212	1.61e-144	398
MDA9606998.1	QIZ20588.1	91.701	241	20	0	1	241	41	281	6.12e-170	465
MDA9607001.1	QIZ20853.1	53.478	230	107	0	3	232	9	238	5.69e-86	251
MDA9607003.1	QIZ21375.1	95.706	163	7	0	1	163	194	356	4.40e-108	308
MDA9607004.1	QIZ21376.1	95.474	464	21	0	1	464	1	464	0.0	905
MDA9607005.1	QIZ21377.1	93.046	302	21	0	1	302	11	312	0.0	524
MDA9607006.1	QIZ21378.1	93.421	304	20	0	1	304	1	304	0.0	541
MDA9607007.1	QIZ21372.1	91.904	667	54	0	1	667	1	667	0.0	1204
MDA9607008.1	QIZ21371.1	88.025	476	57	0	1	476	85	560	0.0	843
MDA9607009.1	QIZ21505.1	99.174	242	2	0	1	242	1	242	7.74e-180	489
MDA9607010.1	QIZ21506.1	73.367	398	106	0	1	398	1	398	0.0	639
MDA9607012.1	QIZ21507.1	91.791	134	11	0	1	134	1	134	3.61e-93	261
MDA9607013.1	QIZ20616.1	96.782	435	14	0	1	435	147	581	0.0	891
MDA9607014.1	QIZ20615.1	94.783	115	6	0	1	115	1	115	2.25e-81	229
MDA9607015.1	QIZ20614.1	97.884	189	4	0	1	189	1	189	7.37e-133	365
MDA9607016.1	QIZ20613.1	98.201	278	5	0	1	278	24	301	0.0	561
MDA9607020.1	QIZ20910.1	86.538	104	14	0	1	104	22	125	7.96e-67	192
MDA9607021.1	QIZ20431.1	97.468	237	6	0	1	237	1	237	2.04e-175	479
MDA9607022.1	QIZ20432.1	95.539	538	24	0	1	538	1	538	0.0	1049
MDA9607023.1	QIZ20433.1	98.000	100	2	0	1	100	1	100	7.15e-67	192
MDA9607024.1	QIZ20434.1	98.333	60	1	0	1	60	187	246	6.47e-37	119
MDA9607025.1	QIZ20662.1	97.010	301	9	0	1	301	1	301	0.0	586
MDA9607026.1	QIZ20660.1	100.000	79	0	0	1	79	1	79	1.08e-50	149
MDA9607027.1	QIZ20659.1	92.857	210	15	0	1	210	1	210	5.11e-145	398
MDA9607028.1	QIZ20658.1	92.929	99	7	0	1	99	164	262	3.48e-62	185
MDA9607029.1	QIZ21237.1	91.837	196	16	0	1	196	1	196	9.24e-135	374
MDA9607030.1	QIZ21236.1	100.000	96	0	0	1	96	1	96	1.33e-65	188
MDA9607031.1	QIZ21235.1	98.343	543	9	0	1	543	1	543	0.0	1060
MDA9607032.1	QIZ21243.1	66.667	123	41	0	1	123	1	123	6.14e-47	145
MDA9607033.1	QIZ21244.1	66.746	421	140	0	1	421	1	421	0.0	599
MDA9607034.1	QIZ21245.1	75.806	62	15	0	1	62	1	62	4.90e-31	98.6
MDA9607035.1	QIZ21246.1	62.302	252	92	1	3	251	35	286	3.35e-114	325
MDA9607043.1	QIZ20739.1	92.353	170	13	0	1	170	87	256	5.25e-113	317
MDA9607044.1	QIZ20738.1	89.623	106	11	0	1	106	1	106	6.65e-73	207
MDA9607045.1	QIZ20737.1	91.716	338	28	0	1	338	1	338	0.0	624
MDA9607046.1	QIZ20736.1	86.058	208	29	0	1	208	1	208	9.08e-141	387
MDA9607047.1	QIZ20667.1	95.016	321	16	0	1	321	1	321	0.0	614
MDA9607048.1	QIZ20666.1	98.941	472	5	0	1	472	1	472	0.0	956
MDA9607050.1	QIZ21238.1	96.479	142	5	0	1	142	164	305	4.69e-96	275
MDA9607051.1	QIZ21239.1	97.691	693	16	0	1	693	1	693	0.0	1416
MDA9607052.1	QIZ20338.1	98.405	627	10	0	1	627	74	700	0.0	1213
MDA9607053.1	QIZ20339.1	47.826	138	71	1	9	145	15	152	1.50e-41	131
MDA9607054.1	QIZ21131.1	98.919	185	2	0	1	185	1	185	8.23e-131	364
MDA9607055.1	QIZ21130.1	98.252	286	5	0	1	286	1	286	0.0	562
MDA9607056.1	QIZ21129.1	98.868	265	3	0	1	265	247	511	0.0	540
MDA9607057.1	QIZ21132.1	95.455	66	3	0	1	66	294	359	5.35e-39	127
MDA9607058.1	QIZ21133.1	91.597	357	30	0	1	357	1	357	0.0	681
MDA9607060.1	QIZ20478.1	93.665	221	14	0	1	221	144	364	5.55e-144	406
MDA9607061.1	QIZ20480.1	90.299	134	13	0	1	134	1	134	5.42e-78	224
MDA9607062.1	QIZ20481.1	94.248	226	13	0	1	226	1	226	2.93e-157	430
MDA9607063.1	QIZ20482.1	96.212	132	5	0	1	132	9	140	2.91e-92	259
MDA9607064.1	QIZ21373.1	93.213	221	15	0	1	221	1	221	6.82e-143	402
MDA9607066.1	QIZ21372.1	92.683	123	9	0	1	123	826	948	7.33e-69	218
MDA9607067.1	QIZ20294.1	86.260	131	18	0	1	131	23	153	2.70e-80	229
MDA9607068.1	QIZ20293.1	81.903	431	78	0	1	431	1	431	0.0	696
MDA9607069.1	QIZ20292.1	76.259	139	33	0	1	139	132	270	1.20e-72	214
MDA9607070.1	QIZ20439.1	96.532	173	6	0	1	173	91	263	3.70e-118	330
MDA9607071.1	QIZ20440.1	97.333	225	6	0	1	225	1	225	4.00e-162	442
MDA9607072.1	QIZ20441.1	95.753	259	11	0	1	259	1	259	0.0	522
