MDA7556323.1	QIZ21330.1	83.574	761	106	3	3	745	41	800	0.0	1248
MDA7556324.1	QIZ21331.1	86.667	225	30	0	1	225	1	225	1.75e-125	350
MDA7556325.1	QIZ21332.1	79.470	151	30	1	18	168	18	167	3.69e-75	218
MDA7556326.1	QIZ21333.1	88.996	518	57	0	1	518	1	518	0.0	940
MDA7556327.1	QIZ21334.1	95.540	583	26	0	1	583	1	583	0.0	1139
MDA7556328.1	QIZ21335.1	93.171	410	28	0	1	410	1	410	0.0	697
MDA7556329.1	QIZ21336.1	89.583	144	15	0	1	144	1	144	2.22e-95	267
MDA7556330.1	QIZ21337.1	90.909	99	9	0	1	99	1	99	1.69e-61	178
MDA7556331.1	QIZ21338.1	88.298	94	11	0	1	94	1	94	6.02e-59	171
MDA7556332.1	QIZ21339.1	62.722	169	41	6	1	160	1	156	6.32e-54	163
MDA7556333.1	QIZ21340.1	77.778	144	30	2	6	148	20	162	1.42e-76	221
MDA7556334.1	QIZ21341.1	75.610	82	20	0	5	86	15	96	1.50e-46	139
MDA7556335.1	QIZ21342.1	96.330	109	4	0	1	109	1	109	5.64e-77	218
MDA7556336.1	QIZ21343.1	96.913	745	23	0	1	745	1	745	0.0	1482
MDA7556337.1	QIZ21343.1	53.047	722	309	5	9	716	39	744	0.0	773
MDA7556338.1	QIZ21344.1	93.972	282	17	0	1	282	1	282	0.0	524
MDA7556339.1	QIZ21345.1	78.997	319	67	0	4	322	8	326	2.11e-177	489
MDA7556340.1	QIZ21346.1	95.105	715	35	0	1	715	1	715	0.0	1401
MDA7556341.1	QIZ21355.1	96.491	114	4	0	1	114	1	114	3.17e-78	221
MDA7556342.1	QIZ21346.1	28.923	771	465	30	2	745	1	715	7.30e-71	241
MDA7556343.1	QIZ21357.1	68.806	779	207	12	1	766	1	756	0.0	993
MDA7556344.1	QIZ21356.1	38.261	690	393	19	13	684	21	695	1.60e-143	432
MDA7556345.1	QIZ21346.1	26.943	386	227	11	354	724	307	652	8.03e-31	124
MDA7556346.1	QIZ21359.1	88.920	1074	119	0	1	1074	1	1074	0.0	1970
MDA7556347.1	QIZ21360.1	83.636	385	62	1	1	384	1	385	0.0	669
MDA7556348.1	QIZ21361.1	76.316	152	36	0	1	152	1	152	1.44e-74	215
MDA7556349.1	QIZ21362.1	77.157	591	135	0	1	591	1	591	0.0	917
MDA7556350.1	QIZ21363.1	93.421	608	39	1	1	608	1	607	0.0	1155
MDA7556352.1	QIZ21364.1	69.355	186	55	1	8	193	12	195	4.70e-89	255
MDA7556353.1	QIZ21365.1	55.472	265	114	2	1	265	1	261	1.14e-105	303
MDA7556354.1	QIZ21366.1	65.164	244	83	2	1	244	3	244	9.72e-109	309
MDA7556355.1	QIZ21367.1	90.323	155	15	0	1	155	1	155	4.31e-107	298
MDA7556356.1	QIZ21368.1	78.471	497	101	4	1	493	1	495	0.0	709
MDA7556357.1	QIZ21369.1	70.536	336	99	0	1	336	1	336	1.31e-174	483
MDA7556358.1	QIZ21371.1	63.636	561	195	2	4	561	5	559	0.0	716
MDA7556359.1	QIZ21372.1	56.886	944	404	1	1	944	1	941	0.0	1009
MDA7556361.1	QIZ21373.1	56.471	425	181	3	8	430	8	430	1.12e-148	425
MDA7556362.1	QIZ21374.1	68.717	374	117	0	1	374	1	374	9.61e-172	479
MDA7556363.1	QIZ21375.1	48.603	358	179	4	1	355	1	356	6.65e-121	348
MDA7556364.1	QIZ21376.1	75.000	464	116	0	1	464	1	464	0.0	726
MDA7556365.1	QIZ21377.1	65.993	297	101	0	5	301	16	312	4.61e-133	376
MDA7556366.1	QIZ21378.1	74.013	304	79	0	1	304	1	304	5.22e-157	436
MDA7556367.1	QIZ21379.1	36.364	187	117	2	17	203	39	223	1.42e-35	120
MDA7556369.1	QIZ21381.1	68.627	306	96	0	1	306	1	306	8.19e-145	405
MDA7556370.1	QIZ21382.1	63.025	238	88	0	18	255	19	256	3.87e-106	305
MDA7556371.1	QIZ21383.1	65.089	676	236	0	1	676	1	676	0.0	902
MDA7556372.1	QIZ21384.1	61.032	562	218	1	3	564	4	564	0.0	682
MDA7556373.1	QIZ21385.1	85.251	678	100	0	1	678	1	678	0.0	1213
MDA7556374.1	QIZ21386.1	27.143	420	296	6	41	457	33	445	1.26e-27	110
MDA7556375.1	QIZ21387.1	88.312	462	54	0	1	462	1	462	0.0	819
MDA7556377.1	QIZ20745.1	77.256	277	63	0	1	277	1	277	4.42e-156	432
MDA7556378.1	QIZ20744.1	89.970	329	33	0	1	329	1	329	0.0	623
MDA7556379.1	QIZ20743.1	73.129	294	79	0	1	294	1	294	9.53e-162	447
MDA7556380.1	QIZ20742.1	85.945	434	61	0	1	434	1	434	0.0	789
MDA7556381.1	QIZ20741.1	78.704	108	23	0	1	108	1	108	2.18e-58	171
MDA7556382.1	QIZ20740.1	90.000	630	63	0	1	630	1	630	0.0	1184
MDA7556383.1	QIZ20739.1	83.794	253	41	0	1	253	1	253	1.89e-156	431
MDA7556384.1	QIZ20738.1	78.302	106	23	0	1	106	1	106	6.68e-62	179
MDA7556385.1	QIZ20737.1	72.189	338	94	0	1	338	1	338	0.0	506
MDA7556386.1	QIZ20736.1	74.757	206	52	0	1	206	1	206	1.34e-121	339
MDA7556388.1	QIZ20734.1	72.327	159	41	1	20	175	22	180	5.70e-84	241
MDA7556390.1	QIZ20733.1	55.172	290	130	0	1	290	1	290	2.86e-110	317
MDA7556395.1	QIZ20732.1	80.706	425	82	0	1	425	1	425	0.0	718
MDA7556396.1	QIZ20731.1	80.916	131	25	0	1	131	1	131	3.20e-80	228
MDA7556397.1	QIZ21069.1	78.125	64	14	0	1	64	1	64	1.22e-34	107
MDA7556398.1	QIZ20729.1	69.748	119	35	1	2	120	3	120	5.18e-63	184
MDA7556399.1	QIZ20728.1	66.775	307	102	0	1	307	1	307	1.13e-148	416
MDA7556400.1	QIZ20727.1	54.964	413	184	2	20	430	20	432	4.41e-154	439
MDA7556401.1	QIZ20726.1	89.891	366	34	1	5	370	21	383	0.0	673
MDA7556402.1	QIZ20725.1	76.464	888	209	0	1	888	1	888	0.0	1417
MDA7556403.1	QIZ20724.1	89.109	404	44	0	1	404	1	404	0.0	768
MDA7556404.1	QIZ20723.1	74.419	215	55	0	1	215	1	215	5.28e-125	348
MDA7556405.1	QIZ20722.1	66.791	268	87	2	1	267	1	267	1.88e-123	348
MDA7556406.1	QIZ20721.1	75.748	301	73	0	1	301	1	301	5.42e-179	492
MDA7556407.1	QIZ20720.1	73.399	203	54	0	1	203	1	203	3.92e-108	304
MDA7556408.1	QIZ20719.1	83.799	358	58	0	1	358	1	358	0.0	580
MDA7556409.1	QIZ20718.1	53.147	143	67	0	1	143	1	143	4.53e-47	145
MDA7556410.1	QIZ20717.1	81.382	521	96	1	1	520	1	521	0.0	865
MDA7556411.1	QIZ20716.1	80.576	139	27	0	1	139	1	139	2.90e-87	246
MDA7556412.1	QIZ20715.1	70.039	257	77	0	1	257	1	257	1.17e-133	373
MDA7556413.1	QIZ20714.1	86.275	204	28	0	1	204	1	204	2.09e-122	340
MDA7556414.1	QIZ20707.1	71.341	164	42	2	3	162	1	163	1.41e-80	231
MDA7556415.1	QIZ20706.1	81.641	256	47	0	1	256	9	264	4.26e-159	438
MDA7556416.1	QIZ20705.1	65.351	228	75	1	1	224	1	228	1.52e-109	310
MDA7556417.1	QIZ20704.1	55.238	315	139	2	1	313	1	315	1.64e-123	352
MDA7556418.1	QIZ20703.1	74.744	293	70	1	1	289	1	293	5.03e-151	420
MDA7556419.1	QIZ20702.1	68.392	367	116	0	1	367	1	367	0.0	522
MDA7556420.1	QIZ20701.1	84.127	126	20	0	1	126	1	126	1.72e-79	226
MDA7556421.1	QIZ20700.1	86.134	952	132	0	1	952	1	952	0.0	1710
MDA7556422.1	QIZ20699.1	70.531	414	122	0	1	414	1	414	0.0	604
MDA7556424.1	QIZ20698.1	73.980	392	102	0	1	392	1	392	0.0	598
MDA7556425.1	QIZ20697.1	63.736	182	66	0	1	182	1	182	2.17e-83	240
MDA7556426.1	QIZ20696.1	86.957	253	33	0	1	253	1	253	1.48e-166	456
MDA7556428.1	QIZ20695.1	77.099	131	30	0	1	131	25	155	6.14e-58	172
MDA7556429.1	QIZ20694.1	94.278	367	21	0	1	367	1	367	0.0	705
MDA7556430.1	QIZ20692.1	66.875	480	157	1	4	481	12	491	0.0	693
MDA7556431.1	QIZ20691.1	90.022	922	92	0	1	922	1	922	0.0	1774
MDA7556432.1	QIZ20690.1	85.688	552	78	1	1	551	1	552	0.0	972
MDA7556433.1	QIZ20689.1	65.580	276	95	0	1	276	1	276	5.36e-137	384
MDA7556434.1	QIZ20687.1	60.897	156	61	0	1	156	1	156	3.25e-58	174
MDA7556435.1	QIZ20686.1	58.088	136	53	1	1	132	1	136	4.04e-52	157
MDA7556436.1	QIZ20685.1	54.592	196	88	1	1	195	1	196	1.86e-75	221
MDA7556437.1	QIZ20684.1	62.954	413	150	1	1	413	1	410	2.09e-179	502
MDA7556438.1	QIZ20683.1	77.409	301	68	0	1	301	1	301	9.83e-167	461
MDA7556439.1	QIZ20682.1	87.654	405	50	0	1	405	1	405	0.0	756
MDA7556440.1	QIZ20681.1	93.784	370	23	0	1	370	1	370	0.0	736
MDA7556441.1	QIZ20680.1	80.115	347	69	0	1	347	1	347	0.0	600
MDA7556442.1	QIZ20679.1	81.250	64	12	0	1	64	12	75	4.68e-37	114
MDA7556446.1	QIZ20677.1	85.246	244	29	1	1	244	1	237	8.64e-103	294
MDA7556447.1	QIZ20676.1	82.609	161	28	0	1	161	1	161	3.04e-88	251
MDA7556449.1	QIZ21534.1	44.037	109	60	1	13	121	13	120	1.31e-30	102
MDA7556450.1	QIZ20673.1	79.070	430	89	1	1	429	1	430	0.0	682
MDA7556451.1	QIZ20672.1	80.420	286	56	0	1	286	1	286	6.02e-174	478
MDA7556452.1	QIZ20671.1	74.757	309	77	1	1	308	1	309	3.65e-173	478
MDA7556453.1	QIZ20670.1	76.798	431	100	0	1	431	1	431	0.0	695
MDA7556454.1	QIZ20669.1	87.917	480	58	0	14	493	14	493	0.0	892
MDA7556455.1	QIZ20668.1	72.928	181	49	0	1	181	1	181	4.73e-90	257
MDA7556456.1	QIZ20667.1	82.309	797	137	3	1	796	1	794	0.0	1262
MDA7556457.1	QIZ20666.1	86.229	472	65	0	1	472	1	472	0.0	856
MDA7556458.1	QIZ20665.1	80.263	152	30	0	1	152	1	152	1.19e-78	226
MDA7556459.1	QIZ20664.1	94.286	70	4	0	21	90	1	70	3.45e-45	135
MDA7556460.1	QIZ20663.1	80.769	104	20	0	1	104	1	104	8.51e-62	180
MDA7556461.1	QIZ20662.1	66.883	308	102	0	1	308	1	308	2.56e-147	412
MDA7556462.1	QIZ20661.1	84.490	245	38	0	1	245	3	247	1.89e-151	417
MDA7556463.1	QIZ20660.1	92.405	79	6	0	1	79	1	79	2.92e-46	138
MDA7556464.1	QIZ20659.1	76.667	210	49	0	1	210	1	210	5.62e-121	337
MDA7556465.1	QIZ20658.1	67.442	258	84	0	2	259	3	260	5.71e-127	357
MDA7556466.1	QIZ20657.1	58.125	320	133	1	1	319	1	320	9.92e-117	335
MDA7556467.1	QIZ20656.1	37.037	135	85	0	2	136	167	301	1.92e-27	99.4
MDA7556468.1	QIZ20291.1	66.667	75	24	1	20	94	30	103	2.27e-29	101
MDA7556469.1	QIZ20292.1	77.778	270	60	0	1	270	1	270	5.23e-147	408
MDA7556470.1	QIZ20293.1	76.815	427	99	0	1	427	5	431	0.0	650
MDA7556471.1	QIZ20294.1	75.817	153	37	0	1	153	1	153	3.25e-88	250
MDA7556472.1	QIZ20296.1	83.568	852	138	1	1	850	1	852	0.0	1449
MDA7556473.1	QIZ20297.1	74.479	192	48	1	1	192	1	191	4.31e-96	273
MDA7556474.1	QIZ20742.1	29.880	415	254	11	25	423	22	415	1.31e-43	154
MDA7556475.1	QIZ20298.1	91.667	312	26	0	1	312	1	312	0.0	602
MDA7556476.1	QIZ20299.1	81.457	151	28	0	1	151	1	151	3.70e-85	242
MDA7556477.1	QIZ20300.1	82.105	95	17	0	1	95	1	95	3.15e-52	154
MDA7556478.1	QIZ20301.1	86.186	485	67	0	1	485	1	485	0.0	852
MDA7556479.1	QIZ20302.1	92.872	491	35	0	1	491	1	491	0.0	915
MDA7556482.1	QIZ20303.1	84.722	216	33	0	1	216	1	216	6.95e-138	380
MDA7556483.1	QIZ20304.1	74.503	302	76	1	1	302	1	301	1.46e-168	465
MDA7556484.1	QIZ20305.1	87.939	456	55	0	1	456	1	456	0.0	808
MDA7556485.1	QIZ20306.1	76.433	157	37	0	1	157	1	157	5.42e-93	263
MDA7556486.1	QIZ20311.1	90.947	243	22	0	1	243	1	243	5.61e-137	380
MDA7556487.1	QIZ20312.1	84.706	255	39	0	1	255	1	255	2.15e-157	433
MDA7556488.1	QIZ20313.1	58.289	187	78	0	1	187	1	187	2.11e-84	243
MDA7556489.1	QIZ20314.1	80.539	1002	194	1	1	1001	1	1002	0.0	1726
MDA7556490.1	QIZ20315.1	87.640	89	11	0	1	89	1	89	5.26e-61	176
MDA7556491.1	QIZ20316.1	94.724	417	22	0	1	417	1	417	0.0	834
MDA7556492.1	QIZ20317.1	69.524	735	221	1	6	740	5	736	0.0	1054
MDA7556493.1	QIZ20318.1	80.546	293	57	0	1	293	1	293	2.89e-179	491
MDA7556494.1	QIZ20319.1	89.103	156	17	0	1	156	1	156	7.98e-105	292
MDA7556495.1	QIZ20320.1	50.867	173	82	1	1	170	1	173	2.41e-53	163
MDA7556496.1	QIZ20321.1	80.684	585	109	1	1	581	1	585	0.0	989
MDA7556497.1	QIZ20322.1	82.051	195	35	0	1	195	1	195	9.58e-106	298
MDA7556498.1	QIZ20323.1	70.711	239	70	0	1	239	1	239	9.21e-112	316
MDA7556499.1	QIZ20324.1	63.281	128	47	0	1	128	1	128	1.13e-52	158
MDA7556500.1	QIZ20325.1	75.207	242	60	0	3	244	2	243	1.12e-136	380
MDA7556501.1	QIZ20326.1	68.037	219	70	0	1	219	1	219	4.96e-104	295
MDA7556502.1	QIZ20327.1	66.520	227	74	2	1	226	1	226	3.52e-99	283
MDA7556503.1	QIZ20328.1	77.204	329	75	0	1	329	1	329	0.0	531
MDA7556504.1	QIZ20329.1	78.866	194	41	0	3	196	20	213	6.50e-118	329
MDA7556505.1	QIZ20330.1	82.979	141	24	0	1	141	1	141	9.76e-86	243
MDA7556506.1	QIZ20331.1	91.264	435	38	0	1	435	1	435	0.0	831
MDA7556507.1	QIZ20332.1	95.395	152	7	0	1	152	1	152	6.28e-107	297
MDA7556509.1	QIZ20333.1	72.081	197	55	0	1	197	1	197	2.06e-106	299
MDA7556510.1	QIZ20334.1	91.803	366	30	0	1	366	1	366	0.0	645
MDA7556511.1	QIZ20335.1	80.469	128	25	0	1	128	1	128	3.47e-74	213
MDA7556512.1	QIZ20336.1	64.925	134	47	0	1	134	1	134	2.21e-64	188
MDA7556513.1	QIZ20337.1	61.755	319	122	0	1	319	1	319	2.22e-131	372
MDA7556514.1	QIZ20338.1	91.298	701	61	0	1	701	1	701	0.0	1248
MDA7556515.1	QIZ20339.1	58.273	139	58	0	15	153	15	153	5.42e-57	171
MDA7556516.1	QIZ20340.1	57.447	141	60	0	12	152	12	152	5.10e-43	135
MDA7556517.1	QIZ20341.1	86.667	60	8	0	1	60	1	60	1.61e-36	112
MDA7556518.1	QIZ20342.1	77.477	333	75	0	1	333	1	333	0.0	528
MDA7556519.1	QIZ20343.1	73.469	98	26	0	2	99	3	100	1.13e-47	143
MDA7556520.1	QIZ20344.1	66.129	124	41	1	1	123	2	125	5.59e-52	156
MDA7556521.1	QIZ20345.1	95.238	63	3	0	1	63	1	63	1.10e-39	120
MDA7556522.1	QIZ20346.1	79.167	96	20	0	1	96	1	96	3.61e-46	139
MDA7556523.1	QIZ20347.1	48.802	334	167	2	1	332	1	332	7.65e-99	291
MDA7556524.1	QIZ20348.1	93.213	442	30	0	1	442	1	442	0.0	838
MDA7556525.1	QIZ20349.1	76.471	153	35	1	1	152	1	153	4.11e-89	252
MDA7556526.1	QIZ20350.1	76.761	142	33	0	4	145	8	149	1.01e-81	233
MDA7556527.1	QIZ20351.1	72.072	333	93	0	1	333	1	333	0.0	500
MDA7556528.1	QIZ20352.1	49.296	71	36	0	5	75	4	74	1.10e-21	75.9
MDA7556529.1	QIZ20353.1	83.879	428	69	0	1	428	1	428	0.0	691
MDA7556530.1	QIZ20354.1	85.000	300	45	0	1	300	1	300	0.0	514
MDA7556531.1	QIZ20355.1	80.505	277	54	0	1	277	1	277	9.90e-158	436
MDA7556532.1	QIZ20356.1	89.130	92	10	0	1	92	4	95	4.93e-57	166
MDA7556533.1	QIZ20357.1	86.207	145	20	0	1	145	1	145	1.36e-94	265
MDA7556535.1	QIZ20359.1	62.579	318	106	2	1	318	1	305	1.20e-149	418
MDA7556538.1	QIZ20829.1	44.663	356	192	3	2	352	8	363	9.37e-77	237
MDA7556540.1	QIZ20360.1	41.488	699	390	12	1	684	1	695	2.59e-145	436
MDA7556543.1	QIZ20829.1	29.695	394	232	11	10	397	16	370	5.56e-33	123
MDA7556544.1	QIZ20361.1	55.682	88	37	1	1	88	1	86	3.00e-23	80.9
MDA7556547.1	QIZ20844.1	32.749	342	210	10	33	368	34	361	8.24e-35	127
MDA7556551.1	QIZ20362.1	55.142	564	253	0	1	564	1	564	0.0	638
MDA7556552.1	QIZ20363.1	72.381	315	87	0	1	315	1	315	8.92e-176	484
MDA7556553.1	QIZ20364.1	89.666	329	34	0	1	329	1	329	0.0	602
MDA7556554.1	QIZ20365.1	70.968	93	27	0	1	93	1	93	4.29e-45	136
MDA7556555.1	QIZ20366.1	34.463	177	93	5	1	163	1	168	8.19e-26	92.8
MDA7556556.1	QIZ20367.1	82.051	390	70	0	1	390	1	390	0.0	590
MDA7556557.1	QIZ20368.1	64.118	170	61	0	1	170	1	170	2.21e-79	229
MDA7556558.1	QIZ20369.1	64.844	256	89	1	1	256	3	257	4.84e-125	352
MDA7556559.1	QIZ20370.1	69.841	252	75	1	1	251	1	252	5.20e-122	343
MDA7556560.1	QIZ20371.1	76.998	513	118	0	1	513	1	513	0.0	834
MDA7556561.1	QIZ20372.1	51.613	310	147	2	1	307	1	310	5.23e-96	282
MDA7556562.1	QIZ20373.1	66.502	203	68	0	1	203	1	203	5.44e-88	253
MDA7556563.1	QIZ20374.1	72.063	383	107	0	1	383	1	383	0.0	568
MDA7556564.1	QIZ20375.1	51.852	216	102	2	38	253	38	251	1.75e-64	197
MDA7556565.1	QIZ20376.1	62.776	317	118	0	17	333	17	333	2.72e-144	406
MDA7556566.1	QIZ20377.1	68.729	291	91	0	2	292	3	293	4.02e-138	387
MDA7556567.1	QIZ20378.1	56.471	85	37	0	1	85	1	85	4.82e-21	75.5
MDA7556568.1	QIZ20379.1	71.449	683	195	0	1	683	1	683	0.0	989
MDA7556569.1	QIZ20380.1	72.449	196	54	0	6	201	5	200	7.49e-98	278
MDA7556570.1	QIZ20381.1	77.455	275	62	0	1	275	1	275	3.41e-166	457
MDA7556571.1	QIZ20382.1	81.622	370	68	0	1	370	1	370	0.0	648
MDA7556572.1	QIZ20383.1	78.804	184	39	0	1	184	1	184	2.35e-109	306
MDA7556573.1	QIZ20384.1	82.927	164	28	0	1	164	1	164	5.94e-100	280
MDA7556574.1	QIZ20385.1	86.713	858	104	2	1	858	1	848	0.0	1469
MDA7556575.1	QIZ20386.1	88.235	153	15	2	1	150	1	153	1.41e-91	258
MDA7556576.1	QIZ20387.1	94.093	948	56	0	1	948	1	948	0.0	1835
MDA7556577.1	QIZ20388.1	82.000	200	33	1	1	200	1	197	1.46e-118	330
MDA7556578.1	QIZ20389.1	79.181	293	61	0	1	293	1	293	1.73e-168	464
MDA7556579.1	QIZ20390.1	76.015	517	124	0	1	517	1	517	0.0	788
MDA7556580.1	QIZ20391.1	86.957	92	12	0	4	95	3	94	1.31e-55	163
MDA7556581.1	QIZ20392.1	74.820	417	105	0	1	417	1	417	0.0	668
MDA7556582.1	QIZ20393.1	85.600	250	36	0	1	250	1	250	1.61e-159	438
MDA7556583.1	QIZ20394.1	65.278	72	24	1	1	71	1	72	4.14e-23	79.3
MDA7556584.1	QIZ20395.1	77.941	68	13	1	1	66	1	68	1.05e-33	105
MDA7556585.1	QIZ20396.1	80.180	222	44	0	10	231	13	234	6.91e-136	377
MDA7556586.1	QIZ20397.1	83.673	245	40	0	1	245	1	245	6.07e-142	393
MDA7556587.1	QIZ20398.1	65.506	316	109	0	1	316	1	316	9.86e-151	421
MDA7556588.1	QIZ20399.1	61.628	86	33	0	1	86	1	86	3.84e-33	105
MDA7556589.1	QIZ20400.1	72.270	577	159	1	1	576	1	577	0.0	859
MDA7556590.1	QIZ20401.1	73.684	361	95	0	7	367	7	367	0.0	524
MDA7556591.1	QIZ20402.1	81.905	105	19	0	1	105	1	105	7.77e-60	174
MDA7556592.1	QIZ20403.1	80.233	258	51	0	1	258	1	258	4.89e-161	442
MDA7556593.1	QIZ20404.1	78.916	332	70	0	1	332	1	332	0.0	551
MDA7556594.1	QIZ20405.1	80.769	130	25	0	3	132	4	133	4.17e-77	220
MDA7556595.1	QIZ20406.1	80.150	267	53	0	1	267	1	267	5.44e-154	426
MDA7556596.1	QIZ20407.1	71.488	242	69	0	1	242	3	244	1.25e-127	357
MDA7556597.1	QIZ20408.1	69.377	369	94	6	4	364	1	358	4.76e-179	497
MDA7556598.1	QIZ20410.1	94.419	215	12	0	1	215	1	215	2.75e-148	407
MDA7556599.1	QIZ20411.1	95.925	319	13	0	1	319	3	321	0.0	620
MDA7556600.1	QIZ20412.1	85.037	401	60	0	1	401	1	401	0.0	685
MDA7556601.1	QIZ20413.1	93.007	572	40	0	1	572	1	572	0.0	1105
MDA7556602.1	QIZ20414.1	84.571	875	135	0	1	875	1	875	0.0	1551
MDA7556603.1	QIZ20415.1	87.705	122	15	0	1	122	1	122	1.66e-74	213
MDA7556604.1	QIZ20416.1	93.333	240	16	0	1	240	5	244	2.69e-168	459
MDA7556605.1	QIZ20417.1	83.099	426	69	1	1	423	1	426	0.0	719
MDA7556606.1	QIZ20418.1	85.302	381	56	0	1	381	1	381	0.0	625
MDA7556607.1	QIZ20419.1	94.220	346	20	0	1	346	1	346	0.0	685
MDA7556608.1	QIZ20420.1	68.376	468	147	1	1	467	1	468	0.0	521
MDA7556609.1	QIZ20421.1	82.289	463	82	0	1	463	1	463	0.0	716
MDA7556610.1	QIZ20422.1	76.497	451	106	0	1	451	1	451	0.0	699
MDA7556611.1	QIZ20423.1	63.575	593	216	0	1	593	1	593	0.0	721
MDA7556612.1	QIZ20424.1	51.752	371	176	2	1	368	1	371	3.86e-108	317
MDA7556613.1	QIZ20425.1	70.060	167	50	0	1	167	1	167	3.53e-83	238
MDA7556614.1	QIZ20426.1	76.316	152	36	0	1	152	1	152	1.61e-74	215
MDA7556615.1	QIZ20427.1	72.414	145	40	0	1	145	1	145	1.52e-77	222
MDA7556616.1	QIZ20428.1	82.353	306	54	0	1	306	3	308	0.0	525
MDA7556617.1	QIZ20429.1	71.000	100	29	0	1	100	1	100	2.99e-45	137
MDA7556618.1	QIZ20430.1	83.732	418	68	0	1	418	1	418	0.0	701
MDA7556619.1	QIZ20431.1	89.051	274	30	0	1	274	1	274	8.42e-179	489
MDA7556620.1	QIZ20432.1	87.361	538	68	0	1	538	1	538	0.0	964
MDA7556622.1	QIZ20433.1	83.838	99	16	0	1	99	1	99	5.64e-57	167
MDA7556623.1	QIZ20434.1	61.789	246	94	0	1	246	1	246	2.24e-117	331
MDA7556624.1	QIZ20435.1	49.578	474	237	2	1	473	1	473	4.75e-141	409
MDA7556625.1	QIZ20436.1	76.440	191	45	0	2	192	1	191	7.01e-90	267
MDA7556629.1	QIZ20853.1	53.448	232	108	0	4	235	7	238	4.91e-84	246
MDA7556631.1	QIZ20819.1	26.879	439	298	11	6	423	8	444	2.92e-33	126
MDA7556635.1	QIZ20854.1	49.479	192	97	0	3	194	11	202	3.66e-65	195
MDA7556636.1	QIZ20851.1	30.855	269	166	8	5	263	7	265	7.77e-25	97.8
MDA7556641.1	QIZ20515.1	62.733	322	120	0	4	325	3	324	1.81e-150	421
MDA7556642.1	QIZ20793.1	68.858	289	90	0	3	291	2	290	1.89e-149	416
MDA7556643.1	QIZ20792.1	95.122	41	2	0	1	41	1	41	3.81e-23	77.4
MDA7556645.1	QIZ20790.1	80.663	362	70	0	1	362	1	362	0.0	589
MDA7556646.1	QIZ20789.1	92.632	95	7	0	1	95	1	95	9.30e-59	171
MDA7556647.1	QIZ20788.1	93.534	464	30	0	2	465	1	464	0.0	882
MDA7556648.1	QIZ20853.1	51.613	93	45	0	1	93	146	238	1.66e-32	108
MDA7556649.1	QIZ20786.1	95.312	64	3	0	1	64	1	64	1.09e-37	115
MDA7556650.1	QIZ20785.1	82.051	195	35	0	1	195	1	195	3.47e-112	314
MDA7556651.1	QIZ20784.1	92.105	76	6	0	1	76	1	76	3.80e-51	150
MDA7556652.1	QIZ20783.1	65.447	246	85	0	1	246	1	246	7.08e-115	325
MDA7556653.1	QIZ20782.1	83.871	186	30	0	1	186	1	186	2.27e-119	331
MDA7556654.1	QIZ20781.1	69.565	207	60	2	1	204	1	207	5.76e-86	248
MDA7556655.1	QIZ20780.1	79.762	336	67	1	1	335	1	336	0.0	548
MDA7556656.1	QIZ20779.1	72.959	392	106	0	1	392	1	392	0.0	582
MDA7556657.1	QIZ20778.1	85.373	335	49	0	1	335	1	335	0.0	593
MDA7556658.1	QIZ20777.1	83.564	651	107	0	1	651	1	651	0.0	1137
MDA7556659.1	QIZ20776.1	59.813	107	43	0	1	107	1	107	8.24e-34	108
MDA7556660.1	QIZ20775.1	75.676	148	36	0	1	148	1	148	1.45e-75	218
MDA7556661.1	QIZ20774.1	56.354	181	79	0	1	181	1	181	1.45e-67	200
MDA7556662.1	QIZ20773.1	75.655	267	65	0	1	267	1	267	5.86e-159	438
MDA7556663.1	QIZ20772.1	86.250	240	33	0	1	240	1	240	3.29e-156	429
MDA7556664.1	QIZ20771.1	84.756	164	25	0	1	164	1	164	2.65e-106	296
MDA7556665.1	QIZ20770.1	85.268	224	33	0	1	224	1	224	2.13e-141	390
MDA7556666.1	QIZ20769.1	91.304	138	12	0	1	138	1	138	4.66e-93	261
MDA7556667.1	QIZ20768.1	69.930	286	69	1	1	286	1	269	2.70e-126	356
MDA7556668.1	QIZ20767.1	87.239	431	55	0	17	447	16	446	0.0	793
MDA7556669.1	QIZ20766.1	89.308	159	17	0	1	159	1	159	1.34e-99	279
MDA7556670.1	QIZ20765.1	72.308	325	78	3	8	332	12	324	1.13e-172	478
MDA7556671.1	QIZ20764.1	52.187	343	162	1	1	341	1	343	7.09e-120	345
MDA7556672.1	QIZ20763.1	81.359	633	113	2	3	635	1	628	0.0	1014
MDA7556673.1	QIZ20762.1	69.452	347	106	0	1	347	1	347	1.54e-162	454
MDA7556674.1	QIZ20761.1	83.296	443	74	0	1	443	1	443	0.0	752
MDA7556675.1	QIZ20760.1	74.444	270	69	0	1	270	1	270	8.85e-146	405
MDA7556676.1	QIZ20759.1	90.465	430	41	0	1	430	1	430	0.0	810
MDA7556677.1	QIZ20758.1	92.491	293	22	0	5	297	1	293	0.0	561
MDA7556678.1	QIZ20757.1	82.972	323	55	0	1	323	1	323	0.0	533
MDA7556679.1	QIZ20756.1	71.290	310	89	0	1	310	1	310	1.22e-161	448
MDA7556680.1	QIZ20755.1	65.385	78	27	0	1	78	1	78	3.23e-30	97.8
MDA7556681.1	QIZ20754.1	75.862	290	70	0	1	290	1	290	6.63e-151	419
MDA7556682.1	QIZ20753.1	88.226	637	75	0	1	637	1	637	0.0	1181
MDA7556683.1	QIZ20752.1	91.667	360	30	0	1	360	1	360	0.0	670
MDA7556684.1	QIZ20751.1	75.962	208	50	0	1	208	1	208	1.14e-120	336
MDA7556685.1	QIZ20750.1	80.415	337	66	0	1	337	1	337	0.0	555
MDA7556686.1	QIZ20749.1	85.821	268	38	0	1	268	1	268	1.56e-154	427
MDA7556687.1	QIZ20748.1	88.055	293	35	0	1	293	1	293	0.0	548
MDA7556688.1	QIZ20747.1	69.723	687	208	0	1	687	1	687	0.0	961
MDA7556689.1	QIZ20746.1	88.149	886	105	0	1	886	1	886	0.0	1623
MDA7556694.1	QIZ21388.1	92.698	315	23	0	1	315	1	315	0.0	619
MDA7556695.1	QIZ21395.1	93.796	274	17	0	1	274	1	274	0.0	522
MDA7556696.1	QIZ21396.1	91.008	367	32	1	1	367	1	366	0.0	635
MDA7556697.1	QIZ21397.1	93.772	289	18	0	1	289	1	289	0.0	537
MDA7556698.1	QIZ21398.1	83.607	61	10	0	1	61	1	61	1.11e-33	105
MDA7556699.1	QIZ21399.1	75.536	466	109	3	8	469	7	471	0.0	683
MDA7556700.1	QIZ21400.1	58.863	299	123	0	1	299	1	299	4.45e-109	315
MDA7556701.1	QIZ21401.1	91.837	588	48	0	1	588	1	588	0.0	1101
MDA7556702.1	QIZ21402.1	85.714	182	26	0	1	182	1	182	2.59e-115	321
MDA7556703.1	QIZ21403.1	85.588	340	48	1	1	340	1	339	0.0	609
MDA7556704.1	QIZ21404.1	82.983	523	86	2	1	523	1	520	0.0	904
MDA7556705.1	QIZ21405.1	91.124	338	30	0	7	344	8	345	0.0	632
MDA7556706.1	QIZ21406.1	48.958	288	136	6	1	279	1	286	1.16e-81	248
MDA7556707.1	QIZ21407.1	49.398	166	84	0	1	166	1	166	2.46e-45	143
MDA7556708.1	QIZ21408.1	67.857	644	187	2	1	624	1	644	0.0	917
MDA7556709.1	QIZ21409.1	70.968	372	108	0	3	374	2	373	0.0	509
MDA7556710.1	QIZ21410.1	83.010	412	70	0	1	412	1	412	0.0	732
MDA7556711.1	QIZ21411.1	47.315	298	157	0	1	298	2	299	1.78e-99	290
MDA7556712.1	QIZ21412.1	84.810	316	48	0	1	316	1	316	0.0	563
MDA7556713.1	QIZ21414.1	84.553	123	19	0	1	123	1	123	6.00e-78	221
MDA7556715.1	QIZ21415.1	83.333	84	14	0	1	84	1	84	2.09e-52	154
MDA7556716.1	QIZ21416.1	92.857	98	7	0	1	98	1	98	8.64e-65	186
MDA7556717.1	QIZ21417.1	88.725	204	23	0	1	204	1	204	1.11e-116	326
MDA7556718.1	QIZ21418.1	88.620	413	45	1	1	411	1	413	0.0	763
MDA7556719.1	QIZ21419.1	85.185	297	44	0	1	297	1	297	0.0	512
MDA7556720.1	QIZ21420.1	73.939	330	85	1	1	329	21	350	0.0	504
MDA7556721.1	QIZ21421.1	84.146	246	39	0	1	246	1	246	9.51e-157	431
MDA7556722.1	QIZ21422.1	89.655	261	27	0	1	261	1	261	7.24e-176	480
MDA7556723.1	QIZ21423.1	93.162	234	16	0	1	234	1	234	9.81e-165	450
MDA7556724.1	QIZ21424.1	90.654	107	10	0	1	107	1	107	1.95e-66	191
MDA7556725.1	QIZ21425.1	88.779	303	34	0	1	303	1	303	0.0	551
MDA7556727.1	QIZ21426.1	94.318	264	15	0	1	264	1	264	0.0	504
MDA7556728.1	QIZ21427.1	92.766	235	17	0	1	235	1	235	7.04e-155	425
MDA7556729.1	QIZ21428.1	96.429	336	12	0	1	336	1	336	0.0	645
MDA7556730.1	QIZ21429.1	90.971	443	40	0	14	456	1	443	0.0	794
MDA7556731.1	QIZ21431.1	77.778	252	56	0	1	252	1	252	4.75e-137	382
MDA7556732.1	QIZ21432.1	91.184	397	34	1	1	396	1	397	0.0	697
MDA7556733.1	QIZ21433.1	81.053	285	54	0	1	285	1	285	1.61e-170	469
MDA7556734.1	QIZ21434.1	93.103	493	34	0	1	493	1	493	0.0	957
MDA7556735.1	QIZ21435.1	79.231	260	54	0	1	260	1	260	2.08e-161	444
MDA7556736.1	QIZ21436.1	93.846	195	12	0	1	195	1	195	3.54e-136	374
MDA7556737.1	QIZ21437.1	91.237	388	34	0	1	388	1	388	0.0	761
MDA7556738.1	QIZ21438.1	75.102	245	61	0	1	245	1	245	1.04e-139	388
MDA7556739.1	QIZ21439.1	82.474	388	68	0	1	388	1	388	0.0	683
MDA7556740.1	QIZ21440.1	87.744	359	44	0	3	361	4	362	0.0	665
MDA7556741.1	QIZ21441.1	93.629	361	23	0	13	373	13	373	0.0	701
MDA7556742.1	QIZ21442.1	83.133	415	70	0	1	415	1	415	0.0	712
MDA7556743.1	QIZ21443.1	92.254	284	22	0	1	284	1	284	0.0	506
MDA7556744.1	QIZ21444.1	87.297	740	94	0	1	740	1	740	0.0	1332
MDA7556746.1	QIZ21445.1	69.340	212	65	0	1	212	1	212	3.13e-110	310
MDA7556747.1	QIZ21446.1	62.555	227	80	1	19	240	19	245	1.61e-102	293
MDA7556748.1	QIZ21447.1	97.179	319	9	0	1	319	1	319	0.0	647
MDA7556749.1	QIZ21448.1	91.632	478	40	0	1	478	1	478	0.0	900
MDA7556750.1	QIZ20485.1	32.454	493	301	6	6	482	9	485	8.02e-87	270
MDA7556754.1	QIZ21449.1	92.929	396	28	0	1	396	1	396	0.0	758
MDA7556755.1	QIZ21450.1	89.381	113	12	0	1	113	1	113	7.13e-75	213
MDA7556756.1	QIZ21451.1	57.143	196	84	0	1	196	1	196	2.58e-78	228
MDA7556757.1	QIZ21452.1	88.414	889	103	0	1	889	1	889	0.0	1640
MDA7556758.1	QIZ21453.1	52.336	214	102	0	1	214	1	214	1.42e-64	195
MDA7556759.1	QIZ21454.1	46.172	418	225	0	15	432	16	433	1.16e-121	357
MDA7556760.1	QIZ21455.1	82.394	142	25	0	1	142	1	142	3.11e-86	244
MDA7556761.1	QIZ21456.1	63.401	347	127	0	1	347	1	347	2.27e-149	421
MDA7556762.1	QIZ21353.1	57.075	629	234	5	25	619	15	641	0.0	724
MDA7556764.1	QIZ21352.1	46.118	863	338	23	2345	3089	543	1396	7.62e-113	395
MDA7556764.1	QIZ21352.1	48.667	600	208	14	1574	2091	692	1273	2.94e-84	304
MDA7556764.1	QIZ21352.1	55.556	234	94	4	5	228	2	235	9.70e-72	263
MDA7556764.1	QIZ21352.1	54.920	437	136	11	2710	3094	532	959	4.83e-71	261
MDA7556764.1	QIZ21352.1	46.472	581	211	15	1574	2072	838	1400	4.13e-70	258
MDA7556764.1	QIZ21352.1	44.444	612	242	18	2559	3094	519	1108	1.11e-66	247
MDA7556764.1	QIZ21352.1	41.396	616	259	20	2559	3094	662	1255	1.15e-60	227
MDA7556764.1	QIZ21352.1	47.011	368	135	13	2656	2970	1040	1400	1.14e-49	191
MDA7556764.1	QIZ21352.1	41.379	435	175	15	1565	1935	978	1396	2.43e-45	177
MDA7556764.1	QIZ21352.1	71.212	132	33	2	2346	2475	1275	1403	9.57e-37	149
MDA7556765.1	QIZ20487.1	76.765	439	102	0	4	442	2	440	0.0	652
MDA7556766.1	QIZ20488.1	55.825	206	77	2	16	208	15	219	2.46e-67	202
MDA7556767.1	QIZ20489.1	60.548	365	142	1	1	365	1	363	7.31e-164	458
MDA7556768.1	QIZ20495.1	82.674	531	92	0	1	531	1	531	0.0	946
MDA7556769.1	QIZ20496.1	93.878	196	12	0	1	196	1	196	1.10e-120	335
MDA7556770.1	QIZ20497.1	87.698	252	31	0	1	252	1	252	1.29e-154	426
MDA7556771.1	QIZ20498.1	61.798	267	97	2	1	266	1	263	1.40e-107	308
MDA7556772.1	QIZ20499.1	77.132	258	59	0	1	258	1	258	8.10e-147	407
MDA7556773.1	QIZ20500.1	85.117	383	57	0	1	383	1	383	0.0	703
MDA7556774.1	QIZ20510.1	76.037	434	104	0	1	434	1	434	0.0	689
MDA7556775.1	QIZ20511.1	96.465	594	21	0	1	594	1	594	0.0	1193
MDA7556776.1	QIZ20512.1	89.362	94	10	0	1	94	1	94	3.89e-58	169
MDA7556777.1	QIZ20513.1	96.392	388	14	0	1	388	1	388	0.0	782
MDA7556778.1	QIZ20514.1	80.563	355	69	0	6	360	4	358	0.0	563
MDA7556779.1	QIZ20516.1	88.858	359	40	0	1	359	1	359	0.0	592
MDA7556781.1	QIZ20517.1	74.138	116	30	0	1	116	1	116	4.35e-63	183
MDA7556782.1	QIZ20518.1	97.092	619	18	0	1	619	1	619	0.0	1275
MDA7556783.1	QIZ20519.1	94.231	156	9	0	1	156	1	156	5.91e-113	313
MDA7556784.1	QIZ20520.1	73.864	264	69	0	1	264	1	264	1.67e-153	424
MDA7556785.1	QIZ20521.1	78.030	132	29	0	1	132	1	132	7.21e-77	219
MDA7556786.1	QIZ20522.1	61.719	256	98	0	1	256	1	256	5.57e-108	308
MDA7556787.1	QIZ20523.1	71.892	185	52	0	1	185	1	185	6.93e-87	249
MDA7556788.1	QIZ20524.1	75.194	387	96	0	1	387	1	387	0.0	558
MDA7556789.1	QIZ20525.1	61.235	405	157	0	1	405	1	405	1.30e-174	489
MDA7556790.1	QIZ20526.1	81.308	321	60	0	1	321	71	391	0.0	553
MDA7556791.1	QIZ20526.1	87.500	48	6	0	1	48	1	48	1.36e-25	91.3
MDA7556792.1	QIZ20527.1	75.610	369	88	2	4	371	3	370	0.0	570
MDA7556793.1	QIZ20528.1	75.926	54	13	0	1	54	13	66	3.96e-27	88.6
MDA7556794.1	QIZ20529.1	62.151	251	94	1	4	254	7	256	2.13e-108	309
MDA7556795.1	QIZ20530.1	75.000	184	46	0	4	187	1	184	6.62e-105	295
MDA7556796.1	QIZ20531.1	63.694	157	57	0	1	157	1	157	1.97e-72	210
MDA7556797.1	QIZ20532.1	62.827	191	70	1	1	190	1	191	1.05e-84	244
MDA7556798.1	QIZ20533.1	60.630	127	50	0	1	127	1	127	5.11e-56	166
MDA7556800.1	QIZ20536.1	76.974	152	35	0	3	154	2	153	2.74e-65	192
MDA7556801.1	QIZ20537.1	65.820	433	148	0	1	433	1	433	0.0	524
MDA7556802.1	QIZ20538.1	96.703	91	3	0	1	91	1	91	5.92e-62	179
MDA7556803.1	QIZ20539.1	79.946	369	74	0	1	369	1	369	0.0	604
MDA7556812.1	QIZ20912.1	36.364	198	102	6	4	180	2	196	7.23e-28	108
MDA7556813.1	QIZ20923.1	81.690	71	13	0	1	71	1	71	3.78e-40	122
MDA7556817.1	QIZ20909.1	58.911	202	73	1	1	192	1	202	4.67e-81	235
MDA7556832.1	QIZ20216.1	92.429	317	24	0	1	317	2	318	0.0	597
MDA7556833.1	QIZ20675.1	55.556	63	28	0	7	69	6	68	2.78e-21	74.3
MDA7556834.1	QIZ21315.1	77.181	149	34	0	1	149	1	149	4.23e-90	254
MDA7556835.1	QIZ20217.1	84.152	448	70	1	1	448	1	447	0.0	793
MDA7556837.1	QIZ20674.1	75.318	393	97	0	1	393	1	393	0.0	623
MDA7556838.1	QIZ21225.1	45.283	159	85	2	24	181	23	180	6.50e-45	142
MDA7556839.1	QIZ20506.1	69.347	199	61	0	1	199	1	199	1.38e-99	283
MDA7556840.1	QIZ20507.1	85.000	220	33	0	1	220	1	220	5.09e-137	379
MDA7556841.1	QIZ20508.1	71.243	845	243	0	1	845	17	861	0.0	1179
MDA7556843.1	QIZ20730.1	68.750	176	55	0	12	187	8	183	3.04e-90	258
MDA7556845.1	QIZ20310.1	66.176	68	23	0	8	75	14	81	5.15e-27	90.1
MDA7556846.1	QIZ21524.1	87.815	476	58	0	1	476	1	476	0.0	877
MDA7556848.1	QIZ21525.1	90.824	425	38	1	1	424	1	425	0.0	817
MDA7556849.1	QIZ20218.1	79.521	376	77	0	4	379	5	380	0.0	639
MDA7556850.1	QIZ20540.1	92.549	255	19	0	1	255	1	255	5.34e-171	468
MDA7556851.1	QIZ20541.1	82.958	311	53	0	1	311	1	311	0.0	531
MDA7556852.1	QIZ20542.1	50.000	484	237	3	1	480	1	483	5.15e-153	441
MDA7556853.1	QIZ20211.1	69.792	96	29	0	1	96	1	96	5.26e-48	144
MDA7556854.1	QIZ20213.1	63.816	152	55	0	17	168	26	177	9.69e-65	192
MDA7556855.1	QIZ20586.1	92.708	192	14	0	1	192	1	192	7.31e-134	369
MDA7556856.1	QIZ20587.1	73.617	235	62	0	1	235	1	235	2.33e-124	348
MDA7556858.1	QIZ20590.1	64.706	289	102	0	4	292	3	291	5.43e-116	332
MDA7556859.1	QIZ20591.1	77.061	279	64	0	1	279	1	279	2.40e-167	460
MDA7556860.1	QIZ20592.1	87.449	247	31	0	1	247	1	247	2.43e-167	457
MDA7556861.1	QIZ20593.1	81.557	591	109	0	1	591	1	591	0.0	1038
MDA7556862.1	QIZ20594.1	60.558	251	99	0	1	251	1	251	2.58e-104	298
MDA7556863.1	QIZ20595.1	77.049	366	81	1	1	363	1	366	0.0	580
MDA7556864.1	QIZ20596.1	78.000	300	66	0	1	300	1	300	2.36e-170	469
MDA7556865.1	QIZ20597.1	87.586	290	36	0	1	290	1	290	0.0	529
MDA7556866.1	QIZ20598.1	85.396	404	59	0	1	404	3	406	0.0	722
MDA7556867.1	QIZ20599.1	76.000	300	72	0	1	300	1	300	0.0	496
MDA7556868.1	QIZ20600.1	75.904	249	59	1	1	249	1	248	2.74e-140	389
MDA7556869.1	QIZ20601.1	95.021	482	24	0	1	482	1	482	0.0	846
MDA7556870.1	QIZ20602.1	76.923	169	38	1	1	168	1	169	3.94e-81	233
MDA7556871.1	QIZ20603.1	95.031	322	16	0	1	322	1	322	0.0	629
MDA7556872.1	QIZ20604.1	88.379	327	38	0	4	330	3	329	0.0	537
MDA7556873.1	QIZ20605.1	87.468	391	49	0	1	391	1	391	0.0	711
MDA7556874.1	QIZ20606.1	85.208	480	71	0	1	480	1	480	0.0	878
MDA7556875.1	QIZ20608.1	75.000	276	69	0	1	276	1	276	1.11e-155	431
MDA7556876.1	QIZ20609.1	70.303	330	98	0	1	330	1	330	4.11e-177	489
MDA7556877.1	QIZ20610.1	86.188	181	25	0	1	181	1	181	4.19e-116	323
MDA7556878.1	QIZ20611.1	56.962	79	33	1	1	78	1	79	3.59e-26	88.2
MDA7556879.1	QIZ20612.1	73.826	149	39	0	1	149	1	149	1.52e-73	213
MDA7556880.1	QIZ20613.1	76.744	301	70	0	1	301	1	301	1.66e-179	493
MDA7556881.1	QIZ20614.1	63.636	187	68	0	1	187	1	187	9.35e-82	236
MDA7556882.1	QIZ20617.1	80.247	81	16	0	1	81	1	81	6.59e-48	142
MDA7556883.1	QIZ20618.1	87.952	166	20	0	1	166	1	166	2.69e-101	284
MDA7556884.1	QIZ20619.1	61.382	246	95	0	1	246	1	246	8.54e-84	246
MDA7556885.1	QIZ20620.1	69.898	196	59	0	1	196	1	196	1.11e-90	259
MDA7556886.1	QIZ20622.1	80.887	293	56	0	1	293	1	293	9.05e-165	455
MDA7556887.1	QIZ20623.1	69.427	157	48	0	23	179	3	159	7.06e-74	215
MDA7556888.1	QIZ20624.1	93.376	468	31	0	1	468	1	468	0.0	922
MDA7556890.1	QIZ20625.1	85.455	110	16	0	1	110	1	110	1.29e-69	199
MDA7556891.1	QIZ20626.1	79.798	99	19	1	1	99	1	98	8.76e-53	156
MDA7556892.1	QIZ20627.1	91.503	153	13	0	1	153	1	153	4.24e-106	295
MDA7556893.1	QIZ20628.1	92.611	406	30	0	1	406	1	406	0.0	789
MDA7556894.1	QIZ20629.1	52.482	423	182	6	1	412	1	415	1.87e-135	390
MDA7556895.1	QIZ20630.1	79.508	244	50	0	1	244	1	244	9.56e-141	390
MDA7556896.1	QIZ20631.1	93.125	480	33	0	1	480	1	480	0.0	940
MDA7556897.1	QIZ20632.1	80.000	140	28	0	1	140	1	140	8.13e-82	233
MDA7556898.1	QIZ20633.1	90.367	218	21	0	1	218	1	218	1.79e-146	402
MDA7556899.1	QIZ20634.1	52.094	382	171	6	4	382	3	375	7.12e-137	391
MDA7556900.1	QIZ20635.1	76.471	408	96	0	1	408	1	408	0.0	647
MDA7556901.1	QIZ20636.1	48.980	441	218	4	112	551	296	730	4.86e-126	382
MDA7556902.1	QIZ21090.1	66.197	213	72	0	1	213	1	213	5.20e-104	295
MDA7556903.1	QIZ21089.1	65.789	304	103	1	3	305	4	307	3.09e-139	391
MDA7556904.1	QIZ21088.1	80.672	357	69	0	1	357	1	357	0.0	602
MDA7556905.1	QIZ21086.1	82.482	137	24	0	1	137	1	137	2.06e-85	241
MDA7556906.1	QIZ21085.1	88.318	642	75	0	56	697	39	680	0.0	1197
MDA7556907.1	QIZ21084.1	83.092	207	35	0	1	207	1	207	6.59e-129	357
MDA7556908.1	QIZ21083.1	95.349	86	4	0	1	86	1	86	9.19e-59	170
MDA7556909.1	QIZ21082.1	97.176	602	17	0	1	602	1	602	0.0	1174
MDA7556910.1	QIZ21081.1	94.915	118	6	0	1	118	1	118	3.11e-80	227
MDA7556911.1	QIZ21080.1	83.410	217	36	0	1	217	1	217	2.39e-130	362
MDA7556913.1	QIZ21079.1	72.079	505	141	0	7	511	14	518	0.0	736
MDA7556915.1	QIZ21087.1	41.549	284	160	3	1	284	1	278	2.49e-68	209
MDA7556916.1	QIZ21078.1	69.159	214	65	1	1	214	1	213	6.31e-106	300
MDA7556917.1	QIZ21077.1	49.863	365	176	4	1	359	14	377	2.17e-112	328
MDA7556918.1	QIZ21076.1	76.293	696	163	2	1	694	1	696	0.0	1011
MDA7556919.1	QIZ21075.1	56.906	181	75	2	1	178	1	181	2.08e-66	197
MDA7556920.1	QIZ21074.1	60.241	166	66	0	1	166	1	166	1.31e-73	214
MDA7556921.1	QIZ21073.1	76.860	121	28	0	1	121	1	121	5.77e-66	191
MDA7556923.1	QIZ21071.1	85.259	251	37	0	1	251	1	251	1.98e-160	441
MDA7556924.1	QIZ21070.1	83.817	241	37	1	1	241	1	239	9.27e-146	402
MDA7556925.1	QIZ21068.1	81.731	208	38	0	1	208	1	208	2.48e-128	356
MDA7556926.1	QIZ21067.1	92.347	196	15	0	1	196	1	196	1.72e-135	373
MDA7556927.1	QIZ21066.1	87.719	171	21	0	1	171	1	171	1.56e-111	310
MDA7556928.1	QIZ21065.1	87.746	457	54	2	1	457	1	455	0.0	793
MDA7556929.1	QIZ21087.1	40.625	288	144	7	1	271	1	278	5.46e-53	169
MDA7556930.1	QIZ21087.1	37.716	289	157	8	1	277	1	278	2.17e-48	158
MDA7556931.1	QIZ21064.1	64.615	130	45	1	8	136	39	168	1.68e-55	167
MDA7556932.1	QIZ21063.1	69.192	198	60	1	1	198	1	197	1.10e-98	280
MDA7556933.1	QIZ21062.1	64.539	141	49	1	1	141	1	140	1.13e-52	159
MDA7556934.1	QIZ21061.1	62.143	140	53	0	1	140	1	140	4.55e-61	180
MDA7556935.1	QIZ21060.1	75.225	222	53	2	1	220	1	222	4.32e-124	346
MDA7556936.1	QIZ21059.1	63.842	177	64	0	1	177	1	177	4.79e-73	214
MDA7556937.1	QIZ21058.1	60.985	264	103	0	1	264	1	264	5.44e-114	324
MDA7556938.1	QIZ21057.1	69.271	192	59	0	1	192	1	192	1.33e-92	264
MDA7556939.1	QIZ21056.1	79.926	269	54	0	1	269	1	269	8.72e-164	451
MDA7556940.1	QIZ21055.1	74.775	333	84	0	1	333	1	333	0.0	530
MDA7556943.1	QIZ21052.1	95.972	422	17	0	1	422	1	422	0.0	823
MDA7556944.1	QIZ21050.1	82.844	443	76	0	1	443	1	443	0.0	746
MDA7556945.1	QIZ21049.1	87.640	623	77	0	1	623	1	623	0.0	1118
MDA7556946.1	QIZ21048.1	60.377	212	84	0	3	214	2	213	1.28e-95	274
MDA7556947.1	QIZ21047.1	84.091	264	42	0	1	264	1	264	6.15e-168	461
MDA7556948.1	QIZ21046.1	73.118	279	75	0	2	280	4	282	3.88e-150	417
MDA7556949.1	QIZ21045.1	49.547	331	164	2	1	328	1	331	6.14e-98	288
MDA7556951.1	QIZ21043.1	69.421	847	255	3	1	846	1	844	0.0	1233
MDA7556952.1	QIZ21042.1	61.350	163	58	3	15	177	15	172	6.25e-67	198
MDA7556953.1	QIZ21041.1	37.791	344	188	8	1	333	1	329	1.55e-53	174
MDA7556954.1	QIZ21040.1	61.932	176	66	1	1	176	1	175	3.94e-72	211
MDA7556955.1	QIZ21039.1	60.274	219	84	1	1	219	1	216	2.31e-95	273
MDA7556956.1	QIZ21038.1	51.829	164	77	2	1	164	1	162	5.25e-49	151
MDA7556957.1	QIZ21037.1	42.708	192	96	4	4	184	2	190	2.27e-40	131
MDA7556959.1	QIZ21036.1	70.227	309	91	1	1	309	1	308	5.93e-159	441
MDA7556960.1	QIZ21035.1	82.000	200	36	0	18	217	18	217	8.00e-127	353
MDA7556961.1	QIZ21034.1	81.712	257	47	0	1	257	1	257	2.32e-156	431
MDA7556962.1	QIZ21033.1	86.667	375	48	1	1	375	1	373	0.0	644
MDA7556963.1	QIZ21032.1	93.631	628	40	0	1	628	1	628	0.0	1191
MDA7556964.1	QIZ21031.1	72.770	213	48	3	1	208	1	208	2.33e-102	290
MDA7556965.1	QIZ21030.1	67.857	196	63	0	3	198	5	200	2.10e-89	256
MDA7556966.1	QIZ21029.1	59.221	385	154	2	1	384	1	383	2.65e-156	441
MDA7556967.1	QIZ21028.1	63.636	286	104	0	1	286	1	286	4.97e-126	356
MDA7556968.1	QIZ21027.1	69.543	197	60	0	1	197	1	197	4.46e-103	291
MDA7556969.1	QIZ21026.1	84.709	327	50	0	1	327	434	760	0.0	561
MDA7556970.1	QIZ21025.1	72.299	509	140	1	1	509	1	508	0.0	710
MDA7556971.1	QIZ21024.1	77.177	333	76	0	1	333	1	333	0.0	537
MDA7556972.1	QIZ21023.1	76.667	180	41	1	1	179	1	180	1.10e-99	281
MDA7556974.1	QIZ21022.1	57.732	291	122	1	1	291	43	332	3.45e-124	353
MDA7556975.1	QIZ21021.1	55.469	128	57	0	1	128	1	128	2.51e-50	152
MDA7556976.1	QIZ21020.1	90.441	136	13	0	1	136	1	136	6.68e-91	255
MDA7556977.1	QIZ21019.1	72.422	446	119	1	1	442	10	455	0.0	661
MDA7556978.1	QIZ21018.1	86.890	328	43	0	1	328	1	328	0.0	587
MDA7556979.1	QIZ21017.1	59.211	152	62	0	1	152	1	152	8.50e-51	155
MDA7556980.1	QIZ21016.1	57.715	499	211	0	16	514	19	517	0.0	529
MDA7556981.1	QIZ21015.1	87.147	389	50	0	1	389	1	389	0.0	696
MDA7556982.1	QIZ21014.1	90.566	530	50	0	1	530	1	530	0.0	954
MDA7556983.1	QIZ21013.1	80.811	740	131	3	3	738	4	736	0.0	1187
MDA7556984.1	QIZ21012.1	83.607	122	20	0	1	122	1	122	1.21e-73	211
MDA7556985.1	QIZ21011.1	86.585	82	11	0	1	82	1	82	1.28e-46	139
MDA7556986.1	QIZ21010.1	95.785	688	29	0	1	688	1	688	0.0	1348
MDA7556989.1	QIZ21590.1	34.310	239	138	4	1	234	1	225	2.92e-38	130
MDA7556990.1	QIZ21008.1	92.308	260	20	0	1	260	1	260	0.0	503
MDA7556991.1	QIZ21007.1	94.789	403	21	0	1	403	1	403	0.0	799
MDA7556992.1	QIZ21006.1	87.952	166	20	0	1	166	1	166	9.18e-111	308
MDA7556993.1	QIZ21005.1	72.593	135	37	0	7	141	7	141	1.18e-71	207
MDA7556994.1	QIZ21004.1	96.350	137	5	0	1	137	1	137	6.15e-97	271
MDA7556995.1	QIZ21003.1	88.488	443	51	0	1	443	1	443	0.0	835
MDA7556996.1	QIZ21002.1	76.020	196	47	0	1	196	1	196	2.28e-115	322
MDA7556997.1	QIZ21001.1	65.035	143	50	0	4	146	6	148	6.95e-71	206
MDA7556998.1	QIZ21000.1	67.200	250	82	0	1	250	1	250	3.21e-121	341
MDA7556999.1	QIZ20999.1	74.483	145	37	0	1	145	1	145	1.83e-79	227
MDA7557000.1	QIZ20998.1	71.322	401	113	1	1	399	1	401	0.0	595
MDA7557001.1	QIZ20997.1	81.992	522	94	0	1	522	1	522	0.0	879
MDA7557002.1	QIZ20996.1	79.828	233	47	0	1	233	1	233	5.86e-143	395
MDA7557003.1	QIZ20995.1	64.460	287	102	0	1	287	1	287	1.10e-121	345
MDA7557004.1	QIZ20994.1	83.721	86	14	0	1	86	1	86	3.28e-47	141
MDA7557005.1	QIZ20993.1	82.833	466	76	3	9	474	9	470	0.0	788
MDA7557006.1	QIZ20992.1	91.622	370	31	0	1	370	1	370	0.0	693
MDA7557007.1	QIZ20991.1	71.674	233	66	0	1	233	1	233	5.25e-118	332
MDA7557008.1	QIZ20990.1	78.465	404	87	0	1	404	1	404	0.0	644
MDA7557009.1	QIZ20989.1	80.931	451	86	0	1	451	1	451	0.0	743
MDA7557010.1	QIZ20988.1	58.385	161	66	1	1	160	11	171	4.26e-64	190
MDA7557011.1	QIZ20987.1	77.612	67	15	0	1	67	1	67	1.30e-25	85.5
MDA7557012.1	QIZ20986.1	69.811	212	64	0	1	212	1	212	1.32e-115	324
MDA7557013.1	QIZ20985.1	86.022	186	26	0	4	189	3	188	1.71e-123	342
MDA7557014.1	QIZ20984.1	84.746	177	27	0	1	177	1	177	6.10e-103	289
MDA7557015.1	QIZ20983.1	50.955	157	77	0	5	161	3	159	6.44e-55	166
MDA7557016.1	QIZ20982.1	62.626	198	74	0	1	198	1	198	1.59e-90	259
MDA7557017.1	QIZ20981.1	57.513	579	231	5	1	576	1	567	0.0	624
MDA7557018.1	QIZ20980.1	81.070	243	34	2	8	247	71	304	2.64e-140	392
MDA7557020.1	QIZ21240.1	53.247	154	72	0	19	172	7	160	4.64e-50	155
MDA7557021.1	QIZ21239.1	82.412	904	159	0	1	904	1	904	0.0	1548
MDA7557022.1	QIZ21238.1	73.443	305	81	0	2	306	1	305	1.37e-163	453
MDA7557023.1	QIZ21237.1	71.324	272	78	0	1	272	1	272	8.89e-150	415
MDA7557024.1	QIZ21236.1	94.792	96	5	0	1	96	1	96	3.05e-63	182
MDA7557025.1	QIZ21235.1	89.414	529	56	0	1	529	1	529	0.0	949
MDA7557027.1	QIZ21234.1	74.715	613	77	3	1	535	1	613	0.0	866
MDA7557028.1	QIZ21233.1	95.380	606	28	0	1	606	1	606	0.0	1193
MDA7557029.1	QIZ21232.1	72.558	215	59	0	1	215	1	215	1.02e-111	314
MDA7557030.1	QIZ21231.1	79.204	226	47	0	1	226	1	226	8.94e-136	376
MDA7557031.1	QIZ21230.1	68.536	321	101	0	1	321	1	321	6.81e-158	440
MDA7557032.1	QIZ21229.1	71.071	439	126	1	1	438	1	439	0.0	605
MDA7557033.1	QIZ21228.1	83.830	470	76	0	1	470	1	470	0.0	822
MDA7557034.1	QIZ21226.1	80.531	113	22	0	1	113	1	113	4.70e-65	188
MDA7557035.1	QIZ21526.1	57.692	78	33	0	16	93	16	93	1.61e-30	100
MDA7557037.1	QIZ21224.1	85.859	396	56	0	1	396	1	396	0.0	724
MDA7557038.1	QIZ21223.1	68.182	286	91	0	1	286	1	286	1.53e-151	421
MDA7557039.1	QIZ21222.1	26.214	309	214	6	11	316	11	308	4.48e-28	106
MDA7557040.1	QIZ21221.1	67.742	124	39	1	1	123	44	167	2.56e-52	158
MDA7557041.1	QIZ21220.1	81.331	691	129	0	1	691	1	691	0.0	1172
MDA7557043.1	QIZ21219.1	69.307	101	31	0	1	101	1	101	1.77e-48	145
MDA7557044.1	QIZ21218.1	91.972	436	35	0	1	436	1	436	0.0	803
MDA7557045.1	QIZ21217.1	90.395	177	17	0	1	177	1	177	6.51e-121	334
MDA7557046.1	QIZ21216.1	60.204	98	39	0	1	98	1	98	8.76e-46	138
MDA7557047.1	QIZ21215.1	81.517	211	39	0	1	211	1	211	6.48e-129	357
MDA7557048.1	QIZ21214.1	90.136	294	29	0	1	294	1	294	0.0	531
MDA7557049.1	QIZ21213.1	74.150	147	38	0	1	147	1	147	2.97e-86	244
MDA7557050.1	QIZ21212.1	71.747	269	76	0	1	269	1	269	4.76e-148	410
MDA7557051.1	QIZ21211.1	59.136	301	123	0	1	301	1	301	3.38e-128	364
MDA7557052.1	QIZ21210.1	80.751	1039	200	0	1	1039	1	1039	0.0	1658
MDA7557053.1	QIZ21209.1	80.105	191	38	0	9	199	9	199	4.80e-117	327
MDA7557054.1	QIZ21208.1	63.025	119	41	1	1	119	1	116	2.36e-49	150
MDA7557055.1	QIZ21207.1	72.689	238	64	1	1	237	1	238	3.33e-128	358
MDA7557056.1	QIZ21206.1	55.752	226	100	0	1	226	1	226	1.15e-84	247
MDA7557057.1	QIZ21205.1	55.663	309	133	3	7	312	8	315	4.66e-110	318
MDA7557058.1	QIZ21204.1	48.000	150	77	1	1	150	1	149	9.15e-46	142
MDA7557059.1	QIZ21203.1	89.252	428	46	0	1	428	1	428	0.0	780
MDA7557060.1	QIZ21202.1	66.537	514	169	2	1	513	1	512	0.0	624
MDA7557061.1	QIZ21201.1	92.766	235	17	0	1	235	1	235	3.75e-162	443
MDA7557062.1	QIZ21200.1	84.957	924	139	0	1	924	1	924	0.0	1608
MDA7557063.1	QIZ21198.1	63.934	183	66	0	1	183	1	183	2.94e-83	239
MDA7557064.1	QIZ21197.1	89.503	181	19	0	7	187	7	187	2.76e-120	333
MDA7557065.1	QIZ21196.1	80.457	394	75	1	1	394	1	392	0.0	665
MDA7557066.1	QIZ21195.1	90.202	347	34	0	1	347	1	347	0.0	640
MDA7557067.1	QIZ21194.1	93.127	291	20	0	1	291	1	291	0.0	536
MDA7557068.1	QIZ21193.1	81.111	180	34	0	1	180	1	180	2.66e-103	290
MDA7557069.1	QIZ21192.1	87.629	97	12	0	1	97	1	97	2.97e-49	147
MDA7557070.1	QIZ21191.1	71.470	347	99	0	1	347	1	347	0.0	513
MDA7557071.1	QIZ21190.1	84.808	520	79	0	1	520	6	525	0.0	913
MDA7557072.1	QIZ21189.1	79.210	481	98	1	1	479	1	481	0.0	731
MDA7557073.1	QIZ21188.1	87.336	458	58	0	1	458	1	458	0.0	751
MDA7557074.1	QIZ21187.1	67.339	248	81	0	1	248	1	248	1.58e-114	324
MDA7557075.1	QIZ21186.1	69.128	298	92	0	1	298	1	298	1.51e-149	417
MDA7557076.1	QIZ21185.1	70.000	360	108	0	1	360	1	360	0.0	535
MDA7557077.1	QIZ21183.1	78.173	197	43	0	1	197	1	197	2.09e-112	315
MDA7557078.1	QIZ21182.1	65.272	239	83	0	5	243	1	239	8.41e-123	344
MDA7557079.1	QIZ21181.1	78.102	137	27	1	1	137	1	134	2.19e-77	221
MDA7557080.1	QIZ21180.1	95.238	84	4	0	1	84	1	84	4.89e-54	158
MDA7557081.1	QIZ21179.1	77.982	327	72	0	1	327	1	327	0.0	512
MDA7557082.1	QIZ21178.1	73.370	368	98	0	1	368	1	368	0.0	552
MDA7557083.1	QIZ21177.1	77.163	416	95	0	1	416	1	416	0.0	645
MDA7557084.1	QIZ21176.1	66.474	173	58	0	1	173	8	180	2.02e-78	227
MDA7557085.1	QIZ21175.1	80.172	116	23	0	1	116	1	116	2.89e-65	189
MDA7557086.1	QIZ21174.1	82.271	361	64	0	19	379	19	379	0.0	612
MDA7557087.1	QIZ21173.1	70.253	158	47	0	1	158	1	158	2.52e-84	240
MDA7557088.1	QIZ21172.1	82.308	130	23	0	1	130	1	130	3.17e-73	210
MDA7557089.1	QIZ21171.1	95.339	472	22	0	1	472	1	472	0.0	917
MDA7557090.1	QIZ21170.1	85.567	291	42	0	1	291	1	291	0.0	514
MDA7557091.1	QIZ21169.1	93.542	511	33	0	1	511	1	511	0.0	981
MDA7557092.1	QIZ21168.1	75.135	185	46	0	1	185	1	185	1.34e-96	274
MDA7557093.1	QIZ21167.1	81.260	651	122	0	1	651	1	651	0.0	1101
MDA7557094.1	QIZ21166.1	85.193	466	69	0	1	466	1	466	0.0	818
MDA7557095.1	QIZ21165.1	82.367	431	70	2	1	431	1	425	0.0	714
MDA7557096.1	QIZ21164.1	83.505	970	157	3	1	969	1	968	0.0	1700
MDA7557097.1	QIZ21163.1	91.753	291	24	0	1	291	1	291	0.0	517
MDA7557098.1	QIZ21162.1	89.378	386	41	0	1	386	1	386	0.0	703
MDA7557099.1	QIZ21161.1	94.688	320	17	0	1	320	1	320	0.0	611
MDA7557100.1	QIZ21160.1	92.958	497	35	0	1	497	1	497	0.0	968
MDA7557101.1	QIZ21159.1	87.446	231	29	0	1	231	27	257	5.40e-158	434
MDA7557102.1	QIZ21158.1	89.981	519	51	1	1	519	73	590	0.0	991
MDA7557103.1	QIZ21514.1	84.404	109	17	0	1	109	1	109	1.33e-63	189
MDA7557104.1	QIZ21513.1	89.630	810	83	1	1	809	1	810	0.0	1507
MDA7557105.1	QIZ21512.1	61.594	138	53	0	21	158	29	166	4.62e-59	177
MDA7557106.1	QIZ21511.1	84.656	189	29	0	1	189	1	189	7.89e-120	333
MDA7557109.1	QIZ21510.1	49.242	132	67	0	3	134	9	140	7.19e-45	139
MDA7557110.1	QIZ21482.1	75.410	61	15	0	5	65	3	63	8.67e-32	100
MDA7557111.1	QIZ21509.1	85.603	257	37	0	3	259	5	261	4.04e-164	451
MDA7557112.1	QIZ21508.1	89.516	124	13	0	1	124	1	124	7.04e-85	239
MDA7557113.1	QIZ21507.1	78.358	134	29	0	1	134	1	134	6.12e-78	222
MDA7557114.1	QIZ21506.1	73.552	397	105	0	1	397	1	397	0.0	636
MDA7557115.1	QIZ21505.1	86.364	242	33	0	1	242	1	242	2.95e-159	437
MDA7557116.1	QIZ21504.1	94.912	452	23	0	1	452	1	452	0.0	902
MDA7557117.1	QIZ21503.1	84.530	181	28	0	1	181	1	181	1.81e-112	313
MDA7557119.1	QIZ21502.1	54.680	203	92	0	1	203	1	203	1.17e-79	232
MDA7557120.1	QIZ21501.1	77.413	549	124	0	1	549	1	549	0.0	891
MDA7557121.1	QIZ21500.1	80.997	321	61	0	1	321	1	321	0.0	559
MDA7557122.1	QIZ21499.1	82.822	163	28	0	1	163	1	163	4.80e-93	263
MDA7557123.1	QIZ21498.1	77.874	348	76	1	1	348	1	347	0.0	535
MDA7557124.1	QIZ21497.1	77.632	152	34	0	1	152	1	152	5.60e-89	252
MDA7557125.1	QIZ21496.1	98.529	68	1	0	1	68	1	68	8.57e-47	139
MDA7557126.1	QIZ21494.1	71.304	115	33	0	1	115	1	115	4.33e-60	176
MDA7557127.1	QIZ21493.1	75.304	247	61	0	1	247	1	247	6.11e-128	358
MDA7557128.1	QIZ21492.1	62.329	146	55	0	1	146	1	146	1.04e-65	192
MDA7557129.1	QIZ21490.1	73.404	282	75	0	1	282	1	282	3.14e-156	432
MDA7557130.1	QIZ21489.1	61.538	195	75	0	1	195	1	195	7.00e-92	263
MDA7557131.1	QIZ21488.1	91.182	998	88	0	1	998	1	998	0.0	1916
MDA7557132.1	QIZ21487.1	93.103	87	6	0	1	87	1	87	7.61e-62	178
MDA7557133.1	QIZ21486.1	96.411	418	15	0	1	418	1	418	0.0	847
MDA7557134.1	QIZ21485.1	95.544	561	25	0	1	561	1	561	0.0	1095
MDA7557135.1	QIZ21484.1	84.674	261	40	0	2	262	3	263	7.36e-170	465
MDA7557136.1	QIZ21483.1	86.234	385	53	0	3	387	2	386	0.0	698
MDA7557137.1	QIZ21434.1	27.335	439	310	8	3	435	25	460	8.29e-59	196
MDA7557138.1	QIZ20661.1	35.772	246	150	5	4	247	5	244	3.60e-38	129
MDA7557140.1	QIZ20203.1	30.317	442	293	7	11	445	6	439	2.25e-63	207
MDA7557142.1	QIZ21481.1	80.409	342	67	0	1	342	1	342	0.0	561
MDA7557143.1	QIZ21480.1	88.989	445	49	0	1	445	1	445	0.0	842
MDA7557144.1	QIZ21009.1	79.675	123	25	0	1	123	1	123	3.34e-73	209
MDA7557145.1	QIZ21479.1	90.336	714	69	0	1	714	4	717	0.0	1303
MDA7557146.1	QIZ21478.1	88.235	340	40	0	1	340	1	340	0.0	624
MDA7557147.1	QIZ21477.1	74.157	178	46	0	6	183	6	183	6.11e-86	246
MDA7557148.1	QIZ21476.1	74.400	125	31	1	1	125	1	124	2.26e-65	190
MDA7557149.1	QIZ21475.1	63.946	147	53	0	1	147	1	147	1.02e-63	187
MDA7557150.1	QIZ21474.1	93.949	314	19	0	1	314	1	314	0.0	616
MDA7557151.1	QIZ21473.1	89.935	775	78	0	1	775	1	775	0.0	1482
MDA7557152.1	QIZ21472.1	68.919	74	23	0	1	74	40	113	6.41e-35	110
MDA7557153.1	QIZ21163.1	54.576	295	129	2	1	294	1	291	1.08e-107	310
MDA7557154.1	QIZ21162.1	48.187	386	200	0	1	386	1	386	4.13e-129	372
MDA7557156.1	QIZ21471.1	88.009	442	53	0	1	442	1	442	0.0	831
MDA7557157.1	QIZ21470.1	94.683	489	26	0	1	489	1	489	0.0	990
MDA7557158.1	QIZ21469.1	95.860	314	13	0	1	314	1	314	0.0	623
MDA7557159.1	QIZ21468.1	93.617	141	9	0	1	141	1	141	3.11e-99	282
MDA7557160.1	QIZ20944.1	59.770	87	35	0	1	87	500	586	4.68e-31	109
MDA7557161.1	QIZ20943.1	81.977	172	30	1	1	171	1	172	3.28e-102	286
MDA7557162.1	QIZ20942.1	69.508	305	93	0	1	305	1	305	4.81e-158	439
MDA7557163.1	QIZ20941.1	71.545	246	70	0	1	246	1	246	9.73e-133	370
MDA7557164.1	QIZ20940.1	81.579	152	28	0	1	152	1	152	1.86e-94	266
MDA7557165.1	QIZ20939.1	77.994	309	68	0	1	309	1	309	0.0	520
MDA7557166.1	QIZ20937.1	78.646	384	82	0	1	384	1	384	0.0	634
MDA7557167.1	QIZ20936.1	75.000	276	68	1	1	276	1	275	4.11e-159	439
MDA7557168.1	QIZ20935.1	85.520	221	32	0	1	221	1	221	1.73e-144	398
MDA7557169.1	QIZ20934.1	70.486	288	85	0	1	288	1	288	4.91e-145	404
MDA7557170.1	QIZ20933.1	75.090	558	138	1	1	557	1	558	0.0	897
MDA7557171.1	QIZ20932.1	66.265	83	28	0	1	83	1	83	3.38e-36	113
MDA7557172.1	QIZ20931.1	79.825	114	22	1	1	113	1	114	2.70e-56	166
MDA7557174.1	QIZ20929.1	63.333	240	87	1	1	240	1	239	9.21e-106	301
MDA7557175.1	QIZ20928.1	90.769	65	6	0	1	65	1	65	1.63e-29	95.1
MDA7557176.1	QIZ20927.1	75.676	185	44	1	1	184	1	185	1.13e-98	279
MDA7557177.1	QIZ20926.1	80.576	417	81	0	1	417	1	417	0.0	672
MDA7557178.1	QIZ20925.1	68.750	128	40	0	1	128	1	128	1.92e-62	183
MDA7557179.1	QIZ20924.1	81.499	427	79	0	1	427	2	428	0.0	692
MDA7557180.1	QIZ20923.1	84.507	71	11	0	1	71	1	71	1.79e-41	125
MDA7557181.1	QIZ21496.1	67.692	65	21	0	3	67	2	66	1.17e-29	95.9
MDA7557182.1	QIZ20922.1	64.026	467	163	4	1	464	1	465	0.0	583
MDA7557183.1	QIZ20921.1	47.714	350	178	3	1	349	1	346	5.50e-112	325
MDA7557184.1	QIZ20920.1	48.908	229	116	1	1	229	1	228	8.08e-74	219
MDA7557186.1	QIZ20908.1	49.565	230	109	3	1	223	1	230	5.09e-73	218
MDA7557187.1	QIZ20898.1	36.326	479	294	4	4	481	5	473	1.24e-110	332
MDA7557188.1	QIZ20897.1	57.009	107	43	2	1	105	1	106	6.85e-40	124
MDA7557189.1	QIZ20896.1	48.592	426	211	7	1	422	1	422	7.18e-138	397
MDA7557190.1	QIZ20895.1	73.052	308	83	0	1	308	1	308	1.24e-180	496
MDA7557191.1	QIZ20894.1	82.890	263	45	0	3	265	2	264	2.84e-152	421
MDA7557192.1	QIZ20893.1	87.010	408	53	0	1	408	1	408	0.0	748
MDA7557193.1	QIZ20892.1	67.464	209	68	0	1	209	1	209	4.89e-99	282
MDA7557194.1	QIZ20891.1	83.478	230	38	0	1	230	1	230	1.04e-142	394
MDA7557195.1	QIZ20890.1	90.526	95	9	0	1	95	1	95	5.32e-61	176
MDA7557196.1	QIZ20889.1	82.465	576	100	1	1	575	1	576	0.0	974
MDA7557197.1	QIZ20888.1	69.608	204	62	0	13	216	12	215	1.40e-99	284
MDA7557198.1	QIZ20887.1	65.394	419	145	0	19	437	19	437	0.0	528
MDA7557199.1	QIZ20886.1	75.969	258	62	0	1	258	1	258	5.92e-143	397
MDA7557200.1	QIZ20885.1	38.144	194	114	1	1	188	1	194	9.79e-34	114
MDA7557201.1	QIZ20884.1	70.968	310	89	1	12	320	13	322	3.92e-157	438
MDA7557202.1	QIZ20883.1	81.281	203	38	0	1	203	1	203	1.12e-123	343
MDA7557203.1	QIZ20882.1	76.025	317	76	0	1	317	1	317	0.0	514
MDA7557204.1	QIZ20881.1	77.108	166	36	2	1	164	1	166	1.67e-93	264
MDA7557205.1	QIZ20879.1	81.558	385	71	0	1	385	1	385	0.0	620
MDA7557206.1	QIZ20878.1	78.964	309	65	0	1	309	1	309	0.0	501
MDA7557207.1	QIZ20877.1	68.156	179	57	0	1	179	11	189	1.79e-94	268
MDA7557208.1	QIZ20876.1	65.021	243	83	1	2	242	3	245	1.10e-103	296
MDA7557209.1	QIZ20875.1	78.623	276	59	0	1	276	1	276	1.57e-167	461
MDA7557210.1	QIZ20874.1	72.035	565	138	4	1	553	1	557	0.0	791
MDA7557211.1	QIZ20873.1	82.857	105	18	0	1	105	1	105	3.41e-60	175
MDA7557212.1	QIZ20872.1	85.714	203	29	0	1	203	1	203	4.36e-129	357
MDA7557213.1	QIZ20871.1	77.123	730	157	2	1	720	4	733	0.0	1180
MDA7557214.1	QIZ20870.1	78.108	370	73	3	1	364	1	368	0.0	589
MDA7557215.1	QIZ20187.1	89.557	316	33	0	1	316	11	326	0.0	556
MDA7557216.1	QIZ20188.1	88.462	156	18	0	1	156	1	156	3.86e-98	275
MDA7557217.1	QIZ20189.1	94.389	499	28	0	1	499	1	499	0.0	918
MDA7557218.1	QIZ21214.1	36.538	260	162	3	29	286	29	287	2.78e-41	140
MDA7557219.1	QIZ20190.1	79.722	360	73	0	1	360	1	360	0.0	600
MDA7557220.1	QIZ20191.1	70.166	181	54	0	1	181	1	181	1.55e-100	283
MDA7557221.1	QIZ20192.1	80.838	167	32	0	1	167	1	167	8.11e-101	283
MDA7557223.1	QIZ20195.1	81.081	259	49	0	1	259	1	259	8.63e-159	437
MDA7557224.1	QIZ20196.1	80.402	199	39	0	1	199	1	199	3.20e-125	347
MDA7557225.1	QIZ20197.1	87.889	289	35	0	1	289	1	289	0.0	536
MDA7557226.1	QIZ20198.1	70.677	399	116	1	1	398	1	399	0.0	506
MDA7557227.1	QIZ20199.1	77.576	165	37	0	1	165	1	165	6.85e-91	258
MDA7557228.1	QIZ20204.1	58.125	320	134	0	1	320	1	320	2.23e-146	411
MDA7557229.1	QIZ20205.1	50.382	262	129	1	1	261	16	277	3.44e-63	195
MDA7557230.1	QIZ20219.1	54.945	91	41	0	1	91	1	91	1.12e-33	107
MDA7557231.1	QIZ20220.1	88.430	484	56	0	1	484	1	484	0.0	873
MDA7557232.1	QIZ20221.1	89.612	645	67	0	1	645	1	645	0.0	1221
MDA7557233.1	QIZ20222.1	91.642	335	28	0	4	338	8	342	0.0	657
MDA7557234.1	QIZ20224.1	71.981	207	57	1	1	207	1	206	2.52e-107	303
MDA7557235.1	QIZ20225.1	86.631	374	50	0	1	374	1	374	0.0	674
MDA7557236.1	QIZ20226.1	92.282	298	23	0	1	298	1	298	0.0	572
MDA7557237.1	QIZ20227.1	88.400	500	58	0	1	500	1	500	0.0	926
MDA7557238.1	QIZ20228.1	81.057	227	43	0	1	227	1	227	6.19e-144	397
MDA7557239.1	QIZ20229.1	81.463	205	38	0	1	205	1	205	1.90e-117	328
MDA7557240.1	QIZ20230.1	82.508	606	106	0	1	606	1	606	0.0	1053
MDA7557241.1	QIZ20231.1	89.542	459	48	0	1	459	1	459	0.0	868
MDA7557242.1	QIZ20232.1	83.265	245	41	0	1	245	1	245	1.61e-155	427
MDA7557243.1	QIZ20233.1	75.055	453	109	2	1	449	1	453	0.0	708
MDA7557244.1	QIZ20234.1	81.614	533	98	0	1	533	1	533	0.0	924
MDA7557245.1	QIZ20235.1	75.000	236	59	0	1	236	1	236	7.77e-132	367
MDA7557246.1	QIZ20236.1	88.780	205	23	0	1	205	1	205	6.19e-141	387
MDA7557248.1	QIZ20237.1	77.982	109	24	0	1	109	1	109	2.98e-65	188
MDA7557249.1	QIZ20238.1	88.158	76	9	0	1	76	1	76	5.11e-48	142
MDA7557250.1	QIZ20239.1	86.951	728	95	0	1	728	1	728	0.0	1327
MDA7557251.1	QIZ20240.1	80.617	227	44	0	1	227	1	227	2.32e-140	388
MDA7557252.1	QIZ20241.1	83.750	80	13	0	1	80	1	80	2.57e-46	138
MDA7557253.1	QIZ20242.1	91.538	260	22	0	1	260	1	260	3.42e-178	486
MDA7557254.1	QIZ20243.1	90.233	430	42	0	1	430	1	430	0.0	823
MDA7557255.1	QIZ20244.1	85.938	256	36	0	1	256	1	256	2.32e-172	471
MDA7557256.1	QIZ20245.1	77.064	218	50	0	1	218	1	218	1.44e-126	353
MDA7557257.1	QIZ20246.1	81.526	249	46	0	1	249	1	249	2.60e-151	417
MDA7557258.1	QIZ20247.1	81.061	132	25	0	1	132	1	132	5.18e-75	215
MDA7557263.1	QIZ21539.1	57.944	107	45	0	1	107	25	131	7.44e-32	106
MDA7557264.1	QIZ21540.1	64.539	141	50	0	15	155	7	147	2.97e-69	202
MDA7557265.1	QIZ20544.1	56.471	170	71	1	1	170	1	167	2.17e-71	209
MDA7557267.1	QIZ20589.1	63.509	285	104	0	3	287	4	288	2.58e-134	377
MDA7557268.1	QIZ20585.1	73.881	268	70	0	1	268	1	268	4.50e-152	421
MDA7557269.1	QIZ20584.1	72.131	183	51	0	5	187	4	186	3.17e-100	283
MDA7557270.1	QIZ20583.1	64.348	115	41	0	1	115	1	115	3.15e-54	161
MDA7557271.1	QIZ20616.1	88.201	517	61	0	65	581	65	581	0.0	959
MDA7557272.1	QIZ20615.1	88.696	115	13	0	1	115	1	115	4.70e-77	219
MDA7557273.1	QIZ20582.1	76.577	111	26	0	1	111	1	111	3.00e-46	140
MDA7557274.1	QIZ20579.1	92.727	110	8	0	1	110	1	110	5.69e-68	195
MDA7557275.1	QIZ20577.1	85.849	106	15	0	1	106	1	106	6.68e-67	192
MDA7557276.1	QIZ20576.1	90.816	98	9	0	1	98	1	98	4.56e-62	179
MDA7557277.1	QIZ20574.1	75.833	120	29	0	1	120	1	120	3.89e-63	184
MDA7557278.1	QIZ20573.1	95.789	95	4	0	1	95	1	95	1.29e-67	193
MDA7557280.1	QIZ20571.1	87.500	96	11	1	9	103	1	96	2.00e-58	170
MDA7557281.1	QIZ20570.1	81.022	137	26	0	1	137	1	137	1.39e-84	239
MDA7557282.1	QIZ20569.1	89.189	333	36	0	1	333	1	333	0.0	612
MDA7557283.1	QIZ20568.1	81.771	192	35	0	1	192	1	192	1.93e-115	322
MDA7557284.1	QIZ20567.1	98.519	135	2	0	1	135	1	135	1.62e-101	282
MDA7557285.1	QIZ20562.1	88.235	493	58	0	1	493	1	493	0.0	907
MDA7557286.1	QIZ20561.1	92.690	342	25	0	8	349	5	346	0.0	661
MDA7557287.1	QIZ20560.1	95.550	427	19	0	1	427	1	427	0.0	745
MDA7557288.1	QIZ20559.1	94.702	151	8	0	1	151	19	169	2.01e-105	294
MDA7557289.1	QIZ20557.1	94.062	320	19	0	1	320	1	320	0.0	619
MDA7557290.1	QIZ20556.1	83.046	348	59	0	6	353	3	350	0.0	597
MDA7557291.1	QIZ20555.1	84.830	501	76	0	1	501	1	501	0.0	885
MDA7557292.1	QIZ20554.1	69.802	202	61	0	1	202	1	202	5.59e-92	263
MDA7557293.1	QIZ20553.1	89.252	428	46	0	1	428	1	428	0.0	783
MDA7557294.1	QIZ20552.1	86.799	303	40	0	1	303	1	303	0.0	540
MDA7557295.1	QIZ20551.1	68.602	379	119	0	1	379	1	379	0.0	550
MDA7557296.1	QIZ21518.1	60.510	314	123	1	5	317	5	318	1.95e-139	393
MDA7557298.1	QIZ20550.1	78.979	333	69	1	1	332	1	333	0.0	521
MDA7557299.1	QIZ20549.1	78.650	637	135	1	1	636	1	637	0.0	1045
MDA7557300.1	QIZ20548.1	92.830	265	19	0	1	265	1	265	0.0	504
MDA7557301.1	QIZ20547.1	90.446	314	29	1	1	313	1	314	0.0	572
MDA7557302.1	QIZ20546.1	95.536	448	20	0	1	448	1	448	0.0	890
MDA7557303.1	QIZ20545.1	88.798	366	41	0	1	366	1	366	0.0	629
MDA7557304.1	QIZ21541.1	79.430	807	166	0	1	807	1	807	0.0	1347
MDA7557307.1	QIZ20977.1	80.274	730	144	0	1	730	3	732	0.0	1220
MDA7557308.1	QIZ20976.1	88.652	141	16	0	1	141	1	141	7.85e-93	260
MDA7557309.1	QIZ20975.1	78.987	395	83	0	1	395	1	395	0.0	664
MDA7557310.1	QIZ20974.1	91.304	1012	88	0	1	1012	1	1012	0.0	1956
MDA7557311.1	QIZ20973.1	70.534	431	109	4	1	421	1	423	0.0	611
MDA7557312.1	QIZ20972.1	74.237	295	76	0	1	295	1	295	2.72e-160	444
MDA7557313.1	QIZ20971.1	65.000	240	83	1	1	239	1	240	5.25e-111	316
MDA7557314.1	QIZ20970.1	86.013	479	67	0	1	479	1	479	0.0	840
MDA7557315.1	QIZ20969.1	81.879	1501	272	0	1	1501	1	1501	0.0	2595
MDA7557316.1	QIZ20967.1	71.951	246	69	0	1	246	1	246	7.42e-120	338
MDA7557317.1	QIZ20966.1	75.781	384	93	0	1	384	1	384	0.0	592
MDA7557318.1	QIZ20965.1	86.364	638	87	0	1	638	1	638	0.0	1176
MDA7557319.1	QIZ20964.1	91.160	181	16	0	1	181	1	181	3.37e-124	343
MDA7557320.1	QIZ20963.1	98.529	68	1	0	1	68	1	68	3.34e-44	132
MDA7557321.1	QIZ20962.1	93.220	118	8	0	1	118	1	118	1.51e-80	228
MDA7557322.1	QIZ20961.1	86.479	355	48	0	1	355	1	355	0.0	648
MDA7557323.1	QIZ20960.1	72.998	437	118	0	1	437	1	437	0.0	629
MDA7557324.1	QIZ21126.1	76.389	360	82	1	1	360	1	357	0.0	526
MDA7557325.1	QIZ21125.1	89.905	317	32	0	1	317	1	317	0.0	588
MDA7557328.1	QIZ21124.1	33.492	421	271	6	57	473	41	456	5.01e-73	234
MDA7557329.1	QIZ21123.1	91.192	386	34	0	1	386	1	386	0.0	717
MDA7557330.1	QIZ21122.1	89.556	383	40	0	1	383	1	383	0.0	738
MDA7557332.1	QIZ21119.1	54.472	123	54	1	1	121	1	123	9.19e-45	137
MDA7557333.1	QIZ21118.1	48.851	174	86	3	1	172	1	173	1.69e-57	174
MDA7557334.1	QIZ21117.1	70.673	624	182	1	1	623	1	624	0.0	853
MDA7557335.1	QIZ21116.1	73.913	138	36	0	1	138	1	138	5.24e-74	213
MDA7557336.1	QIZ21115.1	67.568	74	24	0	1	74	1	74	3.35e-34	107
MDA7557337.1	QIZ21114.1	80.932	236	44	1	1	235	1	236	5.62e-144	397
MDA7557338.1	QIZ21113.1	94.340	106	6	0	1	106	1	106	3.63e-73	208
MDA7557339.1	QIZ21112.1	90.110	182	18	0	1	182	1	182	2.37e-122	338
MDA7557340.1	QIZ21111.1	82.456	114	20	0	1	114	1	114	9.47e-69	197
MDA7557341.1	QIZ21110.1	82.609	253	44	0	1	253	1	253	2.83e-151	417
MDA7557342.1	QIZ21109.1	77.391	345	78	0	1	345	1	345	0.0	587
MDA7557343.1	QIZ21108.1	66.471	170	55	1	1	170	1	168	1.08e-82	237
MDA7557344.1	QIZ21107.1	87.342	395	50	0	1	395	1	395	0.0	715
MDA7557345.1	QIZ21105.1	91.447	152	13	0	1	152	1	152	1.01e-92	261
MDA7557346.1	QIZ21104.1	90.476	126	12	0	1	126	1	126	7.55e-81	229
MDA7557347.1	QIZ21103.1	73.947	380	96	3	1	378	1	379	0.0	587
MDA7557349.1	QIZ21101.1	87.815	238	29	0	1	238	1	238	1.11e-161	442
MDA7557350.1	QIZ21100.1	89.130	138	15	0	1	138	1	138	2.53e-86	244
MDA7557351.1	QIZ21099.1	95.000	40	2	0	1	40	1	40	4.61e-23	77.0
MDA7557352.1	QIZ21098.1	80.734	109	21	0	1	109	1	109	5.17e-68	195
MDA7557353.1	QIZ21097.1	91.746	315	26	0	1	315	182	496	0.0	616
MDA7557354.1	QIZ20263.1	87.665	227	28	0	1	227	1	227	9.90e-148	407
MDA7557355.1	QIZ20262.1	99.020	102	1	0	1	102	1	102	2.31e-71	203
MDA7557356.1	QIZ20261.1	94.942	692	35	0	1	692	1	692	0.0	1371
MDA7557357.1	QIZ20260.1	88.462	156	18	0	1	156	1	156	9.33e-103	287
MDA7557358.1	QIZ20259.1	95.935	123	5	0	1	123	1	123	2.14e-83	235
MDA7557359.1	QIZ20258.1	91.439	1390	117	2	1	1389	1	1389	0.0	2637
MDA7557360.1	QIZ20257.1	90.976	1363	121	2	1	1361	1	1363	0.0	2559
MDA7557361.1	QIZ20256.1	90.083	121	12	0	1	121	1	121	3.41e-62	181
MDA7557362.1	QIZ20255.1	80.723	166	32	0	2	167	1	166	7.67e-97	273
MDA7557363.1	QIZ20254.1	87.336	229	29	0	1	229	1	229	1.27e-146	404
MDA7557364.1	QIZ20253.1	85.106	141	21	0	1	141	1	141	1.82e-86	244
MDA7557365.1	QIZ20252.1	93.182	176	12	0	1	176	1	176	2.79e-122	338
MDA7557366.1	QIZ20251.1	90.476	63	6	0	1	63	1	63	7.78e-37	113
MDA7557367.1	QIZ20250.1	94.949	396	20	0	1	396	1	396	0.0	745
MDA7557368.1	QIZ20249.1	86.235	247	34	0	1	247	1	247	1.75e-167	458
MDA7557370.1	QIZ20248.1	69.170	253	78	0	3	255	4	256	3.15e-119	337
MDA7557371.1	QIZ21468.1	88.158	76	9	0	1	76	209	284	4.13e-44	139
MDA7557372.1	QIZ21467.1	96.296	459	17	0	11	469	16	474	0.0	924
MDA7557373.1	QIZ21466.1	94.017	117	7	0	22	138	17	133	4.89e-83	235
MDA7557374.1	QIZ21465.1	93.562	466	30	0	1	466	1	466	0.0	893
MDA7557375.1	QIZ21464.1	82.895	76	11	1	1	76	1	74	3.61e-43	130
MDA7557377.1	QIZ21463.1	70.548	292	86	0	1	292	1	292	3.33e-155	431
MDA7557378.1	QIZ21462.1	66.820	217	71	1	11	226	11	227	3.68e-106	301
MDA7557379.1	QIZ21461.1	75.587	426	104	0	10	435	14	439	0.0	600
MDA7557380.1	QIZ21460.1	82.086	441	79	0	1	441	1	441	0.0	763
MDA7557381.1	QIZ21459.1	57.260	365	156	0	10	374	10	374	1.22e-161	454
MDA7557382.1	QIZ21458.1	70.825	473	138	0	1	473	1	473	0.0	705
MDA7557383.1	QIZ21349.1	64.622	701	247	1	1	700	1	701	0.0	931
MDA7557384.1	QIZ21350.1	57.978	445	186	1	1	444	1	445	0.0	519
MDA7557385.1	QIZ21351.1	69.863	73	22	0	1	73	168	240	1.63e-32	108
MDA7557386.1	QIZ21430.1	58.355	389	160	2	2	390	1	387	4.92e-153	433
MDA7557387.1	QIZ20215.1	76.552	145	34	0	1	145	1	145	4.39e-84	239
MDA7557388.1	QIZ21536.1	76.444	225	53	0	1	225	1	225	3.28e-131	365
MDA7557389.1	QIZ21533.1	57.282	103	44	0	1	103	1	103	1.58e-36	115
MDA7557390.1	QIZ21532.1	59.259	216	87	1	1	215	1	216	9.85e-83	242
MDA7557391.1	QIZ21531.1	84.943	352	53	0	1	352	1	352	0.0	593
MDA7557392.1	QIZ21530.1	84.230	539	82	1	1	539	1	536	0.0	880
MDA7557394.1	QIZ21527.1	88.201	339	40	0	1	339	1	339	0.0	629
MDA7557395.1	QIZ21523.1	93.220	295	20	0	1	295	1	295	0.0	573
MDA7557396.1	QIZ21522.1	87.988	333	40	0	1	333	1	333	0.0	608
MDA7557397.1	QIZ21521.1	86.070	201	28	0	1	201	1	201	9.37e-136	374
MDA7557398.1	QIZ21520.1	87.097	155	20	0	1	155	1	155	3.32e-106	295
MDA7557399.1	QIZ21519.1	80.645	124	24	0	1	124	1	124	2.32e-75	215
MDA7557400.1	QIZ21516.1	90.538	539	51	0	1	539	1	539	0.0	1031
MDA7557401.1	QIZ21515.1	85.174	317	47	0	1	317	1	317	0.0	571
MDA7557402.1	QIZ21514.1	82.192	73	13	0	1	73	177	249	7.41e-39	124
MDA7557403.1	QIZ20647.1	74.737	95	24	0	4	98	130	224	2.61e-34	113
MDA7557404.1	QIZ20646.1	83.165	594	100	0	1	594	1	594	0.0	1036
MDA7557405.1	QIZ20645.1	84.672	274	41	1	1	274	1	273	5.35e-172	471
MDA7557406.1	QIZ20644.1	75.424	118	29	0	1	118	1	118	2.67e-64	187
MDA7557407.1	QIZ20643.1	70.408	98	29	0	38	135	35	132	1.50e-50	153
MDA7557408.1	QIZ20642.1	89.663	445	46	0	1	445	1	445	0.0	831
MDA7557409.1	QIZ20641.1	70.833	144	39	1	1	144	1	141	2.57e-70	204
MDA7557410.1	QIZ20640.1	77.941	136	30	0	10	145	10	145	2.76e-78	224
MDA7557412.1	QIZ20638.1	88.716	257	29	0	1	257	1	257	1.31e-169	464
MDA7557413.1	QIZ20637.1	77.143	595	120	2	1	579	1	595	0.0	901
MDA7557415.1	QIZ20863.1	42.797	236	128	4	108	340	104	335	1.17e-53	176
MDA7557417.1	QIZ21290.1	87.786	131	16	0	1	131	1	131	5.52e-83	236
MDA7557418.1	QIZ21291.1	77.007	274	63	0	1	274	1	274	9.01e-161	443
MDA7557419.1	QIZ21292.1	74.324	148	38	0	1	148	1	148	7.94e-82	234
MDA7557420.1	QIZ21293.1	89.941	169	17	0	1	169	1	169	1.42e-108	303
MDA7557421.1	QIZ21294.1	93.556	419	27	0	5	423	1	419	0.0	780
MDA7557422.1	QIZ21295.1	79.537	259	53	0	1	259	1	259	1.29e-149	414
MDA7557423.1	QIZ21296.1	87.955	357	43	0	1	357	1	357	0.0	655
MDA7557424.1	QIZ21297.1	81.622	185	34	0	1	185	1	185	7.18e-113	315
MDA7557425.1	QIZ21298.1	73.009	226	53	2	1	224	1	220	1.41e-106	303
MDA7557426.1	QIZ21299.1	93.548	310	20	0	1	310	1	310	0.0	562
MDA7557427.1	QIZ21300.1	61.265	253	97	1	9	260	1	253	7.73e-92	267
MDA7557428.1	QIZ21301.1	52.695	167	79	0	17	183	181	347	7.99e-60	186
MDA7557429.1	QIZ21282.1	69.730	185	56	0	1	185	1	185	2.20e-89	260
MDA7557430.1	QIZ21281.1	73.600	125	33	0	1	125	38	162	2.39e-65	191
MDA7557431.1	QIZ21280.1	67.442	172	56	0	21	192	25	196	1.58e-87	251
MDA7557432.1	QIZ21279.1	82.614	857	149	0	1	857	1	857	0.0	1443
MDA7557433.1	QIZ21278.1	83.516	91	15	0	1	91	1	91	9.58e-51	150
MDA7557434.1	QIZ21277.1	92.213	244	19	0	1	244	1	244	3.46e-165	452
MDA7557435.1	QIZ21276.1	100.000	75	0	0	1	75	1	75	1.79e-46	138
MDA7557436.1	QIZ21275.1	73.184	179	48	0	17	195	1	179	3.48e-91	260
MDA7557437.1	QIZ21274.1	80.606	165	32	0	1	165	4	168	1.19e-90	257
MDA7557438.1	QIZ21273.1	82.922	486	82	1	1	486	1	485	0.0	830
MDA7557439.1	QIZ21272.1	63.281	128	47	0	1	128	1	128	6.23e-47	148
MDA7557440.1	QIZ21326.1	69.348	1579	473	6	1	1570	1	1577	0.0	2251
MDA7557441.1	QIZ21325.1	60.355	169	66	1	1	168	1	169	1.59e-68	202
MDA7557442.1	QIZ21324.1	63.396	265	79	4	1	256	1	256	1.44e-106	305
MDA7557443.1	QIZ21323.1	67.722	316	91	4	1	310	1	311	8.36e-160	444
MDA7557444.1	QIZ21322.1	59.524	126	43	2	4	126	97	217	8.89e-52	159
MDA7557445.1	QIZ20960.1	70.588	272	80	0	1	272	531	802	1.63e-134	395
MDA7557446.1	QIZ20959.1	91.137	598	53	0	1	598	4	601	0.0	1134
MDA7557447.1	QIZ20952.1	88.338	686	79	1	1	686	1	685	0.0	1252
MDA7557448.1	QIZ20951.1	66.197	426	144	0	1	426	1	426	0.0	565
MDA7557449.1	QIZ20950.1	72.766	470	126	2	1	468	133	602	0.0	699
MDA7557450.1	QIZ20436.1	91.630	227	19	0	1	227	258	484	1.36e-151	426
MDA7557451.1	QIZ20437.1	78.075	187	41	0	1	187	1	187	3.43e-110	308
MDA7557452.1	QIZ20438.1	80.000	330	66	0	1	330	1	330	0.0	544
MDA7557453.1	QIZ20439.1	78.707	263	56	0	1	263	1	263	5.68e-143	397
MDA7557454.1	QIZ20440.1	93.333	225	15	0	1	225	1	225	6.75e-156	427
MDA7557455.1	QIZ20441.1	85.327	443	65	0	1	443	1	443	0.0	786
MDA7557456.1	QIZ20648.1	44.954	109	60	0	1	109	22	130	3.04e-26	95.5
MDA7557457.1	QIZ20649.1	76.901	342	78	1	1	342	1	341	0.0	511
MDA7557458.1	QIZ20650.1	69.271	192	58	1	1	191	1	192	1.57e-84	244
MDA7557459.1	QIZ20651.1	88.235	136	16	0	1	136	1	136	2.89e-79	226
MDA7557460.1	QIZ20652.1	86.392	485	66	0	1	485	1	485	0.0	857
MDA7557461.1	QIZ20653.1	40.761	368	210	2	1	362	1	366	7.99e-98	291
MDA7557462.1	QIZ21091.1	86.567	268	36	0	1	268	94	361	8.66e-168	464
MDA7557463.1	QIZ21092.1	86.458	96	13	0	1	96	1	96	1.33e-57	168
MDA7557464.1	QIZ21093.1	92.171	281	22	0	1	281	1	281	0.0	526
MDA7557467.1	QIZ21095.1	80.939	362	68	1	1	361	1	362	0.0	595
MDA7557468.1	QIZ21096.1	88.136	236	28	0	1	236	1	236	8.56e-158	432
MDA7557469.1	QIZ21129.1	96.289	512	18	1	1	512	1	511	0.0	1018
MDA7557470.1	QIZ21128.1	91.501	353	30	0	1	353	1	353	0.0	664
MDA7557471.1	QIZ21127.1	68.056	288	92	0	1	288	1	288	3.89e-144	405
MDA7557472.1	QIZ21287.1	57.576	99	42	0	16	114	15	113	4.28e-32	113
MDA7557473.1	QIZ21286.1	62.551	243	87	1	1	239	1	243	9.88e-103	293
MDA7557474.1	QIZ21285.1	78.142	183	40	0	1	183	1	183	3.27e-100	283
MDA7557475.1	QIZ21284.1	89.045	356	39	0	1	356	1	356	0.0	665
MDA7557476.1	QIZ21283.1	50.813	246	119	2	12	256	139	383	3.68e-82	247
MDA7557477.1	QIZ21254.1	77.966	59	13	0	1	59	21	79	2.30e-32	102
MDA7557478.1	QIZ21253.1	82.796	279	47	1	1	278	1	279	1.10e-173	476
MDA7557479.1	QIZ21252.1	55.556	324	144	0	1	324	1	324	1.09e-130	371
MDA7557480.1	QIZ21251.1	84.328	134	21	0	1	134	1	134	7.80e-87	245
MDA7557481.1	QIZ21250.1	80.203	197	39	0	1	197	1	197	5.95e-117	330
MDA7557482.1	QIZ21329.1	95.982	448	18	0	1	448	1	448	0.0	887
MDA7557483.1	QIZ21328.1	85.039	254	38	0	1	254	1	254	1.58e-158	436
MDA7557485.1	QIZ20265.1	85.135	74	11	0	1	74	24	97	1.01e-39	122
MDA7557486.1	QIZ20266.1	87.857	280	33	1	1	279	1	280	3.68e-177	485
MDA7557487.1	QIZ20267.1	86.207	87	12	0	1	87	1	87	9.79e-55	161
MDA7557488.1	QIZ20268.1	84.848	132	20	0	1	132	1	132	7.24e-82	232
MDA7557489.1	QIZ20269.1	94.248	226	13	0	1	226	1	226	2.37e-161	441
MDA7557490.1	QIZ20270.1	88.971	136	15	0	1	136	1	136	3.59e-89	251
MDA7557491.1	QIZ20655.1	42.857	791	437	5	9	789	21	806	0.0	606
MDA7557492.1	QIZ21243.1	67.290	107	35	0	1	107	1	107	5.12e-40	127
MDA7557493.1	QIZ21244.1	65.714	420	144	0	1	420	1	420	0.0	590
MDA7557494.1	QIZ21245.1	81.667	60	11	0	1	60	1	60	5.81e-34	106
MDA7557495.1	QIZ21246.1	60.256	234	93	0	1	234	53	286	1.97e-100	289
MDA7557496.1	QIZ20485.1	67.123	73	24	0	1	73	413	485	4.87e-29	102
MDA7557497.1	QIZ20484.1	81.048	248	47	0	1	248	1	248	5.49e-153	421
MDA7557498.1	QIZ20483.1	65.072	209	69	2	8	215	9	214	1.75e-95	273
MDA7557500.1	QIZ20482.1	75.714	140	34	0	1	140	1	140	1.67e-79	227
MDA7557501.1	QIZ21265.1	73.098	368	98	1	1	368	92	458	0.0	563
MDA7557502.1	QIZ21266.1	72.671	161	44	0	1	161	1	161	4.82e-91	258
MDA7557503.1	QIZ21267.1	70.213	141	42	0	1	141	1	141	1.70e-70	204
MDA7557504.1	QIZ21268.1	73.288	146	39	0	1	146	175	320	3.22e-77	228
MDA7557505.1	QIZ21289.1	66.535	254	85	0	1	254	1	254	5.70e-123	352
MDA7557506.1	QIZ21288.1	54.804	281	127	0	1	281	1	281	1.29e-101	294
MDA7557507.1	QIZ21287.1	66.250	160	54	0	7	166	402	561	1.24e-73	226
MDA7557508.1	QIZ20476.1	95.913	367	15	0	1	367	1	367	0.0	731
MDA7557509.1	QIZ20477.1	87.685	203	25	0	1	203	1	203	5.59e-136	375
MDA7557510.1	QIZ20478.1	75.472	53	13	0	1	53	388	440	5.44e-21	80.9
MDA7557511.1	QIZ20470.1	84.568	162	25	0	1	162	1	162	1.66e-105	296
MDA7557512.1	QIZ20471.1	94.373	391	22	0	1	391	1	391	0.0	773
MDA7557513.1	QIZ20472.1	87.333	150	18	1	1	149	53	202	1.88e-98	277
