MDA9615252.1	QIZ21166.1	96.121	232	9	0	1	232	235	466	4.66e-163	454
MDA9615253.1	QIZ21167.1	96.774	651	21	0	1	651	1	651	0.0	1293
MDA9615254.1	QIZ21168.1	95.135	185	9	0	1	185	1	185	4.04e-126	348
MDA9615255.1	QIZ21169.1	99.609	511	2	0	1	511	1	511	0.0	1030
MDA9615256.1	QIZ21170.1	99.313	291	2	0	1	291	1	291	0.0	586
MDA9615257.1	QIZ21171.1	99.153	472	4	0	1	472	1	472	0.0	949
MDA9615258.1	QIZ21172.1	96.154	130	5	0	1	130	1	130	7.06e-87	244
MDA9615259.1	QIZ21173.1	78.481	158	34	0	1	158	1	158	3.80e-96	270
MDA9615260.1	QIZ21174.1	90.028	361	36	0	19	379	19	379	0.0	664
MDA9615261.1	QIZ21175.1	92.241	116	9	0	1	116	1	116	2.54e-75	214
MDA9615262.1	QIZ21176.1	81.667	180	30	1	1	177	1	180	7.30e-106	296
MDA9615263.1	QIZ21177.1	81.553	412	76	0	1	412	5	416	0.0	675
MDA9615264.1	QIZ21178.1	86.141	368	51	0	1	368	1	368	0.0	639
MDA9615265.1	QIZ21179.1	91.437	327	28	0	1	327	1	327	0.0	579
MDA9615266.1	QIZ21180.1	100.000	84	0	0	1	84	1	84	2.62e-56	164
MDA9615267.1	QIZ21181.1	95.522	134	6	0	1	134	1	134	6.21e-91	255
MDA9615268.1	QIZ21182.1	79.916	239	48	0	1	239	1	239	7.42e-147	405
MDA9615269.1	QIZ21183.1	90.863	197	18	0	1	197	1	197	6.78e-133	366
MDA9615270.1	QIZ21184.1	90.860	372	34	0	1	372	1	372	0.0	710
MDA9615271.1	QIZ21185.1	82.222	360	64	0	1	360	1	360	0.0	595
MDA9615272.1	QIZ21186.1	82.215	298	53	0	1	298	1	298	0.0	499
MDA9615273.1	QIZ21187.1	61.847	249	91	1	4	252	3	247	7.92e-101	290
MDA9615274.1	QIZ21188.1	86.245	458	63	0	1	458	1	458	0.0	764
MDA9615275.1	QIZ21189.1	92.308	481	37	0	1	481	1	481	0.0	815
MDA9615276.1	QIZ21190.1	92.308	520	40	0	1	520	6	525	0.0	988
MDA9615277.1	QIZ21191.1	83.714	350	57	0	1	350	1	350	0.0	594
MDA9615278.1	QIZ21192.1	92.523	107	8	0	1	107	1	107	3.58e-58	170
MDA9615279.1	QIZ21193.1	85.870	184	26	0	1	184	1	184	5.15e-114	318
MDA9615280.1	QIZ21194.1	96.220	291	11	0	1	291	1	291	0.0	574
MDA9615281.1	QIZ21195.1	93.372	347	23	0	1	347	1	347	0.0	660
MDA9615282.1	QIZ21196.1	88.776	392	44	0	1	392	1	392	0.0	728
MDA9615283.1	QIZ21197.1	93.407	182	12	0	6	187	6	187	8.50e-126	348
MDA9615284.1	QIZ21198.1	85.792	183	26	0	1	183	1	183	7.66e-111	310
MDA9615285.1	QIZ21199.1	84.790	309	47	0	1	309	1	309	0.0	535
MDA9615286.1	QIZ21200.1	91.126	924	82	0	1	924	1	924	0.0	1732
MDA9615287.1	QIZ21201.1	94.894	235	12	0	1	235	1	235	2.07e-163	447
MDA9615288.1	QIZ21202.1	86.693	511	68	0	1	511	1	511	0.0	840
MDA9615289.1	QIZ21203.1	92.991	428	30	0	1	428	1	428	0.0	816
MDA9615290.1	QIZ21204.1	74.834	151	38	0	1	151	1	151	1.51e-81	233
MDA9615291.1	QIZ21205.1	68.553	318	100	0	1	318	1	318	1.43e-150	421
MDA9615292.1	QIZ21206.1	72.926	229	62	0	1	229	1	229	1.82e-116	327
MDA9615293.1	QIZ21207.1	78.151	238	52	0	1	238	1	238	4.33e-141	390
MDA9615294.1	QIZ21208.1	68.595	121	38	0	12	132	4	124	8.13e-53	158
MDA9615295.1	QIZ21209.1	85.930	199	28	0	1	199	1	199	1.31e-129	358
MDA9615296.1	QIZ21210.1	84.423	1040	162	0	1	1040	1	1040	0.0	1726
MDA9615297.1	QIZ21211.1	61.592	289	111	0	1	289	1	289	1.69e-125	356
MDA9615298.1	QIZ21212.1	75.836	269	65	0	1	269	1	269	2.47e-157	434
MDA9615299.1	QIZ21213.1	82.313	147	26	0	1	147	1	147	6.71e-93	261
MDA9615300.1	QIZ21214.1	64.286	294	105	0	1	294	1	294	1.39e-143	401
MDA9615301.1	QIZ21215.1	83.886	211	34	0	1	211	1	211	6.70e-133	367
MDA9615302.1	QIZ21216.1	78.571	98	21	0	1	98	1	98	7.46e-58	169
MDA9615303.1	QIZ20953.1	39.803	304	141	7	2	296	3	273	9.16e-60	187
MDA9615304.1	QIZ21217.1	95.506	178	8	0	1	178	1	178	2.17e-127	351
MDA9615305.1	QIZ21218.1	97.706	436	10	0	1	436	1	436	0.0	838
MDA9615306.1	QIZ21219.1	82.178	101	18	0	1	101	1	101	2.33e-61	178
MDA9615308.1	QIZ21220.1	92.185	691	54	0	1	691	1	691	0.0	1314
MDA9615309.1	QIZ21221.1	82.635	167	29	0	1	167	1	167	1.09e-89	255
MDA9615310.1	QIZ21222.1	28.213	319	214	6	1	316	1	307	1.78e-30	113
MDA9615311.1	QIZ21223.1	79.252	294	61	0	1	294	1	294	1.08e-173	478
MDA9615312.1	QIZ21224.1	73.485	396	105	0	1	396	1	396	0.0	631
MDA9615314.1	QIZ21225.1	72.727	165	45	0	16	180	16	180	1.42e-91	260
MDA9615315.1	QIZ21226.1	80.870	115	22	0	1	115	1	115	2.06e-67	194
MDA9615316.1	QIZ21227.1	87.500	120	15	0	1	120	1	120	1.36e-75	215
MDA9615317.1	QIZ21228.1	95.106	470	23	0	1	470	1	470	0.0	924
MDA9615318.1	QIZ21229.1	87.927	439	53	0	1	439	1	439	0.0	760
MDA9615319.1	QIZ21230.1	73.209	321	86	0	1	321	1	321	6.31e-172	476
MDA9615320.1	QIZ21231.1	61.842	228	84	2	1	227	1	226	1.47e-103	295
MDA9615321.1	QIZ21232.1	85.581	215	31	0	1	215	1	215	1.61e-127	354
MDA9615322.1	QIZ21233.1	96.875	608	19	0	1	608	1	608	0.0	1207
MDA9615323.1	QIZ21234.1	79.739	612	26	5	1	514	1	612	0.0	902
MDA9615324.1	QIZ20954.1	38.119	202	119	4	1	197	1	201	8.27e-36	122
MDA9615325.1	QIZ21235.1	98.559	555	7	1	1	554	1	555	0.0	1079
MDA9615326.1	QIZ21236.1	97.917	96	2	0	1	96	1	96	9.13e-64	183
MDA9615327.1	QIZ21237.1	93.015	272	19	0	1	272	1	272	0.0	519
MDA9615328.1	QIZ21238.1	94.098	305	18	0	1	305	1	305	0.0	566
MDA9615329.1	QIZ21239.1	92.265	905	70	0	1	905	1	905	0.0	1699
MDA9615330.1	QIZ21240.1	55.215	163	72	1	1	162	4	166	4.22e-58	174
MDA9615332.1	QIZ21242.1	61.273	377	146	0	8	384	3	379	6.19e-148	419
MDA9615333.1	QIZ21243.1	62.703	185	69	0	1	185	1	185	4.45e-71	209
MDA9615334.1	QIZ21244.1	67.221	421	138	0	1	421	1	421	0.0	598
MDA9615335.1	QIZ21245.1	78.689	61	13	0	1	61	1	61	2.49e-33	104
MDA9615336.1	QIZ21246.1	61.189	286	111	0	1	286	1	286	1.69e-130	367
MDA9615337.1	QIZ21247.1	51.125	311	150	1	1	311	1	309	1.31e-100	294
MDA9615338.1	QIZ21248.1	51.208	414	194	4	1	410	1	410	5.89e-124	361
MDA9615339.1	QIZ21249.1	69.603	579	175	1	1	579	1	578	0.0	830
MDA9615340.1	QIZ21250.1	77.622	286	64	0	1	286	1	286	9.66e-166	457
MDA9615341.1	QIZ21251.1	97.761	134	3	0	1	134	1	134	6.82e-98	273
MDA9615342.1	QIZ21252.1	96.605	324	11	0	1	324	1	324	0.0	635
MDA9615343.1	QIZ21253.1	95.699	279	12	0	1	279	1	279	0.0	548
MDA9615345.1	QIZ21254.1	93.671	79	5	0	1	79	1	79	1.62e-54	159
MDA9615346.1	QIZ21255.1	89.076	119	13	0	1	119	1	119	4.11e-77	219
MDA9615347.1	QIZ21256.1	96.250	80	3	0	1	80	141	220	5.31e-52	157
MDA9615350.1	QIZ20795.1	35.135	259	163	5	10	265	1	257	1.50e-37	132
MDA9615351.1	QIZ20851.1	29.870	308	194	8	4	307	6	295	9.01e-29	108
MDA9615361.1	QIZ20795.1	50.435	345	163	4	1	344	1	338	5.12e-117	338
MDA9615362.1	QIZ20796.1	61.379	290	110	1	1	290	1	288	1.41e-126	360
MDA9615363.1	QIZ20793.1	67.128	289	95	0	1	289	1	289	5.08e-143	400
MDA9615364.1	QIZ20792.1	100.000	41	0	0	1	41	1	41	1.01e-23	78.6
MDA9615366.1	QIZ20790.1	88.950	362	40	0	1	362	1	362	0.0	647
MDA9615367.1	QIZ20789.1	98.039	102	2	0	1	102	1	102	5.06e-70	200
MDA9615368.1	QIZ20788.1	96.552	464	16	0	1	464	1	464	0.0	900
MDA9615369.1	QIZ20853.1	54.310	232	106	0	1	232	7	238	9.52e-85	248
MDA9615371.1	QIZ21390.1	59.447	217	88	0	5	221	3	219	1.44e-89	259
MDA9615376.1	QIZ20786.1	100.000	64	0	0	1	64	1	64	4.42e-39	119
MDA9615377.1	QIZ20785.1	93.846	195	12	0	1	195	1	195	3.82e-129	357
MDA9615378.1	QIZ20784.1	94.737	76	4	0	1	76	1	76	4.76e-52	152
MDA9615379.1	QIZ20783.1	95.528	246	11	0	1	246	1	246	9.39e-177	481
MDA9615380.1	QIZ20782.1	94.624	186	10	0	1	186	1	186	1.42e-133	367
MDA9615381.1	QIZ20781.1	79.710	207	42	0	1	207	1	207	1.25e-105	298
MDA9615382.1	QIZ20780.1	83.333	336	56	0	1	336	1	336	0.0	591
MDA9615383.1	QIZ20779.1	77.806	392	87	0	1	392	1	392	0.0	624
MDA9615384.1	QIZ20778.1	88.955	335	37	0	1	335	1	335	0.0	617
MDA9615385.1	QIZ20777.1	88.497	652	75	0	1	652	1	652	0.0	1204
MDA9615386.1	QIZ20776.1	85.047	107	16	0	1	107	1	107	6.47e-58	169
MDA9615387.1	QIZ20775.1	84.459	148	23	0	1	148	1	148	2.77e-87	247
MDA9615388.1	QIZ20774.1	65.746	181	62	0	1	181	1	181	1.06e-86	248
MDA9615389.1	QIZ20773.1	89.552	268	28	0	1	268	1	268	0.0	504
MDA9615390.1	QIZ20772.1	91.250	240	21	0	1	240	1	240	1.19e-165	453
MDA9615391.1	QIZ20771.1	94.479	163	9	0	1	163	1	163	4.67e-116	321
MDA9615392.1	QIZ20770.1	89.732	224	23	0	1	224	1	224	4.63e-149	409
MDA9615393.1	QIZ20769.1	95.652	138	6	0	1	138	1	138	3.49e-95	266
MDA9615394.1	QIZ20768.1	84.758	269	41	0	1	269	1	269	1.32e-147	409
MDA9615395.1	QIZ20767.1	92.575	431	32	0	16	446	16	446	0.0	837
MDA9615396.1	QIZ20766.1	95.597	159	6	1	1	158	1	159	3.27e-112	311
MDA9615397.1	QIZ20765.1	80.122	327	62	1	1	327	1	324	0.0	538
MDA9615398.1	QIZ20764.1	65.294	340	118	0	2	341	9	348	1.76e-165	461
MDA9615399.1	QIZ20763.1	83.386	632	101	1	3	634	1	628	0.0	1046
MDA9615400.1	QIZ20762.1	68.571	350	110	0	1	350	1	350	6.15e-161	450
MDA9615401.1	QIZ20761.1	91.753	97	8	0	1	97	1	97	1.51e-59	184
MDA9615402.1	QIZ21078.1	77.436	195	43	1	1	194	1	195	9.09e-107	301
MDA9615404.1	QIZ21079.1	80.990	505	96	0	7	511	14	518	0.0	825
MDA9615406.1	QIZ21080.1	91.324	219	19	0	1	219	1	219	7.45e-147	404
MDA9615407.1	QIZ21081.1	94.915	118	6	0	1	118	1	118	8.93e-80	226
MDA9615408.1	QIZ21082.1	98.173	602	11	0	1	602	1	602	0.0	1186
MDA9615409.1	QIZ21083.1	100.000	86	0	0	1	86	1	86	4.81e-62	178
MDA9615410.1	QIZ21084.1	89.855	207	21	0	1	207	1	207	3.33e-136	375
MDA9615411.1	QIZ21085.1	91.121	642	57	0	54	695	39	680	0.0	1229
MDA9615412.1	QIZ21086.1	89.051	137	15	0	1	137	1	137	1.46e-89	252
MDA9615414.1	QIZ21088.1	93.838	357	22	0	1	357	1	357	0.0	683
MDA9615415.1	QIZ21089.1	81.107	307	58	0	1	307	1	307	0.0	501
MDA9615416.1	QIZ21090.1	82.328	232	41	0	1	232	1	232	1.21e-146	404
MDA9615417.1	QIZ21091.1	85.042	361	54	0	1	361	1	361	0.0	583
MDA9615418.1	QIZ21092.1	95.833	96	4	0	1	96	1	96	4.12e-62	179
MDA9615419.1	QIZ21093.1	96.085	281	11	0	1	281	1	281	0.0	545
MDA9615420.1	QIZ20958.1	38.217	157	89	3	33	189	37	185	1.84e-32	113
MDA9615421.1	QIZ21094.1	90.571	350	33	0	1	350	1	350	0.0	658
MDA9615422.1	QIZ21095.1	92.837	363	26	0	1	363	1	363	0.0	667
MDA9615423.1	QIZ21096.1	96.410	195	7	0	1	195	42	236	1.30e-138	382
MDA9615424.1	QIZ21097.1	94.068	118	7	0	1	118	1	118	6.90e-64	198
MDA9615425.1	QIZ21097.1	95.942	345	14	0	1	345	128	472	0.0	694
MDA9615426.1	QIZ21124.1	31.106	434	270	11	43	467	41	454	2.45e-51	176
MDA9615427.1	QIZ21099.1	95.000	40	2	0	1	40	1	40	4.61e-23	77.0
MDA9615428.1	QIZ21100.1	89.706	136	14	0	1	136	1	136	1.36e-85	242
MDA9615429.1	QIZ21102.1	82.587	201	35	0	1	201	1	201	5.39e-102	289
MDA9615430.1	QIZ20958.1	40.594	202	105	7	32	231	32	220	4.59e-36	123
MDA9615431.1	QIZ21101.1	94.979	239	12	0	1	239	1	239	3.48e-173	472
MDA9615434.1	QIZ21103.1	87.632	380	47	0	1	380	1	380	0.0	686
MDA9615435.1	QIZ21104.1	97.619	126	3	0	1	126	1	126	8.35e-85	239
MDA9615436.1	QIZ21105.1	95.395	152	7	0	1	152	1	152	2.14e-95	268
MDA9615437.1	QIZ21106.1	89.756	205	21	0	1	205	1	205	3.67e-137	378
MDA9615438.1	QIZ21107.1	95.696	395	17	0	1	395	1	395	0.0	778
MDA9615439.1	QIZ21108.1	81.765	170	29	1	1	170	1	168	9.56e-104	290
MDA9615440.1	QIZ21109.1	77.101	345	79	0	1	345	1	345	0.0	582
MDA9615441.1	QIZ21110.1	95.652	253	11	0	1	253	1	253	1.21e-176	481
MDA9615442.1	QIZ21111.1	88.596	114	13	0	1	114	1	114	9.39e-73	207
MDA9615443.1	QIZ21112.1	86.885	183	24	0	4	186	1	183	4.35e-120	333
MDA9615444.1	QIZ21113.1	99.057	106	1	0	1	106	1	106	4.01e-77	218
MDA9615445.1	QIZ21114.1	88.983	236	26	0	1	236	1	236	1.12e-160	440
MDA9615446.1	QIZ21115.1	77.333	75	17	0	1	75	1	75	1.48e-39	121
MDA9615447.1	QIZ21116.1	84.672	137	21	0	1	137	1	137	2.49e-85	241
MDA9615448.1	QIZ21117.1	83.840	625	101	0	1	625	1	625	0.0	1012
MDA9615449.1	QIZ21118.1	71.676	173	49	0	1	173	1	173	4.66e-93	264
MDA9615450.1	QIZ21119.1	78.814	118	25	0	1	118	1	118	2.70e-57	169
MDA9615451.1	QIZ21120.1	64.667	150	50	2	22	171	23	169	2.07e-65	193
MDA9615452.1	QIZ21122.1	91.645	383	32	0	1	383	1	383	0.0	751
MDA9615453.1	QIZ21123.1	95.855	386	16	0	1	386	1	386	0.0	755
MDA9615455.1	QIZ20870.1	86.957	368	48	0	1	368	1	368	0.0	659
MDA9615456.1	QIZ20871.1	90.274	730	69	1	1	728	4	733	0.0	1388
MDA9615457.1	QIZ20872.1	93.596	203	13	0	1	203	1	203	3.99e-142	390
MDA9615458.1	QIZ20873.1	88.571	105	12	0	1	105	1	105	7.04e-65	187
MDA9615459.1	QIZ20874.1	84.353	556	85	2	1	556	1	554	0.0	910
MDA9615460.1	QIZ20875.1	88.043	276	33	0	1	276	1	276	0.0	503
MDA9615461.1	QIZ20876.1	76.423	246	58	0	1	246	1	246	3.14e-129	361
MDA9615462.1	QIZ20877.1	78.771	179	38	0	1	179	11	189	2.25e-105	296
MDA9615463.1	QIZ20878.1	86.731	309	41	0	1	309	1	309	0.0	547
MDA9615464.1	QIZ20879.1	89.948	388	39	0	1	388	1	388	0.0	691
MDA9615465.1	QIZ20880.1	93.704	270	17	0	1	270	1	270	6.40e-169	463
MDA9615466.1	QIZ20881.1	90.361	166	16	0	1	166	1	166	7.44e-112	311
MDA9615467.1	QIZ20882.1	86.646	322	43	0	1	322	1	322	0.0	587
MDA9615468.1	QIZ20883.1	93.103	203	14	0	1	203	1	203	3.42e-142	390
MDA9615469.1	QIZ20884.1	88.103	311	37	0	13	323	13	323	0.0	546
MDA9615470.1	QIZ20885.1	61.616	198	69	3	1	195	1	194	1.58e-80	234
MDA9615471.1	QIZ20886.1	92.248	258	20	0	1	258	1	258	2.10e-176	481
MDA9615472.1	QIZ20887.1	78.066	424	93	0	19	442	19	442	0.0	657
MDA9615473.1	QIZ20888.1	89.320	206	22	0	12	217	12	217	7.74e-128	355
MDA9615474.1	QIZ20889.1	94.965	576	29	0	1	576	1	576	0.0	1114
MDA9615475.1	QIZ20890.1	89.474	95	10	0	1	95	1	95	2.96e-59	172
MDA9615476.1	QIZ20891.1	37.391	230	136	5	1	224	1	228	1.01e-35	122
MDA9615477.1	QIZ20892.1	72.195	205	57	0	3	207	5	209	2.34e-107	303
MDA9615478.1	QIZ20893.1	92.665	409	30	0	1	409	1	409	0.0	791
MDA9615479.1	QIZ20894.1	90.909	264	24	0	1	264	1	264	4.00e-163	448
MDA9615480.1	QIZ20895.1	84.740	308	47	0	1	308	1	308	0.0	561
MDA9615481.1	QIZ20896.1	47.765	425	215	6	1	421	1	422	1.48e-132	384
MDA9615482.1	QIZ20897.1	58.879	107	41	2	1	105	1	106	7.28e-43	131
MDA9615483.1	QIZ20898.1	37.029	478	288	8	3	475	4	473	8.70e-103	311
MDA9615484.1	QIZ20908.1	55.022	229	97	3	1	223	1	229	1.13e-80	237
MDA9615486.1	QIZ20920.1	50.218	229	113	1	1	229	1	228	1.70e-76	226
MDA9615487.1	QIZ20921.1	47.429	350	179	3	1	349	1	346	9.33e-113	327
MDA9615488.1	QIZ20922.1	64.026	467	163	4	1	464	1	465	0.0	585
MDA9615489.1	QIZ21496.1	70.769	65	19	0	3	67	2	66	2.32e-31	100
MDA9615490.1	QIZ20923.1	100.000	71	0	0	1	71	1	71	2.42e-50	147
MDA9615491.1	QIZ20924.1	89.019	428	47	0	1	428	1	428	0.0	749
MDA9615492.1	QIZ20925.1	82.443	131	23	0	1	131	1	131	6.71e-76	217
MDA9615493.1	QIZ20926.1	89.209	417	45	0	1	417	1	417	0.0	751
MDA9615494.1	QIZ20927.1	97.838	185	4	0	1	185	1	185	3.90e-134	369
MDA9615495.1	QIZ20928.1	90.769	65	6	0	1	65	1	65	1.02e-32	103
MDA9615496.1	QIZ20929.1	73.653	167	44	0	1	167	73	239	5.05e-90	258
MDA9615497.1	QIZ20689.1	64.423	208	74	0	1	208	69	276	5.34e-97	279
MDA9615498.1	QIZ20690.1	85.145	552	81	1	1	551	1	552	0.0	963
MDA9615499.1	QIZ20691.1	95.119	922	45	0	1	922	1	922	0.0	1852
MDA9615500.1	QIZ20692.1	63.958	480	173	0	4	483	12	491	0.0	664
MDA9615501.1	QIZ20694.1	98.093	367	7	0	1	367	1	367	0.0	747
MDA9615502.1	QIZ20695.1	95.484	155	7	0	1	155	1	155	1.07e-83	239
MDA9615503.1	QIZ20696.1	95.652	253	11	0	1	253	1	253	0.0	500
MDA9615504.1	QIZ20697.1	96.154	182	7	0	1	182	1	182	2.08e-130	359
MDA9615505.1	QIZ20698.1	84.694	392	60	0	1	392	1	392	0.0	682
MDA9615507.1	QIZ20699.1	83.333	414	69	0	1	414	1	414	0.0	699
MDA9615508.1	QIZ20700.1	86.660	952	127	0	1	952	1	952	0.0	1715
MDA9615509.1	QIZ20701.1	83.333	126	21	0	1	126	1	126	1.51e-79	226
MDA9615510.1	QIZ20702.1	70.572	367	108	0	1	367	1	367	0.0	541
MDA9615511.1	QIZ20703.1	78.840	293	58	1	1	289	1	293	4.47e-159	441
MDA9615512.1	QIZ20704.1	72.240	317	88	0	1	317	1	317	4.37e-168	465
MDA9615513.1	QIZ20705.1	69.737	228	69	0	1	228	1	228	4.57e-119	334
MDA9615514.1	QIZ20706.1	82.031	256	46	0	1	256	9	264	1.87e-158	436
MDA9615515.1	QIZ20707.1	71.779	163	45	1	1	162	1	163	2.53e-81	233
MDA9615516.1	QIZ20714.1	91.667	204	17	0	1	204	1	204	2.35e-132	365
MDA9615517.1	QIZ21438.1	81.224	245	46	0	1	245	1	245	2.89e-151	417
MDA9615518.1	QIZ21437.1	90.979	388	35	0	1	388	1	388	0.0	759
MDA9615519.1	QIZ21436.1	94.872	195	10	0	1	195	1	195	7.05e-138	379
MDA9615520.1	QIZ21435.1	77.606	259	58	0	1	259	1	259	2.60e-153	423
MDA9615521.1	QIZ21434.1	91.075	493	44	0	1	493	1	493	0.0	939
MDA9615522.1	QIZ21433.1	52.632	285	135	0	1	285	1	285	6.84e-102	295
MDA9615523.1	QIZ21432.1	93.451	397	23	1	1	394	1	397	0.0	720
MDA9615524.1	QIZ21431.1	71.146	253	73	0	1	253	1	253	2.78e-125	352
MDA9615525.1	QIZ21429.1	90.068	443	44	0	14	456	1	443	0.0	793
MDA9615526.1	QIZ21428.1	91.369	336	29	0	1	336	1	336	0.0	618
MDA9615527.1	QIZ21427.1	93.191	235	16	0	1	235	1	235	1.10e-155	427
MDA9615528.1	QIZ21426.1	91.538	260	22	0	3	262	5	264	1.12e-177	485
MDA9615531.1	QIZ20427.1	94.643	56	3	0	1	56	1	56	1.27e-34	110
MDA9615532.1	QIZ20428.1	98.377	308	5	0	1	308	1	308	0.0	629
MDA9615533.1	QIZ20429.1	88.000	100	12	0	1	100	1	100	1.74e-56	166
MDA9615534.1	QIZ20430.1	87.799	418	51	0	1	418	1	418	0.0	724
MDA9615535.1	QIZ20431.1	94.161	274	16	0	1	274	1	274	0.0	518
MDA9615536.1	QIZ20432.1	84.944	538	81	0	1	538	1	538	0.0	938
MDA9615537.1	QIZ20433.1	88.000	100	12	0	1	100	1	100	1.02e-60	176
MDA9615538.1	QIZ20434.1	77.236	246	56	0	1	246	1	246	1.10e-144	400
MDA9615539.1	QIZ20435.1	61.099	473	184	0	1	473	1	473	2.93e-175	496
MDA9615540.1	QIZ20436.1	80.165	484	96	0	1	484	1	484	0.0	762
MDA9615541.1	QIZ20437.1	80.851	188	36	0	1	188	1	188	3.17e-113	316
MDA9615542.1	QIZ20438.1	80.303	330	65	0	1	330	1	330	0.0	544
MDA9615543.1	QIZ20439.1	77.186	263	60	0	1	263	1	263	2.51e-141	393
MDA9615544.1	QIZ20440.1	94.667	225	12	0	1	225	1	225	7.13e-157	429
MDA9615545.1	QIZ20441.1	83.369	463	77	0	1	463	1	463	0.0	802
MDA9615546.1	QIZ20442.1	69.496	377	115	0	1	377	1	377	0.0	521
MDA9615547.1	QIZ20443.1	57.795	263	108	1	1	263	1	260	9.04e-89	260
MDA9615548.1	QIZ20444.1	69.498	259	78	1	1	258	1	259	1.31e-129	363
MDA9615549.1	QIZ20445.1	67.791	326	105	0	1	326	1	326	3.07e-155	434
MDA9615550.1	QIZ20446.1	85.517	145	21	0	5	149	2	146	6.88e-93	261
MDA9615551.1	QIZ20447.1	33.918	171	112	1	6	176	4	173	2.73e-21	81.6
MDA9615553.1	QIZ20448.1	63.307	387	141	1	3	388	2	388	1.02e-168	473
MDA9615554.1	QIZ20449.1	69.907	216	65	0	1	216	1	216	1.82e-92	266
MDA9615555.1	QIZ20450.1	74.222	225	58	0	1	225	1	225	1.62e-108	307
MDA9615556.1	QIZ20451.1	84.153	183	29	0	1	183	1	183	6.14e-114	317
MDA9615557.1	QIZ20452.1	85.866	283	40	0	1	283	1	283	1.09e-179	492
MDA9615559.1	QIZ20453.1	88.225	1138	134	0	1	1138	1	1138	0.0	2062
MDA9615560.1	QIZ20454.1	76.316	228	54	0	1	228	1	228	3.63e-128	357
MDA9615561.1	QIZ20455.1	77.692	390	87	0	1	390	21	410	0.0	572
MDA9615562.1	QIZ21019.1	83.333	300	50	0	12	311	35	334	0.0	505
MDA9615563.1	QIZ21020.1	94.118	136	8	0	1	136	1	136	1.83e-91	256
MDA9615564.1	QIZ21021.1	82.031	128	23	0	1	128	1	128	7.82e-75	214
MDA9615565.1	QIZ21022.1	74.233	326	84	0	4	329	7	332	0.0	511
MDA9615567.1	QIZ21023.1	85.556	180	26	0	1	180	1	180	3.48e-116	323
MDA9615568.1	QIZ21024.1	83.784	333	54	0	1	333	1	333	0.0	577
MDA9615569.1	QIZ21025.1	83.661	508	83	0	1	508	1	508	0.0	842
MDA9615570.1	QIZ21026.1	89.501	762	79	1	1	762	1	761	0.0	1380
MDA9615571.1	QIZ21027.1	86.294	197	27	0	1	197	1	197	9.09e-124	343
MDA9615572.1	QIZ21028.1	83.972	287	46	0	1	287	1	287	1.17e-167	462
MDA9615573.1	QIZ21029.1	77.285	383	87	0	1	383	1	383	0.0	586
MDA9615574.1	QIZ21030.1	77.500	200	45	0	1	200	1	200	5.48e-107	301
MDA9615575.1	QIZ21031.1	77.273	220	36	2	1	215	1	211	1.17e-116	327
MDA9615576.1	QIZ21032.1	96.019	628	25	0	1	628	1	628	0.0	1214
MDA9615577.1	QIZ21033.1	92.819	376	24	2	1	376	1	373	0.0	686
MDA9615578.1	QIZ21034.1	87.209	258	33	0	1	258	1	258	6.03e-168	460
MDA9615579.1	QIZ21035.1	91.500	200	17	0	18	217	18	217	8.64e-141	388
MDA9615580.1	QIZ21036.1	81.877	309	56	0	1	309	1	309	0.0	526
MDA9615581.1	QIZ21037.1	60.938	192	75	0	4	195	2	193	4.63e-75	220
MDA9615582.1	QIZ21038.1	72.222	162	45	0	1	162	1	162	2.24e-80	231
MDA9615583.1	QIZ21039.1	67.692	195	63	0	24	218	22	216	2.95e-97	278
MDA9615584.1	QIZ21040.1	48.485	165	84	1	9	173	9	172	4.12e-46	145
MDA9615586.1	QIZ21041.1	32.344	337	208	11	1	327	1	327	2.08e-27	105
MDA9615587.1	QIZ21042.1	50.000	162	79	2	8	167	7	168	3.81e-49	153
MDA9615588.1	QIZ21043.1	73.598	731	190	2	1	731	1	728	0.0	1138
MDA9615589.1	QIZ20977.1	94.983	299	15	0	1	299	3	301	0.0	589
MDA9615590.1	QIZ20976.1	90.780	141	13	0	1	141	1	141	1.59e-96	270
MDA9615591.1	QIZ20975.1	79.949	394	79	0	1	394	1	394	0.0	675
MDA9615592.1	QIZ20974.1	92.391	1012	76	1	1	1011	1	1012	0.0	1964
MDA9615593.1	QIZ20973.1	79.669	423	86	0	1	423	1	423	0.0	692
MDA9615594.1	QIZ20972.1	91.186	295	26	0	1	295	1	295	0.0	542
MDA9615595.1	QIZ20971.1	69.167	240	73	1	1	239	1	240	9.55e-120	338
MDA9615596.1	QIZ20970.1	91.232	479	42	0	1	479	1	479	0.0	890
MDA9615597.1	QIZ20969.1	90.939	1501	136	0	1	1501	1	1501	0.0	2873
MDA9615598.1	QIZ20968.1	72.852	291	79	0	1	291	1	291	1.28e-158	439
MDA9615599.1	QIZ20967.1	78.884	251	53	0	1	251	1	251	2.29e-137	382
MDA9615600.1	QIZ20966.1	86.198	384	53	0	1	384	1	384	0.0	662
MDA9615601.1	QIZ20965.1	94.357	638	36	0	1	638	1	638	0.0	1263
MDA9615602.1	QIZ20964.1	97.238	181	5	0	1	181	1	181	8.76e-131	360
MDA9615603.1	QIZ20963.1	100.000	68	0	0	1	68	1	68	3.71e-45	134
MDA9615604.1	QIZ20962.1	99.153	118	1	0	1	118	1	118	5.87e-85	239
MDA9615605.1	QIZ21524.1	90.268	298	29	0	1	298	179	476	0.0	573
MDA9615606.1	QIZ21523.1	95.932	295	12	0	1	295	1	295	0.0	584
MDA9615607.1	QIZ21522.1	71.471	333	95	0	1	333	1	333	0.0	518
MDA9615608.1	QIZ21521.1	87.624	202	25	0	1	202	1	202	8.26e-140	384
MDA9615609.1	QIZ21520.1	90.968	155	14	0	1	155	1	155	3.43e-111	308
MDA9615610.1	QIZ21519.1	92.742	124	9	0	1	124	1	124	3.48e-86	242
MDA9615611.1	QIZ21344.1	70.213	282	84	0	1	282	1	282	1.60e-146	408
MDA9615612.1	QIZ21518.1	35.669	314	194	5	6	316	5	313	7.42e-57	182
MDA9615613.1	QIZ21517.1	69.444	72	21	1	1	71	1	72	3.64e-28	92.0
MDA9615614.1	QIZ21516.1	94.063	539	32	0	1	539	1	539	0.0	1070
MDA9615615.1	QIZ21515.1	89.274	317	34	0	1	317	1	317	0.0	587
MDA9615616.1	QIZ21514.1	86.747	249	33	0	1	249	1	249	1.02e-160	441
MDA9615617.1	QIZ21513.1	93.827	810	50	0	1	810	1	810	0.0	1569
MDA9615618.1	QIZ21512.1	70.290	138	41	0	22	159	29	166	2.03e-73	213
MDA9615619.1	QIZ21511.1	86.772	189	25	0	1	189	1	189	4.49e-125	346
MDA9615620.1	QIZ20930.1	96.296	54	2	0	1	54	1	54	1.56e-31	99.4
MDA9615621.1	QIZ20931.1	96.491	114	4	0	1	114	1	114	2.52e-73	209
MDA9615622.1	QIZ20932.1	96.386	83	3	0	1	83	1	83	6.96e-55	160
MDA9615623.1	QIZ20933.1	96.774	558	18	0	1	558	1	558	0.0	1110
MDA9615624.1	QIZ20934.1	94.444	288	16	0	1	288	1	288	0.0	533
MDA9615625.1	QIZ20935.1	95.964	223	9	0	1	223	1	223	5.96e-160	437
MDA9615626.1	QIZ20936.1	99.273	275	2	0	1	275	1	275	0.0	559
MDA9615627.1	QIZ20937.1	97.135	384	11	0	1	384	1	384	0.0	758
MDA9615628.1	QIZ21069.1	70.968	62	18	0	1	62	1	62	5.32e-31	98.6
MDA9615629.1	QIZ20939.1	93.851	309	19	0	1	309	1	309	0.0	604
MDA9615630.1	QIZ20940.1	95.597	159	7	0	1	159	1	159	1.48e-112	312
MDA9615631.1	QIZ20941.1	94.309	246	14	0	1	246	1	246	1.54e-173	473
MDA9615632.1	QIZ20942.1	77.419	310	70	0	1	310	1	310	0.0	504
MDA9615633.1	QIZ20943.1	87.209	172	22	0	1	172	1	172	2.97e-111	310
MDA9615634.1	QIZ20944.1	71.717	99	28	0	73	171	488	586	6.46e-47	156
MDA9615635.1	QIZ20949.1	95.370	324	15	0	1	324	1	324	0.0	652
MDA9615636.1	QIZ20948.1	96.104	154	6	0	1	154	22	175	5.08e-109	303
MDA9615637.1	QIZ21060.1	86.634	202	27	0	1	202	21	222	2.49e-132	366
MDA9615638.1	QIZ21061.1	65.000	140	49	0	1	140	1	140	2.65e-64	188
MDA9615639.1	QIZ21062.1	94.964	139	7	0	1	139	1	139	7.78e-85	240
MDA9615640.1	QIZ21063.1	85.279	197	29	0	1	197	1	197	4.51e-123	342
MDA9615641.1	QIZ21064.1	77.778	135	30	0	7	141	38	172	3.83e-74	214
MDA9615642.1	QIZ21065.1	95.385	455	21	0	1	455	1	455	0.0	853
MDA9615643.1	QIZ21066.1	97.076	171	5	0	1	171	1	171	1.50e-120	333
MDA9615644.1	QIZ21067.1	94.388	196	11	0	1	196	1	196	8.19e-140	384
MDA9615645.1	QIZ21068.1	87.981	208	25	0	1	208	1	208	7.81e-137	377
MDA9615646.1	QIZ21070.1	87.866	239	29	0	1	239	1	239	3.12e-155	426
MDA9615647.1	QIZ21071.1	90.837	251	23	0	1	251	1	251	2.32e-173	473
MDA9615648.1	QIZ21072.1	91.089	101	9	0	1	101	1	101	2.05e-63	183
MDA9615649.1	QIZ21073.1	88.430	121	14	0	1	121	1	121	9.20e-77	218
MDA9615650.1	QIZ21074.1	79.042	167	35	0	1	167	1	167	7.44e-98	275
MDA9615651.1	QIZ21075.1	71.739	184	52	0	1	184	1	184	9.37e-92	261
MDA9615652.1	QIZ21076.1	86.351	696	95	0	1	696	1	696	0.0	1171
MDA9615653.1	QIZ20997.1	95.309	405	19	0	1	405	118	522	0.0	767
MDA9615654.1	QIZ20998.1	80.299	401	79	0	1	401	1	401	0.0	672
MDA9615655.1	QIZ20999.1	86.897	145	19	0	1	145	1	145	8.04e-93	261
MDA9615656.1	QIZ21000.1	82.072	251	45	0	1	251	1	251	4.44e-150	414
MDA9615657.1	QIZ21001.1	77.703	148	33	0	1	148	1	148	3.72e-80	229
MDA9615658.1	QIZ20329.1	59.487	195	77	2	4	197	20	213	2.74e-89	257
MDA9615660.1	QIZ21005.1	68.613	137	41	1	1	135	1	137	1.02e-63	187
MDA9615661.1	QIZ21006.1	92.169	166	13	0	1	166	1	166	5.22e-114	316
MDA9615662.1	QIZ21007.1	97.022	403	12	0	1	403	1	403	0.0	816
MDA9615663.1	QIZ21008.1	97.318	261	7	0	1	261	1	261	0.0	523
MDA9615664.1	QIZ21525.1	98.588	425	6	0	1	425	1	425	0.0	877
MDA9615665.1	QIZ21527.1	79.056	339	71	0	1	339	1	339	0.0	576
MDA9615666.1	QIZ21530.1	82.463	536	91	1	3	538	4	536	0.0	852
MDA9615667.1	QIZ21531.1	84.659	352	54	0	1	352	1	352	0.0	585
MDA9615668.1	QIZ21532.1	89.224	232	25	0	1	232	1	232	2.65e-135	375
MDA9615669.1	QIZ21533.1	77.451	102	23	0	1	102	1	102	3.19e-56	165
MDA9615670.1	QIZ21214.1	27.698	278	188	4	16	290	13	280	3.65e-27	103
MDA9615671.1	QIZ21534.1	46.364	110	58	1	13	122	13	121	2.31e-32	106
MDA9615672.1	QIZ20986.1	82.301	113	20	0	1	113	1	113	8.31e-70	204
MDA9615673.1	QIZ20987.1	89.552	67	7	0	1	67	1	67	8.26e-29	93.6
MDA9615674.1	QIZ20988.1	71.930	171	48	0	1	171	1	171	9.75e-90	255
MDA9615675.1	QIZ20989.1	92.239	451	35	0	1	451	1	451	0.0	838
MDA9615676.1	QIZ20990.1	81.931	404	73	0	1	404	1	404	0.0	679
MDA9615677.1	QIZ20991.1	80.687	233	45	0	1	233	1	233	1.13e-134	374
MDA9615678.1	QIZ20992.1	97.297	370	10	0	1	370	1	370	0.0	721
MDA9615679.1	QIZ20993.1	96.170	470	18	0	14	483	1	470	0.0	916
MDA9615681.1	QIZ20844.1	30.986	355	218	12	24	365	23	363	8.44e-37	132
MDA9615690.1	QIZ21376.1	85.492	193	28	0	1	193	272	464	7.68e-121	345
MDA9615691.1	QIZ21377.1	74.503	302	77	0	1	302	11	312	3.51e-160	444
MDA9615692.1	QIZ21378.1	76.645	304	71	0	1	304	1	304	4.63e-161	446
MDA9615693.1	QIZ21379.1	52.466	223	105	1	1	222	1	223	2.40e-68	205
MDA9615694.1	QIZ21380.1	59.079	369	150	1	1	368	1	369	1.21e-154	436
MDA9615695.1	QIZ21381.1	81.347	193	36	0	1	193	1	193	1.82e-108	308
MDA9615696.1	QIZ21256.1	98.630	73	1	0	1	73	1	73	6.11e-51	154
MDA9615697.1	QIZ21257.1	85.408	233	34	0	1	233	1	233	4.41e-145	400
MDA9615698.1	QIZ21258.1	88.561	271	31	0	1	271	1	271	1.29e-178	488
MDA9615699.1	QIZ21259.1	97.978	544	11	0	1	544	1	544	0.0	1070
MDA9615700.1	QIZ21260.1	87.814	279	34	0	1	279	1	279	0.0	503
MDA9615701.1	QIZ20687.1	60.645	155	61	0	1	155	1	155	2.54e-56	169
MDA9615702.1	QIZ20686.1	58.955	134	51	1	1	130	1	134	1.17e-52	158
MDA9615703.1	QIZ20685.1	54.315	197	89	1	1	196	1	197	2.84e-74	218
MDA9615704.1	QIZ20684.1	62.654	407	149	1	1	407	1	404	5.61e-174	488
MDA9615705.1	QIZ20683.1	90.052	191	19	0	1	191	1	191	5.90e-112	317
MDA9615706.1	QIZ21424.1	88.158	76	9	0	1	76	1	76	6.70e-44	133
MDA9615707.1	QIZ21423.1	95.726	234	10	0	1	234	1	234	7.69e-167	455
MDA9615708.1	QIZ21422.1	95.019	261	13	0	1	261	1	261	0.0	507
MDA9615709.1	QIZ21421.1	97.154	246	7	0	1	246	1	246	7.95e-178	484
MDA9615710.1	QIZ21059.1	63.889	72	26	0	1	72	1	72	1.07e-29	99.4
MDA9615711.1	QIZ21058.1	70.566	265	78	0	1	265	1	265	1.79e-135	379
MDA9615712.1	QIZ21057.1	80.829	193	37	0	1	193	1	193	1.36e-117	327
MDA9615713.1	QIZ21056.1	87.956	274	33	0	1	274	1	274	0.0	496
MDA9615714.1	QIZ21055.1	85.294	102	15	0	1	102	1	102	6.94e-61	184
MDA9615715.1	QIZ21055.1	79.245	159	33	0	1	159	175	333	6.10e-92	266
MDA9615718.1	QIZ21052.1	98.433	319	5	0	1	319	1	319	0.0	637
MDA9615719.1	QIZ21506.1	69.128	149	46	0	1	149	1	149	6.19e-75	224
MDA9615720.1	QIZ21505.1	91.736	242	20	0	1	242	1	242	1.60e-167	457
MDA9615721.1	QIZ21504.1	96.903	452	14	0	1	452	1	452	0.0	921
MDA9615722.1	QIZ20385.1	92.216	835	63	1	1	833	1	835	0.0	1512
MDA9615723.1	QIZ20386.1	84.286	70	10	1	1	69	84	153	1.29e-32	105
MDA9615724.1	QIZ20381.1	88.636	264	30	0	1	264	12	275	0.0	503
MDA9615725.1	QIZ20382.1	88.108	370	44	0	1	370	1	370	0.0	682
MDA9615726.1	QIZ20383.1	91.018	167	15	0	1	167	18	184	7.16e-115	319
MDA9615727.1	QIZ20742.1	93.333	225	15	0	1	225	210	434	3.46e-160	446
MDA9615728.1	QIZ20741.1	86.364	110	15	0	1	110	1	110	2.14e-64	186
MDA9615729.1	QIZ20740.1	93.678	522	33	0	2	523	110	631	0.0	1014
MDA9615730.1	QIZ21383.1	82.326	430	76	0	1	430	247	676	0.0	717
MDA9615731.1	QIZ21384.1	76.451	293	69	0	1	293	272	564	1.64e-162	459
MDA9615732.1	QIZ20994.1	95.349	86	4	0	1	86	1	86	7.88e-52	152
MDA9615733.1	QIZ20995.1	80.488	287	56	0	1	287	1	287	8.48e-160	442
MDA9615734.1	QIZ20996.1	85.043	234	35	0	1	234	1	234	1.55e-155	427
