MDA9608893.1	QIZ20976.1	90.071	141	14	0	1	141	1	141	2.49e-96	269
MDA9608894.1	QIZ20975.1	81.013	395	75	0	1	395	1	395	0.0	674
MDA9608895.1	QIZ20974.1	91.206	1012	89	0	1	1012	1	1012	0.0	1957
MDA9608896.1	QIZ20973.1	69.838	431	112	4	1	421	1	423	0.0	613
MDA9608897.1	QIZ20972.1	74.237	295	76	0	1	295	1	295	4.54e-160	443
MDA9608898.1	QIZ20971.1	64.167	240	85	1	1	239	1	240	1.50e-110	315
MDA9608899.1	QIZ20970.1	86.430	479	65	0	1	479	1	479	0.0	847
MDA9608900.1	QIZ20969.1	81.879	1501	272	0	1	1501	1	1501	0.0	2600
MDA9608901.1	QIZ20967.1	70.732	246	72	0	1	246	1	246	7.33e-117	330
MDA9608902.1	QIZ20966.1	76.302	384	91	0	1	384	1	384	0.0	594
MDA9608903.1	QIZ20965.1	87.304	638	81	0	1	638	1	638	0.0	1184
MDA9608904.1	QIZ20964.1	91.160	181	16	0	1	181	1	181	1.24e-124	344
MDA9608905.1	QIZ20963.1	98.529	68	1	0	1	68	1	68	3.34e-44	132
MDA9608906.1	QIZ20962.1	94.068	118	7	0	1	118	1	118	3.36e-80	227
MDA9608907.1	QIZ20961.1	85.352	355	52	0	1	355	1	355	0.0	642
MDA9608908.1	QIZ20960.1	72.569	802	220	0	1	802	1	802	0.0	1150
MDA9608909.1	QIZ20959.1	91.806	598	49	0	1	598	4	601	0.0	1137
MDA9608911.1	QIZ20953.1	40.370	270	148	5	2	262	3	268	6.63e-61	189
MDA9608914.1	QIZ20851.1	29.747	316	197	9	1	312	1	295	2.41e-29	110
MDA9608915.1	QIZ20846.1	36.719	256	148	5	27	278	20	265	5.52e-38	133
MDA9608916.1	QIZ20952.1	87.172	686	87	1	1	686	1	685	0.0	1236
MDA9608917.1	QIZ20951.1	68.310	426	135	0	1	426	1	426	0.0	577
MDA9608918.1	QIZ20950.1	69.103	602	183	3	1	599	1	602	0.0	836
MDA9608919.1	QIZ20949.1	91.667	324	27	0	1	324	1	324	0.0	632
MDA9608920.1	QIZ20948.1	79.429	175	36	0	1	175	1	175	2.39e-107	300
MDA9608921.1	QIZ20947.1	65.116	86	30	0	1	86	10	95	6.79e-35	110
MDA9608922.1	QIZ20946.1	65.301	366	127	0	1	366	1	366	1.50e-163	458
MDA9608924.1	QIZ20945.1	58.491	106	44	0	1	106	1	106	2.38e-39	125
MDA9608926.1	QIZ20944.1	56.102	590	251	3	1	586	1	586	0.0	620
MDA9608927.1	QIZ20943.1	80.814	172	32	1	1	171	1	172	3.17e-101	284
MDA9608928.1	QIZ20942.1	68.852	305	95	0	1	305	1	305	7.45e-158	439
MDA9608929.1	QIZ20941.1	70.732	246	72	0	1	246	1	246	5.24e-130	363
MDA9608930.1	QIZ20940.1	82.237	152	27	0	1	152	1	152	1.53e-94	266
MDA9608931.1	QIZ20939.1	78.964	309	65	0	1	309	1	309	0.0	521
MDA9608932.1	QIZ20937.1	78.646	384	82	0	1	384	1	384	0.0	630
MDA9608933.1	QIZ20936.1	75.000	276	68	1	1	276	1	275	8.56e-159	438
MDA9608934.1	QIZ20935.1	86.878	221	29	0	1	221	1	221	1.66e-146	403
MDA9608935.1	QIZ20934.1	70.833	288	84	0	1	288	1	288	5.40e-147	409
MDA9608936.1	QIZ20933.1	73.835	558	145	1	1	557	1	558	0.0	889
MDA9608937.1	QIZ20932.1	68.675	83	26	0	1	83	1	83	7.51e-39	120
MDA9608938.1	QIZ20931.1	78.070	114	24	1	1	113	1	114	1.96e-55	164
MDA9608940.1	QIZ20929.1	66.250	240	80	1	1	240	1	239	3.17e-112	318
MDA9608941.1	QIZ20928.1	90.769	65	6	0	1	65	1	65	1.63e-29	95.1
MDA9608942.1	QIZ20927.1	75.676	185	44	1	1	184	1	185	1.61e-98	278
MDA9608943.1	QIZ20926.1	80.576	417	81	0	1	417	1	417	0.0	668
MDA9608944.1	QIZ20925.1	66.667	129	43	0	1	129	1	129	1.50e-60	178
MDA9608945.1	QIZ20924.1	82.436	427	75	0	1	427	2	428	0.0	699
MDA9608946.1	QIZ20923.1	84.507	71	11	0	1	71	1	71	1.79e-41	125
MDA9608947.1	QIZ21496.1	69.231	65	20	0	3	67	2	66	3.05e-31	99.8
MDA9608948.1	QIZ20922.1	63.812	467	164	4	1	464	1	465	0.0	586
MDA9608949.1	QIZ20921.1	47.429	350	179	3	1	349	1	346	1.10e-112	327
MDA9608950.1	QIZ20920.1	51.092	229	111	1	1	229	1	228	2.37e-77	228
MDA9608951.1	QIZ20912.1	29.148	223	134	7	4	207	2	219	2.37e-21	89.7
MDA9608954.1	QIZ20911.1	75.543	184	44	1	1	184	1	183	4.84e-107	300
MDA9608955.1	QIZ20910.1	53.571	112	52	0	13	124	13	124	1.89e-45	139
MDA9608965.1	QIZ20908.1	48.696	230	111	3	1	223	1	230	7.57e-71	212
MDA9608966.1	QIZ20898.1	36.534	479	293	4	4	481	5	473	4.16e-111	333
MDA9608967.1	QIZ20897.1	57.944	107	42	2	1	105	1	106	1.61e-40	125
MDA9608968.1	QIZ20896.1	48.592	426	211	7	1	422	1	422	9.52e-138	397
MDA9608969.1	QIZ20895.1	73.377	308	82	0	1	308	1	308	1.34e-179	494
MDA9608970.1	QIZ20894.1	83.270	263	44	0	3	265	2	264	3.65e-152	421
MDA9608971.1	QIZ20893.1	86.765	408	54	0	1	408	1	408	0.0	745
MDA9608972.1	QIZ20892.1	66.507	209	70	0	1	209	1	209	9.82e-101	286
MDA9608973.1	QIZ20891.1	83.913	230	37	0	1	230	1	230	9.22e-145	399
MDA9608974.1	QIZ20890.1	90.526	95	9	0	1	95	1	95	1.12e-60	176
MDA9608975.1	QIZ20889.1	85.687	517	74	0	1	517	60	576	0.0	915
MDA9608976.1	QIZ21186.1	72.148	298	83	0	1	298	1	298	5.25e-155	431
MDA9608977.1	QIZ21185.1	69.444	360	110	0	1	360	1	360	0.0	518
MDA9608978.1	QIZ21184.1	76.882	372	86	0	1	372	1	372	0.0	612
MDA9608979.1	QIZ21183.1	75.127	197	49	0	1	197	1	197	8.47e-111	310
MDA9608980.1	QIZ21182.1	66.527	239	80	0	1	239	1	239	6.52e-123	345
MDA9608981.1	QIZ21181.1	80.292	137	24	1	1	137	1	134	3.18e-78	223
MDA9608982.1	QIZ21180.1	95.238	84	4	0	1	84	1	84	4.89e-54	158
MDA9608983.1	QIZ21179.1	78.287	327	71	0	1	327	1	327	0.0	513
MDA9608984.1	QIZ21178.1	75.000	368	92	0	1	368	1	368	0.0	565
MDA9608985.1	QIZ21177.1	78.155	412	90	0	1	412	5	416	0.0	642
MDA9608986.1	QIZ21176.1	67.665	167	54	0	2	168	14	180	7.10e-77	223
MDA9608987.1	QIZ21175.1	83.621	116	19	0	1	116	1	116	1.80e-67	194
MDA9608988.1	QIZ21174.1	82.073	357	64	0	23	379	23	379	0.0	605
MDA9608989.1	QIZ21173.1	72.152	158	44	0	1	158	1	158	1.61e-85	243
MDA9608990.1	QIZ21172.1	80.769	130	25	0	1	130	1	130	1.39e-72	208
MDA9608991.1	QIZ21171.1	96.186	472	18	0	1	472	1	472	0.0	921
MDA9608992.1	QIZ21170.1	86.598	291	39	0	1	291	1	291	0.0	518
MDA9608993.1	QIZ21169.1	93.738	511	32	0	1	511	1	511	0.0	984
MDA9608994.1	QIZ21168.1	72.973	185	50	0	1	185	1	185	8.04e-94	266
MDA9608995.1	QIZ21167.1	81.413	651	121	0	1	651	1	651	0.0	1108
MDA9608996.1	QIZ21166.1	85.193	466	69	0	1	466	1	466	0.0	819
MDA9608997.1	QIZ21165.1	79.727	439	75	4	1	439	1	425	0.0	698
MDA9608998.1	QIZ21164.1	82.528	973	161	4	1	969	1	968	0.0	1699
MDA9608999.1	QIZ21163.1	91.065	291	26	0	1	291	1	291	0.0	515
MDA9609000.1	QIZ21162.1	89.119	386	42	0	1	386	1	386	0.0	698
MDA9609001.1	QIZ21161.1	94.062	320	19	0	1	320	1	320	0.0	607
MDA9609002.1	QIZ21160.1	93.360	497	33	0	1	497	1	497	0.0	969
MDA9609003.1	QIZ21159.1	87.879	231	28	0	1	231	27	257	1.04e-157	433
MDA9609004.1	QIZ21158.1	91.032	591	52	1	1	591	1	590	0.0	1140
MDA9609005.1	QIZ21157.1	65.741	108	37	0	1	108	1	108	3.82e-41	127
MDA9609006.1	QIZ21156.1	70.866	127	37	0	1	127	1	127	8.53e-66	191
MDA9609007.1	QIZ21155.1	76.435	331	78	0	1	331	1	331	0.0	526
MDA9609008.1	QIZ21154.1	84.282	369	58	0	1	369	1	369	0.0	639
MDA9609009.1	QIZ21153.1	67.829	258	83	0	1	258	1	258	2.75e-137	382
MDA9609010.1	QIZ21152.1	76.723	537	125	0	1	537	1	537	0.0	891
MDA9609011.1	QIZ21151.1	81.400	457	85	0	1	457	131	587	0.0	788
MDA9609012.1	QIZ21234.1	89.383	405	43	0	1	405	1	405	0.0	745
MDA9609013.1	QIZ21233.1	95.199	604	29	0	1	604	1	604	0.0	1187
MDA9609014.1	QIZ21232.1	80.465	215	42	0	1	215	1	215	4.72e-122	340
MDA9609015.1	QIZ21231.1	80.088	226	45	0	1	226	1	226	4.48e-137	379
MDA9609016.1	QIZ21230.1	74.453	137	35	0	1	137	185	321	3.39e-72	214
MDA9609017.1	QIZ21230.1	65.333	75	26	0	1	75	1	75	1.64e-29	102
MDA9609018.1	QIZ21229.1	71.071	439	126	1	1	438	1	439	0.0	609
MDA9609019.1	QIZ21228.1	84.255	470	74	0	1	470	1	470	0.0	832
MDA9609020.1	QIZ21226.1	75.221	113	28	0	1	113	1	113	1.74e-61	179
MDA9609021.1	QIZ21526.1	53.846	78	36	0	16	93	16	93	6.68e-30	98.2
MDA9609023.1	QIZ21224.1	83.586	396	65	0	1	396	1	396	0.0	706
MDA9609024.1	QIZ21223.1	71.429	294	84	0	1	294	1	294	5.21e-158	438
MDA9609025.1	QIZ21222.1	25.938	320	223	6	1	317	1	309	2.23e-30	112
MDA9609026.1	QIZ21221.1	69.784	139	41	1	1	138	29	167	1.14e-57	172
MDA9609027.1	QIZ21220.1	81.910	691	125	0	1	691	1	691	0.0	1176
MDA9609029.1	QIZ21219.1	71.569	102	27	2	1	101	1	101	1.25e-48	145
MDA9609030.1	QIZ21218.1	90.367	436	42	0	15	450	1	436	0.0	795
MDA9609031.1	QIZ21217.1	88.136	177	21	0	1	177	1	177	5.73e-118	327
MDA9609032.1	QIZ21216.1	62.245	98	37	0	1	98	1	98	9.25e-46	138
MDA9609033.1	QIZ21215.1	85.308	211	31	0	1	211	1	211	1.70e-135	374
MDA9609034.1	QIZ21214.1	72.789	294	79	1	1	293	1	294	6.16e-153	425
MDA9609035.1	QIZ21213.1	80.272	147	29	0	1	147	1	147	8.01e-92	258
MDA9609036.1	QIZ21212.1	68.773	269	84	0	1	269	1	269	1.43e-139	389
MDA9609037.1	QIZ21211.1	60.596	302	119	0	1	302	1	302	1.06e-130	371
MDA9609038.1	QIZ21210.1	80.943	1039	198	0	1	1039	1	1039	0.0	1657
MDA9609039.1	QIZ21209.1	78.022	182	40	0	1	182	18	199	2.48e-111	311
MDA9609040.1	QIZ20871.1	78.036	560	121	1	1	558	4	563	0.0	924
MDA9609041.1	QIZ20870.1	78.378	370	72	3	1	364	1	368	0.0	587
MDA9609042.1	QIZ20869.1	78.656	848	178	1	1	845	1	848	0.0	1353
MDA9609043.1	QIZ20868.1	69.977	433	130	0	1	433	1	433	0.0	624
MDA9609044.1	QIZ20867.1	62.759	145	49	2	1	142	1	143	3.34e-55	166
MDA9609045.1	QIZ20866.1	71.967	239	67	0	1	239	1	239	8.84e-128	357
MDA9609046.1	QIZ20865.1	75.682	403	98	0	1	403	1	403	0.0	635
MDA9609047.1	QIZ20864.1	88.767	365	41	0	1	365	1	365	0.0	669
MDA9609048.1	QIZ20863.1	85.154	357	53	0	1	357	1	357	0.0	594
MDA9609049.1	QIZ20862.1	60.714	280	110	0	1	280	1	280	1.69e-122	347
MDA9609050.1	QIZ20861.1	55.303	132	44	4	4	134	16	133	6.35e-38	122
MDA9609051.1	QIZ20860.1	67.830	401	127	2	29	428	33	432	0.0	550
MDA9609057.1	QIZ20793.1	75.258	291	72	0	1	291	1	291	1.74e-161	447
MDA9609058.1	QIZ20792.1	95.122	41	2	0	1	41	1	41	3.81e-23	77.4
MDA9609060.1	QIZ20790.1	79.558	362	74	0	1	362	1	362	0.0	579
MDA9609061.1	QIZ20789.1	92.632	95	7	0	1	95	1	95	1.17e-58	171
MDA9609062.1	QIZ20788.1	93.319	464	31	0	2	465	1	464	0.0	880
MDA9609063.1	QIZ20853.1	51.724	232	112	0	1	232	7	238	5.22e-82	241
MDA9609064.1	QIZ20846.1	34.296	277	151	4	18	289	14	264	3.04e-37	132
MDA9609065.1	QIZ20786.1	95.312	64	3	0	1	64	1	64	1.09e-37	115
MDA9609066.1	QIZ20785.1	85.128	195	29	0	1	195	1	195	1.67e-115	322
MDA9609067.1	QIZ20784.1	85.526	76	11	0	1	76	1	76	2.42e-48	143
MDA9609068.1	QIZ20783.1	64.407	236	84	0	1	236	11	246	3.35e-110	313
MDA9609069.1	QIZ20782.1	81.720	186	34	0	1	186	1	186	5.53e-117	325
MDA9609070.1	QIZ20781.1	68.116	207	63	2	1	204	1	207	1.60e-82	239
MDA9609071.1	QIZ20780.1	76.786	336	78	0	1	336	1	336	0.0	529
MDA9609072.1	QIZ20779.1	72.449	392	108	0	1	392	1	392	0.0	574
MDA9609073.1	QIZ20778.1	89.254	335	36	0	1	335	1	335	0.0	617
MDA9609074.1	QIZ20777.1	84.129	649	103	0	1	649	1	649	0.0	1147
MDA9609075.1	QIZ20776.1	63.889	108	37	2	1	107	1	107	7.43e-35	111
MDA9609076.1	QIZ20775.1	74.324	148	38	0	1	148	1	148	3.41e-74	214
MDA9609077.1	QIZ20774.1	56.354	181	79	0	1	181	1	181	1.55e-67	200
MDA9609078.1	QIZ20773.1	76.030	267	64	0	1	267	1	267	4.87e-160	441
MDA9609079.1	QIZ20772.1	85.062	241	36	0	1	241	1	241	3.68e-154	424
MDA9609080.1	QIZ20771.1	86.585	164	22	0	1	164	1	164	2.06e-107	299
MDA9609081.1	QIZ20770.1	84.821	224	34	0	1	224	1	224	1.13e-139	386
MDA9609082.1	QIZ20769.1	92.754	138	10	0	1	138	1	138	7.48e-93	260
MDA9609083.1	QIZ20768.1	67.808	292	71	2	1	292	1	269	1.41e-122	347
MDA9609084.1	QIZ20767.1	88.863	431	48	0	17	447	16	446	0.0	806
MDA9609085.1	QIZ20766.1	86.585	164	17	1	1	164	1	159	1.81e-96	271
MDA9609086.1	QIZ21085.1	78.788	132	28	0	41	172	39	170	3.09e-69	218
MDA9609087.1	QIZ21086.1	85.401	137	20	0	1	137	1	137	1.06e-86	244
MDA9609088.1	QIZ21088.1	81.793	357	65	0	1	357	1	357	0.0	607
MDA9609089.1	QIZ21089.1	67.987	303	96	1	4	305	5	307	9.58e-142	398
MDA9609090.1	QIZ21090.1	71.121	232	67	0	1	232	1	232	3.52e-125	350
MDA9609091.1	QIZ21091.1	84.765	361	55	0	1	361	1	361	0.0	577
MDA9609092.1	QIZ21092.1	86.458	96	13	0	1	96	1	96	3.24e-57	167
MDA9609093.1	QIZ21093.1	91.103	281	25	0	1	281	1	281	0.0	523
MDA9609097.1	QIZ21094.1	80.060	331	63	2	1	329	21	350	0.0	556
MDA9609098.1	QIZ21095.1	80.663	362	69	1	1	361	1	362	0.0	592
MDA9609099.1	QIZ21096.1	87.288	236	30	0	1	236	1	236	1.04e-157	432
MDA9609100.1	QIZ21097.1	90.121	496	49	0	1	496	1	496	0.0	906
MDA9609101.1	QIZ21098.1	88.073	109	13	0	1	109	1	109	4.84e-73	208
MDA9609102.1	QIZ21099.1	92.500	40	3	0	1	40	1	40	1.19e-22	75.9
MDA9609103.1	QIZ21101.1	89.540	239	25	0	1	239	1	239	8.93e-163	446
MDA9609105.1	QIZ21102.1	91.542	201	17	0	1	201	1	201	1.64e-109	308
MDA9609106.1	QIZ21103.1	85.263	380	56	0	1	380	1	380	0.0	671
MDA9609107.1	QIZ21104.1	92.063	126	10	0	1	126	1	126	2.25e-82	233
MDA9609108.1	QIZ21105.1	92.763	152	11	0	1	152	1	152	1.82e-94	266
MDA9609109.1	QIZ21106.1	66.341	205	69	0	1	205	1	205	1.04e-100	286
MDA9609110.1	QIZ21107.1	89.239	381	41	0	1	381	15	395	0.0	704
MDA9609111.1	QIZ20276.1	89.109	101	11	0	1	101	1	101	6.02e-64	184
MDA9609112.1	QIZ20277.1	85.496	131	19	0	1	131	1	131	8.63e-84	237
MDA9609113.1	QIZ20278.1	85.475	179	26	0	1	179	1	179	1.74e-107	301
MDA9609114.1	QIZ20279.1	77.966	118	26	0	1	118	1	118	1.07e-64	187
MDA9609115.1	QIZ20280.1	86.982	169	22	0	3	171	2	170	7.50e-106	296
MDA9609116.1	QIZ20281.1	84.314	153	21	2	1	150	1	153	3.00e-75	217
MDA9609117.1	QIZ20282.1	92.254	426	33	0	1	426	1	426	0.0	794
MDA9609118.1	QIZ20283.1	46.479	213	88	1	1	187	1	213	4.56e-63	190
MDA9609119.1	QIZ20284.1	95.276	127	6	0	1	127	1	127	2.42e-88	248
MDA9609120.1	QIZ20285.1	87.333	150	18	1	1	149	1	150	4.58e-79	226
MDA9609121.1	QIZ20286.1	92.398	342	26	0	1	342	1	342	0.0	642
MDA9609122.1	QIZ20287.1	87.075	147	17	1	1	147	1	145	1.69e-90	255
MDA9609123.1	QIZ20288.1	77.076	301	69	0	1	301	1	301	2.23e-168	465
MDA9609124.1	QIZ20289.1	65.049	206	71	1	1	205	1	206	1.82e-93	267
MDA9609125.1	QIZ20290.1	88.403	457	53	0	1	457	1	457	0.0	827
MDA9609126.1	QIZ20291.1	57.565	271	112	3	1	270	11	279	2.02e-90	265
MDA9609127.1	QIZ20292.1	76.296	270	64	0	1	270	1	270	2.30e-143	399
MDA9609128.1	QIZ20293.1	64.637	427	151	0	1	427	5	431	0.0	553
MDA9609129.1	QIZ20294.1	73.856	153	40	0	1	153	1	153	1.31e-86	246
MDA9609131.1	QIZ20296.1	83.099	852	142	1	1	850	1	852	0.0	1449
MDA9609132.1	QIZ20297.1	73.958	192	49	1	1	192	1	191	1.12e-97	277
MDA9609133.1	QIZ20742.1	34.694	147	95	1	3	148	269	415	5.49e-27	100
MDA9609134.1	QIZ20248.1	70.000	250	75	0	6	255	7	256	2.73e-121	342
MDA9609136.1	QIZ20247.1	80.451	133	26	0	1	133	1	133	7.11e-77	219
MDA9609137.1	QIZ20246.1	80.321	249	49	0	1	249	1	249	7.44e-150	414
MDA9609138.1	QIZ20245.1	79.817	218	44	0	1	218	1	218	7.38e-128	357
MDA9609139.1	QIZ20244.1	85.547	256	37	0	1	256	1	256	3.12e-171	468
MDA9609140.1	QIZ20243.1	89.535	430	45	0	1	430	1	430	0.0	818
MDA9609141.1	QIZ20242.1	91.538	260	22	0	1	260	1	260	3.42e-178	486
MDA9609142.1	QIZ20241.1	83.750	80	13	0	1	80	1	80	6.68e-46	137
MDA9609143.1	QIZ20240.1	78.855	227	48	0	1	227	1	227	1.30e-136	378
MDA9609144.1	QIZ20239.1	86.813	728	96	0	1	728	1	728	0.0	1327
MDA9609145.1	QIZ20238.1	88.158	76	9	0	1	76	1	76	2.08e-47	140
MDA9609146.1	QIZ20237.1	80.734	109	21	0	1	109	1	109	1.49e-66	192
MDA9609147.1	QIZ20236.1	88.293	205	24	0	1	205	1	205	2.07e-140	386
MDA9609148.1	QIZ20235.1	75.000	236	59	0	1	236	1	236	2.06e-131	366
MDA9609149.1	QIZ20234.1	80.675	533	103	0	1	533	1	533	0.0	919
MDA9609150.1	QIZ20233.1	75.055	453	109	2	1	449	1	453	0.0	706
MDA9609151.1	QIZ20232.1	84.232	241	38	0	5	245	5	245	2.05e-154	425
MDA9609152.1	QIZ20231.1	90.196	459	45	0	1	459	1	459	0.0	871
MDA9609153.1	QIZ20654.1	47.895	190	98	1	1	190	169	357	2.43e-50	162
MDA9609155.1	QIZ20655.1	45.807	644	336	6	3	639	169	806	0.0	544
MDA9609156.1	QIZ20656.1	38.487	304	186	1	3	305	1	304	4.77e-65	202
MDA9609157.1	QIZ20657.1	55.728	323	134	4	1	318	1	319	2.13e-106	309
MDA9609158.1	QIZ20658.1	64.615	260	92	0	2	261	3	262	2.42e-121	342
MDA9609159.1	QIZ20659.1	75.714	210	51	0	1	210	1	210	7.23e-122	340
MDA9609160.1	QIZ20660.1	92.405	79	6	0	1	79	1	79	9.21e-47	139
MDA9609161.1	QIZ20661.1	82.857	245	42	0	1	245	3	247	1.77e-150	415
MDA9609162.1	QIZ20662.1	68.831	308	96	0	1	308	1	308	1.94e-148	415
MDA9609163.1	QIZ20663.1	81.731	104	19	0	1	104	1	104	2.69e-62	182
MDA9609164.1	QIZ20664.1	95.714	70	3	0	21	90	1	70	7.83e-46	137
MDA9609165.1	QIZ20665.1	80.921	152	29	0	1	152	1	152	1.78e-79	228
MDA9609166.1	QIZ20666.1	83.051	472	80	0	1	472	1	472	0.0	830
MDA9609167.1	QIZ20667.1	80.225	799	150	3	1	796	1	794	0.0	1239
MDA9609168.1	QIZ20668.1	69.061	181	56	0	1	181	1	181	4.90e-83	239
MDA9609169.1	QIZ20655.1	42.396	217	122	2	182	398	59	272	3.21e-44	160
MDA9609170.1	QIZ20654.1	47.895	190	98	1	1	190	169	357	2.43e-50	162
MDA9609171.1	QIZ21136.1	94.755	286	15	0	1	286	1	286	0.0	506
MDA9609172.1	QIZ21135.1	86.598	194	26	0	1	194	2	195	6.85e-129	356
MDA9609173.1	QIZ21134.1	95.855	386	15	1	1	386	1	385	0.0	743
MDA9609174.1	QIZ21133.1	85.154	357	53	0	1	357	1	357	0.0	645
MDA9609175.1	QIZ21132.1	79.944	359	72	0	1	359	1	359	0.0	586
MDA9609176.1	QIZ21131.1	95.745	282	12	0	1	282	1	282	0.0	538
MDA9609177.1	QIZ21130.1	97.902	286	6	0	1	286	1	286	0.0	558
MDA9609178.1	QIZ21129.1	95.312	512	23	1	1	512	1	511	0.0	1008
MDA9609179.1	QIZ21128.1	90.652	353	33	0	1	353	1	353	0.0	659
MDA9609180.1	QIZ21127.1	66.759	361	118	1	1	361	1	359	2.85e-174	484
MDA9609181.1	QIZ21126.1	77.307	401	88	1	1	401	1	398	0.0	565
MDA9609182.1	QIZ21125.1	88.013	317	38	0	1	317	1	317	0.0	581
MDA9609183.1	QIZ21124.1	95.186	457	22	0	1	457	1	457	0.0	897
MDA9609184.1	QIZ21123.1	96.134	388	15	0	1	388	1	388	0.0	754
MDA9609185.1	QIZ21122.1	84.591	318	49	0	1	318	66	383	0.0	580
MDA9609186.1	QIZ20740.1	90.021	471	47	0	1	471	160	630	0.0	888
MDA9609187.1	QIZ20741.1	73.148	108	29	0	1	108	1	108	1.13e-54	162
MDA9609188.1	QIZ20742.1	83.410	434	72	0	1	434	1	434	0.0	774
MDA9609189.1	QIZ20743.1	76.531	294	69	0	1	294	1	294	2.67e-165	456
MDA9609192.1	QIZ20744.1	88.754	329	37	0	1	329	1	329	0.0	617
MDA9609193.1	QIZ20745.1	75.812	277	67	0	1	277	1	277	4.79e-152	421
MDA9609195.1	QIZ21387.1	88.961	462	51	0	1	462	1	462	0.0	830
MDA9609196.1	QIZ21386.1	29.245	424	287	8	9	428	69	483	8.34e-33	124
MDA9609197.1	QIZ21385.1	85.693	678	97	0	1	678	1	678	0.0	1218
MDA9609198.1	QIZ21384.1	53.906	128	58	1	3	130	4	130	1.19e-40	138
MDA9609199.1	QIZ20461.1	78.390	472	101	1	1	472	1	471	0.0	706
MDA9609200.1	QIZ20462.1	83.265	490	80	1	1	490	1	488	0.0	841
MDA9609201.1	QIZ20463.1	83.359	637	106	0	1	637	1	637	0.0	1091
MDA9609202.1	QIZ20464.1	86.408	103	14	0	1	103	1	103	1.52e-50	150
MDA9609203.1	QIZ20465.1	79.048	210	44	0	1	210	1	210	4.42e-123	343
MDA9609204.1	QIZ20466.1	90.062	161	16	0	1	161	1	161	6.51e-111	308
MDA9609205.1	QIZ20467.1	91.867	332	27	0	1	332	1	332	0.0	617
MDA9609206.1	QIZ20468.1	78.414	681	141	3	1	678	1	678	0.0	1105
MDA9609207.1	QIZ20469.1	89.616	443	46	0	1	443	1	443	0.0	843
MDA9609208.1	QIZ20470.1	85.644	202	29	0	1	202	1	202	2.97e-134	370
MDA9609209.1	QIZ20471.1	93.606	391	25	0	1	391	1	391	0.0	771
MDA9609210.1	QIZ20472.1	86.875	160	20	1	5	163	43	202	7.60e-106	296
MDA9609211.1	QIZ20474.1	93.636	110	7	0	1	110	13	122	4.92e-71	203
MDA9609212.1	QIZ20473.1	91.129	124	11	0	1	124	3	126	1.17e-87	248
MDA9609214.1	QIZ20219.1	55.556	90	40	0	1	90	1	90	1.36e-34	110
MDA9609215.1	QIZ20220.1	86.983	484	63	0	1	484	1	484	0.0	858
MDA9609216.1	QIZ20221.1	89.302	645	69	0	1	645	1	645	0.0	1219
MDA9609217.1	QIZ20222.1	91.642	335	28	0	4	338	8	342	0.0	657
MDA9609218.1	QIZ20225.1	86.898	374	49	0	1	374	1	374	0.0	680
MDA9609219.1	QIZ20226.1	93.624	298	19	0	1	298	1	298	0.0	578
MDA9609220.1	QIZ20227.1	88.600	500	57	0	1	500	1	500	0.0	925
MDA9609221.1	QIZ20228.1	80.176	227	45	0	1	227	1	227	2.97e-142	392
MDA9609222.1	QIZ20229.1	80.488	205	40	0	1	205	1	205	4.61e-118	330
MDA9609223.1	QIZ20230.1	83.828	606	98	0	1	606	1	606	0.0	1064
MDA9609225.1	QIZ20305.1	88.816	456	51	0	1	456	1	456	0.0	815
MDA9609226.1	QIZ20306.1	75.796	157	38	0	1	157	1	157	1.73e-91	259
MDA9609227.1	QIZ20311.1	90.123	243	24	0	1	243	1	243	1.25e-136	380
MDA9609228.1	QIZ20312.1	85.098	255	38	0	1	255	1	255	8.85e-158	434
MDA9609229.1	QIZ20313.1	60.963	187	73	0	1	187	1	187	5.86e-85	244
MDA9609230.1	QIZ20314.1	80.140	1002	198	1	1	1001	1	1002	0.0	1713
MDA9609231.1	QIZ20315.1	88.636	88	10	0	1	88	1	88	1.39e-59	172
MDA9609232.1	QIZ20316.1	95.204	417	20	0	1	417	1	417	0.0	834
MDA9609236.1	QIZ20733.1	52.759	290	137	0	1	290	1	290	8.91e-106	305
MDA9609238.1	QIZ20734.1	72.121	165	38	1	9	173	24	180	1.30e-84	243
MDA9609241.1	QIZ20736.1	74.396	207	53	0	1	207	1	207	9.12e-120	334
MDA9609242.1	QIZ20737.1	73.669	338	89	0	1	338	1	338	0.0	515
MDA9609244.1	QIZ20192.1	79.042	167	35	0	1	167	1	167	7.52e-99	278
MDA9609245.1	QIZ20599.1	42.525	301	163	3	5	302	1	294	2.53e-78	236
MDA9609247.1	QIZ20195.1	82.625	259	45	0	1	259	1	259	8.18e-163	447
MDA9609248.1	QIZ20675.1	60.294	68	27	0	1	68	1	68	1.28e-22	77.8
MDA9609249.1	QIZ20196.1	80.513	195	38	0	7	201	5	199	9.20e-121	336
MDA9609250.1	QIZ20197.1	72.318	289	80	0	1	289	1	289	4.10e-164	453
MDA9609251.1	QIZ20198.1	68.672	399	124	1	1	398	1	399	2.45e-180	503
MDA9609252.1	QIZ20199.1	78.182	165	36	0	1	165	1	165	8.70e-90	256
MDA9609253.1	QIZ20204.1	57.812	320	135	0	1	320	1	320	4.18e-147	413
MDA9609254.1	QIZ20205.1	48.473	262	134	1	1	261	16	277	3.81e-60	187
MDA9609255.1	QIZ20208.1	68.939	132	41	0	1	132	1	132	5.96e-62	182
MDA9609256.1	QIZ21021.1	51.020	98	48	0	1	98	1	98	3.49e-34	110
MDA9609257.1	QIZ21022.1	61.862	333	126	1	6	338	1	332	1.16e-151	425
MDA9609259.1	QIZ21023.1	74.444	180	45	1	1	179	1	180	5.26e-98	277
MDA9609260.1	QIZ21024.1	78.378	333	72	0	1	333	1	333	0.0	547
MDA9609261.1	QIZ21025.1	71.709	509	143	1	1	509	1	508	0.0	717
MDA9609262.1	QIZ21026.1	85.625	320	46	0	1	320	434	753	0.0	550
MDA9609263.1	QIZ20646.1	84.691	307	47	0	1	307	288	594	0.0	545
MDA9609264.1	QIZ20645.1	85.036	274	40	1	1	274	1	273	1.14e-172	473
MDA9609265.1	QIZ20643.1	71.429	98	28	0	37	134	35	132	1.35e-50	153
MDA9609266.1	QIZ20642.1	90.337	445	43	0	1	445	1	445	0.0	832
MDA9609267.1	QIZ20641.1	72.917	144	36	1	1	144	1	141	4.30e-71	206
MDA9609268.1	QIZ20640.1	78.676	136	29	0	10	145	10	145	7.49e-79	226
MDA9609270.1	QIZ20638.1	88.716	257	29	0	1	257	1	257	1.44e-169	464
MDA9609271.1	QIZ20637.1	77.575	602	111	3	1	586	1	594	0.0	908
MDA9609272.1	QIZ21401.1	35.882	170	96	2	1	165	403	564	1.55e-27	104
MDA9609273.1	QIZ21388.1	89.457	313	33	0	1	313	1	313	0.0	595
MDA9609276.1	QIZ21395.1	95.255	274	13	0	1	274	1	274	0.0	527
MDA9609277.1	QIZ21396.1	91.553	367	30	1	1	367	1	366	0.0	639
MDA9609278.1	QIZ21397.1	94.464	289	16	0	1	289	1	289	0.0	538
MDA9609279.1	QIZ21398.1	83.607	61	10	0	1	61	1	61	1.47e-32	102
MDA9609280.1	QIZ21399.1	78.134	343	73	2	1	342	1	342	0.0	532
MDA9609281.1	QIZ21400.1	60.000	75	30	0	10	84	99	173	1.79e-24	89.0
MDA9609282.1	QIZ21039.1	62.424	165	59	1	1	165	1	162	3.53e-71	209
MDA9609283.1	QIZ21040.1	61.364	176	67	1	1	176	1	175	3.33e-71	209
MDA9609284.1	QIZ21041.1	40.294	340	173	8	2	324	3	329	2.23e-62	197
MDA9609285.1	QIZ21042.1	66.102	177	55	2	2	178	5	176	7.15e-78	226
MDA9609286.1	QIZ21043.1	69.504	846	255	3	1	845	1	844	0.0	1229
MDA9609288.1	QIZ21045.1	48.889	180	90	1	1	178	1	180	7.89e-51	162
MDA9609291.1	QIZ21071.1	42.915	247	140	1	2	248	5	250	2.31e-66	202
MDA9609292.1	QIZ20828.1	35.294	204	128	4	4	206	8	208	8.99e-34	115
MDA9609294.1	QIZ20249.1	87.692	65	8	0	1	65	183	247	7.05e-39	124
MDA9609295.1	QIZ20510.1	82.456	171	30	0	1	171	264	434	2.49e-105	304
MDA9609296.1	QIZ20500.1	86.423	383	52	0	1	383	1	383	0.0	709
MDA9609297.1	QIZ20499.1	79.457	258	53	0	1	258	1	258	3.54e-152	420
MDA9609298.1	QIZ20498.1	62.547	267	95	3	1	266	1	263	5.13e-110	314
MDA9609299.1	QIZ20497.1	89.286	252	27	0	1	252	1	252	2.90e-156	430
MDA9609300.1	QIZ20496.1	94.898	196	10	0	1	196	1	196	1.86e-121	337
MDA9609301.1	QIZ20495.1	85.772	492	70	0	1	492	40	531	0.0	913
MDA9609302.1	QIZ21020.1	92.784	97	7	0	1	97	40	136	7.64e-63	182
MDA9609303.1	QIZ21019.1	72.197	446	120	1	1	442	10	455	0.0	658
MDA9609304.1	QIZ21018.1	87.805	328	40	0	1	328	1	328	0.0	593
MDA9609305.1	QIZ21017.1	59.868	152	61	0	1	152	1	152	5.21e-54	163
MDA9609306.1	QIZ21016.1	58.517	499	207	0	16	514	19	517	0.0	548
MDA9609307.1	QIZ21015.1	88.451	355	41	0	1	355	1	355	0.0	641
MDA9609308.1	QIZ21033.1	86.103	331	44	1	1	331	45	373	0.0	561
MDA9609309.1	QIZ21034.1	79.377	257	53	0	1	257	1	257	2.47e-154	426
MDA9609310.1	QIZ21035.1	81.000	200	38	0	18	217	18	217	4.72e-126	351
MDA9609311.1	QIZ21036.1	70.874	309	89	1	1	309	1	308	2.62e-160	445
MDA9609312.1	QIZ21037.1	45.833	192	96	3	4	188	2	192	1.43e-44	142
MDA9609313.1	QIZ21038.1	52.632	152	70	2	1	152	1	150	4.34e-43	136
MDA9609314.1	QIZ21187.1	76.712	73	17	0	1	73	1	73	7.87e-34	111
MDA9609315.1	QIZ21188.1	83.716	479	57	2	1	479	1	458	0.0	741
MDA9609316.1	QIZ21189.1	79.002	481	99	1	1	479	1	481	0.0	726
MDA9609317.1	QIZ21190.1	86.571	350	47	0	1	350	6	355	0.0	631
MDA9609318.1	QIZ21027.1	73.188	138	37	0	1	138	1	138	8.09e-74	214
MDA9609319.1	QIZ21028.1	60.490	286	113	0	1	286	1	286	7.23e-113	323
MDA9609320.1	QIZ21029.1	61.198	384	148	1	1	384	1	383	7.15e-161	452
MDA9609321.1	QIZ21030.1	68.878	196	61	0	3	198	5	200	5.63e-92	263
MDA9609322.1	QIZ21031.1	73.953	215	48	4	1	214	1	208	2.02e-104	296
MDA9609323.1	QIZ21032.1	97.183	71	2	0	1	71	1	71	3.49e-44	145
MDA9609324.1	QIZ21140.1	68.775	253	79	0	20	272	20	272	9.84e-135	377
MDA9609325.1	QIZ21139.1	62.116	293	111	0	1	293	1	293	3.47e-122	348
MDA9609326.1	QIZ21138.1	81.034	58	11	0	1	58	2	59	7.02e-31	97.8
MDA9609327.1	QIZ21137.1	73.529	442	117	0	1	442	1	442	0.0	642
MDA9609328.1	QIZ21136.1	96.970	99	3	0	1	99	355	453	1.57e-62	192
MDA9609329.1	QIZ20746.1	84.804	204	31	0	1	204	682	885	1.80e-125	370
MDA9609331.1	QIZ21401.1	34.161	161	96	1	4	164	8	158	7.62e-30	109
MDA9609332.1	QIZ20456.1	89.035	228	25	0	1	228	1	228	1.25e-153	430
MDA9609333.1	QIZ20457.1	88.889	81	9	0	1	81	1	81	1.04e-41	127
MDA9609334.1	QIZ20458.1	81.849	292	53	0	1	292	260	551	0.0	512
MDA9609335.1	QIZ20458.1	86.853	251	33	0	1	251	1	251	6.78e-163	458
MDA9609336.1	QIZ20459.1	72.727	198	54	0	18	215	51	248	1.01e-92	267
MDA9609337.1	QIZ20190.1	72.727	88	24	0	1	88	273	360	1.34e-41	135
MDA9609338.1	QIZ20355.1	33.096	281	176	2	11	285	3	277	5.40e-37	129
MDA9609339.1	QIZ21214.1	36.154	260	163	3	29	286	29	287	1.54e-40	138
MDA9609340.1	QIZ20189.1	92.537	268	20	0	2	269	232	499	7.09e-174	485
MDA9609341.1	QIZ20301.1	87.805	246	30	0	1	246	240	485	5.95e-163	456
MDA9609342.1	QIZ20302.1	93.686	491	31	0	1	491	1	491	0.0	924
MDA9609343.1	QIZ20303.1	84.906	212	32	0	1	212	1	212	1.07e-132	367
MDA9609345.1	QIZ21046.1	72.043	279	78	0	2	280	4	282	4.34e-147	409
MDA9609346.1	QIZ21047.1	85.606	264	38	0	1	264	1	264	4.57e-169	463
MDA9609347.1	QIZ21048.1	59.906	212	85	0	3	214	2	213	4.12e-93	267
MDA9609348.1	QIZ21049.1	91.667	96	8	0	1	96	528	623	4.79e-58	183
MDA9609352.1	QIZ21010.1	96.935	522	16	0	2	523	169	690	0.0	1024
MDA9609354.1	QIZ21008.1	95.370	108	5	0	1	108	154	261	1.42e-74	217
