MDC3039425.1	QIZ20733.1	55.517	290	129	0	1	290	1	290	1.78e-112	322
MDC3039426.1	QIZ21126.1	75.434	403	97	1	1	403	1	401	0.0	561
MDC3039427.1	QIZ21127.1	66.482	361	119	1	1	361	1	359	1.15e-168	470
MDC3039428.1	QIZ21128.1	84.136	353	56	0	1	353	1	353	0.0	614
MDC3039429.1	QIZ21129.1	78.711	512	107	2	1	511	1	511	0.0	853
MDC3039430.1	QIZ21130.1	86.585	246	32	1	1	246	42	286	1.45e-149	414
MDC3039431.1	QIZ21131.1	87.234	282	36	0	1	282	1	282	0.0	503
MDC3039432.1	QIZ21132.1	69.859	355	107	0	1	355	1	355	0.0	508
MDC3039433.1	QIZ21133.1	74.790	357	90	0	1	357	1	357	0.0	563
MDC3039436.1	QIZ20732.1	82.547	424	74	0	1	424	1	424	0.0	736
MDC3039437.1	QIZ20731.1	80.153	131	26	0	11	141	1	131	1.97e-79	226
MDC3039440.1	QIZ20729.1	84.167	120	19	0	1	120	1	120	5.17e-76	216
MDC3039441.1	QIZ20728.1	67.208	308	99	1	1	306	1	308	1.44e-146	410
MDC3039442.1	QIZ20727.1	59.233	417	165	2	19	430	15	431	4.70e-167	472
MDC3039443.1	QIZ20726.1	88.767	365	39	1	5	369	21	383	0.0	662
MDC3039444.1	QIZ20725.1	74.212	888	229	0	1	888	1	888	0.0	1363
MDC3039445.1	QIZ20724.1	88.614	404	46	0	1	404	1	404	0.0	761
MDC3039446.1	QIZ20723.1	77.209	215	49	0	1	215	1	215	3.27e-129	358
MDC3039447.1	QIZ20722.1	66.790	271	82	3	1	267	1	267	6.46e-125	352
MDC3039448.1	QIZ20721.1	78.073	301	66	0	1	301	1	301	9.27e-179	491
MDC3039449.1	QIZ20720.1	74.877	203	51	0	1	203	1	203	1.19e-111	313
MDC3039450.1	QIZ20719.1	80.168	358	71	0	1	358	1	358	0.0	566
MDC3039451.1	QIZ20718.1	53.793	145	67	0	1	145	1	145	4.62e-50	152
MDC3039452.1	QIZ20717.1	79.846	521	103	2	1	519	1	521	0.0	836
MDC3039453.1	QIZ20715.1	64.981	257	90	0	1	257	1	257	4.18e-123	347
MDC3039454.1	QIZ21434.1	87.424	493	62	0	1	493	1	493	0.0	911
MDC3039455.1	QIZ21435.1	65.769	260	89	0	1	260	1	260	8.53e-126	353
MDC3039456.1	QIZ21436.1	94.872	195	10	0	1	195	1	195	4.65e-137	377
MDC3039457.1	QIZ21437.1	91.495	388	33	0	1	388	1	388	0.0	762
MDC3039458.1	QIZ21438.1	68.826	247	77	0	1	247	1	247	1.55e-126	354
MDC3039459.1	QIZ21439.1	78.866	388	82	0	1	388	1	388	0.0	660
MDC3039460.1	QIZ21440.1	85.515	359	51	1	2	359	4	362	0.0	642
MDC3039461.1	QIZ21441.1	76.374	364	82	3	13	375	13	373	0.0	572
MDC3039462.1	QIZ21442.1	71.014	414	120	0	4	417	2	415	0.0	630
MDC3039463.1	QIZ21443.1	87.676	284	35	0	1	284	1	284	3.37e-173	476
MDC3039464.1	QIZ21444.1	84.865	740	112	0	1	740	1	740	0.0	1304
MDC3039465.1	QIZ21445.1	70.561	214	63	0	1	214	1	214	8.48e-115	322
MDC3039466.1	QIZ21446.1	60.526	228	85	1	18	240	18	245	8.07e-95	274
MDC3039467.1	QIZ21447.1	91.195	318	28	0	1	318	1	318	0.0	609
MDC3039468.1	QIZ21448.1	74.059	478	124	0	1	478	1	478	0.0	740
MDC3039469.1	QIZ21449.1	73.008	389	105	0	5	393	8	396	0.0	607
MDC3039470.1	QIZ21450.1	88.496	113	13	0	1	113	1	113	6.33e-74	211
MDC3039471.1	QIZ21451.1	54.592	196	89	0	1	196	1	196	1.50e-76	224
MDC3039472.1	QIZ21452.1	84.589	889	137	0	1	889	1	889	0.0	1573
MDC3039473.1	QIZ21453.1	54.673	214	97	0	1	214	1	214	2.81e-66	199
MDC3039474.1	QIZ21454.1	45.933	418	224	2	17	434	18	433	3.84e-122	358
MDC3039475.1	QIZ21455.1	92.254	142	11	0	1	142	1	142	3.48e-97	271
MDC3039476.1	QIZ21456.1	57.471	348	147	1	5	351	3	350	1.71e-134	383
MDC3039477.1	QIZ21457.1	74.101	139	36	0	1	139	1	139	2.17e-78	224
MDC3039478.1	QIZ21458.1	69.345	473	145	0	18	490	1	473	0.0	692
MDC3039479.1	QIZ21459.1	54.787	376	169	1	1	375	1	376	4.05e-154	435
MDC3039480.1	QIZ21460.1	81.179	441	83	0	1	441	1	441	0.0	765
MDC3039481.1	QIZ21461.1	89.593	442	46	0	1	442	1	442	0.0	773
MDC3039482.1	QIZ21462.1	76.037	217	52	0	11	227	11	227	1.06e-128	358
MDC3039483.1	QIZ21463.1	77.551	294	66	0	1	294	1	294	4.22e-167	461
MDC3039486.1	QIZ21419.1	27.304	293	190	7	9	293	17	294	1.66e-22	90.5
MDC3039487.1	QIZ21422.1	33.831	201	124	3	5	203	27	220	7.86e-34	118
MDC3039488.1	QIZ21426.1	30.000	250	158	4	7	239	5	254	1.09e-30	110
MDC3039491.1	QIZ21464.1	75.000	76	17	1	1	76	1	74	3.27e-40	122
MDC3039492.1	QIZ21465.1	91.202	466	41	0	1	466	1	466	0.0	875
MDC3039493.1	QIZ21466.1	94.017	117	7	0	22	138	17	133	7.83e-83	235
MDC3039494.1	QIZ21467.1	94.541	458	25	0	15	472	17	474	0.0	910
MDC3039495.1	QIZ21468.1	90.845	284	26	0	1	284	1	284	0.0	535
MDC3039496.1	QIZ21469.1	90.764	314	29	0	1	314	1	314	0.0	600
MDC3039497.1	QIZ21470.1	84.049	489	78	0	1	489	1	489	0.0	889
MDC3039498.1	QIZ21471.1	85.909	440	62	0	9	448	3	442	0.0	810
MDC3039499.1	QIZ21472.1	77.477	111	25	0	6	116	5	115	2.81e-62	181
MDC3039500.1	QIZ21473.1	61.874	779	293	1	1	779	1	775	0.0	1031
MDC3039501.1	QIZ21474.1	90.476	315	28	2	1	314	1	314	0.0	587
MDC3039502.1	QIZ21475.1	62.329	146	55	0	1	146	1	146	4.22e-60	179
MDC3039503.1	QIZ21476.1	75.200	125	30	1	1	125	1	124	6.20e-66	191
MDC3039504.1	QIZ21477.1	71.038	183	53	0	1	183	1	183	5.89e-85	244
MDC3039505.1	QIZ21478.1	87.755	343	41	1	1	342	1	343	0.0	619
MDC3039506.1	QIZ21479.1	87.169	717	92	0	1	717	1	717	0.0	1271
MDC3039507.1	QIZ21009.1	80.488	123	24	0	1	123	1	123	1.26e-73	211
MDC3039508.1	QIZ21480.1	82.167	443	79	0	1	443	1	443	0.0	786
MDC3039509.1	QIZ21481.1	46.939	343	156	6	1	319	1	341	2.29e-96	284
MDC3039510.1	QIZ21485.1	84.375	64	10	0	1	64	498	561	6.05e-35	119
MDC3039512.1	QIZ20980.1	83.475	236	36	3	50	282	69	304	9.23e-140	392
MDC3039513.1	QIZ20981.1	56.559	587	225	9	1	577	1	567	0.0	603
MDC3039514.1	QIZ20982.1	67.172	198	65	0	1	198	1	198	8.47e-95	270
MDC3039515.1	QIZ20983.1	46.358	151	79	2	5	154	4	153	7.11e-39	125
MDC3039516.1	QIZ20984.1	84.971	173	26	0	2	174	5	177	1.10e-100	283
MDC3039517.1	QIZ20985.1	86.022	186	26	0	4	189	3	188	7.52e-123	340
MDC3039518.1	QIZ20986.1	64.055	217	78	0	1	217	1	217	2.00e-108	306
MDC3039519.1	QIZ20987.1	77.612	67	15	0	1	67	1	67	2.46e-25	84.7
MDC3039520.1	QIZ20988.1	57.310	171	71	1	1	169	1	171	6.45e-71	207
MDC3039521.1	QIZ20989.1	76.940	451	104	0	1	451	1	451	0.0	716
MDC3039522.1	QIZ20990.1	66.584	404	135	0	1	404	1	404	0.0	549
MDC3039523.1	QIZ20991.1	67.382	233	76	0	1	233	1	233	6.67e-111	314
MDC3039524.1	QIZ20992.1	85.135	370	55	0	1	370	1	370	0.0	648
MDC3039525.1	QIZ20993.1	80.973	473	87	3	1	473	1	470	0.0	769
MDC3039526.1	QIZ20994.1	82.558	86	15	0	1	86	1	86	2.10e-45	136
MDC3039527.1	QIZ20995.1	67.133	286	94	0	1	286	1	286	2.64e-128	362
MDC3039528.1	QIZ20996.1	77.778	234	52	0	1	234	1	234	7.44e-139	384
MDC3039529.1	QIZ20997.1	84.100	522	83	0	1	522	1	522	0.0	887
MDC3039530.1	QIZ20998.1	71.820	401	113	0	1	401	1	401	0.0	598
MDC3039531.1	QIZ20999.1	80.000	145	29	0	1	145	1	145	9.45e-85	240
MDC3039532.1	QIZ21000.1	69.200	250	77	0	1	250	1	250	3.65e-125	351
MDC3039533.1	QIZ21001.1	61.268	142	53	1	8	149	9	148	9.49e-62	182
MDC3039535.1	QIZ20329.1	60.309	194	75	2	4	196	20	212	3.63e-89	256
MDC3039537.1	QIZ21005.1	65.625	128	44	0	3	130	7	134	5.87e-62	182
MDC3039538.1	QIZ21006.1	87.349	166	21	0	1	166	1	166	1.34e-108	302
MDC3039539.1	QIZ21007.1	92.060	403	32	0	1	403	1	403	0.0	782
MDC3039540.1	QIZ21008.1	94.636	261	14	0	1	261	1	261	0.0	510
MDC3039541.1	QIZ21010.1	91.304	690	60	0	1	690	1	690	0.0	1290
MDC3039542.1	QIZ21011.1	84.146	82	13	0	1	82	1	82	4.30e-46	138
MDC3039543.1	QIZ21012.1	83.607	122	20	0	1	122	1	122	1.14e-72	208
MDC3039544.1	QIZ21013.1	77.973	740	157	3	1	738	1	736	0.0	1149
MDC3039545.1	QIZ21014.1	89.811	530	54	0	1	530	1	530	0.0	942
MDC3039546.1	QIZ21015.1	86.889	389	51	0	1	389	1	389	0.0	692
MDC3039547.1	QIZ21016.1	55.533	497	220	1	16	511	19	515	6.14e-180	511
MDC3039548.1	QIZ21017.1	64.474	152	54	0	1	152	1	152	8.46e-60	178
MDC3039549.1	QIZ21018.1	87.654	324	40	0	7	330	7	330	0.0	589
MDC3039550.1	QIZ21019.1	71.525	446	123	1	1	442	10	455	0.0	657
MDC3039551.1	QIZ21020.1	83.571	140	17	1	1	140	1	134	1.09e-82	235
MDC3039552.1	QIZ21021.1	67.188	128	42	0	18	145	1	128	6.02e-60	177
MDC3039553.1	QIZ21022.1	64.013	314	112	1	2	315	20	332	2.60e-149	418
MDC3039555.1	QIZ21023.1	76.667	180	41	1	1	179	1	180	1.38e-100	283
MDC3039556.1	QIZ21024.1	75.976	333	80	0	1	333	1	333	0.0	529
MDC3039557.1	QIZ21025.1	70.923	509	147	1	1	509	1	508	0.0	707
MDC3039558.1	QIZ21026.1	82.263	327	58	0	1	327	434	760	0.0	556
MDC3039559.1	QIZ21027.1	74.112	197	51	0	1	197	1	197	4.75e-112	313
MDC3039560.1	QIZ21028.1	62.369	287	104	1	4	286	1	287	4.27e-127	359
MDC3039561.1	QIZ21029.1	59.115	384	156	1	1	384	1	383	5.12e-159	447
MDC3039562.1	QIZ21030.1	65.816	196	67	0	3	198	5	200	3.11e-84	243
MDC3039563.1	QIZ21031.1	69.072	194	58	1	20	213	18	209	7.27e-91	261
MDC3039564.1	QIZ21032.1	89.841	630	61	2	1	629	1	628	0.0	1148
MDC3039565.1	QIZ21033.1	82.620	374	64	1	1	374	1	373	0.0	627
MDC3039566.1	QIZ21034.1	76.744	258	60	0	1	258	1	258	2.13e-147	408
MDC3039567.1	QIZ21035.1	76.884	199	46	0	18	216	18	216	4.05e-117	328
MDC3039568.1	QIZ21036.1	70.130	308	92	0	1	308	1	308	3.95e-164	454
MDC3039569.1	QIZ21037.1	39.583	192	107	3	3	185	1	192	3.00e-35	118
MDC3039570.1	QIZ21038.1	51.220	82	40	0	1	82	1	82	1.35e-21	78.6
MDC3039571.1	QIZ20626.1	74.490	98	25	0	1	98	1	98	1.54e-52	155
MDC3039572.1	QIZ20625.1	84.545	110	17	0	1	110	1	110	4.08e-70	201
MDC3039574.1	QIZ20624.1	84.582	467	72	0	1	467	1	467	0.0	846
MDC3039575.1	QIZ20623.1	69.811	159	48	0	1	159	1	159	3.43e-74	215
MDC3039576.1	QIZ20622.1	83.390	295	49	0	1	295	1	295	3.19e-170	469
MDC3039577.1	QIZ20621.1	77.152	302	69	0	4	305	1	302	2.00e-168	465
MDC3039578.1	QIZ20620.1	67.347	196	64	0	1	196	1	196	2.88e-87	251
MDC3039579.1	QIZ20619.1	65.041	246	86	0	1	246	1	246	6.89e-88	256
MDC3039580.1	QIZ20618.1	83.735	166	27	0	1	166	1	166	2.81e-96	271
MDC3039581.1	QIZ20617.1	80.247	81	16	0	1	81	1	81	5.34e-49	145
MDC3039582.1	QIZ20616.1	86.166	506	70	0	4	509	76	581	0.0	913
MDC3039583.1	QIZ20615.1	64.815	108	38	0	14	121	1	108	1.24e-52	157
MDC3039584.1	QIZ20614.1	58.730	189	78	0	1	189	1	189	6.10e-76	222
MDC3039585.1	QIZ20613.1	73.090	301	77	2	1	297	1	301	2.26e-167	462
MDC3039587.1	QIZ20607.1	52.294	109	46	4	1	104	1	108	3.40e-31	102
MDC3039588.1	QIZ20416.1	30.357	224	146	4	1	222	1	216	4.51e-30	108
MDC3039594.1	QIZ20501.1	48.742	318	160	2	6	320	3	320	9.21e-100	292
MDC3039596.1	QIZ20606.1	79.332	479	99	0	1	479	1	479	0.0	819
MDC3039597.1	QIZ21401.1	24.904	522	327	15	64	557	51	535	1.08e-27	113
MDC3039599.1	QIZ20599.1	62.000	300	114	0	1	300	1	300	4.29e-146	408
MDC3039600.1	QIZ20591.1	51.971	279	134	0	1	279	1	279	4.55e-104	300
MDC3039602.1	QIZ20587.1	72.340	235	65	0	1	235	1	235	2.12e-122	343
MDC3039603.1	QIZ20586.1	91.146	192	17	0	1	192	1	192	4.47e-131	362
MDC3039604.1	QIZ20585.1	70.115	261	78	0	8	268	8	268	3.62e-142	395
MDC3039605.1	QIZ20579.1	65.455	110	38	0	1	110	1	110	5.72e-44	135
MDC3039606.1	QIZ20580.1	61.644	73	28	0	1	73	1	73	5.81e-30	96.7
MDC3039607.1	QIZ20577.1	70.755	106	31	0	1	106	1	106	6.39e-55	162
MDC3039608.1	QIZ20570.1	54.348	138	62	1	1	138	1	137	9.36e-54	161
MDC3039609.1	QIZ20571.1	61.702	94	36	0	11	104	3	96	1.07e-40	125
MDC3039611.1	QIZ20573.1	64.211	95	34	0	1	95	1	95	1.88e-44	135
MDC3039612.1	QIZ20576.1	47.423	97	48	2	1	95	1	96	1.98e-23	82.0
MDC3039613.1	QIZ20574.1	71.154	104	30	0	17	120	17	120	1.70e-54	162
MDC3039614.1	QIZ20569.1	82.883	333	57	0	1	333	1	333	0.0	566
MDC3039615.1	QIZ20568.1	80.423	189	37	0	1	189	1	189	8.50e-113	315
MDC3039616.1	QIZ20567.1	93.284	134	9	0	1	134	1	134	5.12e-97	271
MDC3039617.1	QIZ20554.1	66.332	199	67	0	1	199	1	199	1.55e-84	244
MDC3039625.1	QIZ20247.1	82.443	131	23	0	1	131	1	131	2.61e-77	221
MDC3039626.1	QIZ20246.1	84.337	249	39	0	1	249	1	249	8.23e-160	439
MDC3039627.1	QIZ20245.1	79.358	218	45	0	1	218	1	218	4.77e-130	362
MDC3039628.1	QIZ20244.1	84.766	256	39	0	1	256	1	256	6.02e-171	468
MDC3039629.1	QIZ20243.1	87.674	430	53	0	1	430	1	430	0.0	809
MDC3039630.1	QIZ20242.1	78.077	260	57	0	1	260	1	260	3.95e-158	436
MDC3039631.1	QIZ20241.1	83.117	77	13	0	1	77	1	77	3.08e-44	133
MDC3039632.1	QIZ20240.1	80.176	227	45	0	1	227	1	227	1.63e-138	383
MDC3039633.1	QIZ20239.1	84.658	730	112	0	1	730	1	730	0.0	1303
MDC3039634.1	QIZ20238.1	88.158	76	9	0	1	76	1	76	7.26e-48	142
MDC3039635.1	QIZ20237.1	81.818	110	20	0	1	110	1	110	2.67e-67	194
MDC3039637.1	QIZ20236.1	83.902	205	33	0	1	205	1	205	1.09e-133	369
MDC3039638.1	QIZ20235.1	75.424	236	58	0	1	236	1	236	3.29e-129	360
MDC3039639.1	QIZ20234.1	87.218	532	68	0	1	532	1	532	0.0	985
MDC3039640.1	QIZ20233.1	71.111	450	126	2	2	447	4	453	0.0	679
MDC3039641.1	QIZ20232.1	82.041	245	44	0	1	245	1	245	3.25e-155	427
MDC3039642.1	QIZ20231.1	82.571	459	80	0	1	459	1	459	0.0	818
MDC3039643.1	QIZ20230.1	82.013	606	109	0	1	606	1	606	0.0	1041
MDC3039644.1	QIZ20229.1	78.049	205	45	0	1	205	1	205	6.71e-117	327
MDC3039645.1	QIZ20228.1	77.974	227	50	0	1	227	1	227	9.61e-141	389
MDC3039646.1	QIZ20227.1	85.400	500	73	0	1	500	1	500	0.0	905
MDC3039647.1	QIZ20226.1	91.946	298	24	0	1	298	1	298	0.0	568
MDC3039648.1	QIZ20225.1	85.829	374	53	0	1	374	1	374	0.0	670
MDC3039650.1	QIZ20222.1	88.855	332	37	0	7	338	11	342	0.0	636
MDC3039651.1	QIZ20221.1	89.628	646	66	1	1	646	1	645	0.0	1221
MDC3039652.1	QIZ20220.1	83.264	484	81	0	1	484	1	484	0.0	833
MDC3039654.1	QIZ20207.1	89.062	64	7	0	1	64	1	64	2.52e-38	117
MDC3039655.1	QIZ20205.1	85.921	277	39	0	1	277	1	277	1.49e-146	407
MDC3039656.1	QIZ20204.1	87.500	328	41	0	7	334	1	328	0.0	610
MDC3039657.1	QIZ20203.1	90.745	443	41	0	1	443	1	443	0.0	806
MDC3039658.1	QIZ20202.1	86.420	162	22	0	1	162	1	162	1.98e-101	284
MDC3039659.1	QIZ20201.1	90.476	336	32	0	1	336	1	336	0.0	640
MDC3039660.1	QIZ20200.1	86.579	380	51	0	1	380	1	380	0.0	694
MDC3039661.1	QIZ20199.1	72.159	176	46	2	1	175	1	174	3.08e-84	241
MDC3039662.1	QIZ20198.1	74.490	98	25	0	1	98	305	402	1.37e-46	149
MDC3039663.1	QIZ21518.1	33.333	153	95	3	1	150	1	149	1.10e-22	87.0
MDC3039666.1	QIZ20533.1	65.354	127	44	0	1	127	1	127	2.46e-59	175
MDC3039667.1	QIZ20539.1	79.404	369	76	0	1	369	1	369	0.0	598
MDC3039668.1	QIZ20538.1	93.407	91	6	0	1	91	1	91	4.29e-60	174
MDC3039669.1	QIZ20537.1	64.434	433	154	0	1	433	1	433	0.0	514
MDC3039671.1	QIZ20532.1	59.259	189	77	0	1	189	1	189	3.25e-76	223
MDC3039672.1	QIZ20531.1	59.236	157	64	0	1	157	1	157	3.75e-67	197
MDC3039673.1	QIZ20530.1	73.370	184	49	0	4	187	1	184	6.84e-104	292
MDC3039674.1	QIZ20529.1	62.550	251	93	1	7	257	7	256	1.11e-111	318
MDC3039675.1	QIZ20528.1	77.778	54	12	0	1	54	13	66	1.98e-24	82.0
MDC3039676.1	QIZ20527.1	72.554	368	99	2	4	370	3	369	0.0	554
MDC3039679.1	QIZ20526.1	80.051	391	78	0	1	391	1	391	0.0	658
MDC3039680.1	QIZ20525.1	79.803	406	82	0	1	406	1	406	0.0	629
MDC3039681.1	QIZ20524.1	74.293	389	92	3	1	383	1	387	0.0	542
MDC3039682.1	QIZ20523.1	75.676	185	45	0	1	185	1	185	2.36e-89	255
MDC3039683.1	QIZ20522.1	60.392	255	101	0	1	255	1	255	3.49e-106	303
MDC3039684.1	QIZ20521.1	76.154	130	31	0	1	130	1	130	6.47e-75	214
MDC3039685.1	QIZ20520.1	73.864	264	69	0	1	264	1	264	3.89e-154	426
MDC3039686.1	QIZ20519.1	89.744	156	16	0	1	156	1	156	2.86e-108	301
MDC3039687.1	QIZ20518.1	93.700	619	39	0	1	619	1	619	0.0	1218
MDC3039688.1	QIZ20517.1	75.000	116	29	0	1	116	1	116	1.95e-63	184
MDC3039689.1	QIZ20516.1	88.451	355	41	0	1	355	1	355	0.0	577
MDC3039690.1	QIZ20514.1	81.180	356	67	0	6	361	4	359	0.0	560
MDC3039691.1	QIZ20513.1	94.072	388	23	0	1	388	1	388	0.0	765
MDC3039692.1	QIZ20512.1	86.170	94	13	0	1	94	1	94	4.92e-57	166
MDC3039693.1	QIZ20511.1	94.595	592	32	0	1	592	1	592	0.0	1176
MDC3039696.1	QIZ20805.1	39.713	418	211	8	192	594	1	392	4.67e-86	270
MDC3039698.1	QIZ20510.1	75.346	434	107	0	1	434	1	434	0.0	689
MDC3039699.1	QIZ20498.1	62.687	268	95	2	1	267	1	264	7.94e-110	313
MDC3039700.1	QIZ20497.1	62.745	255	92	1	1	255	1	252	8.30e-109	310
MDC3039701.1	QIZ20496.1	84.021	194	31	0	1	194	1	194	5.09e-105	296
MDC3039702.1	QIZ20495.1	82.420	529	93	0	1	529	1	529	0.0	941
MDC3039703.1	QIZ20489.1	60.165	364	144	1	1	364	1	363	4.29e-165	461
MDC3039704.1	QIZ20488.1	56.701	194	70	2	8	188	15	207	2.24e-64	193
MDC3039705.1	QIZ20642.1	88.923	325	36	0	1	325	121	445	0.0	599
MDC3039706.1	QIZ20643.1	59.794	97	39	0	64	160	36	132	8.08e-43	134
MDC3039707.1	QIZ20644.1	71.667	120	33	1	1	120	1	119	6.90e-61	178
MDC3039708.1	QIZ20645.1	79.710	276	50	2	1	273	1	273	1.62e-161	445
MDC3039709.1	QIZ20646.1	81.450	593	110	0	3	595	2	594	0.0	1030
MDC3039710.1	QIZ20647.1	68.636	220	69	0	1	220	5	224	3.94e-96	275
MDC3039711.1	QIZ20648.1	37.464	347	215	1	7	351	13	359	3.03e-77	237
MDC3039712.1	QIZ20649.1	78.947	342	72	0	1	342	1	342	0.0	515
MDC3039713.1	QIZ20650.1	65.445	191	66	0	1	191	1	191	6.14e-81	234
MDC3039714.1	QIZ20651.1	87.500	136	17	0	1	136	1	136	5.46e-78	223
MDC3039715.1	QIZ20652.1	86.186	485	66	1	1	484	1	485	0.0	843
MDC3039716.1	QIZ20653.1	39.678	373	202	8	1	352	1	371	2.05e-78	241
MDC3039717.1	QIZ20654.1	41.899	358	207	1	2	359	1	357	2.70e-79	243
MDC3039718.1	QIZ20655.1	36.576	812	474	18	1	783	1	800	7.35e-139	426
MDC3039719.1	QIZ20656.1	34.680	297	191	3	10	305	6	300	8.17e-41	140
MDC3039720.1	QIZ20657.1	51.562	320	147	2	1	312	1	320	5.41e-105	305
MDC3039721.1	QIZ20658.1	63.602	261	94	1	2	262	3	262	2.42e-120	340
MDC3039722.1	QIZ20659.1	75.714	210	51	0	1	210	1	210	5.55e-120	335
MDC3039723.1	QIZ20660.1	91.139	79	7	0	1	79	1	79	3.44e-46	138
MDC3039724.1	QIZ20661.1	78.776	245	51	1	1	244	3	247	8.55e-141	390
MDC3039725.1	QIZ20662.1	69.156	308	95	0	1	308	1	308	3.23e-150	419
MDC3039726.1	QIZ20663.1	78.846	104	22	0	1	104	1	104	2.19e-60	177
MDC3039727.1	QIZ20664.1	91.429	70	6	0	21	90	1	70	1.22e-43	132
MDC3039728.1	QIZ20665.1	76.316	152	36	0	1	152	1	152	2.58e-74	214
MDC3039729.1	QIZ20666.1	82.839	472	81	0	1	472	1	472	0.0	825
MDC3039730.1	QIZ20667.1	78.994	795	166	1	1	795	1	794	0.0	1234
MDC3039731.1	QIZ20668.1	68.508	181	57	0	1	181	1	181	1.42e-85	245
MDC3039732.1	QIZ20669.1	86.875	480	63	0	14	493	14	493	0.0	877
MDC3039733.1	QIZ20670.1	73.953	430	112	0	1	430	1	430	0.0	664
MDC3039734.1	QIZ20671.1	71.845	309	86	1	1	308	1	309	1.16e-160	446
MDC3039735.1	QIZ20672.1	81.469	286	53	0	1	286	1	286	6.95e-175	480
MDC3039736.1	QIZ20673.1	85.545	422	61	0	1	422	1	422	0.0	715
MDC3039737.1	QIZ20888.1	33.654	208	128	3	12	212	12	216	2.31e-28	102
MDC3039738.1	QIZ20679.1	78.667	75	16	0	1	75	1	75	1.71e-42	128
MDC3039740.1	QIZ20681.1	92.098	367	29	0	5	371	4	370	0.0	727
MDC3039741.1	QIZ20682.1	85.185	405	60	0	1	405	1	405	0.0	735
MDC3039742.1	QIZ20683.1	78.241	216	47	0	14	229	86	301	4.63e-122	344
MDC3039769.1	QIZ21200.1	26.114	651	376	21	11	617	335	924	4.33e-48	176
MDC3039780.1	QIZ20908.1	40.851	235	130	5	1	227	1	234	2.25e-58	181
MDC3039786.1	QIZ21148.1	87.500	152	19	0	1	152	1	152	2.87e-98	286
MDC3039787.1	QIZ21146.1	77.193	228	52	0	1	228	1	228	7.82e-136	376
MDC3039788.1	QIZ21144.1	90.044	452	45	0	1	452	1	452	0.0	797
MDC3039789.1	QIZ21143.1	65.543	267	92	0	1	267	8	274	1.45e-119	338
MDC3039790.1	QIZ21142.1	81.639	305	56	0	1	305	1	305	0.0	513
MDC3039791.1	QIZ21141.1	63.483	178	64	1	11	187	10	187	1.17e-82	238
MDC3039792.1	QIZ21140.1	68.898	254	79	0	19	272	19	272	7.13e-137	382
MDC3039793.1	QIZ21139.1	75.000	292	73	0	1	292	1	292	2.93e-154	429
MDC3039794.1	QIZ21138.1	72.414	58	16	0	1	58	2	59	2.48e-25	84.0
MDC3039795.1	QIZ21137.1	70.748	441	129	0	1	441	1	441	0.0	621
MDC3039796.1	QIZ21136.1	87.417	453	57	0	1	453	1	453	0.0	775
MDC3039797.1	QIZ21135.1	78.680	197	40	1	1	197	1	195	5.12e-116	323
MDC3039798.1	QIZ21134.1	87.013	385	50	0	1	385	1	385	0.0	693
MDC3039799.1	QIZ21125.1	85.489	317	46	0	1	317	1	317	0.0	561
MDC3039800.1	QIZ21124.1	79.510	449	92	0	1	449	9	457	0.0	750
MDC3039801.1	QIZ21123.1	91.495	388	33	0	1	388	1	388	0.0	726
MDC3039802.1	QIZ21122.1	87.696	382	47	0	1	382	1	382	0.0	716
MDC3039803.1	QIZ21121.1	95.000	380	19	0	5	384	3	382	0.0	758
MDC3039804.1	QIZ21120.1	62.416	149	52	2	7	155	25	169	8.57e-63	186
MDC3039805.1	QIZ21119.1	57.258	124	51	1	1	122	1	124	5.41e-43	133
MDC3039806.1	QIZ21118.1	52.601	173	80	2	1	171	1	173	6.19e-64	190
MDC3039807.1	QIZ21117.1	67.949	624	198	2	1	622	1	624	0.0	795
MDC3039808.1	QIZ21116.1	72.794	136	37	0	1	136	1	136	9.39e-71	204
MDC3039809.1	QIZ21115.1	62.667	75	28	0	1	75	1	75	9.32e-32	101
MDC3039810.1	QIZ21114.1	79.237	236	48	1	1	235	1	236	2.93e-139	385
MDC3039811.1	QIZ21113.1	96.226	106	4	0	1	106	1	106	3.73e-75	213
MDC3039812.1	QIZ21112.1	81.421	183	34	0	1	183	1	183	2.73e-113	316
MDC3039813.1	QIZ21111.1	78.571	112	24	0	1	112	1	112	4.61e-63	183
MDC3039814.1	QIZ21110.1	82.328	232	41	0	1	232	22	253	1.85e-138	384
MDC3039815.1	QIZ21109.1	83.188	345	58	0	1	345	1	345	0.0	610
MDC3039816.1	QIZ21108.1	67.857	168	52	1	1	168	3	168	3.12e-82	236
MDC3039817.1	QIZ21107.1	84.810	395	60	0	1	395	1	395	0.0	700
MDC3039818.1	QIZ21103.1	71.916	381	104	3	1	379	1	380	0.0	568
MDC3039821.1	QIZ21101.1	88.285	239	28	0	1	239	1	239	1.10e-161	442
MDC3039829.1	QIZ20819.1	26.712	438	279	17	5	411	7	433	2.82e-27	112
MDC3039831.1	QIZ20837.1	32.172	488	312	5	71	547	107	586	8.83e-69	228
MDC3039832.1	QIZ21363.1	92.092	607	48	0	1	607	1	607	0.0	1142
MDC3039833.1	QIZ21362.1	76.819	591	137	0	1	591	1	591	0.0	915
MDC3039834.1	QIZ21361.1	75.000	152	38	0	1	152	1	152	1.11e-70	206
MDC3039835.1	QIZ21360.1	83.377	385	63	1	1	384	1	385	0.0	664
MDC3039836.1	QIZ21359.1	87.430	1074	135	0	1	1074	1	1074	0.0	1942
MDC3039837.1	QIZ21319.1	87.671	219	27	0	1	219	1	219	4.38e-149	409
MDC3039838.1	QIZ21318.1	80.573	314	61	0	1	314	1	314	0.0	509
MDC3039839.1	QIZ21317.1	91.401	314	27	0	1	314	1	314	0.0	604
MDC3039840.1	QIZ21537.1	66.879	314	101	2	1	312	1	313	9.41e-141	396
MDC3039841.1	QIZ21314.1	74.121	398	99	1	1	394	1	398	0.0	623
MDC3039842.1	QIZ21313.1	86.657	712	95	0	1	712	1	712	0.0	1313
MDC3039843.1	QIZ21312.1	79.200	250	52	0	1	250	1	250	1.59e-143	397
MDC3039844.1	QIZ21310.1	86.525	141	19	0	1	141	1	141	2.22e-84	239
MDC3039845.1	QIZ21309.1	76.923	611	141	0	1	611	1	611	0.0	1001
MDC3039846.1	QIZ21308.1	89.637	193	20	0	1	193	1	193	8.16e-126	348
MDC3039847.1	QIZ21307.1	85.172	290	43	0	1	290	1	290	0.0	532
MDC3039848.1	QIZ21306.1	76.552	145	34	0	1	145	1	145	2.99e-76	219
MDC3039849.1	QIZ21305.1	75.152	165	41	0	1	165	1	165	4.94e-87	250
MDC3039850.1	QIZ20300.1	85.484	62	9	0	1	62	1	62	1.32e-32	103
MDC3039851.1	QIZ20299.1	73.510	151	40	0	1	151	1	151	6.75e-79	226
MDC3039852.1	QIZ20298.1	91.374	313	27	0	1	313	1	313	0.0	600
MDC3039853.1	QIZ20742.1	27.981	411	259	11	28	422	25	414	1.48e-41	148
MDC3039854.1	QIZ20297.1	71.875	192	53	1	1	192	1	191	1.24e-93	266
MDC3039855.1	QIZ20296.1	82.746	852	145	1	1	850	1	852	0.0	1438
MDC3039856.1	QIZ20294.1	75.817	153	37	0	1	153	1	153	4.10e-86	244
MDC3039857.1	QIZ20293.1	77.262	431	98	0	1	431	1	431	0.0	659
MDC3039858.1	QIZ20292.1	78.967	271	57	0	1	271	1	271	1.62e-148	412
MDC3039859.1	QIZ20291.1	53.676	272	123	3	1	271	11	280	5.07e-86	254
MDC3039860.1	QIZ20290.1	88.184	457	54	0	1	457	1	457	0.0	826
MDC3039861.1	QIZ20289.1	66.990	206	67	1	1	205	1	206	2.33e-99	282
MDC3039862.1	QIZ20288.1	73.267	303	81	0	1	303	1	303	4.55e-165	456
MDC3039863.1	QIZ20287.1	85.714	147	19	1	1	147	1	145	7.61e-87	246
MDC3039864.1	QIZ20286.1	92.690	342	25	0	1	342	1	342	0.0	644
MDC3039865.1	QIZ20285.1	89.333	150	15	1	1	149	1	150	2.39e-76	219
MDC3039866.1	QIZ20284.1	91.339	127	11	0	1	127	1	127	1.29e-85	241
MDC3039867.1	QIZ20283.1	50.235	213	80	1	1	187	1	213	5.22e-66	197
MDC3039868.1	QIZ20282.1	88.498	426	49	0	1	426	1	426	0.0	773
MDC3039869.1	QIZ20281.1	76.316	152	33	2	3	151	2	153	3.70e-67	196
MDC3039870.1	QIZ20280.1	86.471	170	23	0	1	170	1	170	1.61e-104	292
MDC3039871.1	QIZ20279.1	77.119	118	27	0	1	118	1	118	1.59e-62	182
MDC3039872.1	QIZ20278.1	81.006	179	34	0	1	179	1	179	5.26e-103	289
MDC3039873.1	QIZ20277.1	82.443	131	23	0	1	131	1	131	9.91e-80	226
MDC3039874.1	QIZ20276.1	80.198	101	20	0	1	101	1	101	3.12e-58	170
MDC3039875.1	QIZ20275.1	80.435	184	36	0	1	184	1	184	2.44e-112	313
MDC3039876.1	QIZ20274.1	84.286	70	11	0	1	70	1	70	2.67e-37	115
MDC3039877.1	QIZ20273.1	94.262	122	7	0	1	122	1	122	9.28e-82	231
MDC3039878.1	QIZ20272.1	83.333	78	13	0	1	78	1	78	1.32e-36	114
MDC3039879.1	QIZ20271.1	79.365	63	13	0	1	63	1	63	4.72e-30	96.3
MDC3039880.1	QIZ20270.1	88.235	136	16	0	1	136	1	136	4.52e-89	251
MDC3039881.1	QIZ20269.1	93.333	225	15	0	1	225	1	225	9.88e-159	434
MDC3039882.1	QIZ20268.1	81.818	132	24	0	1	132	1	132	1.69e-77	221
MDC3039883.1	QIZ20267.1	88.506	87	10	0	1	87	1	87	1.98e-56	165
MDC3039884.1	QIZ20266.1	87.770	278	33	1	1	277	1	278	1.46e-173	476
MDC3039885.1	QIZ20265.1	81.443	97	18	0	1	97	1	97	1.32e-54	160
MDC3039886.1	QIZ20264.1	87.923	207	25	0	1	207	1	207	6.65e-133	367
MDC3039887.1	QIZ20263.1	85.903	227	32	0	1	227	1	227	1.90e-144	399
MDC3039888.1	QIZ20262.1	94.118	102	6	0	1	102	1	102	1.68e-68	196
MDC3039889.1	QIZ20261.1	91.474	692	59	0	1	692	1	692	0.0	1325
MDC3039890.1	QIZ20260.1	93.396	106	7	0	1	106	51	156	3.54e-73	210
MDC3039891.1	QIZ21220.1	80.320	625	123	0	53	677	67	691	0.0	1050
MDC3039893.1	QIZ21219.1	65.347	101	35	0	1	101	1	101	7.87e-48	144
MDC3039894.1	QIZ21218.1	90.826	436	40	0	1	436	1	436	0.0	798
MDC3039895.1	QIZ21217.1	86.441	177	24	0	1	177	1	177	4.17e-118	327
MDC3039896.1	QIZ20953.1	46.491	228	105	4	2	227	3	215	6.22e-58	183
MDC3039897.1	QIZ21216.1	63.918	97	35	0	3	99	2	98	5.38e-47	141
MDC3039898.1	QIZ21215.1	80.095	211	42	0	1	211	1	211	4.00e-124	345
MDC3039899.1	QIZ21214.1	75.850	294	71	0	1	294	1	294	1.78e-161	447
MDC3039900.1	QIZ21213.1	77.551	147	33	0	1	147	1	147	1.03e-86	246
MDC3039901.1	QIZ21212.1	61.852	270	102	1	1	270	1	269	2.70e-124	350
MDC3039902.1	QIZ21211.1	54.325	289	132	0	1	289	1	289	2.27e-108	312
MDC3039903.1	QIZ21210.1	78.922	1039	219	0	1	1039	1	1039	0.0	1619
MDC3039904.1	QIZ21209.1	79.688	192	39	0	9	200	8	199	7.57e-115	321
MDC3039905.1	QIZ21208.1	50.413	121	58	2	9	128	6	125	2.70e-34	111
MDC3039906.1	QIZ21207.1	67.227	238	77	1	1	237	1	238	5.40e-120	337
MDC3039907.1	QIZ21206.1	55.752	226	99	1	1	225	1	226	4.81e-84	245
MDC3039908.1	QIZ21205.1	56.623	302	130	1	9	309	9	310	1.27e-109	317
MDC3039909.1	QIZ21204.1	46.259	147	77	2	1	146	1	146	1.65e-43	136
MDC3039910.1	QIZ21203.1	90.187	428	42	0	1	428	1	428	0.0	791
MDC3039911.1	QIZ21202.1	69.066	514	154	3	1	512	1	511	0.0	664
MDC3039912.1	QIZ21201.1	90.213	235	23	0	1	235	1	235	2.30e-158	434
MDC3039913.1	QIZ21200.1	81.514	925	170	1	1	925	1	924	0.0	1548
MDC3039914.1	QIZ21198.1	64.481	183	65	0	1	183	1	183	8.88e-83	238
MDC3039915.1	QIZ21197.1	88.525	183	21	0	5	187	5	187	4.73e-119	330
MDC3039916.1	QIZ21196.1	78.680	394	82	1	1	394	1	392	0.0	650
MDC3039917.1	QIZ21195.1	88.473	347	40	0	1	347	1	347	0.0	628
MDC3039918.1	QIZ21194.1	86.567	201	27	0	1	201	1	201	2.47e-131	367
MDC3039919.1	QIZ20367.1	68.421	76	24	0	1	76	315	390	5.07e-33	112
MDC3039920.1	QIZ20368.1	60.588	170	66	1	1	169	1	170	6.07e-72	210
MDC3039921.1	QIZ20369.1	61.328	256	98	1	1	256	3	257	1.36e-113	322
MDC3039922.1	QIZ20353.1	79.673	428	87	0	1	428	1	428	0.0	649
MDC3039924.1	QIZ20351.1	71.091	339	98	0	1	339	1	339	1.09e-178	494
MDC3039925.1	QIZ20350.1	80.292	137	27	0	9	145	13	149	6.53e-84	238
MDC3039926.1	QIZ20349.1	79.739	153	30	1	1	152	1	153	1.80e-93	263
MDC3039927.1	QIZ20348.1	83.710	442	72	0	1	442	1	442	0.0	762
MDC3039928.1	QIZ20347.1	51.376	327	155	3	12	336	12	336	1.63e-96	285
MDC3039929.1	QIZ20346.1	63.542	96	35	0	1	96	1	96	5.06e-37	116
MDC3039930.1	QIZ20345.1	92.063	63	5	0	1	63	1	63	8.94e-38	115
MDC3039931.1	QIZ20344.1	58.065	124	51	1	1	123	2	125	1.81e-43	134
MDC3039932.1	QIZ20343.1	72.165	97	27	0	2	98	3	99	2.33e-46	140
MDC3039933.1	QIZ20342.1	78.078	333	73	0	1	333	1	333	0.0	526
MDC3039934.1	QIZ20341.1	86.667	60	8	0	1	60	1	60	3.17e-37	114
MDC3039935.1	QIZ20340.1	59.155	142	57	1	12	153	12	152	2.67e-44	139
MDC3039936.1	QIZ20339.1	57.971	138	58	0	13	150	15	152	1.15e-56	170
MDC3039937.1	QIZ20338.1	91.155	701	62	0	1	701	1	701	0.0	1243
MDC3039938.1	QIZ20337.1	59.875	319	128	0	1	319	1	319	4.57e-126	359
MDC3039939.1	QIZ20336.1	65.414	133	46	0	1	133	1	133	6.34e-62	182
MDC3039940.1	QIZ20335.1	79.688	128	26	0	1	128	1	128	9.94e-73	209
MDC3039941.1	QIZ20334.1	89.891	366	37	0	1	366	1	366	0.0	632
MDC3039942.1	QIZ20333.1	80.711	197	38	0	1	197	1	197	9.82e-116	323
MDC3039944.1	QIZ20332.1	92.763	152	11	0	1	152	1	152	2.93e-104	290
MDC3039945.1	QIZ20331.1	91.494	435	37	0	1	435	1	435	0.0	832
MDC3039946.1	QIZ20330.1	78.014	141	31	0	1	141	1	141	5.43e-78	223
MDC3039947.1	QIZ20329.1	83.568	213	34	1	1	212	1	213	7.30e-139	383
MDC3039948.1	QIZ20328.1	76.220	328	78	0	1	328	1	328	0.0	530
MDC3039949.1	QIZ20327.1	63.111	225	83	0	1	225	1	225	9.22e-99	282
MDC3039950.1	QIZ20326.1	67.273	220	72	0	1	220	1	220	2.17e-109	309
MDC3039951.1	QIZ20325.1	75.410	244	60	0	1	244	1	244	1.25e-142	395
MDC3039952.1	QIZ20324.1	62.205	127	48	0	1	127	1	127	1.30e-51	155
MDC3039953.1	QIZ20323.1	65.678	236	81	0	1	236	1	236	6.11e-105	299
MDC3039954.1	QIZ20322.1	82.051	195	35	0	1	195	1	195	9.10e-109	305
MDC3039955.1	QIZ20321.1	74.834	453	110	1	1	449	133	585	0.0	712
MDC3039957.1	QIZ21403.1	87.647	340	41	1	1	340	1	339	0.0	622
MDC3039958.1	QIZ21402.1	80.220	182	36	0	1	182	1	182	2.48e-107	300
MDC3039959.1	QIZ21401.1	85.034	588	88	0	1	588	1	588	0.0	1041
MDC3039960.1	QIZ21400.1	62.542	299	112	0	1	299	1	299	8.09e-114	327
MDC3039961.1	QIZ21399.1	75.966	466	105	3	8	467	7	471	0.0	681
MDC3039962.1	QIZ21398.1	75.410	61	15	0	1	61	1	61	2.75e-31	99.4
MDC3039963.1	QIZ21397.1	86.159	289	40	0	1	289	1	289	0.0	497
MDC3039964.1	QIZ21396.1	83.696	368	57	2	1	367	1	366	0.0	595
MDC3039965.1	QIZ21395.1	86.861	274	36	0	1	274	1	274	3.47e-177	485
MDC3039966.1	QIZ21388.1	86.032	315	44	0	1	315	1	315	0.0	582
MDC3039969.1	QIZ20746.1	84.312	886	139	0	1	886	1	886	0.0	1559
MDC3039970.1	QIZ20747.1	61.953	686	261	0	1	686	1	686	0.0	858
MDC3039971.1	QIZ20748.1	85.666	293	42	0	9	301	1	293	0.0	536
MDC3039972.1	QIZ20749.1	84.328	268	42	0	1	268	1	268	8.07e-154	425
MDC3039973.1	QIZ20750.1	79.228	337	70	0	1	337	1	337	0.0	546
MDC3039974.1	QIZ20751.1	74.519	208	53	0	1	208	1	208	2.55e-117	328
MDC3039975.1	QIZ20752.1	89.855	69	7	0	1	69	1	69	3.29e-43	138
MDC3039976.1	QIZ21501.1	76.623	539	126	0	1	539	12	550	0.0	864
MDC3039977.1	QIZ21502.1	58.128	203	85	0	1	203	1	203	2.49e-86	249
MDC3039979.1	QIZ21503.1	87.222	180	23	0	1	180	1	180	1.17e-115	322
MDC3039980.1	QIZ21504.1	89.823	452	46	0	1	452	1	452	0.0	867
MDC3039981.1	QIZ21505.1	83.471	242	40	0	16	257	1	242	4.92e-153	422
MDC3039982.1	QIZ21506.1	68.844	398	124	0	1	398	1	398	0.0	610
MDC3039984.1	QIZ21507.1	76.119	134	32	0	1	134	1	134	1.81e-77	221
MDC3039985.1	QIZ21508.1	90.323	124	12	0	1	124	1	124	3.22e-86	243
MDC3039986.1	QIZ21509.1	86.328	256	35	0	2	257	6	261	2.90e-163	448
MDC3039987.1	QIZ21482.1	63.492	63	20	2	3	63	2	63	2.12e-23	79.3
MDC3039988.1	QIZ21510.1	52.308	130	62	0	3	132	9	138	8.25e-47	144
MDC3039990.1	QIZ21511.1	70.899	189	55	0	1	189	1	189	4.77e-106	298
MDC3039991.1	QIZ21512.1	60.432	139	55	0	19	157	28	166	1.02e-56	171
MDC3039992.1	QIZ21513.1	88.148	810	96	0	1	810	1	810	0.0	1491
MDC3039993.1	QIZ21514.1	84.739	249	38	0	1	249	1	249	4.92e-158	434
MDC3039994.1	QIZ21515.1	81.073	317	60	0	1	317	1	317	0.0	550
MDC3039995.1	QIZ21516.1	90.741	108	10	0	1	108	1	108	2.48e-67	207
MDC3039996.1	QIZ21079.1	77.885	104	23	0	7	110	14	117	1.05e-50	163
MDC3039998.1	QIZ21080.1	82.192	219	39	0	1	219	1	219	2.39e-130	362
MDC3039999.1	QIZ21081.1	82.203	118	21	0	1	118	1	118	2.46e-73	209
MDC3040000.1	QIZ21082.1	87.542	602	75	0	1	602	1	602	0.0	1039
MDC3040001.1	QIZ21083.1	74.419	86	22	0	1	86	1	86	9.84e-47	140
MDC3040002.1	QIZ21084.1	71.717	99	28	0	1	99	1	99	5.89e-51	155
MDC3040003.1	QIZ21084.1	72.222	108	30	0	2	109	100	207	4.28e-51	156
MDC3040004.1	QIZ21086.1	82.482	137	24	0	1	137	1	137	1.87e-83	236
MDC3040005.1	QIZ21088.1	77.591	357	79	1	1	356	1	357	0.0	578
MDC3040006.1	QIZ21089.1	63.844	307	110	1	1	306	1	307	1.59e-137	387
MDC3040007.1	QIZ21090.1	64.224	232	83	0	1	232	1	232	3.80e-112	317
MDC3040008.1	QIZ21091.1	83.934	361	58	0	1	361	1	361	0.0	573
MDC3040009.1	QIZ21092.1	84.375	96	15	0	1	96	1	96	5.15e-56	164
MDC3040010.1	QIZ21093.1	86.429	280	38	0	1	280	1	280	0.0	496
MDC3040013.1	QIZ21095.1	71.429	336	96	0	17	352	27	362	0.0	504
MDC3040014.1	QIZ21096.1	88.136	236	28	0	1	236	1	236	2.92e-157	431
MDC3040015.1	QIZ20851.1	29.080	337	199	11	1	329	1	305	1.57e-29	111
MDC3040016.1	QIZ20217.1	77.455	448	100	1	1	448	1	447	0.0	736
MDC3040017.1	QIZ20545.1	86.486	370	50	0	1	370	1	370	0.0	628
MDC3040018.1	QIZ20546.1	82.366	448	79	0	1	448	1	448	0.0	777
MDC3040019.1	QIZ20547.1	81.210	314	58	1	1	313	1	314	0.0	525
MDC3040020.1	QIZ20548.1	91.667	264	22	0	1	264	1	264	0.0	498
MDC3040021.1	QIZ20549.1	71.963	642	174	2	1	641	1	637	0.0	962
MDC3040023.1	QIZ20953.1	37.751	249	135	5	2	248	3	233	5.62e-49	159
MDC3040024.1	QIZ20793.1	68.858	289	89	1	3	290	2	290	1.28e-143	401
MDC3040025.1	QIZ20550.1	78.144	334	72	1	1	333	1	334	0.0	509
MDC3040026.1	QIZ20552.1	86.139	303	42	0	1	303	1	303	0.0	530
MDC3040027.1	QIZ20553.1	87.738	367	45	0	1	367	1	367	0.0	663
MDC3040029.1	QIZ21364.1	67.188	192	61	2	3	192	4	195	2.35e-89	256
MDC3040030.1	QIZ21365.1	66.538	260	87	0	2	261	1	260	9.26e-135	376
MDC3040031.1	QIZ21366.1	56.962	237	98	2	8	241	8	243	1.15e-87	256
MDC3040032.1	QIZ21367.1	87.333	150	19	0	1	150	1	150	1.58e-98	276
MDC3040033.1	QIZ21368.1	76.295	502	102	5	1	492	1	495	0.0	680
MDC3040034.1	QIZ21369.1	65.774	336	115	0	1	336	1	336	2.17e-161	450
MDC3040035.1	QIZ21370.1	48.077	104	52	2	1	104	1	102	6.99e-22	78.6
MDC3040036.1	QIZ21371.1	65.125	562	187	4	1	558	3	559	0.0	748
MDC3040037.1	QIZ21372.1	54.661	944	425	2	6	949	1	941	0.0	948
MDC3040039.1	QIZ21373.1	52.744	328	145	4	8	326	8	334	1.24e-100	298
MDC3040040.1	QIZ20491.1	30.000	280	193	3	27	303	64	343	6.67e-39	139
MDC3040041.1	QIZ21483.1	82.078	385	69	0	3	387	2	386	0.0	669
MDC3040042.1	QIZ21484.1	64.504	262	93	0	1	262	1	262	1.49e-125	353
MDC3040050.1	QIZ20851.1	31.962	316	188	10	1	309	1	296	1.42e-36	130
MDC3040051.1	QIZ20957.1	31.047	277	156	8	1	254	1	265	4.30e-28	105
MDC3040052.1	QIZ21591.1	80.571	175	34	0	1	175	1	175	4.12e-98	276
MDC3040055.1	QIZ20707.1	62.874	167	58	1	2	168	1	163	3.35e-70	205
MDC3040056.1	QIZ20714.1	81.863	204	36	1	1	203	1	204	2.45e-117	328
MDC3040057.1	QIZ21433.1	69.825	285	86	0	1	285	1	285	1.80e-144	403
MDC3040058.1	QIZ21432.1	90.176	397	35	2	1	393	1	397	0.0	686
MDC3040061.1	QIZ21429.1	84.650	443	68	0	14	456	1	443	0.0	737
MDC3040062.1	QIZ21428.1	91.369	336	29	0	1	336	1	336	0.0	620
MDC3040063.1	QIZ21427.1	87.660	235	29	0	1	235	1	235	3.73e-146	403
MDC3040064.1	QIZ21426.1	86.434	258	35	0	3	260	5	262	1.48e-166	457
MDC3040067.1	QIZ21416.1	84.694	98	15	0	1	98	1	98	2.07e-58	170
MDC3040068.1	QIZ21415.1	82.143	84	15	0	1	84	1	84	3.62e-52	153
MDC3040069.1	QIZ21414.1	82.114	123	21	1	1	122	1	123	2.26e-74	213
MDC3040070.1	QIZ21413.1	79.798	297	60	0	1	297	1	297	0.0	497
MDC3040071.1	QIZ21412.1	84.821	112	17	0	1	112	205	316	1.89e-67	201
MDC3040072.1	QIZ21265.1	41.958	143	82	1	1	142	312	454	3.72e-40	135
MDC3040073.1	QIZ21266.1	50.943	159	78	0	1	159	1	159	2.66e-61	182
MDC3040075.1	QIZ21267.1	60.714	140	55	0	1	140	1	140	9.31e-56	167
MDC3040076.1	QIZ21268.1	63.665	322	116	1	1	321	1	322	6.35e-143	402
MDC3040077.1	QIZ21269.1	76.115	314	74	1	1	313	1	314	0.0	499
MDC3040078.1	QIZ21270.1	59.486	311	126	0	1	311	1	311	1.35e-123	352
MDC3040079.1	QIZ21271.1	71.469	354	101	0	1	354	1	354	0.0	507
MDC3040080.1	QIZ21272.1	65.018	283	99	0	1	283	1	283	2.33e-121	344
MDC3040081.1	QIZ21273.1	82.922	486	82	1	1	486	1	485	0.0	840
MDC3040082.1	QIZ21274.1	77.576	165	37	0	1	165	4	168	2.27e-88	251
MDC3040083.1	QIZ21275.1	70.455	176	52	0	20	195	4	179	5.20e-86	247
MDC3040084.1	QIZ21276.1	100.000	75	0	0	1	75	1	75	1.79e-46	138
MDC3040085.1	QIZ21277.1	91.393	244	21	0	1	244	1	244	9.91e-166	453
MDC3040086.1	QIZ21278.1	82.418	91	16	0	1	91	1	91	2.69e-50	149
MDC3040087.1	QIZ21279.1	79.826	575	116	0	1	575	283	857	0.0	911
MDC3040088.1	QIZ20257.1	89.286	1008	106	2	1	1006	1	1008	0.0	1870
MDC3040089.1	QIZ20256.1	85.124	121	18	0	1	121	1	121	6.31e-58	171
MDC3040090.1	QIZ20255.1	80.120	166	33	0	1	166	1	166	3.65e-97	274
MDC3040091.1	QIZ20254.1	76.419	229	54	0	1	229	1	229	2.40e-129	360
MDC3040092.1	QIZ20253.1	84.173	139	22	0	5	143	3	141	3.14e-85	241
MDC3040093.1	QIZ20252.1	91.477	176	15	0	1	176	1	176	4.74e-119	330
MDC3040094.1	QIZ20251.1	92.063	63	5	0	1	63	1	63	3.36e-38	116
MDC3040095.1	QIZ20250.1	90.404	396	38	0	1	396	1	396	0.0	719
MDC3040096.1	QIZ20249.1	76.735	245	57	0	1	245	1	245	5.69e-145	401
MDC3040098.1	QIZ20248.1	66.142	254	86	0	2	255	3	256	1.02e-112	320
MDC3040100.1	QIZ21299.1	90.476	252	24	0	6	257	59	310	4.27e-167	460
MDC3040101.1	QIZ21298.1	64.854	239	68	3	1	237	1	225	2.00e-96	277
MDC3040102.1	QIZ21297.1	81.183	186	35	0	1	186	1	186	2.26e-110	308
MDC3040103.1	QIZ21296.1	85.154	357	53	0	1	357	1	357	0.0	638
MDC3040104.1	QIZ21295.1	80.309	259	51	0	1	259	1	259	3.19e-149	413
MDC3040105.1	QIZ21294.1	92.326	417	32	0	1	417	1	417	0.0	776
MDC3040106.1	QIZ21293.1	85.207	169	25	0	1	169	1	169	8.23e-106	296
MDC3040107.1	QIZ21292.1	75.333	150	37	0	7	156	2	151	5.25e-83	237
MDC3040108.1	QIZ21291.1	72.628	274	75	0	1	274	1	274	2.62e-150	417
MDC3040109.1	QIZ21290.1	85.443	158	23	0	1	158	1	158	8.30e-97	272
MDC3040110.1	QIZ21289.1	59.005	422	173	0	1	422	1	422	8.74e-180	504
MDC3040111.1	QIZ21288.1	53.737	281	130	0	1	281	1	281	2.04e-99	288
MDC3040112.1	QIZ21287.1	69.595	148	45	0	1	148	414	561	2.24e-72	222
MDC3040113.1	QIZ20414.1	77.483	755	169	1	1	754	121	875	0.0	1228
MDC3040114.1	QIZ20413.1	91.259	572	50	0	1	572	1	572	0.0	1088
MDC3040115.1	QIZ20412.1	76.060	401	96	0	1	401	1	401	0.0	610
MDC3040117.1	QIZ20579.1	49.524	105	53	0	7	111	5	109	1.12e-30	101
MDC3040121.1	QIZ21256.1	80.519	77	15	0	1	77	144	220	4.68e-34	111
MDC3040122.1	QIZ21254.1	79.747	79	16	0	1	79	1	79	1.42e-45	136
MDC3040123.1	QIZ21253.1	81.227	277	51	1	2	277	3	279	1.54e-169	466
MDC3040124.1	QIZ21252.1	82.353	323	57	0	1	323	1	323	0.0	564
MDC3040125.1	QIZ21251.1	82.090	134	24	0	1	134	1	134	7.32e-86	242
MDC3040126.1	QIZ21250.1	62.937	286	106	0	1	286	1	286	2.09e-134	377
MDC3040127.1	QIZ21249.1	61.658	579	217	1	6	584	5	578	0.0	733
MDC3040128.1	QIZ21248.1	46.715	411	217	2	1	410	1	410	9.67e-110	325
MDC3040129.1	QIZ21247.1	46.645	313	162	2	1	311	1	310	6.39e-89	264
MDC3040130.1	QIZ21246.1	59.926	272	109	0	1	272	1	272	6.24e-112	320
MDC3040131.1	QIZ20974.1	88.389	844	97	1	1	843	1	844	0.0	1581
MDC3040132.1	QIZ20975.1	66.497	394	128	1	1	390	1	394	0.0	559
MDC3040133.1	QIZ20976.1	76.596	141	33	0	1	141	1	141	8.49e-83	235
MDC3040134.1	QIZ20977.1	78.723	799	170	0	1	799	3	801	0.0	1299
MDC3040136.1	QIZ20978.1	75.000	52	13	0	1	52	74	125	3.03e-25	85.9
MDC3040137.1	QIZ20871.1	74.676	695	165	3	1	684	39	733	0.0	1103
MDC3040138.1	QIZ20872.1	85.714	203	29	0	1	203	1	203	9.19e-130	359
MDC3040139.1	QIZ20873.1	78.095	105	23	0	1	105	1	105	1.00e-56	166
MDC3040140.1	QIZ20874.1	71.123	561	147	4	1	550	1	557	0.0	770
MDC3040141.1	QIZ20875.1	78.623	276	59	0	1	276	1	276	1.22e-166	458
MDC3040142.1	QIZ20876.1	63.786	243	88	0	2	244	3	245	7.79e-104	297
MDC3040143.1	QIZ20877.1	70.166	181	51	2	1	180	11	189	1.31e-94	268
MDC3040144.1	QIZ20878.1	76.531	98	23	0	1	98	212	309	2.58e-50	156
MDC3040145.1	QIZ21177.1	80.399	301	59	0	1	301	115	415	9.73e-172	478
MDC3040146.1	QIZ21176.1	68.786	173	54	0	1	173	8	180	7.84e-81	233
MDC3040147.1	QIZ21175.1	83.621	116	19	0	1	116	1	116	6.00e-68	196
MDC3040148.1	QIZ21174.1	83.008	359	61	0	20	378	21	379	0.0	607
MDC3040149.1	QIZ21173.1	73.248	157	42	0	1	157	1	157	1.63e-86	246
MDC3040150.1	QIZ21172.1	77.692	130	29	0	1	130	1	130	1.30e-71	206
MDC3040151.1	QIZ21171.1	94.280	472	27	0	1	472	1	472	0.0	910
MDC3040152.1	QIZ21170.1	87.586	145	17	1	1	144	147	291	2.21e-89	257
MDC3040155.1	QIZ21593.1	84.682	346	53	0	1	346	1	346	0.0	597
MDC3040156.1	QIZ20180.1	79.152	283	51	1	1	275	1	283	1.14e-164	453
MDC3040157.1	QIZ20181.1	87.826	230	28	0	1	230	1	230	4.14e-148	407
MDC3040158.1	QIZ20182.1	86.161	224	31	0	1	224	1	224	5.24e-144	397
MDC3040159.1	QIZ20500.1	80.783	281	54	0	1	281	103	383	6.41e-178	491
MDC3040160.1	QIZ20198.1	78.481	237	50	1	1	236	1	237	6.30e-106	307
MDC3040161.1	QIZ20197.1	86.505	289	39	0	1	289	1	289	0.0	524
MDC3040162.1	QIZ20196.1	65.829	199	68	0	1	199	1	199	5.01e-104	293
MDC3040164.1	QIZ20192.1	82.036	167	30	0	1	167	1	167	5.17e-104	291
MDC3040165.1	QIZ20191.1	73.913	184	48	0	1	184	1	184	1.40e-106	299
MDC3040166.1	QIZ20190.1	72.500	360	99	0	1	360	1	360	0.0	551
MDC3040167.1	QIZ20184.1	68.874	151	47	0	2	152	158	308	1.57e-75	223
MDC3040170.1	QIZ20703.1	77.397	292	62	1	1	288	1	292	1.16e-155	432
MDC3040171.1	QIZ20704.1	54.430	316	142	2	1	314	1	316	1.65e-119	342
MDC3040172.1	QIZ20705.1	61.404	228	84	1	1	224	1	228	4.39e-101	288
MDC3040173.1	QIZ20706.1	75.141	177	44	0	1	177	9	185	6.50e-98	280
MDC3040174.1	QIZ20451.1	77.049	183	42	0	1	183	1	183	9.22e-104	291
MDC3040175.1	QIZ20452.1	75.972	283	68	0	1	283	1	283	2.59e-155	430
MDC3040177.1	QIZ20453.1	79.198	798	166	0	1	798	337	1134	0.0	1316
MDC3040179.1	QIZ20446.1	80.556	144	28	0	6	149	2	145	1.69e-87	248
MDC3040180.1	QIZ20445.1	67.485	326	106	0	1	326	1	326	3.73e-157	438
MDC3040181.1	QIZ20444.1	68.340	259	81	1	1	258	1	259	1.39e-127	358
MDC3040182.1	QIZ21256.1	90.667	75	7	0	1	75	1	75	2.37e-49	150
MDC3040183.1	QIZ21257.1	72.961	233	63	0	1	233	1	233	6.33e-123	344
MDC3040184.1	QIZ21258.1	80.443	271	52	1	1	270	1	271	8.87e-160	441
MDC3040185.1	QIZ21259.1	93.561	528	34	0	1	528	1	528	0.0	964
MDC3040186.1	QIZ20969.1	88.136	59	7	0	1	59	21	79	3.32e-33	114
MDC3040187.1	QIZ20970.1	84.969	479	72	0	1	479	1	479	0.0	837
MDC3040188.1	QIZ20971.1	65.417	240	82	1	1	239	1	240	2.24e-113	322
MDC3040189.1	QIZ20972.1	75.000	156	39	0	1	156	140	295	6.90e-80	234
MDC3040190.1	QIZ20969.1	83.134	1002	169	0	1	1002	397	1398	0.0	1755
MDC3040191.1	QIZ20742.1	80.335	239	47	0	1	239	1	239	1.19e-144	407
MDC3040192.1	QIZ20743.1	74.830	294	74	0	1	294	1	294	2.54e-162	449
MDC3040193.1	QIZ20744.1	88.754	329	37	0	1	329	1	329	0.0	617
MDC3040194.1	QIZ20745.1	76.056	71	17	0	1	71	1	71	1.59e-32	108
MDC3040195.1	QIZ20443.1	55.738	122	51	1	1	122	142	260	3.10e-34	115
MDC3040196.1	QIZ20442.1	70.557	377	111	0	1	377	1	377	0.0	522
MDC3040197.1	QIZ20441.1	80.346	463	91	0	1	463	1	463	0.0	774
MDC3040198.1	QIZ20596.1	30.619	307	185	7	77	370	8	299	5.62e-23	93.2
MDC3040201.1	QIZ20870.1	78.333	360	73	2	2	361	1	355	0.0	576
MDC3040202.1	QIZ20869.1	78.891	559	118	0	1	559	290	848	0.0	917
MDC3040203.1	QIZ20458.1	79.052	401	84	0	1	401	151	551	0.0	688
MDC3040204.1	QIZ20457.1	82.500	80	14	0	1	80	1	80	4.51e-37	115
MDC3040205.1	QIZ20456.1	85.838	346	49	0	1	346	1	346	0.0	628
MDC3040206.1	QIZ21384.1	59.818	550	220	1	1	550	1	549	0.0	657
MDC3040207.1	QIZ21385.1	80.588	170	33	0	1	170	509	678	3.15e-99	296
MDC3040208.1	QIZ20694.1	88.828	367	41	0	1	367	1	367	0.0	664
MDC3040209.1	QIZ20695.1	73.548	155	41	0	1	155	1	155	1.09e-63	188
MDC3040210.1	QIZ20696.1	59.406	101	41	0	3	103	4	104	2.31e-39	127
