MDC6463806.1	QIZ20420.1	94.118	68	4	0	7	74	402	469	4.64e-38	127
MDC6463807.1	QIZ20419.1	99.711	346	1	0	1	346	1	346	0.0	712
MDC6463808.1	QIZ20418.1	96.325	381	14	0	1	381	1	381	0.0	733
MDC6463809.1	QIZ20417.1	96.244	426	16	0	1	426	1	426	0.0	826
MDC6463810.1	QIZ20416.1	97.541	244	6	0	1	244	1	244	7.18e-180	489
MDC6463811.1	QIZ20415.1	95.935	123	5	0	1	123	1	123	6.79e-83	234
MDC6463812.1	QIZ20414.1	94.857	875	45	0	1	875	1	875	0.0	1709
MDC6463813.1	QIZ20413.1	98.776	572	7	0	1	572	1	572	0.0	1160
MDC6463814.1	QIZ20412.1	93.267	401	27	0	1	401	1	401	0.0	728
MDC6463815.1	QIZ20409.1	100.000	72	0	0	1	72	1	72	2.66e-46	137
MDC6463818.1	QIZ20404.1	96.386	332	12	0	1	332	1	332	0.0	648
MDC6463819.1	QIZ20403.1	94.961	258	13	0	1	258	1	258	0.0	506
MDC6463820.1	QIZ20402.1	99.048	105	1	0	1	105	1	105	2.83e-73	208
MDC6463821.1	QIZ20401.1	94.879	371	19	0	1	371	1	371	0.0	691
MDC6463822.1	QIZ20400.1	94.627	577	31	0	1	577	1	577	0.0	1108
MDC6463823.1	QIZ20398.1	90.794	315	29	0	1	315	2	316	0.0	571
MDC6463824.1	QIZ20397.1	97.967	246	5	0	1	246	1	246	5.20e-176	479
MDC6463825.1	QIZ20396.1	94.667	225	12	0	9	233	12	236	7.32e-161	440
MDC6463826.1	QIZ20395.1	94.118	68	2	1	1	66	1	68	1.15e-40	123
MDC6463827.1	QIZ20394.1	94.521	73	4	0	1	73	1	73	2.58e-39	120
MDC6463828.1	QIZ20393.1	96.032	252	10	0	1	252	1	252	3.26e-177	483
MDC6463829.1	QIZ20392.1	93.317	419	28	0	1	419	1	419	0.0	810
MDC6463830.1	QIZ20391.1	98.936	94	1	0	1	94	1	94	1.03e-63	183
MDC6463831.1	QIZ20390.1	93.617	517	33	0	1	517	1	517	0.0	974
MDC6463832.1	QIZ20389.1	95.254	295	14	0	1	295	1	295	0.0	555
MDC6463833.1	QIZ20388.1	96.447	197	7	0	1	197	1	197	4.57e-141	387
MDC6463834.1	QIZ20387.1	98.957	959	10	0	1	959	1	959	0.0	1941
MDC6463835.1	QIZ20386.1	98.039	153	2	1	1	152	1	153	2.11e-109	303
MDC6463836.1	QIZ20385.1	97.291	849	23	0	1	849	1	849	0.0	1659
MDC6463837.1	QIZ20384.1	95.122	164	8	0	1	164	1	164	2.20e-113	314
MDC6463838.1	QIZ20383.1	96.739	184	6	0	1	184	1	184	6.48e-133	365
MDC6463839.1	QIZ20382.1	95.405	370	17	0	1	370	1	370	0.0	734
MDC6463840.1	QIZ20381.1	96.727	275	9	0	1	275	1	275	0.0	560
MDC6463841.1	QIZ20380.1	71.649	194	55	0	24	217	9	202	1.49e-93	268
MDC6463842.1	QIZ20379.1	95.461	683	31	0	1	683	1	683	0.0	1282
MDC6463843.1	QIZ20378.1	89.773	88	9	0	1	88	1	88	2.25e-44	134
MDC6463844.1	QIZ20377.1	95.904	293	12	0	1	293	1	293	0.0	509
MDC6463845.1	QIZ20376.1	91.509	318	27	0	16	333	16	333	0.0	590
MDC6463846.1	QIZ20375.1	89.286	252	27	0	1	252	1	252	1.60e-150	416
MDC6463847.1	QIZ20374.1	94.256	383	22	0	1	383	1	383	0.0	731
MDC6463848.1	QIZ20373.1	91.133	203	18	0	1	203	1	203	1.48e-123	343
MDC6463849.1	QIZ20372.1	90.000	310	31	0	1	310	1	310	0.0	537
MDC6463850.1	QIZ20371.1	91.813	513	42	0	1	513	1	513	0.0	978
MDC6463851.1	QIZ20370.1	90.551	254	24	0	1	254	1	254	3.45e-165	453
MDC6463852.1	QIZ20369.1	87.444	223	28	0	1	223	1	223	8.14e-145	400
MDC6463853.1	QIZ20368.1	91.765	170	14	0	1	170	1	170	1.04e-116	323
MDC6463854.1	QIZ20367.1	95.385	390	18	0	1	390	1	390	0.0	671
MDC6463855.1	QIZ20366.1	72.781	169	44	1	1	169	1	167	1.06e-82	237
MDC6463856.1	QIZ20365.1	97.849	93	2	0	1	93	1	93	1.89e-63	182
MDC6463857.1	QIZ20364.1	77.879	330	73	0	1	330	1	330	0.0	552
MDC6463858.1	QIZ20363.1	90.159	315	31	0	1	315	1	315	0.0	580
MDC6463859.1	QIZ20362.1	83.511	564	93	0	1	564	1	564	0.0	946
MDC6463860.1	QIZ20361.1	58.228	79	33	0	1	79	1	79	2.65e-29	95.9
MDC6463861.1	QIZ20360.1	43.305	702	374	13	1	691	7	695	1.89e-167	493
MDC6463862.1	QIZ20958.1	37.073	205	106	8	35	232	24	212	3.12e-32	113
MDC6463865.1	QIZ20359.1	94.426	305	17	0	1	305	1	305	0.0	593
MDC6463867.1	QIZ20357.1	86.207	145	20	0	1	145	1	145	1.68e-92	260
MDC6463868.1	QIZ20356.1	93.478	92	6	0	1	92	4	95	2.37e-60	175
MDC6463869.1	QIZ20355.1	96.085	281	11	0	1	281	1	281	0.0	538
MDC6463870.1	QIZ20354.1	85.667	300	43	0	1	300	1	300	0.0	516
MDC6463871.1	QIZ20353.1	96.512	430	15	0	1	430	1	430	0.0	822
MDC6463872.1	QIZ20352.1	90.541	74	7	0	1	74	1	74	3.79e-46	137
MDC6463873.1	QIZ20351.1	92.353	340	26	0	1	340	1	340	0.0	632
MDC6463874.1	QIZ20350.1	95.973	149	6	0	1	149	1	149	1.29e-106	296
MDC6463875.1	QIZ20349.1	98.039	153	3	0	1	153	1	153	1.18e-110	306
MDC6463876.1	QIZ20348.1	90.724	442	41	0	1	442	1	442	0.0	814
MDC6463877.1	QIZ20347.1	92.262	336	26	0	1	336	1	336	0.0	577
MDC6463878.1	QIZ20346.1	98.958	96	1	0	1	96	1	96	2.66e-61	177
MDC6463879.1	QIZ20345.1	100.000	63	0	0	1	63	1	63	4.14e-41	124
MDC6463880.1	QIZ20344.1	96.000	125	5	0	1	125	1	125	4.37e-81	229
MDC6463881.1	QIZ20343.1	95.000	100	5	0	1	100	1	100	4.38e-65	187
MDC6463882.1	QIZ20342.1	92.814	334	23	1	1	333	1	334	0.0	628
MDC6463883.1	QIZ20341.1	100.000	60	0	0	1	60	1	60	7.22e-42	125
MDC6463884.1	QIZ20340.1	94.444	144	8	0	12	155	12	155	1.06e-85	244
MDC6463885.1	QIZ20339.1	90.850	153	14	0	1	153	1	153	2.54e-94	265
MDC6463886.1	QIZ20338.1	98.573	701	10	0	1	701	1	701	0.0	1352
MDC6463887.1	QIZ20337.1	90.909	319	29	0	1	319	1	319	0.0	550
MDC6463888.1	QIZ20336.1	98.507	134	2	0	1	134	1	134	6.09e-95	265
MDC6463889.1	QIZ20335.1	96.094	128	5	0	1	128	1	128	1.63e-88	248
MDC6463890.1	QIZ20334.1	98.087	366	7	0	1	366	1	366	0.0	708
MDC6463891.1	QIZ20333.1	95.431	197	9	0	1	197	1	197	1.11e-136	376
MDC6463893.1	QIZ20332.1	98.684	152	2	0	1	152	1	152	8.68e-110	304
MDC6463894.1	QIZ20331.1	97.706	436	10	0	1	436	1	436	0.0	882
MDC6463895.1	QIZ20330.1	93.617	141	9	0	1	141	1	141	4.07e-97	271
MDC6463896.1	QIZ20329.1	89.671	213	22	0	1	213	1	213	4.02e-152	416
MDC6463897.1	QIZ20328.1	95.441	329	15	0	1	329	1	329	0.0	645
MDC6463898.1	QIZ20327.1	95.133	226	11	0	1	226	1	226	4.68e-149	410
MDC6463899.1	QIZ20326.1	94.595	222	12	0	1	222	1	222	1.56e-151	416
MDC6463900.1	QIZ20325.1	95.492	244	11	0	1	244	1	244	1.19e-173	473
MDC6463901.1	QIZ20324.1	94.531	128	7	0	1	128	1	128	4.55e-84	237
MDC6463902.1	QIZ20323.1	92.050	239	19	0	1	239	1	239	1.39e-151	417
MDC6463903.1	QIZ20322.1	96.923	195	6	0	1	195	1	195	1.25e-135	373
MDC6463904.1	QIZ20321.1	87.179	585	71	1	1	581	1	585	0.0	1062
MDC6463905.1	QIZ20320.1	89.017	173	19	0	1	173	1	173	3.32e-107	300
MDC6463906.1	QIZ20319.1	98.077	156	3	0	1	156	1	156	1.36e-111	309
MDC6463907.1	QIZ20318.1	94.198	293	17	0	1	293	1	293	0.0	574
MDC6463908.1	QIZ20317.1	81.954	737	132	1	1	737	1	736	0.0	1253
MDC6463909.1	QIZ20316.1	98.561	417	6	0	1	417	1	417	0.0	855
MDC6463910.1	QIZ20315.1	98.901	91	1	0	1	91	1	91	1.82e-67	192
MDC6463911.1	QIZ20314.1	93.613	1002	64	0	1	1002	1	1002	0.0	1979
MDC6463912.1	QIZ20313.1	90.374	187	18	0	1	187	1	187	8.23e-125	345
MDC6463913.1	QIZ20312.1	95.686	255	11	0	1	255	1	255	3.44e-174	476
MDC6463914.1	QIZ20311.1	97.154	246	7	0	1	246	1	246	3.33e-170	465
MDC6463916.1	QIZ20306.1	93.789	161	10	0	1	161	1	161	2.88e-112	311
MDC6463917.1	QIZ20305.1	95.395	456	21	0	1	456	1	456	0.0	860
MDC6463918.1	QIZ20304.1	92.027	301	24	0	1	301	1	301	0.0	560
MDC6463919.1	QIZ20303.1	93.519	216	14	0	1	216	1	216	2.38e-150	412
MDC6463920.1	QIZ20302.1	96.130	491	19	0	1	491	1	491	0.0	951
MDC6463921.1	QIZ20301.1	97.526	485	12	0	1	485	1	485	0.0	968
MDC6463922.1	QIZ20300.1	93.684	95	6	0	1	95	1	95	1.64e-60	175
MDC6463923.1	QIZ20299.1	98.675	151	2	0	1	151	1	151	2.08e-106	296
MDC6463924.1	QIZ20298.1	98.722	313	4	0	1	313	1	313	0.0	638
MDC6463925.1	QIZ20742.1	25.616	406	277	10	28	423	25	415	4.30e-35	130
MDC6463926.1	QIZ20297.1	95.812	191	8	0	1	191	1	191	8.21e-123	340
MDC6463927.1	QIZ20296.1	97.914	863	18	0	1	863	1	863	0.0	1734
MDC6463928.1	QIZ20295.1	94.000	100	6	0	1	100	1	100	9.98e-61	176
MDC6463929.1	QIZ20294.1	96.732	153	5	0	1	153	1	153	4.46e-108	300
MDC6463930.1	QIZ20293.1	94.907	432	22	0	1	432	1	432	0.0	795
MDC6463931.1	QIZ20292.1	95.941	271	11	0	1	271	1	271	0.0	497
MDC6463932.1	QIZ20291.1	87.500	280	35	0	1	280	1	280	2.46e-174	478
MDC6463933.1	QIZ20290.1	98.687	457	6	0	1	457	1	457	0.0	904
MDC6463934.1	QIZ20289.1	92.718	206	15	0	1	206	1	206	2.98e-138	380
MDC6463935.1	QIZ20288.1	98.684	304	4	0	1	304	1	304	0.0	617
MDC6463936.1	QIZ20287.1	97.931	145	3	0	1	145	1	145	2.07e-103	288
MDC6463937.1	QIZ20286.1	98.538	342	5	0	1	342	1	342	0.0	682
MDC6463938.1	QIZ20285.1	98.667	150	2	0	1	150	1	150	1.80e-107	298
MDC6463939.1	QIZ20284.1	99.213	127	1	0	1	127	1	127	4.54e-91	255
MDC6463940.1	QIZ20283.1	93.897	213	13	0	1	213	1	213	7.04e-151	413
MDC6463941.1	QIZ20282.1	98.122	426	8	0	1	426	1	426	0.0	833
MDC6463942.1	QIZ20281.1	99.346	153	1	0	1	153	1	153	2.37e-106	296
MDC6463943.1	QIZ20280.1	98.235	170	3	0	1	170	1	170	2.31e-121	335
MDC6463944.1	QIZ20279.1	99.153	118	1	0	1	118	1	118	7.21e-82	231
MDC6463945.1	QIZ20278.1	96.089	179	7	0	1	179	1	179	9.81e-123	339
MDC6463946.1	QIZ20277.1	99.237	131	1	0	1	131	1	131	5.57e-94	263
MDC6463947.1	QIZ20276.1	98.020	101	2	0	1	101	1	101	1.55e-70	201
MDC6463948.1	QIZ20275.1	99.457	184	1	0	1	184	1	184	1.12e-133	367
MDC6463949.1	QIZ20274.1	98.780	82	1	0	1	82	1	82	3.00e-52	153
MDC6463950.1	QIZ20273.1	99.180	122	1	0	1	122	1	122	2.52e-85	240
MDC6463951.1	QIZ20272.1	100.000	78	0	0	1	78	1	78	3.16e-53	155
MDC6463952.1	QIZ20271.1	98.413	63	1	0	1	63	1	63	1.62e-39	120
MDC6463953.1	QIZ20270.1	99.265	136	1	0	1	136	1	136	2.83e-98	274
MDC6463954.1	QIZ20269.1	99.558	226	1	0	1	226	1	226	4.83e-168	457
MDC6463955.1	QIZ20268.1	100.000	132	0	0	1	132	1	132	5.43e-94	263
MDC6463956.1	QIZ20267.1	100.000	97	0	0	1	97	1	97	2.41e-67	192
MDC6463957.1	QIZ20266.1	98.577	281	4	0	1	281	1	281	0.0	568
MDC6463958.1	QIZ20265.1	97.938	97	2	0	1	97	1	97	8.86e-65	186
MDC6463959.1	QIZ20264.1	98.068	207	4	0	1	207	1	207	2.29e-145	399
MDC6463960.1	QIZ20263.1	98.305	236	4	0	1	236	1	236	8.93e-171	465
MDC6463961.1	QIZ20262.1	99.020	102	1	0	1	102	1	102	2.94e-71	203
MDC6463962.1	QIZ20261.1	98.410	692	11	0	1	692	1	692	0.0	1415
MDC6463976.1	QIZ20217.1	97.092	447	13	0	1	447	1	447	0.0	896
MDC6463978.1	QIZ20411.1	92.790	319	23	0	1	319	3	321	0.0	604
MDC6463980.1	QIZ20216.1	95.584	317	14	0	1	317	2	318	0.0	619
MDC6463983.1	QIZ20215.1	97.241	145	4	0	1	145	1	145	2.56e-105	292
MDC6463985.1	QIZ20214.1	95.238	294	14	0	1	294	1	294	0.0	510
MDC6463986.1	QIZ21342.1	42.157	102	56	1	1	102	2	100	1.54e-22	80.9
MDC6463987.1	QIZ20213.1	94.915	177	9	0	1	177	1	177	1.40e-111	311
MDC6463989.1	QIZ20212.1	97.531	162	4	0	1	162	1	162	2.62e-120	332
MDC6463990.1	QIZ20211.1	78.351	97	21	0	5	101	1	97	6.26e-55	161
MDC6463991.1	QIZ20210.1	88.783	526	59	0	11	536	11	536	0.0	928
MDC6463992.1	QIZ20208.1	87.121	132	17	0	1	132	1	132	1.47e-78	224
MDC6463993.1	QIZ20205.1	47.328	262	137	1	1	261	16	277	8.93e-59	184
MDC6463994.1	QIZ20204.1	58.104	327	137	0	1	327	1	327	1.05e-148	417
MDC6463995.1	QIZ20199.1	89.714	175	15	1	1	172	1	175	5.15e-109	304
MDC6463996.1	QIZ20198.1	90.050	402	40	0	1	402	1	402	0.0	646
MDC6463997.1	QIZ20197.1	90.210	286	28	0	3	288	4	289	0.0	537
MDC6463998.1	QIZ20196.1	94.472	199	11	0	1	199	1	199	1.28e-143	394
MDC6463999.1	QIZ20192.1	95.808	167	7	0	1	167	1	167	4.96e-119	329
MDC6464000.1	QIZ20191.1	90.217	184	18	0	1	184	1	184	8.79e-127	350
MDC6464001.1	QIZ20190.1	95.000	360	18	0	1	360	1	360	0.0	702
MDC6464002.1	QIZ20189.1	98.000	500	10	0	1	500	1	500	0.0	974
MDC6464003.1	QIZ20188.1	98.718	156	2	0	1	156	1	156	9.53e-110	305
MDC6464004.1	QIZ20187.1	97.853	326	7	0	1	326	1	326	0.0	648
MDC6464005.1	QIZ20185.1	77.247	356	81	0	3	358	2	357	3.78e-178	494
MDC6464006.1	QIZ20184.1	90.968	310	28	0	1	310	1	310	0.0	561
MDC6464007.1	QIZ20183.1	96.124	129	5	0	1	129	1	129	2.27e-86	243
MDC6464008.1	QIZ20182.1	99.107	224	2	0	1	224	1	224	1.84e-161	441
MDC6464009.1	QIZ20181.1	98.696	230	3	0	1	230	1	230	5.31e-165	450
MDC6464010.1	QIZ20180.1	98.587	283	4	0	1	283	1	283	0.0	569
MDC6464011.1	QIZ21593.1	97.977	346	7	0	1	346	1	346	0.0	696
MDC6464015.1	QIZ21591.1	96.571	175	6	0	1	175	1	175	1.66e-124	343
MDC6464016.1	QIZ21542.1	57.333	75	32	0	1	75	1	75	3.98e-27	89.7
MDC6464017.1	QIZ21541.1	92.629	814	60	0	1	814	1	814	0.0	1564
MDC6464019.1	QIZ21513.1	42.066	813	461	7	4	809	1	810	0.0	644
MDC6464020.1	QIZ21540.1	85.034	147	22	0	1	147	1	147	2.56e-92	259
MDC6464021.1	QIZ21539.1	79.429	175	36	0	1	175	6	180	1.24e-89	255
MDC6464023.1	QIZ21538.1	83.966	237	38	0	1	237	1	237	6.56e-137	380
MDC6464024.1	QIZ21537.1	93.671	316	20	0	1	316	1	316	0.0	565
MDC6464026.1	QIZ21536.1	71.111	225	65	0	1	225	1	225	2.47e-122	347
MDC6464028.1	QIZ21534.1	49.038	104	52	1	18	121	18	120	8.83e-33	107
MDC6464029.1	QIZ21214.1	27.758	281	192	3	13	290	8	280	6.92e-28	105
MDC6464030.1	QIZ21533.1	78.431	102	22	0	1	102	1	102	1.70e-57	168
MDC6464031.1	QIZ21532.1	89.655	232	24	0	1	232	1	232	1.23e-136	379
MDC6464032.1	QIZ21531.1	88.636	352	40	0	1	352	1	352	0.0	610
MDC6464033.1	QIZ21530.1	84.358	537	79	2	3	538	4	536	0.0	870
MDC6464034.1	QIZ21527.1	75.516	339	83	0	1	339	1	339	0.0	553
MDC6464035.1	QIZ21526.1	89.157	83	9	0	15	97	15	97	2.22e-52	155
MDC6464036.1	QIZ21525.1	97.882	425	8	1	1	424	1	425	0.0	867
MDC6464038.1	QIZ21524.1	89.916	476	48	0	1	476	1	476	0.0	893
MDC6464039.1	QIZ21523.1	97.288	295	8	0	1	295	1	295	0.0	597
MDC6464040.1	QIZ21522.1	72.372	333	92	0	1	333	1	333	0.0	520
MDC6464041.1	QIZ21521.1	88.614	202	23	0	1	202	1	202	4.98e-141	387
MDC6464042.1	QIZ21520.1	97.419	155	4	0	1	155	1	155	1.19e-114	317
MDC6464043.1	QIZ21519.1	94.355	124	7	0	1	124	1	124	3.32e-87	245
MDC6464044.1	QIZ21344.1	63.121	282	103	1	1	281	1	282	2.25e-125	354
MDC6464045.1	QIZ21518.1	75.710	317	77	0	1	317	1	317	9.75e-179	493
MDC6464046.1	QIZ21517.1	70.833	72	21	0	1	72	1	72	6.43e-33	103
MDC6464047.1	QIZ21516.1	96.846	539	17	0	1	539	1	539	0.0	1090
MDC6464048.1	QIZ21515.1	89.905	317	32	0	1	317	1	317	0.0	596
MDC6464049.1	QIZ21514.1	87.149	249	32	0	1	249	1	249	3.28e-162	445
MDC6464050.1	QIZ21513.1	94.691	810	43	0	1	810	1	810	0.0	1588
MDC6464051.1	QIZ21512.1	73.043	115	31	0	1	115	52	166	2.97e-62	183
MDC6464052.1	QIZ21511.1	86.772	189	25	0	1	189	1	189	1.10e-125	347
MDC6464056.1	QIZ21510.1	51.880	133	64	0	1	133	6	138	5.20e-46	142
MDC6464057.1	QIZ21509.1	95.402	261	12	0	1	261	1	261	0.0	505
MDC6464058.1	QIZ21508.1	97.581	124	3	0	1	124	1	124	1.96e-91	256
MDC6464059.1	QIZ21507.1	73.881	134	35	0	1	134	1	134	2.64e-73	211
MDC6464060.1	QIZ21506.1	73.804	397	104	0	1	397	1	397	0.0	647
MDC6464061.1	QIZ21505.1	97.934	242	5	0	1	242	1	242	2.45e-178	485
MDC6464062.1	QIZ21504.1	97.345	452	12	0	1	452	1	452	0.0	921
MDC6464063.1	QIZ21503.1	97.238	181	5	0	1	181	1	181	1.10e-124	344
MDC6464065.1	QIZ21502.1	96.552	203	7	0	1	203	1	203	1.02e-142	392
MDC6464066.1	QIZ21501.1	97.091	550	16	0	1	550	1	550	0.0	1102
MDC6464067.1	QIZ21500.1	96.904	323	10	0	1	323	1	323	0.0	652
MDC6464068.1	QIZ21499.1	95.092	163	8	0	1	163	1	163	6.77e-112	310
MDC6464069.1	QIZ21498.1	94.253	348	20	0	1	348	1	348	0.0	647
MDC6464070.1	QIZ21497.1	94.839	155	8	0	1	155	1	155	4.64e-108	300
MDC6464071.1	QIZ21496.1	100.000	68	0	0	1	68	1	68	2.29e-47	140
MDC6464072.1	QIZ21495.1	90.476	252	24	0	1	252	1	252	2.55e-175	478
MDC6464073.1	QIZ21494.1	78.261	115	25	0	1	115	1	115	5.46e-68	196
MDC6464074.1	QIZ21493.1	81.855	248	45	0	1	248	1	248	6.35e-143	396
MDC6464075.1	QIZ21492.1	56.164	146	64	0	1	146	1	146	7.32e-57	170
MDC6464076.1	QIZ21491.1	81.553	103	19	0	1	103	1	103	2.51e-46	140
MDC6464077.1	QIZ21490.1	94.346	283	16	0	1	283	1	283	0.0	529
MDC6464078.1	QIZ21489.1	87.179	195	25	0	1	195	1	195	7.71e-127	351
MDC6464079.1	QIZ21488.1	96.693	998	33	0	1	998	1	998	0.0	2007
MDC6464080.1	QIZ21487.1	96.591	88	3	0	1	88	1	88	3.08e-64	184
MDC6464081.1	QIZ21486.1	97.368	418	11	0	1	418	1	418	0.0	853
MDC6464082.1	QIZ21485.1	98.930	561	6	0	1	561	1	561	0.0	1140
MDC6464083.1	QIZ21484.1	92.015	263	21	0	1	263	1	263	0.0	498
MDC6464084.1	QIZ21483.1	92.506	387	29	0	1	387	1	387	0.0	738
MDC6464085.1	QIZ21482.1	96.875	64	2	0	1	64	1	64	1.58e-41	125
MDC6464086.1	QIZ21481.1	94.444	342	19	0	1	342	1	342	0.0	650
MDC6464087.1	QIZ21480.1	93.905	443	27	0	1	443	1	443	0.0	879
MDC6464088.1	QIZ21479.1	90.125	638	63	0	1	638	79	716	0.0	1150
MDC6464089.1	QIZ20869.1	69.072	97	22	3	1	96	759	848	9.10e-36	123
MDC6464090.1	QIZ20870.1	95.380	368	17	0	1	368	1	368	0.0	721
MDC6464091.1	QIZ20871.1	94.247	730	40	1	1	728	4	733	0.0	1436
MDC6464092.1	QIZ20872.1	99.507	203	1	0	1	203	1	203	2.23e-149	409
MDC6464093.1	QIZ20873.1	98.095	105	2	0	1	105	1	105	3.60e-70	200
MDC6464094.1	QIZ20874.1	94.434	557	31	0	1	557	1	557	0.0	1033
MDC6464095.1	QIZ20875.1	94.203	276	16	0	1	276	1	276	0.0	540
MDC6464096.1	QIZ20876.1	89.024	246	27	0	1	246	1	246	5.67e-150	414
MDC6464097.1	QIZ20877.1	88.268	179	21	0	1	179	11	189	1.97e-118	329
MDC6464098.1	QIZ20878.1	95.793	309	13	0	1	309	1	309	0.0	602
MDC6464099.1	QIZ20879.1	94.588	388	21	0	1	388	1	388	0.0	715
MDC6464100.1	QIZ20880.1	94.074	270	16	0	1	270	1	270	2.79e-171	469
MDC6464101.1	QIZ20881.1	95.181	166	8	0	1	166	1	166	3.16e-118	327
MDC6464102.1	QIZ20882.1	96.584	322	11	0	1	322	1	322	0.0	641
MDC6464103.1	QIZ20883.1	97.044	203	6	0	1	203	1	203	1.20e-148	407
MDC6464104.1	QIZ20884.1	95.833	312	13	0	12	323	12	323	0.0	589
MDC6464105.1	QIZ20885.1	89.175	194	21	0	1	194	1	194	3.15e-121	337
MDC6464106.1	QIZ20886.1	97.674	258	6	0	1	258	1	258	0.0	505
MDC6464107.1	QIZ20887.1	92.217	424	33	0	19	442	19	442	0.0	759
MDC6464108.1	QIZ20888.1	96.774	217	7	0	1	217	1	217	8.00e-153	418
MDC6464109.1	QIZ20889.1	98.785	576	7	0	1	576	1	576	0.0	1152
MDC6464110.1	QIZ20890.1	98.947	95	1	0	1	95	1	95	3.45e-66	189
MDC6464111.1	QIZ20891.1	93.013	229	16	0	1	229	2	230	3.07e-158	433
MDC6464112.1	QIZ20892.1	95.215	209	10	0	1	209	1	209	9.64e-146	400
MDC6464113.1	QIZ20893.1	97.317	410	11	0	1	410	1	410	0.0	824
MDC6464114.1	QIZ20894.1	96.604	265	9	0	1	265	1	265	0.0	508
MDC6464115.1	QIZ20895.1	90.260	308	30	0	1	308	1	308	0.0	592
MDC6464116.1	QIZ20896.1	48.122	426	213	6	1	422	1	422	1.74e-140	404
MDC6464117.1	QIZ20897.1	60.748	107	39	2	1	105	1	106	4.86e-44	134
MDC6464118.1	QIZ20898.1	36.059	477	294	7	3	475	4	473	1.51e-99	303
MDC6464119.1	QIZ20908.1	55.022	229	97	3	1	223	1	229	2.93e-80	236
MDC6464121.1	QIZ20920.1	52.402	229	108	1	1	229	1	228	1.51e-78	231
MDC6464122.1	QIZ20921.1	47.429	350	179	3	1	349	1	346	5.78e-113	328
MDC6464123.1	QIZ20922.1	70.664	467	133	3	1	465	1	465	0.0	650
MDC6464124.1	QIZ21496.1	75.385	65	16	0	3	67	2	66	5.04e-32	101
MDC6464125.1	QIZ20923.1	100.000	71	0	0	1	71	1	71	2.42e-50	147
MDC6464126.1	QIZ20924.1	96.495	428	15	0	1	428	1	428	0.0	822
MDC6464127.1	QIZ20925.1	95.420	131	6	0	1	131	1	131	1.72e-88	249
MDC6464128.1	QIZ20926.1	96.163	417	16	0	1	417	1	417	0.0	800
MDC6464129.1	QIZ20927.1	97.838	185	4	0	1	185	1	185	7.96e-134	368
MDC6464130.1	QIZ20928.1	100.000	65	0	0	10	74	1	65	4.74e-43	129
MDC6464131.1	QIZ20929.1	80.335	239	47	0	1	239	1	239	3.72e-143	396
MDC6464132.1	QIZ20930.1	100.000	54	0	0	1	54	1	54	3.72e-33	103
MDC6464133.1	QIZ20931.1	94.737	114	6	0	1	114	1	114	6.07e-72	206
MDC6464134.1	QIZ20932.1	96.386	83	3	0	1	83	1	83	1.22e-56	164
MDC6464135.1	QIZ20933.1	95.878	558	23	0	1	558	1	558	0.0	1101
MDC6464136.1	QIZ20934.1	84.028	288	46	0	1	288	1	288	9.42e-173	475
MDC6464137.1	QIZ20935.1	97.309	223	6	0	1	223	1	223	4.62e-162	442
MDC6464138.1	QIZ20936.1	98.909	275	3	0	1	275	1	275	0.0	559
MDC6464139.1	QIZ20937.1	96.354	384	14	0	1	384	1	384	0.0	750
MDC6464140.1	QIZ21069.1	70.968	62	18	0	1	62	1	62	4.27e-31	99.0
MDC6464141.1	QIZ20939.1	94.822	309	16	0	1	309	1	309	0.0	610
MDC6464142.1	QIZ20940.1	96.855	159	5	0	1	159	1	159	9.63e-114	315
MDC6464143.1	QIZ20941.1	97.154	246	7	0	1	246	1	246	8.59e-178	484
MDC6464144.1	QIZ20942.1	87.097	310	40	0	1	310	1	310	0.0	557
MDC6464145.1	QIZ20943.1	97.674	172	4	0	1	172	1	172	1.30e-122	338
MDC6464146.1	QIZ20944.1	90.444	586	56	0	1	586	1	586	0.0	1044
MDC6464147.1	QIZ20945.1	90.000	170	17	0	1	170	1	170	2.12e-111	310
MDC6464148.1	QIZ20946.1	89.674	368	38	0	1	368	1	368	0.0	635
MDC6464149.1	QIZ20947.1	84.884	86	13	0	1	86	10	95	1.66e-46	139
MDC6464150.1	QIZ20948.1	100.000	175	0	0	1	175	1	175	4.07e-131	360
MDC6464151.1	QIZ20949.1	98.765	324	4	0	1	324	1	324	0.0	668
MDC6464152.1	QIZ20950.1	96.179	602	23	0	1	602	1	602	0.0	1168
MDC6464153.1	QIZ20951.1	91.784	426	35	0	1	426	1	426	0.0	745
MDC6464154.1	QIZ20952.1	98.686	685	9	0	1	685	1	685	0.0	1377
MDC6464156.1	QIZ21461.1	76.517	379	89	0	1	379	61	439	0.0	534
MDC6464157.1	QIZ21460.1	81.859	441	80	0	1	441	1	441	0.0	765
MDC6464158.1	QIZ21459.1	84.737	380	58	0	1	380	1	380	0.0	674
MDC6464159.1	QIZ21458.1	91.121	473	42	0	1	473	1	473	0.0	892
MDC6464160.1	QIZ21457.1	91.367	139	12	0	1	139	1	139	4.06e-95	266
MDC6464161.1	QIZ21456.1	88.352	352	41	0	1	352	1	352	0.0	595
MDC6464162.1	QIZ21455.1	93.571	140	9	0	1	140	1	140	2.96e-97	272
MDC6464163.1	QIZ21454.1	89.952	418	42	0	15	432	16	433	0.0	716
MDC6464164.1	QIZ21453.1	89.252	214	23	0	1	214	1	214	4.02e-114	320
MDC6464165.1	QIZ21452.1	97.075	889	26	0	1	889	1	889	0.0	1778
MDC6464166.1	QIZ21451.1	77.041	196	44	1	1	195	1	196	2.21e-99	281
MDC6464167.1	QIZ21450.1	89.381	113	12	0	1	113	1	113	7.63e-74	210
MDC6464168.1	QIZ21449.1	87.879	396	48	0	1	396	1	396	0.0	734
MDC6464172.1	QIZ20485.1	31.440	493	306	6	6	482	9	485	5.05e-85	266
MDC6464173.1	QIZ21448.1	94.351	478	27	0	1	478	1	478	0.0	917
MDC6464174.1	QIZ21447.1	94.969	318	16	0	1	318	1	318	0.0	632
MDC6464175.1	QIZ21446.1	89.912	228	23	0	18	245	18	245	2.14e-151	417
MDC6464176.1	QIZ21445.1	93.458	214	14	0	1	214	1	214	4.55e-148	406
MDC6464177.1	QIZ21444.1	93.514	740	48	0	1	740	1	740	0.0	1427
MDC6464178.1	QIZ21443.1	96.127	284	11	0	1	284	1	284	0.0	554
MDC6464179.1	QIZ21442.1	84.819	415	63	0	1	415	1	415	0.0	726
MDC6464180.1	QIZ21441.1	95.014	361	18	0	13	373	13	373	0.0	710
MDC6464181.1	QIZ21440.1	97.514	362	9	0	1	362	1	362	0.0	728
MDC6464182.1	QIZ21439.1	81.186	388	73	0	1	388	1	388	0.0	677
MDC6464183.1	QIZ21438.1	83.673	245	40	0	1	245	1	245	3.09e-155	427
MDC6464184.1	QIZ21437.1	94.845	388	20	0	1	388	1	388	0.0	783
MDC6464185.1	QIZ21436.1	95.385	195	9	0	1	195	1	195	3.69e-139	382
MDC6464186.1	QIZ21435.1	78.682	258	55	0	1	258	1	258	3.91e-155	428
MDC6464187.1	QIZ21434.1	92.495	493	37	0	1	493	1	493	0.0	949
MDC6464188.1	QIZ21433.1	50.877	285	140	0	1	285	1	285	7.62e-100	290
MDC6464189.1	QIZ21432.1	94.458	397	19	1	1	394	1	397	0.0	726
MDC6464190.1	QIZ21431.1	86.561	253	34	0	1	253	1	253	1.63e-149	413
MDC6464191.1	QIZ21430.1	92.765	387	28	0	1	387	1	387	0.0	695
MDC6464192.1	QIZ21429.1	94.808	443	23	0	14	456	1	443	0.0	821
MDC6464193.1	QIZ21428.1	95.639	321	14	0	1	321	16	336	0.0	612
MDC6464194.1	QIZ21427.1	95.745	235	10	0	1	235	1	235	3.88e-159	436
MDC6464195.1	QIZ21426.1	95.076	264	13	0	1	264	1	264	0.0	506
MDC6464197.1	QIZ21425.1	86.469	303	41	0	1	303	1	303	0.0	537
MDC6464198.1	QIZ21424.1	88.679	106	12	0	1	106	1	106	2.41e-64	186
MDC6464199.1	QIZ21423.1	97.436	234	6	0	1	234	1	234	3.80e-170	464
MDC6464200.1	QIZ21422.1	95.402	261	12	0	1	261	1	261	0.0	508
MDC6464201.1	QIZ21421.1	96.748	246	8	0	1	246	1	246	8.88e-177	481
MDC6464202.1	QIZ21420.1	95.143	350	17	0	1	350	1	350	0.0	667
MDC6464203.1	QIZ21419.1	96.970	297	9	0	1	297	1	297	0.0	580
MDC6464204.1	QIZ21418.1	96.610	413	14	0	1	413	1	413	0.0	830
MDC6464205.1	QIZ21417.1	95.098	204	10	0	1	204	1	204	1.24e-123	343
MDC6464206.1	QIZ21416.1	97.959	98	2	0	1	98	1	98	1.08e-67	194
MDC6464207.1	QIZ21415.1	85.714	84	12	0	1	84	1	84	1.43e-53	157
MDC6464209.1	QIZ21414.1	95.935	123	5	0	1	123	1	123	5.98e-89	249
MDC6464210.1	QIZ21412.1	94.620	316	17	0	1	316	1	316	0.0	622
MDC6464211.1	QIZ21411.1	93.980	299	18	0	1	299	1	299	0.0	560
MDC6464212.1	QIZ21410.1	94.585	277	15	0	1	277	136	412	0.0	545
MDC6464213.1	QIZ21410.1	97.842	139	3	0	1	139	1	139	9.72e-99	286
MDC6464214.1	QIZ21409.1	94.370	373	21	0	1	373	1	373	0.0	655
MDC6464215.1	QIZ21408.1	78.082	219	47	1	1	219	437	654	4.40e-120	351
MDC6464216.1	QIZ21141.1	65.686	102	35	0	1	102	1	102	2.74e-46	142
MDC6464217.1	QIZ21139.1	92.491	293	22	0	1	293	1	293	0.0	517
MDC6464218.1	QIZ21138.1	88.136	59	7	0	1	59	1	59	4.56e-34	105
MDC6464219.1	QIZ21137.1	85.393	445	65	0	1	445	1	445	0.0	763
MDC6464220.1	QIZ21136.1	97.130	453	13	0	1	453	1	453	0.0	869
MDC6464221.1	QIZ21135.1	93.299	194	13	0	1	194	2	195	3.27e-140	385
MDC6464222.1	QIZ21134.1	92.487	386	28	1	1	386	1	385	0.0	725
MDC6464225.1	QIZ21133.1	90.196	357	35	0	1	357	1	357	0.0	674
MDC6464226.1	QIZ21132.1	97.493	359	9	0	1	359	1	359	0.0	702
MDC6464227.1	QIZ21131.1	99.645	282	1	0	1	282	1	282	0.0	552
MDC6464228.1	QIZ21130.1	98.951	286	3	0	1	286	1	286	0.0	564
MDC6464229.1	QIZ21129.1	98.043	511	10	0	1	511	1	511	0.0	1036
MDC6464230.1	QIZ21128.1	99.433	353	2	0	1	353	1	353	0.0	708
MDC6464231.1	QIZ21127.1	90.000	360	36	0	1	360	1	360	0.0	627
MDC6464232.1	QIZ21126.1	86.173	405	53	1	1	405	1	402	0.0	641
MDC6464233.1	QIZ21125.1	92.744	317	23	0	1	317	1	317	0.0	610
MDC6464236.1	QIZ21124.1	33.492	421	271	6	57	473	41	456	5.36e-74	237
MDC6464237.1	QIZ21123.1	87.306	386	49	0	1	386	1	386	0.0	697
MDC6464238.1	QIZ21122.1	91.906	383	31	0	1	383	1	383	0.0	752
MDC6464239.1	QIZ21120.1	95.858	169	7	0	1	169	1	169	1.32e-105	295
MDC6464240.1	QIZ21119.1	95.238	126	6	0	1	126	1	126	2.90e-75	215
MDC6464241.1	QIZ21118.1	90.751	173	16	0	1	173	1	173	2.08e-115	320
MDC6464242.1	QIZ21117.1	94.880	625	32	0	1	625	1	625	0.0	1117
MDC6464243.1	QIZ21116.1	94.203	138	8	0	1	138	1	138	1.81e-94	265
MDC6464244.1	QIZ21115.1	93.333	75	5	0	1	75	1	75	1.39e-48	144
MDC6464245.1	QIZ21114.1	97.034	236	7	0	1	236	1	236	8.20e-169	460
MDC6464246.1	QIZ21113.1	100.000	106	0	0	1	106	1	106	1.12e-77	219
MDC6464247.1	QIZ21112.1	94.536	183	10	0	1	183	1	183	1.29e-126	349
MDC6464248.1	QIZ21111.1	99.123	114	1	0	1	114	1	114	1.95e-79	224
MDC6464249.1	QIZ21110.1	96.443	253	9	0	1	253	1	253	1.10e-177	484
MDC6464250.1	QIZ21109.1	96.232	345	13	0	1	345	1	345	0.0	696
MDC6464251.1	QIZ21108.1	72.024	168	47	0	1	168	1	168	7.10e-92	260
MDC6464252.1	QIZ21107.1	97.468	395	10	0	1	395	1	395	0.0	789
MDC6464253.1	QIZ21106.1	90.732	205	19	0	1	205	1	205	6.42e-139	382
MDC6464254.1	QIZ21105.1	96.053	152	6	0	1	152	1	152	1.05e-106	296
MDC6464255.1	QIZ21104.1	100.000	126	0	0	1	126	1	126	7.68e-88	247
MDC6464256.1	QIZ21103.1	89.737	380	39	0	1	380	1	380	0.0	710
MDC6464259.1	QIZ21101.1	94.561	239	13	0	1	239	1	239	8.75e-173	471
MDC6464260.1	QIZ21102.1	83.582	201	33	0	1	201	1	201	8.40e-104	293
MDC6464261.1	QIZ21100.1	86.765	136	18	0	1	136	1	136	7.87e-83	235
MDC6464262.1	QIZ21099.1	95.000	40	2	0	1	40	1	40	4.61e-23	77.0
MDC6464263.1	QIZ21097.1	95.758	495	21	0	1	495	1	495	0.0	954
MDC6464264.1	QIZ21096.1	94.915	236	12	0	1	236	1	236	6.38e-167	456
MDC6464265.1	QIZ21095.1	92.541	362	27	0	1	362	1	362	0.0	666
MDC6464268.1	QIZ21094.1	90.571	350	33	0	1	350	1	350	0.0	661
MDC6464269.1	QIZ21093.1	97.865	281	6	0	16	296	1	281	0.0	550
MDC6464270.1	QIZ21092.1	97.917	96	2	0	1	96	1	96	2.42e-63	182
MDC6464271.1	QIZ21091.1	87.258	361	46	0	1	361	1	361	0.0	589
MDC6464272.1	QIZ21090.1	93.534	232	15	0	1	232	1	232	2.98e-162	443
MDC6464273.1	QIZ21089.1	94.137	307	18	0	1	307	1	307	0.0	581
MDC6464274.1	QIZ21088.1	96.919	357	11	0	1	357	1	357	0.0	704
MDC6464275.1	QIZ21086.1	93.939	132	8	0	1	132	6	137	3.74e-91	256
MDC6464276.1	QIZ21085.1	94.704	642	34	0	40	681	39	680	0.0	1269
MDC6464277.1	QIZ21084.1	95.679	162	7	0	1	162	46	207	1.73e-112	313
MDC6464278.1	QIZ20653.1	85.197	304	45	0	1	304	1	304	0.0	511
MDC6464279.1	QIZ20652.1	94.433	485	27	0	1	485	1	485	0.0	926
MDC6464280.1	QIZ20651.1	95.588	136	6	0	1	136	1	136	4.00e-83	236
MDC6464281.1	QIZ20650.1	88.542	192	22	0	1	192	1	192	8.88e-115	320
MDC6464282.1	QIZ20649.1	92.105	342	27	0	1	342	1	342	0.0	604
MDC6464283.1	QIZ20648.1	90.529	359	34	0	1	359	1	359	0.0	622
MDC6464284.1	QIZ20647.1	96.364	220	8	0	1	220	5	224	3.43e-140	387
MDC6464285.1	QIZ20646.1	95.791	594	25	0	1	594	1	594	0.0	1178
MDC6464286.1	QIZ20645.1	94.872	273	14	0	1	273	1	273	0.0	529
MDC6464287.1	QIZ20644.1	94.958	119	6	0	1	119	1	119	6.88e-82	231
MDC6464288.1	QIZ20643.1	80.000	135	24	1	1	135	1	132	7.23e-69	199
MDC6464289.1	QIZ20642.1	97.748	444	10	0	1	444	1	444	0.0	905
MDC6464290.1	QIZ20641.1	92.908	141	10	0	1	141	1	141	6.65e-93	261
MDC6464291.1	QIZ20640.1	93.431	137	9	0	10	146	10	146	9.98e-93	261
MDC6464293.1	QIZ20638.1	98.444	257	4	0	1	257	1	257	0.0	513
MDC6464294.1	QIZ20637.1	94.314	598	34	0	1	598	1	598	0.0	1093
MDC6464296.1	QIZ20863.1	41.975	243	133	5	104	342	104	342	3.59e-54	177
MDC6464297.1	QIZ20636.1	86.986	730	95	0	1	730	1	730	0.0	1174
MDC6464298.1	QIZ20635.1	94.866	409	21	0	1	409	1	409	0.0	768
MDC6464299.1	QIZ20634.1	92.000	375	30	0	1	375	1	375	0.0	695
MDC6464300.1	QIZ20633.1	99.541	218	1	0	1	218	1	218	1.25e-166	453
MDC6464301.1	QIZ20632.1	96.454	141	5	0	1	141	1	141	9.53e-100	278
MDC6464302.1	QIZ20631.1	91.875	480	39	0	1	480	1	480	0.0	925
MDC6464303.1	QIZ20630.1	79.835	243	49	0	1	243	1	243	3.12e-140	389
MDC6464304.1	QIZ20629.1	59.036	415	169	1	1	414	1	415	8.13e-167	470
MDC6464305.1	QIZ20628.1	82.673	404	70	0	1	404	1	404	0.0	730
MDC6464306.1	QIZ20627.1	85.256	156	23	0	1	156	1	156	3.95e-98	275
MDC6464307.1	QIZ20626.1	98.980	98	1	0	1	98	1	98	4.33e-68	194
MDC6464308.1	QIZ20625.1	99.091	110	1	0	1	110	1	110	7.63e-78	220
MDC6464310.1	QIZ20624.1	98.077	468	9	0	1	468	1	468	0.0	960
MDC6464311.1	QIZ20623.1	84.277	159	25	0	1	159	1	159	3.38e-89	253
MDC6464312.1	QIZ20622.1	87.797	295	36	0	1	295	1	295	0.0	498
MDC6464313.1	QIZ20621.1	78.808	302	64	0	1	302	1	302	6.86e-174	479
MDC6464314.1	QIZ20620.1	94.898	196	10	0	1	196	1	196	1.07e-126	350
MDC6464315.1	QIZ20619.1	90.323	248	24	0	1	248	1	248	8.80e-134	373
MDC6464316.1	QIZ20618.1	96.386	166	6	0	1	166	1	166	1.57e-117	325
MDC6464317.1	QIZ20617.1	90.123	81	8	0	1	81	1	81	2.17e-52	154
MDC6464318.1	QIZ20616.1	95.707	559	24	0	23	581	23	581	0.0	1044
MDC6464319.1	QIZ20615.1	97.391	115	3	0	1	115	1	115	5.14e-84	236
MDC6464320.1	QIZ20614.1	95.767	189	8	0	1	189	1	189	3.70e-120	333
MDC6464321.1	QIZ20613.1	91.362	301	26	0	1	301	1	301	0.0	579
MDC6464322.1	QIZ20612.1	90.000	150	15	0	1	150	1	150	1.21e-89	253
MDC6464323.1	QIZ20611.1	80.952	84	16	0	1	84	1	84	8.37e-41	125
MDC6464324.1	QIZ20610.1	91.713	181	15	0	1	181	1	181	9.25e-124	342
MDC6464325.1	QIZ20609.1	91.818	330	27	0	1	330	1	330	0.0	624
MDC6464326.1	QIZ20608.1	83.032	277	47	0	1	277	1	277	1.49e-171	471
MDC6464327.1	QIZ20606.1	88.333	480	56	0	1	480	1	480	0.0	899
MDC6464328.1	QIZ20599.1	77.667	300	67	0	1	300	1	300	0.0	501
MDC6464329.1	QIZ20598.1	78.713	404	86	0	1	404	3	406	0.0	687
MDC6464330.1	QIZ20597.1	82.131	291	51	1	1	291	1	290	0.0	497
MDC6464331.1	QIZ20596.1	74.558	283	72	0	3	285	18	300	1.30e-150	419
MDC6464332.1	QIZ20595.1	74.419	86	22	0	1	86	1	86	4.36e-42	136
MDC6464334.1	QIZ20699.1	96.377	414	15	0	1	414	1	414	0.0	816
MDC6464335.1	QIZ20700.1	99.160	952	8	0	1	952	1	952	0.0	1972
MDC6464336.1	QIZ20701.1	98.413	126	2	0	1	126	1	126	1.29e-89	251
MDC6464337.1	QIZ20702.1	95.380	368	17	0	1	368	1	368	0.0	710
MDC6464338.1	QIZ20703.1	81.145	297	52	1	1	293	1	297	7.44e-164	453
MDC6464339.1	QIZ20704.1	72.871	317	86	0	1	317	1	317	6.29e-169	468
MDC6464340.1	QIZ20705.1	86.842	228	30	0	1	228	1	228	1.21e-149	411
MDC6464341.1	QIZ20706.1	95.331	257	12	0	1	257	9	265	0.0	505
MDC6464342.1	QIZ20707.1	88.957	163	18	0	1	163	1	163	2.07e-106	296
MDC6464343.1	QIZ20714.1	98.529	204	3	0	1	204	1	204	1.15e-140	387
MDC6464344.1	QIZ20715.1	89.105	257	28	0	1	257	1	257	2.70e-172	471
MDC6464345.1	QIZ20716.1	96.241	133	5	0	1	133	7	139	2.54e-97	271
MDC6464346.1	QIZ20717.1	94.242	521	30	0	1	521	1	521	0.0	984
MDC6464347.1	QIZ20718.1	88.276	145	17	0	1	145	1	145	1.56e-90	255
MDC6464348.1	QIZ20719.1	97.486	358	9	0	1	358	1	358	0.0	689
MDC6464349.1	QIZ20720.1	98.522	203	3	0	1	203	1	203	5.47e-145	397
MDC6464350.1	QIZ20721.1	94.702	302	16	0	1	302	1	302	0.0	587
MDC6464351.1	QIZ20722.1	93.633	267	17	0	1	267	1	267	1.11e-173	475
MDC6464352.1	QIZ20723.1	93.953	215	13	0	1	215	1	215	1.34e-154	423
MDC6464353.1	QIZ20724.1	89.851	404	41	0	1	404	1	404	0.0	766
MDC6464354.1	QIZ20725.1	89.426	889	94	0	1	889	1	889	0.0	1628
MDC6464355.1	QIZ20726.1	98.956	383	4	0	1	383	1	383	0.0	766
MDC6464356.1	QIZ20727.1	98.380	432	7	0	1	432	1	432	0.0	834
MDC6464357.1	QIZ20728.1	97.403	308	8	0	1	308	1	308	0.0	608
MDC6464358.1	QIZ20729.1	97.500	120	3	0	1	120	1	120	2.85e-87	245
MDC6464359.1	QIZ20730.1	91.534	189	16	0	1	189	1	189	2.93e-126	349
MDC6464360.1	QIZ20731.1	98.473	131	2	0	1	131	1	131	3.88e-93	260
MDC6464361.1	QIZ20732.1	97.887	426	9	0	1	426	1	426	0.0	853
MDC6464362.1	QIZ20733.1	92.759	290	21	0	1	290	1	290	0.0	521
MDC6464364.1	QIZ20734.1	89.444	180	19	0	1	180	1	180	8.68e-112	311
MDC6464365.1	QIZ20416.1	48.031	254	121	2	8	261	2	244	8.34e-82	241
MDC6464366.1	QIZ20181.1	29.858	211	136	3	15	213	13	223	1.31e-23	90.5
MDC6464367.1	QIZ20311.1	34.545	165	107	1	14	177	40	204	4.34e-25	94.7
MDC6464370.1	QIZ20500.1	26.396	394	269	9	1	384	1	383	2.22e-37	134
MDC6464371.1	QIZ20735.1	56.757	259	108	2	1	259	1	255	3.58e-84	248
MDC6464373.1	QIZ20736.1	85.096	208	31	0	1	208	1	208	2.72e-138	381
MDC6464374.1	QIZ20737.1	92.308	338	26	0	1	338	1	338	0.0	617
MDC6464375.1	QIZ20738.1	93.396	106	7	0	1	106	1	106	3.15e-73	208
MDC6464376.1	QIZ20739.1	86.561	253	34	0	1	253	1	253	6.98e-160	439
MDC6464377.1	QIZ20740.1	93.185	631	43	0	2	632	1	631	0.0	1231
MDC6464378.1	QIZ20741.1	86.364	110	15	0	1	110	1	110	2.14e-64	186
MDC6464379.1	QIZ20742.1	93.750	224	14	0	1	224	211	434	3.90e-161	448
MDC6464380.1	QIZ20243.1	97.442	430	11	0	1	430	1	430	0.0	863
MDC6464381.1	QIZ20242.1	98.077	260	5	0	1	260	1	260	0.0	512
MDC6464382.1	QIZ20241.1	96.250	80	3	0	1	80	1	80	1.33e-52	154
MDC6464383.1	QIZ20240.1	95.595	227	10	0	1	227	1	227	8.32e-165	449
MDC6464384.1	QIZ20239.1	97.397	730	19	0	1	730	1	730	0.0	1466
MDC6464385.1	QIZ20238.1	97.368	76	2	0	1	76	1	76	4.53e-51	150
MDC6464386.1	QIZ20237.1	96.364	110	4	0	1	110	1	110	1.52e-77	219
MDC6464387.1	QIZ21224.1	83.291	395	66	0	1	395	1	395	0.0	702
MDC6464389.1	QIZ20236.1	97.561	205	5	0	1	205	1	205	1.44e-150	412
MDC6464390.1	QIZ20235.1	94.093	237	14	0	1	237	1	237	6.48e-163	446
MDC6464391.1	QIZ20234.1	95.685	533	23	0	1	533	1	533	0.0	1056
MDC6464392.1	QIZ20233.1	92.274	453	35	0	1	453	1	453	0.0	857
MDC6464393.1	QIZ20232.1	93.878	245	15	0	1	245	1	245	3.62e-176	480
MDC6464394.1	QIZ20231.1	98.475	459	7	0	1	459	1	459	0.0	947
MDC6464395.1	QIZ20230.1	96.535	606	21	0	1	606	1	606	0.0	1206
MDC6464396.1	QIZ20229.1	95.652	207	9	0	1	207	1	207	5.42e-141	388
MDC6464397.1	QIZ20228.1	97.817	229	5	0	1	229	1	229	1.58e-170	464
MDC6464398.1	QIZ20227.1	98.000	500	10	0	1	500	1	500	0.0	1009
MDC6464399.1	QIZ20226.1	97.315	298	8	0	1	298	1	298	0.0	598
MDC6464400.1	QIZ20225.1	96.791	374	12	0	1	374	1	374	0.0	751
MDC6464401.1	QIZ20224.1	92.788	208	15	0	1	208	1	208	1.27e-143	394
MDC6464402.1	QIZ20222.1	98.246	342	6	0	1	342	1	342	0.0	710
MDC6464403.1	QIZ20221.1	98.760	645	8	0	1	645	1	645	0.0	1331
MDC6464404.1	QIZ20220.1	96.488	484	17	0	1	484	1	484	0.0	959
MDC6464405.1	QIZ20219.1	78.689	61	13	0	1	61	30	90	3.78e-33	104
MDC6464406.1	QIZ20218.1	95.526	380	17	0	1	380	1	380	0.0	750
MDC6464409.1	QIZ20910.1	88.889	108	12	0	13	120	13	120	3.60e-73	209
MDC6464410.1	QIZ20911.1	71.123	187	53	1	1	187	1	186	5.36e-98	277
MDC6464417.1	QIZ21449.1	38.522	379	222	5	6	378	14	387	8.53e-86	261
MDC6464421.1	QIZ21356.1	31.962	632	384	15	3	607	107	719	1.08e-82	270
MDC6464422.1	QIZ21247.1	91.235	251	22	0	1	251	1	251	2.84e-165	455
MDC6464423.1	QIZ21248.1	92.143	420	33	0	1	420	1	420	0.0	727
MDC6464424.1	QIZ21249.1	88.946	579	64	0	1	579	1	579	0.0	1049
MDC6464425.1	QIZ21250.1	93.380	287	19	0	1	287	1	287	0.0	536
MDC6464426.1	QIZ21251.1	97.761	134	3	0	1	134	1	134	1.05e-97	272
MDC6464427.1	QIZ21252.1	97.840	324	7	0	1	324	1	324	0.0	638
MDC6464428.1	QIZ21253.1	94.982	279	14	0	1	279	1	279	0.0	544
MDC6464429.1	QIZ21254.1	87.179	78	10	0	1	78	1	78	3.08e-50	148
MDC6464430.1	QIZ21255.1	88.235	119	14	0	1	119	1	119	3.09e-77	219
MDC6464431.1	QIZ21256.1	96.364	220	8	0	1	220	1	220	1.09e-157	431
MDC6464432.1	QIZ21257.1	88.841	233	26	0	1	233	1	233	2.16e-150	414
MDC6464433.1	QIZ21258.1	90.406	271	26	0	1	271	1	271	0.0	494
MDC6464434.1	QIZ21259.1	97.978	544	11	0	1	544	1	544	0.0	1073
MDC6464435.1	QIZ21260.1	94.719	303	16	0	1	303	1	303	0.0	577
MDC6464436.1	QIZ21262.1	93.258	178	12	0	1	178	1	178	1.30e-126	349
MDC6464437.1	QIZ21263.1	98.855	262	3	0	1	262	1	262	0.0	526
MDC6464438.1	QIZ21264.1	80.930	215	41	0	1	215	1	215	4.60e-117	328
MDC6464439.1	QIZ21265.1	78.821	458	97	0	1	458	1	458	0.0	756
MDC6464440.1	QIZ21266.1	83.230	161	27	0	1	161	1	161	2.77e-102	286
MDC6464441.1	QIZ21267.1	84.397	141	22	0	1	141	1	141	1.03e-84	240
MDC6464442.1	QIZ21268.1	76.087	322	77	0	1	322	1	322	0.0	503
MDC6464443.1	QIZ21269.1	87.898	314	38	0	1	314	1	314	0.0	570
MDC6464444.1	QIZ21270.1	73.290	307	82	0	6	312	5	311	2.54e-152	425
MDC6464445.1	QIZ21271.1	73.521	355	94	0	1	355	1	355	0.0	536
MDC6464446.1	QIZ21272.1	71.025	283	82	0	1	283	1	283	2.60e-136	382
MDC6464447.1	QIZ21273.1	97.732	485	11	0	1	485	1	485	0.0	974
MDC6464448.1	QIZ21274.1	97.024	168	5	0	1	168	1	168	7.26e-112	311
MDC6464449.1	QIZ21275.1	93.855	179	11	0	1	179	1	179	7.00e-121	335
MDC6464450.1	QIZ21276.1	100.000	75	0	0	1	75	1	75	1.79e-46	138
MDC6464451.1	QIZ21277.1	99.590	244	1	0	1	244	1	244	3.20e-176	480
MDC6464452.1	QIZ21278.1	98.901	91	1	0	1	91	1	91	5.42e-62	179
MDC6464453.1	QIZ21279.1	94.399	857	48	0	1	857	1	857	0.0	1619
MDC6464454.1	QIZ21280.1	94.388	196	11	0	1	196	1	196	7.59e-131	361
MDC6464455.1	QIZ21281.1	96.296	162	6	0	1	162	1	162	1.18e-113	315
MDC6464456.1	QIZ21282.1	95.706	326	14	0	1	326	1	326	0.0	624
MDC6464457.1	QIZ21283.1	91.645	383	32	0	1	383	1	383	0.0	706
MDC6464458.1	QIZ21284.1	98.876	356	4	0	1	356	1	356	0.0	726
MDC6464459.1	QIZ21285.1	96.237	186	7	0	1	186	1	186	3.56e-130	358
MDC6464460.1	QIZ21286.1	92.181	243	19	0	1	243	1	243	2.39e-157	432
MDC6464461.1	QIZ21287.1	95.572	271	12	0	15	285	15	285	3.07e-175	491
MDC6464462.1	QIZ20667.1	96.358	604	22	0	1	604	191	794	0.0	1157
MDC6464463.1	QIZ20668.1	91.713	181	15	0	1	181	1	181	2.18e-109	306
MDC6464464.1	QIZ20669.1	92.067	479	38	0	15	493	15	493	0.0	916
MDC6464465.1	QIZ20670.1	96.752	431	14	0	1	431	1	431	0.0	858
MDC6464466.1	QIZ20671.1	94.498	309	17	0	1	309	1	309	0.0	587
MDC6464467.1	QIZ20672.1	97.203	286	8	0	1	286	1	286	0.0	554
MDC6464468.1	QIZ20673.1	79.677	433	88	0	1	433	1	433	0.0	696
MDC6464469.1	QIZ20674.1	95.929	393	16	0	1	393	1	393	0.0	781
MDC6464470.1	QIZ20675.1	91.176	68	6	0	1	68	1	68	3.84e-42	127
MDC6464471.1	QIZ20676.1	93.789	161	10	0	1	161	1	161	1.12e-99	280
MDC6464476.1	QIZ20679.1	90.667	75	7	0	1	75	1	75	5.14e-48	142
MDC6464477.1	QIZ20680.1	77.522	347	78	0	1	347	1	347	0.0	589
MDC6464478.1	QIZ20681.1	94.865	370	19	0	1	370	1	370	0.0	743
MDC6464479.1	QIZ20682.1	96.296	405	15	0	1	405	1	405	0.0	815
MDC6464480.1	QIZ20683.1	96.013	301	12	0	1	301	1	301	0.0	573
MDC6464481.1	QIZ20684.1	77.349	415	94	0	1	415	1	415	0.0	628
MDC6464482.1	QIZ20685.1	72.500	200	55	0	1	200	1	200	1.53e-106	300
MDC6464483.1	QIZ20686.1	61.765	136	48	1	1	132	1	136	1.53e-56	168
MDC6464484.1	QIZ20687.1	59.494	158	64	0	1	158	1	158	1.30e-57	173
MDC6464485.1	QIZ20689.1	75.725	276	67	0	1	276	1	276	8.43e-156	431
MDC6464486.1	QIZ20690.1	93.659	552	35	0	1	552	1	552	0.0	1045
MDC6464487.1	QIZ20691.1	96.204	922	35	0	1	922	1	922	0.0	1872
MDC6464488.1	QIZ20692.1	64.375	480	171	0	4	483	12	491	0.0	673
MDC6464489.1	QIZ20694.1	98.365	367	6	0	1	367	1	367	0.0	749
MDC6464490.1	QIZ20695.1	96.129	155	6	0	1	155	1	155	1.41e-84	241
MDC6464491.1	QIZ20696.1	97.628	253	6	0	1	253	1	253	0.0	508
MDC6464492.1	QIZ20697.1	97.802	182	4	0	1	182	1	182	1.84e-132	364
MDC6464493.1	QIZ20698.1	95.918	392	16	0	1	392	1	392	0.0	756
MDC6464495.1	QIZ21150.1	99.060	319	3	0	1	319	50	368	0.0	650
MDC6464496.1	QIZ21151.1	98.637	587	8	0	1	587	1	587	0.0	1197
MDC6464497.1	QIZ21152.1	97.786	542	12	0	1	542	1	542	0.0	1108
MDC6464498.1	QIZ21153.1	90.698	258	24	0	1	258	1	258	4.56e-178	486
MDC6464499.1	QIZ21154.1	95.664	369	16	0	1	369	1	369	0.0	718
MDC6464500.1	QIZ21155.1	95.195	333	16	0	1	333	1	333	0.0	651
MDC6464501.1	QIZ21156.1	94.488	127	7	0	1	127	1	127	1.35e-84	239
MDC6464502.1	QIZ21157.1	90.741	108	10	0	1	108	1	108	5.22e-59	172
MDC6464503.1	QIZ21158.1	98.814	590	7	0	1	590	1	590	0.0	1224
MDC6464504.1	QIZ21159.1	94.553	257	14	0	1	257	1	257	0.0	503
MDC6464506.1	QIZ21160.1	60.765	497	193	2	1	496	1	496	0.0	644
MDC6464507.1	QIZ21483.1	29.427	384	254	6	12	389	8	380	2.01e-48	164
MDC6464508.1	QIZ20489.1	27.711	332	229	6	22	344	9	338	1.86e-37	134
MDC6464510.1	QIZ20487.1	39.130	437	243	7	21	451	21	440	1.31e-94	288
MDC6464512.1	QIZ21161.1	99.060	319	3	0	3	321	2	320	0.0	631
MDC6464513.1	QIZ21162.1	94.041	386	23	0	1	386	1	386	0.0	732
MDC6464514.1	QIZ21163.1	97.251	291	8	0	1	291	1	291	0.0	572
MDC6464515.1	QIZ21164.1	89.463	968	101	1	1	967	1	968	0.0	1836
MDC6464516.1	QIZ21165.1	95.765	425	18	0	1	425	1	425	0.0	821
MDC6464517.1	QIZ21166.1	97.838	185	4	0	1	185	1	185	1.64e-129	367
MDC6464518.1	QIZ21024.1	91.071	224	20	0	1	224	1	224	7.60e-156	432
MDC6464519.1	QIZ21025.1	86.614	381	51	0	1	381	1	381	0.0	642
MDC6464520.1	QIZ21026.1	90.289	762	73	1	1	762	1	761	0.0	1400
MDC6464521.1	QIZ21027.1	97.462	197	5	0	1	197	1	197	1.77e-138	380
MDC6464522.1	QIZ21028.1	91.638	287	24	0	1	287	1	287	0.0	505
MDC6464523.1	QIZ21029.1	90.160	376	37	0	1	376	1	376	0.0	664
MDC6464524.1	QIZ21030.1	93.500	200	13	0	1	200	1	200	7.18e-128	354
MDC6464525.1	QIZ21031.1	90.995	211	19	0	1	211	1	211	1.77e-137	379
MDC6464526.1	QIZ21032.1	96.918	649	18	1	1	647	1	649	0.0	1254
MDC6464527.1	QIZ21033.1	95.745	376	13	1	1	376	1	373	0.0	728
MDC6464528.1	QIZ21034.1	92.636	258	19	0	1	258	1	258	3.17e-178	486
MDC6464529.1	QIZ21035.1	96.000	200	8	0	18	217	18	217	5.73e-147	404
MDC6464530.1	QIZ21036.1	86.084	309	43	0	1	309	1	309	0.0	550
MDC6464531.1	QIZ21037.1	87.047	193	25	0	1	193	1	193	8.12e-116	323
MDC6464532.1	QIZ21038.1	91.139	158	14	0	1	158	5	162	9.18e-100	280
MDC6464533.1	QIZ21039.1	85.648	216	31	0	1	216	1	216	3.64e-139	384
MDC6464534.1	QIZ21040.1	80.000	180	36	0	1	180	1	180	2.17e-99	280
MDC6464535.1	QIZ21041.1	41.193	352	167	12	1	335	1	329	5.67e-59	189
MDC6464536.1	QIZ21042.1	68.902	164	48	2	10	173	11	171	4.66e-78	226
MDC6464537.1	QIZ21043.1	91.469	844	72	0	1	844	1	844	0.0	1598
MDC6464538.1	QIZ21048.1	84.483	116	18	0	1	116	1	116	1.58e-67	198
MDC6464539.1	QIZ21300.1	91.391	151	13	0	1	151	28	178	7.36e-92	263
MDC6464540.1	QIZ21301.1	91.875	320	26	0	1	320	28	347	0.0	566
MDC6464541.1	QIZ21302.1	94.094	254	15	0	1	254	1	254	3.41e-176	481
MDC6464542.1	QIZ21303.1	92.857	70	5	0	1	70	1	70	1.43e-40	124
MDC6464543.1	QIZ21304.1	93.563	435	28	0	1	435	5	439	0.0	828
MDC6464544.1	QIZ21305.1	96.000	225	9	0	1	225	1	225	3.46e-155	425
MDC6464545.1	QIZ21306.1	98.621	145	2	0	1	145	1	145	1.45e-99	278
MDC6464546.1	QIZ21307.1	88.966	290	32	0	1	290	1	290	0.0	552
MDC6464547.1	QIZ21308.1	98.969	194	2	0	1	194	1	194	4.69e-139	382
MDC6464548.1	QIZ21309.1	96.890	611	19	0	1	611	1	611	0.0	1219
MDC6464549.1	QIZ21310.1	95.035	141	7	0	1	141	1	141	8.20e-93	260
MDC6464550.1	QIZ21312.1	95.600	250	11	0	1	250	1	250	3.79e-174	475
MDC6464551.1	QIZ21313.1	97.372	723	19	0	1	723	1	723	0.0	1462
MDC6464552.1	QIZ21314.1	97.243	399	11	0	1	399	1	399	0.0	802
MDC6464553.1	QIZ21315.1	97.315	149	4	0	1	149	1	149	6.15e-109	302
MDC6464554.1	QIZ21317.1	93.949	314	19	0	1	314	1	314	0.0	615
MDC6464555.1	QIZ21318.1	80.892	314	60	0	1	314	1	314	0.0	515
MDC6464556.1	QIZ21319.1	88.584	219	25	0	1	219	1	219	4.11e-150	412
MDC6464557.1	QIZ21358.1	93.162	351	24	0	1	351	1	351	0.0	662
MDC6464558.1	QIZ21359.1	97.579	1074	26	0	1	1074	1	1074	0.0	2153
MDC6464559.1	QIZ21360.1	97.236	398	11	0	1	398	1	398	0.0	790
MDC6464560.1	QIZ21190.1	95.536	336	15	0	1	336	190	525	0.0	652
MDC6464561.1	QIZ21191.1	95.714	350	15	0	1	350	1	350	0.0	666
MDC6464562.1	QIZ21193.1	95.109	184	9	0	1	184	1	184	1.19e-124	344
MDC6464563.1	QIZ21194.1	98.282	291	5	0	1	291	1	291	0.0	582
MDC6464564.1	QIZ21195.1	98.847	347	4	0	1	347	1	347	0.0	715
MDC6464565.1	QIZ21196.1	91.837	392	32	0	1	392	1	392	0.0	746
MDC6464566.1	QIZ21197.1	97.861	187	4	0	1	187	1	187	2.20e-135	372
MDC6464567.1	QIZ21198.1	96.175	183	7	0	1	183	1	183	5.28e-123	340
MDC6464568.1	QIZ21199.1	95.793	309	13	0	1	309	1	309	0.0	595
MDC6464569.1	QIZ21200.1	97.403	924	24	0	1	924	1	924	0.0	1829
MDC6464570.1	QIZ21201.1	98.298	235	4	0	1	235	1	235	4.06e-170	464
MDC6464571.1	QIZ21202.1	97.266	512	14	0	1	512	1	512	0.0	982
MDC6464572.1	QIZ21203.1	98.832	428	5	0	1	428	1	428	0.0	871
MDC6464573.1	QIZ21204.1	91.447	152	13	0	1	152	1	152	2.22e-101	283
MDC6464574.1	QIZ21205.1	91.277	321	28	0	1	321	1	321	0.0	576
MDC6464575.1	QIZ21206.1	86.900	229	30	0	1	229	1	229	9.43e-142	391
MDC6464576.1	QIZ21207.1	93.277	238	16	0	1	238	1	238	3.33e-170	464
MDC6464577.1	QIZ21209.1	93.970	199	12	0	1	199	1	199	1.29e-141	389
MDC6464578.1	QIZ21210.1	91.372	452	39	0	1	452	589	1040	0.0	843
MDC6464579.1	QIZ20971.1	92.793	222	16	0	1	222	1	222	1.50e-143	397
MDC6464580.1	QIZ20970.1	97.495	479	12	0	1	479	1	479	0.0	961
MDC6464581.1	QIZ20969.1	97.735	1501	34	0	1	1501	1	1501	0.0	3040
MDC6464582.1	QIZ20968.1	90.545	275	26	0	1	275	1	275	0.0	496
MDC6464583.1	QIZ20967.1	92.430	251	19	0	1	251	1	251	2.18e-161	443
MDC6464584.1	QIZ20966.1	94.531	384	21	0	1	384	1	384	0.0	721
MDC6464585.1	QIZ20965.1	98.276	638	11	0	1	638	1	638	0.0	1301
MDC6464586.1	QIZ20964.1	99.448	181	1	0	1	181	1	181	5.56e-133	365
MDC6464587.1	QIZ20963.1	98.529	68	1	0	1	68	1	68	1.82e-44	132
MDC6464588.1	QIZ20962.1	98.305	118	2	0	1	118	1	118	1.40e-84	238
MDC6464589.1	QIZ20961.1	94.366	355	20	0	1	355	1	355	0.0	696
MDC6464590.1	QIZ20960.1	82.793	802	138	0	1	802	1	802	0.0	1323
MDC6464591.1	QIZ20959.1	98.328	598	10	0	1	598	4	601	0.0	1203
MDC6464593.1	QIZ20764.1	90.833	120	11	0	1	120	1	120	8.40e-75	221
MDC6464594.1	QIZ20765.1	94.136	324	19	0	1	324	1	324	0.0	627
MDC6464595.1	QIZ20766.1	98.742	159	2	0	22	180	1	159	1.41e-116	323
MDC6464596.1	QIZ20767.1	98.430	446	7	0	1	446	1	446	0.0	901
MDC6464597.1	QIZ20768.1	96.654	269	9	0	1	269	1	269	0.0	522
MDC6464598.1	QIZ20769.1	98.551	138	2	0	1	138	1	138	9.97e-97	270
MDC6464599.1	QIZ20770.1	99.107	224	2	0	1	224	1	224	1.32e-162	444
MDC6464600.1	QIZ20771.1	99.390	164	1	0	1	164	1	164	1.13e-120	333
MDC6464601.1	QIZ20772.1	99.167	240	2	0	1	240	1	240	1.28e-178	486
MDC6464602.1	QIZ20773.1	97.388	268	7	0	1	268	1	268	0.0	540
MDC6464603.1	QIZ20774.1	91.209	182	15	1	1	182	1	181	1.17e-117	327
MDC6464604.1	QIZ20775.1	95.270	148	7	0	1	148	1	148	8.17e-99	276
MDC6464605.1	QIZ20776.1	98.131	107	2	0	1	107	1	107	3.76e-67	193
MDC6464606.1	QIZ20777.1	95.399	652	30	0	1	652	1	652	0.0	1289
MDC6464607.1	QIZ20778.1	96.418	335	12	0	1	335	1	335	0.0	665
MDC6464608.1	QIZ20779.1	91.071	392	35	0	1	392	1	392	0.0	715
MDC6464609.1	QIZ20780.1	91.667	336	28	0	1	336	1	336	0.0	646
MDC6464610.1	QIZ20781.1	92.271	207	16	0	1	207	1	207	7.10e-119	332
MDC6464611.1	QIZ20782.1	97.143	105	3	0	1	105	1	105	7.54e-74	213
MDC6464612.1	QIZ21234.1	99.483	387	2	0	1	387	1	387	0.0	793
MDC6464613.1	QIZ21233.1	98.684	608	8	0	1	608	1	608	0.0	1220
MDC6464614.1	QIZ21232.1	88.837	215	24	0	1	215	1	215	1.65e-137	379
MDC6464615.1	QIZ21231.1	93.805	226	14	0	1	226	1	226	3.94e-158	432
MDC6464616.1	QIZ21230.1	90.402	323	31	0	1	323	1	323	0.0	589
MDC6464617.1	QIZ21229.1	96.128	439	17	0	1	439	1	439	0.0	810
MDC6464618.1	QIZ21228.1	98.511	470	7	0	1	470	1	470	0.0	948
MDC6464619.1	QIZ21227.1	96.667	120	4	0	1	120	1	120	1.18e-84	238
MDC6464620.1	QIZ21226.1	99.130	115	1	0	1	115	1	115	4.96e-81	229
MDC6464621.1	QIZ21225.1	94.444	180	10	0	1	180	1	180	2.27e-118	328
MDC6464623.1	QIZ21076.1	97.105	449	13	0	1	449	248	696	0.0	894
MDC6464624.1	QIZ21075.1	85.326	184	27	0	1	184	1	184	7.15e-113	315
MDC6464625.1	QIZ21074.1	92.216	167	13	0	1	167	1	167	8.63e-115	318
MDC6464626.1	QIZ21073.1	94.215	121	7	0	1	121	1	121	4.03e-83	234
MDC6464627.1	QIZ21072.1	96.040	101	4	0	1	101	1	101	1.10e-66	191
MDC6464628.1	QIZ21071.1	96.016	251	10	0	1	251	1	251	0.0	495
MDC6464629.1	QIZ21070.1	92.050	239	19	0	1	239	1	239	1.01e-163	448
MDC6464630.1	QIZ21068.1	92.308	208	16	0	1	208	1	208	2.11e-142	391
MDC6464631.1	QIZ21067.1	100.000	196	0	0	1	196	1	196	4.14e-147	402
MDC6464632.1	QIZ21066.1	99.415	171	1	0	1	171	1	171	6.65e-123	339
MDC6464633.1	QIZ21065.1	98.022	455	9	0	1	455	1	455	0.0	890
MDC6464634.1	QIZ21064.1	89.017	173	19	0	1	173	1	173	3.92e-99	279
MDC6464635.1	QIZ21063.1	96.447	197	7	0	1	197	1	197	3.34e-138	380
MDC6464636.1	QIZ21062.1	95.714	140	6	0	1	140	1	140	9.90e-86	243
MDC6464637.1	QIZ21061.1	90.000	140	14	0	1	140	1	140	3.35e-92	259
MDC6464638.1	QIZ21060.1	93.333	210	14	0	1	210	14	223	2.87e-145	399
MDC6464639.1	QIZ21287.1	92.233	206	16	0	2	207	356	561	1.05e-139	397
MDC6464640.1	QIZ21288.1	90.391	281	27	0	1	281	1	281	1.77e-175	481
MDC6464641.1	QIZ21289.1	92.453	424	32	0	1	424	1	424	0.0	791
MDC6464642.1	QIZ21290.1	97.468	158	4	0	1	158	1	158	1.12e-110	307
MDC6464643.1	QIZ21291.1	93.455	275	18	0	1	275	1	275	0.0	531
MDC6464644.1	QIZ21292.1	97.386	153	4	0	1	153	1	153	1.27e-111	309
MDC6464645.1	QIZ21293.1	99.408	169	1	0	1	169	1	169	2.72e-127	350
MDC6464646.1	QIZ21294.1	99.284	419	3	0	1	419	1	419	0.0	837
MDC6464647.1	QIZ21295.1	92.278	259	20	0	1	259	1	259	2.67e-176	481
MDC6464648.1	QIZ21296.1	97.759	357	8	0	1	357	1	357	0.0	717
MDC6464649.1	QIZ21297.1	96.237	186	7	0	1	186	1	186	3.59e-131	361
MDC6464650.1	QIZ21298.1	89.091	220	22	1	1	218	1	220	9.36e-135	374
MDC6464651.1	QIZ21299.1	96.983	232	7	0	1	232	79	310	1.23e-163	450
MDC6464652.1	QIZ20423.1	96.040	303	12	0	1	303	1	303	0.0	534
MDC6464653.1	QIZ20424.1	93.801	371	23	0	1	371	1	371	0.0	638
MDC6464654.1	QIZ20425.1	94.611	167	9	0	1	167	1	167	1.76e-105	295
MDC6464655.1	QIZ20426.1	74.342	152	39	0	1	152	1	152	8.41e-74	213
MDC6464656.1	QIZ20427.1	73.103	145	39	0	1	145	1	145	3.81e-79	226
MDC6464657.1	QIZ20428.1	85.390	308	45	0	1	308	1	308	0.0	544
MDC6464658.1	QIZ20429.1	100.000	100	0	0	1	100	1	100	6.30e-65	187
MDC6464659.1	QIZ20430.1	95.215	418	20	0	1	418	1	418	0.0	783
MDC6464660.1	QIZ20431.1	97.445	274	7	0	1	274	1	274	0.0	554
MDC6464661.1	QIZ20432.1	97.026	538	16	0	1	538	1	538	0.0	1066
MDC6464662.1	QIZ20433.1	97.000	100	3	0	1	100	1	100	1.17e-65	189
MDC6464663.1	QIZ20434.1	95.935	246	10	0	1	246	1	246	1.64e-176	481
MDC6464671.1	QIZ21336.1	31.298	131	90	0	4	134	12	142	6.19e-22	80.9
MDC6464675.1	QIZ20756.1	92.593	81	6	0	1	81	230	310	4.97e-48	150
MDC6464676.1	QIZ20757.1	97.239	326	9	0	1	326	1	326	0.0	647
MDC6464677.1	QIZ20758.1	98.294	293	5	0	1	293	1	293	0.0	592
MDC6464678.1	QIZ20759.1	98.837	430	5	0	1	430	1	430	0.0	863
MDC6464679.1	QIZ20760.1	98.148	270	5	0	1	270	1	270	0.0	527
MDC6464680.1	QIZ20761.1	94.582	443	24	0	1	443	1	443	0.0	841
MDC6464681.1	QIZ20762.1	94.857	350	18	0	1	350	1	350	0.0	591
MDC6464682.1	QIZ20763.1	99.045	628	6	0	1	628	1	628	0.0	1269
MDC6464683.1	QIZ20764.1	88.889	108	12	0	1	108	244	351	1.85e-63	192
MDC6464684.1	QIZ20260.1	100.000	84	0	0	1	84	1	84	1.37e-56	167
MDC6464685.1	QIZ20259.1	100.000	123	0	0	1	123	1	123	2.65e-87	245
MDC6464686.1	QIZ20258.1	98.272	1389	24	0	1	1389	1	1389	0.0	2810
MDC6464687.1	QIZ20257.1	98.506	1071	16	0	1	1071	293	1363	0.0	2147
MDC6464688.1	QIZ20754.1	96.129	155	6	0	1	155	9	163	4.18e-108	305
MDC6464689.1	QIZ20754.1	95.455	132	6	0	1	132	159	290	6.75e-84	243
MDC6464690.1	QIZ20753.1	96.296	621	23	0	1	621	1	621	0.0	1242
MDC6464691.1	QIZ20752.1	98.333	360	6	0	1	360	1	360	0.0	733
MDC6464692.1	QIZ20751.1	93.750	208	13	0	1	208	1	208	5.68e-148	405
MDC6464693.1	QIZ20750.1	97.923	337	7	0	1	337	1	337	0.0	667
MDC6464694.1	QIZ20749.1	98.881	268	3	0	1	268	1	268	0.0	522
MDC6464695.1	QIZ20748.1	96.259	294	11	0	1	294	1	294	0.0	602
MDC6464696.1	QIZ20747.1	87.736	106	13	0	1	106	1	106	5.92e-49	160
MDC6464697.1	QIZ20485.1	76.923	104	24	0	1	104	1	104	1.23e-50	162
MDC6464698.1	QIZ20487.1	77.904	439	97	0	4	442	2	440	0.0	664
MDC6464699.1	QIZ20488.1	55.825	206	77	2	19	211	15	219	9.20e-71	211
MDC6464700.1	QIZ20489.1	62.637	364	135	1	1	364	1	363	1.14e-168	471
MDC6464701.1	QIZ20495.1	89.431	246	26	0	1	246	1	246	2.55e-173	484
MDC6464702.1	QIZ20495.1	96.203	237	9	0	1	237	295	531	1.92e-171	478
MDC6464703.1	QIZ20496.1	97.959	196	4	0	1	196	1	196	4.00e-135	372
MDC6464704.1	QIZ20497.1	96.875	64	2	0	1	64	1	64	7.00e-39	124
MDC6464705.1	QIZ20972.1	94.037	218	13	0	1	218	1	218	1.85e-149	413
MDC6464706.1	QIZ20973.1	91.017	423	38	0	1	423	1	423	0.0	781
MDC6464707.1	QIZ20974.1	98.221	1012	18	0	1	1012	1	1012	0.0	2070
MDC6464708.1	QIZ20975.1	92.857	140	10	0	1	140	256	395	5.75e-92	267
MDC6464712.1	QIZ21235.1	98.559	555	7	1	1	554	1	555	0.0	1078
MDC6464713.1	QIZ21236.1	96.875	96	3	0	1	96	1	96	2.37e-63	182
MDC6464714.1	QIZ21237.1	93.050	259	18	0	1	259	1	259	0.0	494
MDC6464715.1	QIZ20436.1	85.779	443	63	0	1	443	42	484	0.0	733
MDC6464716.1	QIZ20437.1	88.482	191	22	0	1	191	1	191	1.18e-123	342
MDC6464717.1	QIZ20438.1	94.242	330	19	0	1	330	1	330	0.0	627
MDC6464718.1	QIZ20439.1	96.198	263	10	0	1	263	1	263	2.14e-180	492
MDC6464719.1	QIZ20440.1	97.778	225	5	0	1	225	1	225	4.71e-163	445
MDC6464720.1	QIZ20441.1	91.892	296	24	0	1	296	1	296	0.0	570
MDC6464721.1	QIZ20250.1	95.817	263	11	0	1	263	15	277	1.03e-176	488
MDC6464722.1	QIZ20249.1	98.712	233	3	0	12	244	15	247	5.69e-173	472
MDC6464723.1	QIZ20248.1	93.822	259	16	0	1	259	1	259	1.68e-175	479
MDC6464724.1	QIZ20247.1	96.241	133	5	0	1	133	1	133	5.62e-93	260
MDC6464725.1	QIZ20246.1	95.984	249	10	0	1	249	1	249	0.0	494
MDC6464726.1	QIZ20245.1	95.872	218	9	0	1	218	1	218	6.18e-154	422
MDC6464727.1	QIZ20244.1	95.758	165	7	0	1	165	1	165	7.01e-120	334
MDC6464728.1	QIZ20475.1	97.985	794	16	0	1	794	1	794	0.0	1577
MDC6464729.1	QIZ20476.1	99.526	422	2	0	1	422	1	422	0.0	862
MDC6464730.1	QIZ20477.1	96.059	203	8	0	1	203	1	203	4.04e-149	408
MDC6464731.1	QIZ20478.1	72.381	105	12	2	1	92	386	486	8.89e-38	127
MDC6464732.1	QIZ21397.1	91.319	288	25	0	1	288	1	288	0.0	518
MDC6464733.1	QIZ21396.1	91.257	366	32	0	1	366	1	366	0.0	640
MDC6464734.1	QIZ21395.1	98.905	274	3	0	18	291	1	274	0.0	549
MDC6464735.1	QIZ21388.1	92.698	315	23	0	1	315	1	315	0.0	614
MDC6464738.1	QIZ21335.1	40.482	415	242	2	1	415	1	410	5.01e-98	295
MDC6464739.1	QIZ21334.1	41.952	584	311	7	1	560	2	581	5.99e-154	449
MDC6464740.1	QIZ21333.1	39.130	253	132	6	1	240	275	518	2.56e-46	157
MDC6464741.1	QIZ21006.1	96.988	166	5	0	1	166	1	166	2.80e-119	329
MDC6464742.1	QIZ21007.1	87.593	403	50	0	1	403	1	403	0.0	748
MDC6464743.1	QIZ21008.1	97.701	261	6	0	1	261	1	261	0.0	524
MDC6464744.1	QIZ21009.1	92.063	126	10	0	1	126	1	126	1.32e-86	244
MDC6464745.1	QIZ21010.1	98.339	301	5	0	1	301	390	690	0.0	594
MDC6464746.1	QIZ21238.1	98.077	156	3	0	1	156	150	305	2.71e-107	304
MDC6464747.1	QIZ21239.1	96.906	905	28	0	1	905	1	905	0.0	1819
MDC6464748.1	QIZ21240.1	92.121	165	13	0	1	165	1	165	1.94e-97	274
MDC6464749.1	QIZ21241.1	80.357	112	21	1	1	112	1	111	7.53e-49	148
MDC6464750.1	QIZ21364.1	92.386	197	15	0	1	197	1	197	2.89e-132	365
MDC6464751.1	QIZ21363.1	98.847	607	7	0	1	607	1	607	0.0	1215
MDC6464752.1	QIZ21362.1	98.153	379	7	0	1	379	213	591	0.0	753
MDC6464755.1	QIZ21246.1	91.781	219	18	0	2	220	68	286	3.54e-151	417
MDC6464756.1	QIZ21245.1	98.387	62	1	0	1	62	1	62	1.55e-41	125
MDC6464757.1	QIZ21244.1	92.637	421	31	0	1	421	1	421	0.0	791
MDC6464758.1	QIZ21243.1	90.909	187	17	0	1	187	1	187	1.20e-110	309
MDC6464759.1	QIZ21242.1	95.638	298	13	0	1	298	82	379	0.0	567
MDC6464760.1	QIZ20421.1	96.112	463	18	0	1	463	1	463	0.0	830
MDC6464761.1	QIZ20422.1	94.457	451	25	0	1	451	1	451	0.0	839
MDC6464762.1	QIZ20423.1	88.739	222	25	0	1	222	372	593	1.47e-131	379
MDC6464766.1	QIZ21184.1	99.091	330	3	0	1	330	43	372	0.0	679
MDC6464767.1	QIZ21183.1	98.485	198	3	0	1	198	1	198	2.23e-144	395
MDC6464768.1	QIZ21182.1	92.050	239	19	0	1	239	1	239	1.37e-167	457
MDC6464769.1	QIZ21181.1	97.015	134	4	0	1	134	1	134	9.19e-93	260
MDC6464770.1	QIZ21180.1	100.000	84	0	0	1	84	1	84	2.62e-56	164
MDC6464771.1	QIZ20458.1	96.370	551	20	0	1	551	1	551	0.0	1107
MDC6464772.1	QIZ20457.1	95.062	81	4	0	1	81	1	81	2.32e-45	136
MDC6464773.1	QIZ20456.1	96.620	355	12	0	1	355	1	355	0.0	707
MDC6464774.1	QIZ20654.1	87.544	281	35	0	1	281	77	357	5.64e-163	452
MDC6464775.1	QIZ20655.1	86.008	729	102	0	1	729	1	729	0.0	1280
MDC6464777.1	QIZ20500.1	94.517	383	21	0	1	383	1	383	0.0	768
MDC6464778.1	QIZ20499.1	93.694	111	7	0	1	111	148	258	7.01e-71	208
MDC6464779.1	QIZ21400.1	85.852	311	44	0	1	311	1	311	1.68e-171	474
MDC6464780.1	QIZ21401.1	92.025	489	39	0	1	489	1	489	0.0	904
MDC6464781.1	QIZ21056.1	91.667	240	20	0	1	240	35	274	9.21e-166	454
MDC6464782.1	QIZ21057.1	91.795	195	16	0	1	195	1	195	7.12e-130	358
MDC6464783.1	QIZ21058.1	92.453	265	20	0	1	265	1	265	1.47e-179	490
MDC6464784.1	QIZ21059.1	90.476	63	6	0	1	63	1	63	1.83e-38	121
MDC6464785.1	QIZ21055.1	87.387	333	42	0	3	335	1	333	0.0	607
MDC6464788.1	QIZ21082.1	96.196	368	14	0	1	368	235	602	0.0	677
MDC6464789.1	QIZ21082.1	100.000	229	0	0	1	229	1	229	2.36e-160	452
MDC6464790.1	QIZ21083.1	98.361	61	1	0	1	61	26	86	2.02e-42	128
