MDC1125313.1	QIZ21381.1	67.320	306	100	0	1	306	1	306	1.14e-144	405
MDC1125314.1	QIZ21382.1	59.091	264	107	1	18	281	19	281	9.07e-111	317
MDC1125315.1	QIZ21383.1	66.124	676	229	0	1	676	1	676	0.0	915
MDC1125316.1	QIZ21384.1	61.854	561	213	1	4	564	5	564	0.0	689
MDC1125317.1	QIZ21385.1	86.431	678	92	0	1	678	1	678	0.0	1231
MDC1125318.1	QIZ21386.1	28.976	459	307	11	1	452	37	483	1.27e-31	122
MDC1125319.1	QIZ21387.1	88.745	462	52	0	1	462	1	462	0.0	832
MDC1125321.1	QIZ20745.1	76.173	277	66	0	1	277	1	277	1.30e-156	433
MDC1125322.1	QIZ20744.1	89.666	329	34	0	1	329	1	329	0.0	621
MDC1125323.1	QIZ20743.1	73.810	294	77	0	1	294	1	294	1.20e-161	447
MDC1125324.1	QIZ20742.1	86.175	434	60	0	1	434	1	434	0.0	796
MDC1125325.1	QIZ20741.1	74.074	108	28	0	1	108	1	108	8.69e-55	162
MDC1125326.1	QIZ20740.1	89.365	630	67	0	8	637	1	630	0.0	1184
MDC1125327.1	QIZ20739.1	83.794	253	41	0	1	253	1	253	1.89e-156	431
MDC1125329.1	QIZ20738.1	80.189	106	21	0	1	106	1	106	4.80e-63	182
MDC1125330.1	QIZ20737.1	72.781	338	92	0	1	338	1	338	0.0	508
MDC1125331.1	QIZ20736.1	75.362	207	51	0	1	207	1	207	1.65e-120	336
MDC1125335.1	QIZ20734.1	70.175	171	36	1	3	173	25	180	6.15e-84	241
MDC1125337.1	QIZ20733.1	55.517	290	129	0	1	290	1	290	1.00e-110	318
MDC1125343.1	QIZ20203.1	31.991	447	274	9	3	432	1	434	8.26e-63	205
MDC1125345.1	QIZ20588.1	35.185	216	139	1	67	281	65	280	3.13e-46	152
MDC1125350.1	QIZ20732.1	82.311	424	75	0	1	424	1	424	0.0	728
MDC1125351.1	QIZ20731.1	80.916	131	25	0	1	131	1	131	1.71e-80	228
MDC1125352.1	QIZ20575.1	86.207	116	16	0	1	116	1	116	8.02e-77	218
MDC1125353.1	QIZ20729.1	84.167	120	19	0	1	120	1	120	3.74e-77	219
MDC1125354.1	QIZ20728.1	68.506	308	97	0	1	308	1	308	4.87e-151	421
MDC1125355.1	QIZ20727.1	53.494	415	191	2	18	430	18	432	1.35e-144	415
MDC1125356.1	QIZ20726.1	93.963	381	23	0	1	381	1	381	0.0	734
MDC1125357.1	QIZ20725.1	76.464	888	209	0	1	888	1	888	0.0	1420
MDC1125358.1	QIZ20724.1	88.861	404	45	0	1	404	1	404	0.0	768
MDC1125359.1	QIZ20723.1	73.488	215	57	0	1	215	1	215	8.93e-123	342
MDC1125360.1	QIZ20722.1	66.171	269	87	3	1	267	1	267	1.87e-124	351
MDC1125361.1	QIZ20721.1	76.412	301	71	0	1	301	1	301	5.51e-175	481
MDC1125362.1	QIZ20720.1	73.892	203	53	0	1	203	1	203	4.13e-107	301
MDC1125363.1	QIZ20719.1	84.078	358	57	0	1	358	1	358	0.0	580
MDC1125364.1	QIZ20718.1	53.793	145	67	0	1	145	1	145	2.88e-53	161
MDC1125365.1	QIZ20717.1	80.998	521	98	1	1	520	1	521	0.0	862
MDC1125366.1	QIZ20716.1	82.014	139	25	0	1	139	1	139	9.25e-89	250
MDC1125367.1	QIZ20715.1	68.482	257	81	0	1	257	1	257	5.17e-131	367
MDC1125368.1	QIZ20714.1	87.255	204	26	0	1	204	1	204	1.51e-122	341
MDC1125369.1	QIZ20713.1	95.694	418	18	0	1	418	1	418	0.0	815
MDC1125370.1	QIZ20712.1	95.139	288	14	0	1	288	1	288	0.0	545
MDC1125371.1	QIZ20711.1	88.955	335	37	0	3	337	2	336	0.0	599
MDC1125372.1	QIZ20710.1	90.417	240	23	0	1	240	1	240	9.32e-161	440
MDC1125373.1	QIZ20709.1	87.660	235	29	0	1	235	1	235	6.74e-155	425
MDC1125374.1	QIZ20708.1	91.954	261	21	0	1	261	1	261	0.0	505
MDC1125375.1	QIZ20707.1	74.390	164	37	2	3	162	1	163	7.18e-83	237
MDC1125376.1	QIZ20706.1	80.859	256	49	0	1	256	9	264	1.25e-157	434
MDC1125377.1	QIZ20705.1	64.912	228	76	1	1	224	1	228	6.35e-107	303
MDC1125378.1	QIZ20704.1	55.873	315	137	2	1	313	1	315	4.00e-125	356
MDC1125379.1	QIZ20703.1	75.342	292	68	1	1	288	1	292	9.99e-152	422
MDC1125381.1	QIZ20218.1	32.620	374	232	12	18	379	12	377	1.55e-55	183
MDC1125382.1	QIZ21307.1	27.586	261	181	6	8	263	9	266	3.97e-27	103
MDC1125386.1	QIZ20702.1	69.210	367	113	0	1	367	1	367	0.0	525
MDC1125387.1	QIZ20701.1	83.333	126	21	0	1	126	1	126	1.01e-78	224
MDC1125388.1	QIZ20700.1	86.345	952	130	0	1	952	1	952	0.0	1715
MDC1125389.1	QIZ20699.1	70.773	414	121	0	1	414	1	414	0.0	608
MDC1125391.1	QIZ20698.1	67.742	217	70	0	1	217	1	217	2.97e-105	305
MDC1125392.1	QIZ20698.1	77.717	184	41	0	11	194	209	392	1.96e-102	296
MDC1125393.1	QIZ20697.1	64.835	182	64	0	1	182	1	182	1.29e-85	246
MDC1125394.1	QIZ20696.1	58.130	246	103	0	3	248	4	249	3.98e-104	298
MDC1125395.1	QIZ20695.1	70.323	155	46	0	1	155	1	155	1.47e-63	187
MDC1125396.1	QIZ20694.1	92.643	367	27	0	1	367	1	367	0.0	697
MDC1125397.1	QIZ20692.1	66.042	480	162	1	4	482	12	491	0.0	674
MDC1125398.1	QIZ20691.1	90.239	922	90	0	1	922	1	922	0.0	1779
MDC1125399.1	QIZ20690.1	84.964	552	82	1	1	551	1	552	0.0	960
MDC1125400.1	QIZ20689.1	64.493	276	98	0	1	276	1	276	1.93e-136	382
MDC1125401.1	QIZ20687.1	60.897	156	61	0	1	156	1	156	2.27e-58	175
MDC1125402.1	QIZ20686.1	59.559	136	51	1	1	132	1	136	6.81e-54	161
MDC1125403.1	QIZ20685.1	56.219	201	87	1	1	200	1	201	5.75e-79	230
MDC1125404.1	QIZ20684.1	63.923	413	146	1	1	413	1	410	2.91e-178	499
MDC1125405.1	QIZ20683.1	77.409	301	68	0	1	301	1	301	5.62e-167	461
MDC1125406.1	QIZ20682.1	88.889	405	45	0	1	405	1	405	0.0	763
MDC1125407.1	QIZ20681.1	95.095	367	18	0	5	371	4	370	0.0	741
MDC1125408.1	QIZ20680.1	78.674	347	74	0	1	347	1	347	0.0	593
MDC1125409.1	QIZ20679.1	86.667	75	10	0	1	75	1	75	1.09e-46	139
MDC1125412.1	QIZ20773.1	60.674	267	105	0	1	267	1	267	2.64e-126	355
MDC1125413.1	QIZ20888.1	63.415	205	75	0	6	210	12	216	9.20e-86	248
MDC1125418.1	QIZ20676.1	81.366	161	30	0	1	161	1	161	1.28e-85	244
MDC1125421.1	QIZ20673.1	81.368	424	79	0	1	424	1	424	0.0	687
MDC1125422.1	QIZ20672.1	70.280	286	85	0	1	286	1	286	2.40e-153	426
MDC1125423.1	QIZ20671.1	73.463	309	81	1	1	308	1	309	2.79e-170	470
MDC1125424.1	QIZ20670.1	76.102	431	103	0	1	431	1	431	0.0	696
MDC1125426.1	QIZ20669.1	88.125	480	57	0	14	493	14	493	0.0	892
MDC1125427.1	QIZ20668.1	68.508	181	57	0	1	181	1	181	4.28e-85	244
MDC1125428.1	QIZ20667.1	81.704	798	142	3	1	798	1	794	0.0	1257
MDC1125429.1	QIZ20666.1	86.653	472	63	0	1	472	1	472	0.0	860
MDC1125430.1	QIZ20665.1	80.263	152	30	0	1	152	1	152	1.43e-78	225
MDC1125431.1	QIZ20664.1	95.714	70	3	0	21	90	1	70	7.74e-46	137
MDC1125432.1	QIZ20663.1	81.731	104	19	0	1	104	1	104	2.69e-62	182
MDC1125433.1	QIZ20662.1	69.737	304	92	0	1	304	1	304	5.74e-149	416
MDC1125434.1	QIZ20661.1	84.490	245	38	0	1	245	3	247	3.94e-153	422
MDC1125435.1	QIZ20660.1	92.405	79	6	0	1	79	1	79	9.21e-47	139
MDC1125436.1	QIZ20659.1	77.143	210	48	0	1	210	1	210	2.29e-123	343
MDC1125437.1	QIZ20658.1	63.846	260	94	0	2	261	3	262	2.66e-120	340
MDC1125438.1	QIZ20657.1	54.545	319	143	2	1	317	1	319	1.49e-110	320
MDC1125439.1	QIZ20656.1	46.284	296	159	0	10	305	6	301	3.90e-84	251
MDC1125440.1	QIZ20655.1	41.975	810	442	6	149	950	20	809	0.0	621
MDC1125441.1	QIZ20654.1	49.300	357	181	0	1	357	1	357	1.87e-110	322
MDC1125442.1	QIZ20653.1	46.809	376	193	2	1	369	1	376	4.72e-111	325
MDC1125443.1	QIZ20652.1	88.247	485	57	0	1	485	1	485	0.0	877
MDC1125444.1	QIZ20651.1	91.912	136	11	0	1	136	1	136	1.53e-81	231
MDC1125445.1	QIZ20650.1	67.188	192	62	1	1	191	1	192	1.06e-84	244
MDC1125446.1	QIZ20649.1	77.778	342	75	1	1	342	1	341	0.0	512
MDC1125447.1	QIZ20648.1	40.669	359	213	0	1	359	1	359	1.13e-90	272
MDC1125448.1	QIZ20647.1	67.273	220	72	0	1	220	5	224	1.66e-94	271
MDC1125449.1	QIZ20646.1	83.838	594	96	0	1	594	1	594	0.0	1047
MDC1125450.1	QIZ20645.1	84.672	274	41	1	1	274	1	273	8.29e-171	469
MDC1125451.1	QIZ20644.1	76.271	118	28	0	1	118	1	118	8.03e-65	188
MDC1125452.1	QIZ20643.1	72.449	98	27	0	38	135	35	132	5.13e-51	154
MDC1125453.1	QIZ20642.1	89.888	445	45	0	1	445	1	445	0.0	830
MDC1125454.1	QIZ20641.1	73.050	141	38	0	1	141	1	141	5.43e-73	210
MDC1125455.1	QIZ20640.1	77.941	136	30	0	10	145	10	145	1.12e-77	223
MDC1125457.1	QIZ20638.1	89.105	257	28	0	1	257	1	257	6.00e-171	468
MDC1125458.1	QIZ20637.1	78.378	592	112	1	1	576	1	592	0.0	910
MDC1125460.1	QIZ20863.1	40.726	248	139	5	98	341	104	347	3.55e-54	177
MDC1125461.1	QIZ20636.1	48.661	448	220	6	363	807	290	730	5.22e-123	382
MDC1125461.1	QIZ20636.1	31.138	334	218	3	20	346	19	347	1.09e-34	137
MDC1125462.1	QIZ20635.1	77.941	408	90	0	1	408	1	408	0.0	654
MDC1125463.1	QIZ20634.1	52.618	382	169	6	4	382	3	375	5.67e-138	394
MDC1125464.1	QIZ20633.1	90.367	218	21	0	1	218	1	218	2.75e-145	399
MDC1125465.1	QIZ20632.1	78.571	140	30	0	1	140	1	140	9.91e-82	233
MDC1125466.1	QIZ20631.1	93.333	480	32	0	1	480	1	480	0.0	944
MDC1125467.1	QIZ20630.1	78.689	244	52	0	1	244	1	244	4.29e-139	386
MDC1125468.1	QIZ20629.1	51.559	417	195	5	1	412	1	415	3.30e-134	387
MDC1125469.1	QIZ20628.1	90.887	406	37	0	1	406	1	406	0.0	775
MDC1125470.1	QIZ20627.1	88.235	153	18	0	1	153	1	153	2.05e-100	281
MDC1125471.1	QIZ20626.1	76.768	99	22	1	1	99	1	98	7.05e-51	151
MDC1125472.1	QIZ20625.1	82.727	110	19	0	1	110	1	110	1.73e-68	196
MDC1125474.1	QIZ20624.1	93.162	468	32	0	1	468	1	468	0.0	922
MDC1125475.1	QIZ20623.1	66.879	157	52	0	4	160	3	159	2.56e-72	210
MDC1125476.1	QIZ20622.1	84.642	293	45	0	1	293	1	293	1.20e-171	473
MDC1125477.1	QIZ20621.1	70.530	302	88	1	1	301	1	302	2.42e-148	414
MDC1125478.1	QIZ20620.1	67.857	196	63	0	1	196	1	196	2.51e-88	253
MDC1125479.1	QIZ20619.1	60.976	246	96	0	1	246	1	246	4.74e-84	247
MDC1125480.1	QIZ20618.1	89.759	166	17	0	1	166	1	166	2.68e-102	286
MDC1125481.1	QIZ20617.1	82.716	81	14	0	1	81	1	81	3.33e-49	145
MDC1125482.1	QIZ20614.1	62.567	187	70	0	1	187	1	187	3.13e-82	238
MDC1125483.1	QIZ20613.1	78.405	301	65	0	1	301	1	301	0.0	502
MDC1125484.1	QIZ20612.1	73.154	149	40	0	1	149	1	149	1.81e-73	212
MDC1125485.1	QIZ20611.1	59.494	79	31	1	1	78	1	79	4.82e-29	95.5
MDC1125486.1	QIZ20610.1	85.635	181	26	0	1	181	1	181	1.51e-115	321
MDC1125487.1	QIZ20609.1	71.212	330	95	0	1	330	1	330	2.14e-179	495
MDC1125491.1	QIZ20492.1	30.469	256	166	6	12	266	2	246	4.62e-27	101
MDC1125494.1	QIZ20501.1	47.812	320	165	1	1	318	1	320	3.48e-100	293
MDC1125500.1	QIZ20715.1	33.486	218	128	5	42	255	52	256	4.49e-26	99.0
MDC1125502.1	QIZ20606.1	78.288	479	104	0	1	479	1	479	0.0	803
MDC1125503.1	QIZ20511.1	23.889	540	346	15	64	569	49	557	6.58e-26	107
MDC1125506.1	QIZ20416.1	32.273	220	139	5	8	225	5	216	1.13e-31	112
MDC1125511.1	QIZ21109.1	28.440	327	202	10	13	312	1	322	6.39e-25	99.0
MDC1125512.1	QIZ20605.1	88.235	391	46	0	1	391	1	391	0.0	718
MDC1125513.1	QIZ20604.1	88.073	327	39	0	4	330	3	329	0.0	546
MDC1125514.1	QIZ20603.1	95.031	322	16	0	1	322	1	322	0.0	629
MDC1125515.1	QIZ20602.1	78.107	169	36	1	1	168	1	169	3.59e-83	238
MDC1125516.1	QIZ20601.1	95.228	482	23	0	1	482	1	482	0.0	847
MDC1125517.1	QIZ20600.1	73.494	249	65	1	1	249	1	248	4.60e-135	376
MDC1125518.1	QIZ20599.1	72.667	300	82	0	1	300	1	300	6.54e-171	471
MDC1125521.1	QIZ20416.1	31.602	231	149	4	6	235	5	227	1.68e-30	109
MDC1125523.1	QIZ20594.1	76.170	235	56	0	1	235	1	235	1.14e-129	362
MDC1125524.1	QIZ21077.1	57.658	222	91	2	1	220	155	375	3.67e-81	243
MDC1125525.1	QIZ21078.1	64.019	214	76	1	1	214	1	213	1.02e-98	281
MDC1125526.1	QIZ21087.1	74.460	278	71	0	1	278	1	278	8.83e-154	426
MDC1125528.1	QIZ21079.1	76.634	505	118	0	7	511	14	518	0.0	763
MDC1125530.1	QIZ21080.1	82.488	217	38	0	1	217	1	217	6.20e-129	358
MDC1125531.1	QIZ21081.1	96.610	118	4	0	1	118	1	118	2.72e-81	229
MDC1125532.1	QIZ21082.1	97.176	602	17	0	1	602	1	602	0.0	1174
MDC1125533.1	QIZ21083.1	95.294	85	4	0	1	85	1	85	1.64e-58	169
MDC1125534.1	QIZ21084.1	88.406	207	24	0	1	207	1	207	1.21e-135	374
MDC1125535.1	QIZ21085.1	88.318	642	75	0	36	677	39	680	0.0	1191
MDC1125536.1	QIZ21086.1	85.401	137	20	0	1	137	1	137	1.80e-87	246
MDC1125537.1	QIZ21088.1	80.392	357	70	0	1	357	1	357	0.0	605
MDC1125538.1	QIZ21089.1	66.776	304	100	1	3	305	4	307	8.63e-143	400
MDC1125539.1	QIZ21090.1	71.121	232	67	0	1	232	1	232	6.59e-126	352
MDC1125540.1	QIZ21091.1	83.934	361	58	0	1	361	1	361	0.0	572
MDC1125541.1	QIZ21092.1	87.500	96	12	0	1	96	1	96	3.16e-58	169
MDC1125542.1	QIZ21093.1	90.036	281	28	0	1	281	1	281	0.0	521
MDC1125546.1	QIZ21094.1	77.011	348	78	1	1	346	1	348	0.0	567
MDC1125547.1	QIZ21095.1	83.186	339	57	0	14	352	24	362	0.0	591
MDC1125548.1	QIZ21096.1	88.559	236	27	0	1	236	1	236	1.30e-159	437
MDC1125549.1	QIZ21097.1	89.697	495	51	0	1	495	1	495	0.0	908
MDC1125550.1	QIZ21099.1	97.500	40	1	0	1	40	1	40	2.97e-23	77.4
MDC1125551.1	QIZ21100.1	89.855	138	14	0	1	138	1	138	7.23e-87	245
MDC1125552.1	QIZ21101.1	93.305	239	16	0	1	239	1	239	1.60e-169	462
MDC1125553.1	QIZ21069.1	80.645	62	12	0	1	62	1	62	3.64e-33	103
MDC1125555.1	QIZ21102.1	98.010	201	4	0	1	201	1	201	2.80e-137	378
MDC1125556.1	QIZ21103.1	86.579	380	51	0	1	380	1	380	0.0	675
MDC1125557.1	QIZ21104.1	92.063	126	10	0	1	126	1	126	1.71e-82	233
MDC1125558.1	QIZ21105.1	93.421	152	10	0	1	152	1	152	7.47e-95	266
MDC1125559.1	QIZ21106.1	70.732	205	60	0	1	205	1	205	6.93e-101	286
MDC1125560.1	QIZ21107.1	88.101	395	47	0	1	395	1	395	0.0	717
MDC1125561.1	QIZ21108.1	66.471	170	55	1	1	170	1	168	3.86e-84	241
MDC1125562.1	QIZ21109.1	76.232	345	82	0	1	345	1	345	0.0	578
MDC1125563.1	QIZ21110.1	81.423	253	47	0	1	253	1	253	1.19e-149	413
MDC1125568.1	QIZ21111.1	85.714	112	16	0	1	112	1	112	1.46e-68	197
MDC1125569.1	QIZ21112.1	89.560	182	19	0	1	182	1	182	6.22e-122	337
MDC1125570.1	QIZ21113.1	95.283	106	5	0	1	106	1	106	1.34e-73	209
MDC1125571.1	QIZ21114.1	82.627	236	40	1	1	235	1	236	2.50e-144	399
MDC1125572.1	QIZ21115.1	67.568	74	24	0	1	74	1	74	1.29e-33	106
MDC1125573.1	QIZ21116.1	78.261	138	30	0	1	138	1	138	4.30e-78	223
MDC1125574.1	QIZ21117.1	68.473	609	191	1	1	608	1	609	0.0	824
MDC1125575.1	QIZ21118.1	46.821	173	91	1	1	172	1	173	2.56e-55	168
MDC1125576.1	QIZ21119.1	61.345	119	44	1	1	117	1	119	7.64e-43	133
MDC1125577.1	QIZ21120.1	62.162	148	56	0	19	166	22	169	4.92e-66	195
MDC1125578.1	QIZ21122.1	88.512	383	44	0	1	383	1	383	0.0	731
MDC1125579.1	QIZ21123.1	90.415	386	37	0	1	386	1	386	0.0	710
MDC1125580.1	QIZ21124.1	33.732	418	270	5	57	471	41	454	9.72e-78	246
MDC1125583.1	QIZ21125.1	89.590	317	33	0	1	317	1	317	0.0	584
MDC1125584.1	QIZ21126.1	77.057	401	89	1	1	401	1	398	0.0	570
MDC1125585.1	QIZ21127.1	71.547	362	101	1	1	362	1	360	0.0	506
MDC1125586.1	QIZ21128.1	92.068	353	28	0	1	353	1	353	0.0	665
MDC1125587.1	QIZ21129.1	94.727	512	26	1	1	512	1	511	0.0	1001
MDC1125588.1	QIZ21130.1	96.853	286	9	0	1	286	1	286	0.0	551
MDC1125589.1	QIZ21131.1	95.035	282	14	0	1	282	1	282	0.0	533
MDC1125590.1	QIZ21132.1	81.616	359	66	0	1	359	1	359	0.0	594
MDC1125591.1	QIZ21133.1	85.714	357	51	0	1	357	1	357	0.0	644
MDC1125592.1	QIZ21134.1	92.487	386	27	2	1	385	1	385	0.0	712
MDC1125593.1	QIZ21135.1	85.567	194	28	0	1	194	2	195	4.18e-128	354
MDC1125594.1	QIZ21136.1	95.806	453	19	0	1	453	1	453	0.0	833
MDC1125595.1	QIZ21137.1	73.303	442	118	0	1	442	1	442	0.0	640
MDC1125596.1	QIZ21139.1	78.082	292	64	0	1	292	1	292	1.11e-158	440
MDC1125597.1	QIZ21140.1	68.110	254	81	0	10	263	19	272	5.95e-139	387
MDC1125598.1	QIZ21141.1	67.380	187	61	0	1	187	1	187	2.66e-92	263
MDC1125599.1	QIZ21142.1	84.590	305	47	0	1	305	1	305	0.0	529
MDC1125600.1	QIZ21143.1	74.453	274	70	0	1	274	1	274	1.35e-143	400
MDC1125601.1	QIZ21144.1	90.044	452	45	0	1	452	1	452	0.0	795
MDC1125602.1	QIZ21145.1	87.850	107	13	0	1	107	1	107	1.92e-67	198
MDC1125603.1	QIZ21146.1	82.895	228	39	0	1	228	1	228	2.47e-148	408
MDC1125604.1	QIZ21147.1	77.841	176	36	2	1	176	1	173	4.52e-96	272
MDC1125605.1	QIZ21148.1	89.507	467	49	0	1	467	1	467	0.0	877
MDC1125606.1	QIZ21149.1	86.070	201	28	0	1	201	9	209	4.63e-130	360
MDC1125607.1	QIZ21150.1	94.293	368	21	0	1	368	1	368	0.0	692
MDC1125608.1	QIZ21151.1	82.624	587	102	0	1	587	1	587	0.0	1034
MDC1125609.1	QIZ21152.1	76.723	537	125	0	1	537	1	537	0.0	894
MDC1125610.1	QIZ21153.1	67.829	258	83	0	1	258	1	258	2.26e-138	385
MDC1125611.1	QIZ21154.1	81.843	369	67	0	1	369	1	369	0.0	628
MDC1125612.1	QIZ21155.1	76.292	329	78	0	1	329	1	329	0.0	523
MDC1125613.1	QIZ21156.1	70.079	127	38	0	1	127	1	127	3.55e-64	187
MDC1125614.1	QIZ21157.1	60.185	108	43	0	1	108	1	108	2.63e-37	117
MDC1125615.1	QIZ21158.1	91.201	591	51	1	1	591	1	590	0.0	1142
MDC1125616.1	QIZ21159.1	87.938	257	31	0	1	257	1	257	5.29e-175	478
MDC1125617.1	QIZ21160.1	92.757	497	36	0	1	497	1	497	0.0	966
MDC1125618.1	QIZ21161.1	94.375	320	18	0	1	320	1	320	0.0	609
MDC1125619.1	QIZ21162.1	88.342	386	45	0	1	386	1	386	0.0	698
MDC1125620.1	QIZ21163.1	92.096	291	23	0	1	291	1	291	0.0	514
MDC1125621.1	QIZ21164.1	82.220	973	164	4	1	969	1	968	0.0	1692
MDC1125622.1	QIZ21165.1	80.410	439	72	3	1	439	1	425	0.0	706
MDC1125623.1	QIZ21166.1	85.193	466	69	0	1	466	1	466	0.0	817
MDC1125624.1	QIZ21167.1	81.260	651	122	0	1	651	1	651	0.0	1109
MDC1125625.1	QIZ21168.1	73.514	185	49	0	1	185	1	185	9.15e-93	264
MDC1125626.1	QIZ21169.1	93.933	511	31	0	1	511	1	511	0.0	986
MDC1125627.1	QIZ21170.1	86.942	291	38	0	1	291	1	291	0.0	523
MDC1125628.1	QIZ21171.1	95.127	472	23	0	1	472	1	472	0.0	916
MDC1125629.1	QIZ21172.1	78.462	130	28	0	1	130	1	130	1.66e-70	203
MDC1125630.1	QIZ21173.1	72.152	158	44	0	1	158	1	158	2.07e-85	243
MDC1125631.1	QIZ21174.1	81.513	357	66	0	22	378	23	379	0.0	603
MDC1125632.1	QIZ21175.1	80.172	116	23	0	1	116	1	116	1.05e-65	190
MDC1125633.1	QIZ21176.1	68.862	167	52	0	2	168	14	180	1.31e-77	224
MDC1125634.1	QIZ21177.1	78.365	416	90	0	1	416	1	416	0.0	645
MDC1125635.1	QIZ21178.1	75.272	368	91	0	1	368	1	368	0.0	563
MDC1125636.1	QIZ21179.1	77.982	327	72	0	1	327	1	327	0.0	510
MDC1125637.1	QIZ21180.1	95.238	84	4	0	1	84	1	84	4.89e-54	158
MDC1125638.1	QIZ21181.1	79.851	134	24	1	1	131	1	134	3.36e-77	221
MDC1125639.1	QIZ21182.1	71.130	239	69	0	5	243	1	239	4.05e-129	360
MDC1125640.1	QIZ21183.1	74.619	197	50	0	1	197	1	197	9.53e-108	303
MDC1125641.1	QIZ21184.1	75.946	370	89	0	1	370	1	370	0.0	608
MDC1125642.1	QIZ21185.1	69.444	360	110	0	1	360	1	360	0.0	529
MDC1125643.1	QIZ21186.1	70.805	298	87	0	1	298	1	298	9.87e-154	427
MDC1125644.1	QIZ21187.1	68.548	248	78	0	1	248	1	248	4.61e-116	328
MDC1125645.1	QIZ21188.1	88.646	458	52	0	1	458	1	458	0.0	766
MDC1125646.1	QIZ21189.1	79.834	481	95	1	1	479	1	481	0.0	732
MDC1125647.1	QIZ21190.1	84.808	520	79	0	1	520	6	525	0.0	911
MDC1125648.1	QIZ21191.1	69.164	347	107	0	1	347	1	347	4.75e-178	493
MDC1125649.1	QIZ21192.1	86.598	97	13	0	1	97	1	97	4.60e-49	147
MDC1125650.1	QIZ21193.1	80.000	180	36	0	1	180	1	180	2.25e-102	288
MDC1125651.1	QIZ21194.1	93.814	291	18	0	1	291	1	291	0.0	538
MDC1125652.1	QIZ21195.1	89.914	347	35	0	1	347	1	347	0.0	637
MDC1125653.1	QIZ21196.1	81.726	394	70	1	1	394	1	392	0.0	674
MDC1125654.1	QIZ21197.1	90.055	181	18	0	7	187	7	187	9.22e-121	335
MDC1125655.1	QIZ21198.1	63.388	183	67	0	1	183	1	183	5.86e-83	239
MDC1125656.1	QIZ21200.1	85.606	924	133	0	1	924	1	924	0.0	1614
MDC1125657.1	QIZ21201.1	92.340	235	18	0	1	235	1	235	1.14e-160	440
MDC1125658.1	QIZ21202.1	67.568	481	153	2	1	480	34	512	0.0	590
MDC1125659.1	QIZ21203.1	89.486	428	45	0	1	428	1	428	0.0	783
MDC1125660.1	QIZ21204.1	49.664	149	74	1	1	149	1	148	1.25e-47	147
MDC1125661.1	QIZ21205.1	55.305	311	135	3	7	314	8	317	2.01e-105	306
MDC1125662.1	QIZ21206.1	58.407	226	94	0	1	226	1	226	1.19e-89	259
MDC1125663.1	QIZ21207.1	70.588	238	69	1	1	237	1	238	7.12e-125	349
MDC1125664.1	QIZ21208.1	63.025	119	41	1	1	119	1	116	3.58e-49	149
MDC1125665.1	QIZ21209.1	76.650	197	44	1	5	199	3	199	1.97e-114	320
MDC1125666.1	QIZ21210.1	80.462	1039	203	0	1	1039	1	1039	0.0	1659
MDC1125667.1	QIZ21211.1	60.797	301	118	0	1	301	1	301	7.86e-131	371
MDC1125668.1	QIZ21212.1	68.401	269	85	0	1	269	1	269	1.38e-140	392
MDC1125669.1	QIZ21213.1	82.313	147	26	0	1	147	1	147	3.55e-93	262
MDC1125670.1	QIZ21214.1	72.109	294	81	1	1	293	1	294	2.70e-152	423
MDC1125671.1	QIZ21215.1	87.678	211	26	0	1	211	1	211	4.50e-138	380
MDC1125672.1	QIZ21216.1	63.265	98	36	0	1	98	1	98	6.51e-47	141
MDC1125673.1	QIZ21217.1	87.571	177	22	0	1	177	1	177	4.31e-118	327
MDC1125674.1	QIZ21218.1	91.743	436	36	0	15	450	1	436	0.0	799
MDC1125675.1	QIZ21219.1	69.307	101	31	0	1	101	1	101	7.44e-49	146
MDC1125677.1	QIZ21220.1	81.476	691	128	0	1	691	1	691	0.0	1176
MDC1125678.1	QIZ21221.1	68.263	167	52	1	1	166	1	167	4.85e-71	207
MDC1125679.1	QIZ21223.1	71.088	294	85	0	1	294	1	294	2.80e-159	441
MDC1125680.1	QIZ21224.1	83.586	396	65	0	1	396	1	396	0.0	713
MDC1125681.1	QIZ21052.1	95.735	422	18	0	1	422	1	422	0.0	821
MDC1125682.1	QIZ21050.1	81.716	443	81	0	1	443	1	443	0.0	739
MDC1125683.1	QIZ21049.1	88.925	623	69	0	1	623	1	623	0.0	1136
MDC1125684.1	QIZ21048.1	60.190	211	84	0	3	213	2	212	9.41e-94	269
MDC1125685.1	QIZ21047.1	87.500	264	33	0	1	264	1	264	3.40e-174	476
MDC1125686.1	QIZ21046.1	75.177	282	70	0	1	282	1	282	4.28e-154	427
MDC1125687.1	QIZ21045.1	48.338	331	169	2	1	329	1	331	9.03e-96	283
MDC1125689.1	QIZ21043.1	71.986	846	234	2	1	845	1	844	0.0	1278
MDC1125690.1	QIZ21042.1	66.667	90	29	1	1	90	85	173	3.08e-37	119
MDC1125691.1	QIZ21041.1	41.742	333	166	9	1	309	1	329	2.38e-61	194
MDC1125692.1	QIZ21040.1	62.857	175	65	0	1	175	1	175	7.31e-72	210
MDC1125693.1	QIZ21039.1	61.927	218	80	1	1	218	1	215	2.11e-94	271
MDC1125694.1	QIZ21038.1	50.920	163	78	2	1	163	1	161	1.42e-48	150
MDC1125695.1	QIZ21037.1	41.579	190	103	3	6	187	4	193	1.19e-35	119
MDC1125696.1	QIZ21036.1	69.256	309	94	1	1	309	1	308	2.34e-159	442
MDC1125697.1	QIZ21035.1	85.000	200	30	0	18	217	18	217	2.03e-129	359
MDC1125698.1	QIZ21034.1	81.323	257	48	0	1	257	1	257	3.29e-155	428
MDC1125699.1	QIZ21033.1	86.133	375	50	1	1	375	1	373	0.0	642
MDC1125700.1	QIZ21032.1	92.516	628	47	0	1	628	1	628	0.0	1177
MDC1125701.1	QIZ21031.1	71.698	212	52	3	1	208	1	208	2.64e-104	295
MDC1125702.1	QIZ21030.1	67.857	196	63	0	3	198	5	200	4.49e-90	258
MDC1125703.1	QIZ21029.1	60.779	385	148	2	1	384	1	383	2.71e-160	451
MDC1125704.1	QIZ21028.1	63.139	274	101	0	15	288	13	286	2.74e-116	332
MDC1125705.1	QIZ21027.1	73.469	196	52	0	1	196	1	196	3.40e-106	299
MDC1125706.1	QIZ21026.1	86.447	760	102	1	1	760	1	759	0.0	1332
MDC1125707.1	QIZ21025.1	71.120	509	146	1	1	509	1	508	0.0	701
MDC1125708.1	QIZ21024.1	78.679	333	71	0	1	333	1	333	0.0	546
MDC1125709.1	QIZ21023.1	76.111	180	42	1	1	179	1	180	8.62e-100	281
MDC1125711.1	QIZ21022.1	59.859	284	113	1	1	284	50	332	3.16e-123	351
MDC1125712.1	QIZ21021.1	53.906	128	59	0	1	128	1	128	3.33e-50	152
MDC1125713.1	QIZ21020.1	89.706	136	14	0	1	136	1	136	1.74e-88	249
MDC1125714.1	QIZ21019.1	72.422	446	119	1	1	442	10	455	0.0	659
MDC1125715.1	QIZ21018.1	87.805	328	40	0	1	328	1	328	0.0	594
MDC1125716.1	QIZ21017.1	61.184	152	59	0	1	152	1	152	6.30e-53	160
MDC1125717.1	QIZ21016.1	59.000	500	203	2	16	514	19	517	0.0	540
MDC1125718.1	QIZ21015.1	88.432	389	45	0	1	389	1	389	0.0	700
MDC1125719.1	QIZ21014.1	91.132	530	47	0	1	530	1	530	0.0	961
MDC1125720.1	QIZ21013.1	81.682	737	130	2	3	738	4	736	0.0	1197
MDC1125721.1	QIZ21012.1	83.607	122	20	0	1	122	1	122	2.17e-73	210
MDC1125722.1	QIZ21011.1	86.585	82	11	0	1	82	1	82	4.01e-47	140
MDC1125723.1	QIZ21010.1	95.652	690	30	0	1	690	1	690	0.0	1348
MDC1125725.1	QIZ21008.1	91.188	261	23	0	1	261	1	261	0.0	501
MDC1125726.1	QIZ21007.1	95.533	403	18	0	1	403	1	403	0.0	805
MDC1125727.1	QIZ21006.1	89.157	166	18	0	1	166	1	166	1.41e-111	310
MDC1125728.1	QIZ21005.1	79.259	135	28	0	7	141	7	141	5.35e-79	226
MDC1125729.1	QIZ21004.1	96.350	137	5	0	1	137	1	137	6.15e-97	271
MDC1125730.1	QIZ21003.1	88.262	443	52	0	1	443	1	443	0.0	830
MDC1125731.1	QIZ21002.1	73.469	196	52	0	1	196	1	196	2.16e-112	315
MDC1125732.1	QIZ21001.1	65.035	143	50	0	4	146	6	148	6.15e-70	203
MDC1125733.1	QIZ21000.1	65.600	250	86	0	1	250	1	250	2.03e-121	342
MDC1125734.1	QIZ20999.1	78.621	145	31	0	1	145	1	145	3.19e-84	239
MDC1125735.1	QIZ20998.1	72.569	401	108	1	1	399	1	401	0.0	607
MDC1125736.1	QIZ20997.1	82.567	522	91	0	1	522	1	522	0.0	884
MDC1125737.1	QIZ20996.1	80.687	233	45	0	1	233	1	233	1.07e-143	397
MDC1125738.1	QIZ20995.1	62.718	287	107	0	1	287	1	287	7.41e-116	330
MDC1125739.1	QIZ20994.1	83.721	86	14	0	1	86	1	86	1.18e-47	142
MDC1125740.1	QIZ20993.1	82.403	466	78	2	9	474	9	470	0.0	787
MDC1125741.1	QIZ20992.1	92.703	370	27	0	1	370	1	370	0.0	699
MDC1125742.1	QIZ20991.1	73.820	233	61	0	1	233	1	233	6.11e-122	342
MDC1125743.1	QIZ20990.1	71.535	404	115	0	1	404	1	404	0.0	580
MDC1125744.1	QIZ20989.1	82.262	451	80	0	1	451	1	451	0.0	754
MDC1125745.1	QIZ20988.1	60.234	171	66	1	1	169	1	171	2.22e-70	206
MDC1125746.1	QIZ20987.1	79.104	67	14	0	1	67	1	67	4.60e-26	86.7
MDC1125747.1	QIZ20986.1	66.981	212	70	0	1	212	1	212	1.22e-111	314
MDC1125748.1	QIZ20985.1	87.634	186	23	0	4	189	3	188	5.83e-126	348
MDC1125749.1	QIZ20984.1	84.181	177	28	0	1	177	1	177	6.23e-102	286
MDC1125750.1	QIZ20983.1	57.718	149	63	0	12	160	10	158	7.13e-56	169
MDC1125751.1	QIZ20982.1	66.667	198	66	0	1	198	1	198	2.42e-94	269
MDC1125752.1	QIZ20981.1	59.965	577	220	5	1	576	1	567	0.0	641
MDC1125753.1	QIZ20980.1	70.607	313	62	5	1	297	6	304	3.90e-137	386
MDC1125754.1	QIZ20979.1	84.259	108	17	0	1	108	1	108	3.76e-65	188
MDC1125755.1	QIZ20978.1	61.481	135	51	1	2	135	4	138	1.18e-51	156
MDC1125756.1	QIZ20977.1	80.375	800	156	1	1	800	3	801	0.0	1332
MDC1125757.1	QIZ21314.1	28.191	376	240	12	1	354	3	370	2.62e-42	149
MDC1125760.1	QIZ20976.1	90.780	141	13	0	1	141	1	141	3.53e-97	271
MDC1125763.1	QIZ20974.1	91.700	1012	84	0	1	1012	1	1012	0.0	1958
MDC1125764.1	QIZ20973.1	52.866	157	56	3	1	147	1	149	1.34e-45	149
MDC1125766.1	QIZ20790.1	81.492	362	67	0	1	362	1	362	0.0	595
MDC1125767.1	QIZ20789.1	92.632	95	7	0	1	95	1	95	1.17e-58	171
MDC1125768.1	QIZ20788.1	92.888	464	33	0	2	465	1	464	0.0	878
MDC1125769.1	QIZ20853.1	51.724	232	112	0	1	232	7	238	8.18e-83	243
MDC1125770.1	QIZ20786.1	95.312	64	3	0	1	64	1	64	1.09e-37	115
MDC1125771.1	QIZ20785.1	83.590	195	32	0	1	195	1	195	4.19e-115	321
MDC1125772.1	QIZ20784.1	86.842	76	10	0	1	76	1	76	1.03e-48	144
MDC1125773.1	QIZ20783.1	66.260	246	83	0	1	246	1	246	3.04e-117	331
MDC1125774.1	QIZ20782.1	81.720	186	34	0	1	186	1	186	1.19e-118	329
MDC1125775.1	QIZ20781.1	64.000	200	71	1	8	206	8	207	3.75e-79	231
MDC1125776.1	QIZ20780.1	79.167	336	70	0	1	336	1	336	0.0	547
MDC1125777.1	QIZ20779.1	72.634	391	107	0	1	391	1	391	0.0	578
MDC1125778.1	QIZ20778.1	88.657	335	38	0	1	335	1	335	0.0	613
MDC1125779.1	QIZ20777.1	84.746	649	99	0	1	649	1	649	0.0	1154
MDC1125780.1	QIZ20776.1	62.617	107	40	0	1	107	1	107	2.44e-36	115
MDC1125781.1	QIZ20775.1	76.351	148	35	0	1	148	1	148	1.48e-76	220
MDC1125782.1	QIZ20774.1	58.564	181	75	0	1	181	1	181	5.09e-70	206
MDC1125783.1	QIZ20773.1	76.119	268	64	0	1	268	1	268	2.38e-162	447
MDC1125784.1	QIZ20772.1	82.083	240	43	0	1	240	1	240	1.95e-151	417
MDC1125785.1	QIZ20771.1	89.634	164	17	0	1	164	1	164	6.42e-110	305
MDC1125786.1	QIZ20770.1	83.036	224	38	0	1	224	1	224	3.20e-137	379
MDC1125787.1	QIZ20769.1	92.754	138	10	0	1	138	1	138	7.48e-93	260
MDC1125788.1	QIZ20768.1	67.466	292	72	2	1	292	1	269	2.44e-122	347
MDC1125789.1	QIZ20767.1	87.935	431	52	0	17	447	16	446	0.0	798
MDC1125790.1	QIZ20766.1	84.242	165	20	1	1	165	1	159	3.85e-94	266
MDC1125791.1	QIZ20765.1	73.394	327	75	5	5	331	10	324	2.94e-172	477
MDC1125792.1	QIZ20764.1	51.312	343	165	2	1	341	1	343	1.97e-119	344
MDC1125793.1	QIZ20763.1	81.517	633	112	2	3	635	1	628	0.0	1013
MDC1125794.1	QIZ20762.1	68.195	349	111	0	1	349	1	349	2.98e-159	446
MDC1125795.1	QIZ20761.1	82.167	443	79	0	1	443	1	443	0.0	741
MDC1125796.1	QIZ20760.1	75.185	270	67	0	1	270	1	270	6.73e-146	405
MDC1125797.1	QIZ20759.1	90.233	430	42	0	1	430	1	430	0.0	809
MDC1125798.1	QIZ20758.1	93.151	292	20	0	6	297	2	293	0.0	561
MDC1125799.1	QIZ20757.1	83.591	323	53	0	1	323	1	323	0.0	540
MDC1125801.1	QIZ20886.1	30.973	226	151	2	9	229	23	248	1.00e-32	115
MDC1125802.1	QIZ20756.1	70.323	310	92	0	1	310	1	310	1.05e-157	438
MDC1125803.1	QIZ20755.1	71.795	78	22	0	1	78	1	78	8.46e-33	104
MDC1125804.1	QIZ20754.1	75.862	290	70	0	1	290	1	290	1.11e-154	429
MDC1125805.1	QIZ20753.1	88.854	637	71	0	1	637	1	637	0.0	1187
MDC1125806.1	QIZ20752.1	91.111	360	32	0	1	360	1	360	0.0	671
MDC1125807.1	QIZ20751.1	72.596	208	57	0	1	208	1	208	3.25e-116	325
MDC1125808.1	QIZ20750.1	81.306	337	63	0	1	337	1	337	0.0	558
MDC1125809.1	QIZ20749.1	86.194	268	37	0	1	268	1	268	1.20e-156	432
MDC1125810.1	QIZ20748.1	88.396	293	34	0	1	293	1	293	0.0	553
MDC1125811.1	QIZ20747.1	69.432	687	210	0	1	687	1	687	0.0	948
MDC1125812.1	QIZ20746.1	87.797	885	108	0	1	885	1	885	0.0	1617
MDC1125814.1	QIZ21388.1	90.476	315	30	0	1	315	1	315	0.0	603
MDC1125815.1	QIZ21395.1	95.985	274	11	0	1	274	1	274	0.0	532
MDC1125816.1	QIZ21396.1	91.281	367	31	1	1	367	1	366	0.0	645
MDC1125817.1	QIZ21397.1	91.003	289	26	0	1	289	1	289	0.0	523
MDC1125818.1	QIZ21398.1	85.246	61	9	0	1	61	1	61	1.99e-34	107
MDC1125819.1	QIZ21399.1	75.476	473	110	4	1	469	1	471	0.0	686
MDC1125820.1	QIZ21400.1	60.201	299	119	0	1	299	1	299	1.30e-112	324
MDC1125821.1	QIZ21401.1	93.027	588	41	0	1	588	1	588	0.0	1108
MDC1125822.1	QIZ21402.1	87.912	182	22	0	1	182	1	182	3.01e-118	328
MDC1125823.1	QIZ21403.1	85.294	340	49	1	1	340	1	339	0.0	608
MDC1125827.1	QIZ20556.1	38.627	233	128	6	318	545	40	262	7.23e-42	149
MDC1125827.1	QIZ20556.1	32.549	255	150	6	19	270	41	276	1.59e-34	129
MDC1125828.1	QIZ21404.1	83.365	523	84	2	1	523	1	520	0.0	908
MDC1125829.1	QIZ21405.1	91.124	338	30	0	7	344	8	345	0.0	627
MDC1125830.1	QIZ21406.1	43.860	285	150	3	1	276	1	284	3.72e-74	228
MDC1125831.1	QIZ21407.1	49.375	160	81	0	1	160	1	160	3.60e-42	135
MDC1125832.1	QIZ21408.1	66.208	654	201	3	1	634	1	654	0.0	915
MDC1125833.1	QIZ21409.1	69.086	372	115	0	3	374	2	373	9.13e-180	499
MDC1125834.1	QIZ21410.1	85.680	412	59	0	1	412	1	412	0.0	746
MDC1125835.1	QIZ21411.1	45.638	298	162	0	1	298	2	299	4.56e-97	284
MDC1125836.1	QIZ21412.1	85.804	317	45	0	1	317	1	317	0.0	570
MDC1125837.1	QIZ21413.1	89.899	297	30	0	1	297	1	297	0.0	558
MDC1125838.1	QIZ21414.1	87.805	123	15	0	1	123	1	123	6.88e-81	229
MDC1125839.1	QIZ21415.1	85.714	84	12	0	1	84	1	84	1.34e-53	157
MDC1125840.1	QIZ21416.1	90.816	98	9	0	1	98	1	98	6.37e-64	184
MDC1125841.1	QIZ21417.1	87.255	204	26	0	1	204	1	204	2.87e-118	330
MDC1125842.1	QIZ21418.1	85.230	413	59	1	1	411	1	413	0.0	743
MDC1125843.1	QIZ21419.1	85.859	297	42	0	1	297	1	297	0.0	517
MDC1125844.1	QIZ21420.1	71.920	349	97	1	3	350	2	350	0.0	520
MDC1125845.1	QIZ21421.1	84.146	246	39	0	1	246	1	246	7.98e-157	431
MDC1125846.1	QIZ21422.1	95.019	261	13	0	1	261	1	261	0.0	506
MDC1125847.1	QIZ21423.1	93.590	234	15	0	1	234	1	234	1.56e-164	449
MDC1125848.1	QIZ21424.1	93.458	107	7	0	1	107	1	107	1.97e-67	194
MDC1125849.1	QIZ21425.1	92.079	303	24	0	1	303	1	303	0.0	568
MDC1125851.1	QIZ21475.1	66.667	147	49	0	1	147	1	147	6.71e-67	196
MDC1125852.1	QIZ21474.1	93.631	314	20	0	1	314	1	314	0.0	613
MDC1125853.1	QIZ21473.1	89.032	775	85	0	1	775	1	775	0.0	1466
MDC1125854.1	QIZ21472.1	83.929	112	18	0	5	116	4	115	2.82e-67	194
MDC1125855.1	QIZ21471.1	88.914	442	49	0	1	442	1	442	0.0	837
MDC1125856.1	QIZ21470.1	95.501	489	22	0	1	489	1	489	0.0	997
MDC1125857.1	QIZ21469.1	96.497	314	11	0	1	314	1	314	0.0	632
MDC1125858.1	QIZ21468.1	94.366	284	16	0	1	284	1	284	0.0	549
MDC1125859.1	QIZ21467.1	97.162	458	13	0	12	469	17	474	0.0	929
MDC1125860.1	QIZ21466.1	94.017	117	7	0	25	141	17	133	9.03e-84	237
MDC1125861.1	QIZ21465.1	94.206	466	27	0	1	466	1	466	0.0	898
MDC1125862.1	QIZ21464.1	86.486	74	10	0	1	74	1	74	5.45e-46	137
MDC1125864.1	QIZ21463.1	71.575	292	83	0	1	292	1	292	2.11e-157	436
MDC1125865.1	QIZ21462.1	70.507	217	63	1	11	226	11	227	1.51e-111	315
MDC1125867.1	QIZ21461.1	76.302	384	91	0	1	384	56	439	0.0	545
MDC1125868.1	QIZ21460.1	82.086	441	79	0	1	441	1	441	0.0	767
MDC1125869.1	QIZ21459.1	57.260	365	156	0	10	374	10	374	4.13e-161	452
MDC1125870.1	QIZ21458.1	70.551	472	139	0	1	472	1	472	0.0	704
MDC1125871.1	QIZ21456.1	74.713	348	88	0	1	348	1	348	8.63e-174	483
MDC1125872.1	QIZ21455.1	80.986	142	27	0	1	142	1	142	2.37e-85	242
MDC1125873.1	QIZ21454.1	50.478	418	205	1	15	430	16	433	1.96e-132	384
MDC1125874.1	QIZ21453.1	53.271	214	100	0	1	214	1	214	1.42e-67	202
MDC1125875.1	QIZ21452.1	88.414	889	103	0	1	889	1	889	0.0	1637
MDC1125876.1	QIZ21451.1	54.359	195	89	0	1	195	1	195	7.70e-71	209
MDC1125877.1	QIZ21450.1	88.496	113	13	0	1	113	1	113	4.36e-74	211
MDC1125878.1	QIZ21449.1	92.677	396	29	0	1	396	1	396	0.0	763
MDC1125879.1	QIZ21448.1	93.305	478	32	0	1	478	1	478	0.0	909
MDC1125880.1	QIZ21447.1	97.806	319	7	0	1	319	1	319	0.0	648
MDC1125881.1	QIZ21446.1	65.639	227	73	1	12	233	19	245	4.43e-106	302
MDC1125882.1	QIZ21445.1	69.626	214	65	0	1	214	1	214	1.25e-109	309
MDC1125883.1	QIZ21444.1	85.135	740	110	0	1	740	1	740	0.0	1294
MDC1125884.1	QIZ20556.1	32.231	242	146	6	28	265	47	274	2.44e-31	121
MDC1125884.1	QIZ20556.1	33.043	230	134	7	377	598	45	262	7.96e-28	110
MDC1125888.1	QIZ20218.1	36.471	340	201	8	60	388	43	378	2.55e-61	198
MDC1125891.1	QIZ21121.1	31.989	372	242	4	8	369	4	374	6.03e-63	202
MDC1125892.1	QIZ21401.1	24.535	538	367	14	8	530	7	520	2.18e-36	139
MDC1125894.1	QIZ21154.1	45.623	377	195	4	3	379	2	368	3.95e-123	356
MDC1125895.1	QIZ20975.1	35.969	392	219	6	5	371	9	393	3.51e-69	218
MDC1125896.1	QIZ21307.1	64.931	288	101	0	4	291	2	289	1.79e-148	414
MDC1125897.1	QIZ21443.1	93.310	284	19	0	1	284	1	284	0.0	507
MDC1125898.1	QIZ21442.1	87.470	415	52	0	1	415	1	415	0.0	750
MDC1125899.1	QIZ21441.1	92.798	361	26	0	13	373	13	373	0.0	698
MDC1125900.1	QIZ21440.1	87.465	359	45	0	3	361	4	362	0.0	660
MDC1125901.1	QIZ21439.1	82.990	388	66	0	10	397	1	388	0.0	686
MDC1125902.1	QIZ21438.1	65.975	241	82	0	5	245	5	245	2.68e-119	336
MDC1125903.1	QIZ20490.1	28.623	276	176	3	3	264	5	273	1.06e-30	113
MDC1125904.1	QIZ21448.1	61.975	476	180	1	1	475	1	476	0.0	590
MDC1125909.1	QIZ20555.1	41.509	265	151	3	57	321	236	496	6.45e-58	191
MDC1125910.1	QIZ20556.1	46.291	337	177	2	2	334	3	339	6.91e-109	317
MDC1125911.1	QIZ20592.1	34.387	253	150	6	6	256	5	243	4.09e-42	140
MDC1125914.1	QIZ21460.1	31.004	458	282	11	25	470	4	439	3.18e-56	189
MDC1125916.1	QIZ20716.1	35.833	120	71	3	14	133	5	118	1.84e-22	82.4
MDC1125917.1	QIZ21506.1	34.615	390	210	13	5	362	17	393	4.17e-65	208
MDC1125923.1	QIZ20495.1	43.561	528	295	3	3	527	4	531	1.09e-145	425
MDC1125924.1	QIZ20216.1	58.675	317	130	1	1	316	1	317	2.13e-128	365
MDC1125926.1	QIZ21437.1	75.835	389	93	1	1	389	1	388	0.0	645
MDC1125927.1	QIZ20511.1	29.758	578	377	10	7	562	3	573	4.01e-74	243
MDC1125929.1	QIZ21436.1	90.909	154	14	0	1	154	1	154	2.64e-103	290
MDC1125945.1	QIZ20844.1	36.757	370	224	5	1	364	1	366	4.84e-77	238
MDC1125946.1	QIZ20844.1	45.924	368	195	4	16	382	2	366	5.74e-102	302
MDC1125947.1	QIZ20850.1	29.325	474	314	12	19	479	30	495	2.95e-39	144
MDC1125948.1	QIZ20852.1	36.970	330	180	12	1	305	1	327	1.21e-52	171
MDC1125949.1	QIZ20661.1	30.469	256	157	7	14	266	6	243	8.34e-26	97.8
MDC1125953.1	QIZ20831.1	55.752	113	49	1	4	116	3	114	1.65e-37	119
MDC1125956.1	QIZ20837.1	29.264	598	359	16	25	586	17	586	2.09e-46	167
MDC1125958.1	QIZ20851.1	29.377	337	193	11	4	330	6	307	3.73e-30	112
MDC1125962.1	QIZ20688.1	25.830	271	181	6	44	307	91	348	1.17e-29	112
MDC1125965.1	QIZ20860.1	67.500	400	129	1	30	428	33	432	0.0	550
MDC1125966.1	QIZ20861.1	53.595	153	52	4	1	142	1	145	1.44e-37	121
MDC1125967.1	QIZ20862.1	60.714	280	110	0	1	280	1	280	2.21e-118	337
MDC1125968.1	QIZ20863.1	85.714	357	51	0	1	357	1	357	0.0	601
MDC1125969.1	QIZ20864.1	89.344	366	39	0	1	366	1	366	0.0	673
MDC1125970.1	QIZ20865.1	75.682	403	98	0	1	403	1	403	0.0	634
MDC1125971.1	QIZ20866.1	72.803	239	65	0	1	239	1	239	2.20e-129	361
MDC1125972.1	QIZ20867.1	61.379	145	51	2	1	142	1	143	4.54e-53	160
MDC1125973.1	QIZ20868.1	69.977	433	130	0	1	433	1	433	0.0	626
MDC1125974.1	QIZ20869.1	78.538	848	179	1	1	845	1	848	0.0	1351
MDC1125975.1	QIZ20870.1	78.378	370	72	3	1	364	1	368	0.0	591
MDC1125976.1	QIZ20871.1	77.671	730	153	2	1	720	4	733	0.0	1184
MDC1125977.1	QIZ20872.1	86.207	203	28	0	1	203	1	203	5.20e-129	357
MDC1125978.1	QIZ20873.1	82.857	105	18	0	1	105	1	105	3.41e-60	175
MDC1125979.1	QIZ20874.1	73.084	561	139	6	1	553	1	557	0.0	790
MDC1125980.1	QIZ20875.1	80.797	276	53	0	1	276	1	276	7.07e-171	469
MDC1125981.1	QIZ20876.1	67.213	244	78	1	2	243	3	246	5.61e-111	315
MDC1125982.1	QIZ20877.1	72.626	179	49	0	1	179	11	189	2.17e-99	281
MDC1125983.1	QIZ20878.1	78.641	309	66	0	1	309	1	309	0.0	499
MDC1125984.1	QIZ21292.1	73.469	49	13	0	1	49	100	148	4.96e-22	78.2
MDC1125985.1	QIZ21291.1	76.277	274	65	0	1	274	1	274	1.22e-158	438
MDC1125986.1	QIZ21290.1	86.709	158	21	0	1	158	1	158	1.23e-99	279
MDC1125987.1	QIZ21289.1	62.796	422	157	0	1	422	1	422	0.0	556
MDC1125988.1	QIZ21288.1	55.516	281	125	0	1	281	1	281	4.34e-100	290
MDC1125989.1	QIZ21287.1	59.781	547	219	1	16	561	15	561	0.0	654
MDC1125990.1	QIZ21286.1	65.021	243	81	1	1	239	1	243	2.27e-106	303
MDC1125991.1	QIZ21285.1	79.781	183	37	0	1	183	1	183	1.78e-103	291
MDC1125992.1	QIZ21284.1	89.607	356	37	0	1	356	1	356	0.0	668
MDC1125993.1	QIZ21283.1	54.427	384	173	2	1	383	1	383	8.47e-143	406
MDC1125994.1	QIZ21282.1	63.636	319	116	0	6	324	6	324	1.67e-149	419
MDC1125995.1	QIZ21281.1	73.457	162	43	0	1	162	1	162	1.17e-78	226
MDC1125996.1	QIZ21280.1	68.182	176	56	0	17	192	21	196	6.59e-89	255
MDC1125997.1	QIZ21279.1	83.081	857	145	0	1	857	1	857	0.0	1451
MDC1125998.1	QIZ21278.1	78.022	91	20	0	1	91	1	91	5.09e-49	146
MDC1125999.1	QIZ21277.1	92.213	244	19	0	1	244	1	244	1.85e-166	455
MDC1126000.1	QIZ21276.1	100.000	75	0	0	1	75	1	75	1.79e-46	138
MDC1126001.1	QIZ21275.1	76.536	179	42	0	18	196	1	179	1.56e-96	274
MDC1126002.1	QIZ21274.1	79.394	165	34	0	1	165	4	168	8.37e-91	258
MDC1126003.1	QIZ21273.1	81.481	486	89	1	1	486	1	485	0.0	815
MDC1126004.1	QIZ21272.1	61.131	283	110	0	1	283	1	283	2.39e-117	334
MDC1126005.1	QIZ21271.1	68.362	354	112	0	1	354	1	354	3.70e-177	491
MDC1126006.1	QIZ21270.1	58.842	311	128	0	1	311	1	311	5.96e-121	345
MDC1126007.1	QIZ21269.1	76.115	314	75	0	1	314	1	314	0.0	503
MDC1126008.1	QIZ21268.1	64.688	320	112	1	1	319	1	320	1.43e-146	411
MDC1126009.1	QIZ21267.1	73.759	141	37	0	1	141	1	141	3.28e-75	216
MDC1126010.1	QIZ21266.1	72.671	161	44	0	1	161	1	161	1.07e-91	259
MDC1126011.1	QIZ21265.1	71.678	459	129	1	1	459	1	458	0.0	690
MDC1126012.1	QIZ21264.1	65.899	217	74	0	1	217	1	217	7.49e-98	279
MDC1126013.1	QIZ21263.1	85.878	262	37	0	1	262	1	262	2.05e-166	456
MDC1126014.1	QIZ21262.1	82.386	176	31	0	2	177	1	176	1.17e-114	318
MDC1126015.1	QIZ21260.1	85.809	303	43	0	1	303	1	303	0.0	533
MDC1126016.1	QIZ21258.1	82.963	270	46	0	1	270	1	270	1.59e-164	452
MDC1126017.1	QIZ21257.1	80.258	233	46	0	1	233	1	233	7.44e-137	379
MDC1126018.1	QIZ21256.1	86.364	220	30	0	1	220	1	220	2.70e-134	372
MDC1126019.1	QIZ21255.1	80.672	119	23	0	1	119	1	119	2.18e-71	204
MDC1126020.1	QIZ21254.1	84.615	78	12	0	1	78	1	78	3.34e-49	145
MDC1126022.1	QIZ21253.1	83.154	279	46	1	1	278	1	279	2.31e-174	478
MDC1126023.1	QIZ21252.1	54.938	324	146	0	1	324	1	324	1.14e-127	363
MDC1126024.1	QIZ21251.1	85.821	134	19	0	1	134	1	134	1.35e-86	244
MDC1126025.1	QIZ21250.1	66.084	286	97	0	1	286	1	286	2.62e-136	382
MDC1126026.1	QIZ21249.1	62.586	580	216	1	1	580	1	579	0.0	746
MDC1126027.1	QIZ21248.1	48.010	402	207	2	1	400	1	402	3.77e-121	354
MDC1126028.1	QIZ21247.1	45.455	308	164	3	1	304	1	308	2.37e-77	234
MDC1126029.1	QIZ21246.1	53.497	286	130	1	1	283	1	286	4.91e-101	293
MDC1126030.1	QIZ21245.1	70.000	60	18	0	1	60	1	60	8.27e-28	90.5
MDC1126031.1	QIZ21244.1	66.746	421	140	0	1	421	1	421	0.0	592
MDC1126032.1	QIZ21243.1	61.622	185	71	0	1	185	1	185	3.10e-70	207
MDC1126033.1	QIZ21242.1	59.367	379	151	3	8	384	3	380	4.45e-144	410
MDC1126035.1	QIZ21240.1	47.651	149	78	0	8	156	7	155	1.17e-43	138
MDC1126036.1	QIZ21239.1	82.301	904	160	0	1	904	1	904	0.0	1549
MDC1126037.1	QIZ21238.1	72.787	305	83	0	2	306	1	305	8.95e-164	453
MDC1126038.1	QIZ21237.1	72.426	272	75	0	1	272	1	272	5.67e-150	416
MDC1126039.1	QIZ21236.1	95.833	96	4	0	1	96	1	96	1.53e-63	183
MDC1126040.1	QIZ21235.1	91.871	529	43	0	1	529	1	529	0.0	981
MDC1126041.1	QIZ20258.1	89.568	278	28	1	1	278	1113	1389	5.89e-174	512
MDC1126042.1	QIZ20259.1	95.935	123	5	0	1	123	1	123	2.14e-83	235
MDC1126043.1	QIZ20260.1	89.103	156	17	0	1	156	1	156	3.59e-103	288
MDC1126044.1	QIZ20261.1	94.653	692	37	0	1	692	1	692	0.0	1367
MDC1126045.1	QIZ20262.1	99.020	102	1	0	1	102	1	102	2.31e-71	203
MDC1126046.1	QIZ20263.1	86.344	227	31	0	1	227	1	227	8.04e-145	400
MDC1126047.1	QIZ20264.1	83.575	207	34	0	1	207	1	207	3.38e-128	355
MDC1126048.1	QIZ20265.1	88.660	97	11	0	1	97	1	97	3.18e-58	169
MDC1126049.1	QIZ20266.1	85.714	280	39	1	1	279	1	280	4.48e-174	477
MDC1126050.1	QIZ20267.1	86.207	87	12	0	1	87	1	87	9.79e-55	161
MDC1126051.1	QIZ20268.1	83.333	132	22	0	1	132	1	132	1.09e-80	229
MDC1126052.1	QIZ20269.1	94.690	226	12	0	1	226	1	226	2.95e-161	441
MDC1126053.1	QIZ20270.1	89.706	136	14	0	1	136	1	136	2.34e-89	251
MDC1126054.1	QIZ20271.1	82.540	63	11	0	1	63	1	63	2.98e-33	104
MDC1126055.1	QIZ20272.1	87.179	78	10	0	1	78	1	78	2.52e-38	118
MDC1126056.1	QIZ20273.1	95.902	122	5	0	1	122	1	122	8.88e-82	231
MDC1126057.1	QIZ20274.1	91.429	70	6	0	1	70	1	70	2.81e-41	125
MDC1126058.1	QIZ20275.1	83.152	184	31	0	1	184	1	184	6.47e-116	322
MDC1126059.1	QIZ20276.1	90.099	101	10	0	1	101	1	101	5.11e-64	184
MDC1126060.1	QIZ20277.1	84.733	131	20	0	1	131	1	131	4.95e-82	233
MDC1126061.1	QIZ20278.1	85.475	179	26	0	1	179	1	179	1.65e-108	303
MDC1126062.1	QIZ20279.1	77.966	118	26	0	1	118	1	118	1.73e-63	184
MDC1126063.1	QIZ20280.1	88.166	169	20	0	3	171	2	170	5.11e-106	296
MDC1126064.1	QIZ20281.1	83.660	153	22	2	1	150	1	153	4.08e-75	216
MDC1126065.1	QIZ20282.1	92.019	426	34	0	1	426	1	426	0.0	793
MDC1126066.1	QIZ20284.1	94.488	127	7	0	1	127	1	127	7.33e-88	247
MDC1126067.1	QIZ20285.1	87.333	150	18	1	1	149	1	150	5.40e-79	226
MDC1126068.1	QIZ20286.1	93.275	342	23	0	1	342	1	342	0.0	647
MDC1126069.1	QIZ20287.1	89.116	147	14	1	1	147	1	145	4.72e-93	261
MDC1126070.1	QIZ20288.1	77.888	303	67	0	1	303	1	303	1.10e-170	471
MDC1126071.1	QIZ20289.1	67.476	206	66	1	1	205	1	206	6.54e-96	273
MDC1126072.1	QIZ20290.1	89.278	457	49	0	1	457	1	457	0.0	832
MDC1126073.1	QIZ20291.1	56.618	272	115	3	1	271	11	280	1.66e-87	258
MDC1126074.1	QIZ20292.1	78.148	270	59	0	1	270	1	270	4.69e-147	408
MDC1126075.1	QIZ20293.1	76.581	427	100	0	1	427	5	431	0.0	646
MDC1126076.1	QIZ20294.1	77.778	153	34	0	1	153	1	153	1.34e-88	251
MDC1126077.1	QIZ20296.1	82.160	852	150	1	1	850	1	852	0.0	1431
MDC1126078.1	QIZ20297.1	73.438	192	50	1	1	192	1	191	7.71e-96	272
MDC1126079.1	QIZ20742.1	27.578	417	261	11	25	423	22	415	2.05e-38	139
MDC1126080.1	QIZ20298.1	92.971	313	22	0	1	313	1	313	0.0	608
MDC1126081.1	QIZ20299.1	80.795	151	29	0	1	151	1	151	2.16e-85	243
MDC1126082.1	QIZ20300.1	84.211	95	15	0	1	95	1	95	1.31e-54	160
MDC1126083.1	QIZ20301.1	85.361	485	71	0	1	485	1	485	0.0	848
MDC1126084.1	QIZ20302.1	92.872	491	35	0	1	491	1	491	0.0	919
MDC1126085.1	QIZ20303.1	79.167	216	45	0	1	216	1	216	5.40e-129	358
MDC1126086.1	QIZ20304.1	73.841	302	78	1	1	302	1	301	5.05e-170	469
MDC1126087.1	QIZ20305.1	89.474	456	48	0	1	456	1	456	0.0	820
MDC1126088.1	QIZ20306.1	71.338	157	45	0	1	157	1	157	3.00e-86	245
MDC1126089.1	QIZ20311.1	89.712	243	25	0	1	243	1	243	1.59e-135	377
MDC1126090.1	QIZ20312.1	85.882	255	36	0	1	255	1	255	9.67e-160	439
MDC1126091.1	QIZ20313.1	56.150	187	82	0	1	187	1	187	8.25e-83	239
MDC1126092.1	QIZ20314.1	80.838	1002	191	1	1	1001	1	1002	0.0	1729
MDC1126093.1	QIZ20315.1	89.888	89	9	0	1	89	1	89	2.90e-62	179
MDC1126094.1	QIZ20316.1	94.964	417	21	0	1	417	1	417	0.0	833
MDC1126095.1	QIZ20317.1	71.833	742	203	2	1	742	1	736	0.0	1090
MDC1126096.1	QIZ20318.1	81.356	295	51	2	1	293	1	293	8.01e-180	493
MDC1126097.1	QIZ20319.1	89.744	156	16	0	1	156	1	156	1.27e-104	291
MDC1126098.1	QIZ20320.1	57.225	173	71	1	1	170	1	173	6.09e-61	182
MDC1126099.1	QIZ20321.1	79.658	585	115	1	1	581	1	585	0.0	977
MDC1126100.1	QIZ20322.1	81.026	195	37	0	1	195	1	195	6.17e-105	295
MDC1126101.1	QIZ20323.1	69.588	194	59	0	1	194	1	194	2.64e-89	258
MDC1126102.1	QIZ21524.1	88.525	366	42	0	1	366	109	474	0.0	688
MDC1126103.1	QIZ20310.1	60.976	82	32	0	1	82	1	82	5.03e-33	105
MDC1126106.1	QIZ20730.1	71.515	165	47	0	1	165	19	183	8.55e-88	251
MDC1126108.1	QIZ20508.1	71.124	845	244	0	1	845	17	861	0.0	1179
MDC1126109.1	QIZ20507.1	83.636	220	36	0	1	220	1	220	1.40e-134	373
MDC1126110.1	QIZ20506.1	70.352	199	59	0	1	199	1	199	1.84e-99	282
MDC1126111.1	QIZ21225.1	45.223	157	84	2	26	181	25	180	3.04e-45	143
MDC1126112.1	QIZ20210.1	85.955	534	75	0	8	541	3	536	0.0	916
MDC1126113.1	QIZ20674.1	74.555	393	100	0	1	393	1	393	0.0	617
MDC1126116.1	QIZ20217.1	83.705	448	72	1	1	448	1	447	0.0	786
MDC1126117.1	QIZ21315.1	77.852	149	33	0	1	149	1	149	3.39e-90	254
MDC1126119.1	QIZ20539.1	79.946	369	74	0	1	369	1	369	0.0	606
MDC1126120.1	QIZ20538.1	95.604	91	4	0	1	91	1	91	1.81e-61	177
MDC1126121.1	QIZ20537.1	65.589	433	149	0	1	433	1	433	0.0	528
MDC1126122.1	QIZ20537.1	79.677	433	85	1	1	430	1	433	0.0	653
MDC1126123.1	QIZ20536.1	77.778	153	34	0	1	153	1	153	6.02e-66	194
MDC1126124.1	QIZ20533.1	63.780	127	46	0	1	127	1	127	1.52e-57	170
MDC1126125.1	QIZ20532.1	59.162	191	76	1	1	191	1	189	5.85e-79	230
MDC1126126.1	QIZ20531.1	64.968	157	55	0	1	157	1	157	9.16e-73	211
MDC1126127.1	QIZ20530.1	73.913	184	48	0	4	187	1	184	4.51e-104	293
MDC1126128.1	QIZ20529.1	62.451	253	94	1	2	254	5	256	4.13e-111	316
MDC1126130.1	QIZ20528.1	85.185	54	8	0	1	54	13	66	6.88e-30	95.9
MDC1126131.1	QIZ20527.1	76.152	369	86	2	4	371	3	370	0.0	573
MDC1126132.1	QIZ20526.1	81.330	391	73	0	1	391	1	391	0.0	682
MDC1126133.1	QIZ20525.1	86.700	406	54	0	1	406	1	406	0.0	697
MDC1126134.1	QIZ20524.1	69.509	387	118	0	1	387	1	387	0.0	520
MDC1126135.1	QIZ20523.1	73.514	185	49	0	1	185	1	185	7.03e-88	251
MDC1126136.1	QIZ20522.1	63.922	255	92	0	1	255	1	255	1.86e-115	327
MDC1126137.1	QIZ20521.1	80.303	132	26	0	1	132	1	132	1.73e-80	229
MDC1126138.1	QIZ20520.1	73.864	264	69	0	1	264	1	264	5.29e-155	428
MDC1126139.1	QIZ20519.1	95.513	156	7	0	1	156	1	156	1.78e-114	317
MDC1126140.1	QIZ20518.1	96.769	619	20	0	1	619	1	619	0.0	1272
MDC1126141.1	QIZ20517.1	75.000	116	29	0	1	116	1	116	7.04e-64	185
MDC1126142.1	QIZ20516.1	86.908	359	47	0	1	359	1	359	0.0	580
MDC1126143.1	QIZ20514.1	64.525	358	125	2	1	356	1	358	1.22e-160	450
MDC1126144.1	QIZ20513.1	96.392	388	14	0	13	400	1	388	0.0	782
MDC1126145.1	QIZ20512.1	85.106	94	14	0	1	94	1	94	2.24e-55	162
MDC1126146.1	QIZ20511.1	96.115	592	23	0	1	592	1	592	0.0	1185
MDC1126149.1	QIZ20805.1	38.537	410	211	7	192	586	1	384	1.60e-83	263
MDC1126150.1	QIZ20510.1	75.806	434	105	0	1	434	1	434	0.0	693
MDC1126151.1	QIZ20500.1	87.206	383	49	0	1	383	1	383	0.0	717
MDC1126152.1	QIZ20499.1	79.457	258	53	0	1	258	1	258	2.26e-152	421
MDC1126153.1	QIZ20498.1	61.798	267	97	2	1	266	1	263	2.19e-110	315
MDC1126154.1	QIZ20497.1	89.286	252	27	0	1	252	1	252	8.30e-156	429
MDC1126155.1	QIZ20496.1	90.769	195	18	0	1	195	1	195	4.21e-116	324
MDC1126156.1	QIZ20495.1	85.210	453	67	0	1	453	79	531	0.0	828
MDC1126157.1	QIZ21539.1	55.429	175	78	0	1	175	6	180	5.22e-58	175
MDC1126158.1	QIZ21540.1	57.447	141	60	0	15	155	7	147	6.67e-62	183
MDC1126159.1	QIZ20544.1	59.763	169	66	1	1	169	1	167	6.42e-72	210
MDC1126163.1	QIZ20585.1	70.149	268	80	0	1	268	1	268	6.53e-146	405
MDC1126164.1	QIZ20584.1	71.585	183	52	0	5	187	4	186	4.97e-100	282
MDC1126165.1	QIZ20583.1	64.912	114	40	0	1	114	1	114	5.60e-55	163
MDC1126166.1	QIZ20582.1	74.775	111	28	0	1	111	1	111	5.73e-46	140
MDC1126167.1	QIZ20579.1	90.000	110	11	0	1	110	1	110	1.87e-66	191
MDC1126168.1	QIZ20577.1	85.849	106	15	0	1	106	1	106	1.91e-67	194
MDC1126170.1	QIZ20576.1	91.837	98	8	0	1	98	1	98	6.20e-62	179
MDC1126171.1	QIZ20574.1	79.167	120	25	0	1	120	1	120	4.74e-63	184
MDC1126172.1	QIZ20573.1	97.895	95	2	0	1	95	1	95	2.88e-68	195
MDC1126173.1	QIZ20572.1	90.551	127	12	0	1	127	1	127	3.84e-88	248
MDC1126175.1	QIZ20571.1	93.750	96	6	0	9	104	1	96	1.31e-65	189
MDC1126176.1	QIZ20570.1	55.797	138	60	1	1	138	1	137	6.72e-56	167
MDC1126177.1	QIZ20569.1	89.790	333	34	0	1	333	1	333	0.0	615
MDC1126178.1	QIZ20568.1	81.771	192	35	0	33	224	1	192	1.47e-115	323
MDC1126179.1	QIZ20567.1	96.296	135	5	0	1	135	1	135	1.68e-100	280
MDC1126180.1	QIZ20566.1	90.385	156	15	0	1	156	1	156	7.41e-105	292
MDC1126181.1	QIZ20193.1	31.579	285	172	8	3	273	1	276	9.19e-35	123
MDC1126183.1	QIZ20309.1	34.625	387	219	13	13	384	17	384	2.18e-61	200
MDC1126184.1	QIZ20565.1	44.599	287	150	2	3	280	5	291	6.35e-84	249
MDC1126186.1	QIZ20563.1	93.443	305	20	0	16	320	1	305	0.0	582
MDC1126187.1	QIZ20562.1	87.830	493	60	0	1	493	1	493	0.0	900
MDC1126188.1	QIZ20557.1	95.312	320	15	0	1	320	1	320	0.0	627
MDC1126189.1	QIZ20556.1	83.046	348	59	0	6	353	3	350	0.0	596
MDC1126190.1	QIZ20555.1	85.429	501	73	0	1	501	1	501	0.0	895
MDC1126192.1	QIZ20554.1	73.134	201	54	0	1	201	1	201	7.96e-98	278
MDC1126193.1	QIZ21495.1	58.566	251	104	0	1	251	1	251	2.74e-110	313
MDC1126195.1	QIZ21131.1	30.345	290	178	8	12	292	8	282	1.38e-26	101
MDC1126202.1	QIZ20595.1	48.083	339	158	5	1	324	1	336	5.33e-106	311
MDC1126203.1	QIZ20553.1	85.981	428	60	0	1	428	1	428	0.0	759
MDC1126204.1	QIZ20552.1	87.459	303	38	0	1	303	1	303	0.0	540
MDC1126205.1	QIZ20551.1	75.526	380	93	0	1	380	1	380	0.0	606
MDC1126206.1	QIZ21440.1	42.712	295	161	3	6	292	8	302	2.23e-81	248
MDC1126209.1	QIZ21344.1	60.993	282	109	1	1	281	1	282	7.32e-121	343
MDC1126210.1	QIZ21518.1	53.459	318	148	0	1	318	1	318	3.40e-118	339
MDC1126213.1	QIZ20550.1	78.979	333	66	2	1	329	1	333	0.0	508
MDC1126214.1	QIZ20549.1	90.179	224	22	0	1	224	414	637	2.03e-146	418
MDC1126215.1	QIZ21483.1	91.731	387	32	0	1	387	1	387	0.0	737
MDC1126216.1	QIZ21484.1	86.692	263	35	0	1	263	1	263	3.29e-174	476
MDC1126217.1	QIZ21485.1	95.009	561	28	0	1	561	1	561	0.0	1091
MDC1126218.1	QIZ21486.1	95.455	418	19	0	1	418	1	418	0.0	828
MDC1126219.1	QIZ21487.1	92.045	88	7	0	1	88	1	88	1.01e-61	178
MDC1126220.1	QIZ21488.1	90.882	998	91	0	1	998	1	998	0.0	1916
MDC1126221.1	QIZ21489.1	62.051	195	74	0	1	195	1	195	3.03e-91	261
MDC1126222.1	QIZ21490.1	76.241	282	67	0	1	282	1	282	2.44e-157	435
MDC1126224.1	QIZ21492.1	61.806	144	55	0	1	144	1	144	5.80e-62	183
MDC1126225.1	QIZ21493.1	75.000	248	62	0	1	248	1	248	7.20e-128	358
MDC1126226.1	QIZ21494.1	67.826	115	37	0	1	115	1	115	6.08e-60	175
MDC1126227.1	QIZ21496.1	98.529	68	1	0	1	68	1	68	8.57e-47	139
MDC1126228.1	QIZ21497.1	79.195	149	31	0	1	149	1	149	8.87e-87	246
MDC1126229.1	QIZ21498.1	77.477	333	74	1	16	348	16	347	0.0	532
MDC1126230.1	QIZ21499.1	80.982	163	31	0	1	163	1	163	6.24e-91	258
MDC1126231.1	QIZ21500.1	80.685	321	62	0	1	321	1	321	0.0	557
MDC1126232.1	QIZ21501.1	78.439	538	116	0	1	538	12	549	0.0	885
MDC1126233.1	QIZ21502.1	55.172	203	91	0	1	203	1	203	1.06e-79	232
MDC1126235.1	QIZ21503.1	85.083	181	27	0	1	181	1	181	2.30e-112	313
MDC1126236.1	QIZ21504.1	95.796	452	19	0	1	452	1	452	0.0	907
MDC1126237.1	QIZ21505.1	86.777	242	32	0	1	242	1	242	2.34e-159	437
MDC1126238.1	QIZ21506.1	75.266	376	93	0	3	378	22	397	0.0	628
MDC1126239.1	QIZ21507.1	77.612	134	30	0	1	134	1	134	1.62e-78	224
MDC1126240.1	QIZ21508.1	87.903	124	15	0	1	124	1	124	3.20e-84	237
MDC1126241.1	QIZ21509.1	84.047	257	41	0	3	259	5	261	1.88e-162	446
MDC1126242.1	QIZ21482.1	77.049	61	14	0	10	70	3	63	2.79e-32	102
MDC1126243.1	QIZ21510.1	52.308	130	62	0	5	134	11	140	1.52e-46	144
MDC1126247.1	QIZ21511.1	91.534	189	16	0	1	189	1	189	1.04e-130	360
MDC1126248.1	QIZ21512.1	62.500	136	51	0	22	157	31	166	1.46e-59	178
MDC1126249.1	QIZ21513.1	89.506	810	84	1	1	809	1	810	0.0	1508
MDC1126250.1	QIZ21514.1	84.337	249	39	0	1	249	1	249	1.46e-158	436
MDC1126251.1	QIZ21515.1	83.596	317	52	0	1	317	1	317	0.0	558
MDC1126252.1	QIZ21516.1	91.280	539	47	0	1	539	1	539	0.0	1040
MDC1126253.1	QIZ21519.1	83.065	124	21	0	1	124	1	124	9.95e-77	218
MDC1126254.1	QIZ21520.1	90.968	155	14	0	1	155	1	155	4.48e-109	303
MDC1126255.1	QIZ21521.1	87.065	201	26	0	1	201	1	201	2.99e-137	378
MDC1126256.1	QIZ21522.1	87.387	333	42	0	1	333	1	333	0.0	606
MDC1126257.1	QIZ21523.1	92.203	295	23	0	1	295	1	295	0.0	569
MDC1126258.1	QIZ21527.1	88.496	339	39	0	1	339	1	339	0.0	632
MDC1126260.1	QIZ21530.1	84.787	539	79	1	1	539	1	536	0.0	879
MDC1126261.1	QIZ21531.1	87.500	352	44	0	1	352	1	352	0.0	607
MDC1126262.1	QIZ21532.1	53.953	215	98	1	1	214	1	215	2.24e-76	226
MDC1126263.1	QIZ21533.1	59.223	103	42	0	1	103	1	103	2.20e-40	125
MDC1126264.1	QIZ21536.1	76.991	226	52	0	1	226	1	226	5.69e-133	369
MDC1126266.1	QIZ20215.1	82.069	145	26	0	1	145	1	145	5.69e-89	251
MDC1126267.1	QIZ21430.1	57.584	389	163	1	2	390	1	387	2.56e-151	429
MDC1126269.1	QIZ21538.1	61.739	115	44	0	1	115	1	115	1.36e-45	143
MDC1126270.1	QIZ20970.1	84.436	257	40	0	1	257	223	479	6.42e-159	446
MDC1126271.1	QIZ20969.1	81.800	1500	273	0	1	1500	1	1500	0.0	2595
MDC1126272.1	QIZ20967.1	70.732	246	72	0	1	246	1	246	2.44e-121	341
MDC1126273.1	QIZ20966.1	77.344	384	87	0	1	384	1	384	0.0	601
MDC1126274.1	QIZ20965.1	87.304	638	81	0	1	638	1	638	0.0	1186
MDC1126275.1	QIZ20964.1	91.160	181	16	0	1	181	1	181	1.24e-124	344
MDC1126276.1	QIZ20963.1	98.529	68	1	0	1	68	1	68	3.34e-44	132
MDC1126277.1	QIZ20962.1	94.068	118	7	0	1	118	1	118	3.36e-80	227
MDC1126278.1	QIZ20961.1	85.915	355	50	0	1	355	1	355	0.0	650
MDC1126279.1	QIZ20960.1	72.319	802	222	0	1	802	1	802	0.0	1148
MDC1126280.1	QIZ20959.1	91.973	598	48	0	1	598	4	601	0.0	1139
MDC1126281.1	QIZ20952.1	88.630	686	77	1	1	686	1	685	0.0	1259
MDC1126282.1	QIZ20951.1	68.075	426	136	0	1	426	1	426	0.0	579
MDC1126283.1	QIZ20950.1	69.040	604	180	4	1	599	1	602	0.0	830
MDC1126284.1	QIZ20949.1	91.975	324	26	0	1	324	1	324	0.0	634
MDC1126285.1	QIZ20948.1	78.857	175	37	0	1	175	1	175	1.91e-106	298
MDC1126286.1	QIZ20947.1	67.442	86	28	0	1	86	10	95	6.02e-36	113
MDC1126287.1	QIZ20946.1	66.120	366	124	0	1	366	1	366	1.65e-163	458
MDC1126288.1	QIZ20945.1	62.353	170	64	0	1	170	1	170	3.37e-74	216
MDC1126290.1	QIZ20944.1	56.345	591	249	4	1	587	1	586	0.0	618
MDC1126291.1	QIZ20943.1	81.977	172	30	1	1	171	1	172	1.81e-103	290
MDC1126292.1	QIZ20942.1	68.852	305	95	0	1	305	1	305	1.96e-158	440
MDC1126293.1	QIZ20941.1	70.325	246	73	0	1	246	1	246	3.79e-132	369
MDC1126294.1	QIZ20940.1	83.226	155	26	0	1	155	1	155	4.92e-98	275
MDC1126295.1	QIZ20939.1	80.583	309	60	0	1	309	1	309	0.0	529
MDC1126296.1	QIZ20937.1	78.646	384	82	0	1	384	1	384	0.0	636
MDC1126297.1	QIZ20936.1	74.638	276	69	1	1	276	1	275	1.75e-158	437
MDC1126298.1	QIZ20935.1	85.973	221	31	0	1	221	1	221	5.07e-146	402
MDC1126299.1	QIZ20934.1	70.139	288	86	0	1	288	1	288	5.68e-146	407
MDC1126300.1	QIZ20933.1	74.373	558	142	1	1	557	1	558	0.0	895
MDC1126301.1	QIZ20932.1	67.470	83	27	0	1	83	1	83	2.68e-37	115
MDC1126302.1	QIZ20931.1	78.947	114	23	1	1	113	1	114	1.35e-56	167
MDC1126304.1	QIZ20929.1	66.667	240	79	1	1	240	1	239	1.35e-112	318
MDC1126305.1	QIZ20928.1	87.692	65	8	0	1	65	1	65	6.81e-29	93.6
MDC1126306.1	QIZ20927.1	75.676	185	44	1	1	184	1	185	6.61e-99	280
MDC1126307.1	QIZ20926.1	81.055	417	79	0	1	417	1	417	0.0	675
MDC1126308.1	QIZ20925.1	71.318	129	37	0	1	129	1	129	3.96e-65	190
MDC1126309.1	QIZ20924.1	81.265	427	80	0	1	427	2	428	0.0	693
MDC1126310.1	QIZ20923.1	84.507	71	11	0	1	71	1	71	1.79e-41	125
MDC1126311.1	QIZ21496.1	67.692	65	21	0	3	67	2	66	1.17e-29	95.9
MDC1126312.1	QIZ20922.1	64.668	467	160	4	1	464	1	465	0.0	592
MDC1126313.1	QIZ20921.1	47.143	350	180	3	1	349	1	346	1.36e-111	325
MDC1126314.1	QIZ21087.1	44.578	249	130	3	1	246	1	244	4.56e-62	192
MDC1126315.1	QIZ20242.1	91.538	260	22	0	1	260	1	260	1.79e-178	487
MDC1126316.1	QIZ20241.1	86.250	80	11	0	1	80	1	80	9.56e-47	139
MDC1126317.1	QIZ20240.1	81.057	227	43	0	1	227	1	227	1.84e-140	388
MDC1126318.1	QIZ20239.1	85.989	728	102	0	1	728	1	728	0.0	1317
MDC1126319.1	QIZ20238.1	85.526	76	11	0	1	76	1	76	4.46e-46	137
MDC1126320.1	QIZ20237.1	83.636	110	18	0	1	110	1	110	1.15e-67	194
MDC1126322.1	QIZ20236.1	86.829	205	27	0	1	205	1	205	7.72e-140	385
MDC1126323.1	QIZ20235.1	75.000	236	59	0	1	236	1	236	3.41e-131	365
MDC1126324.1	QIZ20234.1	81.426	533	99	0	1	533	1	533	0.0	922
MDC1126325.1	QIZ20233.1	75.717	453	106	2	1	449	1	453	0.0	707
MDC1126326.1	QIZ20232.1	83.265	245	41	0	1	245	1	245	1.59e-155	427
MDC1126327.1	QIZ20231.1	90.196	459	45	0	1	459	1	459	0.0	875
MDC1126328.1	QIZ20230.1	83.168	606	102	0	1	606	1	606	0.0	1060
MDC1126329.1	QIZ20229.1	81.951	205	37	0	1	205	1	205	5.56e-118	329
MDC1126330.1	QIZ20228.1	78.855	227	48	0	1	227	1	227	1.57e-140	388
MDC1126331.1	QIZ20227.1	88.600	500	57	0	1	500	1	500	0.0	926
MDC1126332.1	QIZ20226.1	93.960	298	18	0	1	298	1	298	0.0	581
MDC1126333.1	QIZ20225.1	86.096	374	52	0	1	374	1	374	0.0	675
MDC1126334.1	QIZ20222.1	90.000	330	31	1	8	337	15	342	0.0	632
MDC1126335.1	QIZ20221.1	90.233	645	63	0	1	645	1	645	0.0	1230
MDC1126336.1	QIZ20220.1	86.667	210	28	0	1	210	1	210	1.46e-127	364
MDC1126339.1	QIZ21364.1	65.306	196	64	2	1	193	3	197	9.92e-87	249
MDC1126340.1	QIZ21365.1	56.061	264	113	2	2	265	1	261	1.07e-109	313
MDC1126341.1	QIZ21366.1	67.083	240	79	0	1	240	3	242	9.26e-110	312
MDC1126342.1	QIZ21367.1	90.323	155	15	0	1	155	1	155	4.45e-107	298
MDC1126343.1	QIZ21368.1	77.264	497	106	3	1	492	1	495	0.0	705
MDC1126344.1	QIZ21369.1	71.726	336	95	0	1	336	1	336	1.75e-176	488
MDC1126345.1	QIZ21370.1	53.125	96	44	1	1	96	1	95	3.18e-26	89.4
MDC1126346.1	QIZ21371.1	61.290	558	211	3	5	561	6	559	0.0	697
MDC1126347.1	QIZ21372.1	57.733	944	396	1	1	944	1	941	0.0	1019
MDC1126349.1	QIZ21373.1	56.103	426	181	4	8	430	8	430	4.80e-150	429
MDC1126350.1	QIZ21374.1	69.565	368	112	0	7	374	7	374	1.11e-171	479
MDC1126351.1	QIZ21375.1	48.315	356	183	1	1	355	1	356	5.61e-122	352
MDC1126352.1	QIZ21376.1	73.491	464	123	0	1	464	1	464	0.0	712
MDC1126353.1	QIZ21377.1	63.356	292	107	0	10	301	21	312	5.53e-128	363
MDC1126354.1	QIZ21378.1	76.645	304	71	0	1	304	1	304	6.51e-158	439
MDC1126355.1	QIZ21379.1	36.161	224	123	4	5	215	7	223	5.27e-36	122
MDC1126356.1	QIZ21313.1	92.566	686	51	0	1	686	1	686	0.0	1325
MDC1126357.1	QIZ21314.1	93.985	399	24	0	1	399	1	399	0.0	780
MDC1126358.1	QIZ21249.1	31.332	533	341	11	65	586	57	575	2.41e-75	246
MDC1126359.1	QIZ21316.1	77.982	218	48	0	1	218	1	218	1.65e-119	334
MDC1126361.1	QIZ21317.1	95.223	314	15	0	1	314	1	314	0.0	625
MDC1126362.1	QIZ21318.1	83.439	314	52	0	1	314	1	314	0.0	541
MDC1126363.1	QIZ21319.1	91.781	219	18	0	1	219	1	219	1.15e-154	423
MDC1126364.1	QIZ21358.1	80.627	351	68	0	1	351	1	351	0.0	566
MDC1126365.1	QIZ21359.1	89.013	1074	118	0	1	1074	1	1074	0.0	1976
MDC1126366.1	QIZ21360.1	84.416	385	59	1	1	384	1	385	0.0	669
MDC1126367.1	QIZ21361.1	75.000	152	38	0	1	152	1	152	5.45e-73	211
MDC1126368.1	QIZ21362.1	75.973	591	142	0	1	591	1	591	0.0	899
MDC1126369.1	QIZ21363.1	91.941	608	48	1	1	608	1	607	0.0	1142
MDC1126372.1	QIZ20834.1	28.736	348	216	8	9	342	1	330	2.09e-29	111
MDC1126374.1	QIZ20513.1	27.919	394	257	8	105	492	7	379	1.90e-36	134
MDC1126375.1	QIZ20593.1	80.169	590	117	0	5	594	2	591	0.0	1009
MDC1126376.1	QIZ21125.1	46.926	309	160	1	4	312	3	307	2.25e-95	281
MDC1126379.1	QIZ20487.1	34.625	413	262	5	20	427	21	430	7.89e-72	229
MDC1126380.1	QIZ20589.1	70.242	289	86	0	1	289	1	289	6.59e-152	422
MDC1126381.1	QIZ20592.1	91.498	247	21	0	1	247	1	247	2.98e-173	473
MDC1126382.1	QIZ20591.1	77.419	279	63	0	1	279	1	279	3.11e-166	457
MDC1126383.1	QIZ20605.1	32.190	379	213	9	26	390	43	391	6.05e-49	166
MDC1126384.1	QIZ20590.1	65.052	289	101	0	4	292	3	291	1.10e-115	331
MDC1126386.1	QIZ20587.1	75.319	235	58	0	1	235	1	235	8.23e-125	349
MDC1126387.1	QIZ20586.1	90.426	188	18	0	1	188	1	188	1.71e-127	352
MDC1126388.1	QIZ20920.1	50.777	193	95	0	2	194	36	228	1.20e-66	200
MDC1126390.1	QIZ20908.1	48.261	230	112	3	1	223	1	230	9.94e-71	212
MDC1126391.1	QIZ20898.1	36.952	479	291	4	4	481	5	473	6.44e-113	337
MDC1126392.1	QIZ20897.1	57.944	107	42	2	1	105	1	106	8.18e-41	126
MDC1126393.1	QIZ20896.1	47.418	426	216	7	1	422	1	422	2.40e-135	390
MDC1126394.1	QIZ20895.1	73.377	308	82	0	1	308	1	308	0.0	498
MDC1126395.1	QIZ20894.1	81.749	263	48	0	3	265	2	264	2.22e-150	416
MDC1126396.1	QIZ20893.1	86.275	408	56	0	1	408	1	408	0.0	743
MDC1126397.1	QIZ20892.1	68.317	202	64	0	1	202	2	203	2.40e-99	282
MDC1126398.1	QIZ20891.1	82.609	230	40	0	1	230	1	230	1.20e-141	391
MDC1126399.1	QIZ20890.1	91.579	95	8	0	1	95	1	95	1.13e-61	178
MDC1126400.1	QIZ20889.1	83.681	576	93	1	1	575	1	576	0.0	989
MDC1126401.1	QIZ20888.1	72.549	204	56	0	13	216	12	215	5.78e-103	292
MDC1126402.1	QIZ20887.1	65.632	419	141	2	20	436	20	437	0.0	528
MDC1126403.1	QIZ20886.1	78.210	257	56	0	1	257	1	257	1.42e-148	411
MDC1126405.1	QIZ21076.1	76.437	696	162	2	1	694	1	696	0.0	1025
MDC1126406.1	QIZ21075.1	52.717	184	85	1	1	182	1	184	1.47e-59	179
MDC1126407.1	QIZ21074.1	61.446	166	64	0	1	166	1	166	1.14e-74	217
MDC1126408.1	QIZ21073.1	77.686	121	27	0	1	121	1	121	2.65e-67	194
MDC1126409.1	QIZ21072.1	51.087	92	42	2	1	90	1	91	4.88e-23	80.9
MDC1126410.1	QIZ21071.1	88.048	251	30	0	1	251	1	251	7.44e-167	457
MDC1126411.1	QIZ21070.1	90.041	241	22	1	1	241	1	239	7.44e-158	433
MDC1126412.1	QIZ21068.1	87.500	208	26	0	1	208	1	208	5.88e-135	372
MDC1126413.1	QIZ21067.1	91.837	196	16	0	1	196	1	196	3.21e-135	372
MDC1126414.1	QIZ21066.1	88.889	171	19	0	1	171	1	171	1.43e-112	313
MDC1126415.1	QIZ21065.1	87.965	457	53	2	1	457	1	455	0.0	798
MDC1126416.1	QIZ21064.1	61.029	136	51	2	4	137	35	170	3.47e-53	161
MDC1126417.1	QIZ21063.1	71.212	198	56	1	1	198	1	197	2.49e-105	296
MDC1126418.1	QIZ21062.1	64.539	141	49	1	1	141	1	140	5.62e-52	157
MDC1126419.1	QIZ21061.1	59.286	140	57	0	1	140	1	140	1.20e-58	174
MDC1126420.1	QIZ21060.1	76.577	222	50	2	1	220	1	222	2.59e-126	352
MDC1126421.1	QIZ21059.1	62.712	177	66	0	1	177	1	177	2.58e-72	213
MDC1126422.1	QIZ21058.1	61.742	264	101	0	1	264	1	264	6.96e-115	326
MDC1126423.1	QIZ21057.1	70.312	192	57	0	1	192	1	192	7.80e-94	267
MDC1126424.1	QIZ21056.1	76.707	249	58	0	1	249	21	269	3.26e-145	403
MDC1126425.1	QIZ21234.1	90.306	392	38	0	1	392	1	392	0.0	731
MDC1126426.1	QIZ21233.1	95.199	604	29	0	1	604	1	604	0.0	1189
MDC1126427.1	QIZ21232.1	64.186	215	77	0	1	215	1	215	3.39e-91	262
MDC1126428.1	QIZ21231.1	79.204	226	47	0	1	226	1	226	1.04e-135	376
MDC1126429.1	QIZ21230.1	69.470	321	98	0	1	321	1	321	2.28e-160	446
MDC1126430.1	QIZ21229.1	71.526	439	124	1	1	438	1	439	0.0	610
MDC1126431.1	QIZ21228.1	84.255	470	74	0	1	470	1	470	0.0	832
MDC1126432.1	QIZ21226.1	76.991	113	26	0	1	113	1	113	6.13e-63	183
MDC1126433.1	QIZ21526.1	56.410	78	34	0	16	93	16	93	4.18e-30	99.0
MDC1126435.1	QIZ20384.1	79.570	93	19	0	1	93	1	93	2.77e-51	154
MDC1126436.1	QIZ20385.1	85.781	858	112	2	1	858	1	848	0.0	1459
MDC1126437.1	QIZ20386.1	88.235	153	15	2	1	150	1	153	7.97e-92	259
MDC1126438.1	QIZ20387.1	93.668	379	24	0	1	379	1	379	0.0	735
MDC1126439.1	QIZ20387.1	96.825	63	2	0	1	63	479	541	3.98e-36	122
MDC1126440.1	QIZ20387.1	93.059	389	27	0	1	389	560	948	0.0	754
MDC1126440.1	QIZ20387.1	40.000	190	97	2	213	386	413	601	4.01e-38	141
MDC1126441.1	QIZ20388.1	84.000	200	29	1	1	200	1	197	9.09e-121	336
MDC1126442.1	QIZ21085.1	26.227	591	397	15	44	614	102	673	4.83e-46	168
MDC1126443.1	QIZ20395.1	77.941	68	13	1	1	66	1	68	7.26e-34	106
MDC1126444.1	QIZ20394.1	66.154	65	19	1	1	65	1	62	1.89e-22	77.8
MDC1126445.1	QIZ20393.1	85.792	183	26	0	1	183	1	183	5.20e-116	325
MDC1126447.1	QIZ20332.1	96.053	152	6	0	1	152	1	152	2.70e-107	298
MDC1126448.1	QIZ20331.1	91.264	435	38	0	1	435	1	435	0.0	829
MDC1126449.1	QIZ20330.1	81.560	141	26	0	1	141	1	141	8.39e-84	238
MDC1126450.1	QIZ20329.1	86.385	213	29	0	1	213	1	213	1.51e-147	405
MDC1126451.1	QIZ20328.1	78.419	329	71	0	1	329	1	329	0.0	542
MDC1126452.1	QIZ20327.1	66.522	230	69	2	1	226	1	226	1.71e-101	289
MDC1126453.1	QIZ20326.1	69.863	219	66	0	1	219	1	219	2.01e-105	299
MDC1126454.1	QIZ20325.1	70.661	242	71	0	3	244	2	243	3.91e-132	368
MDC1126455.1	QIZ20324.1	69.118	68	21	0	1	68	59	126	6.38e-31	100
MDC1126456.1	QIZ21432.1	86.400	375	50	1	6	379	23	397	0.0	624
MDC1126457.1	QIZ21431.1	79.365	252	52	0	1	252	1	252	5.66e-137	381
MDC1126458.1	QIZ21429.1	90.068	443	44	0	14	456	1	443	0.0	781
MDC1126459.1	QIZ21428.1	96.429	336	12	0	1	336	1	336	0.0	644
MDC1126460.1	QIZ21427.1	92.766	235	17	0	1	235	1	235	1.06e-154	425
MDC1126461.1	QIZ21426.1	93.171	205	14	0	1	205	60	264	9.88e-141	389
MDC1126462.1	QIZ20372.1	52.158	278	130	2	1	275	33	310	2.41e-88	261
MDC1126463.1	QIZ20371.1	77.778	513	114	0	1	513	1	513	0.0	838
MDC1126464.1	QIZ20370.1	67.857	252	80	1	1	251	1	252	8.87e-119	335
MDC1126465.1	QIZ20369.1	61.328	256	98	1	1	256	3	257	3.32e-114	324
MDC1126466.1	QIZ20368.1	68.824	170	53	0	14	183	1	170	2.62e-84	242
MDC1126467.1	QIZ20367.1	79.365	189	39	0	19	207	202	390	2.31e-99	289
MDC1126469.1	QIZ20247.1	82.443	131	23	0	1	131	1	131	4.77e-78	223
MDC1126470.1	QIZ20246.1	83.534	249	41	0	1	249	1	249	5.14e-156	429
MDC1126471.1	QIZ20245.1	78.440	218	47	0	1	218	1	218	1.11e-126	353
MDC1126472.1	QIZ20244.1	85.156	256	38	0	1	256	1	256	5.17e-171	468
MDC1126473.1	QIZ20243.1	90.173	346	34	0	1	346	1	346	0.0	664
MDC1126474.1	QIZ20419.1	95.087	346	17	0	1	346	1	346	0.0	691
MDC1126475.1	QIZ20418.1	85.039	381	57	0	1	381	1	381	0.0	617
MDC1126476.1	QIZ20417.1	83.568	426	67	1	1	423	1	426	0.0	721
MDC1126477.1	QIZ20416.1	92.623	244	18	0	1	244	1	244	9.23e-172	468
MDC1126478.1	QIZ20432.1	83.069	189	32	0	1	189	350	538	6.86e-115	333
MDC1126479.1	QIZ20431.1	90.876	274	25	0	1	274	1	274	0.0	495
MDC1126480.1	QIZ20430.1	82.536	418	73	0	1	418	1	418	0.0	691
MDC1126481.1	QIZ20429.1	71.000	100	29	0	1	100	1	100	1.02e-43	133
MDC1126482.1	QIZ20428.1	81.699	306	56	0	1	306	3	308	0.0	519
MDC1126483.1	QIZ20427.1	68.966	145	45	0	1	145	1	145	3.82e-74	214
MDC1126484.1	QIZ20426.1	58.730	126	52	0	1	126	27	152	2.40e-47	145
MDC1126485.1	QIZ21297.1	70.270	74	22	0	1	74	112	185	3.81e-32	105
MDC1126486.1	QIZ21296.1	88.796	357	40	0	1	357	1	357	0.0	661
MDC1126487.1	QIZ21295.1	80.000	260	50	2	1	259	1	259	8.57e-149	412
MDC1126488.1	QIZ21294.1	94.272	419	24	0	1	419	1	419	0.0	786
MDC1126489.1	QIZ21293.1	88.166	169	20	0	1	169	1	169	4.31e-107	299
MDC1126491.1	QIZ20409.1	97.222	72	2	0	1	72	1	72	6.05e-46	137
MDC1126493.1	QIZ20410.1	93.458	214	14	0	4	217	2	215	8.65e-146	400
MDC1126494.1	QIZ20411.1	89.028	319	35	0	1	319	3	321	0.0	580
MDC1126496.1	QIZ20412.1	85.211	142	21	0	1	142	259	400	8.40e-75	224
MDC1126497.1	QIZ20468.1	89.884	346	35	0	1	346	1	346	0.0	662
MDC1126498.1	QIZ20469.1	89.165	443	48	0	1	443	1	443	0.0	841
MDC1126499.1	QIZ20470.1	85.644	202	29	0	1	202	1	202	6.46e-135	372
MDC1126500.1	QIZ20471.1	94.558	147	8	0	1	147	245	391	1.61e-101	292
MDC1126502.1	QIZ21525.1	89.882	425	42	1	1	424	1	425	0.0	813
MDC1126503.1	QIZ20218.1	80.319	376	74	0	4	379	5	380	0.0	643
MDC1126504.1	QIZ20540.1	82.955	176	30	0	1	176	80	255	1.90e-103	293
MDC1126506.1	QIZ20359.1	64.465	318	100	2	1	318	1	305	1.05e-155	434
MDC1126508.1	QIZ20357.1	83.448	145	24	0	1	145	1	145	2.78e-90	254
MDC1126509.1	QIZ20356.1	93.478	92	6	0	1	92	4	95	1.93e-59	172
MDC1126510.1	QIZ21480.1	89.571	326	34	0	1	326	1	326	0.0	624
MDC1126512.1	QIZ21481.1	76.923	52	12	0	1	52	1	52	1.28e-24	88.6
MDC1126513.1	QIZ21481.1	86.957	69	9	0	1	69	176	244	1.37e-37	123
MDC1126514.1	QIZ20367.1	83.333	114	19	0	1	114	1	114	5.04e-64	194
MDC1126515.1	QIZ20366.1	39.655	174	88	5	1	164	1	167	1.28e-29	102
MDC1126516.1	QIZ20365.1	70.968	93	27	0	1	93	1	93	6.81e-44	133
MDC1126517.1	QIZ20364.1	89.058	329	36	0	1	329	1	329	0.0	598
MDC1126518.1	QIZ20363.1	70.794	315	92	0	1	315	1	315	1.05e-171	474
MDC1126519.1	QIZ20339.1	55.285	123	55	0	1	123	31	153	6.69e-45	139
MDC1126520.1	QIZ20338.1	90.728	701	65	0	1	701	1	701	0.0	1244
MDC1126521.1	QIZ20337.1	57.368	190	81	0	1	190	130	319	3.20e-67	204
MDC1126525.1	QIZ20333.1	75.127	197	49	0	1	197	1	197	8.96e-109	305
MDC1126526.1	QIZ20334.1	92.077	366	29	0	1	366	1	366	0.0	644
MDC1126527.1	QIZ20335.1	82.031	128	23	0	1	128	1	128	1.21e-73	211
MDC1126528.1	QIZ20412.1	87.179	117	15	0	1	117	1	117	6.35e-72	215
MDC1126529.1	QIZ20413.1	93.007	572	40	0	1	572	1	572	0.0	1103
MDC1126530.1	QIZ20414.1	75.510	49	12	0	2	50	827	875	2.68e-21	79.7
MDC1126531.1	QIZ20478.1	69.677	155	42	2	1	151	333	486	1.92e-62	194
MDC1126532.1	QIZ20477.1	86.700	203	27	0	1	203	1	203	3.53e-135	373
MDC1126533.1	QIZ20476.1	96.264	348	13	0	1	348	1	348	0.0	698
MDC1126534.1	QIZ20795.1	52.353	340	155	4	1	339	1	334	4.24e-116	335
MDC1126535.1	QIZ20846.1	31.984	247	152	5	32	277	32	263	1.55e-27	105
MDC1126536.1	QIZ20408.1	67.361	144	39	2	4	141	1	142	4.17e-64	195
MDC1126537.1	QIZ20407.1	71.951	246	69	0	1	246	3	248	5.85e-132	368
MDC1126538.1	QIZ20406.1	81.569	255	47	0	1	255	1	255	2.27e-150	416
