MDA8918107.1	QIZ21145.1	94.118	102	6	0	1	102	1	102	8.59e-66	191
MDA8918108.1	QIZ21144.1	97.124	452	13	0	1	452	1	452	0.0	883
MDA8918109.1	QIZ21143.1	78.102	274	60	0	1	274	1	274	1.31e-154	427
MDA8918110.1	QIZ21142.1	90.492	305	29	0	1	305	1	305	0.0	558
MDA8918111.1	QIZ21141.1	94.652	187	10	0	1	187	1	187	3.29e-130	358
MDA8918112.1	QIZ21140.1	89.764	254	26	0	19	272	19	272	9.00e-174	476
MDA8918113.1	QIZ21139.1	94.539	293	16	0	1	293	1	293	0.0	519
MDA8918114.1	QIZ21138.1	96.610	59	2	0	1	59	1	59	1.42e-37	114
MDA8918115.1	QIZ21137.1	97.303	445	12	0	1	445	1	445	0.0	897
MDA8918116.1	QIZ21136.1	99.338	453	3	0	1	453	1	453	0.0	889
MDA8918117.1	QIZ21135.1	98.462	195	3	0	1	195	1	195	1.47e-145	398
MDA8918118.1	QIZ21134.1	98.442	385	5	1	1	384	1	385	0.0	778
MDA8918120.1	QIZ21133.1	91.597	357	30	0	1	357	1	357	0.0	679
MDA8918121.1	QIZ21132.1	94.150	359	21	0	1	359	1	359	0.0	683
MDA8918122.1	QIZ21131.1	98.936	282	3	0	1	282	1	282	0.0	551
MDA8918123.1	QIZ21130.1	98.252	286	5	0	1	286	1	286	0.0	561
MDA8918124.1	QIZ21129.1	99.022	511	5	0	1	511	1	511	0.0	1044
MDA8918125.1	QIZ21128.1	99.433	353	2	0	1	353	1	353	0.0	708
MDA8918126.1	QIZ21127.1	95.556	360	16	0	1	360	1	360	0.0	659
MDA8918127.1	QIZ21126.1	96.766	402	13	0	1	402	1	402	0.0	759
MDA8918128.1	QIZ21125.1	91.798	317	26	0	1	317	1	317	0.0	603
MDA8918131.1	QIZ21124.1	33.095	420	274	5	57	473	41	456	2.38e-72	232
MDA8918132.1	QIZ21123.1	95.596	386	17	0	1	386	1	386	0.0	750
MDA8918133.1	QIZ21122.1	92.428	383	29	0	1	383	1	383	0.0	755
MDA8918134.1	QIZ21120.1	88.514	148	17	0	22	169	22	169	1.99e-96	272
MDA8918135.1	QIZ21119.1	82.787	122	21	0	1	122	1	122	1.07e-60	178
MDA8918136.1	QIZ21118.1	72.832	173	47	0	1	173	1	173	5.57e-95	268
MDA8918137.1	QIZ21117.1	91.346	624	54	0	1	624	1	624	0.0	1085
MDA8918138.1	QIZ21116.1	95.652	138	6	0	1	138	1	138	1.95e-94	265
MDA8918139.1	QIZ21115.1	90.667	75	7	0	1	75	1	75	1.94e-47	140
MDA8918140.1	QIZ21114.1	95.763	236	10	0	1	236	1	236	1.21e-166	455
MDA8918141.1	QIZ21113.1	96.226	106	4	0	1	106	1	106	6.88e-76	215
MDA8918142.1	QIZ21112.1	91.257	183	16	0	1	183	1	183	5.06e-123	340
MDA8918143.1	QIZ21111.1	91.228	114	10	0	1	114	1	114	5.37e-73	208
MDA8918144.1	QIZ21110.1	97.233	253	7	0	1	253	1	253	4.75e-179	488
MDA8918145.1	QIZ21109.1	91.594	345	29	0	1	345	1	345	0.0	670
MDA8918146.1	QIZ21108.1	76.647	167	39	0	1	167	1	167	5.52e-98	276
MDA8918147.1	QIZ21107.1	96.203	395	15	0	1	395	1	395	0.0	779
MDA8918148.1	QIZ21106.1	81.373	204	38	0	1	204	1	204	2.90e-123	343
MDA8918149.1	QIZ21105.1	87.500	152	17	1	1	150	1	152	1.38e-85	243
MDA8918150.1	QIZ21104.1	91.935	124	10	0	1	124	1	124	1.37e-78	223
MDA8918151.1	QIZ21103.1	90.526	380	36	0	1	380	1	380	0.0	711
MDA8918152.1	QIZ21102.1	97.512	201	5	0	1	201	1	201	1.81e-136	376
MDA8918154.1	QIZ21101.1	92.887	239	17	0	1	239	1	239	6.60e-170	463
MDA8918155.1	QIZ21100.1	91.304	138	12	0	1	138	1	138	1.05e-87	247
MDA8918156.1	QIZ21099.1	100.000	40	0	0	1	40	1	40	6.16e-24	79.3
MDA8918157.1	QIZ21098.1	91.743	109	9	0	1	109	1	109	7.53e-76	215
MDA8918158.1	QIZ21097.1	94.556	496	27	0	1	496	1	496	0.0	946
MDA8918159.1	QIZ21096.1	96.186	236	9	0	1	236	1	236	7.02e-170	463
MDA8918161.1	QIZ21095.1	92.353	340	26	0	15	354	24	363	0.0	643
MDA8918162.1	QIZ21094.1	92.571	350	26	0	1	350	1	350	0.0	672
MDA8918163.1	QIZ21093.1	97.509	281	7	0	1	281	1	281	0.0	551
MDA8918164.1	QIZ21092.1	92.708	96	7	0	1	96	1	96	1.22e-60	176
MDA8918165.1	QIZ21091.1	97.507	361	9	0	1	361	1	361	0.0	694
MDA8918166.1	QIZ21090.1	88.793	232	26	0	1	232	1	232	2.13e-155	426
MDA8918167.1	QIZ21089.1	90.228	307	30	0	1	307	1	307	0.0	559
MDA8918168.1	QIZ21088.1	91.036	357	32	0	1	357	1	357	0.0	669
MDA8918177.1	QIZ21086.1	90.511	137	13	0	1	137	1	137	5.83e-92	258
MDA8918178.1	QIZ21085.1	91.589	642	54	0	33	674	39	680	0.0	1231
MDA8918179.1	QIZ21084.1	63.592	206	75	0	1	206	1	206	4.97e-95	271
MDA8918180.1	QIZ21083.1	70.115	87	25	1	1	87	1	86	5.38e-40	123
MDA8918181.1	QIZ21082.1	87.043	602	78	0	1	602	1	602	0.0	1020
MDA8918182.1	QIZ21081.1	80.208	96	19	0	1	96	20	115	3.10e-55	163
MDA8918183.1	QIZ21080.1	89.498	219	23	0	1	219	1	219	2.28e-144	397
MDA8918185.1	QIZ21079.1	82.970	505	86	0	7	511	14	518	0.0	838
MDA8918187.1	QIZ21078.1	77.465	213	48	0	1	213	1	213	5.52e-121	338
MDA8918188.1	QIZ21077.1	63.859	368	126	2	1	365	14	377	1.96e-165	463
MDA8918189.1	QIZ21076.1	84.483	696	108	0	1	696	1	696	0.0	1143
MDA8918190.1	QIZ21075.1	67.935	184	59	0	1	184	1	184	6.66e-87	249
MDA8918191.1	QIZ21074.1	76.647	167	39	0	1	167	1	167	2.33e-95	269
MDA8918192.1	QIZ21073.1	92.562	121	9	0	1	121	1	121	2.50e-80	227
MDA8918193.1	QIZ21072.1	91.089	101	9	0	1	101	1	101	3.09e-63	182
MDA8918194.1	QIZ21071.1	93.227	251	17	0	1	251	1	251	7.22e-177	482
MDA8918195.1	QIZ21070.1	89.583	240	24	1	1	240	1	239	2.69e-158	434
MDA8918197.1	QIZ21068.1	87.500	208	26	0	1	208	1	208	7.25e-135	372
MDA8918198.1	QIZ21067.1	96.429	196	7	0	1	196	1	196	1.87e-143	393
MDA8918199.1	QIZ21066.1	96.491	171	6	0	1	171	1	171	2.21e-119	330
MDA8918200.1	QIZ21065.1	96.703	455	15	0	1	455	1	455	0.0	881
MDA8918202.1	QIZ21064.1	90.370	135	13	0	7	141	38	172	2.17e-85	243
MDA8918203.1	QIZ21063.1	86.935	199	24	1	1	199	1	197	2.32e-123	342
MDA8918204.1	QIZ21062.1	88.571	140	16	0	1	140	1	140	1.72e-80	229
MDA8918205.1	QIZ21061.1	78.571	140	30	0	1	140	1	140	4.05e-81	231
MDA8918206.1	QIZ21060.1	85.202	223	33	0	1	223	1	223	1.87e-142	393
MDA8918207.1	QIZ21059.1	73.563	174	46	0	1	174	1	174	2.33e-87	251
MDA8918208.1	QIZ21058.1	71.321	265	76	0	1	265	1	265	8.23e-139	387
MDA8918209.1	QIZ21057.1	80.729	192	37	0	1	192	1	192	3.05e-116	324
MDA8918210.1	QIZ21056.1	86.131	274	38	0	1	274	1	274	1.28e-177	486
MDA8918211.1	QIZ21055.1	87.988	333	40	0	1	333	1	333	0.0	609
MDA8918214.1	QIZ21052.1	97.387	421	11	0	1	421	1	421	0.0	830
MDA8918215.1	QIZ21590.1	66.667	225	75	0	1	225	1	225	4.88e-110	313
MDA8918216.1	QIZ21087.1	44.718	284	149	2	1	282	1	278	1.09e-77	233
MDA8918217.1	QIZ21050.1	84.424	443	69	0	1	443	1	443	0.0	759
MDA8918218.1	QIZ21049.1	95.185	623	30	0	1	623	1	623	0.0	1203
MDA8918219.1	QIZ21048.1	85.915	213	30	0	1	213	1	213	5.99e-135	373
MDA8918220.1	QIZ21047.1	93.182	264	18	0	1	264	1	264	0.0	507
MDA8918221.1	QIZ21046.1	88.652	282	32	0	1	282	1	282	0.0	503
MDA8918222.1	QIZ21045.1	78.550	331	71	0	1	331	1	331	0.0	512
MDA8918223.1	QIZ21044.1	46.809	141	70	3	15	153	17	154	1.39e-35	117
MDA8918224.1	QIZ21043.1	80.473	845	164	1	1	845	1	844	0.0	1427
MDA8918225.1	QIZ21042.1	70.286	175	51	1	5	179	5	178	1.52e-88	253
MDA8918226.1	QIZ21041.1	52.994	334	151	3	1	333	1	329	5.36e-105	306
MDA8918227.1	QIZ21040.1	66.857	175	58	0	1	175	1	175	2.33e-81	234
MDA8918228.1	QIZ21039.1	71.364	220	58	1	1	220	1	215	6.85e-115	323
MDA8918229.1	QIZ21038.1	75.926	162	39	0	1	162	1	162	8.13e-87	247
MDA8918230.1	QIZ21037.1	70.833	192	56	0	4	195	2	193	4.18e-86	248
MDA8918231.1	QIZ21036.1	82.524	309	54	0	1	309	1	309	0.0	525
MDA8918232.1	QIZ21035.1	88.000	200	24	0	18	217	18	217	1.73e-136	377
MDA8918233.1	QIZ21034.1	87.549	257	32	0	1	257	1	257	1.69e-166	456
MDA8918234.1	QIZ21033.1	94.652	374	18	2	1	373	1	373	0.0	687
MDA8918235.1	QIZ21032.1	95.072	629	30	1	1	629	1	628	0.0	1201
MDA8918236.1	QIZ21031.1	75.829	211	50	1	1	210	1	211	8.18e-109	306
MDA8918237.1	QIZ21030.1	76.020	196	47	0	3	198	5	200	4.90e-101	286
MDA8918238.1	QIZ21029.1	77.023	383	88	0	1	383	1	383	0.0	580
MDA8918239.1	QIZ21028.1	85.366	287	42	0	1	287	1	287	2.82e-173	476
MDA8918240.1	QIZ21027.1	89.848	197	20	0	1	197	1	197	1.09e-127	353
MDA8918241.1	QIZ21026.1	93.852	244	15	0	1	244	517	760	1.15e-168	480
MDA8918242.1	QIZ21022.1	74.054	185	48	0	1	185	27	211	1.00e-98	285
MDA8918243.1	QIZ21021.1	75.000	128	32	0	1	128	1	128	4.35e-67	194
MDA8918244.1	QIZ21020.1	96.324	136	5	0	1	136	1	136	9.03e-94	263
MDA8918245.1	QIZ21019.1	84.396	455	71	0	1	455	1	455	0.0	768
MDA8918246.1	QIZ21018.1	94.895	333	17	0	1	333	1	333	0.0	640
MDA8918247.1	QIZ21017.1	71.242	153	44	0	1	153	1	153	4.32e-65	191
MDA8918248.1	QIZ21016.1	74.633	477	121	0	16	492	19	495	0.0	698
MDA8918249.1	QIZ21015.1	91.517	389	33	0	1	389	1	389	0.0	725
MDA8918250.1	QIZ21014.1	97.099	517	15	0	1	517	14	530	0.0	1007
MDA8918251.1	QIZ21013.1	93.623	737	46	1	1	737	1	736	0.0	1370
MDA8918252.1	QIZ21012.1	93.443	122	8	0	1	122	1	122	2.35e-82	233
MDA8918253.1	QIZ21011.1	100.000	82	0	0	1	82	1	82	9.37e-56	162
MDA8918254.1	QIZ21010.1	98.406	690	11	0	1	690	1	690	0.0	1382
MDA8918256.1	QIZ21008.1	97.701	261	6	0	1	261	1	261	0.0	526
MDA8918257.1	QIZ21007.1	87.593	403	50	0	1	403	1	403	0.0	746
MDA8918258.1	QIZ21006.1	94.578	166	9	0	1	166	1	166	2.14e-116	322
MDA8918259.1	QIZ21005.1	92.958	142	10	0	1	142	1	142	9.43e-99	276
MDA8918260.1	QIZ21004.1	98.551	138	2	0	1	138	1	138	4.54e-100	278
MDA8918261.1	QIZ21003.1	95.485	443	20	0	1	443	1	443	0.0	888
MDA8918262.1	QIZ21002.1	84.264	197	31	0	1	197	1	197	8.88e-126	348
MDA8918263.1	QIZ21001.1	68.456	149	47	0	1	149	1	149	4.31e-72	209
MDA8918264.1	QIZ21000.1	82.470	251	44	0	1	251	1	251	2.02e-153	423
MDA8918265.1	QIZ20999.1	84.828	145	22	0	1	145	1	145	5.35e-93	261
MDA8918266.1	QIZ20998.1	83.541	401	66	0	1	401	1	401	0.0	686
MDA8918267.1	QIZ20997.1	91.188	522	46	0	1	522	1	522	0.0	947
MDA8918268.1	QIZ20996.1	88.462	234	27	0	1	234	1	234	1.14e-158	434
MDA8918269.1	QIZ20995.1	80.070	286	57	0	1	286	1	286	6.64e-164	452
MDA8918270.1	QIZ20994.1	95.349	86	4	0	1	86	1	86	9.37e-53	155
MDA8918271.1	QIZ20993.1	93.191	470	32	0	1	470	1	470	0.0	895
MDA8918272.1	QIZ20992.1	95.946	370	15	0	1	370	1	370	0.0	712
MDA8918273.1	QIZ20991.1	87.554	233	29	0	1	233	1	233	1.21e-143	397
MDA8918274.1	QIZ20990.1	83.416	404	67	0	1	404	1	404	0.0	682
MDA8918276.1	QIZ20989.1	92.018	451	36	0	1	451	1	451	0.0	837
MDA8918277.1	QIZ20988.1	76.608	171	40	0	1	171	1	171	9.37e-96	270
MDA8918278.1	QIZ20987.1	86.567	67	9	0	1	67	1	67	2.37e-28	92.4
MDA8918279.1	QIZ20986.1	81.651	218	40	0	1	218	1	218	3.75e-138	381
MDA8918280.1	QIZ20985.1	90.957	188	17	0	1	188	1	188	1.72e-131	362
MDA8918281.1	QIZ20984.1	89.266	177	19	0	1	177	1	177	7.18e-107	299
MDA8918282.1	QIZ20983.1	70.667	150	44	0	1	150	10	159	2.21e-70	205
MDA8918283.1	QIZ20982.1	76.768	198	46	0	1	198	1	198	2.65e-111	312
MDA8918284.1	QIZ20981.1	79.894	567	114	0	1	567	1	567	0.0	870
MDA8918285.1	QIZ20980.1	82.943	299	45	3	1	293	6	304	1.32e-157	437
MDA8918286.1	QIZ20979.1	96.296	108	4	0	1	108	1	108	1.50e-73	209
MDA8918287.1	QIZ20978.1	71.528	144	38	1	1	144	1	141	3.42e-65	191
MDA8918288.1	QIZ20977.1	88.986	799	88	0	1	799	3	801	0.0	1469
MDA8918289.1	QIZ21085.1	26.667	645	428	17	30	650	55	678	1.83e-52	187
MDA8918290.1	QIZ21314.1	25.464	377	249	13	1	354	3	370	2.35e-33	124
MDA8918293.1	QIZ20976.1	96.454	141	5	0	1	141	1	141	1.49e-99	278
MDA8918294.1	QIZ20975.1	91.899	395	32	0	1	395	1	395	0.0	750
MDA8918295.1	QIZ20974.1	97.431	1012	26	0	1	1012	1	1012	0.0	2065
MDA8918296.1	QIZ20973.1	89.362	423	44	1	1	422	1	423	0.0	771
MDA8918297.1	QIZ20972.1	96.610	295	10	0	1	295	1	295	0.0	569
MDA8918298.1	QIZ20971.1	91.250	240	21	0	1	240	1	240	6.94e-154	424
MDA8918299.1	QIZ20970.1	95.825	479	20	0	1	479	1	479	0.0	921
MDA8918300.1	QIZ20969.1	95.670	1501	65	0	1	1501	1	1501	0.0	2986
MDA8918301.1	QIZ20968.1	78.694	291	62	0	1	291	1	291	7.68e-169	465
MDA8918302.1	QIZ20967.1	81.600	250	46	0	1	250	1	250	2.38e-142	395
MDA8918303.1	QIZ20966.1	85.417	384	56	0	1	384	1	384	0.0	656
MDA8918304.1	QIZ20965.1	93.887	638	39	0	1	638	1	638	0.0	1257
MDA8918305.1	QIZ20964.1	96.685	181	6	0	1	181	1	181	1.08e-130	359
MDA8918306.1	QIZ20963.1	100.000	68	0	0	1	68	1	68	3.71e-45	134
MDA8918307.1	QIZ20962.1	99.153	118	1	0	1	118	1	118	2.49e-85	239
MDA8918308.1	QIZ20961.1	97.183	355	10	0	1	355	1	355	0.0	711
MDA8918309.1	QIZ20960.1	94.389	802	45	0	1	802	1	802	0.0	1483
MDA8918310.1	QIZ20959.1	96.321	598	22	0	1	598	4	601	0.0	1186
MDA8918311.1	QIZ20952.1	95.912	685	28	0	1	685	1	685	0.0	1345
MDA8918312.1	QIZ20951.1	82.160	426	76	0	1	426	1	426	0.0	678
MDA8918313.1	QIZ20950.1	85.714	602	86	0	1	602	1	602	0.0	1031
MDA8918314.1	QIZ20949.1	97.222	324	9	0	1	324	1	324	0.0	662
MDA8918315.1	QIZ20948.1	96.571	175	6	0	1	175	1	175	2.46e-126	348
MDA8918316.1	QIZ20947.1	79.070	86	18	0	1	86	10	95	2.26e-45	137
MDA8918317.1	QIZ20946.1	74.317	366	94	0	1	366	1	366	0.0	527
MDA8918318.1	QIZ20945.1	75.882	170	41	0	1	170	1	170	9.59e-93	263
MDA8918320.1	QIZ20944.1	73.720	586	154	0	1	586	1	586	0.0	861
MDA8918321.1	QIZ20943.1	90.058	171	17	0	1	171	1	171	1.11e-112	313
MDA8918322.1	QIZ20942.1	70.358	307	91	0	1	307	1	307	6.32e-163	452
MDA8918323.1	QIZ20941.1	82.520	246	43	0	1	246	1	246	2.88e-156	429
MDA8918324.1	QIZ20940.1	88.679	159	18	0	1	159	1	159	1.88e-106	296
MDA8918325.1	QIZ20939.1	88.350	309	36	0	1	309	1	309	0.0	575
MDA8918326.1	QIZ21069.1	69.355	62	19	0	1	62	1	62	3.02e-29	94.4
MDA8918327.1	QIZ20937.1	88.021	384	46	0	1	384	1	384	0.0	702
MDA8918328.1	QIZ20936.1	73.551	276	72	1	1	276	1	275	8.43e-156	431
MDA8918329.1	QIZ20935.1	94.144	222	13	0	1	222	1	222	2.69e-155	425
MDA8918330.1	QIZ20934.1	84.028	288	46	0	1	288	1	288	4.47e-172	473
MDA8918331.1	QIZ20933.1	94.643	560	28	1	1	560	1	558	0.0	1087
MDA8918332.1	QIZ20932.1	100.000	83	0	0	1	83	1	83	7.85e-58	167
MDA8918333.1	QIZ20931.1	91.228	114	10	0	1	114	1	114	5.10e-71	203
MDA8918334.1	QIZ20930.1	100.000	54	0	0	1	54	1	54	3.72e-33	103
MDA8918335.1	QIZ20929.1	78.571	238	51	0	1	238	1	238	4.56e-138	383
MDA8918336.1	QIZ20928.1	93.846	65	4	0	1	65	1	65	6.15e-34	106
MDA8918337.1	QIZ20927.1	95.676	185	8	0	1	185	1	185	2.03e-131	362
MDA8918338.1	QIZ20926.1	88.249	417	49	0	1	417	1	417	0.0	745
MDA8918339.1	QIZ20925.1	84.733	131	20	0	1	131	1	131	2.00e-77	221
MDA8918340.1	QIZ20924.1	95.794	428	18	0	1	428	1	428	0.0	801
MDA8918341.1	QIZ20923.1	100.000	71	0	0	1	71	1	71	2.42e-50	147
MDA8918342.1	QIZ20922.1	70.664	467	133	3	1	465	1	465	0.0	647
MDA8918343.1	QIZ20921.1	47.143	350	180	3	1	349	1	346	5.65e-113	328
MDA8918344.1	QIZ20920.1	47.162	229	120	1	1	229	1	228	1.25e-74	221
MDA8918345.1	QIZ20918.1	75.980	204	49	0	1	204	1	204	8.78e-108	303
MDA8918346.1	QIZ20909.1	83.824	204	23	1	1	194	1	204	3.48e-119	332
MDA8918352.1	QIZ20911.1	69.444	180	54	1	1	180	8	186	2.25e-92	263
MDA8918353.1	QIZ20910.1	85.841	113	16	0	13	125	13	125	2.76e-73	210
MDA8918358.1	QIZ20610.1	87.845	181	22	0	1	181	1	181	9.00e-120	332
MDA8918359.1	QIZ20609.1	87.576	330	41	0	1	330	1	330	0.0	601
MDA8918360.1	QIZ20608.1	62.319	276	103	1	1	276	1	275	4.99e-123	348
MDA8918362.1	QIZ20606.1	95.833	480	20	0	1	480	1	480	0.0	959
MDA8918363.1	QIZ20605.1	96.419	391	14	0	1	391	1	391	0.0	791
MDA8918364.1	QIZ20604.1	95.770	331	14	0	1	331	1	331	0.0	590
MDA8918365.1	QIZ20603.1	97.826	322	7	0	1	322	1	322	0.0	644
MDA8918366.1	QIZ20602.1	74.556	169	43	0	1	169	1	169	1.15e-83	239
MDA8918367.1	QIZ20601.1	96.480	483	17	0	1	483	1	483	0.0	862
MDA8918368.1	QIZ20600.1	97.177	248	7	0	1	248	1	248	0.0	497
MDA8918369.1	QIZ20599.1	87.667	300	37	0	1	300	1	300	0.0	554
MDA8918370.1	QIZ20598.1	88.366	404	47	0	1	404	3	406	0.0	736
MDA8918371.1	QIZ20597.1	87.241	290	37	0	1	290	1	290	0.0	526
MDA8918372.1	QIZ20596.1	78.000	300	66	0	1	300	1	300	2.72e-170	469
MDA8918373.1	QIZ20595.1	80.601	366	65	3	1	360	1	366	0.0	598
MDA8918374.1	QIZ20594.1	92.095	253	20	0	1	253	1	253	3.30e-170	465
MDA8918375.1	QIZ20593.1	84.941	591	89	0	1	591	1	591	0.0	1072
MDA8918376.1	QIZ20592.1	96.761	247	8	0	1	247	1	247	0.0	495
MDA8918377.1	QIZ20591.1	92.143	280	22	0	1	280	1	280	0.0	533
MDA8918378.1	QIZ20590.1	93.515	293	19	0	1	293	1	293	6.93e-177	486
MDA8918379.1	QIZ20589.1	85.121	289	43	0	1	289	1	289	0.0	512
MDA8918380.1	QIZ20588.1	83.929	280	45	0	1	280	1	280	0.0	499
MDA8918381.1	QIZ20587.1	88.511	235	27	0	1	235	1	235	1.23e-149	412
MDA8918382.1	QIZ20586.1	75.521	192	47	0	1	192	1	192	5.97e-111	310
MDA8918383.1	QIZ20585.1	89.179	268	29	0	1	268	1	268	1.26e-178	488
MDA8918384.1	QIZ20584.1	55.738	183	81	0	5	187	4	186	3.18e-72	212
MDA8918385.1	QIZ20583.1	91.304	115	10	0	1	115	1	115	2.07e-76	217
MDA8918386.1	QIZ20582.1	97.297	111	3	0	1	111	1	111	9.47e-74	210
MDA8918387.1	QIZ20580.1	87.671	73	9	0	1	73	1	73	5.17e-44	132
MDA8918388.1	QIZ20579.1	90.826	109	10	0	1	109	1	109	6.57e-66	190
MDA8918389.1	QIZ20578.1	98.529	68	1	0	1	68	1	68	2.39e-45	135
MDA8918390.1	QIZ20577.1	100.000	106	0	0	1	106	1	106	3.45e-76	216
MDA8918391.1	QIZ20576.1	97.959	98	2	0	1	98	1	98	2.31e-66	190
MDA8918393.1	QIZ20563.1	47.018	285	143	6	27	306	13	294	1.05e-76	233
MDA8918394.1	QIZ20571.1	84.375	96	14	1	9	103	1	96	6.85e-57	166
MDA8918395.1	QIZ20570.1	97.826	138	3	0	1	138	1	138	6.52e-100	278
MDA8918396.1	QIZ20569.1	97.598	333	8	0	1	333	1	333	0.0	655
MDA8918397.1	QIZ20568.1	92.708	192	14	0	1	192	1	192	9.36e-133	365
MDA8918398.1	QIZ20567.1	97.015	134	4	0	1	134	1	134	7.63e-100	278
MDA8918399.1	QIZ20562.1	97.972	493	10	0	1	493	1	493	0.0	990
MDA8918400.1	QIZ20561.1	99.133	346	3	0	1	346	1	346	0.0	706
MDA8918401.1	QIZ20560.1	98.829	427	5	0	1	427	1	427	0.0	808
MDA8918402.1	QIZ20559.1	99.338	151	1	0	1	151	19	169	5.90e-110	305
MDA8918403.1	QIZ20557.1	99.062	320	3	0	1	320	1	320	0.0	650
MDA8918404.1	QIZ20556.1	94.286	350	20	0	1	350	1	350	0.0	671
MDA8918405.1	QIZ20555.1	95.409	501	23	0	1	501	1	501	0.0	974
MDA8918406.1	QIZ20554.1	72.637	201	55	0	1	201	1	201	3.10e-98	279
MDA8918407.1	QIZ20553.1	89.252	428	46	0	1	428	1	428	0.0	784
MDA8918408.1	QIZ20552.1	95.050	303	15	0	1	303	1	303	0.0	581
MDA8918409.1	QIZ20551.1	87.071	379	49	0	1	379	1	379	0.0	687
MDA8918411.1	QIZ20550.1	93.413	334	22	0	1	334	1	334	0.0	614
MDA8918415.1	QIZ20549.1	94.819	637	33	0	1	637	1	637	0.0	1236
MDA8918416.1	QIZ20548.1	98.113	265	5	0	1	265	1	265	0.0	527
MDA8918417.1	QIZ20547.1	87.898	314	37	1	1	313	1	314	0.0	551
MDA8918418.1	QIZ20546.1	98.438	448	7	0	1	448	1	448	0.0	927
MDA8918419.1	QIZ20545.1	97.027	370	11	0	1	370	1	370	0.0	727
MDA8918420.1	QIZ20544.1	94.611	167	9	0	1	167	1	167	8.17e-116	321
MDA8918421.1	QIZ20542.1	50.844	474	230	1	3	473	2	475	9.03e-159	455
MDA8918422.1	QIZ20541.1	85.852	311	44	0	1	311	1	311	0.0	543
MDA8918423.1	QIZ20540.1	93.333	255	17	0	1	255	1	255	4.33e-174	475
MDA8918424.1	QIZ20539.1	96.809	376	12	0	1	376	2	377	0.0	740
MDA8918425.1	QIZ20538.1	100.000	91	0	0	1	91	1	91	2.32e-63	182
MDA8918426.1	QIZ20537.1	96.998	433	13	0	1	433	1	433	0.0	835
MDA8918427.1	QIZ20536.1	89.542	153	16	0	1	153	1	153	4.51e-78	224
MDA8918429.1	QIZ20533.1	81.102	127	24	0	1	127	1	127	1.27e-77	221
MDA8918430.1	QIZ20532.1	69.588	194	58	1	1	193	1	194	2.48e-98	279
MDA8918431.1	QIZ20531.1	94.904	157	8	0	1	157	1	157	2.96e-107	298
MDA8918432.1	QIZ20530.1	95.652	184	8	0	1	184	1	184	9.91e-128	352
MDA8918434.1	QIZ20529.1	92.969	256	18	0	1	256	1	256	3.79e-176	481
MDA8918436.1	QIZ20528.1	95.455	66	3	0	1	66	1	66	8.58e-41	124
MDA8918437.1	QIZ20527.1	95.957	371	15	0	1	371	1	371	0.0	726
MDA8918438.1	QIZ20526.1	91.816	391	32	0	1	391	1	391	0.0	751
MDA8918439.1	QIZ20525.1	63.210	405	149	0	1	405	1	405	0.0	509
MDA8918440.1	QIZ20524.1	80.103	387	77	0	14	400	1	387	0.0	598
MDA8918441.1	QIZ20523.1	83.784	185	30	0	1	185	1	185	1.94e-105	296
MDA8918442.1	QIZ20522.1	76.953	256	59	0	1	256	1	256	1.09e-140	391
MDA8918443.1	QIZ20521.1	81.818	132	24	0	1	132	1	132	2.01e-80	228
MDA8918444.1	QIZ20520.1	78.868	265	54	1	1	265	2	264	1.13e-160	442
MDA8918445.1	QIZ20519.1	98.077	156	3	0	1	156	1	156	9.26e-118	325
MDA8918446.1	QIZ20518.1	98.869	619	7	0	1	619	1	619	0.0	1292
MDA8918447.1	QIZ20517.1	93.966	116	7	0	1	116	1	116	1.15e-80	228
MDA8918449.1	QIZ20516.1	78.933	356	75	0	1	356	1	356	0.0	521
MDA8918450.1	QIZ20851.1	30.581	327	195	8	15	338	2	299	9.46e-39	136
MDA8918451.1	QIZ20225.1	95.187	374	18	0	1	374	1	374	0.0	738
MDA8918452.1	QIZ20226.1	96.644	298	10	0	1	298	1	298	0.0	596
MDA8918453.1	QIZ20227.1	97.400	500	13	0	1	500	1	500	0.0	1002
MDA8918454.1	QIZ20228.1	95.197	229	11	0	1	229	1	229	2.96e-166	453
MDA8918455.1	QIZ20229.1	95.169	207	10	0	1	207	1	207	2.24e-139	384
MDA8918456.1	QIZ20230.1	96.700	606	20	0	1	606	1	606	0.0	1210
MDA8918458.1	QIZ20231.1	93.246	459	31	0	1	459	1	459	0.0	909
MDA8918459.1	QIZ20232.1	91.837	245	20	0	1	245	1	245	1.99e-171	468
MDA8918460.1	QIZ20233.1	90.508	453	43	0	1	453	1	453	0.0	838
MDA8918461.1	QIZ20234.1	95.872	533	22	0	1	533	1	533	0.0	1061
MDA8918462.1	QIZ20235.1	91.561	237	20	0	1	237	1	237	3.36e-161	441
MDA8918463.1	QIZ20236.1	90.244	205	20	0	1	205	1	205	8.32e-142	389
MDA8918465.1	QIZ20237.1	89.908	109	11	0	1	109	1	109	6.56e-73	207
MDA8918466.1	QIZ20238.1	89.474	76	8	0	1	76	1	76	5.66e-47	139
MDA8918467.1	QIZ20239.1	95.330	728	34	0	1	728	1	728	0.0	1437
MDA8918468.1	QIZ20240.1	95.595	227	10	0	1	227	1	227	1.52e-164	449
MDA8918469.1	QIZ20241.1	95.833	48	2	0	1	48	33	80	5.25e-29	93.6
MDA8918471.1	QIZ20908.1	75.641	234	57	0	1	234	1	234	2.09e-124	348
MDA8918472.1	QIZ20907.1	100.000	88	0	0	1	88	1	88	1.25e-61	177
MDA8918473.1	QIZ20906.1	98.958	96	1	0	1	96	1	96	2.01e-67	192
MDA8918474.1	QIZ20905.1	74.497	298	59	5	1	295	1	284	6.16e-155	430
MDA8918475.1	QIZ20904.1	99.375	160	1	0	1	160	1	160	4.88e-113	313
MDA8918476.1	QIZ20903.1	100.000	61	0	0	1	61	1	61	3.56e-41	124
MDA8918477.1	QIZ20902.1	98.679	530	7	0	1	530	1	530	0.0	1078
MDA8918478.1	QIZ20901.1	99.367	316	2	0	1	316	1	316	0.0	630
MDA8918479.1	QIZ20900.1	49.429	350	171	2	1	350	1	344	3.91e-126	361
MDA8918480.1	QIZ20899.1	95.294	85	4	0	1	85	1	85	3.37e-55	161
MDA8918481.1	QIZ20898.1	99.789	473	1	0	1	473	1	473	0.0	974
MDA8918482.1	QIZ20897.1	100.000	107	0	0	1	107	1	107	6.18e-78	220
MDA8918483.1	QIZ20896.1	95.261	422	20	0	1	422	1	422	0.0	823
MDA8918484.1	QIZ20895.1	85.065	308	46	0	1	308	1	308	0.0	564
MDA8918485.1	QIZ20894.1	91.667	264	22	0	1	264	1	264	2.17e-165	454
MDA8918486.1	QIZ20893.1	95.110	409	20	0	2	410	1	409	0.0	802
MDA8918487.1	QIZ20892.1	77.833	203	45	0	3	205	5	207	2.37e-117	328
MDA8918488.1	QIZ20891.1	35.931	231	140	5	1	225	1	229	2.40e-36	123
MDA8918489.1	QIZ20890.1	85.263	95	14	0	1	95	1	95	1.32e-57	168
MDA8918490.1	QIZ20889.1	94.097	576	34	0	1	576	1	576	0.0	1104
MDA8918491.1	QIZ20888.1	87.864	206	25	0	12	217	12	217	4.53e-128	356
MDA8918492.1	QIZ20887.1	82.311	424	75	0	19	442	19	442	0.0	679
MDA8918493.1	QIZ20886.1	86.047	258	36	0	1	258	1	258	4.68e-164	450
MDA8918494.1	QIZ20885.1	58.549	193	79	1	1	192	1	193	2.48e-76	223
MDA8918495.1	QIZ20884.1	86.218	312	43	0	12	323	12	323	0.0	540
MDA8918496.1	QIZ20883.1	89.655	203	21	0	1	203	1	203	1.15e-137	379
MDA8918497.1	QIZ20882.1	87.888	322	39	0	1	322	1	322	0.0	588
MDA8918498.1	QIZ20881.1	87.349	166	21	0	1	166	1	166	6.19e-110	306
MDA8918499.1	QIZ20880.1	91.481	270	23	0	1	270	1	270	1.17e-164	453
MDA8918500.1	QIZ20879.1	88.402	388	45	0	1	388	1	388	0.0	674
MDA8918501.1	QIZ20878.1	88.026	309	37	0	1	309	1	309	0.0	560
MDA8918502.1	QIZ20877.1	86.034	179	25	0	1	179	11	189	1.36e-115	322
MDA8918503.1	QIZ20876.1	76.327	245	58	0	1	245	1	245	1.06e-126	355
MDA8918504.1	QIZ20875.1	89.130	276	30	0	1	276	1	276	0.0	507
MDA8918505.1	QIZ20874.1	84.087	553	88	0	1	553	1	553	0.0	921
MDA8918506.1	QIZ20873.1	90.476	105	10	0	1	105	1	105	4.58e-66	190
MDA8918507.1	QIZ20872.1	94.581	203	11	0	1	203	1	203	1.00e-143	394
MDA8918508.1	QIZ20871.1	87.758	727	79	2	1	717	4	730	0.0	1327
MDA8918509.1	QIZ20870.1	89.402	368	39	0	1	368	1	368	0.0	677
MDA8918510.1	QIZ20869.1	89.505	848	89	0	1	848	1	848	0.0	1553
MDA8918511.1	QIZ20868.1	83.816	414	67	0	3	416	20	433	0.0	714
MDA8918512.1	QIZ20867.1	69.930	143	42	1	1	142	1	143	2.06e-64	189
MDA8918513.1	QIZ20866.1	84.583	240	37	0	1	240	1	240	3.56e-150	414
MDA8918514.1	QIZ20865.1	87.345	403	51	0	1	403	1	403	0.0	722
MDA8918515.1	QIZ20864.1	94.809	366	19	0	1	366	1	366	0.0	709
MDA8918516.1	QIZ20863.1	93.277	357	24	0	1	357	1	357	0.0	651
MDA8918517.1	QIZ20862.1	83.929	280	45	0	1	280	1	280	1.16e-170	469
MDA8918518.1	QIZ20861.1	76.389	144	33	1	1	143	1	144	1.02e-71	208
MDA8918519.1	QIZ20860.1	85.000	400	59	1	33	431	33	432	0.0	697
MDA8918523.1	QIZ21068.1	37.981	208	121	5	2	203	3	208	4.94e-41	134
MDA8918524.1	QIZ21071.1	37.308	260	150	4	5	263	3	250	1.24e-50	162
MDA8918527.1	QIZ21243.1	74.866	187	47	0	1	187	1	187	2.16e-89	256
MDA8918528.1	QIZ21244.1	81.235	421	79	0	1	421	1	421	0.0	710
MDA8918529.1	QIZ21245.1	91.803	61	5	0	1	61	1	61	4.22e-38	116
MDA8918530.1	QIZ21246.1	79.720	286	58	0	1	286	1	286	1.67e-171	471
MDA8918531.1	QIZ21247.1	67.516	314	102	0	1	314	1	314	8.11e-158	439
MDA8918532.1	QIZ21248.1	62.381	420	158	0	1	420	1	420	2.90e-173	487
MDA8918533.1	QIZ21249.1	74.913	578	145	0	1	578	1	578	0.0	890
MDA8918534.1	QIZ21250.1	78.671	286	61	0	1	286	1	286	2.45e-164	453
MDA8918535.1	QIZ21251.1	91.791	134	11	0	1	134	1	134	8.97e-94	262
MDA8918536.1	QIZ21252.1	95.370	324	15	0	1	324	1	324	0.0	630
MDA8918537.1	QIZ21253.1	87.814	279	34	0	1	279	1	279	0.0	509
MDA8918539.1	QIZ21254.1	84.615	78	12	0	1	78	1	78	1.08e-48	144
MDA8918540.1	QIZ21255.1	93.277	119	8	0	1	119	1	119	1.23e-80	228
MDA8918542.1	QIZ21256.1	91.705	217	18	0	1	217	1	217	2.17e-138	382
MDA8918543.1	QIZ21257.1	88.841	233	26	0	1	233	1	233	1.08e-148	409
MDA8918544.1	QIZ21258.1	91.144	271	24	0	1	271	1	271	1.47e-180	493
MDA8918545.1	QIZ21259.1	95.580	543	24	0	1	543	1	543	0.0	996
MDA8918546.1	QIZ21262.1	93.820	178	11	0	2	179	1	178	9.94e-127	349
MDA8918547.1	QIZ21263.1	82.443	262	46	0	1	262	1	262	3.61e-154	426
MDA8918548.1	QIZ21264.1	67.281	217	71	0	1	217	1	217	9.92e-95	271
MDA8918553.1	QIZ21259.1	40.290	551	295	9	38	577	4	531	3.81e-124	373
MDA8918557.1	QIZ21260.1	74.828	290	69	1	10	299	18	303	2.79e-160	444
MDA8918558.1	QIZ20457.1	58.025	81	34	0	1	81	1	81	7.24e-26	87.0
MDA8918559.1	QIZ21265.1	86.463	458	62	0	1	458	1	458	0.0	822
MDA8918560.1	QIZ21266.1	88.820	161	18	0	1	161	1	161	1.51e-110	307
MDA8918561.1	QIZ21267.1	97.872	141	3	0	1	141	1	141	2.68e-98	274
MDA8918562.1	QIZ21268.1	91.615	322	27	0	1	322	1	322	0.0	596
MDA8918563.1	QIZ21269.1	92.994	314	22	0	1	314	1	314	0.0	598
MDA8918564.1	QIZ21270.1	89.711	311	32	0	1	311	1	311	0.0	548
MDA8918565.1	QIZ21271.1	91.292	356	30	1	1	356	1	355	0.0	646
MDA8918566.1	QIZ21272.1	90.106	283	28	0	1	283	1	283	2.00e-177	486
MDA8918567.1	QIZ21273.1	94.639	485	26	0	1	485	1	485	0.0	945
MDA8918568.1	QIZ21274.1	86.310	168	23	0	9	176	1	168	9.06e-100	281
MDA8918569.1	QIZ21275.1	81.006	179	34	0	18	196	1	179	4.03e-104	293
MDA8918570.1	QIZ21276.1	100.000	75	0	0	1	75	1	75	1.79e-46	138
MDA8918571.1	QIZ21277.1	96.311	244	9	0	1	244	1	244	9.97e-172	468
MDA8918572.1	QIZ21278.1	89.011	91	10	0	1	91	1	91	1.50e-56	165
MDA8918573.1	QIZ21279.1	90.782	857	79	0	1	857	1	857	0.0	1561
MDA8918574.1	QIZ21280.1	75.000	196	49	0	1	196	1	196	4.84e-106	298
MDA8918575.1	QIZ21281.1	88.272	162	19	0	1	162	1	162	3.70e-95	268
MDA8918576.1	QIZ21282.1	95.092	326	16	0	1	326	1	326	0.0	621
MDA8918577.1	QIZ21283.1	88.512	383	44	0	1	383	1	383	0.0	689
MDA8918578.1	QIZ21284.1	98.596	356	5	0	1	356	1	356	0.0	726
MDA8918579.1	QIZ21285.1	96.237	186	7	0	1	186	1	186	1.93e-129	357
MDA8918580.1	QIZ21286.1	95.473	243	11	0	1	243	1	243	2.81e-162	444
MDA8918581.1	QIZ21287.1	97.183	213	6	0	1	213	34	246	1.04e-144	410
MDA8918582.1	QIZ21146.1	91.667	228	19	0	1	228	1	228	1.78e-159	436
MDA8918583.1	QIZ21148.1	98.287	467	8	0	1	467	1	467	0.0	955
MDA8918584.1	QIZ21149.1	93.532	201	13	0	1	201	9	209	2.16e-138	381
MDA8918585.1	QIZ21150.1	95.924	368	15	0	1	368	1	368	0.0	702
MDA8918586.1	QIZ21151.1	95.230	587	28	0	1	587	1	587	0.0	1166
MDA8918587.1	QIZ21152.1	96.310	542	20	0	1	542	1	542	0.0	1094
MDA8918588.1	QIZ21153.1	93.023	258	18	0	1	258	1	258	0.0	497
MDA8918589.1	QIZ21154.1	96.477	369	13	0	1	369	1	369	0.0	724
MDA8918590.1	QIZ21155.1	95.495	333	15	0	1	333	1	333	0.0	654
MDA8918591.1	QIZ21156.1	93.701	127	8	0	1	127	1	127	6.19e-85	239
MDA8918592.1	QIZ21157.1	92.593	108	8	0	1	108	1	108	4.23e-60	175
MDA8918593.1	QIZ21158.1	98.644	590	8	0	1	590	1	590	0.0	1222
MDA8918594.1	QIZ21159.1	95.671	231	10	0	1	231	27	257	6.81e-168	459
MDA8918595.1	QIZ21160.1	98.793	497	6	0	1	497	1	497	0.0	1011
MDA8918596.1	QIZ21161.1	99.062	320	3	0	1	320	1	320	0.0	634
MDA8918597.1	QIZ21162.1	90.674	386	36	0	1	386	1	386	0.0	707
MDA8918598.1	QIZ21163.1	95.533	291	13	0	1	291	1	291	0.0	532
MDA8918599.1	QIZ21164.1	85.537	968	140	0	1	968	1	968	0.0	1759
MDA8918600.1	QIZ21165.1	89.041	438	35	1	1	438	1	425	0.0	782
MDA8918601.1	QIZ21166.1	93.562	466	30	0	1	466	1	466	0.0	899
MDA8918602.1	QIZ21167.1	91.705	651	54	0	1	651	1	651	0.0	1230
MDA8918603.1	QIZ21168.1	94.054	185	11	0	1	185	1	185	6.69e-126	348
MDA8918604.1	QIZ21169.1	98.239	511	9	0	1	511	1	511	0.0	1015
MDA8918605.1	QIZ21170.1	98.282	291	5	0	1	291	1	291	0.0	581
MDA8918606.1	QIZ21171.1	99.576	472	2	0	1	472	1	472	0.0	951
MDA8918607.1	QIZ21172.1	96.154	130	5	0	1	130	1	130	4.92e-87	245
MDA8918608.1	QIZ21173.1	95.570	158	7	0	1	158	1	158	3.03e-111	308
MDA8918609.1	QIZ21174.1	94.195	379	22	0	1	379	1	379	0.0	698
MDA8918610.1	QIZ21175.1	94.828	116	6	0	1	116	1	116	2.46e-76	217
MDA8918611.1	QIZ21176.1	93.333	180	12	0	1	180	1	180	1.90e-119	331
MDA8918612.1	QIZ21177.1	92.548	416	31	0	1	416	1	416	0.0	766
MDA8918613.1	QIZ21178.1	95.380	368	17	0	1	368	1	368	0.0	693
MDA8918614.1	QIZ21179.1	94.495	327	18	0	1	327	1	327	0.0	595
MDA8918615.1	QIZ21180.1	100.000	84	0	0	1	84	1	84	2.62e-56	164
MDA8918616.1	QIZ21181.1	95.385	130	6	0	1	130	1	130	1.82e-88	249
MDA8918617.1	QIZ21182.1	71.967	239	67	0	1	239	1	239	2.92e-132	368
MDA8918618.1	QIZ21183.1	87.310	197	25	0	1	197	1	197	8.48e-128	353
MDA8918619.1	QIZ21184.1	88.441	372	43	0	1	372	1	372	0.0	689
MDA8918620.1	QIZ21185.1	84.167	360	57	0	1	360	1	360	0.0	617
MDA8918621.1	QIZ21186.1	87.248	298	38	0	1	298	1	298	0.0	530
MDA8918622.1	QIZ21187.1	77.419	248	56	0	1	248	1	248	1.19e-137	382
MDA8918623.1	QIZ21188.1	93.450	458	30	0	1	458	1	458	0.0	806
MDA8918624.1	QIZ21189.1	91.892	481	39	0	1	481	1	481	0.0	817
MDA8918625.1	QIZ21190.1	91.538	520	44	0	1	520	6	525	0.0	979
MDA8918626.1	QIZ21191.1	85.303	347	51	0	1	347	1	347	0.0	600
MDA8918627.1	QIZ21193.1	86.957	184	24	0	1	184	1	184	1.28e-117	327
MDA8918628.1	QIZ21194.1	95.189	291	14	0	1	291	1	291	0.0	550
MDA8918629.1	QIZ21195.1	96.254	347	13	0	1	347	1	347	0.0	699
MDA8918630.1	QIZ21196.1	94.388	392	22	0	1	392	1	392	0.0	760
MDA8918631.1	QIZ21197.1	94.652	187	10	0	1	187	1	187	4.62e-131	361
MDA8918632.1	QIZ21198.1	89.071	183	20	0	1	183	1	183	1.76e-114	318
MDA8918633.1	QIZ21199.1	89.320	309	33	0	1	309	1	309	0.0	557
MDA8918634.1	QIZ21200.1	94.048	924	55	0	1	924	1	924	0.0	1784
MDA8918635.1	QIZ21201.1	94.894	235	12	0	1	235	1	235	9.71e-165	450
MDA8918636.1	QIZ21202.1	83.398	512	85	0	1	512	1	512	0.0	817
MDA8918637.1	QIZ21203.1	95.093	428	21	0	1	428	1	428	0.0	831
MDA8918638.1	QIZ21204.1	73.203	153	41	0	1	153	1	153	1.44e-77	223
MDA8918639.1	QIZ21205.1	66.355	321	108	0	1	321	1	321	1.76e-148	416
MDA8918640.1	QIZ21206.1	71.616	229	65	0	1	229	1	229	8.05e-116	326
MDA8918641.1	QIZ21207.1	81.092	238	45	0	1	238	1	238	1.37e-152	419
MDA8918642.1	QIZ21209.1	82.915	199	34	0	1	199	1	199	1.73e-125	348
MDA8918643.1	QIZ21210.1	93.750	1040	65	0	1	1040	1	1040	0.0	1895
MDA8918644.1	QIZ21211.1	87.043	301	39	0	1	301	1	301	0.0	530
MDA8918645.1	QIZ21212.1	75.926	270	65	0	1	270	1	270	5.31e-155	428
MDA8918646.1	QIZ21213.1	91.156	147	13	0	1	147	1	147	5.60e-103	286
MDA8918647.1	QIZ21214.1	94.218	294	17	0	1	294	1	294	0.0	551
MDA8918648.1	QIZ21215.1	85.782	211	30	0	1	211	1	211	1.31e-136	377
MDA8918658.1	QIZ21217.1	58.621	174	70	2	1	173	6	178	3.47e-78	226
MDA8918659.1	QIZ21218.1	75.917	436	98	1	1	429	1	436	0.0	675
MDA8918660.1	QIZ21219.1	75.248	101	24	1	1	100	1	101	1.39e-53	158
MDA8918663.1	QIZ21220.1	89.725	691	71	0	1	691	1	691	0.0	1286
MDA8918664.1	QIZ21221.1	79.042	167	35	0	1	167	1	167	8.05e-86	245
MDA8918665.1	QIZ21223.1	84.354	294	46	0	1	294	1	294	0.0	507
MDA8918666.1	QIZ21224.1	90.633	395	37	0	1	395	1	395	0.0	756
MDA8918668.1	QIZ20412.1	92.020	401	32	0	1	401	1	401	0.0	727
MDA8918669.1	QIZ20413.1	92.657	572	42	0	1	572	1	572	0.0	1098
MDA8918670.1	QIZ20414.1	93.829	875	54	0	1	875	1	875	0.0	1692
MDA8918672.1	QIZ20415.1	91.803	122	10	0	1	122	1	122	1.46e-79	226
MDA8918673.1	QIZ20416.1	97.500	240	6	0	1	240	5	244	5.20e-177	481
MDA8918674.1	QIZ20417.1	99.061	426	4	0	1	426	1	426	0.0	845
MDA8918675.1	QIZ20418.1	97.900	381	8	0	1	381	1	381	0.0	737
MDA8918676.1	QIZ20419.1	98.844	346	4	0	1	346	1	346	0.0	710
MDA8918677.1	QIZ20420.1	85.075	469	70	0	1	469	1	469	0.0	679
MDA8918678.1	QIZ20421.1	91.361	463	40	0	1	463	1	463	0.0	795
MDA8918679.1	QIZ20422.1	90.466	451	43	0	1	451	1	451	0.0	810
MDA8918680.1	QIZ20423.1	79.595	593	121	0	1	593	1	593	0.0	897
MDA8918681.1	QIZ20424.1	81.671	371	68	0	1	371	1	371	0.0	553
MDA8918682.1	QIZ20425.1	79.042	167	35	0	1	167	1	167	5.91e-92	260
MDA8918683.1	QIZ20426.1	65.693	137	47	0	20	156	16	152	9.50e-58	173
MDA8918684.1	QIZ20427.1	66.897	145	48	0	1	145	1	145	8.72e-69	200
MDA8918685.1	QIZ20428.1	85.902	305	41	1	1	303	1	305	0.0	536
MDA8918686.1	QIZ20429.1	84.000	100	16	0	1	100	1	100	1.66e-53	158
MDA8918687.1	QIZ20431.1	95.985	274	11	0	1	274	1	274	0.0	525
MDA8918688.1	QIZ20432.1	93.494	538	35	0	1	538	1	538	0.0	1035
MDA8918689.1	QIZ20433.1	92.000	100	8	0	1	100	1	100	1.36e-63	183
MDA8918690.1	QIZ20434.1	86.179	246	34	0	1	246	1	246	4.23e-157	432
MDA8918691.1	QIZ20435.1	80.761	473	91	0	1	473	1	473	0.0	697
MDA8918692.1	QIZ20436.1	89.256	484	52	0	1	484	1	484	0.0	844
MDA8918693.1	QIZ20437.1	88.421	190	22	0	1	190	1	190	4.45e-124	343
MDA8918694.1	QIZ20438.1	88.788	330	37	0	1	330	1	330	0.0	593
MDA8918695.1	QIZ20439.1	81.749	263	48	0	1	263	1	263	2.04e-147	409
MDA8918696.1	QIZ20440.1	96.000	225	9	0	1	225	1	225	7.74e-161	439
MDA8918697.1	QIZ20441.1	92.473	465	35	0	1	465	1	465	0.0	892
MDA8918698.1	QIZ20442.1	88.859	377	42	0	1	377	1	377	0.0	640
MDA8918699.1	QIZ20443.1	88.506	261	30	0	1	261	1	261	7.12e-145	402
MDA8918700.1	QIZ20444.1	89.615	260	27	0	1	260	1	260	4.00e-176	481
MDA8918701.1	QIZ20445.1	81.595	326	60	0	1	326	1	326	0.0	533
MDA8918702.1	QIZ20446.1	88.276	145	17	0	6	150	2	146	1.70e-96	270
MDA8918703.1	QIZ20447.1	43.976	166	93	0	7	172	8	173	1.94e-36	120
MDA8918705.1	QIZ20448.1	64.433	388	137	1	1	387	1	388	0.0	503
MDA8918706.1	QIZ20449.1	68.203	217	69	0	1	217	1	217	1.64e-94	271
MDA8918707.1	QIZ20450.1	76.000	225	54	0	1	225	1	225	1.98e-110	312
MDA8918708.1	QIZ20451.1	91.257	183	16	0	1	183	1	183	1.03e-122	339
MDA8918709.1	QIZ20452.1	89.399	283	30	0	1	283	1	283	0.0	506
MDA8918711.1	QIZ20453.1	96.573	1138	39	0	1	1138	1	1138	0.0	2241
MDA8918712.1	QIZ20454.1	93.421	228	15	0	1	228	1	228	1.18e-154	424
MDA8918713.1	QIZ20455.1	97.317	410	11	0	1	410	1	410	0.0	770
MDA8918714.1	QIZ20456.1	95.946	444	18	0	1	444	1	444	0.0	872
MDA8918715.1	QIZ20457.1	98.765	81	1	0	1	81	1	81	3.94e-54	158
MDA8918716.1	QIZ20458.1	98.730	551	7	0	1	551	1	551	0.0	1127
MDA8918717.1	QIZ20459.1	91.935	248	20	0	1	248	1	248	5.72e-149	411
MDA8918718.1	QIZ20460.1	84.492	187	29	0	1	187	1	187	7.12e-112	312
MDA8918719.1	QIZ20461.1	85.563	471	68	0	1	471	1	471	0.0	773
MDA8918720.1	QIZ20462.1	91.348	497	43	0	1	497	1	497	0.0	918
MDA8918721.1	QIZ20463.1	85.871	637	90	0	1	637	1	637	0.0	1135
MDA8918722.1	QIZ20464.1	94.175	103	6	0	1	103	1	103	9.53e-54	159
MDA8918723.1	QIZ20465.1	90.000	210	21	0	1	210	1	210	1.37e-141	389
MDA8918724.1	QIZ20466.1	93.168	161	11	0	1	161	1	161	1.94e-114	317
MDA8918725.1	QIZ20467.1	95.181	332	16	0	1	332	1	332	0.0	631
MDA8918726.1	QIZ20468.1	86.471	680	91	1	1	680	1	679	0.0	1242
MDA8918727.1	QIZ20469.1	91.422	443	38	0	1	443	1	443	0.0	858
MDA8918728.1	QIZ20470.1	83.168	202	34	0	1	202	1	202	1.43e-129	358
MDA8918729.1	QIZ20471.1	97.954	391	8	0	1	391	1	391	0.0	796
MDA8918730.1	QIZ20472.1	89.604	202	21	0	1	202	1	202	3.72e-137	377
MDA8918731.1	QIZ20473.1	95.954	173	7	0	1	173	1	173	5.57e-129	354
MDA8918732.1	QIZ20474.1	95.082	122	6	0	1	122	1	122	2.63e-81	230
MDA8918733.1	QIZ20314.1	91.493	529	45	0	1	529	474	1002	0.0	1029
MDA8918734.1	QIZ20313.1	82.353	187	33	0	1	187	1	187	7.11e-115	320
MDA8918735.1	QIZ20312.1	91.765	255	21	0	1	255	1	255	6.37e-168	460
MDA8918736.1	QIZ20311.1	93.469	245	16	0	1	245	1	245	3.01e-140	389
MDA8918743.1	QIZ20306.1	85.350	157	23	0	1	157	1	157	1.27e-103	289
MDA8918744.1	QIZ20305.1	90.789	456	42	0	1	456	1	456	0.0	833
MDA8918745.1	QIZ20304.1	92.359	301	23	0	1	301	1	301	0.0	563
MDA8918746.1	QIZ20303.1	93.056	216	15	0	1	216	1	216	7.12e-150	411
MDA8918748.1	QIZ20560.1	29.897	388	272	0	41	428	38	425	1.19e-60	199
MDA8918751.1	QIZ20302.1	96.741	491	16	0	1	491	1	491	0.0	976
MDA8918752.1	QIZ20301.1	97.938	485	10	0	1	485	1	485	0.0	972
MDA8918753.1	QIZ20300.1	94.737	95	5	0	1	95	1	95	5.71e-61	176
MDA8918754.1	QIZ20299.1	98.675	151	2	0	1	151	1	151	3.76e-106	295
MDA8918755.1	QIZ20298.1	98.083	313	6	0	1	313	1	313	0.0	635
MDA8918756.1	QIZ20742.1	25.854	410	271	11	28	423	25	415	3.41e-34	128
MDA8918757.1	QIZ20297.1	96.859	191	6	0	1	191	1	191	2.49e-132	364
MDA8918758.1	QIZ20296.1	96.292	863	32	0	1	863	1	863	0.0	1705
MDA8918759.1	QIZ20295.1	63.000	100	37	0	1	100	1	100	4.13e-38	119
MDA8918760.1	QIZ20294.1	94.118	153	9	0	1	153	1	153	9.44e-106	294
MDA8918761.1	QIZ20293.1	81.439	431	80	0	1	431	1	431	0.0	698
MDA8918762.1	QIZ20292.1	84.133	271	43	0	1	271	1	271	9.87e-161	443
MDA8918763.1	QIZ20291.1	67.407	270	88	0	1	270	11	280	1.08e-121	344
MDA8918764.1	QIZ20290.1	94.311	457	26	0	1	457	1	457	0.0	872
MDA8918765.1	QIZ20289.1	78.155	206	45	0	1	206	1	206	8.94e-117	326
MDA8918766.1	QIZ20288.1	93.421	304	20	0	1	304	1	304	0.0	568
MDA8918767.1	QIZ20287.1	91.034	145	13	0	1	145	1	145	7.82e-96	268
MDA8918768.1	QIZ20286.1	96.491	342	12	0	1	342	1	342	0.0	672
MDA8918769.1	QIZ20285.1	88.312	154	14	1	1	154	1	150	7.92e-77	221
MDA8918770.1	QIZ20284.1	96.850	127	4	0	1	127	1	127	6.93e-89	249
MDA8918771.1	QIZ20283.1	79.343	213	44	0	1	213	1	213	3.62e-129	358
MDA8918772.1	QIZ20282.1	96.714	426	14	0	1	426	1	426	0.0	823
MDA8918773.1	QIZ20281.1	90.850	153	13	1	1	152	1	153	3.61e-86	244
MDA8918774.1	QIZ20280.1	98.235	170	3	0	1	170	1	170	8.71e-120	331
MDA8918775.1	QIZ20279.1	83.898	118	19	0	1	118	1	118	8.83e-69	198
MDA8918776.1	QIZ20278.1	92.737	179	13	0	1	179	1	179	2.92e-118	328
MDA8918777.1	QIZ20277.1	90.840	131	12	0	1	131	1	131	2.74e-87	246
MDA8918778.1	QIZ20276.1	98.020	101	2	0	1	101	1	101	4.03e-70	200
MDA8918779.1	QIZ20275.1	94.022	184	11	0	1	184	1	184	3.58e-126	348
MDA8918780.1	QIZ20274.1	90.000	70	7	0	1	70	1	70	6.53e-41	125
MDA8918781.1	QIZ20273.1	95.082	122	6	0	1	122	1	122	2.62e-83	235
MDA8918782.1	QIZ20272.1	94.872	78	4	0	1	78	1	78	5.79e-43	129
MDA8918783.1	QIZ20271.1	92.063	63	5	0	1	63	1	63	1.33e-36	112
MDA8918784.1	QIZ20270.1	97.778	135	3	0	1	135	1	135	1.30e-96	270
MDA8918785.1	QIZ20269.1	95.575	226	10	0	1	226	1	226	1.16e-163	446
MDA8918786.1	QIZ20268.1	96.970	132	4	0	1	132	1	132	7.51e-92	257
MDA8918787.1	QIZ20267.1	98.851	87	1	0	1	87	1	87	9.98e-61	176
MDA8918788.1	QIZ20266.1	90.747	281	26	0	1	281	1	281	0.0	513
MDA8918789.1	QIZ20265.1	93.814	97	6	0	1	97	1	97	3.81e-61	177
MDA8918790.1	QIZ20264.1	93.237	207	14	0	1	207	1	207	2.39e-138	381
MDA8918791.1	QIZ20263.1	91.189	227	20	0	1	227	1	227	8.77e-153	420
MDA8918792.1	QIZ20262.1	99.020	102	1	0	1	102	1	102	2.94e-71	203
MDA8918793.1	QIZ20261.1	97.254	692	19	0	1	692	1	692	0.0	1402
MDA8918794.1	QIZ20260.1	98.718	156	2	0	1	156	1	156	1.29e-112	311
MDA8918795.1	QIZ20259.1	95.935	123	5	0	1	123	1	123	1.39e-84	238
MDA8918796.1	QIZ20258.1	97.120	1389	40	0	1	1389	1	1389	0.0	2783
MDA8918797.1	QIZ20257.1	95.451	1363	61	1	1	1362	1	1363	0.0	2665
MDA8918798.1	QIZ20256.1	95.868	121	5	0	1	121	1	121	1.79e-63	185
MDA8918799.1	QIZ20255.1	86.145	166	23	0	1	166	1	166	5.50e-107	298
MDA8918800.1	QIZ20254.1	86.463	229	31	0	1	229	1	229	8.36e-145	399
MDA8918801.1	QIZ20253.1	96.454	141	5	0	1	141	1	141	3.26e-98	274
MDA8918802.1	QIZ20252.1	98.864	176	2	0	1	176	1	176	1.22e-126	349
MDA8918803.1	QIZ20251.1	96.825	63	2	0	1	63	1	63	6.24e-40	121
MDA8918804.1	QIZ20250.1	97.475	396	10	0	1	396	1	396	0.0	789
MDA8918805.1	QIZ20249.1	92.713	247	18	0	1	247	1	247	5.14e-177	482
MDA8918807.1	QIZ21444.1	94.760	687	36	0	1	687	1	687	0.0	1330
MDA8918808.1	QIZ21443.1	97.183	284	8	0	1	284	1	284	0.0	553
MDA8918809.1	QIZ21442.1	94.458	415	23	0	1	415	1	415	0.0	806
MDA8918810.1	QIZ21441.1	97.319	373	10	0	1	373	1	373	0.0	746
MDA8918811.1	QIZ21440.1	95.856	362	15	0	1	362	1	362	0.0	716
MDA8918812.1	QIZ21439.1	96.649	388	13	0	1	388	1	388	0.0	784
MDA8918813.1	QIZ21438.1	92.308	247	19	0	1	247	1	247	7.66e-172	469
MDA8918814.1	QIZ21437.1	92.526	388	29	0	1	388	1	388	0.0	769
MDA8918815.1	QIZ21436.1	95.897	195	8	0	1	195	1	195	1.85e-139	383
MDA8918816.1	QIZ21435.1	84.615	260	40	0	1	260	1	260	5.46e-167	458
MDA8918817.1	QIZ21434.1	93.712	493	31	0	1	493	1	493	0.0	960
MDA8918818.1	QIZ21433.1	88.772	285	32	0	1	285	1	285	0.0	496
MDA8918819.1	QIZ21432.1	94.710	397	18	1	1	394	1	397	0.0	730
MDA8918820.1	QIZ21431.1	94.071	253	15	0	1	253	1	253	9.58e-164	449
MDA8918821.1	QIZ21430.1	95.607	387	17	0	1	387	1	387	0.0	714
MDA8918822.1	QIZ21429.1	97.517	443	11	0	14	456	1	443	0.0	862
MDA8918823.1	QIZ21428.1	98.512	336	5	0	1	336	1	336	0.0	653
MDA8918824.1	QIZ21427.1	95.745	235	10	0	1	235	1	235	3.12e-158	434
MDA8918825.1	QIZ21426.1	97.727	264	6	0	1	264	1	264	0.0	522
MDA8918827.1	QIZ21425.1	93.729	303	19	0	1	303	1	303	0.0	572
MDA8918828.1	QIZ20678.1	94.403	268	15	0	21	288	143	410	0.0	540
MDA8918829.1	QIZ21424.1	92.523	107	8	0	1	107	1	107	3.04e-68	196
MDA8918830.1	QIZ21423.1	94.017	234	14	0	1	234	1	234	3.21e-165	451
MDA8918831.1	QIZ21422.1	98.084	261	5	0	1	261	1	261	0.0	522
MDA8918832.1	QIZ21421.1	98.780	246	3	0	1	246	1	246	0.0	494
MDA8918833.1	QIZ21420.1	98.857	350	4	0	1	350	1	350	0.0	687
MDA8918834.1	QIZ21419.1	99.327	297	2	0	1	297	1	297	0.0	591
MDA8918835.1	QIZ21418.1	99.031	413	4	0	1	413	1	413	0.0	845
MDA8918836.1	QIZ21417.1	91.667	204	17	0	1	204	1	204	1.17e-119	333
MDA8918837.1	QIZ21416.1	98.980	98	1	0	1	98	1	98	3.19e-68	195
MDA8918838.1	QIZ21415.1	96.429	84	3	0	1	84	1	84	3.73e-59	171
MDA8918839.1	QIZ20194.1	95.053	283	14	0	1	283	1	283	0.0	554
MDA8918840.1	QIZ20193.1	83.916	286	38	2	14	294	7	289	9.59e-180	493
MDA8918841.1	QIZ21414.1	95.122	123	6	0	1	123	1	123	1.14e-86	243
MDA8918842.1	QIZ21412.1	94.937	316	16	0	1	316	1	316	0.0	623
MDA8918843.1	QIZ21411.1	95.987	299	12	0	1	299	1	299	0.0	572
MDA8918844.1	QIZ21410.1	95.388	412	19	0	1	412	1	412	0.0	817
MDA8918845.1	QIZ21409.1	91.689	373	31	0	1	373	1	373	0.0	632
MDA8918846.1	QIZ21408.1	88.073	654	78	0	1	654	1	654	0.0	1194
MDA8918847.1	QIZ21407.1	75.000	172	43	0	1	172	1	172	1.54e-80	232
MDA8918848.1	QIZ21406.1	60.000	285	108	2	1	279	1	285	7.97e-111	322
MDA8918849.1	QIZ21405.1	95.942	345	14	0	1	345	1	345	0.0	672
MDA8918850.1	QIZ21404.1	97.500	520	13	0	1	520	1	520	0.0	1048
MDA8918851.1	QIZ21403.1	98.225	338	6	0	1	338	1	338	0.0	679
MDA8918852.1	QIZ21402.1	88.462	182	21	0	1	182	1	182	6.55e-118	327
MDA8918853.1	QIZ21401.1	94.388	588	33	0	1	588	1	588	0.0	1126
MDA8918854.1	QIZ21400.1	76.527	311	73	0	1	311	1	311	2.85e-152	425
MDA8918855.1	QIZ21399.1	89.384	471	49	1	1	470	1	471	0.0	828
MDA8918856.1	QIZ21398.1	81.967	61	11	0	1	61	1	61	3.25e-32	101
MDA8918857.1	QIZ21397.1	95.971	273	11	0	13	285	15	287	0.0	529
MDA8918858.1	QIZ21396.1	95.082	366	18	0	1	366	1	366	0.0	666
MDA8918859.1	QIZ21395.1	98.175	274	5	0	1	274	1	274	0.0	544
MDA8918860.1	QIZ21388.1	92.063	315	25	0	1	315	1	315	0.0	613
MDA8918862.1	QIZ20852.1	34.091	308	184	11	3	296	2	304	1.42e-39	137
MDA8918863.1	QIZ20796.1	31.915	282	186	5	9	287	7	285	4.62e-31	114
MDA8918864.1	QIZ20846.1	31.624	234	152	6	36	265	36	265	1.20e-23	94.7
MDA8918867.1	QIZ20617.1	97.333	75	2	0	1	75	7	81	7.16e-53	154
MDA8918868.1	QIZ20618.1	93.976	166	10	0	1	166	1	166	4.33e-107	298
MDA8918869.1	QIZ20619.1	92.742	248	18	0	1	248	1	248	3.69e-138	384
MDA8918870.1	QIZ20620.1	94.388	196	11	0	1	196	1	196	1.54e-125	348
MDA8918871.1	QIZ20621.1	92.053	302	24	0	1	302	1	302	0.0	553
MDA8918872.1	QIZ20622.1	97.627	295	7	0	1	295	1	295	0.0	563
MDA8918873.1	QIZ20623.1	86.792	159	21	0	1	159	1	159	7.51e-94	265
MDA8918874.1	QIZ20624.1	98.291	468	8	0	1	468	1	468	0.0	958
MDA8918876.1	QIZ20625.1	97.273	110	3	0	1	110	1	110	5.09e-77	218
MDA8918877.1	QIZ20626.1	97.959	98	2	0	1	98	1	98	3.61e-67	192
MDA8918878.1	QIZ20627.1	84.615	156	24	0	1	156	1	156	1.81e-97	273
MDA8918879.1	QIZ20628.1	82.673	404	70	0	1	404	1	404	0.0	731
MDA8918880.1	QIZ20629.1	59.759	415	166	1	1	414	1	415	3.13e-169	476
MDA8918881.1	QIZ20630.1	79.835	243	49	0	1	243	1	243	1.34e-140	390
MDA8918882.1	QIZ20631.1	91.458	480	41	0	1	480	1	480	0.0	923
MDA8918883.1	QIZ20632.1	90.071	141	14	0	1	141	1	141	1.43e-92	260
MDA8918884.1	QIZ20633.1	99.083	218	2	0	1	218	1	218	1.50e-165	451
MDA8918885.1	QIZ20634.1	48.936	282	122	5	1	280	114	375	2.14e-86	258
MDA8918886.1	QIZ20634.1	58.242	91	37	1	1	91	1	90	4.61e-29	102
MDA8918887.1	QIZ20635.1	85.049	408	61	0	1	408	1	408	0.0	693
MDA8918888.1	QIZ20636.1	50.351	713	352	2	20	731	19	730	0.0	652
MDA8918889.1	QIZ20863.1	41.564	243	134	5	119	357	104	342	1.52e-51	171
MDA8918891.1	QIZ20637.1	89.333	600	52	3	1	592	1	596	0.0	1024
MDA8918892.1	QIZ20638.1	94.163	257	15	0	1	257	1	257	1.59e-179	489
MDA8918894.1	QIZ20640.1	93.431	137	9	0	10	146	10	146	1.60e-93	263
MDA8918895.1	QIZ20641.1	89.362	141	15	0	1	141	1	141	7.73e-88	248
MDA8918896.1	QIZ20642.1	97.079	445	13	0	1	445	1	445	0.0	900
MDA8918897.1	QIZ20643.1	71.111	135	36	1	1	135	1	132	2.48e-60	178
MDA8918898.1	QIZ20644.1	84.034	119	19	0	1	119	1	119	3.03e-70	202
MDA8918899.1	QIZ20645.1	94.139	273	16	0	1	273	1	273	0.0	530
MDA8918900.1	QIZ20646.1	91.582	594	50	0	1	594	1	594	0.0	1130
MDA8918901.1	QIZ20647.1	85.388	219	32	0	1	219	5	223	4.27e-125	349
MDA8918902.1	QIZ20648.1	65.732	321	110	0	1	321	39	359	1.40e-142	402
MDA8918903.1	QIZ20649.1	92.398	342	26	0	1	342	1	342	0.0	603
MDA8918904.1	QIZ20650.1	89.062	192	21	0	1	192	1	192	2.33e-118	329
MDA8918905.1	QIZ20651.1	96.324	136	5	0	1	136	1	136	2.80e-97	271
MDA8918906.1	QIZ20652.1	92.577	485	35	1	1	484	1	485	0.0	908
MDA8918907.1	QIZ20653.1	54.377	377	169	2	1	377	1	374	6.22e-132	379
MDA8918908.1	QIZ20654.1	66.106	357	121	0	1	357	1	357	6.94e-149	420
MDA8918909.1	QIZ20655.1	50.677	886	365	9	1	886	1	814	0.0	846
MDA8918910.1	QIZ20656.1	52.459	305	144	1	1	305	1	304	5.58e-103	299
MDA8918911.1	QIZ20657.1	74.455	321	81	1	1	321	1	320	6.52e-155	432
MDA8918912.1	QIZ20658.1	83.206	262	44	0	1	262	1	262	7.48e-160	440
MDA8918913.1	QIZ20659.1	91.905	210	17	0	1	210	1	210	5.83e-144	395
MDA8918914.1	QIZ20660.1	98.734	79	1	0	1	79	1	79	4.23e-50	147
MDA8918915.1	QIZ20661.1	92.245	245	19	0	1	245	3	247	1.51e-166	456
MDA8918916.1	QIZ20662.1	85.161	310	46	0	1	310	1	310	0.0	527
MDA8918917.1	QIZ20663.1	93.388	121	8	0	1	121	1	121	2.79e-69	199
MDA8918918.1	QIZ20664.1	95.714	70	3	0	23	92	1	70	6.53e-46	137
MDA8918919.1	QIZ20665.1	92.763	152	11	0	1	152	1	152	5.76e-91	257
MDA8918920.1	QIZ20666.1	97.034	472	14	0	1	472	1	472	0.0	941
MDA8918921.1	QIZ20667.1	87.531	794	99	0	1	794	1	794	0.0	1362
MDA8918922.1	QIZ20668.1	80.110	181	36	0	1	181	1	181	1.40e-98	278
MDA8918923.1	QIZ20669.1	96.023	352	14	0	1	352	1	352	0.0	693
MDA8918924.1	QIZ21502.1	75.962	104	25	0	1	104	100	203	5.23e-56	168
MDA8918927.1	QIZ21503.1	92.265	181	14	0	1	181	1	181	2.16e-120	333
MDA8918928.1	QIZ21504.1	96.239	452	16	1	1	451	1	452	0.0	907
MDA8918929.1	QIZ21505.1	94.215	242	14	0	30	271	1	242	1.77e-172	471
MDA8918930.1	QIZ21506.1	72.292	397	110	0	1	397	1	397	0.0	630
MDA8918931.1	QIZ21507.1	73.881	134	35	0	1	134	1	134	2.39e-74	213
MDA8918932.1	QIZ21508.1	91.935	124	10	0	1	124	1	124	1.72e-87	246
MDA8918933.1	QIZ21509.1	91.571	261	22	0	1	261	1	261	1.61e-178	487
MDA8918934.1	QIZ21510.1	50.725	138	68	0	1	138	1	138	3.98e-48	148
MDA8918938.1	QIZ21511.1	88.360	189	22	0	1	189	1	189	1.14e-127	352
MDA8918939.1	QIZ21512.1	88.652	141	16	0	17	157	26	166	2.60e-94	266
MDA8918940.1	QIZ21513.1	99.136	810	7	0	1	810	1	810	0.0	1668
MDA8918941.1	QIZ21514.1	95.181	249	12	0	1	249	1	249	2.24e-173	473
MDA8918942.1	QIZ21515.1	96.845	317	10	0	1	317	1	317	0.0	625
MDA8918943.1	QIZ21516.1	95.547	539	24	0	1	539	1	539	0.0	1080
MDA8918944.1	QIZ21517.1	83.333	72	12	0	12	83	1	72	9.39e-40	122
MDA8918945.1	QIZ21518.1	34.713	314	197	3	6	316	5	313	4.68e-57	183
MDA8918946.1	QIZ21344.1	64.437	284	98	3	1	283	1	282	3.98e-129	364
MDA8918947.1	QIZ21519.1	99.194	124	1	0	1	124	1	124	7.80e-92	256
MDA8918948.1	QIZ21520.1	95.484	155	7	0	8	162	1	155	3.99e-113	313
MDA8918949.1	QIZ21521.1	97.030	202	6	0	1	202	1	202	2.51e-151	413
MDA8918950.1	QIZ21522.1	72.973	333	90	0	1	333	1	333	0.0	523
MDA8918951.1	QIZ21523.1	97.966	295	6	0	1	295	1	295	0.0	597
MDA8918952.1	QIZ21524.1	91.387	476	41	0	1	476	1	476	0.0	901
MDA8918954.1	QIZ21525.1	98.588	425	6	0	1	425	1	425	0.0	873
MDA8918955.1	QIZ21526.1	74.699	83	21	0	2	84	15	97	5.71e-47	140
MDA8918956.1	QIZ21527.1	96.165	339	13	0	1	339	1	339	0.0	679
MDA8918957.1	QIZ21528.1	98.361	61	1	0	1	61	1	61	5.97e-41	123
MDA8918958.1	QIZ21529.1	95.210	167	8	0	18	184	1	167	4.78e-121	335
MDA8918959.1	QIZ21530.1	93.878	539	30	1	1	539	1	536	0.0	968
MDA8918960.1	QIZ21531.1	95.739	352	15	0	1	352	1	352	0.0	654
MDA8918961.1	QIZ21532.1	93.966	232	14	0	1	232	1	232	2.14e-140	388
MDA8918962.1	QIZ21533.1	85.294	102	15	0	1	102	1	102	1.60e-61	178
MDA8918963.1	QIZ21214.1	29.137	278	184	4	16	290	13	280	8.56e-30	110
MDA8918964.1	QIZ21534.1	47.706	109	56	1	13	121	13	120	4.01e-34	110
MDA8918966.1	QIZ20215.1	81.690	142	26	0	3	144	4	145	1.27e-87	248
MDA8918968.1	QIZ21536.1	94.690	226	12	0	1	226	1	226	2.98e-161	441
MDA8918969.1	QIZ21537.1	93.354	316	21	0	1	316	1	316	0.0	560
MDA8918970.1	QIZ21538.1	69.492	236	72	0	1	236	1	236	6.71e-108	306
MDA8918971.1	QIZ21541.1	91.862	811	66	0	1	811	4	814	0.0	1546
MDA8918972.1	QIZ21542.1	52.000	75	35	1	1	74	1	75	1.66e-22	78.2
MDA8918974.1	QIZ21591.1	90.857	175	16	0	1	175	1	175	1.75e-108	303
MDA8918979.1	QIZ21593.1	83.636	275	45	0	1	275	1	275	7.88e-166	459
MDA8918980.1	QIZ20371.1	84.016	513	82	0	1	513	1	513	0.0	898
MDA8918981.1	QIZ20370.1	74.409	254	64	1	1	253	1	254	4.30e-133	372
MDA8918982.1	QIZ20369.1	57.252	262	107	1	1	262	1	257	1.99e-108	310
MDA8918983.1	QIZ20368.1	75.294	170	42	0	1	170	1	170	1.57e-97	275
MDA8918984.1	QIZ20367.1	89.487	390	41	0	1	390	1	390	0.0	632
MDA8918985.1	QIZ20366.1	43.529	170	85	4	1	162	1	167	4.42e-45	142
MDA8918986.1	QIZ20365.1	83.871	93	15	0	1	93	1	93	2.29e-57	167
MDA8918987.1	QIZ20364.1	80.606	330	64	0	1	330	1	330	0.0	561
MDA8918988.1	QIZ20363.1	79.683	315	64	0	1	315	1	315	0.0	519
MDA8918989.1	QIZ20362.1	74.468	564	144	0	1	564	1	564	0.0	853
MDA8918990.1	QIZ20361.1	58.228	79	33	0	1	79	1	79	1.17e-29	97.1
MDA8918991.1	QIZ20360.1	43.872	718	365	13	1	700	7	704	1.45e-176	517
MDA8918994.1	QIZ20293.1	26.256	438	281	13	1	413	1	421	3.30e-33	125
MDA8918995.1	QIZ20805.1	35.340	382	214	8	180	533	15	391	1.34e-58	195
MDA8918996.1	QIZ20359.1	61.950	318	108	2	1	318	1	305	5.06e-150	419
MDA8918998.1	QIZ20357.1	87.586	145	18	0	1	145	1	145	9.02e-96	268
MDA8918999.1	QIZ20356.1	94.565	92	5	0	1	92	4	95	7.40e-61	176
MDA8919000.1	QIZ20355.1	97.518	282	7	0	1	282	1	282	0.0	550
MDA8919001.1	QIZ20354.1	94.333	300	17	0	1	300	1	300	0.0	557
MDA8919002.1	QIZ20353.1	94.419	430	24	0	1	430	1	430	0.0	781
MDA8919003.1	QIZ20352.1	48.315	89	31	1	1	89	1	74	4.51e-24	82.4
MDA8919004.1	QIZ20351.1	87.021	339	44	0	1	339	1	339	0.0	597
MDA8919005.1	QIZ20350.1	95.973	149	6	0	1	149	1	149	1.26e-105	293
MDA8919006.1	QIZ20349.1	92.157	153	12	0	1	153	1	153	2.37e-106	296
MDA8919007.1	QIZ20348.1	97.964	442	9	0	1	442	1	442	0.0	894
MDA8919008.1	QIZ20347.1	87.798	336	41	0	1	336	1	336	0.0	551
MDA8919009.1	QIZ20346.1	86.458	96	13	0	1	96	1	96	3.50e-52	154
MDA8919010.1	QIZ20345.1	100.000	63	0	0	1	63	1	63	4.14e-41	124
MDA8919011.1	QIZ20344.1	84.000	125	20	0	1	125	1	125	1.02e-71	206
MDA8919012.1	QIZ20343.1	88.000	100	12	0	1	100	1	100	2.77e-60	175
MDA8919013.1	QIZ20342.1	87.087	333	43	0	1	333	1	333	0.0	593
MDA8919014.1	QIZ20341.1	93.333	60	4	0	1	60	1	60	8.45e-39	118
MDA8919015.1	QIZ20340.1	79.861	144	29	0	12	155	12	155	2.36e-70	205
MDA8919016.1	QIZ20339.1	69.065	139	43	0	15	153	15	153	5.93e-70	204
MDA8919017.1	QIZ20338.1	95.863	701	29	0	1	701	1	701	0.0	1298
MDA8919018.1	QIZ20337.1	77.116	319	73	0	1	319	1	319	6.44e-167	462
MDA8919019.1	QIZ20336.1	88.060	134	16	0	1	134	1	134	1.43e-84	239
MDA8919020.1	QIZ20335.1	86.719	128	17	0	1	128	1	128	4.35e-79	225
MDA8919021.1	QIZ20334.1	95.902	366	15	0	1	366	1	366	0.0	677
MDA8919022.1	QIZ20333.1	83.756	197	32	0	1	197	1	197	1.88e-120	335
MDA8919024.1	QIZ21456.1	64.029	139	50	0	2	140	212	350	1.10e-58	181
MDA8919025.1	QIZ21458.1	85.201	473	70	0	1	473	1	473	0.0	840
MDA8919026.1	QIZ21459.1	94.474	380	21	0	1	380	1	380	0.0	733
MDA8919027.1	QIZ21460.1	98.639	441	6	0	1	441	1	441	0.0	908
MDA8919028.1	QIZ21461.1	99.321	442	3	0	1	442	1	442	0.0	900
MDA8919029.1	QIZ21462.1	98.678	227	3	0	1	227	1	227	1.97e-166	454
MDA8919030.1	QIZ21463.1	97.959	294	6	0	1	294	1	294	0.0	592
MDA8919031.1	QIZ21464.1	97.297	74	2	0	1	74	1	74	3.13e-50	147
MDA8919032.1	QIZ21465.1	95.708	466	20	0	1	466	1	466	0.0	904
MDA8919033.1	QIZ21466.1	97.744	133	3	0	1	133	1	133	1.19e-96	270
MDA8919034.1	QIZ21467.1	98.523	474	7	0	1	474	1	474	0.0	971
MDA8919035.1	QIZ21468.1	97.183	284	8	0	1	284	1	284	0.0	566
MDA8919036.1	QIZ21469.1	98.726	314	4	0	1	314	1	314	0.0	640
MDA8919037.1	QIZ21470.1	96.319	489	18	0	1	489	1	489	0.0	1000
MDA8919038.1	QIZ21471.1	88.235	442	52	0	1	442	1	442	0.0	831
MDA8919040.1	QIZ21162.1	47.668	386	202	0	1	386	1	386	9.21e-128	369
MDA8919041.1	QIZ21163.1	54.237	295	130	2	1	294	1	291	6.45e-107	308
MDA8919043.1	QIZ21472.1	76.106	113	27	0	1	113	1	113	2.39e-62	181
MDA8919044.1	QIZ21473.1	92.516	775	58	0	1	775	1	775	0.0	1512
MDA8919045.1	QIZ21474.1	86.164	318	40	1	5	322	1	314	0.0	566
MDA8919046.1	QIZ21475.1	80.952	147	28	0	1	147	1	147	8.52e-84	238
MDA8919047.1	QIZ21476.1	80.645	124	24	0	1	124	1	124	1.32e-72	208
MDA8919048.1	QIZ21477.1	66.111	180	59	2	5	184	6	183	1.84e-73	215
MDA8919049.1	QIZ21478.1	90.936	342	31	0	1	342	1	342	0.0	640
MDA8919050.1	QIZ21479.1	90.098	717	71	0	1	717	1	717	0.0	1310
MDA8919051.1	QIZ21009.1	86.179	123	17	0	1	123	1	123	1.36e-78	223
MDA8919052.1	QIZ21480.1	92.360	445	34	0	1	445	1	445	0.0	877
MDA8919053.1	QIZ21481.1	91.813	342	28	0	1	342	1	342	0.0	635
MDA8919054.1	QIZ21482.1	93.651	63	4	0	1	63	1	63	1.14e-38	118
MDA8919056.1	QIZ20203.1	28.191	376	264	5	11	383	6	378	8.69e-45	156
MDA8919059.1	QIZ20793.1	67.241	290	95	0	1	290	1	290	3.43e-145	405
MDA8919061.1	QIZ20792.1	100.000	41	0	0	1	41	1	41	1.01e-23	78.6
MDA8919063.1	QIZ20790.1	87.845	362	44	0	1	362	1	362	0.0	644
MDA8919064.1	QIZ20789.1	93.684	95	6	0	1	95	1	95	1.65e-61	178
MDA8919065.1	QIZ20788.1	95.905	464	19	0	1	464	1	464	0.0	893
MDA8919066.1	QIZ20853.1	51.724	232	112	0	1	232	7	238	1.01e-81	240
MDA8919067.1	QIZ20676.1	86.957	161	21	0	1	161	1	161	1.88e-90	256
MDA8919068.1	QIZ20786.1	100.000	64	0	0	1	64	1	64	4.42e-39	119
MDA8919069.1	QIZ20785.1	92.821	195	14	0	1	195	1	195	1.92e-127	352
MDA8919070.1	QIZ20784.1	97.368	76	2	0	1	76	1	76	2.40e-53	155
MDA8919071.1	QIZ20783.1	90.650	246	23	0	1	246	1	246	5.12e-169	462
MDA8919072.1	QIZ20782.1	93.011	186	13	0	1	186	1	186	4.62e-131	361
MDA8919074.1	QIZ20781.1	72.821	195	53	0	1	195	1	195	1.01e-83	243
MDA8919075.1	QIZ20780.1	86.012	336	47	0	1	336	1	336	0.0	603
MDA8919076.1	QIZ20779.1	87.724	391	48	0	1	391	1	391	0.0	688
MDA8919077.1	QIZ20778.1	92.537	335	25	0	1	335	1	335	0.0	640
MDA8919078.1	QIZ20777.1	92.638	652	48	0	1	652	1	652	0.0	1260
MDA8919079.1	QIZ20776.1	92.523	107	8	0	1	107	1	107	5.09e-64	185
MDA8919080.1	QIZ20775.1	90.541	148	14	0	1	148	1	148	6.54e-94	264
MDA8919081.1	QIZ20774.1	80.663	181	35	0	1	181	1	181	6.45e-105	294
MDA8919082.1	QIZ20773.1	94.776	268	14	0	1	268	1	268	0.0	522
MDA8919083.1	QIZ20772.1	91.701	241	20	0	1	241	1	241	3.94e-167	456
MDA8919084.1	QIZ20771.1	91.463	164	14	0	1	164	1	164	3.86e-112	311
MDA8919085.1	QIZ20770.1	88.000	125	15	0	1	125	1	125	1.45e-79	229
MDA8919086.1	QIZ20770.1	92.157	102	8	0	1	102	123	224	2.80e-65	192
MDA8919087.1	QIZ20769.1	98.551	138	2	0	1	138	1	138	4.88e-97	271
MDA8919088.1	QIZ20768.1	94.052	269	16	0	1	269	1	269	5.96e-158	436
MDA8919089.1	QIZ20767.1	95.128	431	21	0	16	446	16	446	0.0	851
MDA8919090.1	QIZ20766.1	88.608	158	16	1	1	158	1	156	2.09e-97	273
MDA8919091.1	QIZ20511.1	98.897	272	3	0	1	272	323	594	0.0	563
MDA8919092.1	QIZ20510.1	91.014	434	39	0	1	434	1	434	0.0	819
MDA8919093.1	QIZ20508.1	86.982	845	110	0	1	845	17	861	0.0	1408
MDA8919094.1	QIZ20507.1	90.950	221	20	0	1	221	1	221	7.20e-148	406
MDA8919095.1	QIZ20506.1	73.529	204	54	0	1	204	1	204	3.15e-111	312
MDA8919097.1	QIZ20500.1	93.734	383	24	0	1	383	1	383	0.0	765
MDA8919098.1	QIZ20499.1	93.411	258	17	0	1	258	1	258	2.12e-173	474
MDA8919099.1	QIZ20498.1	93.976	249	15	0	13	261	18	266	2.96e-160	441
MDA8919100.1	QIZ20497.1	94.444	252	14	0	1	252	1	252	2.60e-166	455
MDA8919101.1	QIZ20496.1	97.959	196	4	0	1	196	1	196	3.55e-134	369
MDA8919102.1	QIZ20495.1	82.298	531	94	0	56	586	1	531	0.0	948
MDA8919103.1	QIZ20489.1	60.822	365	141	1	1	365	1	363	6.97e-165	461
MDA8919104.1	QIZ20488.1	56.796	206	75	2	16	208	15	219	3.09e-71	212
MDA8919105.1	QIZ20487.1	77.677	439	98	0	4	442	2	440	0.0	659
MDA8919106.1	QIZ20485.1	71.134	485	140	0	1	485	1	485	0.0	682
MDA8919107.1	QIZ20484.1	90.726	248	23	0	1	248	1	248	1.36e-169	463
MDA8919108.1	QIZ20483.1	79.907	214	43	0	1	214	1	214	7.10e-125	348
MDA8919111.1	QIZ20837.1	31.959	582	382	5	2	573	8	585	5.79e-68	226
MDA8919113.1	QIZ20844.1	29.178	377	229	11	18	386	21	367	7.10e-32	119
MDA8919114.1	QIZ21242.1	79.634	383	75	1	1	383	1	380	0.0	580
MDA8919115.1	QIZ21241.1	54.167	120	51	3	1	117	1	119	9.54e-28	96.3
MDA8919116.1	QIZ21240.1	75.758	165	39	1	1	164	1	165	9.27e-79	227
MDA8919117.1	QIZ21239.1	94.696	905	48	0	1	905	1	905	0.0	1747
MDA8919118.1	QIZ21238.1	94.754	305	16	0	1	305	1	305	0.0	571
MDA8919119.1	QIZ21237.1	92.279	272	21	0	1	272	1	272	0.0	515
MDA8919120.1	QIZ21236.1	98.958	96	1	0	1	96	1	96	1.07e-64	186
MDA8919121.1	QIZ21235.1	99.099	555	5	0	1	555	1	555	0.0	1090
MDA8919128.1	QIZ20706.1	33.047	233	154	2	4	234	13	245	5.89e-45	147
MDA8919129.1	QIZ20642.1	46.292	445	233	5	2	446	3	441	2.95e-126	382
MDA8919130.1	QIZ20704.1	28.526	312	196	9	3	306	7	299	3.03e-25	100
MDA8919135.1	QIZ21483.1	34.865	370	197	12	37	387	34	378	1.35e-56	186
MDA8919143.1	QIZ21362.1	99.237	131	1	0	1	131	1	131	5.74e-93	275
MDA8919144.1	QIZ21361.1	94.771	153	8	0	1	153	1	153	1.16e-94	266
MDA8919145.1	QIZ21360.1	97.487	398	10	0	1	398	1	398	0.0	791
MDA8919146.1	QIZ21358.1	95.157	351	17	0	1	351	1	351	0.0	669
MDA8919147.1	QIZ21319.1	77.626	219	49	0	1	219	1	219	1.04e-128	358
MDA8919148.1	QIZ21318.1	61.218	312	120	1	1	311	1	312	1.73e-142	400
MDA8919149.1	QIZ21317.1	93.610	313	20	0	1	313	1	313	0.0	610
MDA8919152.1	QIZ21316.1	83.645	214	35	0	1	214	1	214	7.08e-124	345
MDA8919153.1	QIZ21315.1	94.631	149	8	0	1	149	1	149	1.26e-105	293
MDA8919154.1	QIZ21249.1	32.264	530	340	11	65	586	57	575	5.45e-79	256
MDA8919155.1	QIZ21314.1	96.992	399	12	0	1	399	1	399	0.0	801
MDA8919156.1	QIZ21313.1	97.910	622	13	0	1	622	1	622	0.0	1261
MDA8919158.1	QIZ20736.1	88.942	208	23	0	1	208	1	208	2.12e-145	399
MDA8919159.1	QIZ20737.1	94.379	338	19	0	1	338	1	338	0.0	630
MDA8919160.1	QIZ20738.1	93.396	106	7	0	1	106	1	106	2.75e-74	211
MDA8919161.1	QIZ20739.1	86.166	253	35	0	1	253	1	253	1.16e-159	439
MDA8919162.1	QIZ20740.1	97.147	631	18	0	1	631	1	631	0.0	1269
MDA8919163.1	QIZ20741.1	99.091	110	1	0	1	110	1	110	6.70e-73	207
MDA8919164.1	QIZ20742.1	95.853	434	18	0	1	434	1	434	0.0	863
MDA8919165.1	QIZ20743.1	81.293	294	55	0	1	294	1	294	2.16e-177	487
MDA8919167.1	QIZ20744.1	96.960	329	10	0	1	329	1	329	0.0	658
MDA8919168.1	QIZ20745.1	92.419	277	21	0	1	277	1	277	0.0	511
MDA8919169.1	QIZ20746.1	95.093	754	37	0	1	754	133	886	0.0	1491
MDA8919170.1	QIZ21287.1	96.296	216	8	0	1	216	346	561	1.35e-151	428
MDA8919171.1	QIZ21288.1	91.459	281	24	0	1	281	1	281	1.09e-173	476
MDA8919172.1	QIZ21289.1	94.340	424	24	0	1	424	1	424	0.0	803
MDA8919173.1	QIZ21290.1	93.038	158	11	0	1	158	1	158	3.98e-105	293
MDA8919174.1	QIZ21291.1	86.182	275	38	0	1	275	1	275	2.12e-180	493
MDA8919175.1	QIZ21292.1	90.196	153	15	0	1	153	1	153	7.77e-104	289
MDA8919176.1	QIZ21293.1	97.041	169	5	0	1	169	1	169	1.46e-125	345
MDA8919177.1	QIZ21294.1	96.420	419	15	0	1	419	1	419	0.0	820
MDA8919178.1	QIZ21295.1	88.031	259	31	0	1	259	1	259	5.17e-167	458
MDA8919179.1	QIZ21296.1	95.518	357	16	0	1	357	1	357	0.0	705
MDA8919180.1	QIZ21297.1	92.473	186	14	0	1	186	1	186	8.69e-126	347
MDA8919181.1	QIZ21298.1	75.000	220	54	1	1	220	1	219	1.34e-116	328
MDA8919182.1	QIZ21299.1	95.484	310	14	0	1	310	1	310	0.0	572
MDA8919183.1	QIZ21300.1	69.170	253	77	1	1	252	1	253	2.71e-101	291
MDA8919184.1	QIZ21301.1	55.172	348	155	1	1	348	1	347	7.36e-133	379
MDA8919185.1	QIZ21302.1	63.780	254	92	0	1	254	1	254	3.22e-120	339
MDA8919186.1	QIZ21303.1	87.143	70	9	0	1	70	1	70	1.54e-39	121
MDA8919188.1	QIZ21501.1	85.636	550	79	0	1	550	1	550	0.0	980
MDA8919189.1	QIZ21500.1	91.277	321	28	0	1	321	1	321	0.0	622
MDA8919190.1	QIZ21499.1	82.822	163	28	0	1	163	1	163	7.86e-94	265
MDA8919191.1	QIZ21498.1	89.049	347	38	0	1	347	1	347	0.0	613
MDA8919192.1	QIZ21497.1	94.194	155	9	0	1	155	1	155	7.06e-107	297
MDA8919193.1	QIZ21496.1	98.529	68	1	0	1	68	1	68	8.57e-47	139
MDA8919194.1	QIZ21495.1	87.649	251	31	0	1	251	1	251	6.65e-170	464
MDA8919195.1	QIZ21494.1	95.652	115	5	0	1	115	1	115	1.10e-82	233
MDA8919196.1	QIZ21493.1	90.726	248	23	0	1	248	1	248	6.33e-162	444
MDA8919197.1	QIZ21492.1	95.890	146	6	0	1	146	1	146	1.41e-102	285
MDA8919198.1	QIZ21491.1	69.903	103	31	0	1	103	1	103	2.05e-40	125
MDA8919199.1	QIZ21490.1	90.106	283	28	0	1	283	1	283	0.0	506
MDA8919200.1	QIZ21489.1	85.128	195	29	0	1	195	1	195	6.99e-126	348
MDA8919201.1	QIZ21488.1	97.295	998	27	0	1	998	1	998	0.0	2017
MDA8919202.1	QIZ21487.1	96.774	62	2	0	1	62	27	88	1.10e-42	129
MDA8919203.1	QIZ20746.1	93.750	64	4	0	1	64	1	64	1.58e-36	124
MDA8919204.1	QIZ20747.1	87.645	688	85	0	1	688	1	688	0.0	1201
MDA8919205.1	QIZ20748.1	95.238	294	14	0	1	294	1	294	0.0	594
MDA8919206.1	QIZ20749.1	96.642	268	9	0	1	268	1	268	0.0	513
MDA8919207.1	QIZ20750.1	93.472	337	22	0	1	337	1	337	0.0	643
MDA8919208.1	QIZ20751.1	85.577	208	30	0	1	208	1	208	3.63e-135	373
MDA8919209.1	QIZ20752.1	96.657	359	12	0	1	359	1	359	0.0	720
MDA8919210.1	QIZ20753.1	93.228	635	43	0	4	638	3	637	0.0	1234
MDA8919211.1	QIZ20754.1	85.172	290	43	0	1	290	1	290	5.09e-173	476
MDA8919212.1	QIZ20755.1	85.185	81	12	0	1	81	1	81	3.74e-43	130
MDA8919213.1	QIZ20756.1	84.194	310	49	0	1	310	1	310	0.0	531
MDA8919214.1	QIZ20757.1	89.877	326	33	0	1	326	1	326	0.0	582
MDA8919215.1	QIZ20758.1	97.059	170	5	0	1	170	1	170	8.39e-122	341
MDA8919216.1	QIZ20672.1	95.200	250	12	0	1	250	37	286	9.78e-174	475
MDA8919217.1	QIZ20673.1	91.917	433	35	0	1	433	1	433	0.0	784
MDA8919218.1	QIZ20674.1	88.550	393	45	0	1	393	1	393	0.0	728
MDA8919219.1	QIZ20675.1	76.471	68	16	0	1	68	1	68	4.94e-36	111
MDA8919220.1	QIZ20679.1	94.667	75	4	0	1	75	1	75	1.27e-51	151
MDA8919223.1	QIZ21311.1	34.496	258	140	8	8	255	33	271	6.30e-41	141
MDA8919224.1	QIZ20680.1	77.907	344	76	0	4	347	3	346	0.0	572
MDA8919225.1	QIZ20681.1	98.378	370	6	0	2	371	1	370	0.0	763
MDA8919226.1	QIZ20682.1	97.037	405	12	0	1	405	1	405	0.0	819
MDA8919227.1	QIZ20683.1	91.694	301	25	0	1	301	1	301	0.0	526
MDA8919228.1	QIZ20684.1	91.538	130	11	0	1	130	286	415	8.46e-83	244
MDA8919229.1	QIZ21234.1	97.158	387	11	0	1	387	1	387	0.0	779
MDA8919230.1	QIZ21233.1	96.217	608	23	0	1	608	1	608	0.0	1200
MDA8919231.1	QIZ21232.1	87.907	215	26	0	1	215	1	215	5.91e-133	368
MDA8919232.1	QIZ21231.1	90.291	206	20	0	1	206	21	226	8.43e-139	383
MDA8919233.1	QIZ21230.1	86.378	323	44	0	1	323	1	323	0.0	560
MDA8919234.1	QIZ21229.1	90.433	439	42	0	1	439	1	439	0.0	766
MDA8919235.1	QIZ21228.1	92.979	470	33	0	1	470	1	470	0.0	908
MDA8919236.1	QIZ21226.1	75.652	115	28	0	1	115	1	115	1.49e-61	179
MDA8919237.1	QIZ21225.1	77.576	165	37	0	19	183	16	180	1.56e-94	268
MDA8919239.1	QIZ20400.1	89.140	442	48	0	1	442	1	442	0.0	791
MDA8919240.1	QIZ20401.1	95.148	371	18	0	1	371	1	371	0.0	687
MDA8919241.1	QIZ20402.1	95.238	105	5	0	1	105	1	105	2.82e-71	203
MDA8919242.1	QIZ20403.1	94.574	258	14	0	1	258	1	258	0.0	507
MDA8919243.1	QIZ20404.1	98.795	332	4	0	1	332	1	332	0.0	661
MDA8919244.1	QIZ20405.1	98.496	133	2	0	1	133	1	133	2.86e-95	266
MDA8919245.1	QIZ20406.1	98.502	267	4	0	1	267	1	267	0.0	503
MDA8919246.1	QIZ20407.1	98.805	251	3	0	1	251	1	251	0.0	506
MDA8919247.1	QIZ20408.1	88.889	360	13	2	1	333	1	360	0.0	631
MDA8919248.1	QIZ20409.1	95.833	72	3	0	1	72	1	72	9.39e-46	136
MDA8919249.1	QIZ20411.1	99.373	319	2	0	1	319	3	321	0.0	636
MDA8919251.1	QIZ21386.1	48.611	288	147	1	2	289	197	483	3.09e-79	244
MDA8919252.1	QIZ21387.1	93.290	462	31	0	1	462	1	462	0.0	870
MDA8919257.1	QIZ20576.1	52.577	97	45	1	1	97	1	96	5.83e-31	101
MDA8919259.1	QIZ20708.1	97.817	229	5	0	1	229	33	261	7.31e-172	469
MDA8919260.1	QIZ20709.1	86.383	235	32	0	1	235	1	235	1.06e-151	417
MDA8919261.1	QIZ20710.1	87.917	240	29	0	1	240	1	240	5.64e-157	431
MDA8919262.1	QIZ20711.1	92.239	335	26	0	3	337	2	336	0.0	622
MDA8919263.1	QIZ20712.1	95.139	288	14	0	1	288	1	288	0.0	549
MDA8919264.1	QIZ20713.1	98.565	418	6	0	1	418	1	418	0.0	851
MDA8919265.1	QIZ20714.1	99.510	204	1	0	1	204	1	204	6.12e-142	390
MDA8919266.1	QIZ20715.1	90.661	257	24	0	1	257	1	257	7.74e-173	472
MDA8919267.1	QIZ20716.1	97.122	139	4	0	1	139	1	139	2.94e-102	284
MDA8919268.1	QIZ20717.1	94.658	468	25	0	1	468	54	521	0.0	906
MDA8919269.1	QIZ20373.1	77.922	154	34	0	1	154	1	154	2.95e-77	224
MDA8919270.1	QIZ20374.1	83.029	383	65	0	1	383	1	383	0.0	664
MDA8919271.1	QIZ20375.1	60.714	252	99	0	1	252	1	252	9.25e-100	287
MDA8919272.1	QIZ20376.1	76.825	315	72	1	19	332	19	333	5.68e-179	494
MDA8919273.1	QIZ20377.1	75.768	293	71	0	1	293	1	293	1.12e-146	409
MDA8919274.1	QIZ20378.1	72.727	88	24	0	1	88	1	88	6.93e-34	107
MDA8919275.1	QIZ20379.1	88.433	683	79	0	1	683	1	683	0.0	1216
MDA8919276.1	QIZ20380.1	91.133	203	18	0	1	203	1	203	1.63e-124	346
MDA8919277.1	QIZ20381.1	88.727	275	31	0	1	275	1	275	0.0	516
MDA8919278.1	QIZ20690.1	97.959	343	7	0	2	344	210	552	0.0	685
MDA8919279.1	QIZ20691.1	99.241	922	7	0	1	922	1	922	0.0	1917
MDA8919280.1	QIZ20692.1	92.464	491	37	0	1	491	1	491	0.0	952
MDA8919281.1	QIZ20694.1	98.638	367	5	0	1	367	1	367	0.0	753
MDA8919282.1	QIZ20695.1	94.839	155	8	0	1	155	1	155	6.38e-83	236
MDA8919283.1	QIZ20696.1	95.652	253	11	0	1	253	1	253	0.0	502
MDA8919284.1	QIZ20697.1	100.000	78	0	0	1	78	105	182	1.36e-53	160
MDA8919285.1	QIZ20242.1	98.206	223	4	0	1	223	1	223	6.93e-161	441
MDA8919286.1	QIZ20243.1	97.209	430	12	0	1	430	1	430	0.0	864
MDA8919287.1	QIZ20244.1	94.531	256	14	0	1	256	1	256	0.0	513
MDA8919288.1	QIZ20245.1	87.156	218	28	0	1	218	1	218	1.90e-142	394
MDA8919289.1	QIZ20246.1	82.329	249	44	0	1	249	1	249	7.53e-153	421
MDA8919290.1	QIZ20247.1	82.707	133	23	0	1	133	1	133	3.92e-79	225
MDA8919292.1	QIZ20805.1	38.517	418	215	10	192	594	1	391	1.98e-83	263
MDA8919294.1	QIZ21363.1	98.288	292	5	0	1	292	316	607	0.0	585
MDA8919295.1	QIZ21364.1	81.313	198	36	1	1	198	1	197	1.15e-114	320
MDA8919296.1	QIZ21365.1	85.057	261	39	0	1	261	1	261	2.22e-171	469
MDA8919297.1	QIZ21366.1	84.211	247	39	0	1	247	1	247	2.66e-153	422
MDA8919298.1	QIZ21367.1	97.419	155	4	0	1	155	1	155	5.48e-113	313
MDA8919299.1	QIZ21368.1	89.919	496	49	1	1	496	1	495	0.0	832
MDA8919300.1	QIZ21369.1	87.629	291	36	0	1	291	1	291	0.0	514
MDA8919303.1	QIZ21507.1	53.731	134	59	2	2	134	3	134	1.53e-50	154
MDA8919304.1	QIZ20482.1	84.058	138	22	0	1	138	1	138	1.09e-87	248
MDA8919305.1	QIZ20481.1	82.353	221	39	0	1	221	1	221	1.99e-137	380
MDA8919306.1	QIZ20480.1	75.287	174	43	0	13	186	13	186	3.54e-97	275
MDA8919310.1	QIZ20479.1	77.500	80	18	0	1	80	1	80	5.48e-44	132
MDA8919311.1	QIZ20478.1	85.714	231	33	0	1	231	1	231	1.09e-137	391
MDA8919312.1	QIZ21309.1	98.527	611	9	0	1	611	1	611	0.0	1238
MDA8919313.1	QIZ21308.1	97.423	194	5	0	1	194	1	194	1.73e-138	380
MDA8919314.1	QIZ21307.1	88.235	289	34	0	1	289	1	289	0.0	551
MDA8919315.1	QIZ21306.1	87.586	145	18	0	1	145	1	145	1.79e-91	257
MDA8919316.1	QIZ21305.1	86.222	225	31	0	1	225	1	225	2.13e-139	385
MDA8919317.1	QIZ21304.1	85.382	301	44	0	1	301	25	325	0.0	528
MDA8919318.1	QIZ21385.1	92.625	678	50	0	1	678	1	678	0.0	1301
MDA8919319.1	QIZ21383.1	82.365	499	88	0	1	499	178	676	0.0	836
MDA8919320.1	QIZ21384.1	77.344	384	87	0	1	384	181	564	0.0	610
MDA8919321.1	QIZ20702.1	88.000	225	27	0	1	225	1	225	1.55e-142	399
MDA8919322.1	QIZ20703.1	77.966	295	61	1	1	291	1	295	7.65e-157	435
MDA8919323.1	QIZ20704.1	73.041	319	82	2	1	317	1	317	6.34e-168	465
MDA8919324.1	QIZ20705.1	76.754	228	53	0	1	228	1	228	1.37e-133	371
MDA8919325.1	QIZ20706.1	78.927	261	55	0	6	266	4	264	4.65e-155	428
MDA8919326.1	QIZ20707.1	66.412	131	43	1	2	131	1	131	4.04e-55	166
MDA8919327.1	QIZ20328.1	94.833	329	17	0	7	335	1	329	0.0	635
MDA8919328.1	QIZ20329.1	97.872	94	2	0	1	94	120	213	4.43e-68	198
MDA8919329.1	QIZ20330.1	94.326	141	8	0	1	141	1	141	1.95e-98	275
MDA8919330.1	QIZ20331.1	98.624	436	6	0	1	436	1	436	0.0	891
MDA8919331.1	QIZ20332.1	96.053	152	6	0	1	152	1	152	7.01e-107	297
MDA8919333.1	QIZ21026.1	94.655	449	24	0	1	449	1	449	0.0	872
MDA8919334.1	QIZ21025.1	89.567	508	53	0	1	508	1	508	0.0	886
MDA8919335.1	QIZ21024.1	90.299	268	26	0	1	268	1	268	0.0	506
MDA8919337.1	QIZ20661.1	38.462	247	140	6	5	247	6	244	1.04e-40	136
MDA8919339.1	QIZ21483.1	86.498	237	32	0	3	239	2	238	1.69e-152	425
MDA8919340.1	QIZ20382.1	90.351	342	33	0	1	342	1	342	0.0	650
MDA8919341.1	QIZ20383.1	85.326	184	22	1	1	179	1	184	1.27e-114	319
MDA8919342.1	QIZ20384.1	90.854	164	15	0	1	164	1	164	2.21e-110	306
MDA8919343.1	QIZ20385.1	89.342	319	27	1	1	319	537	848	0.0	549
MDA8919345.1	QIZ20475.1	95.645	597	26	0	1	597	198	794	0.0	1136
MDA8919346.1	QIZ20614.1	96.894	161	5	0	1	161	29	189	2.07e-112	313
MDA8919347.1	QIZ20615.1	94.783	115	6	0	1	115	1	115	2.25e-81	229
MDA8919348.1	QIZ20616.1	96.899	516	16	0	1	516	66	581	0.0	1057
MDA8919349.1	QIZ20722.1	94.652	187	10	0	1	187	81	267	2.84e-125	349
MDA8919350.1	QIZ20721.1	94.371	302	17	0	1	302	1	302	0.0	586
MDA8919351.1	QIZ20720.1	97.044	203	6	0	1	203	1	203	1.96e-141	389
MDA8919352.1	QIZ20719.1	95.041	121	6	0	1	121	1	121	2.57e-75	223
MDA8919356.1	QIZ21452.1	95.736	774	33	0	1	774	116	889	0.0	1535
MDA8919357.1	QIZ20685.1	98.561	139	2	0	1	139	1	139	1.35e-99	280
MDA8919358.1	QIZ20686.1	92.647	136	10	0	1	136	1	136	6.37e-93	260
MDA8919359.1	QIZ20687.1	97.516	161	4	0	1	161	1	161	1.28e-110	307
MDA8919360.1	QIZ20689.1	92.105	266	21	0	1	266	1	266	0.0	508
