MDC3288102.1	QIZ21224.1	83.508	382	63	0	1	382	1	382	0.0	685
MDC3288103.1	QIZ21223.1	71.088	294	85	0	1	294	1	294	7.18e-159	440
MDC3288104.1	QIZ21221.1	68.263	167	52	1	1	166	1	167	7.60e-71	207
MDC3288105.1	QIZ21220.1	81.621	691	127	0	1	691	1	691	0.0	1178
MDC3288107.1	QIZ21219.1	70.297	101	30	0	1	101	1	101	1.55e-49	148
MDC3288108.1	QIZ21218.1	90.367	436	42	0	1	436	1	436	0.0	795
MDC3288109.1	QIZ21217.1	88.136	177	21	0	1	177	1	177	3.61e-118	327
MDC3288110.1	QIZ21216.1	63.265	98	36	0	1	98	1	98	1.15e-46	140
MDC3288111.1	QIZ21215.1	85.308	211	31	0	1	211	1	211	1.24e-135	374
MDC3288112.1	QIZ21214.1	72.789	294	79	1	1	293	1	294	2.65e-153	426
MDC3288113.1	QIZ21213.1	81.633	147	27	0	1	147	1	147	2.70e-93	262
MDC3288114.1	QIZ21212.1	68.401	269	85	0	1	269	1	269	1.77e-141	394
MDC3288115.1	QIZ21211.1	60.797	301	118	0	1	301	1	301	9.57e-131	371
MDC3288116.1	QIZ21210.1	80.269	1039	205	0	1	1039	1	1039	0.0	1659
MDC3288117.1	QIZ21209.1	75.879	199	48	0	1	199	1	199	9.06e-117	326
MDC3288118.1	QIZ21207.1	71.429	238	67	1	1	237	1	238	1.66e-125	351
MDC3288119.1	QIZ21206.1	60.177	226	90	0	1	226	1	226	9.47e-93	267
MDC3288120.1	QIZ21205.1	55.519	308	133	3	8	312	9	315	4.52e-109	316
MDC3288121.1	QIZ21204.1	50.000	150	74	1	1	150	1	149	3.04e-47	146
MDC3288122.1	QIZ21203.1	89.486	428	45	0	1	428	1	428	0.0	783
MDC3288123.1	QIZ21202.1	67.510	514	164	2	1	513	1	512	0.0	634
MDC3288124.1	QIZ21201.1	91.915	235	19	0	1	235	1	235	2.27e-160	439
MDC3288125.1	QIZ21200.1	85.390	924	135	0	1	924	1	924	0.0	1616
MDC3288126.1	QIZ21198.1	63.388	183	67	0	1	183	1	183	9.80e-83	238
MDC3288127.1	QIZ21197.1	89.503	181	19	0	7	187	7	187	3.71e-120	333
MDC3288128.1	QIZ21196.1	81.218	394	72	1	1	394	1	392	0.0	672
MDC3288129.1	QIZ21195.1	90.202	347	34	0	1	347	1	347	0.0	639
MDC3288130.1	QIZ21194.1	93.471	291	19	0	1	291	1	291	0.0	536
MDC3288131.1	QIZ21193.1	79.444	180	37	0	1	180	1	180	4.64e-102	287
MDC3288132.1	QIZ21192.1	86.598	97	13	0	1	97	1	97	4.60e-49	147
MDC3288133.1	QIZ21191.1	69.452	347	106	0	1	347	1	347	5.07e-178	493
MDC3288134.1	QIZ21190.1	84.808	520	79	0	1	520	6	525	0.0	911
MDC3288135.1	QIZ21189.1	79.834	481	95	1	1	479	1	481	0.0	733
MDC3288136.1	QIZ21188.1	88.646	458	52	0	1	458	1	458	0.0	766
MDC3288137.1	QIZ21187.1	68.548	248	78	0	1	248	1	248	4.09e-116	328
MDC3288138.1	QIZ21186.1	70.805	298	87	0	1	298	1	298	9.34e-154	427
MDC3288139.1	QIZ21185.1	69.722	360	109	0	1	360	1	360	0.0	532
MDC3288140.1	QIZ21184.1	76.216	370	88	0	1	370	1	370	0.0	608
MDC3288141.1	QIZ21183.1	74.619	197	50	0	1	197	1	197	3.92e-108	304
MDC3288142.1	QIZ21182.1	70.711	239	70	0	5	243	1	239	9.83e-129	359
MDC3288143.1	QIZ21181.1	79.851	134	24	1	1	131	1	134	4.67e-77	220
MDC3288144.1	QIZ21180.1	95.238	84	4	0	1	84	1	84	4.89e-54	158
MDC3288145.1	QIZ21179.1	77.982	327	72	0	1	327	1	327	0.0	511
MDC3288146.1	QIZ21178.1	75.000	368	92	0	1	368	1	368	0.0	560
MDC3288147.1	QIZ21177.1	79.327	416	86	0	1	416	1	416	0.0	654
MDC3288149.1	QIZ21365.1	60.736	163	61	2	4	166	102	261	2.11e-70	209
MDC3288150.1	QIZ21364.1	64.615	195	67	1	1	193	3	197	1.02e-88	254
MDC3288152.1	QIZ21363.1	92.599	608	44	1	1	608	1	607	0.0	1147
MDC3288153.1	QIZ21362.1	75.973	591	142	0	1	591	1	591	0.0	907
MDC3288154.1	QIZ21361.1	76.316	152	36	0	1	152	1	152	1.42e-74	215
MDC3288155.1	QIZ21360.1	83.636	385	62	1	1	384	1	385	0.0	667
MDC3288156.1	QIZ21359.1	89.013	1074	118	0	1	1074	1	1074	0.0	1971
MDC3288157.1	QIZ21319.1	93.151	219	15	0	1	219	1	219	1.08e-157	431
MDC3288158.1	QIZ21318.1	80.192	313	62	0	1	313	1	313	0.0	527
MDC3288159.1	QIZ21317.1	95.541	314	14	0	1	314	1	314	0.0	628
MDC3288160.1	QIZ21537.1	66.242	314	103	2	1	312	1	313	3.10e-140	395
MDC3288162.1	QIZ21316.1	77.523	218	49	0	1	218	1	218	1.19e-117	330
MDC3288163.1	QIZ21314.1	93.734	399	25	0	1	399	1	399	0.0	778
MDC3288164.1	QIZ21313.1	91.725	713	59	0	1	713	1	713	0.0	1370
MDC3288165.1	QIZ21312.1	79.200	250	52	0	1	250	1	250	2.01e-146	405
MDC3288166.1	QIZ21310.1	90.780	141	13	0	1	141	1	141	2.88e-88	249
MDC3288167.1	QIZ21309.1	90.180	611	60	0	1	611	1	611	0.0	1152
MDC3288168.1	QIZ21308.1	90.155	193	19	0	1	193	1	193	1.52e-128	355
MDC3288169.1	QIZ21307.1	89.655	290	30	0	1	290	1	290	0.0	562
MDC3288170.1	QIZ21306.1	81.944	144	26	0	1	144	1	144	2.54e-84	239
MDC3288171.1	QIZ21305.1	80.000	225	45	0	1	225	1	225	8.64e-131	363
MDC3288172.1	QIZ21304.1	66.515	439	147	0	1	439	1	439	0.0	623
MDC3288173.1	QIZ21303.1	71.429	70	20	0	1	70	1	70	3.29e-30	98.2
MDC3288174.1	QIZ21302.1	67.323	254	83	0	1	254	1	254	1.29e-123	348
MDC3288175.1	QIZ21301.1	55.917	338	148	1	10	347	11	347	1.77e-126	362
MDC3288176.1	QIZ21300.1	60.474	253	98	2	1	251	1	253	1.30e-86	254
MDC3288177.1	QIZ21299.1	93.548	310	20	0	1	310	1	310	0.0	559
MDC3288178.1	QIZ21298.1	72.768	224	55	2	1	222	1	220	4.69e-105	299
MDC3288179.1	QIZ21297.1	80.541	185	36	0	1	185	1	185	4.79e-111	310
MDC3288180.1	QIZ21296.1	88.796	357	40	0	1	357	1	357	0.0	662
MDC3288181.1	QIZ21295.1	80.000	260	50	2	1	259	1	259	8.57e-149	412
MDC3288182.1	QIZ21294.1	94.272	419	24	0	1	419	1	419	0.0	786
MDC3288183.1	QIZ21293.1	88.166	169	20	0	1	169	1	169	4.31e-107	299
MDC3288184.1	QIZ21292.1	76.027	146	35	0	8	153	3	148	2.00e-82	235
MDC3288185.1	QIZ21291.1	76.277	274	65	0	1	274	1	274	1.22e-158	438
MDC3288186.1	QIZ21290.1	86.709	158	21	0	1	158	1	158	1.23e-99	279
MDC3288187.1	QIZ21289.1	62.796	422	157	0	1	422	1	422	0.0	555
MDC3288188.1	QIZ21288.1	55.872	281	124	0	1	281	1	281	9.01e-101	292
MDC3288189.1	QIZ21287.1	59.781	547	219	1	16	561	15	561	0.0	654
MDC3288190.1	QIZ21286.1	65.021	243	81	1	1	239	1	243	6.59e-107	304
MDC3288191.1	QIZ21285.1	79.781	183	37	0	1	183	1	183	1.44e-103	291
MDC3288192.1	QIZ21284.1	90.566	318	30	0	1	318	1	318	0.0	602
MDC3288193.1	QIZ20549.1	74.706	170	43	0	1	170	1	170	1.01e-86	262
MDC3288194.1	QIZ20548.1	93.208	265	18	0	1	265	1	265	0.0	505
MDC3288195.1	QIZ20547.1	89.172	314	33	1	1	313	1	314	0.0	564
MDC3288196.1	QIZ20546.1	96.205	448	17	0	1	448	1	448	0.0	894
MDC3288197.1	QIZ20545.1	88.798	366	41	0	1	366	1	366	0.0	631
MDC3288198.1	QIZ21541.1	80.545	807	157	0	1	807	1	807	0.0	1360
MDC3288201.1	QIZ21591.1	85.143	175	26	0	1	175	1	175	1.66e-100	283
MDC3288205.1	QIZ21593.1	85.260	346	51	0	1	346	1	346	0.0	598
MDC3288206.1	QIZ20180.1	74.558	283	64	1	1	275	1	283	2.29e-152	422
MDC3288207.1	QIZ20181.1	88.696	230	26	0	1	230	1	230	1.98e-148	408
MDC3288208.1	QIZ20182.1	87.500	224	28	0	1	224	1	224	1.20e-144	398
MDC3288209.1	QIZ20608.1	26.007	273	184	7	3	260	5	274	5.22e-21	85.5
MDC3288210.1	QIZ20183.1	89.147	129	14	0	1	129	1	129	4.02e-79	225
MDC3288211.1	QIZ20184.1	70.455	308	91	0	1	308	1	308	6.27e-158	439
MDC3288212.1	QIZ20185.1	81.739	345	63	0	3	347	10	354	0.0	508
MDC3288213.1	QIZ20186.1	70.000	220	66	0	1	220	1	220	1.27e-111	315
MDC3288214.1	QIZ20187.1	89.571	326	34	0	1	326	1	326	0.0	572
MDC3288215.1	QIZ20188.1	89.744	156	16	0	1	156	1	156	2.87e-100	280
MDC3288216.1	QIZ20189.1	94.790	499	26	0	1	499	1	499	0.0	921
MDC3288217.1	QIZ21214.1	37.023	262	158	4	29	286	29	287	5.71e-41	139
MDC3288218.1	QIZ20355.1	34.286	280	174	3	11	285	3	277	6.89e-37	128
MDC3288219.1	QIZ20190.1	80.833	360	69	0	1	360	1	360	0.0	605
MDC3288220.1	QIZ20191.1	69.613	181	55	0	1	181	1	181	6.67e-99	279
MDC3288221.1	QIZ20192.1	80.838	167	32	0	1	167	1	167	1.28e-102	288
MDC3288222.1	QIZ20599.1	41.472	299	169	2	5	302	1	294	2.46e-77	234
MDC3288224.1	QIZ20309.1	50.566	265	125	4	21	282	146	407	2.82e-85	257
MDC3288225.1	QIZ20309.1	54.407	329	139	5	86	411	84	404	6.72e-125	363
MDC3288226.1	QIZ20675.1	63.235	68	25	0	1	68	1	68	3.87e-25	84.3
MDC3288227.1	QIZ20196.1	83.590	195	32	0	7	201	5	199	1.16e-127	353
MDC3288228.1	QIZ20197.1	69.550	289	88	0	1	289	1	289	2.03e-157	436
MDC3288229.1	QIZ20198.1	69.925	399	119	1	1	398	1	399	0.0	512
MDC3288230.1	QIZ20199.1	76.970	165	38	0	1	165	1	165	7.63e-90	256
MDC3288231.1	QIZ20204.1	58.125	320	134	0	1	320	1	320	1.43e-147	414
MDC3288232.1	QIZ20205.1	48.092	262	135	1	1	261	16	277	4.98e-61	189
MDC3288233.1	QIZ20208.1	68.182	132	42	0	1	132	1	132	2.68e-62	182
MDC3288236.1	QIZ20601.1	95.021	482	24	0	1	482	1	482	0.0	845
MDC3288237.1	QIZ20602.1	75.148	169	41	1	1	168	1	169	3.22e-79	228
MDC3288238.1	QIZ20603.1	95.031	322	16	0	1	322	1	322	0.0	629
MDC3288239.1	QIZ20604.1	78.769	325	69	0	5	329	4	328	2.33e-177	490
MDC3288240.1	QIZ20594.1	54.582	251	114	0	1	251	1	251	3.73e-99	285
MDC3288242.1	QIZ20511.1	23.704	540	347	14	64	569	49	557	5.91e-26	107
MDC3288243.1	QIZ20606.1	77.871	479	106	0	1	479	1	479	0.0	800
MDC3288245.1	QIZ20715.1	31.336	217	132	5	43	255	53	256	1.18e-23	92.4
MDC3288251.1	QIZ20355.1	29.032	279	190	4	17	291	8	282	3.04e-23	92.4
MDC3288252.1	QIZ20501.1	33.214	280	175	5	35	307	35	309	4.97e-39	135
MDC3288256.1	QIZ20561.1	28.502	207	144	3	54	260	56	258	7.97e-23	93.2
MDC3288257.1	QIZ20560.1	39.050	379	231	0	46	424	46	424	6.05e-90	275
MDC3288259.1	QIZ20501.1	49.686	318	158	1	6	321	3	320	2.18e-108	314
MDC3288262.1	QIZ20492.1	28.516	256	171	6	12	266	2	246	1.83e-24	94.7
MDC3288264.1	QIZ20609.1	70.303	330	98	0	1	330	1	330	4.36e-178	492
MDC3288265.1	QIZ20610.1	86.188	181	25	0	1	181	1	181	3.26e-116	323
MDC3288266.1	QIZ20611.1	59.494	79	31	1	1	78	1	79	4.82e-29	95.5
MDC3288267.1	QIZ20612.1	73.154	149	40	0	1	149	1	149	1.81e-73	212
MDC3288268.1	QIZ20613.1	77.409	301	68	0	1	301	1	301	0.0	497
MDC3288269.1	QIZ20614.1	63.636	187	68	0	1	187	1	187	1.45e-82	239
MDC3288270.1	QIZ20617.1	81.481	81	15	0	1	81	1	81	5.18e-48	142
MDC3288271.1	QIZ20618.1	89.697	165	17	0	1	165	1	165	1.15e-101	285
MDC3288272.1	QIZ20619.1	60.633	221	87	0	1	221	1	221	1.72e-72	216
MDC3288273.1	QIZ21521.1	87.692	195	24	0	1	195	7	201	3.81e-134	370
MDC3288274.1	QIZ21520.1	87.179	78	10	0	17	94	78	155	1.54e-50	152
MDC3288275.1	QIZ21519.1	83.065	124	21	0	1	124	1	124	9.95e-77	218
MDC3288276.1	QIZ21516.1	91.280	539	47	0	1	539	1	539	0.0	1040
MDC3288277.1	QIZ21515.1	83.912	317	51	0	1	317	1	317	0.0	559
MDC3288278.1	QIZ21514.1	84.337	249	39	0	1	249	1	249	1.46e-158	436
MDC3288279.1	QIZ21513.1	89.506	810	84	1	1	809	1	810	0.0	1508
MDC3288280.1	QIZ21512.1	62.500	136	51	0	22	157	31	166	6.56e-60	179
MDC3288281.1	QIZ21511.1	91.534	189	16	0	1	189	1	189	1.04e-130	360
MDC3288285.1	QIZ21510.1	52.308	130	62	0	5	134	11	140	1.61e-46	144
MDC3288286.1	QIZ21482.1	77.049	61	14	0	5	65	3	63	2.42e-32	102
MDC3288287.1	QIZ21509.1	84.375	256	40	0	4	259	6	261	2.19e-161	444
MDC3288288.1	QIZ21508.1	88.710	124	14	0	1	124	1	124	4.20e-85	239
MDC3288289.1	QIZ21507.1	76.119	134	32	0	1	134	1	134	1.52e-77	221
MDC3288290.1	QIZ21506.1	73.711	388	102	0	10	397	10	397	0.0	632
MDC3288291.1	QIZ21505.1	86.777	242	32	0	1	242	1	242	1.46e-159	437
MDC3288292.1	QIZ21504.1	95.796	452	19	0	1	452	1	452	0.0	907
MDC3288293.1	QIZ21503.1	85.635	181	26	0	1	181	1	181	5.71e-113	315
MDC3288295.1	QIZ21502.1	54.187	203	93	0	1	203	1	203	2.73e-78	229
MDC3288296.1	QIZ21501.1	78.324	549	119	0	1	549	1	549	0.0	902
MDC3288297.1	QIZ21500.1	80.000	305	61	0	1	305	17	321	0.0	525
MDC3288298.1	QIZ20424.1	57.333	150	64	0	1	150	218	367	9.95e-50	159
MDC3288299.1	QIZ20425.1	43.046	151	85	1	1	151	2	151	3.85e-37	121
MDC3288300.1	QIZ20426.1	59.854	137	55	0	18	154	16	152	6.47e-56	168
MDC3288301.1	QIZ20427.1	68.966	145	45	0	1	145	1	145	1.60e-72	210
MDC3288302.1	QIZ20428.1	81.699	306	56	0	1	306	3	308	0.0	517
MDC3288303.1	QIZ20429.1	69.000	100	31	0	1	100	1	100	1.73e-43	132
MDC3288304.1	QIZ20430.1	83.732	418	68	0	1	418	1	418	0.0	700
MDC3288305.1	QIZ20431.1	91.241	274	24	0	1	274	1	274	0.0	498
MDC3288306.1	QIZ20432.1	86.989	538	70	0	1	538	1	538	0.0	968
MDC3288307.1	QIZ20433.1	81.818	99	18	0	1	99	1	99	4.96e-56	164
MDC3288308.1	QIZ20434.1	68.293	246	78	0	1	246	1	246	2.56e-128	359
MDC3288309.1	QIZ20435.1	47.046	474	249	2	1	473	1	473	1.92e-130	382
MDC3288310.1	QIZ20436.1	81.856	485	87	1	2	486	1	484	0.0	766
MDC3288311.1	QIZ20437.1	78.723	188	40	0	1	188	1	188	9.09e-112	312
MDC3288312.1	QIZ20438.1	82.400	250	44	0	1	250	1	250	1.59e-154	429
MDC3288314.1	QIZ21440.1	43.051	295	160	3	6	292	8	302	8.81e-82	249
MDC3288315.1	QIZ20551.1	76.579	380	89	0	1	380	1	380	0.0	605
MDC3288316.1	QIZ20552.1	87.789	303	37	0	1	303	1	303	0.0	541
MDC3288317.1	QIZ20553.1	89.486	428	45	0	1	428	1	428	0.0	785
MDC3288318.1	QIZ21495.1	56.627	249	108	0	1	249	1	249	4.65e-108	308
MDC3288320.1	QIZ20554.1	73.134	201	54	0	1	201	1	201	1.15e-96	275
MDC3288322.1	QIZ20555.1	85.828	501	71	0	1	501	1	501	0.0	898
MDC3288323.1	QIZ20556.1	83.333	348	58	0	6	353	3	350	0.0	597
MDC3288324.1	QIZ20557.1	96.250	320	12	0	1	320	1	320	0.0	629
MDC3288325.1	QIZ20562.1	88.032	493	59	0	1	493	1	493	0.0	901
MDC3288326.1	QIZ20563.1	95.410	305	14	0	16	320	1	305	0.0	589
MDC3288328.1	QIZ20309.1	33.850	387	222	13	13	384	17	384	7.82e-59	193
MDC3288330.1	QIZ20565.1	45.734	293	153	3	1	289	1	291	5.82e-90	265
MDC3288331.1	QIZ20566.1	91.667	156	13	0	1	156	1	156	2.44e-106	296
MDC3288332.1	QIZ20567.1	96.296	135	5	0	1	135	1	135	1.68e-100	280
MDC3288333.1	QIZ20568.1	81.771	192	35	0	33	224	1	192	1.47e-115	323
MDC3288334.1	QIZ20569.1	89.790	333	34	0	1	333	1	333	0.0	615
MDC3288335.1	QIZ20570.1	79.562	137	28	0	1	137	1	137	4.50e-83	236
MDC3288336.1	QIZ20571.1	93.750	96	6	0	9	104	1	96	1.31e-65	189
MDC3288338.1	QIZ20572.1	89.764	127	13	0	1	127	1	127	2.27e-87	246
MDC3288339.1	QIZ20573.1	97.895	95	2	0	1	95	1	95	2.88e-68	195
MDC3288340.1	QIZ20574.1	79.167	120	25	0	1	120	1	120	4.74e-63	184
MDC3288341.1	QIZ20576.1	91.837	98	8	0	1	98	1	98	6.20e-62	179
MDC3288343.1	QIZ20577.1	85.849	106	15	0	1	106	1	106	8.50e-67	192
MDC3288344.1	QIZ20579.1	89.091	110	12	0	1	110	1	110	3.23e-66	191
MDC3288345.1	QIZ20582.1	74.775	111	28	0	1	111	1	111	5.73e-46	140
MDC3288346.1	QIZ20583.1	62.162	111	42	0	1	111	1	111	1.07e-51	154
MDC3288347.1	QIZ20584.1	71.585	183	52	0	5	187	4	186	1.00e-99	281
MDC3288348.1	QIZ20585.1	70.149	268	80	0	1	268	1	268	1.20e-146	407
MDC3288352.1	QIZ21478.1	89.181	342	37	0	1	342	1	342	0.0	629
MDC3288353.1	QIZ21479.1	89.121	717	78	0	1	717	1	717	0.0	1294
MDC3288354.1	QIZ21480.1	87.133	443	57	0	1	443	1	443	0.0	824
MDC3288356.1	QIZ21481.1	78.363	342	74	0	1	342	1	342	0.0	555
MDC3288357.1	QIZ21483.1	91.473	387	33	0	1	387	1	387	0.0	733
MDC3288358.1	QIZ21484.1	87.452	263	33	0	1	263	1	263	2.24e-175	479
MDC3288359.1	QIZ21485.1	95.187	561	27	0	1	561	1	561	0.0	1093
MDC3288360.1	QIZ21486.1	95.215	418	20	0	1	418	1	418	0.0	826
MDC3288361.1	QIZ21487.1	90.909	88	8	0	1	88	1	88	1.34e-60	175
MDC3288362.1	QIZ21488.1	90.882	998	91	0	1	998	1	998	0.0	1914
MDC3288363.1	QIZ21489.1	61.026	195	76	0	1	195	1	195	9.97e-90	257
MDC3288364.1	QIZ21490.1	76.950	282	65	0	1	282	1	282	3.40e-158	437
MDC3288366.1	QIZ21492.1	61.111	144	56	0	1	144	1	144	5.60e-61	180
MDC3288367.1	QIZ21493.1	75.403	248	61	0	1	248	1	248	1.57e-128	360
MDC3288368.1	QIZ21494.1	67.826	115	37	0	1	115	1	115	1.92e-59	174
MDC3288369.1	QIZ21496.1	98.529	68	1	0	1	68	1	68	8.57e-47	139
MDC3288370.1	QIZ21497.1	79.195	149	31	0	1	149	1	149	9.17e-87	246
MDC3288371.1	QIZ21498.1	77.177	333	75	1	16	348	16	347	0.0	527
MDC3288372.1	QIZ21499.1	80.982	163	31	0	1	163	1	163	2.96e-91	258
MDC3288373.1	QIZ21138.1	79.310	58	12	0	1	58	2	59	3.23e-30	96.3
MDC3288374.1	QIZ21139.1	78.082	292	64	0	1	292	1	292	1.11e-158	440
MDC3288375.1	QIZ21140.1	68.504	254	80	0	10	263	19	272	1.28e-139	389
MDC3288376.1	QIZ21141.1	68.449	187	59	0	1	187	1	187	3.74e-93	265
MDC3288377.1	QIZ21142.1	84.262	305	48	0	1	305	1	305	0.0	528
MDC3288378.1	QIZ21143.1	74.818	274	69	0	1	274	1	274	9.23e-144	400
MDC3288379.1	QIZ21144.1	90.044	452	45	0	1	452	1	452	0.0	795
MDC3288380.1	QIZ21146.1	82.895	228	39	0	1	228	1	228	2.47e-148	408
MDC3288381.1	QIZ21147.1	79.882	169	33	1	1	169	1	168	4.19e-96	272
MDC3288382.1	QIZ21148.1	89.507	467	49	0	1	467	1	467	0.0	877
MDC3288383.1	QIZ21149.1	86.070	201	28	0	1	201	9	209	4.63e-130	360
MDC3288384.1	QIZ21150.1	94.293	368	21	0	1	368	1	368	0.0	692
MDC3288385.1	QIZ21151.1	82.283	587	104	0	1	587	1	587	0.0	1033
MDC3288386.1	QIZ21152.1	77.281	537	122	0	1	537	1	537	0.0	900
MDC3288387.1	QIZ21153.1	67.829	258	83	0	1	258	1	258	4.81e-138	384
MDC3288388.1	QIZ21154.1	82.385	369	65	0	1	369	1	369	0.0	631
MDC3288389.1	QIZ21155.1	75.988	329	79	0	1	329	1	329	0.0	521
MDC3288390.1	QIZ21156.1	70.079	127	38	0	1	127	1	127	8.91e-64	186
MDC3288391.1	QIZ21157.1	60.185	108	43	0	1	108	1	108	2.63e-37	117
MDC3288392.1	QIZ21158.1	92.386	591	44	1	1	591	1	590	0.0	1152
MDC3288393.1	QIZ21159.1	87.446	231	29	0	1	231	27	257	5.23e-158	434
MDC3288394.1	QIZ21160.1	91.450	269	23	0	1	269	1	269	0.0	517
MDC3288395.1	QIZ20549.1	91.186	295	26	0	1	295	343	637	0.0	554
MDC3288396.1	QIZ20550.1	79.279	333	68	1	1	332	1	333	0.0	515
MDC3288399.1	QIZ20555.1	49.405	168	85	0	1	168	329	496	5.67e-50	164
MDC3288400.1	QIZ20556.1	46.291	337	177	2	2	334	3	339	5.44e-109	318
MDC3288401.1	QIZ20592.1	34.127	252	152	5	6	256	5	243	7.34e-41	137
MDC3288408.1	QIZ20495.1	44.129	528	292	3	3	527	4	531	3.53e-148	431
MDC3288409.1	QIZ20216.1	58.675	317	130	1	1	316	1	317	9.41e-128	363
MDC3288412.1	QIZ21437.1	76.350	389	91	1	1	389	1	388	0.0	658
MDC3288413.1	QIZ20511.1	29.138	580	378	11	7	562	3	573	5.26e-74	242
MDC3288415.1	QIZ21436.1	91.282	195	17	0	1	195	1	195	1.46e-134	370
MDC3288416.1	QIZ21435.1	50.602	249	117	3	12	257	14	259	6.76e-87	255
MDC3288417.1	QIZ21434.1	76.423	492	116	0	1	492	1	492	0.0	804
MDC3288418.1	QIZ21433.1	83.902	205	33	0	1	205	1	205	1.96e-121	341
MDC3288419.1	QIZ20385.1	79.495	317	55	2	1	317	542	848	1.95e-169	488
MDC3288420.1	QIZ20384.1	85.976	164	23	0	1	164	1	164	4.77e-102	286
MDC3288421.1	QIZ20383.1	78.261	184	40	0	1	184	1	184	3.05e-108	303
MDC3288422.1	QIZ20382.1	81.622	370	68	0	1	370	1	370	0.0	644
MDC3288423.1	QIZ20381.1	76.727	275	64	0	1	275	1	275	9.56e-166	456
MDC3288424.1	QIZ20380.1	69.000	200	62	0	6	205	5	204	2.22e-95	272
MDC3288425.1	QIZ20379.1	72.035	683	191	0	1	683	1	683	0.0	988
MDC3288426.1	QIZ20378.1	54.118	85	39	0	1	85	1	85	1.84e-21	76.3
MDC3288427.1	QIZ20377.1	69.416	291	89	0	2	292	3	293	9.17e-139	389
MDC3288428.1	QIZ20376.1	61.709	316	121	0	18	333	18	333	4.54e-144	406
MDC3288429.1	QIZ20375.1	49.038	104	52	1	38	141	38	140	7.97e-27	96.7
MDC3288430.1	QIZ20375.1	50.420	119	56	2	1	118	135	251	3.92e-33	112
MDC3288431.1	QIZ20374.1	74.151	383	99	0	1	383	1	383	0.0	586
MDC3288432.1	QIZ20373.1	65.517	203	70	0	1	203	1	203	7.03e-89	256
MDC3288433.1	QIZ20372.1	51.613	310	147	2	1	307	1	310	4.09e-99	290
MDC3288434.1	QIZ20371.1	77.778	513	114	0	1	513	1	513	0.0	837
MDC3288435.1	QIZ20370.1	67.857	252	80	1	1	251	1	252	4.48e-118	333
MDC3288436.1	QIZ20369.1	61.719	256	97	1	1	256	3	257	1.09e-114	325
MDC3288437.1	QIZ20368.1	68.824	170	53	0	1	170	1	170	6.62e-85	243
MDC3288438.1	QIZ20367.1	83.264	239	40	0	1	239	152	390	8.66e-119	340
MDC3288439.1	QIZ20233.1	77.397	146	31	1	1	144	231	376	7.81e-81	241
MDC3288440.1	QIZ20233.1	68.056	72	23	0	8	79	382	453	2.08e-25	92.8
MDC3288441.1	QIZ20234.1	81.614	533	98	0	1	533	1	533	0.0	926
MDC3288442.1	QIZ20235.1	75.847	236	57	0	1	236	1	236	2.01e-131	366
MDC3288443.1	QIZ20236.1	88.293	205	24	0	1	205	1	205	2.07e-140	386
MDC3288444.1	QIZ20237.1	82.569	109	19	0	1	109	1	109	6.76e-67	192
MDC3288445.1	QIZ20238.1	86.842	76	10	0	1	76	1	76	2.51e-47	140
MDC3288446.1	QIZ20239.1	87.500	728	91	0	1	728	1	728	0.0	1335
MDC3288447.1	QIZ20240.1	81.938	227	41	0	1	227	1	227	2.51e-141	390
MDC3288448.1	QIZ20241.1	86.250	80	11	0	1	80	1	80	9.56e-47	139
MDC3288449.1	QIZ20242.1	91.538	260	22	0	1	260	1	260	7.04e-179	488
MDC3288450.1	QIZ20243.1	88.837	430	48	0	1	430	1	430	0.0	810
MDC3288451.1	QIZ20244.1	85.547	256	37	0	1	256	1	256	2.48e-172	471
MDC3288452.1	QIZ20245.1	80.275	218	43	0	1	218	1	218	1.48e-130	363
MDC3288453.1	QIZ20246.1	81.526	249	46	0	1	249	1	249	1.12e-151	418
MDC3288454.1	QIZ21085.1	31.903	373	227	11	1	351	306	673	2.45e-53	182
MDC3288456.1	QIZ21526.1	56.410	78	34	0	16	93	16	93	1.74e-30	99.8
MDC3288457.1	QIZ21226.1	75.221	113	28	0	1	113	1	113	1.28e-62	182
MDC3288458.1	QIZ21228.1	83.830	470	76	0	1	470	1	470	0.0	830
MDC3288459.1	QIZ21229.1	71.526	439	124	1	1	438	1	439	0.0	610
MDC3288460.1	QIZ21230.1	70.405	321	95	0	1	321	1	321	8.14e-164	455
MDC3288461.1	QIZ21231.1	79.204	226	47	0	1	226	1	226	1.82e-136	378
MDC3288462.1	QIZ21232.1	64.186	215	77	0	1	215	1	215	3.39e-91	262
MDC3288463.1	QIZ21233.1	95.364	604	28	0	1	604	1	604	0.0	1189
MDC3288464.1	QIZ21234.1	81.250	496	68	3	1	482	1	485	0.0	778
MDC3288464.1	QIZ21234.1	69.643	112	29	2	392	502	505	612	1.61e-32	126
MDC3288468.1	QIZ20538.1	96.053	76	3	0	1	76	16	91	6.90e-51	150
MDC3288469.1	QIZ20537.1	65.589	433	149	0	1	433	1	433	0.0	528
MDC3288470.1	QIZ20537.1	79.677	433	85	1	1	430	1	433	0.0	655
MDC3288471.1	QIZ20536.1	78.431	153	33	0	1	153	1	153	2.74e-66	194
MDC3288472.1	QIZ20533.1	63.780	127	46	0	1	127	1	127	1.40e-57	170
MDC3288473.1	QIZ20532.1	58.115	191	78	1	1	191	1	189	1.03e-77	226
MDC3288474.1	QIZ20531.1	64.968	157	55	0	1	157	1	157	9.16e-73	211
MDC3288475.1	QIZ20530.1	73.913	184	48	0	4	187	1	184	2.03e-104	293
MDC3288477.1	QIZ20529.1	62.451	253	94	1	2	254	5	256	1.87e-110	314
MDC3288479.1	QIZ20528.1	85.185	54	8	0	1	54	13	66	6.88e-30	95.9
MDC3288480.1	QIZ20527.1	75.610	369	88	2	4	371	3	370	0.0	569
MDC3288481.1	QIZ20526.1	81.586	391	72	0	1	391	1	391	0.0	687
MDC3288482.1	QIZ20525.1	85.926	405	57	0	1	405	1	405	0.0	689
MDC3288483.1	QIZ20842.1	59.064	171	70	0	18	188	15	185	3.66e-69	209
MDC3288484.1	QIZ20844.1	44.118	374	194	3	1	366	1	367	1.28e-92	277
MDC3288485.1	QIZ20844.1	47.411	367	192	1	1	366	1	367	6.54e-122	352
MDC3288486.1	QIZ20850.1	32.285	477	295	12	19	483	28	488	6.20e-59	198
MDC3288487.1	QIZ20843.1	39.070	215	122	6	1	213	1	208	5.29e-31	109
MDC3288495.1	QIZ20918.1	54.206	107	46	1	5	108	6	112	1.81e-34	114
MDC3288497.1	QIZ20898.1	34.369	483	302	7	4	485	5	473	3.21e-92	284
MDC3288499.1	QIZ20908.1	49.351	231	113	2	1	227	1	231	3.26e-70	210
MDC3288503.1	QIZ20910.1	54.464	112	51	0	13	124	13	124	1.58e-45	140
MDC3288504.1	QIZ20911.1	75.000	184	45	1	1	184	1	183	2.65e-106	298
MDC3288509.1	QIZ21118.1	50.867	173	84	1	1	172	1	173	1.00e-61	184
MDC3288510.1	QIZ21119.1	63.025	119	42	1	1	117	1	119	3.60e-46	141
MDC3288511.1	QIZ21120.1	62.759	145	54	0	22	166	25	169	7.62e-66	194
MDC3288512.1	QIZ21122.1	88.512	383	44	0	1	383	1	383	0.0	731
MDC3288513.1	QIZ21123.1	90.674	386	36	0	1	386	1	386	0.0	713
MDC3288514.1	QIZ21124.1	33.493	418	271	5	57	471	41	454	6.44e-77	244
MDC3288517.1	QIZ20521.1	83.178	107	18	0	1	107	26	132	4.91e-66	191
MDC3288518.1	QIZ20520.1	73.864	264	69	0	1	264	1	264	9.88e-155	427
MDC3288519.1	QIZ20519.1	95.513	156	7	0	1	156	1	156	1.78e-114	317
MDC3288520.1	QIZ20518.1	96.769	619	20	0	1	619	1	619	0.0	1272
MDC3288521.1	QIZ20517.1	75.000	116	29	0	1	116	1	116	7.04e-64	185
MDC3288522.1	QIZ20516.1	86.908	359	47	0	1	359	1	359	0.0	578
MDC3288523.1	QIZ20514.1	65.084	358	123	2	1	356	1	358	7.36e-161	450
MDC3288524.1	QIZ20513.1	94.286	140	8	0	1	140	249	388	1.87e-97	281
MDC3288525.1	QIZ21108.1	56.800	125	50	3	1	124	1	122	8.08e-48	147
MDC3288526.1	QIZ21109.1	75.652	345	84	0	1	345	1	345	0.0	575
MDC3288527.1	QIZ21110.1	81.423	253	47	0	1	253	1	253	1.35e-149	413
MDC3288528.1	QIZ21111.1	84.821	112	17	0	1	112	1	112	2.12e-68	196
MDC3288529.1	QIZ21112.1	90.659	182	17	0	1	182	1	182	5.88e-123	340
MDC3288530.1	QIZ21113.1	96.226	106	4	0	1	106	1	106	3.79e-74	211
MDC3288531.1	QIZ21114.1	82.627	236	40	1	1	235	1	236	2.19e-144	399
MDC3288532.1	QIZ21115.1	66.216	74	25	0	1	74	1	74	2.66e-33	105
MDC3288533.1	QIZ21116.1	78.986	138	29	0	1	138	1	138	1.53e-78	224
MDC3288534.1	QIZ21117.1	69.663	534	161	1	1	533	1	534	0.0	730
MDC3288535.1	QIZ20314.1	81.354	724	134	1	1	723	279	1002	0.0	1256
MDC3288536.1	QIZ20313.1	56.150	187	82	0	1	187	1	187	9.21e-83	239
MDC3288537.1	QIZ20312.1	85.882	255	36	0	1	255	1	255	9.67e-160	439
MDC3288538.1	QIZ20311.1	89.712	243	25	0	1	243	1	243	1.59e-135	377
MDC3288539.1	QIZ20306.1	71.338	157	45	0	1	157	1	157	8.40e-87	247
MDC3288540.1	QIZ20305.1	89.294	411	44	0	1	411	46	456	0.0	735
MDC3288541.1	QIZ20385.1	90.981	377	34	0	1	377	1	377	0.0	700
MDC3288542.1	QIZ20386.1	88.235	153	15	2	1	150	1	153	7.97e-92	259
MDC3288543.1	QIZ20387.1	92.382	617	47	0	1	617	1	617	0.0	1178
MDC3288543.1	QIZ20387.1	39.474	190	98	3	413	601	772	945	6.50e-36	139
MDC3288544.1	QIZ20387.1	94.118	187	11	0	1	187	762	948	1.16e-121	362
MDC3288544.1	QIZ20387.1	40.000	190	97	2	11	184	413	601	8.94e-41	142
MDC3288545.1	QIZ20388.1	82.237	152	24	1	1	152	1	149	7.50e-86	245
MDC3288546.1	QIZ20868.1	71.883	409	115	0	1	409	25	433	0.0	608
MDC3288547.1	QIZ20867.1	62.069	145	50	2	1	142	1	143	1.64e-53	161
MDC3288548.1	QIZ20866.1	73.222	239	64	0	1	239	1	239	2.20e-129	361
MDC3288549.1	QIZ20865.1	75.434	403	99	0	1	403	1	403	0.0	632
MDC3288550.1	QIZ20864.1	87.671	365	45	0	1	365	1	365	0.0	665
MDC3288551.1	QIZ20220.1	89.050	484	53	0	1	484	1	484	0.0	877
MDC3288552.1	QIZ20221.1	89.767	645	66	0	1	645	1	645	0.0	1226
MDC3288553.1	QIZ20222.1	90.000	330	31	1	8	337	15	342	0.0	632
MDC3288554.1	QIZ20626.1	80.263	76	14	1	1	76	24	98	8.81e-39	119
MDC3288555.1	QIZ20625.1	84.545	110	17	0	1	110	1	110	3.98e-70	201
MDC3288557.1	QIZ20624.1	93.162	468	32	0	1	468	1	468	0.0	922
MDC3288558.1	QIZ20623.1	66.879	157	52	0	4	160	3	159	2.17e-72	210
MDC3288559.1	QIZ20622.1	84.642	293	45	0	1	293	1	293	1.20e-171	473
MDC3288560.1	QIZ20621.1	70.861	302	87	1	1	301	1	302	9.08e-150	417
MDC3288561.1	QIZ20439.1	76.426	263	62	0	1	263	1	263	8.84e-141	392
MDC3288562.1	QIZ20440.1	92.889	225	16	0	1	225	1	225	4.60e-155	425
MDC3288563.1	QIZ20441.1	88.602	465	53	0	1	465	1	465	0.0	848
MDC3288564.1	QIZ20442.1	84.350	377	59	0	1	377	1	377	0.0	624
MDC3288565.1	QIZ20443.1	79.535	215	44	0	1	215	47	261	1.66e-101	290
MDC3288566.1	QIZ20852.1	50.667	300	140	3	3	295	5	303	8.91e-96	281
MDC3288567.1	QIZ20851.1	48.765	324	161	4	4	323	6	328	1.81e-109	317
MDC3288569.1	QIZ20831.1	53.153	111	51	1	4	114	2	111	1.24e-37	119
MDC3288570.1	QIZ20841.1	42.373	354	189	6	8	350	12	361	6.72e-90	270
MDC3288571.1	QIZ20893.1	36.680	259	147	7	1	243	151	408	3.90e-40	138
MDC3288572.1	QIZ20894.1	28.571	252	171	5	18	266	19	264	8.12e-25	95.5
MDC3288573.1	QIZ20895.1	71.753	308	87	0	1	308	1	308	1.73e-176	486
MDC3288574.1	QIZ20896.1	47.059	425	218	6	1	421	1	422	2.43e-131	380
MDC3288575.1	QIZ20897.1	56.075	107	44	2	1	105	1	106	5.81e-40	124
MDC3288577.1	QIZ20852.1	38.028	213	127	4	2	213	4	212	1.09e-33	119
MDC3288580.1	QIZ21249.1	37.182	433	227	14	56	465	152	562	3.74e-67	221
MDC3288581.1	QIZ21421.1	84.492	187	29	0	1	187	1	187	4.70e-116	325
MDC3288582.1	QIZ21420.1	71.920	349	97	1	3	350	2	350	0.0	520
MDC3288583.1	QIZ21419.1	85.859	297	42	0	1	297	1	297	0.0	517
MDC3288584.1	QIZ21418.1	85.230	413	59	1	1	411	1	413	0.0	743
MDC3288585.1	QIZ21417.1	91.209	91	8	0	10	100	114	204	9.77e-51	154
MDC3288588.1	QIZ20511.1	95.455	440	20	0	1	440	155	594	0.0	875
MDC3288589.1	QIZ20510.1	73.963	434	113	0	1	434	1	434	0.0	682
MDC3288590.1	QIZ20500.1	89.189	222	24	0	1	222	162	383	6.45e-156	433
MDC3288591.1	QIZ20469.1	89.103	312	34	0	1	312	1	312	0.0	591
MDC3288592.1	QIZ20470.1	85.149	202	30	0	1	202	1	202	1.00e-134	371
MDC3288593.1	QIZ20471.1	94.103	390	23	0	1	390	2	391	0.0	769
MDC3288594.1	QIZ20860.1	80.342	234	46	0	1	234	199	432	3.63e-143	403
MDC3288595.1	QIZ20861.1	50.694	144	51	4	4	141	16	145	2.46e-36	118
MDC3288596.1	QIZ20862.1	60.357	280	111	0	1	280	1	280	1.16e-120	342
MDC3288597.1	QIZ20863.1	89.140	221	24	0	1	221	137	357	4.08e-148	412
MDC3288598.1	QIZ21470.1	94.079	456	27	0	1	456	1	456	0.0	914
MDC3288599.1	QIZ21471.1	88.030	401	48	0	1	401	42	442	0.0	756
MDC3288600.1	QIZ20871.1	79.701	670	126	2	1	660	64	733	0.0	1117
MDC3288601.1	QIZ20872.1	86.207	203	28	0	1	203	1	203	5.20e-129	357
MDC3288602.1	QIZ21172.1	93.103	58	4	0	1	58	1	58	9.33e-34	107
MDC3288603.1	QIZ21171.1	95.127	472	23	0	1	472	1	472	0.0	916
MDC3288604.1	QIZ21170.1	86.194	268	37	0	1	268	24	291	1.02e-175	481
MDC3288605.1	QIZ20779.1	67.910	134	43	0	1	134	1	134	1.51e-59	184
MDC3288606.1	QIZ20778.1	87.761	335	41	0	1	335	1	335	0.0	606
MDC3288607.1	QIZ20777.1	86.047	258	36	0	1	258	392	649	9.50e-165	467
