MDB2499912.1	QIZ21086.1	85.714	119	17	0	4	122	2	120	2.57e-76	218
MDB2499917.1	QIZ21088.1	89.076	357	39	0	1	357	1	357	0.0	653
MDB2499918.1	QIZ21089.1	72.964	307	80	1	1	304	1	307	1.64e-158	440
MDB2499919.1	QIZ21090.1	80.172	232	46	0	1	232	1	232	4.71e-142	392
MDB2499920.1	QIZ21091.1	86.150	361	50	0	1	361	1	361	0.0	592
MDB2499921.1	QIZ21092.1	84.375	96	15	0	1	96	1	96	2.84e-58	169
MDB2499922.1	QIZ21093.1	92.527	281	21	0	1	281	1	281	0.0	529
MDB2499925.1	QIZ21095.1	85.083	362	54	0	1	362	1	362	0.0	609
MDB2499926.1	QIZ21096.1	92.373	236	18	0	1	236	1	236	3.39e-165	451
MDB2499927.1	QIZ21097.1	90.707	495	46	0	1	495	1	495	0.0	916
MDB2499928.1	QIZ21099.1	95.000	40	2	0	1	40	1	40	4.61e-23	77.0
MDB2499929.1	QIZ21100.1	89.130	138	15	0	1	138	1	138	6.42e-86	243
MDB2499930.1	QIZ21101.1	95.397	239	11	0	1	239	1	239	2.70e-173	472
MDB2499933.1	QIZ21103.1	88.947	380	42	0	1	380	1	380	0.0	703
MDB2499934.1	QIZ21104.1	90.476	126	12	0	1	126	1	126	1.12e-80	229
MDB2499935.1	QIZ21105.1	92.105	152	12	0	1	152	1	152	1.25e-93	263
MDB2499936.1	QIZ21107.1	90.609	394	37	0	1	394	1	394	0.0	750
MDB2499937.1	QIZ21108.1	74.405	168	43	0	1	168	1	168	4.34e-95	268
MDB2499938.1	QIZ21109.1	83.478	345	57	0	1	345	1	345	0.0	620
MDB2499939.1	QIZ21110.1	83.794	253	41	0	1	253	1	253	5.71e-155	427
MDB2499940.1	QIZ21111.1	84.348	115	17	1	1	115	1	114	2.38e-67	194
MDB2499941.1	QIZ21112.1	84.153	183	29	0	1	183	1	183	3.96e-116	323
MDB2499942.1	QIZ21113.1	96.226	106	4	0	1	106	1	106	1.44e-75	214
MDB2499943.1	QIZ21114.1	88.559	236	26	1	1	235	1	236	9.60e-154	422
MDB2499944.1	QIZ21115.1	70.667	75	22	0	1	75	1	75	8.61e-38	116
MDB2499945.1	QIZ21116.1	80.435	138	27	0	1	138	1	138	3.29e-81	231
MDB2499946.1	QIZ21117.1	78.489	609	130	1	1	608	1	609	0.0	931
MDB2499947.1	QIZ21118.1	63.006	173	64	0	1	173	1	173	7.85e-83	238
MDB2499948.1	QIZ21119.1	65.812	117	40	0	1	117	1	117	1.48e-46	142
MDB2499949.1	QIZ21120.1	63.946	147	53	0	23	169	23	169	4.21e-71	208
MDB2499950.1	QIZ21122.1	91.645	383	32	0	1	383	1	383	0.0	749
MDB2499951.1	QIZ21123.1	94.560	386	21	0	1	386	1	386	0.0	743
MDB2499952.1	QIZ21124.1	32.857	420	275	5	57	473	41	456	2.55e-73	235
MDB2499955.1	QIZ21125.1	90.536	317	30	0	1	317	1	317	0.0	595
MDB2499956.1	QIZ21134.1	94.819	386	18	2	1	385	1	385	0.0	725
MDB2499957.1	QIZ21135.1	89.231	195	21	0	1	195	1	195	1.32e-134	370
MDB2499958.1	QIZ21136.1	96.247	453	17	0	1	453	1	453	0.0	867
MDB2499959.1	QIZ21137.1	91.011	445	40	0	1	445	1	445	0.0	813
MDB2499960.1	QIZ21138.1	89.831	59	6	0	1	59	1	59	8.58e-35	107
MDB2499961.1	QIZ21139.1	77.778	279	62	0	1	279	14	292	4.78e-151	421
MDB2499962.1	QIZ21140.1	70.356	253	75	0	20	272	20	272	5.58e-139	388
MDB2499963.1	QIZ21142.1	88.158	304	36	0	1	304	1	304	0.0	541
MDB2499964.1	QIZ21143.1	72.263	274	76	0	1	274	1	274	6.24e-141	393
MDB2499965.1	QIZ21144.1	94.912	452	23	0	1	452	1	452	0.0	826
MDB2499966.1	QIZ21145.1	88.679	106	12	0	1	106	1	106	4.33e-67	197
MDB2499967.1	QIZ21146.1	87.719	228	28	0	1	228	1	228	3.18e-152	418
MDB2499968.1	QIZ21148.1	92.704	466	34	0	1	466	1	466	0.0	904
MDB2499969.1	QIZ21149.1	91.542	201	17	0	1	201	9	209	1.63e-134	371
MDB2499970.1	QIZ21150.1	94.293	368	21	0	1	368	1	368	0.0	694
MDB2499971.1	QIZ21151.1	85.690	587	84	0	1	587	1	587	0.0	1066
MDB2499972.1	QIZ21152.1	77.654	537	120	0	1	537	1	537	0.0	897
MDB2499974.1	QIZ21328.1	49.789	237	117	2	10	245	7	242	2.38e-82	243
MDB2499975.1	QIZ21320.1	71.125	329	95	0	1	329	1	329	3.87e-177	490
MDB2499981.1	QIZ21326.1	30.278	611	305	19	332	835	424	1020	6.70e-63	231
MDB2499982.1	QIZ21330.1	48.261	690	323	9	2	674	104	776	0.0	614
MDB2499983.1	QIZ21331.1	38.378	185	113	1	1	184	40	224	1.21e-39	130
MDB2499985.1	QIZ21333.1	50.575	522	239	10	5	518	8	518	2.73e-159	459
MDB2499986.1	QIZ21334.1	54.733	581	244	2	4	565	2	582	0.0	620
MDB2499987.1	QIZ21335.1	61.314	411	155	3	1	409	1	409	4.22e-162	457
MDB2499988.1	QIZ21339.1	75.806	62	15	0	1	62	1	62	5.06e-26	93.2
MDB2499989.1	QIZ21153.1	68.482	257	81	0	1	257	1	257	1.23e-137	383
MDB2499990.1	QIZ21154.1	90.786	369	34	0	1	369	1	369	0.0	689
MDB2499991.1	QIZ21155.1	79.154	331	69	0	1	331	1	331	0.0	548
MDB2499992.1	QIZ21156.1	78.689	122	26	0	1	122	1	122	1.58e-66	193
MDB2499993.1	QIZ21157.1	72.043	93	26	0	1	93	1	93	9.73e-47	141
MDB2499994.1	QIZ21158.1	96.949	590	18	0	1	590	1	590	0.0	1205
MDB2499995.1	QIZ21159.1	93.939	231	14	0	1	231	27	257	2.18e-166	455
MDB2499996.1	QIZ21160.1	95.976	497	20	0	1	497	1	497	0.0	991
MDB2499997.1	QIZ21161.1	93.750	320	20	0	1	320	1	320	0.0	600
MDB2499998.1	QIZ21162.1	89.637	386	40	0	1	386	1	386	0.0	697
MDB2499999.1	QIZ21163.1	94.502	291	16	0	1	291	1	291	0.0	528
MDB2500000.1	QIZ21164.1	83.695	969	157	1	1	969	1	968	0.0	1720
MDB2500001.1	QIZ21165.1	84.223	431	62	2	1	431	1	425	0.0	726
MDB2500002.1	QIZ21166.1	92.060	466	37	0	1	466	1	466	0.0	882
MDB2500003.1	QIZ21167.1	88.326	651	76	0	1	651	1	651	0.0	1191
MDB2500004.1	QIZ21168.1	88.108	185	22	0	1	185	1	185	8.97e-118	327
MDB2500005.1	QIZ21169.1	96.673	511	17	0	1	511	1	511	0.0	1004
MDB2500006.1	QIZ21170.1	96.220	291	11	0	1	291	1	291	0.0	574
MDB2500007.1	QIZ21171.1	98.517	472	7	0	1	472	1	472	0.0	944
MDB2500008.1	QIZ21172.1	90.000	130	13	0	1	130	1	130	1.17e-82	234
MDB2500009.1	QIZ21173.1	80.132	151	30	0	8	158	8	158	2.46e-91	258
MDB2500010.1	QIZ21174.1	84.488	361	56	0	16	376	19	379	0.0	629
MDB2500011.1	QIZ21175.1	89.655	116	12	0	1	116	1	116	3.55e-73	209
MDB2500012.1	QIZ21176.1	72.778	180	48	1	1	179	1	180	6.84e-90	256
MDB2500013.1	QIZ21177.1	75.481	416	102	0	1	416	1	416	0.0	639
MDB2500014.1	QIZ21178.1	83.696	368	60	0	1	368	1	368	0.0	617
MDB2500015.1	QIZ21179.1	88.073	327	39	0	1	327	1	327	0.0	561
MDB2500016.1	QIZ21180.1	98.810	84	1	0	1	84	1	84	4.21e-56	163
MDB2500017.1	QIZ21181.1	89.764	127	13	0	1	127	1	127	4.52e-80	229
MDB2500018.1	QIZ21182.1	76.151	239	57	0	1	239	1	239	3.70e-138	383
MDB2500019.1	QIZ21183.1	83.756	197	32	0	1	197	1	197	7.96e-124	343
MDB2500020.1	QIZ21184.1	87.366	372	47	0	1	372	1	372	0.0	679
MDB2500021.1	QIZ21185.1	75.487	359	88	0	1	359	1	359	0.0	552
MDB2500022.1	QIZ21186.1	82.155	297	53	0	1	297	1	297	1.17e-180	496
MDB2500023.1	QIZ21187.1	63.306	248	91	0	1	248	1	248	5.19e-111	315
MDB2500024.1	QIZ21188.1	82.751	458	79	0	1	458	1	458	0.0	734
MDB2500025.1	QIZ21189.1	85.652	460	66	0	1	460	22	481	0.0	741
MDB2500026.1	QIZ21190.1	87.500	520	65	0	1	520	6	525	0.0	940
MDB2500027.1	QIZ21191.1	80.571	350	68	0	1	350	1	350	0.0	570
MDB2500028.1	QIZ21192.1	91.489	94	8	0	1	94	1	94	3.86e-50	150
MDB2500029.1	QIZ21193.1	81.421	183	34	0	1	183	1	183	6.63e-110	307
MDB2500030.1	QIZ21194.1	94.483	290	16	0	23	312	1	290	0.0	541
MDB2500031.1	QIZ21195.1	92.507	347	26	0	1	347	1	347	0.0	650
MDB2500032.1	QIZ21196.1	87.245	392	50	0	1	392	1	392	0.0	716
MDB2500033.1	QIZ21197.1	92.896	183	13	0	5	187	5	187	2.38e-125	347
MDB2500034.1	QIZ21198.1	71.585	183	52	0	1	183	1	183	1.43e-93	266
MDB2500035.1	QIZ21199.1	82.524	309	54	0	1	309	1	309	0.0	523
MDB2500036.1	QIZ21200.1	89.502	924	97	0	1	924	1	924	0.0	1687
MDB2500037.1	QIZ21201.1	94.043	235	14	0	1	235	1	235	5.32e-162	443
MDB2500038.1	QIZ21202.1	82.779	511	88	0	1	511	1	511	0.0	794
MDB2500039.1	QIZ21203.1	92.523	428	32	0	1	428	1	428	0.0	805
MDB2500040.1	QIZ21204.1	69.298	114	35	0	1	114	1	114	1.81e-52	158
MDB2500041.1	QIZ21370.1	61.728	81	31	0	1	81	1	81	4.00e-33	105
MDB2500042.1	QIZ21369.1	79.167	336	70	0	1	336	1	336	0.0	537
MDB2500043.1	QIZ21368.1	77.912	498	100	3	1	491	1	495	0.0	701
MDB2500044.1	QIZ21367.1	93.548	155	10	0	1	155	1	155	7.41e-110	305
MDB2500045.1	QIZ21366.1	65.401	237	82	0	5	241	7	243	3.82e-110	313
MDB2500046.1	QIZ21365.1	66.284	261	75	1	1	248	1	261	1.26e-129	363
MDB2500047.1	QIZ21364.1	79.885	174	35	0	24	197	23	196	2.92e-102	289
MDB2500049.1	QIZ21363.1	93.617	611	35	2	1	611	1	607	0.0	1155
MDB2500050.1	QIZ21362.1	84.264	591	93	0	1	591	1	591	0.0	1003
MDB2500051.1	QIZ21361.1	73.684	152	40	0	1	152	1	152	1.86e-72	210
MDB2500052.1	QIZ21360.1	84.675	385	58	1	1	384	1	385	0.0	665
MDB2500053.1	QIZ21359.1	88.454	1074	124	0	1	1074	1	1074	0.0	1963
MDB2500056.1	QIZ21358.1	87.749	351	43	0	1	351	1	351	0.0	625
MDB2500057.1	QIZ21319.1	93.151	219	15	0	1	219	1	219	8.77e-158	431
MDB2500058.1	QIZ21318.1	85.350	314	46	0	1	314	1	314	0.0	536
MDB2500059.1	QIZ21317.1	92.357	314	24	0	1	314	1	314	0.0	607
MDB2500060.1	QIZ21314.1	96.231	398	15	0	1	398	1	398	0.0	788
MDB2500061.1	QIZ21313.1	91.865	713	58	0	1	713	1	713	0.0	1370
MDB2500062.1	QIZ21312.1	85.200	250	37	0	1	250	1	250	1.22e-156	431
MDB2500063.1	QIZ21310.1	89.362	141	15	0	1	141	1	141	2.15e-86	244
MDB2500064.1	QIZ21309.1	90.998	611	55	0	1	611	1	611	0.0	1160
MDB2500065.1	QIZ21308.1	93.299	194	13	0	1	194	1	194	4.89e-133	367
MDB2500066.1	QIZ21307.1	90.345	290	28	0	1	290	1	290	0.0	558
MDB2500067.1	QIZ21306.1	75.862	145	35	0	1	145	1	145	1.14e-80	230
MDB2500068.1	QIZ21305.1	80.000	225	45	0	1	225	1	225	2.32e-130	362
MDB2500069.1	QIZ21304.1	78.132	439	96	0	1	439	1	439	0.0	713
MDB2500070.1	QIZ21303.1	78.571	70	15	0	1	70	1	70	4.16e-35	110
MDB2500071.1	QIZ21302.1	70.325	246	73	0	1	246	1	246	2.78e-127	357
MDB2500072.1	QIZ21301.1	67.241	348	113	1	1	348	1	347	4.32e-162	452
MDB2500073.1	QIZ21300.1	64.315	241	86	0	1	241	13	253	1.56e-89	261
MDB2500074.1	QIZ21299.1	93.871	310	19	0	1	310	1	310	0.0	559
MDB2500075.1	QIZ21298.1	74.429	219	54	1	1	219	1	217	4.91e-112	317
MDB2500076.1	QIZ21297.1	89.247	186	20	0	1	186	1	186	4.23e-123	341
MDB2500077.1	QIZ21296.1	91.317	357	31	0	1	357	1	357	0.0	676
MDB2500078.1	QIZ21295.1	85.714	259	37	0	1	259	1	259	1.42e-161	444
MDB2500079.1	QIZ21294.1	96.420	419	15	0	1	419	1	419	0.0	824
MDB2500080.1	QIZ21293.1	91.716	169	14	0	1	169	1	169	1.77e-110	307
MDB2500081.1	QIZ21292.1	80.392	153	30	0	1	153	1	153	2.87e-93	263
MDB2500082.1	QIZ21291.1	81.455	275	51	0	1	275	1	275	3.04e-173	475
MDB2500083.1	QIZ21290.1	89.241	158	17	0	1	158	1	158	6.14e-102	285
MDB2500084.1	QIZ21289.1	71.698	424	120	0	1	424	1	424	0.0	620
MDB2500085.1	QIZ21288.1	62.057	282	106	1	1	282	1	281	3.31e-112	321
MDB2500086.1	QIZ21287.1	68.020	197	63	0	1	197	362	558	1.36e-92	276
MDB2500088.1	QIZ21444.1	85.811	740	105	0	1	740	1	740	0.0	1305
MDB2500089.1	QIZ21443.1	92.958	284	20	0	1	284	1	284	0.0	505
MDB2500090.1	QIZ21442.1	82.410	415	73	0	1	415	1	415	0.0	710
MDB2500091.1	QIZ21441.1	86.981	361	46	1	13	372	13	373	0.0	656
MDB2500092.1	QIZ21440.1	87.017	362	47	0	1	362	1	362	0.0	670
MDB2500093.1	QIZ21439.1	90.206	388	38	0	1	388	1	388	0.0	749
MDB2500094.1	QIZ20715.1	70.980	255	73	1	3	257	4	257	1.14e-128	360
MDB2500095.1	QIZ20717.1	84.645	521	80	0	1	521	1	521	0.0	893
MDB2500096.1	QIZ20718.1	64.138	145	52	0	1	145	1	145	4.01e-61	181
MDB2500097.1	QIZ20719.1	89.106	358	39	0	1	358	1	358	0.0	607
MDB2500098.1	QIZ20720.1	79.803	203	41	0	1	203	1	203	5.74e-119	332
MDB2500099.1	QIZ20721.1	82.508	303	53	0	1	303	1	303	0.0	522
MDB2500100.1	QIZ20722.1	66.914	269	87	1	1	269	1	267	1.33e-127	359
MDB2500101.1	QIZ20723.1	90.698	215	20	0	1	215	1	215	1.59e-148	407
MDB2500102.1	QIZ20724.1	89.109	404	44	0	1	404	1	404	0.0	762
MDB2500103.1	QIZ20725.1	80.765	889	171	0	1	889	1	889	0.0	1492
MDB2500105.1	QIZ21339.1	71.429	63	18	0	7	69	3	65	1.25e-25	92.4
MDB2500106.1	QIZ20726.1	91.076	381	34	0	1	381	1	381	0.0	712
MDB2500107.1	QIZ20727.1	71.942	417	117	0	17	433	16	432	0.0	598
MDB2500108.1	QIZ20728.1	80.195	308	61	0	1	308	1	308	1.61e-178	491
MDB2500109.1	QIZ20729.1	93.333	120	8	0	1	120	1	120	1.67e-82	233
MDB2500110.1	QIZ20730.1	78.453	181	39	0	2	182	3	183	3.56e-101	285
MDB2500111.1	QIZ20731.1	96.947	131	4	0	1	131	1	131	5.78e-92	258
MDB2500112.1	QIZ20732.1	95.775	426	18	0	1	426	1	426	0.0	839
MDB2500113.1	QIZ20733.1	66.552	290	97	0	1	290	1	290	1.23e-140	394
MDB2500115.1	QIZ20734.1	86.861	137	18	0	51	187	44	180	3.37e-89	255
MDB2500116.1	QIZ20736.1	76.442	208	49	0	1	208	1	208	3.23e-128	355
MDB2500117.1	QIZ20737.1	75.444	338	83	0	1	338	1	338	0.0	522
MDB2500118.1	QIZ20738.1	83.019	106	18	0	1	106	1	106	1.16e-65	189
MDB2500119.1	QIZ20739.1	84.980	253	38	0	1	253	1	253	1.64e-157	433
MDB2500120.1	QIZ20740.1	94.762	630	33	0	1	630	1	630	0.0	1241
MDB2500121.1	QIZ20741.1	76.852	108	25	0	1	108	1	108	2.90e-57	168
MDB2500122.1	QIZ20742.1	89.631	434	45	0	1	434	1	434	0.0	823
MDB2500123.1	QIZ20743.1	79.932	294	59	0	1	294	1	294	1.05e-175	483
MDB2500124.1	QIZ20744.1	92.705	329	24	0	1	329	1	329	0.0	636
MDB2500125.1	QIZ20745.1	85.921	277	39	0	1	277	1	277	2.21e-174	478
MDB2500126.1	QIZ20746.1	93.010	887	62	0	1	887	1	887	0.0	1704
MDB2500127.1	QIZ20747.1	83.370	451	75	0	1	451	238	688	0.0	775
MDB2500128.1	QIZ21016.1	66.463	492	165	0	1	492	26	517	0.0	623
MDB2500129.1	QIZ21015.1	89.147	387	42	0	1	387	1	387	0.0	708
MDB2500130.1	QIZ21014.1	93.037	517	36	0	1	517	14	530	0.0	954
MDB2500131.1	QIZ21013.1	89.946	736	69	1	1	731	1	736	0.0	1311
MDB2500132.1	QIZ21012.1	94.262	122	7	0	1	122	1	122	2.30e-82	233
MDB2500133.1	QIZ21011.1	91.463	82	7	0	1	82	1	82	2.00e-49	146
MDB2500134.1	QIZ21010.1	95.652	690	30	0	1	690	1	690	0.0	1350
MDB2500137.1	QIZ21008.1	95.019	261	13	0	1	261	1	261	0.0	514
MDB2500138.1	QIZ21007.1	96.774	403	13	0	1	403	1	403	0.0	811
MDB2500139.1	QIZ21006.1	86.145	166	23	0	1	166	1	166	3.29e-106	296
MDB2500140.1	QIZ21005.1	90.071	141	14	0	1	141	1	141	7.33e-93	261
MDB2500141.1	QIZ21004.1	96.377	138	5	0	1	138	1	138	8.46e-97	270
MDB2500142.1	QIZ21003.1	93.228	443	30	0	1	443	1	443	0.0	872
MDB2500143.1	QIZ21002.1	83.249	197	33	0	1	197	1	197	2.02e-122	340
MDB2500144.1	QIZ21001.1	65.772	149	51	0	1	149	1	149	1.09e-70	205
MDB2500145.1	QIZ21000.1	76.494	251	59	0	1	251	1	251	4.48e-140	389
MDB2500146.1	QIZ20999.1	80.000	145	29	0	1	145	1	145	3.15e-86	244
MDB2500147.1	QIZ20998.1	78.304	401	87	0	1	401	1	401	0.0	657
MDB2500148.1	QIZ20997.1	90.613	522	49	0	1	522	1	522	0.0	948
MDB2500149.1	QIZ20996.1	83.761	234	38	0	1	234	1	234	1.87e-151	416
MDB2500150.1	QIZ20995.1	74.216	287	74	0	1	287	1	287	7.04e-151	419
MDB2500151.1	QIZ20994.1	89.535	86	9	0	1	86	1	86	3.52e-50	148
MDB2500152.1	QIZ20993.1	88.511	470	54	0	1	470	1	470	0.0	849
MDB2500153.1	QIZ20992.1	90.811	370	33	1	1	369	1	370	0.0	677
MDB2500154.1	QIZ20991.1	80.258	233	46	0	1	233	1	233	1.51e-132	369
MDB2500155.1	QIZ20990.1	82.178	404	72	0	1	404	1	404	0.0	673
MDB2500156.1	QIZ20989.1	84.922	451	68	0	1	451	1	451	0.0	773
MDB2500157.1	QIZ20988.1	69.006	171	53	0	1	171	1	171	2.44e-87	249
MDB2500158.1	QIZ20987.1	91.045	67	6	0	1	67	1	67	3.36e-29	94.4
MDB2500159.1	QIZ20986.1	74.771	218	55	0	1	218	1	218	3.14e-124	346
MDB2500160.1	QIZ20985.1	90.426	188	18	0	1	188	1	188	1.09e-128	355
MDB2500161.1	QIZ20984.1	89.831	177	18	0	1	177	1	177	8.84e-109	304
MDB2500162.1	QIZ20983.1	60.377	159	63	0	3	161	1	159	1.12e-62	186
MDB2500163.1	QIZ20982.1	72.727	198	54	0	1	198	1	198	7.12e-103	290
MDB2500164.1	QIZ20981.1	74.763	527	133	0	1	527	1	527	0.0	754
MDB2500165.1	QIZ21474.1	92.038	314	25	0	1	314	1	314	0.0	602
MDB2500166.1	QIZ21473.1	90.452	775	74	0	1	775	1	775	0.0	1481
MDB2500167.1	QIZ21472.1	84.211	114	18	0	3	116	2	115	2.86e-71	204
MDB2500168.1	QIZ21471.1	88.636	440	50	0	2	441	3	442	0.0	831
MDB2500169.1	QIZ21470.1	86.992	123	16	0	1	123	1	123	2.86e-76	229
MDB2500170.1	QIZ21470.1	94.886	352	18	0	1	352	138	489	0.0	714
MDB2500171.1	QIZ21469.1	96.178	314	12	0	1	314	1	314	0.0	629
MDB2500172.1	QIZ21468.1	96.479	284	10	0	1	284	1	284	0.0	562
MDB2500173.1	QIZ21467.1	94.937	474	17	1	1	467	1	474	0.0	933
MDB2500174.1	QIZ21466.1	91.453	117	10	0	25	141	17	133	2.35e-82	234
MDB2500175.1	QIZ21465.1	93.777	466	29	0	1	466	1	466	0.0	891
MDB2500176.1	QIZ21464.1	90.541	74	7	0	1	74	1	74	3.23e-48	142
MDB2500178.1	QIZ21460.1	83.900	441	71	0	1	441	1	441	0.0	784
MDB2500179.1	QIZ21459.1	81.188	101	19	0	1	101	1	101	1.50e-54	170
MDB2500180.1	QIZ21459.1	91.489	282	24	0	2	283	99	380	0.0	533
MDB2500181.1	QIZ21458.1	81.780	472	86	0	1	472	1	472	0.0	812
MDB2500182.1	QIZ21457.1	76.259	139	33	0	2	140	1	139	6.85e-80	228
MDB2500183.1	QIZ21456.1	76.286	350	83	0	1	350	1	350	0.0	517
MDB2500184.1	QIZ21455.1	88.028	142	17	0	1	142	1	142	4.48e-92	259
MDB2500185.1	QIZ21454.1	44.258	418	232	1	16	433	17	433	3.37e-112	332
MDB2500186.1	QIZ21453.1	61.682	214	82	0	1	214	1	214	4.73e-74	219
MDB2500187.1	QIZ21452.1	90.101	889	88	0	1	889	1	889	0.0	1659
MDB2500188.1	QIZ21451.1	73.980	196	50	1	1	195	1	196	1.17e-94	270
MDB2500189.1	QIZ21450.1	88.496	113	13	0	1	113	1	113	1.10e-73	210
MDB2500190.1	QIZ21449.1	91.667	396	33	0	1	396	1	396	0.0	756
MDB2500194.1	QIZ20485.1	32.252	493	302	6	6	482	9	485	2.92e-86	269
MDB2500195.1	QIZ21448.1	93.724	478	30	0	1	478	1	478	0.0	909
MDB2500196.1	QIZ21447.1	98.433	319	5	0	1	319	1	319	0.0	650
MDB2500197.1	QIZ21446.1	63.596	228	83	0	18	245	18	245	1.22e-104	299
MDB2500198.1	QIZ21445.1	78.037	214	47	0	1	214	1	214	6.81e-124	345
MDB2500200.1	QIZ20953.1	43.182	264	133	6	2	251	3	263	2.00e-65	201
MDB2500201.1	QIZ20959.1	94.816	598	31	0	1	598	4	601	0.0	1163
MDB2500202.1	QIZ20960.1	78.429	802	173	0	1	802	1	802	0.0	1260
MDB2500203.1	QIZ20961.1	89.296	355	38	0	1	355	1	355	0.0	665
MDB2500204.1	QIZ20962.1	98.305	118	2	0	1	118	1	118	1.86e-84	238
MDB2500205.1	QIZ20963.1	98.529	68	1	0	1	68	1	68	5.88e-45	134
MDB2500206.1	QIZ20964.1	94.475	181	10	0	1	181	1	181	1.88e-127	351
MDB2500207.1	QIZ20965.1	91.536	638	54	0	1	638	1	638	0.0	1226
MDB2500208.1	QIZ20966.1	79.167	384	80	0	1	384	1	384	0.0	620
MDB2500209.1	QIZ20967.1	74.400	250	64	0	1	250	1	250	3.73e-130	364
MDB2500210.1	QIZ20968.1	64.948	291	102	0	1	291	1	291	4.80e-141	395
MDB2500211.1	QIZ20969.1	86.875	1501	197	0	1	1501	1	1501	0.0	2753
MDB2500212.1	QIZ20970.1	86.221	479	66	0	1	479	1	479	0.0	850
MDB2500213.1	QIZ20971.1	69.167	240	73	1	1	239	1	240	1.10e-116	330
MDB2500214.1	QIZ20972.1	77.288	295	67	0	1	295	1	295	1.88e-164	454
MDB2500215.1	QIZ20973.1	73.821	424	105	2	1	419	1	423	0.0	631
MDB2500216.1	QIZ20974.1	93.182	1012	65	2	1	1008	1	1012	0.0	1968
MDB2500217.1	QIZ20975.1	80.203	394	78	0	1	394	1	394	0.0	658
MDB2500218.1	QIZ20976.1	85.714	133	19	0	1	133	1	133	1.00e-84	240
MDB2500219.1	QIZ20977.1	84.481	799	124	0	1	799	3	801	0.0	1407
MDB2500220.1	QIZ20978.1	62.238	143	52	1	1	143	1	141	5.90e-58	172
MDB2500221.1	QIZ20979.1	87.963	108	13	0	1	108	1	108	3.75e-67	193
MDB2500222.1	QIZ20980.1	77.500	280	49	4	1	273	6	278	1.34e-139	392
MDB2500223.1	QIZ20227.1	92.623	488	36	0	1	488	13	500	0.0	941
MDB2500224.1	QIZ20226.1	95.302	298	14	0	1	298	1	298	0.0	590
MDB2500225.1	QIZ20225.1	95.187	374	18	0	1	374	1	374	0.0	742
MDB2500227.1	QIZ20222.1	85.423	343	42	2	1	336	1	342	0.0	620
MDB2500228.1	QIZ20221.1	93.798	645	40	0	1	645	1	645	0.0	1271
MDB2500229.1	QIZ20220.1	89.463	484	51	0	1	484	1	484	0.0	883
MDB2500230.1	QIZ20219.1	60.317	63	25	0	1	63	30	92	4.01e-26	87.4
MDB2500231.1	QIZ20218.1	88.158	380	45	0	1	380	1	380	0.0	699
MDB2500235.1	QIZ20212.1	90.667	150	14	0	1	150	13	162	9.06e-104	289
MDB2500236.1	QIZ20211.1	75.258	97	24	0	1	97	1	97	4.84e-52	154
MDB2500237.1	QIZ20208.1	75.385	130	32	0	2	131	3	132	7.65e-69	199
MDB2500238.1	QIZ20206.1	80.184	434	86	0	1	434	1	434	0.0	729
MDB2500239.1	QIZ20205.1	88.087	277	33	0	1	277	1	277	1.16e-149	416
MDB2500240.1	QIZ20204.1	90.854	328	30	0	7	334	1	328	0.0	627
MDB2500241.1	QIZ20203.1	98.861	439	5	0	1	439	5	443	0.0	855
MDB2500242.1	QIZ20202.1	97.561	164	4	0	1	164	1	164	1.00e-117	325
MDB2500243.1	QIZ20201.1	97.619	336	8	0	1	336	1	336	0.0	681
MDB2500244.1	QIZ20200.1	92.388	381	29	0	1	381	1	381	0.0	733
MDB2500245.1	QIZ20199.1	83.240	179	26	2	1	179	1	175	2.48e-103	290
MDB2500246.1	QIZ20198.1	81.592	402	74	0	1	402	1	402	0.0	585
MDB2500247.1	QIZ20197.1	90.311	289	28	0	1	289	1	289	0.0	544
MDB2500248.1	QIZ20196.1	79.899	199	40	0	1	199	1	199	2.06e-124	345
MDB2500250.1	QIZ21018.1	91.541	331	28	0	1	331	1	331	0.0	617
MDB2500251.1	QIZ21019.1	78.242	455	99	0	1	455	1	455	0.0	728
MDB2500252.1	QIZ21020.1	96.324	136	5	0	1	136	1	136	1.80e-94	264
MDB2500253.1	QIZ21021.1	71.875	128	36	0	3	130	1	128	6.20e-65	189
MDB2500254.1	QIZ21022.1	71.772	333	93	1	1	333	1	332	1.05e-180	498
MDB2500256.1	QIZ21023.1	79.006	181	36	1	1	181	1	179	1.59e-100	283
MDB2500257.1	QIZ21024.1	82.282	333	59	0	1	333	1	333	0.0	562
MDB2500258.1	QIZ21025.1	80.906	508	96	1	1	507	1	508	0.0	798
MDB2500259.1	QIZ21026.1	90.244	328	32	0	1	328	434	761	0.0	601
MDB2500260.1	QIZ21027.1	79.188	197	41	0	1	197	1	197	1.29e-116	325
MDB2500261.1	QIZ21028.1	70.383	287	85	0	1	287	1	287	1.58e-139	390
MDB2500262.1	QIZ21029.1	72.846	383	104	0	1	383	1	383	0.0	547
MDB2500263.1	QIZ21030.1	80.612	196	38	0	3	198	5	200	4.04e-104	294
MDB2500264.1	QIZ21031.1	72.170	212	57	2	1	211	1	211	3.14e-103	293
MDB2500265.1	QIZ21032.1	93.471	628	41	0	1	628	1	628	0.0	1184
MDB2500266.1	QIZ21033.1	88.564	376	40	2	1	376	1	373	0.0	660
MDB2500267.1	QIZ21034.1	82.558	258	45	0	1	258	1	258	6.50e-158	435
MDB2500268.1	QIZ21035.1	88.500	200	23	0	18	217	18	217	1.88e-136	377
MDB2500269.1	QIZ21036.1	74.434	309	79	0	1	309	1	309	1.87e-170	471
MDB2500270.1	QIZ21037.1	57.447	188	73	1	8	188	6	193	4.39e-67	199
MDB2500271.1	QIZ21038.1	58.896	163	66	1	1	163	1	162	2.96e-58	175
MDB2500272.1	QIZ21039.1	59.722	216	83	2	1	213	1	215	1.28e-86	251
MDB2500273.1	QIZ21040.1	42.941	170	95	1	8	177	9	176	3.79e-39	127
MDB2500275.1	QIZ20925.1	75.000	100	25	0	1	100	1	100	2.27e-49	149
MDB2500276.1	QIZ20926.1	77.218	417	95	0	1	417	1	417	0.0	649
MDB2500277.1	QIZ20927.1	77.297	185	41	1	1	184	1	185	2.91e-103	290
MDB2500279.1	QIZ20929.1	73.529	238	63	0	1	238	1	238	1.04e-129	362
MDB2500281.1	QIZ20931.1	78.947	114	24	0	1	114	1	114	6.32e-59	172
MDB2500282.1	QIZ20932.1	60.759	79	28	1	1	76	4	82	1.24e-32	103
MDB2500283.1	QIZ20933.1	86.738	558	74	0	1	558	1	558	0.0	1011
MDB2500284.1	QIZ20934.1	90.278	288	28	0	1	288	1	288	0.0	511
MDB2500285.1	QIZ20935.1	86.036	222	31	0	1	222	1	222	1.15e-143	396
MDB2500286.1	QIZ20936.1	74.638	276	69	1	1	276	1	275	1.46e-156	433
MDB2500287.1	QIZ20937.1	88.281	384	45	0	1	384	1	384	0.0	702
MDB2500288.1	QIZ20939.1	88.997	309	34	0	1	309	1	309	0.0	582
MDB2500289.1	QIZ20940.1	89.937	159	16	0	1	159	1	159	2.01e-107	299
MDB2500290.1	QIZ20941.1	82.927	246	42	0	1	246	1	246	8.52e-155	426
MDB2500291.1	QIZ20942.1	71.290	310	89	0	1	310	1	310	2.32e-164	455
MDB2500292.1	QIZ20943.1	83.721	172	28	0	1	172	1	172	6.79e-106	296
MDB2500293.1	QIZ20944.1	63.220	590	212	3	1	589	1	586	0.0	733
MDB2500295.1	QIZ20945.1	68.047	169	54	0	1	169	1	169	5.26e-80	230
MDB2500296.1	QIZ20946.1	69.022	368	112	1	1	366	1	368	4.83e-170	474
MDB2500297.1	QIZ20947.1	63.855	83	30	0	1	83	10	92	7.71e-32	102
MDB2500298.1	QIZ20948.1	86.286	175	24	0	1	175	1	175	1.56e-114	318
MDB2500299.1	QIZ20949.1	93.827	324	20	0	1	324	1	324	0.0	639
MDB2500300.1	QIZ20950.1	76.412	602	140	2	1	600	1	602	0.0	902
MDB2500301.1	QIZ20951.1	73.005	426	115	0	1	426	1	426	0.0	619
MDB2500302.1	QIZ20952.1	90.566	424	40	0	1	424	262	685	0.0	796
MDB2500303.1	QIZ21371.1	69.960	496	144	3	3	494	65	559	0.0	697
MDB2500304.1	QIZ21372.1	63.924	948	342	0	1	948	1	948	0.0	1149
MDB2500306.1	QIZ21373.1	58.837	430	174	2	1	430	1	427	3.15e-161	457
MDB2500307.1	QIZ21374.1	72.654	373	102	0	1	373	1	373	0.0	503
MDB2500308.1	QIZ21375.1	58.708	356	146	1	1	355	1	356	2.27e-150	424
MDB2500309.1	QIZ21376.1	78.925	465	98	0	1	465	1	465	0.0	773
MDB2500310.1	QIZ21377.1	74.419	301	77	0	1	301	11	311	5.18e-155	431
MDB2500311.1	QIZ21378.1	76.645	304	71	0	1	304	1	304	6.96e-162	449
MDB2500312.1	QIZ21379.1	47.111	225	118	1	1	224	1	225	2.28e-63	192
MDB2500313.1	QIZ21380.1	50.404	371	182	1	1	371	1	369	5.87e-130	373
MDB2500314.1	QIZ21381.1	76.797	306	71	0	1	306	1	306	9.16e-173	476
MDB2500315.1	QIZ21382.1	57.955	264	110	1	19	281	19	282	1.45e-107	309
MDB2500316.1	QIZ21383.1	74.102	668	173	0	9	676	9	676	0.0	1006
MDB2500317.1	QIZ21384.1	70.442	565	166	1	1	565	1	564	0.0	796
MDB2500318.1	QIZ21385.1	86.471	680	88	2	1	678	1	678	0.0	1225
MDB2500319.1	QIZ21415.1	92.157	51	4	0	1	51	34	84	3.43e-32	101
MDB2500321.1	QIZ20565.1	53.242	293	130	3	1	291	4	291	8.64e-111	318
MDB2500322.1	QIZ21414.1	94.309	123	7	0	1	123	1	123	1.88e-86	243
MDB2500323.1	QIZ21412.1	87.975	316	38	0	1	316	1	316	0.0	582
MDB2500324.1	QIZ21411.1	47.368	285	150	0	2	286	12	296	1.03e-88	262
MDB2500325.1	QIZ21410.1	86.165	412	57	0	1	412	1	412	0.0	757
MDB2500326.1	QIZ21409.1	80.965	373	71	0	1	373	1	373	0.0	587
MDB2500327.1	QIZ21408.1	77.099	655	149	1	1	655	1	654	0.0	1066
MDB2500328.1	QIZ21407.1	57.558	172	73	0	1	172	1	172	4.18e-60	180
MDB2500329.1	QIZ21406.1	59.709	412	155	4	1	402	1	411	9.18e-163	459
MDB2500330.1	QIZ21405.1	94.203	345	20	0	1	345	1	345	0.0	662
MDB2500331.1	QIZ21404.1	95.393	521	23	1	1	521	1	520	0.0	1026
MDB2500332.1	QIZ21403.1	92.059	340	26	1	1	340	1	339	0.0	645
MDB2500333.1	QIZ21402.1	90.659	182	17	0	1	182	1	182	1.30e-121	337
MDB2500334.1	QIZ21401.1	92.857	588	42	0	1	588	1	588	0.0	1106
MDB2500335.1	QIZ21400.1	72.669	311	85	0	1	311	1	311	2.46e-146	410
MDB2500336.1	QIZ21399.1	84.582	467	71	1	3	468	5	471	0.0	772
MDB2500337.1	QIZ21398.1	78.689	61	13	0	1	61	1	61	6.66e-31	98.2
MDB2500338.1	QIZ21397.1	94.444	288	16	0	1	288	1	288	0.0	531
MDB2500339.1	QIZ21396.1	91.257	366	32	0	1	366	1	366	0.0	643
MDB2500340.1	QIZ21395.1	96.838	253	8	0	1	253	1	253	0.0	496
MDB2500341.1	QIZ20775.1	80.690	145	28	0	1	145	1	145	1.12e-82	235
MDB2500342.1	QIZ20776.1	81.308	107	20	0	1	107	1	107	4.06e-53	157
MDB2500343.1	QIZ20777.1	76.534	652	153	0	1	652	1	652	0.0	1041
MDB2500344.1	QIZ20778.1	89.254	335	36	0	1	335	1	335	0.0	625
MDB2500345.1	QIZ20779.1	80.102	392	78	0	1	392	1	392	0.0	641
MDB2500346.1	QIZ20780.1	82.143	336	60	0	1	336	1	336	0.0	582
MDB2500347.1	QIZ20781.1	80.193	207	41	0	1	207	1	207	8.02e-105	296
MDB2500348.1	QIZ20782.1	91.935	186	15	0	1	186	1	186	2.89e-130	359
MDB2500349.1	QIZ20783.1	88.211	246	29	0	1	246	1	246	2.87e-164	450
MDB2500350.1	QIZ20784.1	94.737	76	4	0	1	76	1	76	1.11e-51	151
MDB2500351.1	QIZ20785.1	86.857	175	23	0	1	175	1	175	7.12e-118	328
MDB2500352.1	QIZ20786.1	100.000	63	0	0	6	68	2	64	3.58e-38	117
MDB2500355.1	QIZ20853.1	53.448	232	108	0	1	232	7	238	1.34e-83	244
MDB2500356.1	QIZ20788.1	92.888	464	33	0	2	465	1	464	0.0	878
MDB2500357.1	QIZ20789.1	89.474	95	10	0	1	95	1	95	6.21e-58	169
MDB2500358.1	QIZ20790.1	80.939	362	69	0	1	362	1	362	0.0	590
MDB2500360.1	QIZ20792.1	100.000	41	0	0	1	41	1	41	1.01e-23	78.6
MDB2500361.1	QIZ20793.1	69.896	289	87	0	1	289	1	289	1.45e-151	422
MDB2500362.1	QIZ20796.1	60.535	299	118	0	2	300	6	304	2.50e-129	366
MDB2500363.1	QIZ20795.1	52.786	341	153	4	2	341	3	336	6.97e-122	350
MDB2500364.1	QIZ21390.1	54.299	221	99	2	1	221	1	219	2.23e-84	245
MDB2500367.1	QIZ21205.1	66.323	291	98	0	1	291	28	318	8.72e-137	385
MDB2500368.1	QIZ21206.1	63.755	229	83	0	1	229	1	229	5.14e-104	296
MDB2500369.1	QIZ21207.1	81.092	238	45	0	1	238	1	238	1.07e-146	405
MDB2500370.1	QIZ21208.1	50.000	122	60	1	6	127	3	123	3.53e-36	116
MDB2500371.1	QIZ21209.1	82.412	199	35	0	1	199	1	199	1.32e-124	345
MDB2500372.1	QIZ21210.1	87.295	1039	132	0	1	1039	1	1039	0.0	1784
MDB2500373.1	QIZ21211.1	54.325	289	132	0	1	289	1	289	6.21e-116	332
MDB2500374.1	QIZ21212.1	71.004	269	78	0	1	269	1	269	1.29e-143	399
MDB2500375.1	QIZ21213.1	79.592	147	30	0	1	147	1	147	6.44e-91	256
MDB2500376.1	QIZ21214.1	90.136	294	29	0	1	294	1	294	0.0	529
MDB2500377.1	QIZ21215.1	85.782	211	30	0	1	211	1	211	1.72e-136	377
MDB2500379.1	QIZ20953.1	41.472	299	143	5	2	296	3	273	1.83e-66	205
MDB2500380.1	QIZ21217.1	90.173	173	17	0	1	173	6	178	7.89e-118	327
MDB2500381.1	QIZ21218.1	87.615	436	54	0	1	436	1	436	0.0	769
MDB2500382.1	QIZ21219.1	71.287	101	29	0	1	101	1	101	2.18e-51	152
MDB2500384.1	QIZ21220.1	86.975	691	90	0	1	691	1	691	0.0	1255
MDB2500385.1	QIZ21221.1	76.647	167	39	0	1	167	1	167	4.64e-84	241
MDB2500386.1	QIZ21222.1	30.599	317	196	7	11	321	11	309	1.41e-33	121
MDB2500387.1	QIZ21223.1	74.830	294	74	0	1	294	1	294	1.77e-166	459
MDB2500388.1	QIZ21224.1	87.879	396	48	0	1	396	1	396	0.0	742
MDB2500389.1	QIZ21270.1	60.300	267	106	0	1	267	45	311	8.30e-108	310
MDB2500390.1	QIZ21269.1	82.166	314	56	0	1	314	1	314	0.0	536
MDB2500391.1	QIZ21268.1	70.807	322	94	0	1	322	1	322	2.11e-165	459
MDB2500392.1	QIZ21267.1	78.723	141	30	0	1	141	1	141	4.27e-78	223
MDB2500393.1	QIZ21266.1	75.155	161	40	0	1	161	1	161	1.11e-94	267
MDB2500394.1	QIZ21265.1	78.603	458	98	0	1	458	1	458	0.0	742
MDB2500395.1	QIZ21264.1	73.272	217	58	0	1	217	1	217	1.54e-109	309
MDB2500396.1	QIZ21263.1	89.695	262	27	0	1	262	1	262	2.56e-170	466
MDB2500397.1	QIZ21262.1	89.888	178	18	0	2	179	1	178	5.19e-122	337
MDB2500399.1	QIZ21260.1	90.429	303	29	0	1	303	1	303	0.0	556
MDB2500400.1	QIZ21259.1	94.301	544	31	0	1	544	1	544	0.0	1000
MDB2500401.1	QIZ21258.1	84.502	271	42	0	1	271	1	271	1.70e-170	468
MDB2500402.1	QIZ21257.1	81.974	233	42	0	1	233	1	233	2.33e-138	383
MDB2500403.1	QIZ21256.1	93.636	220	14	0	1	220	1	220	1.32e-142	393
MDB2500404.1	QIZ21255.1	89.076	119	13	0	1	119	1	119	8.58e-77	218
MDB2500405.1	QIZ21254.1	84.615	78	12	0	1	78	1	78	8.21e-49	144
MDB2500406.1	QIZ21253.1	94.265	279	16	0	1	279	1	279	0.0	539
MDB2500407.1	QIZ21252.1	84.211	323	51	0	1	323	1	323	0.0	567
MDB2500408.1	QIZ21251.1	88.060	134	16	0	1	134	1	134	8.56e-90	252
MDB2500409.1	QIZ21250.1	66.084	286	97	0	1	286	1	286	4.35e-141	395
MDB2500410.1	QIZ21249.1	65.285	579	201	0	1	579	1	579	0.0	778
MDB2500411.1	QIZ21248.1	51.074	419	191	4	1	412	1	412	2.64e-124	362
MDB2500412.1	QIZ21247.1	45.693	267	142	2	1	267	1	264	2.09e-67	207
MDB2500413.1	QIZ20550.1	87.821	312	38	0	1	312	23	334	0.0	553
MDB2500417.1	QIZ20552.1	90.759	303	28	0	1	303	1	303	0.0	559
MDB2500418.1	QIZ20553.1	89.252	428	46	0	1	428	1	428	0.0	785
MDB2500419.1	QIZ21414.1	57.500	120	49	1	33	150	3	122	3.36e-50	152
MDB2500420.1	QIZ20554.1	79.000	200	42	0	1	200	1	200	3.07e-111	312
MDB2500421.1	QIZ20555.1	87.026	501	65	0	1	501	1	501	0.0	908
MDB2500422.1	QIZ20556.1	85.632	348	50	0	6	353	3	350	0.0	610
MDB2500423.1	QIZ20557.1	94.062	320	19	0	1	320	1	320	0.0	619
MDB2500425.1	QIZ20567.1	96.269	134	5	0	1	134	1	134	1.16e-98	275
MDB2500426.1	QIZ20568.1	91.667	192	16	0	1	192	1	192	8.38e-134	368
MDB2500427.1	QIZ20569.1	94.895	333	17	0	1	333	1	333	0.0	646
MDB2500429.1	QIZ20570.1	56.934	137	58	1	1	137	1	136	5.60e-57	170
MDB2500431.1	QIZ20573.1	96.875	96	3	0	1	96	1	96	1.54e-68	196
MDB2500432.1	QIZ20574.1	90.984	122	11	0	1	122	1	122	4.83e-73	209
MDB2500433.1	QIZ20576.1	96.939	98	3	0	1	98	1	98	4.62e-65	187
MDB2500434.1	QIZ20577.1	92.453	106	8	0	1	106	1	106	2.23e-71	203
MDB2500435.1	QIZ20578.1	94.118	68	4	0	23	90	1	68	2.96e-44	133
MDB2500436.1	QIZ20579.1	93.103	87	6	0	1	87	1	87	7.72e-55	161
MDB2500438.1	QIZ20953.1	40.678	295	149	9	2	294	3	273	1.52e-57	182
MDB2500439.1	QIZ20549.1	73.988	642	161	2	1	641	1	637	0.0	979
MDB2500440.1	QIZ20548.1	92.075	265	21	0	1	265	1	265	0.0	499
MDB2500441.1	QIZ20547.1	84.076	314	49	1	1	313	1	314	0.0	533
MDB2500442.1	QIZ20546.1	95.312	448	21	0	1	448	1	448	0.0	886
MDB2500443.1	QIZ20545.1	90.270	370	36	0	1	370	1	370	0.0	653
MDB2500444.1	QIZ21541.1	82.389	812	143	0	1	812	1	812	0.0	1390
MDB2500448.1	QIZ21520.1	91.613	155	13	0	1	155	1	155	1.40e-109	304
MDB2500449.1	QIZ21521.1	83.663	202	33	0	1	202	1	202	4.17e-132	365
MDB2500450.1	QIZ21522.1	94.895	333	17	0	1	333	1	333	0.0	647
MDB2500451.1	QIZ21523.1	94.576	295	16	0	1	295	1	295	0.0	583
MDB2500452.1	QIZ21524.1	89.716	282	29	0	1	282	195	476	0.0	540
MDB2500453.1	QIZ21045.1	56.017	241	106	0	1	241	91	331	1.43e-89	263
MDB2500454.1	QIZ21046.1	74.113	282	73	0	1	282	1	282	3.47e-153	425
MDB2500455.1	QIZ21047.1	85.227	264	39	0	1	264	1	264	1.14e-168	462
MDB2500456.1	QIZ21048.1	56.398	211	92	0	1	211	1	211	3.33e-84	244
MDB2500457.1	QIZ21049.1	85.393	623	91	0	1	623	1	623	0.0	1095
MDB2500458.1	QIZ21050.1	72.912	443	120	0	1	443	1	443	0.0	674
MDB2500462.1	QIZ21052.1	95.735	422	18	0	1	422	1	422	0.0	823
MDB2500465.1	QIZ21055.1	75.976	333	80	0	1	333	1	333	0.0	542
MDB2500466.1	QIZ21056.1	81.685	273	50	0	1	273	1	273	6.12e-169	464
MDB2500467.1	QIZ21057.1	79.167	192	40	0	1	192	1	192	4.60e-107	301
MDB2500468.1	QIZ21058.1	51.825	274	119	5	2	274	3	264	1.08e-87	258
MDB2500469.1	QIZ21059.1	67.925	53	17	0	1	53	1	53	1.21e-22	80.5
MDB2500471.1	QIZ20581.1	90.667	75	7	0	1	75	1	75	3.23e-46	137
MDB2500472.1	QIZ20583.1	70.175	114	34	0	1	114	1	114	9.06e-60	175
MDB2500473.1	QIZ20584.1	81.421	183	34	0	7	189	4	186	3.73e-112	313
MDB2500474.1	QIZ20585.1	81.679	262	48	0	7	268	7	268	7.80e-165	453
MDB2500475.1	QIZ20586.1	79.167	192	40	0	1	192	1	192	2.95e-115	322
MDB2500476.1	QIZ20587.1	87.660	235	29	0	1	235	1	235	3.17e-145	400
MDB2500477.1	QIZ20588.1	79.643	280	57	0	1	280	1	280	7.80e-172	472
MDB2500478.1	QIZ20606.1	87.708	480	59	0	1	480	1	480	0.0	893
MDB2500479.1	QIZ20607.1	52.294	109	49	3	1	107	1	108	5.52e-31	102
MDB2500480.1	QIZ20608.1	89.170	277	30	0	1	277	1	277	0.0	503
MDB2500481.1	QIZ20609.1	86.667	330	44	0	1	330	1	330	0.0	597
MDB2500482.1	QIZ20610.1	88.950	181	20	0	1	181	1	181	4.31e-119	330
MDB2500483.1	QIZ20611.1	74.684	79	20	0	1	79	1	79	1.73e-38	119
MDB2500484.1	QIZ20612.1	85.517	145	21	0	1	145	1	145	3.99e-82	234
MDB2500485.1	QIZ20615.1	86.957	115	15	0	1	115	1	115	1.98e-75	214
MDB2500486.1	QIZ20616.1	93.230	517	35	0	66	582	65	581	0.0	1012
MDB2500487.1	QIZ20617.1	86.420	81	11	0	1	81	1	81	7.05e-51	150
MDB2500488.1	QIZ21214.1	31.900	279	183	3	11	288	8	280	4.71e-32	116
MDB2500489.1	QIZ20618.1	89.759	166	17	0	1	166	1	166	3.57e-103	289
MDB2500490.1	QIZ20619.1	73.279	247	66	0	1	247	1	247	2.65e-106	303
MDB2500491.1	QIZ20620.1	80.612	196	38	0	1	196	1	196	5.43e-111	311
MDB2500493.1	QIZ21237.1	79.044	272	57	0	1	272	1	272	9.46e-164	451
MDB2500494.1	QIZ21236.1	97.917	96	2	0	1	96	1	96	9.13e-64	183
MDB2500495.1	QIZ21235.1	97.838	555	11	1	1	554	1	555	0.0	1073
MDB2500498.1	QIZ21234.1	87.872	437	43	2	1	437	1	427	0.0	772
MDB2500498.1	QIZ21234.1	52.500	120	39	3	384	494	504	614	7.93e-23	97.4
MDB2500499.1	QIZ21233.1	96.711	608	20	0	1	608	1	608	0.0	1204
MDB2500500.1	QIZ21232.1	80.465	215	42	0	1	215	1	215	2.15e-122	341
MDB2500501.1	QIZ21231.1	64.317	227	80	1	1	227	1	226	4.45e-106	301
MDB2500502.1	QIZ21229.1	85.877	439	61	1	1	438	1	439	0.0	729
MDB2500503.1	QIZ21228.1	95.319	470	22	0	1	470	1	470	0.0	925
MDB2500504.1	QIZ21226.1	73.043	115	31	0	1	115	1	115	2.28e-60	176
MDB2500505.1	QIZ21225.1	66.467	167	56	0	15	181	14	180	5.84e-80	231
MDB2500507.1	QIZ20474.1	93.443	122	8	0	1	122	1	122	1.23e-81	231
MDB2500508.1	QIZ20473.1	94.798	173	9	0	1	173	1	173	2.77e-127	350
MDB2500509.1	QIZ20472.1	79.208	202	41	1	1	201	1	202	2.02e-119	333
MDB2500510.1	QIZ20471.1	95.652	391	17	0	1	391	1	391	0.0	778
MDB2500511.1	QIZ20470.1	86.935	199	26	0	1	199	1	199	5.98e-134	369
MDB2500512.1	QIZ20469.1	89.842	443	45	0	1	443	1	443	0.0	836
MDB2500513.1	QIZ20468.1	83.382	680	112	1	1	680	1	679	0.0	1202
MDB2500514.1	QIZ20467.1	96.084	332	13	0	1	332	1	332	0.0	637
MDB2500515.1	QIZ20466.1	90.062	161	16	0	1	161	1	161	2.01e-111	309
MDB2500516.1	QIZ20465.1	88.095	210	25	0	1	210	1	210	7.80e-138	380
MDB2500517.1	QIZ20464.1	93.204	103	7	0	1	103	1	103	1.34e-52	156
MDB2500518.1	QIZ20463.1	86.028	637	89	0	1	637	1	637	0.0	1129
MDB2500519.1	QIZ20462.1	88.306	496	58	0	1	496	1	496	0.0	892
MDB2500520.1	QIZ20461.1	82.803	471	81	0	1	471	1	471	0.0	750
MDB2500521.1	QIZ20460.1	69.022	184	57	0	1	184	1	184	5.36e-85	244
MDB2500522.1	QIZ20747.1	72.131	183	51	0	1	183	1	183	3.74e-80	247
MDB2500523.1	QIZ20748.1	91.468	293	24	1	1	292	1	293	0.0	567
MDB2500524.1	QIZ20749.1	92.164	268	21	0	1	268	1	268	2.31e-167	459
MDB2500525.1	QIZ20750.1	88.427	337	39	0	19	355	1	337	0.0	612
MDB2500526.1	QIZ20751.1	77.404	208	47	0	1	208	1	208	2.89e-124	345
MDB2500527.1	QIZ20752.1	93.056	360	25	0	1	360	1	360	0.0	685
MDB2500528.1	QIZ20753.1	88.050	636	76	0	3	638	2	637	0.0	1184
MDB2500529.1	QIZ20754.1	78.276	290	63	0	1	290	1	290	8.19e-156	432
MDB2500530.1	QIZ20755.1	79.012	81	16	1	1	80	1	81	6.51e-36	112
MDB2500531.1	QIZ20756.1	72.903	310	84	0	1	310	1	310	2.34e-160	445
MDB2500532.1	QIZ20757.1	86.196	326	45	0	1	326	1	326	0.0	558
MDB2500533.1	QIZ20758.1	93.857	293	18	0	5	297	1	293	0.0	572
MDB2500534.1	QIZ20759.1	92.774	429	31	0	1	429	1	429	0.0	820
MDB2500535.1	QIZ20760.1	82.772	267	46	0	1	267	1	267	1.17e-158	437
MDB2500536.1	QIZ20761.1	83.455	411	68	0	1	411	33	443	0.0	697
MDB2500537.1	QIZ20436.1	92.913	254	18	0	1	254	231	484	6.15e-174	484
MDB2500538.1	QIZ20437.1	83.598	189	31	0	1	189	1	189	8.08e-117	325
MDB2500539.1	QIZ20438.1	83.636	330	54	0	1	330	1	330	0.0	576
MDB2500540.1	QIZ20439.1	82.890	263	45	0	1	263	1	263	8.98e-148	409
MDB2500541.1	QIZ20440.1	95.111	225	11	0	1	225	1	225	3.38e-158	432
MDB2500542.1	QIZ20441.1	82.366	465	81	1	1	464	1	465	0.0	798
MDB2500543.1	QIZ20442.1	68.883	376	117	0	1	376	1	376	0.0	508
MDB2500544.1	QIZ20443.1	61.977	263	98	1	1	263	1	261	1.57e-98	285
MDB2500545.1	QIZ20444.1	64.231	260	93	0	1	260	1	260	3.55e-123	347
MDB2500546.1	QIZ20445.1	66.258	326	110	0	1	326	1	326	1.52e-155	434
MDB2500547.1	QIZ20446.1	84.138	145	23	0	5	149	2	146	1.26e-92	261
MDB2500548.1	QIZ20447.1	39.535	172	104	0	5	176	2	173	1.62e-26	95.1
MDB2500550.1	QIZ20448.1	68.734	387	120	1	3	388	2	388	0.0	516
MDB2500551.1	QIZ20449.1	70.642	109	32	0	1	109	109	217	4.11e-50	154
MDB2500552.1	QIZ20892.1	72.000	150	42	0	2	151	60	209	1.48e-75	220
MDB2500553.1	QIZ20893.1	87.745	408	50	0	1	408	1	408	0.0	753
MDB2500554.1	QIZ20894.1	79.087	263	55	0	3	265	2	264	1.07e-144	402
MDB2500555.1	QIZ20895.1	81.818	308	56	0	1	308	1	308	0.0	537
MDB2500556.1	QIZ20896.1	49.061	426	209	6	1	422	1	422	3.17e-138	398
MDB2500558.1	QIZ20898.1	37.107	477	289	7	3	475	4	473	1.49e-100	305
MDB2500559.1	QIZ20908.1	54.148	229	99	3	1	223	1	229	1.57e-77	229
MDB2500561.1	QIZ20920.1	47.111	225	118	1	1	225	5	228	3.13e-71	213
MDB2500562.1	QIZ20921.1	48.286	350	176	3	1	349	1	346	4.03e-113	328
MDB2500563.1	QIZ20922.1	66.595	467	152	3	1	465	1	465	0.0	610
MDB2500564.1	QIZ21496.1	75.385	65	16	0	3	67	2	66	4.77e-32	101
MDB2500565.1	QIZ20923.1	98.592	71	1	0	1	71	1	71	1.29e-49	146
MDB2500566.1	QIZ20924.1	85.000	140	21	0	1	140	289	428	5.38e-84	248
MDB2500567.1	QIZ20924.1	79.608	255	52	0	1	255	37	291	3.91e-142	401
MDB2500568.1	QIZ20698.1	85.969	392	55	0	1	392	1	392	0.0	696
MDB2500569.1	QIZ20697.1	61.364	176	67	1	1	175	7	182	1.29e-77	225
MDB2500570.1	QIZ20696.1	75.200	250	62	0	1	250	1	250	3.00e-144	400
MDB2500571.1	QIZ20695.1	76.129	155	37	0	1	155	1	155	1.36e-68	200
MDB2500572.1	QIZ20694.1	96.185	367	14	0	1	367	1	367	0.0	712
MDB2500573.1	QIZ20692.1	66.250	480	162	0	4	483	12	491	0.0	677
MDB2500574.1	QIZ20691.1	95.336	922	43	0	1	922	1	922	0.0	1855
MDB2500575.1	QIZ20690.1	93.659	552	35	0	1	552	1	552	0.0	1046
MDB2500576.1	QIZ20689.1	80.072	276	55	0	1	276	1	276	1.94e-165	455
MDB2500577.1	QIZ20687.1	90.062	161	16	0	1	161	1	161	8.16e-91	257
MDB2500578.1	QIZ20686.1	79.412	136	28	0	1	136	1	136	3.63e-81	231
MDB2500579.1	QIZ20685.1	74.000	200	52	0	1	200	1	200	2.18e-111	312
MDB2500580.1	QIZ20684.1	79.911	224	42	1	1	224	1	221	4.12e-115	331
MDB2500581.1	QIZ21511.1	90.244	82	8	0	1	82	24	105	7.63e-53	159
MDB2500582.1	QIZ21512.1	63.235	68	25	0	1	68	99	166	3.20e-29	97.4
MDB2500583.1	QIZ21513.1	94.815	810	42	0	1	810	1	810	0.0	1578
MDB2500584.1	QIZ21514.1	91.968	249	20	0	1	249	1	249	1.19e-168	461
MDB2500585.1	QIZ21515.1	94.637	317	17	0	1	317	1	317	0.0	619
MDB2500586.1	QIZ21516.1	92.208	539	42	0	1	539	1	539	0.0	1049
MDB2500588.1	QIZ21518.1	33.651	315	203	3	4	316	3	313	9.03e-56	179
MDB2500589.1	QIZ21344.1	68.440	282	89	0	1	282	1	282	1.50e-142	398
MDB2500590.1	QIZ21519.1	92.742	124	9	0	1	124	1	124	3.52e-86	242
MDB2500593.1	QIZ20851.1	31.416	226	134	5	1	222	87	295	1.29e-24	95.9
MDB2500595.1	QIZ20666.1	90.598	468	44	0	1	468	1	468	0.0	877
MDB2500596.1	QIZ20667.1	85.390	794	116	0	1	794	1	794	0.0	1317
MDB2500597.1	QIZ20668.1	69.613	181	55	0	1	181	1	181	2.37e-85	245
MDB2500598.1	QIZ20669.1	91.458	480	41	0	14	493	14	493	0.0	919
MDB2500599.1	QIZ20670.1	84.455	431	67	0	1	431	1	431	0.0	762
MDB2500600.1	QIZ20671.1	73.786	309	81	0	1	309	1	309	1.83e-165	458
MDB2500601.1	QIZ20672.1	87.762	286	35	0	1	286	1	286	0.0	516
MDB2500602.1	QIZ20673.1	86.279	430	57	1	1	430	1	428	0.0	725
MDB2500605.1	QIZ20263.1	91.630	227	19	0	1	227	1	227	1.81e-153	422
MDB2500606.1	QIZ20262.1	99.020	102	1	0	1	102	1	102	2.00e-71	203
MDB2500607.1	QIZ20261.1	94.798	692	36	0	1	692	1	692	0.0	1368
MDB2500608.1	QIZ20260.1	92.949	156	11	0	1	156	1	156	2.80e-107	298
MDB2500609.1	QIZ20259.1	98.374	123	2	0	1	123	1	123	2.22e-86	243
MDB2500610.1	QIZ20258.1	95.248	1389	66	0	1	1389	1	1389	0.0	2741
MDB2500611.1	QIZ20257.1	94.636	988	53	0	1	988	376	1363	0.0	1930
MDB2500612.1	QIZ20762.1	75.542	323	79	0	1	323	1	323	1.22e-163	456
MDB2500613.1	QIZ20763.1	93.153	628	43	0	3	630	1	628	0.0	1148
MDB2500614.1	QIZ20764.1	66.279	344	116	0	1	344	1	344	9.65e-165	459
MDB2500615.1	QIZ20765.1	75.535	327	77	1	1	327	1	324	0.0	506
MDB2500616.1	QIZ20766.1	84.906	159	23	1	1	158	1	159	3.28e-94	265
MDB2500617.1	QIZ20767.1	93.039	431	30	0	15	445	16	446	0.0	830
MDB2500618.1	QIZ20768.1	84.758	269	41	0	1	269	1	269	4.99e-144	400
MDB2500619.1	QIZ20769.1	99.275	138	1	0	1	138	1	138	3.11e-98	274
MDB2500620.1	QIZ20770.1	88.839	224	25	0	1	224	1	224	1.60e-148	408
MDB2500621.1	QIZ20771.1	90.244	164	16	0	1	164	1	164	1.59e-112	312
MDB2500622.1	QIZ20772.1	86.667	240	32	0	1	240	1	240	5.88e-159	436
MDB2500623.1	QIZ20773.1	84.328	268	42	0	1	268	1	268	7.08e-173	473
MDB2500624.1	QIZ20774.1	77.358	106	24	0	1	106	75	180	3.10e-58	173
MDB2500626.1	QIZ20805.1	32.131	305	187	7	300	593	96	391	2.57e-32	124
MDB2500628.1	QIZ21071.1	36.759	253	154	2	1	253	1	247	2.42e-54	172
MDB2500629.1	QIZ21068.1	36.408	206	124	4	5	204	3	207	1.85e-41	135
MDB2500630.1	QIZ20846.1	33.594	256	146	6	17	271	20	252	7.76e-31	114
MDB2500632.1	QIZ20805.1	31.818	396	232	11	244	608	1	389	1.45e-35	134
MDB2500635.1	QIZ20436.1	82.540	63	11	0	2	64	1	63	4.46e-31	107
MDB2500636.1	QIZ20435.1	61.734	473	180	1	1	472	1	473	0.0	537
MDB2500637.1	QIZ20434.1	78.049	246	54	0	1	246	1	246	1.31e-143	397
MDB2500638.1	QIZ20433.1	84.000	100	16	0	1	100	1	100	2.58e-57	167
MDB2500639.1	QIZ20432.1	89.033	538	59	0	1	538	1	538	0.0	999
MDB2500640.1	QIZ20431.1	94.891	274	14	0	1	274	1	274	0.0	520
MDB2500641.1	QIZ20430.1	88.756	418	47	0	1	418	1	418	0.0	733
MDB2500642.1	QIZ20429.1	84.375	96	15	0	1	96	1	96	3.03e-52	154
MDB2500643.1	QIZ20428.1	85.714	308	42	1	1	306	1	308	0.0	538
MDB2500644.1	QIZ20427.1	73.793	145	38	0	1	145	1	145	1.48e-78	225
MDB2500645.1	QIZ20426.1	75.658	152	37	0	1	152	1	152	5.43e-74	214
MDB2500646.1	QIZ20425.1	79.042	167	35	0	1	167	1	167	3.02e-90	256
MDB2500647.1	QIZ20424.1	75.652	345	84	0	3	347	27	371	5.10e-168	469
MDB2500648.1	QIZ20957.1	28.155	309	198	6	39	332	1	300	1.68e-26	102
MDB2500649.1	QIZ21591.1	84.571	175	27	0	1	175	1	175	1.98e-98	277
MDB2500650.1	QIZ21592.1	75.862	174	42	0	1	174	1	174	8.44e-102	286
MDB2500651.1	QIZ21482.1	82.812	64	11	0	1	64	1	64	3.09e-35	109
MDB2500652.1	QIZ21593.1	91.329	346	30	0	1	346	1	346	0.0	631
MDB2500653.1	QIZ20180.1	92.933	283	20	0	1	283	1	283	0.0	535
MDB2500654.1	QIZ20181.1	90.870	230	21	0	1	230	1	230	1.79e-155	426
MDB2500655.1	QIZ20182.1	87.054	224	29	0	1	224	1	224	3.93e-146	402
MDB2500656.1	QIZ20183.1	86.047	129	18	0	1	129	1	129	6.38e-77	219
MDB2500657.1	QIZ20184.1	71.753	308	87	0	1	308	1	308	7.18e-159	441
MDB2500658.1	QIZ20190.1	80.000	360	72	0	1	360	1	360	0.0	607
MDB2500659.1	QIZ20191.1	76.630	184	43	0	1	184	1	184	2.05e-108	303
MDB2500660.1	QIZ20192.1	88.024	167	20	0	1	167	1	167	7.81e-108	301
MDB2500662.1	QIZ21271.1	71.203	316	91	0	1	316	1	316	1.46e-164	458
MDB2500663.1	QIZ21272.1	53.979	289	127	2	1	289	1	283	3.53e-102	296
MDB2500664.1	QIZ21273.1	88.866	485	54	0	1	485	1	485	0.0	890
MDB2500665.1	QIZ21274.1	82.424	165	29	0	1	165	4	168	2.99e-94	266
MDB2500666.1	QIZ21275.1	79.213	178	37	0	19	196	2	179	4.59e-101	285
MDB2500667.1	QIZ21276.1	100.000	75	0	0	1	75	1	75	1.79e-46	138
MDB2500668.1	QIZ21277.1	95.082	244	12	0	1	244	1	244	7.18e-171	466
MDB2500669.1	QIZ21278.1	83.333	90	15	0	1	90	1	90	2.94e-52	154
MDB2500670.1	QIZ21279.1	86.931	857	112	0	1	857	1	857	0.0	1504
MDB2500671.1	QIZ21280.1	79.082	196	38	1	1	193	1	196	3.20e-106	299
MDB2500672.1	QIZ21281.1	86.420	162	22	0	1	162	1	162	1.96e-94	266
MDB2500673.1	QIZ21282.1	86.567	201	27	0	1	201	1	201	9.40e-131	366
MDB2500674.1	QIZ20511.1	95.270	592	28	0	1	592	1	592	0.0	1178
MDB2500675.1	QIZ20512.1	94.681	94	5	0	1	94	1	94	2.13e-61	177
MDB2500676.1	QIZ20513.1	95.876	388	16	0	1	388	1	388	0.0	776
MDB2500677.1	QIZ20514.1	66.292	356	118	1	1	354	1	356	2.24e-164	459
MDB2500678.1	QIZ20516.1	80.282	355	70	0	1	355	1	355	0.0	520
MDB2500680.1	QIZ20517.1	87.931	116	14	0	1	116	1	116	5.92e-75	213
MDB2500681.1	QIZ20518.1	98.061	619	12	0	1	619	1	619	0.0	1287
MDB2500682.1	QIZ20519.1	96.154	156	6	0	1	156	1	156	5.04e-115	318
MDB2500683.1	QIZ20520.1	77.068	266	59	1	1	266	1	264	3.96e-158	436
MDB2500684.1	QIZ20521.1	79.208	101	21	0	1	101	31	131	2.48e-59	174
MDB2500685.1	QIZ21074.1	69.677	155	47	0	1	155	1	155	7.64e-81	232
MDB2500686.1	QIZ21073.1	77.686	121	27	0	1	121	1	121	2.74e-65	189
MDB2500688.1	QIZ21071.1	87.251	251	32	0	1	251	1	251	1.13e-163	449
MDB2500689.1	QIZ21070.1	88.136	236	28	0	1	236	1	236	1.64e-154	424
MDB2500690.1	QIZ21069.1	89.062	64	7	0	1	64	1	64	2.55e-39	119
MDB2500691.1	QIZ21068.1	90.385	208	20	0	1	208	1	208	2.26e-139	384
MDB2500692.1	QIZ21067.1	93.367	196	13	0	1	196	1	196	3.56e-139	382
MDB2500693.1	QIZ21066.1	97.661	171	4	0	1	171	1	171	1.73e-121	335
MDB2500694.1	QIZ21065.1	93.187	455	31	0	1	455	1	455	0.0	842
MDB2500695.1	QIZ21064.1	80.000	135	27	0	7	141	38	172	1.91e-73	213
MDB2500696.1	QIZ21063.1	80.711	197	38	0	1	197	1	197	1.16e-114	320
MDB2500697.1	QIZ21062.1	81.159	138	24	1	1	138	1	136	1.04e-68	199
MDB2500698.1	QIZ21061.1	62.319	138	52	0	5	142	3	140	8.41e-61	179
MDB2500699.1	QIZ21060.1	77.578	223	50	0	1	223	1	223	3.98e-131	364
MDB2500706.1	QIZ20804.1	31.174	247	147	8	5	235	7	246	2.74e-23	90.9
MDB2500708.1	QIZ20829.1	43.011	372	195	5	2	361	7	373	1.93e-84	256
MDB2500710.1	QIZ21246.1	63.968	247	89	0	4	250	40	286	3.38e-114	325
MDB2500711.1	QIZ21245.1	76.667	60	14	0	1	60	1	60	4.68e-31	98.6
MDB2500712.1	QIZ21244.1	66.508	421	141	0	1	421	1	421	0.0	582
MDB2500713.1	QIZ21243.1	64.171	187	66	1	1	186	1	187	1.89e-72	213
MDB2500714.1	QIZ21242.1	62.963	378	138	1	8	383	3	380	1.90e-154	436
MDB2500716.1	QIZ21240.1	52.469	162	76	1	1	162	1	161	1.31e-50	155
MDB2500717.1	QIZ21239.1	86.836	904	119	0	1	904	1	904	0.0	1622
MDB2500718.1	QIZ21238.1	84.106	151	24	0	1	151	155	305	2.40e-91	263
MDB2500719.1	QIZ20454.1	79.006	181	38	0	1	181	48	228	1.22e-102	290
MDB2500720.1	QIZ20453.1	87.170	1138	146	0	1	1138	1	1138	0.0	2054
MDB2500722.1	QIZ20452.1	79.505	283	58	0	1	283	1	283	5.89e-170	467
MDB2500723.1	QIZ20451.1	83.607	183	30	0	1	183	1	183	3.79e-113	315
MDB2500724.1	QIZ20450.1	64.889	225	79	0	1	225	1	225	2.65e-96	276
MDB2500725.1	QIZ21475.1	67.606	71	23	0	2	72	77	147	1.56e-29	98.2
MDB2500726.1	QIZ21476.1	73.600	125	32	1	1	125	1	124	1.15e-64	188
MDB2500727.1	QIZ21477.1	75.410	183	45	0	10	192	1	183	2.22e-88	253
MDB2500728.1	QIZ21478.1	88.630	343	39	0	1	343	1	343	0.0	627
MDB2500729.1	QIZ21479.1	89.819	717	73	0	1	717	1	717	0.0	1296
MDB2500730.1	QIZ21009.1	83.740	123	20	0	1	123	1	123	4.05e-77	219
MDB2500731.1	QIZ21480.1	90.337	445	43	0	1	445	1	445	0.0	860
MDB2500732.1	QIZ21481.1	84.804	204	31	0	1	204	1	204	1.41e-124	351
MDB2500740.1	QIZ21504.1	95.575	452	20	0	1	452	1	452	0.0	907
MDB2500741.1	QIZ21505.1	88.843	242	27	0	1	242	1	242	1.87e-165	452
MDB2500742.1	QIZ21506.1	73.552	397	105	0	1	397	1	397	0.0	640
MDB2500743.1	QIZ21507.1	74.627	134	34	0	1	134	1	134	1.36e-75	216
MDB2500744.1	QIZ21508.1	89.516	124	13	0	12	135	1	124	1.59e-84	239
MDB2500745.1	QIZ21509.1	83.529	85	14	0	1	85	1	85	1.65e-43	137
MDB2500746.1	QIZ21509.1	92.523	107	8	0	1	107	92	198	3.10e-72	212
MDB2500747.1	QIZ21509.1	84.615	52	8	0	1	52	210	261	1.85e-28	97.1
MDB2500748.1	QIZ21510.1	48.872	133	68	0	1	133	6	138	7.48e-44	137
MDB2500750.1	QIZ21213.1	43.636	110	62	0	11	120	1	110	9.61e-26	90.1
MDB2500752.1	QIZ20677.1	44.970	169	77	5	10	175	82	237	2.82e-21	82.8
MDB2500754.1	QIZ20679.1	82.667	75	13	0	1	75	1	75	2.91e-44	132
MDB2500755.1	QIZ20680.1	79.191	346	72	0	1	346	1	346	0.0	583
MDB2500756.1	QIZ20681.1	97.554	368	9	0	4	371	3	370	0.0	753
MDB2500757.1	QIZ20682.1	91.358	405	35	0	1	405	1	405	0.0	784
MDB2500758.1	QIZ20683.1	84.053	301	48	0	1	301	1	301	1.01e-174	481
MDB2500759.1	QIZ20684.1	72.143	140	39	0	2	141	272	411	1.28e-70	213
MDB2500760.1	QIZ20250.1	95.202	396	19	0	1	396	1	396	0.0	748
MDB2500761.1	QIZ20251.1	96.825	63	2	0	1	63	1	63	1.00e-39	120
MDB2500762.1	QIZ20252.1	97.727	176	4	0	1	176	1	176	3.27e-125	345
MDB2500763.1	QIZ20253.1	95.745	141	6	0	1	141	1	141	1.04e-97	273
MDB2500764.1	QIZ20254.1	87.773	229	28	0	1	229	1	229	4.47e-143	395
MDB2500765.1	QIZ20255.1	85.542	166	24	0	1	166	1	166	9.84e-106	295
MDB2500766.1	QIZ20256.1	94.262	122	6	1	1	122	1	121	6.71e-62	181
MDB2500767.1	QIZ20249.1	88.304	171	20	0	1	171	76	246	6.56e-116	324
MDB2500772.1	QIZ20837.1	29.350	477	332	3	94	566	107	582	1.23e-57	199
MDB2500773.1	QIZ20851.1	31.602	231	137	6	1	227	87	300	3.63e-21	85.9
MDB2500777.1	QIZ20851.1	30.033	303	192	4	5	295	6	300	1.32e-39	137
MDB2500780.1	QIZ20459.1	76.111	180	43	0	2	181	69	248	7.01e-87	251
MDB2500781.1	QIZ20458.1	90.018	551	55	0	1	551	1	551	0.0	1044
MDB2500782.1	QIZ20457.1	80.247	81	16	0	1	81	1	81	8.69e-39	119
MDB2500783.1	QIZ20456.1	85.135	444	66	0	1	444	1	444	0.0	798
MDB2500784.1	QIZ20455.1	77.895	380	84	0	1	380	1	380	0.0	554
MDB2500785.1	QIZ21386.1	41.606	411	230	2	3	413	83	483	6.22e-82	255
MDB2500786.1	QIZ21387.1	89.588	461	48	0	1	461	1	461	0.0	836
MDB2500789.1	QIZ20475.1	91.047	793	70	1	1	792	2	794	0.0	1448
MDB2500790.1	QIZ20476.1	94.550	422	22	1	1	421	1	422	0.0	815
MDB2500791.1	QIZ20477.1	89.604	202	21	0	1	202	1	202	2.15e-137	378
MDB2500792.1	QIZ21286.1	71.698	212	60	0	1	212	31	242	8.84e-100	285
MDB2500793.1	QIZ21285.1	82.703	185	32	0	1	185	1	185	1.91e-112	314
MDB2500794.1	QIZ21284.1	97.753	356	8	0	1	356	1	356	0.0	719
MDB2500795.1	QIZ21283.1	90.078	383	38	0	1	383	1	383	0.0	697
MDB2500796.1	QIZ20232.1	86.531	245	33	0	1	245	1	245	1.11e-165	453
MDB2500797.1	QIZ20231.1	93.028	459	32	0	1	459	1	459	0.0	907
MDB2500798.1	QIZ20230.1	88.793	348	39	0	1	348	259	606	0.0	657
MDB2500801.1	QIZ20871.1	81.706	727	123	2	1	717	4	730	0.0	1249
MDB2500802.1	QIZ20872.1	88.670	203	23	0	1	203	1	203	6.88e-136	374
MDB2500803.1	QIZ20873.1	78.095	105	23	0	1	105	1	105	8.68e-59	172
MDB2500804.1	QIZ21488.1	91.624	967	81	0	1	967	32	998	0.0	1862
MDB2500805.1	QIZ21489.1	59.770	87	35	0	1	87	1	87	2.24e-32	107
MDB2500806.1	QIZ20699.1	93.443	61	4	0	1	61	1	61	3.80e-34	115
MDB2500807.1	QIZ20700.1	96.534	952	33	0	1	952	1	952	0.0	1935
MDB2500809.1	QIZ20539.1	91.496	341	29	0	1	341	29	369	0.0	644
MDB2500810.1	QIZ20538.1	95.604	91	4	0	1	91	1	91	7.70e-62	178
MDB2500811.1	QIZ20537.1	65.820	433	148	0	1	433	1	433	0.0	523
MDB2500812.1	QIZ20869.1	84.953	638	96	0	1	638	1	638	0.0	1122
MDB2500813.1	QIZ20868.1	75.066	381	95	0	1	381	1	381	0.0	584
MDB2500814.1	QIZ21042.1	45.143	175	93	3	8	180	5	178	3.80e-49	154
MDB2500815.1	QIZ21043.1	72.272	779	206	4	1	775	1	773	0.0	1175
MDB2500816.1	QIZ20234.1	89.804	510	52	0	1	510	24	533	0.0	961
MDB2500817.1	QIZ20235.1	84.211	190	30	0	1	190	1	190	6.50e-118	330
MDB2500818.1	QIZ20236.1	93.171	205	14	0	1	205	1	205	5.17e-145	397
MDB2500819.1	QIZ20422.1	85.809	451	64	0	1	451	1	451	0.0	779
MDB2500820.1	QIZ20421.1	87.973	449	54	0	1	449	1	449	0.0	746
MDB2500821.1	QIZ21388.1	91.429	315	27	0	1	315	1	315	0.0	606
MDB2500823.1	QIZ21094.1	79.598	348	70	1	1	347	1	348	0.0	574
MDB2500824.1	QIZ21498.1	81.609	348	64	0	1	348	1	348	0.0	578
MDB2500825.1	QIZ21499.1	81.046	153	29	0	1	153	11	163	1.74e-88	251
MDB2500826.1	QIZ20526.1	89.770	391	40	0	1	391	1	391	0.0	736
MDB2500827.1	QIZ20525.1	62.121	396	150	0	1	396	1	396	8.73e-178	497
MDB2500828.1	QIZ21081.1	76.786	112	26	0	3	114	4	115	4.46e-61	178
MDB2500829.1	QIZ21082.1	86.545	602	81	0	1	602	1	602	0.0	1022
MDB2500830.1	QIZ21083.1	67.816	87	27	1	1	87	1	86	1.38e-39	122
MDB2500831.1	QIZ21500.1	88.963	299	33	0	1	299	24	322	0.0	565
MDB2500832.1	QIZ21501.1	82.000	550	99	0	1	550	1	550	0.0	943
MDB2500833.1	QIZ21527.1	87.316	339	43	0	1	339	1	339	0.0	622
MDB2500834.1	QIZ21525.1	95.059	425	20	1	1	424	1	425	0.0	850
MDB2500835.1	QIZ20663.1	83.607	61	10	0	1	61	1	61	1.36e-35	112
MDB2500836.1	QIZ20662.1	77.670	309	69	0	1	309	1	309	2.06e-172	476
MDB2500837.1	QIZ20661.1	92.245	245	19	0	1	245	3	247	1.11e-165	453
MDB2500838.1	QIZ20660.1	89.873	79	8	0	1	79	1	79	1.03e-45	137
MDB2500839.1	QIZ20659.1	86.916	107	14	0	1	107	1	107	4.82e-66	194
MDB2500840.1	QIZ20625.1	92.727	110	8	0	1	110	1	110	7.46e-74	210
MDB2500842.1	QIZ20624.1	96.154	468	18	0	1	468	1	468	0.0	946
MDB2500843.1	QIZ20623.1	71.845	103	29	0	1	103	1	103	7.97e-46	140
MDB2500844.1	QIZ20487.1	76.190	252	60	0	4	255	2	253	2.64e-134	382
MDB2500845.1	QIZ20488.1	55.376	186	69	2	18	190	14	198	3.50e-59	180
MDB2500846.1	QIZ20489.1	66.877	317	105	0	8	324	47	363	9.52e-160	446
MDB2500849.1	QIZ20415.1	88.618	123	13	1	1	122	1	123	1.12e-75	216
MDB2500850.1	QIZ20416.1	93.333	240	16	0	1	240	5	244	3.42e-168	459
MDB2500851.1	QIZ20417.1	90.141	284	28	0	1	284	143	426	0.0	528
MDB2500852.1	QIZ21085.1	91.966	585	47	0	1	585	96	680	0.0	1133
MDB2500853.1	QIZ21084.1	62.097	124	47	0	3	126	83	206	8.10e-51	156
MDB2500856.1	QIZ20419.1	94.970	338	17	0	1	338	9	346	0.0	672
MDB2500857.1	QIZ20418.1	86.533	349	47	0	1	349	1	349	0.0	570
