MDC1052908.1	QIZ21139.1	78.528	163	35	0	1	163	130	292	6.04e-89	258
MDC1052909.1	QIZ21140.1	68.504	254	80	0	19	272	19	272	3.09e-139	389
MDC1052910.1	QIZ21141.1	67.914	187	60	0	1	187	1	187	1.00e-92	264
MDC1052911.1	QIZ21142.1	84.590	305	47	0	1	305	1	305	0.0	528
MDC1052912.1	QIZ21143.1	74.088	274	71	0	1	274	1	274	4.97e-142	396
MDC1052913.1	QIZ21144.1	89.381	452	48	0	1	452	1	452	0.0	790
MDC1052914.1	QIZ21145.1	86.916	107	14	0	1	107	1	107	5.89e-67	197
MDC1052915.1	QIZ21146.1	82.895	228	39	0	1	228	1	228	2.47e-148	408
MDC1052916.1	QIZ21147.1	79.882	169	33	1	1	169	1	168	7.01e-96	271
MDC1052917.1	QIZ21148.1	89.293	467	50	0	1	467	1	467	0.0	874
MDC1052918.1	QIZ21149.1	86.567	201	27	0	1	201	9	209	5.52e-130	360
MDC1052919.1	QIZ21150.1	94.565	368	20	0	1	368	1	368	0.0	694
MDC1052920.1	QIZ21151.1	82.794	587	101	0	1	587	1	587	0.0	1036
MDC1052921.1	QIZ21152.1	76.723	537	125	0	1	537	1	537	0.0	893
MDC1052922.1	QIZ21153.1	67.054	258	85	0	1	258	1	258	1.05e-136	381
MDC1052923.1	QIZ21154.1	82.385	369	65	0	1	369	1	369	0.0	633
MDC1052924.1	QIZ21155.1	75.831	331	80	0	1	331	1	331	0.0	523
MDC1052925.1	QIZ21156.1	67.717	127	41	0	1	127	1	127	1.86e-63	185
MDC1052926.1	QIZ21157.1	59.259	108	44	0	1	108	1	108	2.01e-36	115
MDC1052927.1	QIZ21158.1	91.032	591	52	1	1	591	1	590	0.0	1139
MDC1052928.1	QIZ21159.1	87.160	257	33	0	1	257	1	257	5.65e-174	475
MDC1052929.1	QIZ21160.1	92.958	497	35	0	1	497	1	497	0.0	967
MDC1052930.1	QIZ21161.1	94.375	320	18	0	1	320	1	320	0.0	607
MDC1052931.1	QIZ21162.1	88.601	386	44	0	1	386	1	386	0.0	699
MDC1052932.1	QIZ21163.1	91.753	291	24	0	1	291	1	291	0.0	515
MDC1052933.1	QIZ21164.1	83.110	971	161	2	1	971	1	968	0.0	1703
MDC1052934.1	QIZ21165.1	77.169	438	83	3	1	434	1	425	0.0	681
MDC1052935.1	QIZ21166.1	84.764	466	71	0	1	466	1	466	0.0	815
MDC1052936.1	QIZ21167.1	81.567	651	120	0	1	651	1	651	0.0	1105
MDC1052937.1	QIZ21168.1	72.973	185	50	0	1	185	1	185	2.80e-92	263
MDC1052938.1	QIZ21169.1	93.933	511	31	0	1	511	1	511	0.0	986
MDC1052939.1	QIZ21170.1	86.942	291	38	0	1	291	1	291	0.0	523
MDC1052940.1	QIZ21171.1	94.915	472	24	0	1	472	1	472	0.0	916
MDC1052941.1	QIZ21172.1	80.000	130	26	0	1	130	1	130	3.31e-72	207
MDC1052942.1	QIZ21173.1	72.785	158	43	0	1	158	1	158	2.18e-85	243
MDC1052943.1	QIZ21174.1	80.952	357	68	0	23	379	23	379	0.0	599
MDC1052944.1	QIZ21175.1	81.034	116	22	0	1	116	1	116	5.89e-66	191
MDC1052945.1	QIZ21176.1	65.896	173	59	0	1	173	8	180	9.62e-77	223
MDC1052946.1	QIZ21177.1	79.327	416	86	0	1	416	1	416	0.0	652
MDC1052947.1	QIZ21178.1	75.272	368	91	0	1	368	1	368	0.0	563
MDC1052948.1	QIZ21179.1	77.982	327	72	0	1	327	1	327	0.0	511
MDC1052949.1	QIZ21180.1	95.238	84	4	0	1	84	1	84	4.89e-54	158
MDC1052950.1	QIZ21181.1	79.851	134	24	1	1	131	1	134	7.57e-77	220
MDC1052951.1	QIZ21182.1	70.293	239	71	0	5	243	1	239	9.92e-128	357
MDC1052952.1	QIZ21183.1	74.619	197	50	0	1	197	1	197	4.73e-108	303
MDC1052953.1	QIZ21184.1	76.216	370	88	0	1	370	1	370	0.0	609
MDC1052954.1	QIZ21185.1	69.444	360	110	0	1	360	1	360	0.0	530
MDC1052955.1	QIZ21186.1	70.805	298	87	0	1	298	1	298	9.87e-154	427
MDC1052956.1	QIZ21187.1	68.145	248	79	0	1	248	1	248	4.56e-116	328
MDC1052957.1	QIZ21188.1	88.428	458	53	0	1	458	1	458	0.0	763
MDC1052958.1	QIZ21189.1	79.130	460	94	1	1	458	22	481	0.0	694
MDC1052959.1	QIZ21190.1	84.615	520	80	0	1	520	6	525	0.0	909
MDC1052960.1	QIZ21191.1	69.452	347	106	0	1	347	1	347	2.46e-178	494
MDC1052961.1	QIZ21192.1	86.598	97	13	0	1	97	1	97	4.60e-49	147
MDC1052962.1	QIZ21193.1	80.000	180	36	0	1	180	1	180	2.18e-102	288
MDC1052963.1	QIZ21194.1	93.814	291	18	0	1	291	1	291	0.0	538
MDC1052964.1	QIZ21195.1	89.914	347	35	0	1	347	1	347	0.0	637
MDC1052965.1	QIZ21196.1	81.218	394	72	1	1	394	1	392	0.0	670
MDC1052966.1	QIZ21197.1	90.055	181	18	0	7	187	7	187	5.16e-121	335
MDC1052967.1	QIZ21198.1	63.934	183	66	0	9	191	1	183	1.30e-83	241
MDC1052968.1	QIZ21200.1	86.255	924	127	0	1	924	1	924	0.0	1625
MDC1052969.1	QIZ21201.1	91.064	235	21	0	1	235	1	235	6.80e-159	435
MDC1052970.1	QIZ21202.1	68.093	514	161	2	1	513	1	512	0.0	637
MDC1052971.1	QIZ21203.1	90.187	428	42	0	1	428	1	428	0.0	790
MDC1052972.1	QIZ21204.1	50.000	150	74	1	1	150	1	149	6.03e-49	150
MDC1052973.1	QIZ21092.1	90.244	41	4	0	2	42	56	96	2.49e-23	79.3
MDC1052974.1	QIZ21093.1	90.391	281	27	0	1	281	1	281	0.0	521
MDC1052975.1	QIZ21094.1	86.364	330	45	0	1	330	21	350	0.0	602
MDC1052978.1	QIZ21095.1	80.332	361	70	1	1	360	2	362	0.0	591
MDC1052979.1	QIZ21096.1	88.559	236	27	0	1	236	1	236	9.23e-160	437
MDC1052980.1	QIZ21097.1	90.101	495	49	0	1	495	1	495	0.0	909
MDC1052981.1	QIZ21099.1	97.500	40	1	0	1	40	1	40	2.97e-23	77.4
MDC1052982.1	QIZ21100.1	86.232	138	19	0	1	138	1	138	1.30e-84	239
MDC1052983.1	QIZ21101.1	89.958	239	24	0	1	239	1	239	1.46e-165	452
MDC1052984.1	QIZ21069.1	80.645	62	12	0	1	62	1	62	3.64e-33	103
MDC1052986.1	QIZ21102.1	96.020	201	8	0	1	201	1	201	1.71e-134	371
MDC1052987.1	QIZ21103.1	85.526	380	55	0	1	380	1	380	0.0	674
MDC1052988.1	QIZ21104.1	91.270	126	11	0	1	126	1	126	3.17e-81	230
MDC1052989.1	QIZ21105.1	93.421	152	10	0	1	152	1	152	7.47e-95	266
MDC1052990.1	QIZ21106.1	70.098	204	61	0	1	204	1	204	5.09e-100	284
MDC1052991.1	QIZ21107.1	88.071	394	47	0	1	394	1	394	0.0	715
MDC1052992.1	QIZ21108.1	65.882	170	56	1	1	170	1	168	1.60e-83	239
MDC1052993.1	QIZ21109.1	73.623	345	91	0	1	345	1	345	0.0	563
MDC1052994.1	QIZ21110.1	81.423	253	47	0	1	253	1	253	1.08e-149	414
MDC1052995.1	QIZ21111.1	84.821	112	17	0	1	112	1	112	2.12e-68	196
MDC1052996.1	QIZ21112.1	90.110	182	18	0	1	182	1	182	6.71e-122	337
MDC1052997.1	QIZ21113.1	95.283	106	5	0	1	106	1	106	1.34e-73	209
MDC1052998.1	QIZ21114.1	82.627	236	40	1	1	235	1	236	1.18e-144	399
MDC1052999.1	QIZ21115.1	67.568	74	24	0	1	74	1	74	2.57e-34	107
MDC1053000.1	QIZ21116.1	78.986	138	29	0	1	138	1	138	1.53e-78	224
MDC1053001.1	QIZ21117.1	69.294	609	186	1	1	608	1	609	0.0	836
MDC1053002.1	QIZ21118.1	48.555	173	88	1	1	172	1	173	2.53e-57	173
MDC1053003.1	QIZ21119.1	62.931	116	41	1	1	114	1	116	2.48e-45	139
MDC1053004.1	QIZ21120.1	59.184	147	60	0	19	165	23	169	1.44e-65	194
MDC1053005.1	QIZ21122.1	88.512	383	44	0	1	383	1	383	0.0	731
MDC1053006.1	QIZ21123.1	90.415	386	37	0	1	386	1	386	0.0	710
MDC1053007.1	QIZ21124.1	34.450	418	267	5	57	471	41	454	2.51e-79	251
MDC1053010.1	QIZ21125.1	89.905	317	32	0	1	317	1	317	0.0	586
MDC1053011.1	QIZ21126.1	76.559	401	91	1	1	401	1	398	0.0	566
MDC1053012.1	QIZ21127.1	70.994	362	103	1	1	362	1	360	0.0	503
MDC1053013.1	QIZ21128.1	92.068	353	28	0	1	353	1	353	0.0	665
MDC1053014.1	QIZ21129.1	93.945	512	30	1	1	512	1	511	0.0	992
MDC1053015.1	QIZ21130.1	96.503	286	10	0	1	286	1	286	0.0	551
MDC1053016.1	QIZ21131.1	95.035	282	14	0	1	282	1	282	0.0	533
MDC1053017.1	QIZ21132.1	81.616	359	66	0	1	359	1	359	0.0	594
MDC1053018.1	QIZ21133.1	85.714	357	51	0	1	357	1	357	0.0	645
MDC1053019.1	QIZ21134.1	93.523	386	23	2	1	385	1	385	0.0	719
MDC1053020.1	QIZ21135.1	85.567	194	28	0	1	194	2	195	3.87e-128	354
MDC1053021.1	QIZ21136.1	95.806	453	19	0	1	453	1	453	0.0	833
MDC1053022.1	QIZ21137.1	72.851	442	120	0	1	442	1	442	0.0	639
MDC1053023.1	QIZ21138.1	79.310	58	12	0	1	58	2	59	3.23e-30	96.3
MDC1053024.1	QIZ21139.1	86.667	45	6	0	1	45	14	58	1.99e-23	84.3
MDC1053025.1	QIZ20337.1	72.193	187	52	0	1	187	1	187	1.70e-95	276
MDC1053026.1	QIZ20336.1	64.179	134	48	0	1	134	1	134	4.00e-64	187
MDC1053027.1	QIZ20335.1	82.031	128	23	0	1	128	1	128	6.20e-73	209
MDC1053028.1	QIZ20334.1	91.257	366	32	0	1	366	1	366	0.0	640
MDC1053029.1	QIZ20333.1	75.127	197	49	0	1	197	1	197	2.99e-109	306
MDC1053031.1	QIZ20332.1	96.053	152	6	0	1	152	1	152	2.70e-107	298
MDC1053032.1	QIZ20331.1	91.034	435	39	0	1	435	1	435	0.0	827
MDC1053033.1	QIZ20330.1	82.270	141	25	0	1	141	1	141	4.80e-84	238
MDC1053034.1	QIZ20329.1	86.854	213	28	0	1	213	1	213	2.63e-147	404
MDC1053035.1	QIZ20328.1	78.419	329	71	0	1	329	1	329	0.0	541
MDC1053036.1	QIZ20327.1	66.087	230	70	2	1	226	1	226	1.11e-100	287
MDC1053037.1	QIZ20326.1	70.320	219	65	0	1	219	1	219	1.58e-106	301
MDC1053038.1	QIZ20325.1	70.661	242	71	0	3	244	2	243	2.46e-130	364
MDC1053039.1	QIZ20324.1	64.286	126	45	0	1	126	1	126	3.51e-53	159
MDC1053040.1	QIZ20323.1	70.339	236	70	0	1	236	1	236	3.63e-112	317
MDC1053041.1	QIZ20322.1	82.051	195	35	0	1	195	1	195	2.41e-106	299
MDC1053042.1	QIZ20321.1	79.829	585	114	1	1	581	1	585	0.0	981
MDC1053043.1	QIZ20320.1	56.647	173	72	1	1	170	1	173	2.36e-60	181
MDC1053044.1	QIZ20319.1	90.385	156	15	0	1	156	1	156	1.20e-105	294
MDC1053045.1	QIZ20318.1	80.678	295	53	2	1	293	1	293	1.69e-178	489
MDC1053046.1	QIZ20317.1	71.563	742	205	2	1	742	1	736	0.0	1088
MDC1053050.1	QIZ20316.1	95.444	417	19	0	1	417	1	417	0.0	834
MDC1053051.1	QIZ20315.1	87.912	91	11	0	1	91	1	91	1.07e-62	180
MDC1053052.1	QIZ20314.1	81.437	1002	185	1	1	1001	1	1002	0.0	1736
MDC1053053.1	QIZ20313.1	57.219	187	80	0	1	187	1	187	3.69e-84	242
MDC1053054.1	QIZ20312.1	85.490	255	37	0	1	255	1	255	9.88e-159	436
MDC1053055.1	QIZ20311.1	90.123	243	24	0	1	243	1	243	1.36e-135	377
MDC1053056.1	QIZ20306.1	72.611	157	43	0	1	157	1	157	8.78e-88	249
MDC1053057.1	QIZ20305.1	89.474	456	48	0	16	471	1	456	0.0	821
MDC1053058.1	QIZ20304.1	73.510	302	79	1	1	302	1	301	1.49e-168	465
MDC1053059.1	QIZ20303.1	81.481	216	40	0	1	216	1	216	1.10e-132	367
MDC1053060.1	QIZ20302.1	93.075	491	34	0	1	491	1	491	0.0	919
MDC1053061.1	QIZ20301.1	85.773	485	69	0	1	485	1	485	0.0	853
MDC1053062.1	QIZ20300.1	85.263	95	14	0	1	95	1	95	3.61e-55	162
MDC1053063.1	QIZ20299.1	80.795	151	29	0	1	151	1	151	2.16e-85	243
MDC1053064.1	QIZ20298.1	92.971	313	22	0	1	313	1	313	0.0	608
MDC1053065.1	QIZ20742.1	28.010	382	234	11	25	388	22	380	8.49e-34	126
MDC1053070.1	QIZ20846.1	30.620	258	153	5	56	309	40	275	7.49e-30	112
MDC1053071.1	QIZ20851.1	30.154	325	202	12	1	318	1	307	2.06e-29	110
MDC1053073.1	QIZ21071.1	31.197	234	156	2	1	233	1	230	3.01e-34	120
MDC1053074.1	QIZ21068.1	41.262	206	115	4	4	205	3	206	3.25e-44	142
MDC1053082.1	QIZ20805.1	27.720	386	237	12	238	590	13	389	2.81e-25	103
MDC1053083.1	QIZ20860.1	67.848	395	126	1	33	426	36	430	0.0	548
MDC1053084.1	QIZ20861.1	51.429	140	52	4	4	139	16	143	9.57e-36	117
MDC1053085.1	QIZ20862.1	60.357	280	111	0	1	280	1	280	1.24e-121	345
MDC1053086.1	QIZ20863.1	84.314	357	56	0	1	357	1	357	0.0	590
MDC1053087.1	QIZ20864.1	88.493	365	42	0	1	365	1	365	0.0	668
MDC1053088.1	QIZ20865.1	75.682	403	98	0	1	403	1	403	0.0	631
MDC1053089.1	QIZ20866.1	72.803	239	65	0	1	239	1	239	2.25e-129	361
MDC1053090.1	QIZ20867.1	61.538	143	54	1	1	142	1	143	1.00e-53	162
MDC1053091.1	QIZ20868.1	69.746	433	131	0	1	433	1	433	0.0	627
MDC1053092.1	QIZ20869.1	77.076	855	188	2	1	854	1	848	0.0	1330
MDC1053093.1	QIZ20870.1	78.804	368	74	1	1	364	1	368	0.0	592
MDC1053094.1	QIZ20871.1	78.082	730	150	2	1	720	4	733	0.0	1185
MDC1053095.1	QIZ20872.1	86.207	203	28	0	1	203	1	203	7.15e-129	357
MDC1053096.1	QIZ20487.1	33.083	399	263	2	14	409	17	414	5.95e-68	218
MDC1053098.1	QIZ20489.1	27.077	325	205	9	2	307	1	312	1.61e-26	103
MDC1053099.1	QIZ21125.1	46.452	310	162	1	4	313	3	308	3.08e-95	281
MDC1053100.1	QIZ20593.1	79.322	590	122	0	5	594	2	591	0.0	1007
MDC1053101.1	QIZ20513.1	27.919	394	257	8	105	492	7	379	1.94e-36	134
MDC1053103.1	QIZ20834.1	29.023	348	215	9	9	342	1	330	3.88e-29	110
MDC1053105.1	QIZ20594.1	76.285	253	60	0	1	253	1	253	1.30e-141	393
MDC1053106.1	QIZ20416.1	32.468	231	147	4	6	235	5	227	1.95e-31	112
MDC1053109.1	QIZ20599.1	72.333	300	83	0	1	300	1	300	2.52e-170	469
MDC1053110.1	QIZ20600.1	74.297	249	63	1	1	249	1	248	4.05e-137	381
MDC1053111.1	QIZ20601.1	95.021	482	24	0	1	482	1	482	0.0	845
MDC1053112.1	QIZ20602.1	75.740	169	40	1	1	168	1	169	4.48e-80	231
MDC1053113.1	QIZ20603.1	95.031	322	16	0	1	322	1	322	0.0	629
MDC1053114.1	QIZ20604.1	88.073	327	39	0	4	330	3	329	0.0	546
MDC1053115.1	QIZ20605.1	87.980	391	47	0	1	391	1	391	0.0	716
MDC1053121.1	QIZ20416.1	32.273	220	139	5	8	225	5	216	1.13e-31	112
MDC1053124.1	QIZ20511.1	23.978	538	348	15	64	569	49	557	3.43e-26	108
MDC1053125.1	QIZ20606.1	78.288	479	104	0	1	479	1	479	0.0	803
MDC1053131.1	QIZ20947.1	68.605	86	27	0	1	86	10	95	3.52e-36	113
MDC1053132.1	QIZ20948.1	78.857	175	37	0	1	175	1	175	1.91e-106	298
MDC1053133.1	QIZ20949.1	91.975	324	26	0	1	324	1	324	0.0	634
MDC1053134.1	QIZ20950.1	69.205	604	179	4	1	599	1	602	0.0	833
MDC1053135.1	QIZ20951.1	68.779	426	133	0	1	426	1	426	0.0	585
MDC1053136.1	QIZ20952.1	87.901	686	82	1	1	686	1	685	0.0	1253
MDC1053138.1	QIZ20953.1	35.315	286	149	9	4	268	2	272	3.82e-38	130
MDC1053140.1	QIZ20959.1	92.140	598	47	0	1	598	4	601	0.0	1140
MDC1053141.1	QIZ20960.1	72.195	802	223	0	1	802	1	802	0.0	1145
MDC1053142.1	QIZ20961.1	86.479	355	48	0	1	355	1	355	0.0	651
MDC1053143.1	QIZ20962.1	93.220	118	8	0	1	118	1	118	2.15e-79	225
MDC1053144.1	QIZ20963.1	98.529	68	1	0	1	68	1	68	3.34e-44	132
MDC1053145.1	QIZ20964.1	91.160	181	16	0	1	181	1	181	1.24e-124	344
MDC1053146.1	QIZ20965.1	87.461	638	80	0	1	638	1	638	0.0	1187
MDC1053147.1	QIZ20966.1	77.344	384	87	0	1	384	1	384	0.0	601
MDC1053148.1	QIZ20967.1	71.138	246	71	0	3	248	1	246	2.67e-119	336
MDC1053149.1	QIZ20969.1	81.733	1500	274	0	1	1500	1	1500	0.0	2592
MDC1053150.1	QIZ20970.1	86.430	479	65	0	1	479	1	479	0.0	843
MDC1053151.1	QIZ20971.1	64.583	240	84	1	1	239	1	240	3.87e-111	316
MDC1053152.1	QIZ20972.1	75.254	295	73	0	1	295	1	295	8.71e-162	447
MDC1053153.1	QIZ20973.1	69.374	431	114	3	1	421	1	423	0.0	612
MDC1053154.1	QIZ20974.1	91.107	1012	90	0	1	1012	1	1012	0.0	1954
MDC1053157.1	QIZ21022.1	62.162	333	125	1	6	338	1	332	6.80e-152	426
MDC1053158.1	QIZ21021.1	55.469	128	57	0	1	128	1	128	1.34e-50	153
MDC1053159.1	QIZ21020.1	89.706	136	14	0	1	136	1	136	3.40e-89	251
MDC1053160.1	QIZ21019.1	72.197	446	120	1	1	442	10	455	0.0	660
MDC1053161.1	QIZ21018.1	87.805	328	40	0	1	328	1	328	0.0	594
MDC1053162.1	QIZ21017.1	61.486	148	57	0	1	148	1	148	5.26e-51	155
MDC1053163.1	QIZ21016.1	58.910	477	196	0	16	492	19	495	0.0	552
MDC1053164.1	QIZ21015.1	87.918	389	47	0	1	389	1	389	0.0	699
MDC1053165.1	QIZ21014.1	90.755	530	49	0	1	530	1	530	0.0	955
MDC1053166.1	QIZ21013.1	81.818	737	129	2	3	738	4	736	0.0	1197
MDC1053167.1	QIZ21012.1	83.607	122	20	0	1	122	1	122	2.17e-73	210
MDC1053168.1	QIZ21011.1	87.805	82	10	0	1	82	1	82	1.17e-47	142
MDC1053169.1	QIZ21010.1	95.507	690	31	0	1	690	1	690	0.0	1347
MDC1053171.1	QIZ21008.1	93.103	261	18	0	1	261	1	261	0.0	508
MDC1053172.1	QIZ21007.1	95.285	403	19	0	1	403	1	403	0.0	803
MDC1053173.1	QIZ21006.1	89.157	166	18	0	1	166	1	166	1.41e-111	310
MDC1053174.1	QIZ21005.1	79.259	135	28	0	7	141	7	141	5.35e-79	226
MDC1053175.1	QIZ21004.1	96.350	137	5	0	1	137	1	137	6.15e-97	271
MDC1053176.1	QIZ21003.1	87.810	443	54	0	1	443	1	443	0.0	830
MDC1053177.1	QIZ21002.1	75.510	196	48	0	3	198	1	196	8.26e-115	321
MDC1053178.1	QIZ21001.1	65.734	143	49	0	4	146	6	148	1.69e-70	204
MDC1053179.1	QIZ21000.1	66.000	250	85	0	1	250	1	250	4.48e-122	343
MDC1053180.1	QIZ20999.1	79.310	145	30	0	1	145	1	145	3.72e-85	241
MDC1053181.1	QIZ20998.1	73.317	401	105	1	1	399	1	401	0.0	609
MDC1053182.1	QIZ20997.1	82.567	522	91	0	1	522	1	522	0.0	884
MDC1053183.1	QIZ20996.1	80.687	233	45	0	1	233	1	233	1.07e-143	397
MDC1053184.1	QIZ20995.1	62.718	287	107	0	1	287	1	287	7.41e-116	330
MDC1053185.1	QIZ20994.1	83.721	86	14	0	1	86	1	86	1.18e-47	142
MDC1053186.1	QIZ20993.1	81.974	466	80	2	9	474	9	470	0.0	781
MDC1053187.1	QIZ20992.1	92.703	370	27	0	1	370	1	370	0.0	701
MDC1053188.1	QIZ20991.1	74.249	233	60	0	1	233	1	233	8.58e-122	341
MDC1053189.1	QIZ20990.1	70.545	404	119	0	1	404	1	404	0.0	573
MDC1053191.1	QIZ20989.1	82.005	439	79	0	1	439	13	451	0.0	728
MDC1053193.1	QIZ21121.1	32.258	372	241	4	8	369	4	374	2.23e-62	201
MDC1053194.1	QIZ21401.1	24.907	538	365	14	8	530	7	520	7.22e-37	140
MDC1053196.1	QIZ21154.1	45.623	377	195	4	3	379	2	368	1.96e-122	354
MDC1053197.1	QIZ20975.1	36.154	390	221	5	5	371	9	393	1.08e-69	219
MDC1053198.1	QIZ21307.1	64.583	288	102	0	4	291	2	289	2.10e-147	411
MDC1053199.1	QIZ21443.1	94.014	284	17	0	1	284	1	284	0.0	511
MDC1053200.1	QIZ21442.1	86.265	415	57	0	1	415	1	415	0.0	743
MDC1053201.1	QIZ21441.1	87.363	364	42	2	13	375	13	373	0.0	655
MDC1053202.1	QIZ21440.1	88.122	362	43	0	1	362	1	362	0.0	672
MDC1053204.1	QIZ21439.1	82.732	388	67	0	19	406	1	388	0.0	687
MDC1053205.1	QIZ21438.1	65.145	241	84	0	5	245	5	245	4.71e-118	333
MDC1053206.1	QIZ20490.1	28.261	276	177	3	3	264	5	273	2.08e-30	112
MDC1053207.1	QIZ21448.1	62.185	476	179	1	1	475	1	476	0.0	597
MDC1053212.1	QIZ20555.1	41.509	265	151	3	57	321	236	496	5.23e-58	191
MDC1053213.1	QIZ20556.1	45.104	337	181	2	2	334	3	339	2.19e-105	308
MDC1053214.1	QIZ20592.1	33.597	253	152	6	6	256	5	243	1.19e-40	136
MDC1053216.1	QIZ20556.1	33.745	243	143	6	28	266	47	275	7.27e-35	128
MDC1053220.1	QIZ20218.1	37.901	343	192	11	60	388	43	378	1.40e-64	207
MDC1053222.1	QIZ20684.1	64.213	394	138	1	11	404	20	410	1.02e-178	500
MDC1053223.1	QIZ20683.1	77.076	301	69	0	1	301	1	301	2.29e-166	459
MDC1053224.1	QIZ20682.1	88.395	405	47	0	1	405	1	405	0.0	760
MDC1053225.1	QIZ20681.1	95.095	367	18	0	5	371	4	370	0.0	741
MDC1053226.1	QIZ20680.1	78.963	347	73	0	1	347	1	347	0.0	594
MDC1053227.1	QIZ20679.1	84.000	75	12	0	1	75	1	75	1.94e-44	133
MDC1053228.1	QIZ21009.1	69.106	123	38	0	1	123	1	123	5.52e-66	191
MDC1053229.1	QIZ20676.1	82.609	161	28	0	1	161	1	161	6.85e-88	249
MDC1053231.1	QIZ20888.1	33.816	207	127	3	12	211	12	215	2.03e-28	102
MDC1053232.1	QIZ20673.1	78.774	424	90	0	1	424	1	424	0.0	668
MDC1053233.1	QIZ20672.1	69.930	286	86	0	1	286	1	286	4.58e-153	425
MDC1053234.1	QIZ20671.1	73.139	309	82	1	1	308	1	309	5.46e-171	472
MDC1053235.1	QIZ20670.1	75.406	431	106	0	1	431	1	431	0.0	694
MDC1053237.1	QIZ20669.1	87.708	480	59	0	14	493	14	493	0.0	888
MDC1053238.1	QIZ20668.1	67.403	181	59	0	6	186	1	181	1.60e-83	240
MDC1053239.1	QIZ20667.1	81.454	798	143	3	1	797	1	794	0.0	1243
MDC1053240.1	QIZ20666.1	86.229	472	65	0	1	472	1	472	0.0	855
MDC1053241.1	QIZ20665.1	80.263	152	30	0	1	152	1	152	6.36e-79	226
MDC1053242.1	QIZ20664.1	92.857	70	5	0	21	90	1	70	7.11e-45	135
MDC1053243.1	QIZ20663.1	81.731	104	19	0	1	104	1	104	4.46e-62	181
MDC1053244.1	QIZ20662.1	68.182	308	98	0	1	308	1	308	6.12e-146	409
MDC1053245.1	QIZ20661.1	83.673	245	40	0	1	245	3	247	1.15e-151	418
MDC1053246.1	QIZ20660.1	92.405	79	6	0	1	79	1	79	9.21e-47	139
MDC1053247.1	QIZ20659.1	75.238	210	52	0	1	210	1	210	1.83e-118	331
MDC1053248.1	QIZ20658.1	67.176	262	84	1	2	263	3	262	5.04e-126	354
MDC1053249.1	QIZ20657.1	57.188	320	137	0	1	320	1	320	1.69e-112	325
MDC1053250.1	QIZ20656.1	37.299	311	187	4	1	310	1	304	1.11e-56	181
MDC1053251.1	QIZ20655.1	35.688	807	500	8	1	791	1	804	1.18e-158	478
MDC1053252.1	QIZ20654.1	47.605	334	175	0	1	334	24	357	1.07e-91	273
MDC1053253.1	QIZ21045.1	48.036	331	170	1	1	329	1	331	2.88e-97	286
MDC1053254.1	QIZ21046.1	72.043	279	78	0	2	280	4	282	3.48e-146	407
MDC1053255.1	QIZ21047.1	86.742	264	35	0	1	264	1	264	4.52e-171	468
MDC1053256.1	QIZ21048.1	58.962	212	87	0	3	214	2	213	3.78e-91	262
MDC1053257.1	QIZ21049.1	87.801	623	76	0	1	623	1	623	0.0	1122
MDC1053258.1	QIZ21050.1	83.296	443	74	0	1	443	1	443	0.0	741
MDC1053260.1	QIZ21052.1	94.076	422	25	0	1	422	1	422	0.0	810
MDC1053263.1	QIZ21055.1	77.477	333	75	0	1	333	1	333	0.0	540
MDC1053264.1	QIZ21056.1	77.695	269	60	0	1	269	1	269	2.44e-161	445
MDC1053265.1	QIZ21057.1	69.110	191	59	0	1	191	1	191	8.43e-92	262
MDC1053266.1	QIZ21058.1	64.885	262	92	0	2	263	3	264	3.12e-119	337
MDC1053267.1	QIZ21059.1	64.407	177	63	0	1	177	1	177	8.39e-72	211
MDC1053268.1	QIZ21060.1	79.372	223	43	2	1	220	1	223	3.53e-129	359
MDC1053269.1	QIZ21061.1	61.429	140	54	0	1	140	1	140	3.31e-61	181
MDC1053270.1	QIZ21062.1	65.248	141	48	1	1	141	1	140	4.23e-50	152
MDC1053271.1	QIZ21063.1	71.212	198	56	1	1	198	1	197	5.24e-105	296
MDC1053272.1	QIZ21064.1	60.294	136	52	2	4	137	35	170	7.03e-54	163
MDC1053273.1	QIZ21065.1	87.527	457	55	2	1	457	1	455	0.0	791
MDC1053274.1	QIZ21066.1	87.719	171	21	0	1	171	1	171	5.20e-112	311
MDC1053275.1	QIZ21067.1	92.347	196	15	0	1	196	1	196	5.14e-136	374
MDC1053276.1	QIZ21068.1	86.058	208	29	0	1	208	1	208	1.25e-133	369
MDC1053277.1	QIZ21070.1	85.477	241	33	1	1	241	1	239	3.90e-152	419
MDC1053278.1	QIZ21071.1	87.251	251	32	0	1	251	1	251	6.11e-166	454
MDC1053281.1	QIZ21073.1	75.207	121	30	0	1	121	1	121	5.12e-64	186
MDC1053282.1	QIZ21074.1	60.843	166	65	0	1	166	1	166	1.33e-71	209
MDC1053283.1	QIZ21075.1	57.065	184	77	1	1	182	1	184	4.87e-68	201
MDC1053284.1	QIZ21076.1	76.293	696	163	2	1	694	1	696	0.0	1035
MDC1053285.1	QIZ20513.1	97.143	140	4	0	10	149	1	140	3.59e-99	286
MDC1053286.1	QIZ20512.1	87.234	94	12	0	1	94	1	94	1.08e-56	166
MDC1053287.1	QIZ20511.1	96.465	594	21	0	1	594	1	594	0.0	1192
MDC1053288.1	QIZ20510.1	73.963	434	113	0	1	434	1	434	0.0	678
MDC1053289.1	QIZ20500.1	87.467	383	48	0	1	383	1	383	0.0	721
MDC1053290.1	QIZ20499.1	79.457	258	53	0	1	258	1	258	9.93e-153	422
MDC1053291.1	QIZ20498.1	61.798	267	97	2	1	266	1	263	8.36e-111	316
MDC1053292.1	QIZ20497.1	90.079	252	25	0	1	252	1	252	6.82e-158	434
MDC1053293.1	QIZ20496.1	90.769	195	18	0	1	195	1	195	4.21e-116	324
MDC1053294.1	QIZ20495.1	82.109	531	95	0	1	531	1	531	0.0	944
MDC1053295.1	QIZ20489.1	60.548	365	142	1	1	365	1	363	6.93e-164	458
MDC1053296.1	QIZ20488.1	54.854	206	79	2	16	208	15	219	8.75e-68	203
MDC1053297.1	QIZ20487.1	77.221	439	100	0	4	442	2	440	0.0	656
MDC1053298.1	QIZ20485.1	64.330	485	173	0	1	485	1	485	0.0	613
MDC1053299.1	QIZ20484.1	77.419	248	56	0	1	248	1	248	1.06e-146	405
MDC1053300.1	QIZ20483.1	64.789	213	70	3	4	215	6	214	3.41e-95	273
MDC1053302.1	QIZ20482.1	72.857	140	38	0	1	140	1	140	4.99e-79	226
MDC1053303.1	QIZ20481.1	71.946	221	62	0	1	221	1	221	5.32e-116	326
MDC1053304.1	QIZ20480.1	58.580	169	70	0	13	181	13	181	5.32e-69	204
MDC1053308.1	QIZ20479.1	70.000	80	24	0	1	80	1	80	2.11e-39	121
MDC1053309.1	QIZ20478.1	74.949	487	115	2	1	481	1	486	0.0	702
MDC1053310.1	QIZ20477.1	87.685	203	25	0	1	203	1	203	2.77e-136	375
MDC1053311.1	QIZ20476.1	93.365	422	28	0	1	422	1	422	0.0	816
MDC1053312.1	QIZ20475.1	88.903	793	87	1	1	792	2	794	0.0	1419
MDC1053313.1	QIZ21288.1	51.429	105	51	0	1	105	177	281	3.97e-31	107
MDC1053314.1	QIZ21289.1	63.033	422	156	0	1	422	1	422	0.0	557
MDC1053315.1	QIZ21290.1	86.709	158	21	0	1	158	1	158	1.23e-99	279
MDC1053316.1	QIZ21291.1	76.642	274	64	0	1	274	1	274	5.62e-160	441
MDC1053317.1	QIZ21292.1	76.027	146	35	0	8	153	3	148	2.00e-82	235
MDC1053318.1	QIZ21293.1	87.574	169	21	0	1	169	1	169	2.16e-107	300
MDC1053319.1	QIZ21294.1	94.033	419	25	0	1	419	1	419	0.0	786
MDC1053320.1	QIZ21295.1	78.764	259	55	0	1	259	1	259	2.43e-149	413
MDC1053321.1	QIZ21296.1	88.235	357	42	0	1	357	1	357	0.0	659
MDC1053322.1	QIZ21297.1	81.081	185	35	0	1	185	1	185	1.71e-112	314
MDC1053323.1	QIZ21298.1	72.321	224	56	2	1	222	1	220	8.84e-105	298
MDC1053324.1	QIZ21299.1	93.226	310	21	0	1	310	1	310	0.0	556
MDC1053325.1	QIZ21300.1	60.870	253	97	2	1	251	1	253	1.20e-87	256
MDC1053326.1	QIZ21301.1	54.942	344	154	1	4	347	5	347	4.33e-126	361
MDC1053327.1	QIZ21302.1	66.929	254	84	0	1	254	1	254	8.68e-124	348
MDC1053328.1	QIZ21303.1	71.429	70	20	0	1	70	1	70	3.29e-30	98.2
MDC1053329.1	QIZ21304.1	67.198	439	144	0	1	439	1	439	0.0	626
MDC1053330.1	QIZ21305.1	80.000	225	45	0	1	225	1	225	2.19e-130	362
MDC1053331.1	QIZ21306.1	80.556	144	28	0	1	144	1	144	1.15e-82	235
MDC1053332.1	QIZ21307.1	88.966	290	32	0	1	290	1	290	0.0	557
MDC1053333.1	QIZ21308.1	89.637	193	20	0	1	193	1	193	1.35e-127	353
MDC1053334.1	QIZ21309.1	90.507	611	58	0	1	611	1	611	0.0	1156
MDC1053335.1	QIZ21310.1	90.780	141	13	0	1	141	1	141	2.37e-88	249
MDC1053336.1	QIZ21312.1	79.600	250	51	0	1	250	1	250	5.83e-147	406
MDC1053337.1	QIZ21313.1	91.725	713	59	0	1	713	1	713	0.0	1368
MDC1053338.1	QIZ21314.1	75.439	399	94	1	1	395	1	399	0.0	636
MDC1053339.1	QIZ21316.1	77.523	218	49	0	1	218	1	218	4.51e-117	328
MDC1053341.1	QIZ21418.1	90.909	66	4	1	1	64	348	413	2.16e-39	129
MDC1053342.1	QIZ21419.1	85.185	297	44	0	1	297	1	297	0.0	514
MDC1053343.1	QIZ21420.1	73.333	330	87	1	1	329	21	350	0.0	503
MDC1053344.1	QIZ21421.1	83.333	246	41	0	1	246	1	246	4.09e-156	429
MDC1053345.1	QIZ21422.1	89.655	261	27	0	1	261	1	261	1.16e-173	475
MDC1053346.1	QIZ21423.1	92.735	234	17	0	1	234	1	234	3.14e-163	446
MDC1053347.1	QIZ21424.1	85.047	107	16	0	1	107	1	107	8.54e-63	182
MDC1053348.1	QIZ21425.1	83.000	300	51	0	1	300	1	300	0.0	517
MDC1053351.1	QIZ21426.1	85.000	260	39	0	3	262	5	264	1.06e-164	452
MDC1053352.1	QIZ21427.1	88.511	235	27	0	1	235	1	235	7.13e-147	405
MDC1053353.1	QIZ21428.1	94.048	336	20	0	1	336	1	336	0.0	634
MDC1053354.1	QIZ21429.1	89.842	443	45	0	14	456	1	443	0.0	783
MDC1053355.1	QIZ21431.1	79.365	252	52	0	1	252	1	252	6.09e-136	379
MDC1053356.1	QIZ21432.1	91.184	397	34	1	1	396	1	397	0.0	698
MDC1053357.1	QIZ21433.1	82.807	285	49	0	1	285	1	285	9.31e-170	467
MDC1053358.1	QIZ21434.1	76.829	492	114	0	1	492	1	492	0.0	807
MDC1053359.1	QIZ21435.1	51.261	238	113	2	22	256	21	258	8.68e-87	254
MDC1053360.1	QIZ21436.1	91.282	195	17	0	1	195	1	195	1.68e-134	370
MDC1053362.1	QIZ20511.1	30.172	580	372	11	7	562	3	573	1.75e-75	246
MDC1053363.1	QIZ21437.1	75.835	389	93	1	1	389	1	388	0.0	645
MDC1053365.1	QIZ20216.1	58.991	317	129	1	1	316	1	317	2.76e-129	367
MDC1053366.1	QIZ20495.1	43.267	453	254	3	4	453	79	531	2.37e-120	357
MDC1053367.1	QIZ20765.1	89.147	129	14	0	13	141	196	324	4.73e-84	245
MDC1053368.1	QIZ20765.1	62.871	202	59	6	5	204	10	197	7.17e-78	232
MDC1053369.1	QIZ20766.1	96.250	80	3	0	4	83	80	159	3.45e-54	161
MDC1053370.1	QIZ20766.1	77.273	88	15	1	1	88	1	83	1.64e-37	120
MDC1053371.1	QIZ20767.1	87.703	431	53	0	17	447	16	446	0.0	799
MDC1053372.1	QIZ20768.1	70.280	286	68	1	1	286	1	269	1.83e-125	354
MDC1053373.1	QIZ20769.1	92.754	138	10	0	1	138	1	138	6.40e-94	263
MDC1053374.1	QIZ20770.1	83.482	224	37	0	1	224	1	224	6.75e-139	384
MDC1053375.1	QIZ20771.1	87.195	164	21	0	1	164	1	164	1.71e-107	300
MDC1053376.1	QIZ20772.1	82.500	240	42	0	1	240	1	240	4.68e-151	416
MDC1053377.1	QIZ20773.1	74.254	268	69	0	1	268	1	268	1.01e-158	437
MDC1053378.1	QIZ20774.1	56.906	181	78	0	1	181	1	181	1.80e-70	207
MDC1053379.1	QIZ20775.1	75.000	148	37	0	1	148	1	148	5.29e-75	216
MDC1053380.1	QIZ20776.1	61.682	107	41	0	1	107	1	107	1.66e-35	113
MDC1053381.1	QIZ20777.1	83.359	649	108	0	1	649	1	649	0.0	1134
MDC1053382.1	QIZ20778.1	88.358	335	39	0	1	335	1	335	0.0	614
MDC1053383.1	QIZ20779.1	75.510	392	96	0	1	392	1	392	0.0	597
MDC1053384.1	QIZ20780.1	78.274	336	73	0	1	336	1	336	0.0	542
MDC1053385.1	QIZ20781.1	65.700	207	68	2	1	204	1	207	8.67e-83	240
MDC1053386.1	QIZ20782.1	80.108	186	37	0	1	186	1	186	2.46e-116	323
MDC1053387.1	QIZ20783.1	65.854	246	84	0	1	246	1	246	8.79e-117	330
MDC1053388.1	QIZ20784.1	86.842	76	10	0	1	76	1	76	1.03e-48	144
MDC1053389.1	QIZ20785.1	83.077	195	33	0	1	195	1	195	4.01e-114	319
MDC1053390.1	QIZ20786.1	95.312	64	3	0	1	64	1	64	1.09e-37	115
MDC1053392.1	QIZ20853.1	53.448	232	108	0	1	232	7	238	2.57e-84	246
MDC1053393.1	QIZ20788.1	93.534	464	30	0	2	465	1	464	0.0	878
MDC1053394.1	QIZ20789.1	91.579	95	8	0	1	95	1	95	6.35e-58	169
MDC1053395.1	QIZ20790.1	81.492	362	67	0	1	362	1	362	0.0	594
MDC1053397.1	QIZ20792.1	97.561	41	1	0	1	41	1	41	2.51e-23	77.8
MDC1053398.1	QIZ20793.1	68.151	292	93	0	1	292	1	292	1.04e-147	412
MDC1053400.1	QIZ21538.1	56.716	134	58	0	1	134	1	134	1.71e-48	151
MDC1053402.1	QIZ21430.1	57.841	389	162	1	2	390	1	387	2.83e-151	429
MDC1053403.1	QIZ20215.1	82.069	145	26	0	1	145	1	145	5.69e-89	251
MDC1053405.1	QIZ21536.1	77.434	226	51	0	1	226	1	226	2.10e-133	370
MDC1053406.1	QIZ21533.1	58.252	103	43	0	1	103	1	103	3.02e-40	125
MDC1053407.1	QIZ21532.1	56.338	213	92	1	1	212	1	213	5.26e-79	233
MDC1053408.1	QIZ21531.1	87.500	352	44	0	1	352	1	352	0.0	604
MDC1053409.1	QIZ21530.1	84.701	536	79	1	7	542	4	536	0.0	869
MDC1053410.1	QIZ21527.1	87.021	339	44	0	1	339	1	339	0.0	619
MDC1053411.1	QIZ21523.1	92.203	295	23	0	1	295	1	295	0.0	570
MDC1053412.1	QIZ21522.1	87.387	333	42	0	1	333	1	333	0.0	604
MDC1053413.1	QIZ21521.1	85.149	202	30	0	1	202	1	202	2.18e-135	373
MDC1053414.1	QIZ21520.1	88.679	53	6	0	1	53	1	53	1.37e-31	102
MDC1053415.1	QIZ21520.1	83.333	60	10	0	1	60	96	155	7.64e-36	113
MDC1053416.1	QIZ20620.1	35.859	198	121	3	6	203	1	192	7.74e-38	126
MDC1053417.1	QIZ21519.1	81.301	123	23	0	4	126	2	124	7.55e-74	211
MDC1053418.1	QIZ21516.1	91.095	539	48	0	1	539	1	539	0.0	1038
MDC1053419.1	QIZ21515.1	84.858	317	48	0	1	317	1	317	0.0	566
MDC1053420.1	QIZ21514.1	84.337	249	39	0	1	249	1	249	6.68e-158	434
MDC1053421.1	QIZ21513.1	89.506	810	84	1	1	809	1	810	0.0	1506
MDC1053422.1	QIZ21512.1	61.765	136	52	0	22	157	31	166	4.55e-59	177
MDC1053423.1	QIZ21511.1	90.751	173	16	0	1	173	17	189	5.56e-117	325
MDC1053424.1	QIZ21471.1	88.148	405	48	0	1	405	38	442	0.0	763
MDC1053425.1	QIZ21470.1	95.092	489	24	0	1	489	1	489	0.0	993
MDC1053426.1	QIZ21469.1	95.860	314	13	0	1	314	1	314	0.0	628
MDC1053427.1	QIZ21468.1	92.254	284	22	0	1	284	1	284	0.0	540
MDC1053428.1	QIZ21467.1	97.162	458	13	0	12	469	17	474	0.0	929
MDC1053429.1	QIZ21466.1	94.017	117	7	0	25	141	17	133	7.83e-84	238
MDC1053430.1	QIZ21465.1	93.991	466	28	0	1	466	1	466	0.0	895
MDC1053431.1	QIZ21464.1	85.135	74	11	0	1	74	1	74	2.68e-45	135
MDC1053433.1	QIZ21463.1	70.890	292	85	0	1	292	1	292	4.74e-156	433
MDC1053434.1	QIZ21462.1	73.864	176	46	0	11	186	11	186	9.44e-96	273
MDC1053435.1	QIZ21461.1	75.352	426	105	0	10	435	14	439	0.0	598
MDC1053436.1	QIZ21460.1	81.633	441	81	0	1	441	1	441	0.0	763
MDC1053437.1	QIZ21459.1	58.630	365	151	0	10	374	10	374	5.74e-164	460
MDC1053438.1	QIZ21458.1	70.339	472	140	0	1	472	1	472	0.0	701
MDC1053439.1	QIZ21457.1	72.662	139	38	0	1	139	1	139	7.42e-80	228
MDC1053440.1	QIZ21456.1	74.000	350	91	0	1	350	1	350	0.0	501
MDC1053441.1	QIZ21455.1	79.577	142	29	0	1	142	1	142	6.02e-83	236
MDC1053442.1	QIZ21454.1	43.827	324	182	0	3	326	109	432	1.67e-92	278
MDC1053443.1	QIZ20555.1	85.828	501	71	0	1	501	1	501	0.0	898
MDC1053445.1	QIZ20554.1	73.500	200	53	0	1	200	1	200	5.89e-96	273
MDC1053447.1	QIZ20553.1	89.019	428	47	0	1	428	1	428	0.0	784
MDC1053448.1	QIZ20552.1	86.469	303	41	0	1	303	1	303	0.0	536
MDC1053449.1	QIZ20551.1	77.105	380	87	0	1	380	1	380	0.0	607
MDC1053450.1	QIZ21440.1	42.373	295	162	3	6	292	8	302	1.39e-81	248
MDC1053453.1	QIZ21344.1	60.284	282	111	1	1	281	1	282	7.94e-120	340
MDC1053454.1	QIZ21518.1	53.145	318	149	0	1	318	1	318	1.27e-116	335
MDC1053457.1	QIZ20550.1	80.480	333	64	1	1	332	1	333	0.0	533
MDC1053459.1	QIZ20385.1	93.048	187	13	0	1	187	1	187	3.82e-127	373
MDC1053460.1	QIZ20386.1	88.235	153	15	2	1	150	1	153	7.97e-92	259
MDC1053461.1	QIZ20387.1	93.249	948	64	0	1	948	1	948	0.0	1829
MDC1053462.1	QIZ20388.1	84.500	200	28	1	1	200	1	197	1.52e-121	338
MDC1053463.1	QIZ20389.1	78.305	295	64	0	1	295	1	295	6.25e-168	463
MDC1053464.1	QIZ20390.1	83.607	122	20	0	1	122	396	517	4.09e-67	206
MDC1053465.1	QIZ20727.1	57.108	415	176	2	18	430	18	432	9.07e-161	456
MDC1053466.1	QIZ20726.1	93.438	381	25	0	1	381	1	381	0.0	729
MDC1053467.1	QIZ20725.1	76.802	888	206	0	1	888	1	888	0.0	1424
MDC1053468.1	QIZ20724.1	88.861	404	45	0	1	404	1	404	0.0	766
MDC1053469.1	QIZ20723.1	73.488	215	57	0	1	215	1	215	3.12e-122	341
MDC1053470.1	QIZ20722.1	67.897	271	79	3	1	267	1	267	4.99e-126	355
MDC1053471.1	QIZ20721.1	77.741	301	67	0	1	301	1	301	2.18e-179	493
MDC1053472.1	QIZ20720.1	71.812	149	42	0	1	149	1	149	2.30e-76	221
MDC1053477.1	QIZ20416.1	36.546	249	140	7	8	251	6	241	5.85e-46	150
MDC1053479.1	QIZ21305.1	37.168	226	130	4	3	225	6	222	7.69e-35	119
MDC1053488.1	QIZ20741.1	74.038	104	27	0	1	104	1	104	8.32e-53	157
MDC1053489.1	QIZ20740.1	88.571	630	72	0	1	630	1	630	0.0	1176
MDC1053490.1	QIZ20739.1	84.190	253	40	0	1	253	1	253	9.69e-157	431
MDC1053492.1	QIZ20738.1	81.132	106	20	0	1	106	1	106	8.85e-64	184
MDC1053493.1	QIZ20737.1	73.373	338	90	0	1	338	1	338	0.0	513
MDC1053494.1	QIZ20736.1	74.879	207	52	0	1	207	1	207	1.40e-119	333
MDC1053498.1	QIZ20734.1	70.175	171	36	1	3	173	25	180	2.34e-83	239
MDC1053500.1	QIZ20733.1	55.862	290	128	0	1	290	1	290	6.99e-111	318
MDC1053503.1	QIZ20732.1	73.077	130	35	0	2	131	296	425	1.28e-65	201
MDC1053504.1	QIZ21317.1	95.469	309	14	0	1	309	1	309	0.0	615
MDC1053505.1	QIZ21318.1	84.076	314	50	0	1	314	1	314	0.0	546
MDC1053506.1	QIZ21319.1	92.237	219	17	0	1	219	1	219	2.90e-156	427
MDC1053507.1	QIZ21358.1	79.772	351	71	0	1	351	1	351	0.0	563
MDC1053508.1	QIZ21359.1	88.920	1074	119	0	1	1074	1	1074	0.0	1976
MDC1053509.1	QIZ21360.1	83.636	385	62	1	1	384	1	385	0.0	669
MDC1053510.1	QIZ21361.1	76.974	152	35	0	1	152	1	152	8.30e-75	216
MDC1053511.1	QIZ21362.1	76.988	591	136	0	1	591	1	591	0.0	918
MDC1053512.1	QIZ21363.1	91.776	608	49	1	1	608	1	607	0.0	1130
MDC1053514.1	QIZ20211.1	71.875	96	27	0	1	96	1	96	9.09e-49	145
MDC1053515.1	QIZ20213.1	61.184	152	59	0	18	169	26	177	1.45e-62	186
MDC1053516.1	QIZ20586.1	89.062	192	21	0	1	192	1	192	1.90e-129	357
MDC1053517.1	QIZ20587.1	74.894	235	59	0	1	235	1	235	1.17e-125	351
MDC1053519.1	QIZ20590.1	67.010	291	96	0	4	294	3	293	6.55e-120	342
MDC1053521.1	QIZ20605.1	35.433	254	142	4	26	269	43	284	5.62e-39	135
MDC1053522.1	QIZ20591.1	78.136	279	61	0	1	279	1	279	1.04e-167	461
MDC1053523.1	QIZ20592.1	90.283	247	24	0	1	247	1	247	8.75e-171	466
MDC1053524.1	QIZ20589.1	69.444	252	77	0	1	252	38	289	8.10e-130	365
MDC1053525.1	QIZ20435.1	64.754	122	43	0	1	122	1	122	3.51e-31	110
MDC1053526.1	QIZ20434.1	69.919	246	74	0	1	246	1	246	3.48e-129	361
MDC1053527.1	QIZ20433.1	82.828	99	17	0	1	99	1	99	7.11e-57	166
MDC1053528.1	QIZ20432.1	87.361	538	68	0	1	538	1	538	0.0	970
MDC1053529.1	QIZ20431.1	91.241	274	24	0	1	274	1	274	0.0	498
MDC1053530.1	QIZ20430.1	84.689	418	64	0	1	418	1	418	0.0	708
MDC1053531.1	QIZ20429.1	70.000	100	30	0	1	100	1	100	7.02e-44	134
MDC1053532.1	QIZ20428.1	81.046	306	58	0	1	306	3	308	0.0	515
MDC1053533.1	QIZ20427.1	67.586	145	47	0	1	145	1	145	3.88e-70	204
MDC1053534.1	QIZ20426.1	61.314	137	53	0	18	154	16	152	3.76e-55	166
MDC1053535.1	QIZ20425.1	45.033	151	82	1	1	151	2	151	3.73e-38	124
MDC1053536.1	QIZ20424.1	51.163	344	165	2	2	342	24	367	5.82e-99	293
MDC1053537.1	QIZ20385.1	76.856	229	43	2	1	229	630	848	3.19e-107	323
MDC1053538.1	QIZ20384.1	85.976	164	23	0	1	164	1	164	1.61e-102	287
MDC1053539.1	QIZ20383.1	78.261	184	40	0	1	184	1	184	6.58e-109	305
MDC1053540.1	QIZ20382.1	81.351	370	69	0	1	370	1	370	0.0	644
MDC1053541.1	QIZ20381.1	78.309	272	59	0	1	272	1	272	2.53e-168	462
MDC1053542.1	QIZ20380.1	70.000	200	60	0	6	205	5	204	7.83e-98	278
MDC1053543.1	QIZ20379.1	72.182	683	190	0	1	683	1	683	0.0	991
MDC1053544.1	QIZ20378.1	55.294	85	38	0	1	85	1	85	1.02e-21	77.0
MDC1053545.1	QIZ20377.1	69.072	291	90	0	2	292	3	293	3.00e-139	390
MDC1053546.1	QIZ20376.1	60.440	273	108	0	17	289	17	289	6.28e-120	343
MDC1053548.1	QIZ21307.1	27.586	261	181	6	8	263	9	266	3.89e-27	103
MDC1053550.1	QIZ20218.1	32.620	374	232	12	18	379	12	377	1.55e-55	183
MDC1053551.1	QIZ20474.1	95.082	122	6	0	1	122	1	122	4.00e-80	227
MDC1053552.1	QIZ20473.1	90.173	173	17	0	1	173	1	173	7.85e-122	337
MDC1053553.1	QIZ20472.1	84.158	202	31	1	1	201	1	202	2.15e-127	353
MDC1053554.1	QIZ20471.1	93.606	391	25	0	1	391	1	391	0.0	771
MDC1053555.1	QIZ20470.1	86.139	202	28	0	1	202	1	202	4.75e-135	372
MDC1053556.1	QIZ20469.1	90.068	443	44	0	1	443	1	443	0.0	849
MDC1053557.1	QIZ20468.1	98.333	60	1	0	1	60	1	60	1.15e-37	126
MDC1053558.1	QIZ21220.1	83.877	521	84	0	1	521	171	691	0.0	913
MDC1053560.1	QIZ21219.1	66.337	101	34	0	1	101	1	101	6.04e-49	146
MDC1053561.1	QIZ21218.1	89.908	436	44	0	1	436	1	436	0.0	792
MDC1053562.1	QIZ21217.1	87.209	172	22	0	1	172	6	177	1.41e-113	316
MDC1053563.1	QIZ20953.1	42.475	299	140	5	2	296	3	273	8.30e-67	206
MDC1053564.1	QIZ21216.1	63.918	97	35	0	3	99	2	98	4.37e-46	139
MDC1053565.1	QIZ21215.1	85.782	211	30	0	1	211	1	211	1.47e-136	377
MDC1053566.1	QIZ21214.1	73.129	294	78	1	1	293	1	294	2.43e-153	426
MDC1053567.1	QIZ21213.1	81.633	147	27	0	1	147	1	147	2.45e-92	260
MDC1053568.1	QIZ21212.1	65.347	202	70	0	1	202	1	202	1.49e-98	282
MDC1053569.1	QIZ21453.1	52.336	214	102	0	1	214	1	214	5.89e-66	198
MDC1053570.1	QIZ21452.1	88.189	889	105	0	1	889	1	889	0.0	1635
MDC1053571.1	QIZ21451.1	54.822	197	88	1	1	197	1	196	5.63e-72	212
MDC1053572.1	QIZ21450.1	88.496	113	13	0	1	113	1	113	1.59e-74	212
MDC1053573.1	QIZ21449.1	92.424	396	30	0	1	396	1	396	0.0	755
MDC1053574.1	QIZ21448.1	95.288	382	18	0	1	382	97	478	0.0	736
MDC1053575.1	QIZ20436.1	83.871	372	59	1	1	372	114	484	0.0	634
MDC1053576.1	QIZ20437.1	80.319	188	37	0	1	188	1	188	1.61e-113	317
MDC1053577.1	QIZ20438.1	79.394	330	68	0	1	330	1	330	0.0	538
MDC1053578.1	QIZ20439.1	78.327	263	57	0	1	263	1	263	1.12e-144	402
MDC1053579.1	QIZ20440.1	92.889	225	16	0	1	225	1	225	4.60e-155	425
MDC1053580.1	QIZ20441.1	82.937	463	79	0	1	463	1	463	0.0	806
MDC1053581.1	QIZ20442.1	67.241	116	38	0	1	116	262	377	2.39e-47	151
MDC1053583.1	QIZ20501.1	47.812	320	165	1	1	318	1	320	3.48e-100	293
MDC1053586.1	QIZ20710.1	28.163	245	168	2	1	244	1	238	6.43e-32	113
MDC1053588.1	QIZ20249.1	90.984	244	22	0	1	244	1	244	8.46e-171	466
MDC1053589.1	QIZ20250.1	95.202	396	19	0	1	396	1	396	0.0	746
MDC1053590.1	QIZ20251.1	89.831	59	6	0	1	59	5	63	7.62e-33	103
MDC1053591.1	QIZ20252.1	93.750	176	11	0	1	176	1	176	1.58e-122	338
MDC1053592.1	QIZ20253.1	85.106	141	21	0	1	141	1	141	1.99e-87	247
MDC1053593.1	QIZ20254.1	87.773	229	28	0	1	229	1	229	1.46e-146	404
MDC1053594.1	QIZ20255.1	80.723	166	32	0	2	167	1	166	2.77e-96	271
MDC1053595.1	QIZ20419.1	94.509	346	19	0	1	346	1	346	0.0	687
MDC1053596.1	QIZ20418.1	85.039	381	57	0	1	381	1	381	0.0	617
MDC1053597.1	QIZ20417.1	83.803	426	66	1	1	423	1	426	0.0	722
MDC1053598.1	QIZ20416.1	92.623	244	18	0	1	244	1	244	9.23e-172	468
MDC1053600.1	QIZ21041.1	33.631	336	186	12	1	306	1	329	5.72e-36	127
MDC1053601.1	QIZ21042.1	53.333	180	81	3	2	180	5	182	1.07e-60	182
MDC1053602.1	QIZ21043.1	72.823	758	200	2	1	758	1	752	0.0	1156
MDC1053603.1	QIZ20653.1	39.550	311	183	4	1	309	1	308	1.26e-68	214
MDC1053604.1	QIZ20652.1	88.660	485	55	0	1	485	1	485	0.0	876
MDC1053605.1	QIZ20651.1	92.647	136	10	0	1	136	1	136	9.63e-82	232
MDC1053606.1	QIZ20650.1	68.229	192	60	1	1	191	1	192	1.65e-86	249
MDC1053607.1	QIZ20649.1	70.968	155	44	1	1	155	188	341	4.98e-75	223
MDC1053608.1	QIZ20350.1	73.826	149	35	1	1	145	1	149	8.88e-82	233
MDC1053609.1	QIZ20349.1	79.085	153	31	1	1	152	1	153	8.46e-92	259
MDC1053610.1	QIZ20348.1	93.439	442	29	0	1	442	1	442	0.0	836
MDC1053611.1	QIZ20347.1	54.180	323	144	3	12	332	12	332	7.55e-103	301
MDC1053613.1	QIZ21205.1	64.286	112	39	1	1	111	204	315	1.14e-40	133
MDC1053614.1	QIZ21206.1	59.735	226	91	0	1	226	1	226	3.86e-93	268
MDC1053615.1	QIZ21207.1	70.588	238	69	1	1	237	1	238	4.03e-125	350
MDC1053616.1	QIZ21208.1	61.345	119	43	1	1	119	1	116	1.19e-45	140
MDC1053617.1	QIZ21209.1	74.372	199	51	0	1	199	1	199	1.55e-114	320
MDC1053618.1	QIZ21210.1	82.566	304	53	0	1	304	736	1039	4.86e-178	515
MDC1053622.1	QIZ20544.1	59.763	169	66	1	1	169	1	167	5.63e-72	210
MDC1053623.1	QIZ21540.1	57.447	141	60	0	15	155	7	147	1.06e-61	182
MDC1053624.1	QIZ21539.1	55.215	163	73	0	1	163	6	168	1.26e-52	161
MDC1053625.1	QIZ20753.1	88.589	482	55	0	1	482	156	637	0.0	900
MDC1053626.1	QIZ20752.1	90.833	360	33	0	1	360	1	360	0.0	669
MDC1053627.1	QIZ20751.1	74.038	208	54	0	1	208	1	208	9.95e-118	329
MDC1053628.1	QIZ21231.1	79.556	225	46	0	1	225	1	225	1.96e-135	375
MDC1053629.1	QIZ21232.1	81.860	215	39	0	1	215	1	215	1.63e-124	347
MDC1053630.1	QIZ21233.1	95.105	572	28	0	1	572	33	604	0.0	1122
MDC1053631.1	QIZ20421.1	81.425	463	86	0	1	463	1	463	0.0	710
MDC1053632.1	QIZ20422.1	76.497	451	106	0	1	451	1	451	0.0	694
MDC1053633.1	QIZ20423.1	60.000	100	40	0	1	100	494	593	3.19e-28	102
MDC1053634.1	QIZ20690.1	80.272	294	57	1	1	293	1	294	1.54e-167	472
MDC1053635.1	QIZ20689.1	63.768	276	100	0	1	276	1	276	2.43e-136	382
MDC1053636.1	QIZ20687.1	59.615	156	63	0	1	156	1	156	2.24e-58	175
MDC1053637.1	QIZ20686.1	59.124	137	50	2	1	132	1	136	1.04e-54	164
MDC1053638.1	QIZ20685.1	57.576	99	42	0	1	99	1	99	6.95e-38	122
MDC1053639.1	QIZ20230.1	92.982	114	8	0	1	114	493	606	3.75e-73	224
MDC1053640.1	QIZ20231.1	90.196	459	45	0	1	459	1	459	0.0	872
MDC1053641.1	QIZ20232.1	83.265	245	41	0	1	245	1	245	1.59e-155	427
MDC1053642.1	QIZ20233.1	88.095	42	5	0	1	42	1	42	1.90e-22	82.4
MDC1053643.1	QIZ20338.1	89.872	701	71	0	1	701	1	701	0.0	1231
MDC1053644.1	QIZ20763.1	82.881	590	97	1	3	592	1	586	0.0	961
MDC1053645.1	QIZ20764.1	52.551	196	91	2	1	194	148	343	1.18e-63	196
MDC1053646.1	QIZ20446.1	83.448	145	24	0	5	149	2	146	3.94e-91	257
MDC1053647.1	QIZ20445.1	68.098	326	104	0	1	326	1	326	8.06e-158	440
MDC1053648.1	QIZ20444.1	69.672	244	73	1	1	243	1	244	9.47e-120	337
MDC1053650.1	QIZ21223.1	71.678	286	81	0	1	286	1	286	1.91e-159	441
MDC1053651.1	QIZ21224.1	86.280	379	52	0	1	379	1	379	0.0	698
MDC1053656.1	QIZ20976.1	87.943	141	17	0	1	141	1	141	1.60e-94	265
MDC1053657.1	QIZ20977.1	81.324	680	127	0	1	680	3	682	0.0	1137
MDC1053658.1	QIZ20373.1	70.000	90	27	0	1	90	1	90	2.67e-41	130
MDC1053659.1	QIZ20374.1	74.151	383	99	0	1	383	1	383	0.0	585
MDC1053660.1	QIZ20375.1	49.309	217	106	3	15	230	38	251	9.98e-64	194
MDC1053661.1	QIZ20257.1	96.026	151	6	0	1	151	1213	1363	1.06e-97	302
MDC1053662.1	QIZ20258.1	95.066	527	25	1	1	526	1	527	0.0	1040
