MDA9618966.1	QIZ21304.1	52.147	326	155	1	1	326	115	439	6.40e-122	353
MDA9618968.1	QIZ21302.1	54.545	253	106	4	1	251	1	246	2.21e-87	256
MDA9618969.1	QIZ21301.1	42.029	345	199	1	15	359	4	347	5.56e-80	244
MDA9618970.1	QIZ21300.1	44.706	255	132	5	1	249	1	252	6.28e-54	170
MDA9618971.1	QIZ21299.1	75.081	309	77	0	1	309	1	309	3.25e-168	465
MDA9618972.1	QIZ21298.1	59.788	189	76	0	1	189	1	189	3.50e-75	224
MDA9618973.1	QIZ21297.1	71.739	184	52	0	1	184	1	184	7.07e-95	270
MDA9618974.1	QIZ21296.1	61.798	356	135	1	1	355	1	356	7.40e-160	447
MDA9618975.1	QIZ21295.1	66.275	255	86	0	6	260	5	259	3.96e-121	342
MDA9618976.1	QIZ21294.1	81.295	417	78	0	1	417	1	417	0.0	699
MDA9618977.1	QIZ21293.1	75.740	169	39	1	5	173	3	169	1.45e-94	267
MDA9618978.1	QIZ21292.1	58.503	147	61	0	3	149	7	153	9.86e-58	172
MDA9618979.1	QIZ21291.1	59.124	274	110	2	2	273	1	274	7.71e-113	322
MDA9618980.1	QIZ21290.1	65.823	158	54	0	1	158	1	158	5.29e-74	214
MDA9618981.1	QIZ21289.1	38.462	403	233	7	21	415	27	422	4.71e-82	254
MDA9618982.1	QIZ21288.1	35.461	282	169	7	3	277	6	281	4.86e-33	118
MDA9618983.1	QIZ21287.1	38.165	545	326	6	24	564	21	558	1.15e-100	311
MDA9618984.1	QIZ21286.1	41.597	238	128	2	3	233	8	241	5.93e-55	172
MDA9618985.1	QIZ21285.1	62.703	185	66	2	2	184	3	186	2.41e-76	223
MDA9618986.1	QIZ21284.1	74.785	349	88	0	6	354	7	355	0.0	571
MDA9618987.1	QIZ21283.1	42.784	388	202	6	3	376	2	383	3.54e-97	290
MDA9618988.1	QIZ21282.1	44.000	325	169	8	7	327	6	321	2.78e-77	236
MDA9618990.1	QIZ21280.1	38.462	182	100	4	18	194	20	194	1.18e-39	130
MDA9618991.1	QIZ21279.1	58.585	862	304	6	1	814	1	857	0.0	950
MDA9618992.1	QIZ21278.1	63.736	91	32	1	7	96	1	91	4.06e-36	114
MDA9618993.1	QIZ21277.1	80.738	244	47	0	1	244	1	244	4.81e-145	401
MDA9618994.1	QIZ21276.1	100.000	75	0	0	1	75	1	75	1.79e-46	138
MDA9618995.1	QIZ21275.1	40.571	175	103	1	17	190	2	176	1.17e-40	132
MDA9618996.1	QIZ21274.1	48.485	165	85	0	1	165	4	168	5.96e-47	146
MDA9618997.1	QIZ21273.1	67.769	484	155	1	4	487	2	484	0.0	694
MDA9618998.1	QIZ21272.1	54.480	279	127	0	4	282	5	283	1.27e-98	286
MDA9618999.1	QIZ21271.1	65.254	354	122	1	1	353	1	354	1.92e-162	454
MDA9619000.1	QIZ21270.1	55.036	278	116	5	5	275	36	311	1.88e-90	266
MDA9619001.1	QIZ21269.1	66.667	312	103	1	3	314	4	314	1.09e-154	431
MDA9619002.1	QIZ21268.1	47.975	321	167	0	1	321	1	321	1.80e-105	307
MDA9619003.1	QIZ21267.1	51.095	137	66	1	3	139	2	137	2.02e-42	133
MDA9619004.1	QIZ21266.1	51.572	159	76	1	1	159	1	158	2.18e-59	177
MDA9619005.1	QIZ21265.1	50.873	458	224	1	1	457	1	458	2.57e-168	477
MDA9619006.1	QIZ21264.1	47.716	197	101	2	40	236	21	215	2.02e-61	187
MDA9619007.1	QIZ21263.1	77.011	261	60	0	3	263	2	262	1.36e-146	406
MDA9619008.1	QIZ21262.1	55.249	181	78	2	3	183	1	178	3.34e-73	214
MDA9619009.1	QIZ21260.1	62.458	301	113	0	1	301	1	301	3.01e-136	384
MDA9619010.1	QIZ21259.1	90.075	534	53	0	1	534	1	534	0.0	942
MDA9619011.1	QIZ21258.1	73.004	263	70	1	2	263	1	263	5.97e-140	390
MDA9619012.1	QIZ21257.1	44.017	234	127	3	2	234	3	233	4.53e-57	177
MDA9619013.1	QIZ21254.1	70.886	79	23	0	1	79	1	79	5.02e-40	122
MDA9619014.1	QIZ21256.1	79.358	218	45	0	2	219	3	220	8.22e-122	340
MDA9619015.1	QIZ21253.1	68.459	279	88	0	1	279	1	279	5.26e-148	411
MDA9619016.1	QIZ21252.1	54.969	322	145	0	3	324	2	323	1.54e-127	363
MDA9619017.1	QIZ20479.1	65.432	81	28	0	5	85	2	82	1.61e-37	116
MDA9619018.1	QIZ21251.1	60.000	130	52	0	1	130	1	130	2.75e-56	167
MDA9619019.1	QIZ21250.1	57.042	284	119	2	1	282	1	283	7.31e-110	315
MDA9619020.1	QIZ21249.1	51.049	572	280	0	9	580	6	577	0.0	613
MDA9619021.1	QIZ21248.1	36.866	434	249	11	1	426	1	417	1.57e-63	206
MDA9619022.1	QIZ21247.1	40.777	309	177	5	2	306	1	307	1.86e-69	214
MDA9619023.1	QIZ21246.1	49.822	281	139	1	7	285	6	286	2.63e-90	266
MDA9619025.1	QIZ21244.1	54.632	421	191	0	1	421	1	421	9.85e-163	460
MDA9619026.1	QIZ21243.1	44.920	187	96	2	1	183	1	184	3.28e-42	136
MDA9619027.1	QIZ21242.1	45.349	344	163	8	69	403	52	379	9.12e-83	254
MDA9619029.1	QIZ21240.1	44.706	170	83	4	5	169	1	164	1.02e-35	118
MDA9619030.1	QIZ21239.1	68.619	905	284	0	1	905	1	905	0.0	1302
MDA9619031.1	QIZ21238.1	51.645	304	145	1	1	302	1	304	5.04e-103	299
MDA9619032.1	QIZ21237.1	54.167	264	118	3	7	268	10	272	1.03e-98	286
MDA9619033.1	QIZ21236.1	80.851	94	18	0	1	94	1	94	2.08e-52	155
MDA9619034.1	QIZ21235.1	83.365	529	88	0	1	529	1	529	0.0	900
MDA9619035.1	QIZ20920.1	45.714	210	113	1	2	211	3	211	1.75e-64	195
MDA9619036.1	QIZ20921.1	42.604	338	182	6	14	342	11	345	2.88e-78	239
MDA9619037.1	QIZ20922.1	43.450	458	229	10	13	444	12	465	1.62e-108	324
MDA9619038.1	QIZ21496.1	74.627	67	17	0	3	69	2	68	2.72e-33	104
MDA9619039.1	QIZ21496.1	75.385	65	16	0	3	67	2	66	8.23e-33	103
MDA9619040.1	QIZ20870.1	63.488	367	128	2	1	367	1	361	2.28e-173	483
MDA9619041.1	QIZ20871.1	62.674	718	255	3	9	713	14	731	0.0	947
MDA9619042.1	QIZ20872.1	62.814	199	71	2	5	201	4	201	5.32e-87	251
MDA9619043.1	QIZ20873.1	52.830	106	49	1	1	106	1	105	1.98e-33	107
MDA9619044.1	QIZ20874.1	37.891	256	126	3	8	245	312	552	5.33e-43	149
MDA9619045.1	QIZ21369.1	48.457	324	159	6	11	331	11	329	3.75e-95	281
MDA9619046.1	QIZ21368.1	60.886	519	156	9	1	497	1	494	0.0	522
MDA9619047.1	QIZ21367.1	78.082	146	32	0	1	146	1	146	3.62e-84	239
MDA9619048.1	QIZ21366.1	49.180	244	113	3	1	235	3	244	4.05e-69	208
MDA9619049.1	QIZ21365.1	43.644	236	123	4	18	246	27	259	2.48e-69	210
MDA9619050.1	QIZ21364.1	50.259	193	91	3	7	196	6	196	1.15e-55	171
MDA9619051.1	QIZ21363.1	70.065	618	172	2	3	620	2	606	0.0	880
MDA9619052.1	QIZ21362.1	45.318	598	313	8	1	593	1	589	2.25e-158	462
MDA9619053.1	QIZ21361.1	51.974	152	72	1	1	151	1	152	8.61e-42	132
MDA9619054.1	QIZ21360.1	78.851	383	74	1	12	387	3	385	0.0	634
MDA9619055.1	QIZ21359.1	85.289	1074	158	0	1	1074	1	1074	0.0	1910
MDA9619057.1	QIZ21319.1	65.753	219	75	0	1	219	1	219	4.05e-110	311
MDA9619058.1	QIZ21318.1	55.414	314	138	1	1	312	1	314	8.95e-128	363
MDA9619059.1	QIZ21317.1	78.275	313	68	0	1	313	1	313	0.0	522
MDA9619060.1	QIZ21249.1	31.009	545	327	13	65	586	57	575	1.55e-69	231
MDA9619061.1	QIZ21314.1	89.975	399	40	0	1	399	1	399	0.0	748
MDA9619062.1	QIZ21313.1	77.528	712	159	1	1	711	1	712	0.0	1158
MDA9619063.1	QIZ21312.1	50.538	93	46	0	1	93	1	93	9.74e-25	89.0
MDA9619065.1	QIZ21404.1	84.510	510	78	1	1	510	1	509	0.0	904
MDA9619066.1	QIZ21405.1	82.029	345	62	0	1	345	1	345	0.0	580
MDA9619067.1	QIZ21406.1	39.841	251	147	2	1	249	1	249	1.20e-55	180
MDA9619069.1	QIZ21408.1	51.163	645	303	4	4	636	2	646	0.0	684
MDA9619070.1	QIZ21409.1	61.202	366	142	0	2	367	1	366	9.53e-149	421
MDA9619072.1	QIZ21410.1	60.976	410	156	2	9	418	7	412	0.0	530
MDA9619073.1	QIZ21411.1	47.887	284	148	0	3	286	12	295	7.87e-97	283
MDA9619074.1	QIZ21412.1	69.206	315	97	0	1	315	1	315	8.80e-166	459
MDA9619078.1	QIZ20348.1	69.882	425	127	1	5	428	6	430	0.0	620
MDA9619079.1	QIZ20567.1	55.469	128	56	1	2	129	5	131	1.24e-49	151
MDA9619080.1	QIZ20568.1	70.526	190	55	1	1	190	1	189	6.20e-96	273
MDA9619081.1	QIZ21414.1	74.138	116	30	0	9	124	8	123	4.61e-64	186
MDA9619082.1	QIZ20958.1	34.081	223	129	4	14	231	3	212	1.60e-31	112
MDA9619083.1	QIZ20480.1	55.455	110	48	1	1	110	75	183	4.46e-40	127
MDA9619085.1	QIZ20587.1	62.712	236	87	1	1	236	1	235	6.80e-98	281
MDA9619087.1	QIZ21415.1	43.373	83	47	0	1	83	1	83	3.27e-21	75.5
MDA9619088.1	QIZ21416.1	66.667	96	32	0	1	96	1	96	6.81e-42	128
MDA9619089.1	QIZ21417.1	57.068	191	82	0	1	191	1	191	9.03e-74	217
MDA9619090.1	QIZ21418.1	79.612	412	82	1	3	412	2	413	0.0	683
MDA9619091.1	QIZ21419.1	85.185	297	44	0	1	297	1	297	0.0	512
MDA9619092.1	QIZ21420.1	60.563	71	28	0	6	76	2	72	4.55e-28	99.0
MDA9619093.1	QIZ21065.1	78.194	454	97	2	2	455	1	452	0.0	698
MDA9619094.1	QIZ21066.1	81.765	170	31	0	10	179	2	171	6.84e-101	284
MDA9619095.1	QIZ21067.1	82.143	196	35	0	1	196	1	196	2.94e-120	334
MDA9619096.1	QIZ21068.1	84.615	208	32	0	1	208	1	208	1.20e-130	362
MDA9619097.1	QIZ21070.1	78.423	241	50	1	1	241	1	239	7.15e-137	380
MDA9619098.1	QIZ21071.1	74.603	252	63	1	1	252	1	251	3.52e-136	379
MDA9619100.1	QIZ21073.1	74.167	120	28	2	1	117	1	120	1.07e-64	187
MDA9619101.1	QIZ21074.1	42.424	165	94	1	1	164	1	165	1.59e-46	145
MDA9619102.1	QIZ21075.1	42.021	188	95	5	10	188	2	184	3.82e-35	117
MDA9619103.1	QIZ21076.1	60.658	699	258	7	7	698	8	696	0.0	772
MDA9619104.1	QIZ21077.1	31.967	366	223	13	6	355	16	371	6.69e-39	138
MDA9619105.1	QIZ21050.1	55.405	444	195	2	1	442	1	443	5.65e-169	478
MDA9619106.1	QIZ21049.1	68.197	610	194	0	6	615	7	616	0.0	880
MDA9619107.1	QIZ21048.1	33.533	167	105	4	35	195	35	201	2.02e-23	89.0
MDA9619108.1	QIZ21047.1	68.400	250	78	1	5	253	4	253	3.16e-121	342
MDA9619109.1	QIZ21046.1	50.000	278	131	3	6	281	7	278	1.11e-91	269
MDA9619110.1	QIZ21045.1	36.615	325	189	9	1	315	1	318	1.13e-43	149
MDA9619112.1	QIZ21043.1	57.733	847	343	10	1	835	1	844	0.0	962
MDA9619113.1	QIZ21042.1	44.242	165	85	5	10	170	12	173	9.12e-44	139
MDA9619118.1	QIZ20541.1	31.276	243	160	4	1	238	4	244	1.25e-30	111
MDA9619119.1	QIZ20756.1	50.370	270	134	0	7	276	40	309	3.38e-88	261
MDA9619122.1	QIZ20754.1	52.778	288	136	0	18	305	1	288	6.62e-99	288
MDA9619123.1	QIZ20753.1	73.151	622	167	0	3	624	5	626	0.0	981
MDA9619124.1	QIZ20752.1	76.944	360	83	0	1	360	1	360	0.0	580
MDA9619125.1	QIZ20751.1	60.386	207	81	1	5	210	2	208	2.17e-92	265
MDA9619126.1	QIZ20750.1	62.611	337	126	0	1	337	1	337	9.99e-153	428
MDA9619127.1	QIZ20749.1	68.148	270	84	2	1	270	1	268	5.41e-125	352
MDA9619128.1	QIZ20748.1	78.893	289	61	0	10	298	5	293	1.11e-178	490
MDA9619129.1	QIZ20747.1	44.752	686	375	1	1	682	1	686	0.0	610
MDA9619130.1	QIZ20753.1	74.330	448	108	2	3	443	5	452	0.0	710
MDA9619131.1	QIZ20754.1	52.778	288	136	0	18	305	1	288	6.62e-99	288
MDA9619134.1	QIZ20756.1	50.370	270	134	0	7	276	40	309	3.38e-88	261
MDA9619135.1	QIZ20541.1	31.276	243	160	4	1	238	4	244	1.25e-30	111
MDA9619139.1	QIZ20948.1	54.651	172	77	1	1	171	1	172	5.48e-64	190
MDA9619140.1	QIZ20949.1	80.757	317	61	0	9	325	8	324	0.0	564
MDA9619141.1	QIZ20950.1	52.389	607	259	8	14	604	10	602	0.0	572
MDA9619142.1	QIZ21193.1	72.472	178	49	0	2	179	3	180	4.31e-94	268
MDA9619143.1	QIZ21192.1	61.250	80	31	0	1	80	1	80	1.09e-30	100
MDA9619144.1	QIZ21191.1	47.273	165	75	1	91	255	193	345	1.72e-43	146
MDA9619145.1	QIZ21063.1	47.761	201	99	3	1	199	1	197	1.22e-54	168
MDA9619146.1	QIZ21062.1	52.672	131	58	2	1	130	1	128	1.67e-36	118
MDA9619147.1	QIZ21061.1	41.791	134	78	0	3	136	5	138	1.02e-29	100
MDA9619148.1	QIZ21060.1	53.604	222	100	1	1	219	1	222	1.19e-82	241
MDA9619149.1	QIZ21059.1	35.429	175	102	5	1	169	1	170	5.77e-22	84.0
MDA9619150.1	QIZ21058.1	44.815	270	144	2	1	270	1	265	2.19e-74	224
MDA9619151.1	QIZ21057.1	59.574	188	76	0	2	189	4	191	4.85e-73	214
MDA9619152.1	QIZ21056.1	61.624	271	103	1	1	270	1	271	5.15e-126	355
MDA9619153.1	QIZ21055.1	55.357	336	145	5	1	334	1	333	2.47e-128	366
MDA9619154.1	QIZ21054.1	33.131	329	201	8	12	324	11	336	6.03e-57	184
MDA9619155.1	QIZ20382.1	61.994	321	122	0	1	321	1	321	8.62e-153	429
MDA9619156.1	QIZ21191.1	47.273	165	75	1	19	183	193	345	2.41e-44	146
MDA9619157.1	QIZ21192.1	61.250	80	31	0	1	80	1	80	1.09e-30	100
MDA9619158.1	QIZ21193.1	72.472	178	49	0	2	179	3	180	4.31e-94	268
MDA9619159.1	QIZ20950.1	52.389	607	259	8	14	604	10	602	0.0	572
MDA9619160.1	QIZ20949.1	80.757	317	61	0	9	325	8	324	0.0	564
MDA9619161.1	QIZ20948.1	54.651	172	77	1	1	171	1	172	5.48e-64	190
MDA9619163.1	QIZ21537.1	70.607	313	92	0	1	313	2	314	4.95e-152	424
MDA9619167.1	QIZ21511.1	43.684	190	105	2	3	192	2	189	3.81e-55	169
MDA9619168.1	QIZ21105.1	59.333	150	59	1	2	149	1	150	6.10e-56	168
MDA9619169.1	QIZ20588.1	57.143	280	118	1	1	278	1	280	2.52e-117	334
MDA9619170.1	QIZ21234.1	52.896	518	197	9	1	501	1	488	6.86e-170	489
MDA9619173.1	QIZ21498.1	57.658	333	140	1	16	347	16	348	1.25e-131	375
MDA9619174.1	QIZ21499.1	66.225	151	49	1	1	149	13	163	3.31e-68	199
MDA9619175.1	QIZ20482.1	42.063	126	70	2	4	129	6	128	2.73e-30	102
MDA9619178.1	QIZ21094.1	70.170	352	100	2	1	350	1	349	0.0	511
MDA9619180.1	QIZ20783.1	52.459	244	97	2	1	242	1	227	4.13e-85	249
MDA9619181.1	QIZ20782.1	66.667	186	62	0	1	186	1	186	3.73e-92	263
MDA9619182.1	QIZ20781.1	56.000	200	87	1	2	200	8	207	7.08e-59	179
MDA9619183.1	QIZ20780.1	59.819	331	133	0	3	333	4	334	1.27e-148	417
MDA9619184.1	QIZ20779.1	48.711	388	196	3	9	395	6	391	6.84e-121	352
MDA9619185.1	QIZ20777.1	62.270	652	238	3	8	659	8	651	0.0	837
MDA9619187.1	QIZ20775.1	49.324	148	75	0	1	148	1	148	1.21e-45	142
MDA9619188.1	QIZ20774.1	43.429	175	95	4	7	180	6	177	5.30e-34	114
MDA9619189.1	QIZ20773.1	63.910	266	94	2	1	266	1	264	6.31e-123	347
MDA9619190.1	QIZ20772.1	56.250	240	105	0	1	240	1	240	6.64e-102	291
MDA9619191.1	QIZ20771.1	56.098	164	70	1	1	162	1	164	1.70e-71	208
MDA9619192.1	QIZ20770.1	69.912	226	66	1	1	226	1	224	1.28e-114	322
MDA9619193.1	QIZ20769.1	83.871	124	20	0	1	124	13	136	1.64e-76	218
MDA9619194.1	QIZ20768.1	66.803	244	80	1	1	243	26	269	8.41e-103	295
MDA9619195.1	QIZ21124.1	33.810	420	271	5	3	419	41	456	2.45e-77	244
MDA9619198.1	QIZ21125.1	57.413	317	135	0	1	317	1	317	5.86e-134	379
MDA9619199.1	QIZ21134.1	86.234	385	52	1	1	384	1	385	0.0	668
MDA9619200.1	QIZ21135.1	90.206	194	19	0	1	194	2	195	2.06e-134	370
MDA9619201.1	QIZ21136.1	86.534	453	61	0	1	453	1	453	0.0	766
MDA9619202.1	QIZ21137.1	75.964	441	106	0	1	441	1	441	0.0	686
MDA9619203.1	QIZ21138.1	64.407	59	21	0	1	59	1	59	7.90e-22	75.1
MDA9619204.1	QIZ21139.1	64.706	289	102	0	7	295	4	292	5.69e-131	370
MDA9619205.1	QIZ20221.1	80.263	456	87	1	1	456	1	453	0.0	764
MDA9619206.1	QIZ20220.1	80.833	480	92	0	1	480	5	484	0.0	805
MDA9619207.1	QIZ20205.1	48.473	262	134	1	1	261	16	277	7.50e-58	181
MDA9619208.1	QIZ20204.1	57.862	318	134	0	1	318	1	318	5.91e-142	400
MDA9619209.1	QIZ20199.1	50.610	164	75	3	1	160	1	162	1.24e-45	143
MDA9619210.1	QIZ20198.1	64.646	396	139	1	5	399	4	399	5.91e-161	454
MDA9619211.1	QIZ20197.1	74.394	289	74	0	1	289	1	289	1.40e-165	457
MDA9619212.1	QIZ20196.1	64.975	197	68	1	6	202	4	199	2.97e-97	276
MDA9619213.1	QIZ20192.1	63.473	167	61	0	1	167	1	167	8.42e-75	217
MDA9619214.1	QIZ20191.1	66.667	123	40	1	5	127	4	125	4.52e-60	179
MDA9619215.1	QIZ21035.1	74.699	83	21	0	18	100	18	100	7.58e-43	135
MDA9619216.1	QIZ21034.1	77.907	258	57	0	1	258	1	258	2.72e-151	418
MDA9619217.1	QIZ21033.1	63.904	374	132	2	1	372	1	373	3.51e-176	490
MDA9619218.1	QIZ21032.1	82.643	628	109	0	1	628	1	628	0.0	1056
MDA9619220.1	QIZ20952.1	70.554	686	188	4	9	684	4	685	0.0	992
MDA9619221.1	QIZ20951.1	45.424	295	160	1	7	300	4	298	5.84e-79	242
MDA9619222.1	QIZ20951.1	51.579	95	46	0	1	95	324	418	4.72e-23	87.0
MDA9619223.1	QIZ21194.1	95.385	65	3	0	1	65	225	289	5.79e-40	128
MDA9619224.1	QIZ21084.1	39.161	143	79	2	3	144	11	146	9.74e-27	95.5
MDA9619225.1	QIZ21083.1	51.163	86	41	1	1	85	1	86	3.89e-28	93.2
MDA9619226.1	QIZ21082.1	72.403	616	156	4	1	616	1	602	0.0	858
MDA9619227.1	QIZ21081.1	72.816	103	28	0	9	111	12	114	5.10e-54	160
MDA9619228.1	QIZ21080.1	67.978	178	57	0	5	182	4	181	1.20e-85	247
MDA9619230.1	QIZ20785.1	58.857	175	72	0	1	175	1	175	2.00e-76	223
MDA9619231.1	QIZ20786.1	77.778	63	14	0	1	63	1	63	2.58e-31	99.4
MDA9619236.1	QIZ20946.1	62.626	198	74	0	16	213	71	268	9.74e-85	251
MDA9619237.1	QIZ20944.1	33.838	594	365	10	1	577	4	586	3.86e-95	298
MDA9619239.1	QIZ20945.1	46.584	161	85	1	3	163	5	164	8.77e-44	138
MDA9619240.1	QIZ20969.1	74.764	741	185	1	2	740	667	1407	0.0	1160
