MDB3997355.1	QIZ20258.1	89.555	651	67	1	1	651	740	1389	0.0	1212
MDB3997356.1	QIZ20259.1	95.935	123	5	0	1	123	1	123	2.14e-83	235
MDB3997357.1	QIZ20260.1	88.462	156	18	0	1	156	1	156	9.33e-103	287
MDB3997358.1	QIZ20261.1	94.653	692	37	0	1	692	1	692	0.0	1366
MDB3997359.1	QIZ20262.1	99.020	102	1	0	1	102	1	102	2.31e-71	203
MDB3997360.1	QIZ20263.1	86.344	227	31	0	1	227	1	227	8.04e-145	400
MDB3997361.1	QIZ20264.1	83.575	207	34	0	1	207	1	207	2.77e-128	355
MDB3997362.1	QIZ20265.1	88.660	97	11	0	1	97	1	97	3.18e-58	169
MDB3997363.1	QIZ20266.1	86.071	280	38	1	1	279	1	280	2.59e-174	478
MDB3997364.1	QIZ20267.1	86.207	87	12	0	1	87	1	87	9.79e-55	161
MDB3997365.1	QIZ20268.1	83.333	132	22	0	1	132	1	132	1.09e-80	229
MDB3997366.1	QIZ20269.1	94.690	226	12	0	1	226	1	226	2.95e-161	441
MDB3997367.1	QIZ20270.1	87.500	136	17	0	1	136	1	136	2.47e-88	249
MDB3997368.1	QIZ20271.1	84.127	63	10	0	1	63	1	63	3.94e-34	106
MDB3997369.1	QIZ20272.1	88.462	78	9	0	1	78	1	78	4.54e-39	120
MDB3997370.1	QIZ20273.1	95.082	122	6	0	1	122	1	122	4.71e-81	229
MDB3997371.1	QIZ20274.1	91.429	70	6	0	1	70	1	70	2.81e-41	125
MDB3997372.1	QIZ20275.1	84.239	184	29	0	1	184	1	184	4.50e-117	325
MDB3997373.1	QIZ20276.1	90.099	101	10	0	1	101	1	101	5.11e-64	184
MDB3997374.1	QIZ20277.1	85.496	131	19	0	1	131	1	131	1.18e-82	234
MDB3997375.1	QIZ20278.1	84.358	179	28	0	1	179	1	179	6.70e-107	299
MDB3997376.1	QIZ20279.1	77.966	118	26	0	1	118	1	118	6.82e-64	186
MDB3997377.1	QIZ20280.1	88.757	169	19	0	3	171	2	170	5.33e-107	299
MDB3997378.1	QIZ20281.1	83.660	153	22	2	1	150	1	153	4.91e-75	216
MDB3997379.1	QIZ20282.1	91.784	426	35	0	1	426	1	426	0.0	792
MDB3997380.1	QIZ20283.1	68.545	213	67	0	1	213	1	213	7.94e-108	304
MDB3997381.1	QIZ20284.1	94.488	127	7	0	1	127	1	127	7.33e-88	247
MDB3997382.1	QIZ20285.1	87.333	150	18	1	1	149	1	150	5.40e-79	226
MDB3997383.1	QIZ20286.1	93.275	342	23	0	1	342	1	342	0.0	647
MDB3997384.1	QIZ20287.1	89.116	147	14	1	1	147	1	145	2.24e-93	262
MDB3997385.1	QIZ20288.1	77.558	303	68	0	1	303	1	303	2.39e-171	473
MDB3997386.1	QIZ20289.1	67.476	206	66	1	1	205	1	206	6.54e-96	273
MDB3997387.1	QIZ20290.1	89.059	457	50	0	1	457	1	457	0.0	830
MDB3997388.1	QIZ20291.1	56.618	272	115	3	1	271	11	280	3.72e-90	265
MDB3997389.1	QIZ20292.1	80.741	270	52	0	1	270	1	270	2.45e-151	419
MDB3997390.1	QIZ20293.1	64.965	431	151	0	1	431	1	431	0.0	566
MDB3997391.1	QIZ20294.1	78.226	124	27	0	1	124	30	153	5.52e-73	210
MDB3997397.1	QIZ21235.1	91.682	529	44	0	1	529	1	529	0.0	978
MDB3997398.1	QIZ21236.1	94.792	96	5	0	1	96	1	96	3.05e-63	182
MDB3997399.1	QIZ21237.1	71.691	272	77	0	1	272	1	272	1.73e-148	412
MDB3997400.1	QIZ21238.1	73.443	305	81	0	2	306	1	305	9.92e-166	458
MDB3997401.1	QIZ21239.1	82.854	904	155	0	1	904	1	904	0.0	1553
MDB3997402.1	QIZ21240.1	44.304	158	87	1	8	164	7	164	2.19e-42	135
MDB3997404.1	QIZ21242.1	59.894	379	149	3	8	384	3	380	1.27e-146	416
MDB3997405.1	QIZ21243.1	61.081	185	72	0	1	185	1	185	2.26e-70	207
MDB3997406.1	QIZ21244.1	66.905	420	139	0	1	420	1	420	0.0	594
MDB3997407.1	QIZ21245.1	73.333	60	16	0	1	60	1	60	3.03e-29	94.4
MDB3997408.1	QIZ21246.1	54.861	288	125	2	1	285	1	286	1.65e-102	296
MDB3997409.1	QIZ21247.1	45.659	311	159	5	1	304	1	308	8.43e-79	238
MDB3997410.1	QIZ21248.1	47.160	405	206	3	1	400	1	402	6.34e-119	348
MDB3997411.1	QIZ21249.1	63.385	579	211	1	1	579	1	578	0.0	749
MDB3997412.1	QIZ21250.1	66.783	286	95	0	1	286	1	286	1.26e-137	386
MDB3997413.1	QIZ21251.1	85.821	134	19	0	1	134	1	134	1.86e-86	244
MDB3997414.1	QIZ21252.1	54.489	323	147	0	1	323	1	323	1.17e-127	363
MDB3997415.1	QIZ21253.1	81.667	180	33	0	1	180	100	279	3.93e-110	311
MDB3997416.1	QIZ20896.1	63.095	84	30	1	1	83	1	84	2.57e-32	111
MDB3997417.1	QIZ20895.1	73.052	308	83	0	1	308	1	308	1.30e-180	496
MDB3997418.1	QIZ20894.1	82.129	263	47	0	3	265	2	264	1.29e-151	419
MDB3997419.1	QIZ20893.1	86.765	408	54	0	1	408	1	408	0.0	746
MDB3997420.1	QIZ20892.1	69.951	203	61	0	1	203	1	203	1.30e-102	291
MDB3997421.1	QIZ20891.1	82.609	230	40	0	1	230	1	230	1.78e-140	388
MDB3997422.1	QIZ20890.1	91.579	95	8	0	1	95	1	95	1.55e-61	178
MDB3997423.1	QIZ20889.1	82.812	576	98	1	1	575	1	576	0.0	985
MDB3997424.1	QIZ20888.1	71.569	204	58	0	13	216	12	215	3.13e-100	286
MDB3997425.1	QIZ20887.1	66.826	419	136	2	20	436	20	437	0.0	535
MDB3997426.1	QIZ20886.1	77.043	257	59	0	1	257	1	257	8.45e-146	404
MDB3997427.1	QIZ20885.1	44.737	190	103	2	1	190	1	188	5.52e-44	141
MDB3997428.1	QIZ20884.1	73.226	310	82	1	12	320	13	322	2.70e-165	459
MDB3997429.1	QIZ20883.1	83.744	203	33	0	1	203	1	203	2.14e-130	360
MDB3997430.1	QIZ20882.1	75.394	317	78	0	1	317	1	317	0.0	512
MDB3997431.1	QIZ20881.1	81.928	166	28	2	1	164	1	166	1.99e-98	276
MDB3997432.1	QIZ20879.1	82.078	385	69	0	1	385	1	385	0.0	629
MDB3997433.1	QIZ20878.1	77.346	309	70	0	1	309	1	309	1.65e-178	491
MDB3997434.1	QIZ20877.1	73.743	179	47	0	1	179	11	189	5.40e-101	285
MDB3997435.1	QIZ20876.1	66.393	244	80	1	2	243	3	246	2.46e-110	313
MDB3997436.1	QIZ20875.1	81.522	276	51	0	1	276	1	276	1.54e-171	471
MDB3997437.1	QIZ20874.1	86.692	263	35	0	1	263	1	263	3.50e-167	470
MDB3997438.1	QIZ20969.1	81.757	1480	270	0	1	1480	1	1480	0.0	2564
MDB3997439.1	QIZ20970.1	84.177	316	50	0	221	536	164	479	0.0	550
MDB3997444.1	QIZ21110.1	81.028	253	48	0	1	253	1	253	3.92e-150	414
MDB3997445.1	QIZ21109.1	71.884	345	96	1	1	344	1	345	0.0	529
MDB3997446.1	QIZ21108.1	64.912	171	56	3	1	170	1	168	3.03e-79	228
MDB3997447.1	QIZ21107.1	87.595	395	49	0	1	395	1	395	0.0	716
MDB3997448.1	QIZ21106.1	69.268	205	63	0	1	205	1	205	3.22e-101	287
MDB3997449.1	QIZ21105.1	92.763	152	11	0	1	152	1	152	1.82e-94	266
MDB3997450.1	QIZ21104.1	91.270	126	11	0	1	126	1	126	3.17e-81	230
MDB3997451.1	QIZ21103.1	86.053	380	53	0	1	380	1	380	0.0	674
MDB3997452.1	QIZ21102.1	95.122	41	2	0	1	41	161	201	8.30e-21	75.5
MDB3997455.1	QIZ20734.1	70.760	171	35	1	3	173	25	180	3.92e-84	241
MDB3997457.1	QIZ20733.1	54.483	290	132	0	1	290	1	290	3.30e-109	314
MDB3997464.1	QIZ21481.1	83.264	239	40	0	1	239	104	342	1.87e-146	408
MDB3997465.1	QIZ21483.1	91.473	387	33	0	1	387	1	387	0.0	734
MDB3997466.1	QIZ21484.1	86.312	263	36	0	1	263	1	263	4.01e-173	474
MDB3997467.1	QIZ21485.1	95.187	561	27	0	1	561	1	561	0.0	1093
MDB3997468.1	QIZ21486.1	95.455	418	19	0	1	418	1	418	0.0	828
MDB3997469.1	QIZ21487.1	93.182	88	6	0	1	88	1	88	5.67e-62	178
MDB3997470.1	QIZ21488.1	91.082	998	89	0	1	998	1	998	0.0	1920
MDB3997471.1	QIZ21489.1	61.538	195	75	0	1	195	1	195	2.71e-90	258
MDB3997472.1	QIZ21490.1	76.950	282	65	0	1	282	1	282	8.46e-159	439
MDB3997474.1	QIZ21492.1	61.111	144	56	0	1	144	1	144	4.91e-61	181
MDB3997475.1	QIZ21369.1	59.211	76	31	0	1	76	261	336	1.09e-24	89.7
MDB3997476.1	QIZ21376.1	71.924	317	89	0	20	336	148	464	2.56e-175	490
MDB3997477.1	QIZ21377.1	65.044	226	79	0	11	236	22	247	1.29e-100	291
MDB3997478.1	QIZ21376.1	81.169	154	29	0	1	154	1	154	1.57e-82	246
MDB3997479.1	QIZ21375.1	47.753	356	185	1	1	355	1	356	1.28e-118	343
MDB3997480.1	QIZ21374.1	69.067	375	114	2	1	374	1	374	5.89e-169	472
MDB3997481.1	QIZ21373.1	55.972	427	180	5	8	430	8	430	2.79e-149	427
MDB3997483.1	QIZ21372.1	57.627	944	397	1	1	944	1	941	0.0	1016
MDB3997484.1	QIZ21371.1	63.445	476	172	2	1	475	85	559	0.0	613
MDB3997485.1	QIZ21298.1	75.385	130	26	2	1	128	95	220	3.69e-53	163
MDB3997486.1	QIZ21297.1	81.081	185	35	0	1	185	1	185	1.73e-112	314
MDB3997487.1	QIZ21296.1	88.515	357	41	0	1	357	1	357	0.0	660
MDB3997488.1	QIZ21295.1	80.769	260	48	2	1	259	1	259	3.10e-151	418
MDB3997489.1	QIZ21294.1	94.272	419	24	0	1	419	1	419	0.0	786
MDB3997490.1	QIZ21293.1	88.166	169	20	0	1	169	1	169	4.31e-107	299
MDB3997491.1	QIZ21292.1	76.027	146	35	0	8	153	3	148	2.00e-82	235
MDB3997492.1	QIZ21291.1	70.742	229	67	0	1	229	1	229	1.93e-121	342
MDB3997493.1	QIZ21291.1	97.674	43	1	0	1	43	232	274	2.21e-26	91.7
MDB3997494.1	QIZ21290.1	86.709	158	21	0	1	158	1	158	1.12e-99	279
MDB3997495.1	QIZ21289.1	63.033	422	156	0	1	422	1	422	0.0	555
MDB3997496.1	QIZ21288.1	54.878	82	37	0	1	82	200	281	1.65e-25	91.3
MDB3997497.1	QIZ21295.1	84.091	220	35	0	1	220	40	259	3.96e-135	375
MDB3997498.1	QIZ21296.1	88.515	357	41	0	1	357	1	357	0.0	660
MDB3997499.1	QIZ21297.1	81.081	185	35	0	1	185	1	185	1.73e-112	314
MDB3997500.1	QIZ21298.1	75.385	130	26	2	1	128	95	220	3.69e-53	163
MDB3997501.1	QIZ21410.1	88.298	94	11	0	1	94	1	94	8.99e-58	178
MDB3997502.1	QIZ21409.1	68.817	372	116	0	3	374	2	373	1.30e-179	499
MDB3997503.1	QIZ21408.1	66.361	654	200	3	1	634	1	654	0.0	919
MDB3997504.1	QIZ21407.1	49.375	160	81	0	1	160	1	160	3.60e-42	135
MDB3997505.1	QIZ21406.1	43.509	285	151	3	1	276	1	284	3.72e-74	228
MDB3997506.1	QIZ21405.1	90.828	338	31	0	7	344	8	345	0.0	628
MDB3997507.1	QIZ21404.1	83.556	523	83	2	1	523	1	520	0.0	907
MDB3997508.1	QIZ20556.1	37.712	236	134	4	318	549	40	266	1.49e-43	154
MDB3997508.1	QIZ20556.1	28.475	295	186	5	19	300	41	323	4.62e-30	116
MDB3997511.1	QIZ21155.1	78.571	168	36	0	1	168	1	168	3.71e-98	282
MDB3997512.1	QIZ21154.1	81.843	369	67	0	1	369	1	369	0.0	628
MDB3997513.1	QIZ21153.1	67.829	258	83	0	1	258	1	258	2.26e-138	385
MDB3997514.1	QIZ21152.1	76.909	537	124	0	1	537	1	537	0.0	896
MDB3997515.1	QIZ21151.1	82.624	587	102	0	1	587	1	587	0.0	1034
MDB3997516.1	QIZ21150.1	94.293	368	21	0	1	368	1	368	0.0	692
MDB3997517.1	QIZ21149.1	86.070	201	28	0	1	201	9	209	4.63e-130	360
MDB3997518.1	QIZ21148.1	89.607	433	45	0	1	433	35	467	0.0	811
MDB3997519.1	QIZ20700.1	84.574	188	29	0	1	188	765	952	2.87e-117	350
MDB3997520.1	QIZ20699.1	71.014	414	120	0	1	414	1	414	0.0	608
MDB3997522.1	QIZ20698.1	72.959	392	106	0	1	392	1	392	0.0	591
MDB3997523.1	QIZ20697.1	64.835	182	64	0	1	182	1	182	1.29e-85	246
MDB3997524.1	QIZ20696.1	58.537	246	102	0	3	248	4	249	9.40e-105	300
MDB3997525.1	QIZ20695.1	71.875	128	36	0	1	128	28	155	1.03e-49	151
MDB3997526.1	QIZ20694.1	92.916	367	26	0	1	367	1	367	0.0	699
MDB3997527.1	QIZ20692.1	65.833	480	163	1	4	482	12	491	0.0	671
MDB3997528.1	QIZ21093.1	90.164	61	6	0	1	61	221	281	6.71e-35	114
MDB3997532.1	QIZ21094.1	77.011	348	78	1	1	346	1	348	0.0	568
MDB3997533.1	QIZ21095.1	81.163	361	67	1	1	360	2	362	0.0	598
MDB3997534.1	QIZ21096.1	87.712	236	29	0	1	236	1	236	3.41e-158	434
MDB3997535.1	QIZ21097.1	90.101	495	49	0	1	495	1	495	0.0	910
MDB3997536.1	QIZ21099.1	97.500	40	1	0	1	40	1	40	2.97e-23	77.4
MDB3997537.1	QIZ21100.1	89.130	138	15	0	1	138	1	138	1.70e-86	244
MDB3997538.1	QIZ21101.1	92.887	239	17	0	1	239	1	239	9.17e-170	463
MDB3997539.1	QIZ21069.1	82.258	62	11	0	1	62	1	62	9.29e-35	108
MDB3997541.1	QIZ21102.1	98.925	93	1	0	1	93	1	93	4.46e-60	177
MDB3997551.1	QIZ21531.1	82.069	145	26	0	1	145	1	145	5.98e-84	246
MDB3997552.1	QIZ21531.1	85.714	98	14	0	1	98	255	352	4.48e-58	177
MDB3997553.1	QIZ21532.1	54.460	213	96	1	1	212	1	213	2.15e-76	226
MDB3997554.1	QIZ21533.1	60.194	103	41	0	1	103	1	103	3.68e-41	127
MDB3997555.1	QIZ21536.1	77.434	226	51	0	1	226	1	226	1.61e-133	370
MDB3997557.1	QIZ20215.1	82.069	145	26	0	1	145	1	145	5.69e-89	251
MDB3997558.1	QIZ21430.1	57.841	389	162	1	2	390	1	387	1.54e-151	429
MDB3997560.1	QIZ20432.1	84.974	386	58	0	1	386	153	538	0.0	680
MDB3997561.1	QIZ20431.1	90.146	274	27	0	1	274	1	274	2.94e-180	493
MDB3997562.1	QIZ20430.1	82.494	417	73	0	1	417	1	417	0.0	691
MDB3997563.1	QIZ20974.1	94.604	278	15	0	1	278	735	1012	0.0	563
MDB3997564.1	QIZ20973.1	69.838	431	112	3	1	421	1	423	0.0	616
MDB3997565.1	QIZ20972.1	75.593	295	72	0	1	295	1	295	4.88e-162	448
MDB3997566.1	QIZ20971.1	64.583	240	84	1	1	239	1	240	3.35e-111	316
MDB3997567.1	QIZ20970.1	91.971	137	11	0	1	137	1	137	9.83e-95	277
MDB3997568.1	QIZ21397.1	92.547	161	12	0	1	161	129	289	2.29e-108	306
MDB3997569.1	QIZ21398.1	83.607	61	10	0	1	61	1	61	8.19e-34	105
MDB3997570.1	QIZ21399.1	78.077	260	55	2	1	259	1	259	1.18e-140	399
MDB3997571.1	QIZ21399.1	68.675	83	25	1	6	88	390	471	1.62e-30	107
MDB3997572.1	QIZ21400.1	60.201	299	119	0	1	299	1	299	1.84e-113	326
MDB3997573.1	QIZ21401.1	93.039	431	30	0	1	431	1	431	0.0	799
MDB3997574.1	QIZ21388.1	89.841	315	32	0	1	315	1	315	0.0	600
MDB3997575.1	QIZ21395.1	95.620	274	12	0	1	274	1	274	0.0	531
MDB3997576.1	QIZ21396.1	91.281	367	31	1	1	367	1	366	0.0	645
MDB3997577.1	QIZ21397.1	83.607	61	10	0	1	61	1	61	7.55e-27	94.0
MDB3997578.1	QIZ21159.1	87.281	228	29	0	1	228	27	254	1.46e-155	427
MDB3997579.1	QIZ21158.1	91.201	591	51	1	1	591	1	590	0.0	1140
MDB3997580.1	QIZ21157.1	60.185	108	43	0	1	108	1	108	2.87e-37	117
MDB3997581.1	QIZ21156.1	70.079	127	38	0	1	127	1	127	3.55e-64	187
MDB3997582.1	QIZ21155.1	70.526	95	28	0	1	95	237	331	1.70e-44	142
MDB3997583.1	QIZ21401.1	92.222	90	7	0	1	90	499	588	4.55e-57	180
MDB3997584.1	QIZ21402.1	88.462	182	21	0	1	182	1	182	1.17e-118	329
MDB3997585.1	QIZ21403.1	85.294	340	49	1	1	340	1	339	0.0	609
MDB3997587.1	QIZ21539.1	55.556	162	72	0	1	162	6	167	1.82e-52	160
MDB3997588.1	QIZ21540.1	60.000	65	26	0	15	79	7	71	1.38e-22	80.9
MDB3997590.1	QIZ20544.1	59.763	169	66	1	1	169	1	167	6.42e-72	210
MDB3997591.1	QIZ21540.1	57.447	141	60	0	15	155	7	147	6.67e-62	183
MDB3997592.1	QIZ21539.1	55.556	162	72	0	1	162	6	167	1.82e-52	160
MDB3997593.1	QIZ21234.1	71.545	615	93	4	1	535	1	613	0.0	804
MDB3997594.1	QIZ21233.1	95.349	430	20	0	1	430	1	430	0.0	845
MDB3997595.1	QIZ20516.1	94.570	221	12	0	1	221	1	221	2.47e-140	392
MDB3997596.1	QIZ20517.1	74.138	116	30	0	1	116	1	116	1.23e-63	185
MDB3997597.1	QIZ20518.1	96.415	530	19	0	1	530	90	619	0.0	1085
MDB3997598.1	QIZ21002.1	77.457	173	39	0	60	232	24	196	4.12e-103	293
MDB3997599.1	QIZ21001.1	65.734	143	49	0	4	146	6	148	1.72e-70	204
MDB3997600.1	QIZ21000.1	65.600	250	86	0	1	250	1	250	1.49e-120	340
MDB3997601.1	QIZ20999.1	77.931	145	32	0	1	145	1	145	1.93e-83	237
MDB3997602.1	QIZ20998.1	68.675	166	50	1	1	164	236	401	6.14e-78	233
