MDC6468413.1	QIZ20181.1	98.261	230	4	0	1	230	1	230	7.62e-165	450
MDC6468414.1	QIZ20182.1	99.107	224	2	0	1	224	1	224	1.86e-161	441
MDC6468416.1	QIZ20183.1	95.349	129	6	0	1	129	1	129	1.11e-84	239
MDC6468417.1	QIZ20184.1	92.903	310	22	0	1	310	1	310	0.0	563
MDC6468418.1	QIZ20185.1	76.685	356	83	0	3	358	2	357	1.05e-178	496
MDC6468419.1	QIZ20187.1	99.387	326	2	0	1	326	1	326	0.0	657
MDC6468420.1	QIZ20188.1	98.077	156	3	0	1	156	1	156	1.08e-108	302
MDC6468421.1	QIZ20189.1	99.000	500	5	0	1	500	1	500	0.0	977
MDC6468422.1	QIZ20190.1	95.556	360	16	0	1	360	1	360	0.0	704
MDC6468423.1	QIZ20191.1	88.587	184	21	0	1	184	1	184	6.94e-124	342
MDC6468424.1	QIZ20192.1	96.319	163	6	0	1	163	5	167	4.11e-114	316
MDC6468425.1	QIZ20195.1	88.462	260	30	0	1	260	1	260	5.04e-174	476
MDC6468426.1	QIZ20196.1	93.970	199	12	0	1	199	1	199	6.18e-144	394
MDC6468427.1	QIZ20197.1	97.578	289	7	0	1	289	1	289	0.0	582
MDC6468428.1	QIZ20198.1	98.507	402	6	0	1	402	1	402	0.0	771
MDC6468429.1	QIZ20199.1	90.286	175	14	1	1	172	1	175	6.19e-111	309
MDC6468430.1	QIZ20204.1	58.750	320	132	0	1	320	1	320	7.65e-144	405
MDC6468431.1	QIZ20205.1	47.710	262	136	1	1	261	16	277	1.78e-58	183
MDC6468432.1	QIZ20208.1	84.848	132	20	0	1	132	1	132	9.92e-76	216
MDC6468433.1	QIZ20210.1	98.321	536	9	0	10	545	1	536	0.0	1044
MDC6468434.1	QIZ20211.1	94.845	97	5	0	1	97	1	97	1.33e-64	186
MDC6468435.1	QIZ20212.1	96.296	162	6	0	1	162	1	162	8.72e-118	325
MDC6468436.1	QIZ20214.1	94.558	294	16	0	1	294	1	294	0.0	503
MDC6468457.1	QIZ21330.1	59.324	799	259	16	1	748	15	798	0.0	885
MDC6468458.1	QIZ21331.1	61.435	223	85	1	1	222	3	225	2.21e-80	236
MDC6468459.1	QIZ21332.1	52.252	111	49	2	33	142	58	165	3.08e-33	110
MDC6468460.1	QIZ21333.1	64.299	521	174	7	1	512	1	518	0.0	638
MDC6468461.1	QIZ21334.1	81.709	585	104	1	1	585	1	582	0.0	996
MDC6468462.1	QIZ21335.1	77.017	409	94	0	1	409	1	409	0.0	587
MDC6468463.1	QIZ21336.1	61.194	134	52	0	4	137	9	142	8.94e-57	169
MDC6468464.1	QIZ21337.1	77.778	99	22	0	1	99	1	99	3.29e-53	157
MDC6468465.1	QIZ21340.1	60.150	133	46	4	5	131	26	157	3.28e-46	143
MDC6468469.1	QIZ21357.1	52.270	771	328	13	1	746	1	756	0.0	723
MDC6468470.1	QIZ21343.1	30.952	252	154	5	438	673	496	743	9.40e-32	127
MDC6468472.1	QIZ21346.1	68.785	724	199	10	1	706	1	715	0.0	988
MDC6468473.1	QIZ21346.1	27.835	388	233	12	356	732	307	658	6.77e-33	130
MDC6468475.1	QIZ21537.1	66.242	314	103	2	1	312	1	313	3.05e-139	392
MDC6468477.1	QIZ21317.1	93.610	313	20	0	1	313	1	313	0.0	612
MDC6468478.1	QIZ21318.1	61.538	312	119	1	1	311	1	312	7.20e-143	401
MDC6468479.1	QIZ21319.1	86.758	219	29	0	1	219	1	219	1.81e-145	400
MDC6468480.1	QIZ21358.1	94.017	351	21	0	1	351	1	351	0.0	659
MDC6468481.1	QIZ21359.1	96.648	1074	36	0	1	1074	1	1074	0.0	2133
MDC6468482.1	QIZ21360.1	91.429	385	33	0	1	385	1	385	0.0	726
MDC6468483.1	QIZ21361.1	88.889	153	17	0	1	153	1	153	6.86e-88	249
MDC6468484.1	QIZ21362.1	87.648	591	73	0	1	591	1	591	0.0	1045
MDC6468485.1	QIZ21363.1	96.211	607	22	1	1	606	1	607	0.0	1185
MDC6468486.1	QIZ21364.1	80.597	67	13	0	1	67	131	197	1.74e-34	111
MDC6468487.1	QIZ20282.1	97.368	304	8	0	2	305	123	426	0.0	591
MDC6468488.1	QIZ20283.1	79.343	213	44	0	1	213	1	213	1.35e-130	362
MDC6468489.1	QIZ20284.1	98.425	127	2	0	1	127	1	127	2.75e-90	253
MDC6468490.1	QIZ20285.1	82.468	154	23	1	1	154	1	150	3.93e-77	222
MDC6468491.1	QIZ20286.1	96.491	342	12	0	1	342	1	342	0.0	669
MDC6468492.1	QIZ20287.1	92.414	145	11	0	1	145	1	145	8.81e-97	271
MDC6468493.1	QIZ20288.1	94.502	291	16	0	1	291	14	304	0.0	558
MDC6468494.1	QIZ20289.1	74.757	206	52	0	1	206	1	206	1.69e-114	320
MDC6468495.1	QIZ20290.1	93.448	290	19	0	1	290	1	290	0.0	550
MDC6468496.1	QIZ20290.1	95.833	168	7	0	5	172	289	456	2.37e-112	323
MDC6468497.1	QIZ20292.1	90.625	96	9	0	1	96	1	96	2.25e-48	150
MDC6468498.1	QIZ20292.1	81.143	175	33	0	1	175	97	271	1.05e-102	292
MDC6468499.1	QIZ20293.1	82.135	431	77	0	1	431	1	431	0.0	692
MDC6468500.1	QIZ20294.1	87.582	153	19	0	1	153	1	153	1.26e-97	273
MDC6468502.1	QIZ20296.1	96.136	854	31	1	1	854	1	852	0.0	1615
MDC6468503.1	QIZ20297.1	93.717	191	12	0	1	191	1	191	5.72e-122	338
MDC6468504.1	QIZ20742.1	25.369	406	278	10	28	423	25	415	4.30e-35	130
MDC6468505.1	QIZ20298.1	97.764	313	7	0	1	313	1	313	0.0	634
MDC6468506.1	QIZ20299.1	98.013	151	3	0	1	151	1	151	4.96e-105	292
MDC6468507.1	QIZ20300.1	92.632	95	7	0	1	95	1	95	8.40e-60	173
MDC6468508.1	QIZ20301.1	96.907	485	15	0	1	485	1	485	0.0	966
MDC6468509.1	QIZ20302.1	97.556	491	12	0	1	491	1	491	0.0	985
MDC6468510.1	QIZ20303.1	94.907	216	11	0	1	216	1	216	1.69e-152	417
MDC6468511.1	QIZ20304.1	90.365	301	29	0	1	301	1	301	0.0	557
MDC6468512.1	QIZ20305.1	90.789	456	42	0	1	456	1	456	0.0	832
MDC6468513.1	QIZ20306.1	89.441	161	17	0	1	161	1	161	9.09e-108	300
MDC6468514.1	QIZ21069.1	83.871	62	10	0	1	62	1	62	2.76e-36	112
MDC6468517.1	QIZ20310.1	93.258	89	6	0	1	89	1	89	6.08e-59	171
MDC6468518.1	QIZ20311.1	94.715	246	13	0	1	246	1	246	5.57e-141	391
MDC6468519.1	QIZ20312.1	94.118	255	15	0	1	255	1	255	5.22e-172	470
MDC6468520.1	QIZ20313.1	86.631	187	25	0	1	187	1	187	1.18e-118	330
MDC6468521.1	QIZ20314.1	88.723	1002	113	0	1	1002	1	1002	0.0	1909
MDC6468522.1	QIZ20315.1	92.222	90	7	0	1	90	1	90	1.03e-64	186
MDC6468523.1	QIZ20317.1	89.671	426	44	0	6	431	311	736	0.0	800
MDC6468524.1	QIZ20317.1	78.914	313	65	1	1	313	1	312	9.38e-180	510
MDC6468525.1	QIZ20318.1	86.122	245	34	0	1	245	1	245	4.40e-160	441
MDC6468526.1	QIZ21038.1	58.599	157	64	1	3	159	7	162	7.19e-60	179
MDC6468527.1	QIZ21039.1	59.908	217	86	1	1	217	1	216	1.34e-88	256
MDC6468528.1	QIZ21040.1	40.331	181	106	1	1	181	1	179	1.68e-42	136
MDC6468529.1	QIZ21041.1	34.770	348	186	9	1	326	1	329	5.88e-38	133
MDC6468530.1	QIZ21042.1	57.647	170	62	4	4	170	8	170	1.36e-61	184
MDC6468531.1	QIZ21043.1	69.258	849	252	5	1	845	1	844	0.0	1208
MDC6468533.1	QIZ21045.1	55.287	331	148	0	1	331	1	331	1.81e-124	356
MDC6468534.1	QIZ21046.1	87.589	282	35	0	1	282	1	282	7.70e-180	492
MDC6468535.1	QIZ21047.1	86.364	264	36	0	1	264	1	264	3.51e-172	471
MDC6468536.1	QIZ21048.1	80.282	213	42	0	1	213	1	213	9.17e-125	347
MDC6468537.1	QIZ21049.1	91.814	623	51	0	1	623	1	623	0.0	1170
MDC6468538.1	QIZ21050.1	82.619	443	77	0	1	443	1	443	0.0	743
MDC6468540.1	QIZ21052.1	97.867	422	9	0	1	422	1	422	0.0	837
MDC6468543.1	QIZ21055.1	87.988	333	40	0	1	333	1	333	0.0	609
MDC6468544.1	QIZ21056.1	90.476	273	26	0	1	273	1	273	0.0	510
MDC6468545.1	QIZ21057.1	76.440	191	45	0	1	191	1	191	2.22e-103	291
MDC6468546.1	QIZ21058.1	61.069	262	102	0	2	263	3	264	6.45e-115	326
MDC6468547.1	QIZ21059.1	62.712	177	66	0	1	177	1	177	1.92e-69	205
MDC6468548.1	QIZ21060.1	85.650	223	32	0	1	223	1	223	3.42e-145	400
MDC6468549.1	QIZ21061.1	83.571	140	23	0	1	140	1	140	5.53e-87	246
MDC6468550.1	QIZ21062.1	90.647	139	13	0	1	139	1	139	2.12e-81	231
MDC6468551.1	QIZ21063.1	85.279	197	29	0	1	197	1	197	8.42e-123	341
MDC6468552.1	QIZ21064.1	78.488	172	37	0	1	172	1	172	1.67e-85	244
MDC6468554.1	QIZ21065.1	96.264	455	17	0	1	455	1	455	0.0	877
MDC6468555.1	QIZ21066.1	97.661	171	4	0	1	171	1	171	9.81e-121	333
MDC6468556.1	QIZ21067.1	95.918	196	8	0	1	196	1	196	7.07e-143	392
MDC6468557.1	QIZ21068.1	87.981	208	25	0	1	208	1	208	8.54e-135	372
MDC6468558.1	QIZ21070.1	87.917	240	28	1	1	240	1	239	4.42e-156	429
MDC6468559.1	QIZ21071.1	84.462	251	39	0	1	251	1	251	9.48e-157	431
MDC6468561.1	QIZ21164.1	96.018	904	36	0	1	904	1	904	0.0	1811
MDC6468562.1	QIZ21163.1	98.282	291	5	0	1	291	1	291	0.0	578
MDC6468563.1	QIZ21162.1	96.632	386	13	0	1	386	1	386	0.0	746
MDC6468564.1	QIZ21161.1	95.298	319	15	0	3	321	2	320	0.0	611
MDC6468566.1	QIZ20487.1	38.074	457	260	7	1	451	1	440	3.30e-95	290
MDC6468568.1	QIZ20489.1	28.012	332	228	6	41	363	9	338	6.10e-37	133
MDC6468569.1	QIZ21483.1	29.948	384	252	6	12	389	8	380	2.32e-49	167
MDC6468570.1	QIZ21160.1	60.161	497	196	2	1	496	1	496	0.0	639
MDC6468572.1	QIZ21159.1	93.385	257	17	0	1	257	1	257	0.0	500
MDC6468573.1	QIZ21158.1	98.136	590	11	0	1	590	1	590	0.0	1217
MDC6468574.1	QIZ21157.1	76.852	108	25	0	1	108	1	108	7.79e-52	154
MDC6468575.1	QIZ21156.1	81.890	127	23	0	1	127	1	127	9.16e-74	211
MDC6468576.1	QIZ21155.1	80.240	334	65	1	1	334	1	333	0.0	560
MDC6468577.1	QIZ21154.1	92.141	369	29	0	1	369	1	369	0.0	696
MDC6468578.1	QIZ21153.1	96.512	258	9	0	1	258	1	258	0.0	513
MDC6468579.1	QIZ21152.1	97.417	542	14	0	1	542	1	542	0.0	1103
MDC6468580.1	QIZ21151.1	97.785	587	13	0	1	587	1	587	0.0	1190
MDC6468581.1	QIZ21150.1	95.109	368	18	0	1	368	1	368	0.0	699
MDC6468582.1	QIZ21149.1	95.522	201	9	0	1	201	9	209	2.06e-141	389
MDC6468583.1	QIZ21148.1	98.287	467	8	0	1	467	1	467	0.0	953
MDC6468584.1	QIZ21147.1	90.805	174	14	1	1	172	1	174	2.26e-113	315
MDC6468585.1	QIZ21146.1	98.190	221	4	0	1	221	8	228	1.60e-161	441
MDC6468586.1	QIZ21294.1	98.568	419	6	0	1	419	1	419	0.0	835
MDC6468587.1	QIZ21293.1	97.041	169	5	0	1	169	1	169	1.10e-125	346
MDC6468588.1	QIZ21292.1	97.386	153	4	0	1	153	1	153	2.56e-111	308
MDC6468589.1	QIZ21291.1	91.273	275	24	0	1	275	1	275	0.0	523
MDC6468590.1	QIZ21290.1	95.570	158	7	0	1	158	1	158	3.36e-108	301
MDC6468591.1	QIZ21289.1	93.396	424	28	0	1	424	1	424	0.0	794
MDC6468592.1	QIZ21288.1	90.391	281	27	0	1	281	1	281	1.93e-172	473
MDC6468593.1	QIZ21287.1	72.395	547	151	0	15	561	15	561	0.0	789
MDC6468594.1	QIZ21286.1	80.658	243	47	0	1	243	1	243	2.69e-134	374
MDC6468595.1	QIZ21285.1	87.634	186	23	0	1	186	1	186	8.21e-117	325
MDC6468596.1	QIZ21284.1	94.944	356	18	0	1	356	1	356	0.0	701
MDC6468597.1	QIZ21283.1	73.629	383	101	0	1	383	1	383	0.0	572
MDC6468598.1	QIZ21282.1	79.630	324	66	0	1	324	1	324	0.0	528
MDC6468599.1	QIZ21281.1	90.741	162	15	0	1	162	1	162	9.26e-100	280
MDC6468600.1	QIZ21280.1	76.020	196	47	0	1	196	1	196	1.83e-107	302
MDC6468601.1	QIZ21279.1	93.349	857	57	0	1	857	1	857	0.0	1606
MDC6468602.1	QIZ21278.1	89.011	91	10	0	1	91	1	91	7.45e-57	166
MDC6468603.1	QIZ21277.1	96.721	244	8	0	1	244	1	244	5.51e-173	471
MDC6468604.1	QIZ21276.1	100.000	75	0	0	1	75	1	75	1.79e-46	138
MDC6468605.1	QIZ21275.1	80.899	178	34	0	19	196	2	179	4.35e-103	290
MDC6468606.1	QIZ21274.1	85.119	168	25	0	9	176	1	168	1.34e-98	278
MDC6468607.1	QIZ21273.1	87.423	485	61	0	1	485	1	485	0.0	884
MDC6468608.1	QIZ21272.1	89.399	283	30	0	1	283	1	283	2.46e-176	483
MDC6468609.1	QIZ21271.1	90.730	356	32	1	1	356	1	355	0.0	640
MDC6468610.1	QIZ21270.1	89.547	287	30	0	1	287	25	311	0.0	506
MDC6468611.1	QIZ21269.1	92.038	314	25	0	1	314	1	314	0.0	600
MDC6468612.1	QIZ21268.1	91.304	322	28	0	1	322	1	322	0.0	595
MDC6468613.1	QIZ21267.1	95.745	141	6	0	1	141	1	141	1.33e-96	270
MDC6468614.1	QIZ21266.1	90.062	161	16	0	1	161	1	161	1.56e-111	309
MDC6468615.1	QIZ21265.1	78.636	220	47	0	1	220	239	458	5.67e-127	362
MDC6468617.1	QIZ20884.1	80.707	311	60	0	13	323	13	323	1.98e-178	492
MDC6468618.1	QIZ20883.1	86.700	203	27	0	1	203	1	203	1.21e-132	366
MDC6468619.1	QIZ20882.1	91.615	322	27	0	1	322	1	322	0.0	613
MDC6468620.1	QIZ20881.1	87.349	166	21	0	1	166	1	166	3.31e-110	306
MDC6468621.1	QIZ20880.1	92.222	270	21	0	1	270	1	270	1.22e-165	455
MDC6468622.1	QIZ20879.1	88.402	388	45	0	1	388	1	388	0.0	675
MDC6468623.1	QIZ20878.1	85.761	309	44	0	1	309	1	309	0.0	547
MDC6468624.1	QIZ20877.1	88.268	179	21	0	1	179	11	189	1.76e-116	324
MDC6468625.1	QIZ20876.1	75.918	245	59	0	1	245	1	245	1.74e-128	359
MDC6468626.1	QIZ20875.1	87.681	276	34	0	1	276	1	276	0.0	504
MDC6468627.1	QIZ20874.1	83.725	553	90	0	1	553	1	553	0.0	908
MDC6468628.1	QIZ20873.1	91.429	105	9	0	7	111	1	105	1.02e-66	192
MDC6468629.1	QIZ20872.1	95.567	203	9	0	1	203	1	203	1.26e-144	397
MDC6468630.1	QIZ20871.1	88.493	730	76	1	1	722	4	733	0.0	1348
MDC6468631.1	QIZ20870.1	87.228	368	47	0	1	368	1	368	0.0	662
MDC6468632.1	QIZ20869.1	88.561	848	97	0	1	848	1	848	0.0	1551
MDC6468633.1	QIZ20868.1	78.111	434	94	1	1	434	1	433	0.0	696
MDC6468634.1	QIZ20867.1	64.336	143	50	1	1	142	1	143	9.93e-59	174
MDC6468635.1	QIZ20866.1	81.250	240	45	0	1	240	1	240	1.56e-145	402
MDC6468636.1	QIZ20865.1	87.345	403	51	0	1	403	1	403	0.0	720
MDC6468637.1	QIZ20864.1	95.082	366	18	0	1	366	1	366	0.0	711
MDC6468638.1	QIZ20863.1	93.557	357	23	0	1	357	1	357	0.0	653
MDC6468639.1	QIZ20862.1	83.571	280	46	0	1	280	1	280	8.01e-169	464
MDC6468640.1	QIZ20861.1	77.778	144	29	2	1	142	1	143	4.62e-69	202
MDC6468641.1	QIZ20860.1	81.381	333	62	0	1	333	100	432	0.0	571
MDC6468642.1	QIZ20677.1	83.206	131	22	0	18	148	20	150	1.36e-46	147
MDC6468643.1	QIZ20676.1	95.652	161	7	0	1	161	1	161	1.91e-99	279
MDC6468644.1	QIZ20675.1	94.118	68	4	0	1	68	1	68	2.16e-43	130
MDC6468645.1	QIZ20674.1	95.165	393	19	0	1	393	1	393	0.0	771
MDC6468646.1	QIZ20673.1	89.838	433	44	0	1	433	1	433	0.0	773
MDC6468647.1	QIZ20672.1	95.105	286	14	0	1	286	1	286	0.0	550
MDC6468648.1	QIZ20671.1	89.644	309	32	0	1	309	1	309	0.0	567
MDC6468649.1	QIZ20670.1	95.592	431	19	0	1	431	1	431	0.0	852
MDC6468650.1	QIZ20669.1	96.755	493	16	0	1	493	1	493	0.0	974
MDC6468651.1	QIZ20668.1	81.768	181	33	0	1	181	1	181	4.58e-98	277
MDC6468652.1	QIZ20667.1	88.161	794	94	0	1	794	1	794	0.0	1363
MDC6468653.1	QIZ20666.1	97.246	472	13	0	1	472	1	472	0.0	944
MDC6468654.1	QIZ20665.1	88.816	152	17	0	1	152	1	152	7.51e-87	246
MDC6468655.1	QIZ20664.1	90.000	70	7	0	22	91	1	70	6.90e-43	130
MDC6468656.1	QIZ20663.1	84.615	104	16	0	1	104	1	104	2.72e-62	182
MDC6468657.1	QIZ20662.1	84.516	310	48	0	1	310	1	310	0.0	517
MDC6468658.1	QIZ20661.1	92.653	245	18	0	1	245	3	247	1.34e-165	453
MDC6468659.1	QIZ20660.1	93.671	79	5	0	1	79	1	79	5.15e-47	140
MDC6468660.1	QIZ20659.1	89.524	210	22	0	1	210	1	210	8.39e-142	390
MDC6468661.1	QIZ20658.1	75.191	262	65	0	1	262	1	262	2.55e-147	408
MDC6468662.1	QIZ20657.1	65.409	318	109	1	5	322	4	320	3.03e-137	387
MDC6468663.1	QIZ20656.1	39.016	305	178	3	6	310	8	304	1.37e-58	186
MDC6468664.1	QIZ20655.1	38.594	811	475	9	1	792	1	807	0.0	543
MDC6468665.1	QIZ20654.1	44.523	283	156	1	2	284	76	357	1.07e-72	223
MDC6468666.1	QIZ20775.1	87.162	148	19	0	4	151	1	148	1.55e-90	255
MDC6468667.1	QIZ20774.1	75.691	181	44	0	1	181	1	181	1.79e-101	286
MDC6468668.1	QIZ20773.1	86.940	268	35	0	1	268	1	268	0.0	493
MDC6468669.1	QIZ20772.1	92.500	240	18	0	1	240	1	240	1.75e-167	457
MDC6468670.1	QIZ20771.1	88.415	164	19	0	1	164	1	164	1.96e-110	307
MDC6468671.1	QIZ20770.1	89.732	224	23	0	1	224	1	224	3.08e-151	415
MDC6468672.1	QIZ20769.1	99.275	138	1	0	1	138	1	138	3.11e-98	274
MDC6468673.1	QIZ20768.1	92.937	269	19	0	1	269	1	269	1.35e-156	432
MDC6468674.1	QIZ20767.1	94.896	431	22	0	16	446	16	446	0.0	850
MDC6468675.1	QIZ20766.1	88.750	160	17	1	1	160	1	159	1.68e-97	274
MDC6468676.1	QIZ20765.1	81.957	327	56	1	1	327	1	324	0.0	554
MDC6468677.1	QIZ20764.1	68.222	343	109	0	1	343	1	343	2.85e-171	476
MDC6468678.1	QIZ20763.1	97.134	628	18	0	1	628	1	628	0.0	1253
MDC6468679.1	QIZ20762.1	80.857	350	67	0	1	350	1	350	0.0	530
MDC6468680.1	QIZ20761.1	87.810	443	54	0	1	443	1	443	0.0	791
MDC6468681.1	QIZ20760.1	85.926	270	38	0	1	270	1	270	6.13e-169	464
MDC6468682.1	QIZ20759.1	96.512	430	15	0	1	430	1	430	0.0	851
MDC6468683.1	QIZ20758.1	96.928	293	9	0	5	297	1	293	0.0	585
MDC6468684.1	QIZ20757.1	91.411	326	28	0	1	326	1	326	0.0	588
MDC6468686.1	QIZ20756.1	78.065	310	68	0	1	310	1	310	5.52e-180	495
MDC6468687.1	QIZ20755.1	80.247	81	16	0	1	81	1	81	6.46e-39	120
MDC6468688.1	QIZ20754.1	82.414	290	51	0	1	290	1	290	4.88e-166	458
MDC6468689.1	QIZ20753.1	93.633	534	34	0	3	536	2	535	0.0	1041
MDC6468690.1	QIZ21378.1	82.007	289	52	0	1	289	16	304	2.97e-162	449
MDC6468691.1	QIZ21379.1	54.808	208	93	1	1	207	18	225	3.12e-68	204
MDC6468692.1	QIZ21380.1	60.705	369	145	0	1	369	1	369	2.41e-161	452
MDC6468693.1	QIZ21381.1	74.837	306	77	0	1	306	1	306	1.17e-167	463
MDC6468694.1	QIZ21382.1	57.724	246	104	0	19	264	19	264	2.52e-105	303
MDC6468695.1	QIZ21383.1	78.402	676	146	0	1	676	1	676	0.0	1082
MDC6468696.1	QIZ21384.1	75.532	564	138	0	1	564	1	564	0.0	860
MDC6468697.1	QIZ21385.1	92.183	678	53	0	1	678	1	678	0.0	1293
MDC6468698.1	QIZ21386.1	50.610	492	233	2	1	491	1	483	1.79e-147	426
MDC6468699.1	QIZ21387.1	93.074	462	32	0	1	462	1	462	0.0	871
MDC6468701.1	QIZ20743.1	79.110	292	61	0	1	292	3	294	4.97e-170	468
MDC6468702.1	QIZ20742.1	96.313	434	16	0	1	434	1	434	0.0	875
MDC6468703.1	QIZ20741.1	99.091	110	1	0	1	110	1	110	4.33e-72	206
MDC6468704.1	QIZ20740.1	98.415	631	10	0	1	631	1	631	0.0	1280
MDC6468705.1	QIZ20739.1	95.703	256	11	0	1	256	1	256	9.83e-177	482
MDC6468706.1	QIZ20738.1	96.226	106	4	0	1	106	1	106	2.17e-76	216
MDC6468707.1	QIZ20737.1	94.083	338	20	0	1	338	1	338	0.0	628
MDC6468708.1	QIZ20735.1	85.603	257	37	0	1	257	1	257	1.16e-145	404
MDC6468709.1	QIZ20734.1	92.381	105	8	0	1	105	76	180	1.39e-70	204
MDC6468710.1	QIZ21473.1	93.935	775	47	0	4	778	1	775	0.0	1533
MDC6468711.1	QIZ21474.1	98.089	314	6	0	1	314	1	314	0.0	637
MDC6468712.1	QIZ21475.1	86.301	146	20	0	1	146	1	146	8.50e-87	246
MDC6468713.1	QIZ21476.1	93.548	124	8	0	1	124	1	124	1.52e-83	236
MDC6468714.1	QIZ21477.1	95.349	172	8	0	2	173	12	183	7.20e-106	296
MDC6468715.1	QIZ21478.1	95.044	343	17	0	1	343	1	343	0.0	669
MDC6468716.1	QIZ21479.1	98.047	717	14	0	1	717	1	717	0.0	1417
MDC6468717.1	QIZ21009.1	86.179	123	17	0	1	123	1	123	4.82e-77	219
MDC6468718.1	QIZ21480.1	95.955	445	18	0	1	445	1	445	0.0	900
MDC6468719.1	QIZ21481.1	94.444	342	19	0	1	342	1	342	0.0	648
MDC6468720.1	QIZ21482.1	95.238	63	3	0	1	63	1	63	1.72e-39	120
MDC6468722.1	QIZ20203.1	29.724	434	298	6	11	441	6	435	3.39e-63	206
MDC6468724.1	QIZ20661.1	39.044	251	133	8	5	247	6	244	2.38e-41	137
MDC6468725.1	QIZ20491.1	28.922	408	285	4	33	435	70	477	3.29e-56	190
MDC6468726.1	QIZ21483.1	90.415	386	37	0	3	388	2	387	0.0	724
MDC6468727.1	QIZ21484.1	94.677	263	14	0	1	263	1	263	0.0	513
MDC6468728.1	QIZ21485.1	98.930	561	6	0	1	561	1	561	0.0	1140
MDC6468729.1	QIZ21486.1	98.759	403	5	0	1	403	1	403	0.0	833
MDC6468730.1	QIZ20968.1	82.377	244	43	0	1	244	1	244	1.40e-147	409
MDC6468731.1	QIZ20969.1	97.402	1501	39	0	1	1501	1	1501	0.0	3031
MDC6468732.1	QIZ20970.1	97.286	479	13	0	1	479	1	479	0.0	962
MDC6468733.1	QIZ20971.1	91.667	240	20	0	1	240	1	240	4.83e-153	422
MDC6468734.1	QIZ20972.1	95.932	295	12	0	1	295	1	295	0.0	564
MDC6468735.1	QIZ20973.1	89.835	423	43	0	1	423	1	423	0.0	769
MDC6468736.1	QIZ20974.1	95.059	1012	50	0	1	1012	1	1012	0.0	2021
MDC6468737.1	QIZ20975.1	88.101	395	47	0	1	395	1	395	0.0	730
MDC6468738.1	QIZ20976.1	91.489	141	12	0	1	141	1	141	4.71e-96	269
MDC6468739.1	QIZ20977.1	88.861	799	89	0	1	799	3	801	0.0	1464
MDC6468740.1	QIZ20978.1	69.718	142	42	1	1	142	1	141	4.58e-63	185
MDC6468741.1	QIZ20979.1	95.370	108	5	0	1	108	1	108	4.91e-73	208
MDC6468742.1	QIZ20980.1	80.268	299	53	2	1	293	6	304	8.01e-155	430
MDC6468743.1	QIZ20981.1	83.594	384	63	0	1	384	184	567	0.0	637
MDC6468744.1	QIZ20338.1	97.656	512	12	0	1	512	189	700	0.0	995
MDC6468745.1	QIZ20339.1	52.555	137	62	2	18	151	17	153	4.16e-43	136
MDC6468746.1	QIZ20340.1	64.583	144	51	0	12	155	12	155	2.37e-56	169
MDC6468747.1	QIZ20341.1	91.667	60	5	0	1	60	1	60	9.64e-39	117
MDC6468748.1	QIZ20342.1	87.087	333	43	0	1	333	1	333	0.0	586
MDC6468749.1	QIZ20343.1	82.828	99	17	0	1	99	1	99	4.62e-57	167
MDC6468750.1	QIZ20344.1	84.800	125	19	0	1	125	1	125	8.95e-72	206
MDC6468751.1	QIZ20345.1	100.000	63	0	0	1	63	1	63	4.14e-41	124
MDC6468752.1	QIZ20346.1	83.333	96	16	0	1	96	1	96	1.04e-51	153
MDC6468753.1	QIZ20347.1	84.226	336	53	0	1	336	1	336	0.0	541
MDC6468754.1	QIZ20348.1	97.511	442	11	0	1	442	1	442	0.0	892
MDC6468755.1	QIZ20349.1	90.196	153	15	0	1	153	1	153	2.65e-104	290
MDC6468756.1	QIZ20350.1	92.414	145	9	1	3	147	7	149	1.01e-97	273
MDC6468757.1	QIZ20351.1	85.588	340	49	0	33	372	1	340	0.0	598
MDC6468758.1	QIZ20352.1	54.795	73	33	0	1	73	1	73	1.02e-23	80.9
MDC6468759.1	QIZ20353.1	92.558	430	32	0	1	430	1	430	0.0	762
MDC6468760.1	QIZ20354.1	85.333	300	44	0	1	300	1	300	0.0	506
MDC6468761.1	QIZ20355.1	89.286	280	30	0	1	280	1	280	3.53e-177	485
MDC6468762.1	QIZ20356.1	93.478	92	6	0	1	92	4	95	1.05e-59	173
MDC6468763.1	QIZ20357.1	90.678	118	11	0	1	118	28	145	1.19e-80	229
MDC6468764.1	QIZ20359.1	60.568	317	112	2	1	317	1	304	2.19e-146	410
MDC6468765.1	QIZ20846.1	33.766	231	128	3	2	232	70	275	1.85e-24	96.3
MDC6468766.1	QIZ20924.1	97.619	126	3	0	1	126	303	428	6.44e-85	250
MDC6468767.1	QIZ20923.1	100.000	71	0	0	1	71	1	71	2.42e-50	147
MDC6468768.1	QIZ20922.1	71.092	467	131	3	1	465	1	465	0.0	648
MDC6468769.1	QIZ20921.1	47.429	350	179	3	1	349	1	346	3.78e-113	328
MDC6468770.1	QIZ20920.1	51.965	229	109	1	1	229	1	228	4.35e-79	233
MDC6468772.1	QIZ20908.1	54.585	229	97	3	1	222	1	229	4.51e-78	230
MDC6468773.1	QIZ20898.1	36.059	477	294	7	3	475	4	473	6.80e-100	303
MDC6468774.1	QIZ20897.1	59.813	107	40	2	1	105	1	106	2.93e-43	132
MDC6468775.1	QIZ20896.1	49.296	426	208	6	1	422	1	422	2.48e-143	411
MDC6468776.1	QIZ20895.1	85.065	308	46	0	1	308	1	308	0.0	567
MDC6468777.1	QIZ20894.1	91.667	264	22	0	1	264	1	264	2.22e-167	459
MDC6468778.1	QIZ20893.1	95.610	410	18	0	1	410	1	410	0.0	812
MDC6468779.1	QIZ20892.1	91.866	209	17	0	1	209	1	209	7.62e-140	385
MDC6468780.1	QIZ20891.1	90.830	229	21	0	1	229	2	230	7.82e-154	422
MDC6468781.1	QIZ20890.1	86.316	95	13	0	1	95	1	95	6.20e-57	166
MDC6468782.1	QIZ20889.1	64.793	338	116	2	1	338	242	576	3.05e-158	451
MDC6468783.1	QIZ20636.1	81.855	248	45	0	1	248	483	730	2.77e-138	401
MDC6468784.1	QIZ20635.1	84.108	409	65	0	1	409	1	409	0.0	686
MDC6468785.1	QIZ20634.1	63.467	375	136	1	1	374	1	375	0.0	503
MDC6468786.1	QIZ20633.1	94.495	218	12	0	1	218	1	218	1.29e-149	410
MDC6468787.1	QIZ20632.1	97.163	141	4	0	1	141	1	141	6.08e-100	278
MDC6468788.1	QIZ20631.1	99.167	480	4	0	1	480	1	480	0.0	991
MDC6468789.1	QIZ20630.1	93.827	243	15	0	1	243	1	243	5.15e-165	451
MDC6468790.1	QIZ20629.1	82.892	415	71	0	7	421	1	415	0.0	670
MDC6468791.1	QIZ20628.1	95.792	404	17	0	1	404	1	404	0.0	807
MDC6468792.1	QIZ20627.1	95.513	156	7	0	1	156	1	156	5.12e-113	313
MDC6468793.1	QIZ20626.1	98.980	98	1	0	1	98	1	98	4.33e-68	194
MDC6468794.1	QIZ20625.1	98.182	110	2	0	1	110	1	110	3.07e-77	219
MDC6468796.1	QIZ20624.1	98.504	468	7	0	1	468	1	468	0.0	960
MDC6468797.1	QIZ20623.1	85.535	159	23	0	1	159	1	159	7.77e-90	254
MDC6468798.1	QIZ20622.1	96.949	295	9	0	1	295	1	295	0.0	561
MDC6468799.1	QIZ20621.1	93.377	302	20	0	1	302	1	302	0.0	557
MDC6468800.1	QIZ20620.1	90.588	85	8	0	1	85	112	196	1.36e-53	160
MDC6468801.1	QIZ21259.1	98.713	544	7	0	1	544	1	544	0.0	1077
MDC6468802.1	QIZ21258.1	94.096	271	16	0	1	271	1	271	0.0	508
MDC6468803.1	QIZ21257.1	92.275	233	18	0	1	233	1	233	2.23e-156	429
MDC6468804.1	QIZ21256.1	94.091	220	13	0	1	220	1	220	3.66e-145	399
MDC6468805.1	QIZ21255.1	96.639	119	4	0	1	119	1	119	1.11e-82	233
MDC6468806.1	QIZ21254.1	92.405	79	6	0	1	79	1	79	7.06e-54	157
MDC6468808.1	QIZ21253.1	96.057	279	11	0	1	279	1	279	0.0	551
MDC6468809.1	QIZ21252.1	97.222	324	9	0	1	324	1	324	0.0	638
MDC6468810.1	QIZ21251.1	98.507	134	2	0	1	134	1	134	7.19e-99	275
MDC6468811.1	QIZ21250.1	76.224	286	68	0	1	286	1	286	1.32e-162	449
MDC6468812.1	QIZ21249.1	62.867	579	215	0	1	579	1	579	0.0	756
MDC6468813.1	QIZ21248.1	48.792	414	209	3	1	412	1	413	6.97e-125	363
MDC6468814.1	QIZ21247.1	48.693	306	152	2	1	304	1	303	2.26e-92	273
MDC6468815.1	QIZ21246.1	63.636	286	101	1	1	283	1	286	1.24e-128	363
MDC6468816.1	QIZ21245.1	74.194	62	16	0	1	62	1	62	1.10e-31	100
MDC6468817.1	QIZ21244.1	67.303	419	137	0	1	419	1	419	0.0	606
MDC6468818.1	QIZ21469.1	98.964	193	2	0	1	193	122	314	1.12e-144	400
MDC6468819.1	QIZ21468.1	97.887	284	6	0	1	284	1	284	0.0	570
MDC6468820.1	QIZ21467.1	99.156	474	4	0	1	474	1	474	0.0	975
MDC6468821.1	QIZ21466.1	97.744	133	3	0	1	133	1	133	1.19e-96	270
MDC6468822.1	QIZ21465.1	99.142	466	4	0	1	466	1	466	0.0	932
MDC6468823.1	QIZ21464.1	93.243	74	5	0	1	74	1	74	1.17e-48	144
MDC6468824.1	QIZ21463.1	95.578	294	13	0	1	294	1	294	0.0	563
MDC6468825.1	QIZ21462.1	99.119	227	2	0	1	227	1	227	1.24e-167	457
MDC6468826.1	QIZ21461.1	99.548	442	2	0	1	442	1	442	0.0	900
MDC6468827.1	QIZ21460.1	95.692	441	19	0	1	441	1	441	0.0	886
MDC6468828.1	QIZ21459.1	90.526	380	36	0	1	380	1	380	0.0	710
MDC6468829.1	QIZ21458.1	91.332	473	41	0	1	473	1	473	0.0	897
MDC6468830.1	QIZ21457.1	81.295	139	26	0	1	139	1	139	8.25e-85	240
MDC6468831.1	QIZ21456.1	75.000	348	87	0	1	348	1	348	0.0	511
MDC6468832.1	QIZ20510.1	73.846	65	17	0	1	65	1	65	1.65e-28	100
MDC6468835.1	QIZ20805.1	37.589	423	218	9	193	598	2	395	8.39e-83	261
MDC6468840.1	QIZ20511.1	97.976	593	12	0	1	593	1	593	0.0	1207
MDC6468841.1	QIZ20512.1	94.681	94	5	0	1	94	1	94	2.30e-61	177
MDC6468842.1	QIZ20513.1	95.103	388	19	0	1	388	1	388	0.0	775
MDC6468843.1	QIZ20514.1	62.674	359	130	2	1	356	1	358	4.70e-153	431
MDC6468844.1	QIZ20516.1	93.017	358	25	0	1	358	1	358	0.0	610
MDC6468845.1	QIZ20851.1	29.377	337	197	11	5	336	7	307	2.65e-26	102
MDC6468847.1	QIZ20517.1	93.966	116	7	0	1	116	1	116	2.55e-79	224
MDC6468848.1	QIZ20518.1	99.569	232	1	0	1	232	388	619	4.17e-173	486
MDC6468850.1	QIZ21401.1	29.573	585	358	13	4	562	8	564	8.33e-84	269
MDC6468851.1	QIZ20846.1	30.686	277	162	5	17	288	13	264	4.96e-31	115
MDC6468854.1	QIZ20249.1	92.623	244	18	0	1	244	1	244	3.18e-173	473
MDC6468855.1	QIZ20250.1	98.485	396	6	0	1	396	1	396	0.0	795
MDC6468856.1	QIZ20251.1	100.000	63	0	0	1	63	1	63	8.54e-41	123
MDC6468857.1	QIZ20252.1	97.727	176	4	0	1	176	1	176	2.49e-125	345
MDC6468858.1	QIZ20253.1	96.454	141	5	0	1	141	1	141	3.26e-98	274
MDC6468859.1	QIZ20254.1	86.026	229	32	0	1	229	1	229	1.41e-143	396
MDC6468860.1	QIZ20255.1	85.542	166	24	0	1	166	1	166	3.83e-107	299
MDC6468861.1	QIZ20256.1	95.868	121	5	0	1	121	1	121	2.77e-64	187
MDC6468862.1	QIZ20257.1	94.769	975	51	0	1	975	1	975	0.0	1899
MDC6468865.1	QIZ21088.1	93.838	357	22	0	1	357	1	357	0.0	691
MDC6468866.1	QIZ21089.1	88.274	307	36	0	1	307	1	307	0.0	550
MDC6468867.1	QIZ21090.1	87.500	232	29	0	1	232	1	232	1.28e-153	422
MDC6468868.1	QIZ21091.1	97.507	361	9	0	1	361	1	361	0.0	692
MDC6468869.1	QIZ21092.1	96.875	96	3	0	1	96	1	96	1.08e-62	181
MDC6468870.1	QIZ21093.1	96.441	281	10	0	1	281	1	281	0.0	544
MDC6468871.1	QIZ20958.1	38.415	164	89	4	28	189	32	185	4.92e-31	110
MDC6468872.1	QIZ21094.1	92.121	330	26	0	1	330	21	350	0.0	636
MDC6468873.1	QIZ20508.1	71.006	845	244	1	1	844	17	861	0.0	1169
MDC6468874.1	QIZ20507.1	85.455	220	32	0	1	220	1	220	3.62e-139	384
MDC6468875.1	QIZ20506.1	68.317	202	64	0	1	202	1	202	3.38e-99	282
MDC6468876.1	QIZ21095.1	92.988	328	23	0	1	328	35	362	0.0	621
MDC6468877.1	QIZ21237.1	79.779	272	55	0	1	272	1	272	1.55e-168	462
MDC6468878.1	QIZ21236.1	96.875	96	3	0	1	96	1	96	1.99e-63	182
MDC6468879.1	QIZ21235.1	98.198	555	10	0	1	555	1	555	0.0	1084
MDC6468882.1	QIZ21234.1	86.971	614	30	4	1	564	1	614	0.0	992
MDC6468883.1	QIZ21233.1	96.875	608	19	0	1	608	1	608	0.0	1210
MDC6468884.1	QIZ21232.1	88.837	215	24	0	1	215	1	215	1.13e-133	370
MDC6468885.1	QIZ21231.1	92.920	226	16	0	1	226	1	226	2.87e-155	425
MDC6468886.1	QIZ21230.1	86.687	323	43	0	1	323	1	323	0.0	566
MDC6468887.1	QIZ21229.1	91.692	325	27	0	1	325	115	439	0.0	583
MDC6468888.1	QIZ20583.1	91.964	112	9	0	1	112	1	112	1.60e-75	214
MDC6468889.1	QIZ20582.1	99.099	111	1	0	1	111	1	111	8.19e-75	213
MDC6468890.1	QIZ20581.1	97.333	75	2	0	1	75	1	75	4.52e-50	147
MDC6468891.1	QIZ20580.1	98.630	73	1	0	1	73	1	73	5.79e-49	144
MDC6468892.1	QIZ20579.1	97.273	110	3	0	1	110	1	110	8.58e-71	202
MDC6468893.1	QIZ20578.1	100.000	68	0	0	1	68	1	68	1.27e-46	138
MDC6468894.1	QIZ20577.1	100.000	106	0	0	1	106	1	106	3.45e-76	216
MDC6468895.1	QIZ20576.1	97.959	98	2	0	1	98	1	98	2.31e-66	190
MDC6468896.1	QIZ20572.1	92.913	127	9	0	1	127	1	127	4.22e-90	253
MDC6468897.1	QIZ20571.1	95.833	96	4	0	9	104	1	96	6.38e-67	192
MDC6468898.1	QIZ20570.1	81.159	138	26	0	1	138	1	138	1.11e-83	237
MDC6468899.1	QIZ20569.1	96.997	333	10	0	1	333	1	333	0.0	651
MDC6468900.1	QIZ20568.1	93.229	192	13	0	1	192	1	192	1.00e-132	365
MDC6468901.1	QIZ20567.1	92.537	134	10	0	1	134	1	134	1.17e-95	267
MDC6468902.1	QIZ20562.1	97.566	493	12	0	1	493	1	493	0.0	986
MDC6468903.1	QIZ20561.1	97.977	346	7	0	1	346	1	346	0.0	697
MDC6468904.1	QIZ20560.1	99.252	401	3	0	1	401	1	401	0.0	763
MDC6468905.1	QIZ21109.1	89.908	218	22	0	1	218	1	218	5.43e-152	422
MDC6468906.1	QIZ21110.1	96.443	253	9	0	1	253	1	253	1.72e-178	486
MDC6468907.1	QIZ21111.1	90.351	114	11	0	1	114	1	114	3.28e-73	209
MDC6468908.1	QIZ21112.1	93.989	183	11	0	1	183	1	183	1.30e-128	354
MDC6468909.1	QIZ21113.1	98.113	106	2	0	1	106	1	106	9.03e-77	217
MDC6468910.1	QIZ21114.1	94.915	236	12	0	1	236	1	236	1.79e-164	449
MDC6468911.1	QIZ21115.1	85.915	71	10	0	1	71	1	71	2.86e-42	127
MDC6468912.1	QIZ21116.1	92.029	138	11	0	1	138	1	138	4.19e-91	256
MDC6468913.1	QIZ21117.1	94.720	625	33	0	1	625	1	625	0.0	1112
MDC6468914.1	QIZ21118.1	87.283	173	22	0	1	173	1	173	1.64e-111	310
MDC6468915.1	QIZ21119.1	90.678	118	11	0	1	118	1	118	3.82e-67	194
MDC6468916.1	QIZ21120.1	64.029	139	50	0	31	169	31	169	5.45e-64	190
MDC6468917.1	QIZ21121.1	98.956	383	4	0	1	383	1	383	0.0	793
MDC6468918.1	QIZ21122.1	90.000	50	5	0	1	50	1	50	4.24e-29	100
MDC6468922.1	QIZ20842.1	29.893	281	165	9	12	272	9	277	3.34e-30	111
MDC6468925.1	QIZ20844.1	28.981	314	194	7	11	323	20	305	5.43e-26	103
MDC6468926.1	QIZ20852.1	28.846	312	203	9	2	300	3	308	3.98e-29	109
MDC6468928.1	QIZ20476.1	97.674	387	9	0	1	387	1	387	0.0	786
MDC6468929.1	QIZ20477.1	90.640	203	19	0	1	203	1	203	8.62e-141	387
MDC6468930.1	QIZ20478.1	81.687	486	76	2	1	473	1	486	0.0	763
MDC6468931.1	QIZ20479.1	72.500	80	22	0	1	80	1	80	1.24e-42	129
MDC6468936.1	QIZ20857.1	45.079	315	159	3	4	318	6	306	1.20e-66	210
MDC6468938.1	QIZ20480.1	57.396	169	72	0	13	181	13	181	1.00e-65	195
MDC6468939.1	QIZ21454.1	43.873	408	226	2	34	441	29	433	5.33e-110	327
MDC6468940.1	QIZ21453.1	68.692	214	67	0	1	214	1	214	5.39e-89	257
MDC6468941.1	QIZ21452.1	93.926	889	54	0	1	889	1	889	0.0	1730
MDC6468942.1	QIZ21451.1	96.939	196	6	0	1	196	1	196	4.36e-137	377
MDC6468943.1	QIZ21450.1	88.496	113	13	0	1	113	1	113	3.87e-74	211
MDC6468944.1	QIZ21449.1	92.424	396	30	0	1	396	1	396	0.0	756
MDC6468947.1	QIZ20371.1	92.788	513	37	0	1	513	1	513	0.0	988
MDC6468948.1	QIZ20370.1	92.520	254	19	0	5	258	1	254	6.86e-168	460
MDC6468949.1	QIZ20369.1	63.878	263	85	2	1	259	1	257	2.17e-120	340
MDC6468950.1	QIZ20368.1	82.941	170	29	0	1	170	1	170	8.59e-106	296
MDC6468951.1	QIZ20367.1	97.179	390	11	0	1	390	1	390	0.0	739
MDC6468952.1	QIZ20366.1	85.714	168	24	0	1	168	1	168	2.06e-100	282
MDC6468953.1	QIZ20365.1	92.473	93	7	0	1	93	1	93	3.96e-61	177
MDC6468954.1	QIZ20364.1	92.593	324	24	0	1	324	1	324	0.0	615
MDC6468955.1	QIZ20363.1	88.818	313	35	0	1	313	1	313	0.0	572
MDC6468956.1	QIZ20362.1	83.556	225	37	0	1	225	1	225	8.56e-135	386
MDC6468958.1	QIZ20851.1	31.861	317	189	10	1	311	1	296	1.58e-34	124
MDC6468959.1	QIZ20957.1	26.198	313	198	8	1	292	1	301	1.48e-21	87.8
MDC6468960.1	QIZ21591.1	88.000	175	21	0	1	175	1	175	5.08e-103	289
MDC6468965.1	QIZ21593.1	97.399	346	9	0	1	346	1	346	0.0	692
MDC6468966.1	QIZ20180.1	98.429	191	3	0	1	191	1	191	2.15e-139	386
MDC6468967.1	QIZ21077.1	74.737	190	48	0	1	190	188	377	3.63e-98	285
MDC6468968.1	QIZ21078.1	76.526	213	50	0	1	213	1	213	1.01e-119	334
MDC6468970.1	QIZ21079.1	83.212	411	69	0	1	411	108	518	0.0	679
MDC6468971.1	QIZ21084.1	93.720	207	13	0	1	207	1	207	2.02e-141	389
MDC6468972.1	QIZ21083.1	97.674	86	2	0	1	86	1	86	2.12e-61	177
MDC6468973.1	QIZ21082.1	97.508	602	15	0	1	602	1	602	0.0	1177
MDC6468974.1	QIZ21081.1	93.220	118	8	0	1	118	1	118	6.64e-80	226
MDC6468975.1	QIZ21080.1	88.587	184	21	0	1	184	1	184	3.09e-120	335
MDC6468976.1	QIZ20690.1	97.887	284	6	0	1	284	269	552	0.0	569
MDC6468977.1	QIZ20691.1	99.566	922	4	0	1	922	1	922	0.0	1924
MDC6468978.1	QIZ20692.1	89.409	491	52	0	1	491	1	491	0.0	931
MDC6468979.1	QIZ20694.1	97.003	367	11	0	1	367	1	367	0.0	740
MDC6468980.1	QIZ20695.1	78.505	107	23	0	1	107	49	155	2.65e-41	129
MDC6468981.1	QIZ20948.1	96.000	175	7	0	1	175	1	175	1.15e-125	346
MDC6468982.1	QIZ20949.1	97.222	324	9	0	1	324	1	324	0.0	659
MDC6468983.1	QIZ20950.1	86.711	602	80	0	1	602	1	602	0.0	1033
MDC6468984.1	QIZ20951.1	80.986	426	81	0	1	426	1	426	0.0	669
MDC6468985.1	QIZ20952.1	96.154	390	15	0	1	390	296	685	0.0	767
MDC6468987.1	QIZ20224.1	79.426	209	42	1	1	209	1	208	2.87e-118	330
MDC6468988.1	QIZ20222.1	98.246	342	6	0	1	342	1	342	0.0	708
MDC6468989.1	QIZ20221.1	98.140	645	12	0	1	645	1	645	0.0	1323
MDC6468990.1	QIZ20220.1	96.281	484	18	0	1	484	1	484	0.0	941
MDC6468991.1	QIZ20219.1	90.217	92	9	0	1	92	1	92	6.15e-61	176
MDC6468992.1	QIZ20961.1	92.147	191	15	0	1	191	1	191	4.30e-126	355
MDC6468993.1	QIZ20962.1	98.305	118	2	0	1	118	1	118	1.09e-84	238
MDC6468994.1	QIZ20963.1	98.529	68	1	0	1	68	1	68	1.82e-44	132
MDC6468995.1	QIZ20964.1	96.685	181	6	0	1	181	1	181	1.08e-130	359
MDC6468996.1	QIZ20965.1	93.574	638	41	0	1	638	1	638	0.0	1257
MDC6468997.1	QIZ20966.1	83.594	384	63	0	1	384	1	384	0.0	644
MDC6468998.1	QIZ20967.1	78.899	218	46	0	1	218	1	218	2.71e-116	327
MDC6468999.1	QIZ21096.1	95.408	196	9	0	1	196	1	196	1.22e-138	382
MDC6469000.1	QIZ21097.1	94.141	495	29	0	1	495	1	495	0.0	936
MDC6469001.1	QIZ21099.1	95.000	40	2	0	1	40	1	40	4.61e-23	77.0
MDC6469002.1	QIZ21100.1	81.022	137	26	0	4	140	1	137	2.27e-78	224
MDC6469004.1	QIZ21101.1	92.469	239	18	0	1	239	1	239	2.81e-168	459
MDC6469005.1	QIZ20682.1	97.753	178	4	0	1	178	228	405	1.36e-130	367
MDC6469006.1	QIZ20681.1	99.459	370	2	0	1	370	1	370	0.0	767
MDC6469007.1	QIZ20680.1	98.271	347	6	0	1	347	1	347	0.0	708
MDC6469011.1	QIZ20679.1	97.333	75	2	0	1	75	1	75	3.01e-53	155
MDC6469012.1	QIZ21144.1	96.774	62	1	1	1	62	340	400	5.27e-34	116
MDC6469013.1	QIZ21144.1	96.124	258	10	0	1	258	73	330	5.32e-175	486
MDC6469015.1	QIZ21143.1	80.000	275	54	1	1	275	1	274	5.92e-153	424
MDC6469016.1	QIZ21142.1	90.288	278	27	0	3	280	28	305	0.0	510
MDC6469017.1	QIZ21141.1	94.652	187	10	0	1	187	1	187	1.48e-130	360
MDC6469018.1	QIZ21139.1	62.762	239	89	0	1	239	55	293	4.61e-96	279
MDC6469019.1	QIZ20510.1	74.333	300	77	0	3	302	135	434	4.38e-168	469
MDC6469020.1	QIZ20225.1	94.652	374	20	0	1	374	1	374	0.0	736
MDC6469021.1	QIZ20226.1	97.987	298	6	0	1	298	1	298	0.0	602
MDC6469022.1	QIZ20227.1	96.875	448	14	0	1	448	53	500	0.0	900
MDC6469023.1	QIZ20944.1	78.017	232	51	0	1	232	355	586	9.97e-114	333
MDC6469024.1	QIZ20943.1	87.719	171	21	0	1	171	1	171	3.44e-108	302
MDC6469025.1	QIZ20942.1	68.387	310	98	0	1	310	1	310	1.84e-154	430
MDC6469026.1	QIZ20941.1	82.927	246	42	0	1	246	1	246	3.07e-158	434
MDC6469027.1	QIZ20940.1	89.937	159	16	0	1	159	1	159	2.73e-108	301
MDC6469028.1	QIZ20939.1	95.785	261	11	0	1	261	49	309	0.0	520
MDC6469029.1	QIZ21128.1	99.425	348	2	0	1	348	6	353	0.0	698
MDC6469030.1	QIZ21129.1	98.826	511	6	0	1	511	1	511	0.0	1043
MDC6469031.1	QIZ21130.1	96.853	286	9	0	1	286	1	286	0.0	551
MDC6469032.1	QIZ21131.1	100.000	204	0	0	1	204	1	204	2.35e-147	407
MDC6469033.1	QIZ21077.1	66.667	66	22	0	1	66	14	79	1.13e-26	95.1
MDC6469034.1	QIZ21076.1	84.195	696	110	0	1	696	1	696	0.0	1143
MDC6469035.1	QIZ21075.1	68.212	151	48	0	1	151	32	182	2.07e-69	203
MDC6469036.1	QIZ21074.1	79.641	167	34	0	1	167	1	167	5.84e-101	283
MDC6469037.1	QIZ21073.1	79.221	77	16	0	1	77	45	121	3.80e-42	129
MDC6469042.1	QIZ20434.1	83.929	56	9	0	1	56	191	246	3.19e-28	96.3
MDC6469043.1	QIZ20433.1	95.000	100	5	0	1	100	1	100	2.10e-65	188
MDC6469044.1	QIZ20432.1	96.283	538	20	0	1	538	1	538	0.0	1058
MDC6469045.1	QIZ20431.1	93.976	166	10	0	1	166	1	166	2.32e-115	324
MDC6469046.1	QIZ20387.1	97.774	629	14	0	1	629	331	959	0.0	1266
MDC6469047.1	QIZ20388.1	97.970	197	4	0	1	197	1	197	2.31e-143	393
MDC6469048.1	QIZ20389.1	97.917	144	3	0	1	144	152	295	5.70e-96	274
MDC6469050.1	QIZ20863.1	41.393	244	135	5	98	337	104	343	3.17e-52	172
MDC6469051.1	QIZ20636.1	56.780	118	51	0	18	135	19	136	8.51e-38	130
MDC6469052.1	QIZ20946.1	73.457	324	86	0	1	324	1	324	1.12e-172	480
MDC6469053.1	QIZ20945.1	78.824	170	36	0	1	170	1	170	4.22e-93	263
MDC6469055.1	QIZ20944.1	68.881	286	89	0	1	286	1	286	6.18e-141	405
MDC6469056.1	QIZ21238.1	90.541	148	14	0	1	148	158	305	1.85e-94	271
MDC6469057.1	QIZ21239.1	94.320	669	38	0	1	669	1	669	0.0	1282
MDC6469058.1	QIZ20587.1	89.674	184	19	0	1	184	52	235	5.63e-118	330
MDC6469059.1	QIZ20586.1	75.130	193	48	0	1	193	1	193	1.18e-111	312
MDC6469060.1	QIZ20585.1	86.194	268	37	0	1	268	1	268	4.32e-174	476
MDC6469061.1	QIZ20584.1	93.548	124	8	0	1	124	1	124	5.41e-83	236
MDC6469063.1	QIZ20637.1	89.513	534	52	2	1	530	1	534	0.0	919
