MDB3913086.1	QIZ20866.1	69.863	146	44	0	1	146	95	240	3.03e-72	212
MDB3913087.1	QIZ20867.1	60.140	143	56	1	1	142	1	143	3.36e-50	153
MDB3913088.1	QIZ20868.1	70.048	414	124	0	3	416	20	433	0.0	607
MDB3913089.1	QIZ20869.1	77.661	855	183	3	1	854	1	848	0.0	1346
MDB3913091.1	QIZ20870.1	74.725	364	92	0	1	364	1	364	0.0	558
MDB3913092.1	QIZ20871.1	75.583	729	167	3	1	718	4	732	0.0	1157
MDB3913093.1	QIZ20872.1	81.281	203	38	0	1	203	1	203	7.64e-125	347
MDB3913094.1	QIZ20873.1	78.095	105	23	0	1	105	1	105	1.78e-54	160
MDB3913095.1	QIZ20874.1	70.811	555	153	4	3	549	4	557	0.0	764
MDB3913096.1	QIZ20875.1	79.927	274	55	0	1	274	1	274	7.19e-171	469
MDB3913097.1	QIZ20876.1	63.525	244	88	1	2	244	3	246	3.66e-104	298
MDB3913098.1	QIZ20877.1	68.156	179	57	0	1	179	11	189	9.56e-94	266
MDB3913099.1	QIZ20878.1	74.757	309	78	0	1	309	1	309	8.74e-173	476
MDB3913100.1	QIZ20879.1	81.701	388	71	0	1	388	1	388	0.0	629
MDB3913101.1	QIZ20881.1	69.461	167	48	2	1	165	1	166	3.12e-83	238
MDB3913102.1	QIZ20882.1	61.438	306	111	3	247	545	13	318	6.79e-136	393
MDB3913103.1	QIZ20883.1	84.236	203	32	0	1	203	1	203	1.36e-130	361
MDB3913104.1	QIZ20893.1	85.417	96	14	0	1	96	80	175	7.58e-53	166
MDB3913105.1	QIZ20969.1	82.653	588	102	0	2	589	914	1501	0.0	1007
MDB3913106.1	QIZ20967.1	69.758	248	75	0	1	248	1	248	1.32e-114	324
MDB3913107.1	QIZ20966.1	75.781	384	93	0	1	384	1	384	0.0	588
MDB3913108.1	QIZ20965.1	87.931	638	77	0	1	638	1	638	0.0	1186
MDB3913109.1	QIZ20964.1	92.265	181	14	0	1	181	1	181	3.22e-125	345
MDB3913110.1	QIZ20963.1	98.529	68	1	0	1	68	1	68	1.82e-44	132
MDB3913111.1	QIZ20962.1	94.068	118	7	0	1	118	1	118	3.79e-80	226
MDB3913112.1	QIZ20961.1	88.451	355	41	0	1	355	1	355	0.0	664
MDB3913113.1	QIZ20960.1	71.197	802	231	0	1	802	1	802	0.0	1138
MDB3913114.1	QIZ20959.1	88.963	598	66	0	1	598	4	601	0.0	1112
MDB3913115.1	QIZ20953.1	37.319	276	160	6	1	267	1	272	1.20e-49	160
MDB3913126.1	QIZ21088.1	32.558	344	201	10	4	322	8	345	2.46e-42	145
MDB3913137.1	QIZ20420.1	66.883	462	152	1	7	467	8	469	1.24e-174	494
MDB3913138.1	QIZ20419.1	94.509	346	19	0	12	357	1	346	0.0	687
MDB3913139.1	QIZ20418.1	84.777	381	58	0	1	381	1	381	0.0	613
MDB3913140.1	QIZ20417.1	83.863	409	66	0	15	423	18	426	0.0	700
MDB3913141.1	QIZ20416.1	93.750	240	15	0	1	240	5	244	1.95e-170	465
MDB3913142.1	QIZ20998.1	66.071	168	57	0	1	168	233	400	1.02e-74	225
MDB3913143.1	QIZ20999.1	75.172	145	36	0	1	145	1	145	4.49e-81	231
MDB3913144.1	QIZ21000.1	70.916	251	73	0	1	251	1	251	2.54e-130	364
MDB3913145.1	QIZ21001.1	64.286	140	50	0	12	151	9	148	2.71e-67	197
MDB3913146.1	QIZ21002.1	76.020	196	47	0	3	198	1	196	8.53e-114	318
MDB3913147.1	QIZ21003.1	85.102	443	66	0	1	443	1	443	0.0	809
MDB3913148.1	QIZ21004.1	96.350	137	5	0	1	137	1	137	6.15e-97	271
MDB3913149.1	QIZ21005.1	80.741	135	26	0	7	141	7	141	4.69e-78	223
MDB3913150.1	QIZ21006.1	89.759	166	17	0	1	166	1	166	5.90e-113	313
MDB3913151.1	QIZ21007.1	95.782	403	17	0	1	403	1	403	0.0	803
MDB3913152.1	QIZ21008.1	96.935	261	8	0	1	261	1	261	0.0	520
MDB3913153.1	QIZ21010.1	95.629	572	25	0	1	572	119	690	0.0	1118
MDB3913154.1	QIZ21360.1	87.978	183	22	0	1	183	203	385	6.13e-120	341
MDB3913155.1	QIZ21359.1	88.082	1074	128	0	1	1074	1	1074	0.0	1952
MDB3913157.1	QIZ21358.1	86.040	351	49	0	1	351	1	351	0.0	621
MDB3913158.1	QIZ21319.1	90.411	219	21	0	1	219	1	219	5.16e-153	419
MDB3913159.1	QIZ21318.1	65.064	312	108	1	1	311	1	312	2.53e-145	407
MDB3913160.1	QIZ21317.1	91.720	314	26	0	1	314	1	314	0.0	607
MDB3913161.1	QIZ21314.1	69.912	226	64	1	1	222	173	398	1.90e-120	343
MDB3913162.1	QIZ21486.1	94.587	351	19	0	1	351	68	418	0.0	701
MDB3913163.1	QIZ21487.1	93.103	87	6	0	1	87	1	87	5.42e-62	178
MDB3913164.1	QIZ21488.1	90.782	998	92	0	1	998	1	998	0.0	1909
MDB3913165.1	QIZ21489.1	60.513	195	77	0	1	195	1	195	1.29e-90	259
MDB3913166.1	QIZ21490.1	75.177	282	70	0	1	282	1	282	5.53e-161	444
MDB3913167.1	QIZ21491.1	46.729	107	53	1	1	107	1	103	1.03e-21	78.2
MDB3913168.1	QIZ21492.1	65.957	141	48	0	5	145	6	146	5.26e-70	203
MDB3913169.1	QIZ21493.1	71.371	248	71	0	1	248	1	248	8.42e-116	327
MDB3913170.1	QIZ21494.1	60.000	115	45	1	1	114	1	115	9.26e-48	145
MDB3913171.1	QIZ21496.1	98.529	68	1	0	1	68	1	68	8.57e-47	139
MDB3913172.1	QIZ21497.1	74.138	116	30	0	1	116	39	154	1.23e-59	176
MDB3913173.1	QIZ21265.1	70.534	431	126	1	1	431	1	430	0.0	632
MDB3913174.1	QIZ21264.1	70.968	217	63	0	1	217	1	217	3.12e-98	280
MDB3913175.1	QIZ21263.1	87.405	262	33	0	1	262	1	262	2.95e-165	454
MDB3913176.1	QIZ21262.1	79.545	176	36	0	2	177	1	176	4.69e-108	302
MDB3913177.1	QIZ21260.1	81.848	303	55	0	1	303	1	303	0.0	514
MDB3913178.1	QIZ21259.1	93.566	544	34	1	1	543	1	544	0.0	985
MDB3913179.1	QIZ21258.1	77.122	271	61	1	1	270	1	271	1.11e-152	422
MDB3913180.1	QIZ20314.1	83.646	587	96	0	2	588	416	1002	0.0	1059
MDB3913181.1	QIZ20313.1	64.171	187	67	0	1	187	1	187	1.58e-90	258
MDB3913182.1	QIZ20312.1	86.667	255	34	0	1	255	1	255	1.20e-159	439
MDB3913183.1	QIZ20311.1	83.688	141	23	0	1	141	26	166	1.68e-75	221
MDB3913184.1	QIZ20316.1	94.484	417	23	0	1	417	1	417	0.0	830
MDB3913185.1	QIZ20315.1	94.382	89	5	0	1	89	1	89	1.30e-63	182
MDB3913186.1	QIZ20314.1	77.198	364	83	0	1	364	1	364	0.0	618
MDB3913187.1	QIZ20998.1	76.364	165	39	0	1	165	1	165	6.59e-92	268
MDB3913188.1	QIZ20997.1	82.759	522	90	0	1	522	1	522	0.0	871
MDB3913189.1	QIZ20996.1	77.350	234	53	0	1	234	1	234	2.60e-140	388
MDB3913190.1	QIZ20995.1	65.854	287	97	1	1	286	1	287	6.67e-125	353
MDB3913191.1	QIZ20994.1	79.070	86	18	0	1	86	1	86	1.36e-43	132
MDB3913192.1	QIZ20993.1	77.684	354	78	1	1	354	1	353	0.0	561
MDB3913193.1	QIZ21233.1	87.603	242	30	0	181	422	365	606	3.17e-154	445
MDB3913194.1	QIZ21232.1	74.884	215	54	0	1	215	1	215	1.10e-113	319
MDB3913195.1	QIZ21231.1	72.330	206	57	0	1	206	21	226	2.64e-116	326
MDB3913196.1	QIZ21229.1	69.476	439	133	1	1	438	1	439	0.0	592
MDB3913197.1	QIZ21228.1	93.491	169	11	0	1	169	302	470	1.06e-114	329
MDB3913198.1	QIZ21498.1	76.744	301	70	0	16	316	16	316	1.32e-174	483
MDB3913199.1	QIZ21499.1	79.141	163	34	0	1	163	1	163	6.65e-87	247
MDB3913200.1	QIZ21500.1	79.439	321	66	0	1	321	1	321	0.0	552
MDB3913201.1	QIZ21501.1	79.505	444	91	0	1	444	1	444	0.0	736
MDB3913202.1	QIZ20992.1	87.027	370	47	1	1	369	1	370	0.0	659
MDB3913203.1	QIZ20991.1	69.528	233	71	0	1	233	1	233	5.37e-115	324
MDB3913204.1	QIZ20990.1	77.228	404	92	0	1	404	1	404	0.0	635
MDB3913206.1	QIZ20421.1	79.393	461	95	0	1	461	1	461	0.0	693
MDB3913207.1	QIZ20422.1	74.279	451	116	0	1	451	1	451	0.0	681
MDB3913208.1	QIZ20423.1	67.290	107	35	0	2	108	487	593	2.56e-40	136
MDB3913209.1	QIZ20348.1	93.994	333	20	0	1	333	110	442	0.0	630
MDB3913210.1	QIZ20347.1	49.706	340	155	5	1	332	1	332	6.16e-98	289
MDB3913211.1	QIZ20346.1	69.792	96	29	0	1	96	1	96	2.41e-40	124
MDB3913212.1	QIZ20345.1	93.651	63	4	0	1	63	1	63	5.76e-38	116
MDB3913213.1	QIZ20344.1	66.667	99	31	2	2	99	25	122	1.68e-37	118
MDB3913214.1	QIZ20700.1	93.310	867	58	0	1	867	86	952	0.0	1664
MDB3913215.1	QIZ20351.1	70.909	165	48	0	1	165	175	339	2.40e-84	247
MDB3913216.1	QIZ20351.1	72.619	168	46	0	1	168	1	168	1.68e-89	261
MDB3913217.1	QIZ20350.1	78.169	142	31	0	4	145	8	149	1.27e-82	235
MDB3913218.1	QIZ20349.1	77.124	153	34	1	1	152	1	153	3.80e-90	254
MDB3913219.1	QIZ20865.1	68.983	403	125	0	1	403	1	403	0.0	573
MDB3913220.1	QIZ20864.1	89.736	341	35	0	1	341	1	341	0.0	638
