MDB4241096.1	QIZ21032.1	98.252	572	10	0	1	572	1	572	0.0	1134
MDB4241097.1	QIZ21031.1	89.100	211	23	0	1	211	1	211	9.93e-136	375
MDB4241098.1	QIZ21030.1	95.745	94	4	0	1	94	1	94	4.06e-53	160
MDB4241099.1	QIZ21030.1	86.400	125	8	1	4	119	76	200	5.36e-70	204
MDB4241100.1	QIZ21029.1	89.295	383	41	0	1	383	1	383	0.0	674
MDB4241101.1	QIZ21028.1	91.986	287	23	0	1	287	1	287	0.0	506
MDB4241102.1	QIZ21027.1	95.431	197	9	0	1	197	1	197	8.33e-136	374
MDB4241103.1	QIZ21026.1	97.561	328	8	0	1	328	434	761	0.0	660
MDB4241104.1	QIZ21025.1	94.749	438	23	0	1	438	1	438	0.0	803
MDB4241105.1	QIZ21024.1	93.393	333	22	0	1	333	1	333	0.0	637
MDB4241106.1	QIZ21023.1	93.889	180	11	0	1	180	1	180	3.53e-123	340
MDB4241108.1	QIZ21022.1	93.617	94	6	0	1	94	1	94	3.32e-58	177
MDB4241109.1	QIZ21021.1	94.531	128	7	0	1	128	1	128	1.93e-86	243
MDB4241110.1	QIZ21020.1	98.529	136	2	0	1	136	1	136	4.17e-96	268
MDB4241111.1	QIZ21019.1	86.813	455	60	0	1	455	1	455	0.0	788
MDB4241112.1	QIZ21018.1	93.000	300	21	0	1	300	34	333	0.0	577
MDB4241113.1	QIZ21017.1	88.235	153	18	0	1	153	1	153	2.89e-85	242
MDB4241114.1	QIZ21016.1	90.985	477	43	0	16	492	19	495	0.0	842
MDB4241115.1	QIZ21015.1	97.686	389	9	0	1	389	1	389	0.0	789
MDB4241116.1	QIZ21013.1	96.608	737	21	2	1	734	1	736	0.0	1431
MDB4241117.1	QIZ21012.1	90.984	122	11	0	1	122	1	122	1.32e-80	228
MDB4241118.1	QIZ21011.1	98.780	82	1	0	1	82	1	82	5.26e-55	160
MDB4241119.1	QIZ21010.1	97.971	690	14	0	1	690	1	690	0.0	1376
MDB4241120.1	QIZ21009.1	86.508	126	17	0	1	126	1	126	1.62e-82	233
MDB4241121.1	QIZ21008.1	98.084	261	5	0	1	261	1	261	0.0	526
MDB4241122.1	QIZ21007.1	87.345	403	51	0	1	403	1	403	0.0	745
MDB4241123.1	QIZ21006.1	96.988	166	5	0	1	166	1	166	8.94e-120	331
MDB4241124.1	QIZ21005.1	95.775	142	6	0	1	142	1	142	1.30e-98	275
MDB4241125.1	QIZ21004.1	98.551	138	2	0	1	138	1	138	4.64e-100	278
MDB4241126.1	QIZ21003.1	96.388	443	16	0	1	443	1	443	0.0	899
MDB4241127.1	QIZ21002.1	91.371	197	17	0	1	197	1	197	7.05e-137	376
MDB4241128.1	QIZ21001.1	79.195	149	31	0	1	149	1	149	6.44e-83	236
MDB4241129.1	QIZ21000.1	93.625	251	16	0	1	251	1	251	1.86e-171	468
MDB4241130.1	QIZ20999.1	95.862	145	6	0	1	145	1	145	3.37e-101	282
MDB4241131.1	QIZ20998.1	92.519	401	30	0	1	401	1	401	0.0	765
MDB4241132.1	QIZ20997.1	98.276	522	9	0	1	522	1	522	0.0	1038
MDB4241133.1	QIZ20996.1	94.017	234	14	0	1	234	1	234	7.66e-170	463
MDB4241134.1	QIZ20995.1	92.683	287	21	0	1	287	1	287	0.0	504
MDB4241135.1	QIZ20994.1	98.837	86	1	0	1	86	1	86	5.64e-54	158
MDB4241136.1	QIZ20993.1	97.872	470	10	0	1	470	1	470	0.0	931
MDB4241137.1	QIZ20992.1	97.297	370	10	0	1	370	1	370	0.0	724
MDB4241138.1	QIZ20991.1	93.991	233	14	0	1	233	1	233	2.97e-152	418
MDB4241139.1	QIZ20990.1	93.069	404	28	0	1	404	1	404	0.0	753
MDB4241140.1	QIZ20989.1	97.619	462	11	0	1	462	1	462	0.0	915
MDB4241141.1	QIZ20988.1	91.813	171	14	0	1	171	1	171	1.81e-115	320
MDB4241142.1	QIZ20987.1	89.552	67	7	0	1	67	1	67	1.21e-28	92.8
MDB4241143.1	QIZ20986.1	90.367	218	21	0	1	218	1	218	8.83e-153	418
MDB4241144.1	QIZ20985.1	94.681	188	10	0	1	188	1	188	3.04e-137	377
MDB4241145.1	QIZ20984.1	97.175	177	5	0	1	177	1	177	9.40e-123	339
MDB4241146.1	QIZ20983.1	91.824	159	13	0	1	159	1	159	2.15e-97	273
MDB4241147.1	QIZ20982.1	94.949	198	10	0	1	198	1	198	6.83e-136	374
MDB4241148.1	QIZ20981.1	94.280	472	27	0	1	472	1	472	0.0	875
MDB4241149.1	QIZ20721.1	95.695	302	13	0	1	302	1	302	0.0	591
MDB4241150.1	QIZ20720.1	98.030	203	4	0	1	203	1	203	1.81e-144	396
MDB4241151.1	QIZ20719.1	97.486	358	9	0	1	358	1	358	0.0	689
MDB4241152.1	QIZ20718.1	94.483	145	8	0	1	145	1	145	5.00e-95	266
MDB4241153.1	QIZ20717.1	95.010	521	26	0	1	521	1	521	0.0	986
MDB4241154.1	QIZ20716.1	92.806	139	10	0	1	139	1	139	1.61e-98	275
MDB4241155.1	QIZ20715.1	87.549	257	32	0	1	257	1	257	6.65e-169	462
MDB4241156.1	QIZ20714.1	99.020	204	2	0	1	204	1	204	1.33e-142	391
MDB4241157.1	QIZ20707.1	91.411	163	14	0	1	163	1	163	1.55e-109	305
MDB4241158.1	QIZ20706.1	89.883	257	26	0	1	257	9	265	2.90e-176	481
MDB4241159.1	QIZ20705.1	90.789	228	21	0	1	228	1	228	3.94e-158	433
MDB4241160.1	QIZ20704.1	93.375	317	21	0	1	317	1	317	0.0	582
MDB4241161.1	QIZ20703.1	98.653	297	4	0	1	297	1	297	0.0	570
MDB4241162.1	QIZ20702.1	95.652	368	16	0	1	368	1	368	0.0	714
MDB4241163.1	QIZ20701.1	95.238	126	6	0	1	126	1	126	1.75e-87	246
MDB4241164.1	QIZ20700.1	98.845	952	11	0	1	952	1	952	0.0	1969
MDB4241165.1	QIZ20699.1	97.585	414	10	0	1	414	1	414	0.0	827
MDB4241168.1	QIZ21434.1	25.474	475	328	14	519	978	1	464	3.12e-36	139
MDB4241169.1	QIZ20698.1	92.347	392	30	0	1	392	1	392	0.0	734
MDB4241170.1	QIZ20697.1	93.407	182	12	0	1	182	1	182	3.83e-127	350
MDB4241171.1	QIZ20696.1	76.680	253	59	0	1	253	1	253	1.97e-149	413
MDB4241172.1	QIZ20695.1	78.065	155	34	0	1	155	1	155	9.87e-73	211
MDB4241173.1	QIZ20694.1	84.741	367	56	0	1	367	1	367	0.0	639
MDB4241174.1	QIZ20692.1	64.583	480	170	0	4	483	12	491	0.0	678
MDB4241175.1	QIZ20691.1	99.024	922	9	0	1	922	1	922	0.0	1913
MDB4241176.1	QIZ20690.1	98.732	552	7	0	1	552	1	552	0.0	1114
MDB4241177.1	QIZ20689.1	80.797	276	53	0	1	276	1	276	6.65e-168	462
MDB4241178.1	QIZ20687.1	97.516	161	4	0	1	161	1	161	3.12e-110	306
MDB4241179.1	QIZ20686.1	98.529	136	2	0	1	136	1	136	2.22e-98	274
MDB4241180.1	QIZ20685.1	97.512	201	5	0	1	201	1	201	2.94e-144	395
MDB4241181.1	QIZ20684.1	94.940	415	21	0	1	415	1	415	0.0	754
MDB4241182.1	QIZ20683.1	96.678	301	10	0	1	301	1	301	0.0	575
MDB4241183.1	QIZ20682.1	95.802	405	17	0	1	405	1	405	0.0	813
MDB4241184.1	QIZ20681.1	98.227	282	5	0	1	282	1	282	0.0	580
MDB4241185.1	QIZ21071.1	93.151	146	10	0	1	146	106	251	5.96e-99	280
MDB4241186.1	QIZ21072.1	95.050	101	5	0	1	101	1	101	2.38e-66	190
MDB4241187.1	QIZ21073.1	95.868	121	5	0	1	121	1	121	2.59e-84	237
MDB4241188.1	QIZ21074.1	91.018	167	15	0	1	167	1	167	3.06e-112	311
MDB4241189.1	QIZ21075.1	86.413	184	25	0	1	184	1	184	4.36e-116	323
MDB4241190.1	QIZ21076.1	95.019	522	26	0	13	534	175	696	0.0	996
MDB4241191.1	QIZ21076.1	87.662	154	19	0	1	154	1	154	4.89e-82	251
MDB4241192.1	QIZ21077.1	92.308	364	28	0	1	364	14	377	0.0	654
MDB4241193.1	QIZ21078.1	93.897	213	13	0	1	213	1	213	1.46e-148	407
MDB4241195.1	QIZ21079.1	93.663	505	32	0	7	511	14	518	0.0	934
MDB4241197.1	QIZ21080.1	95.890	219	9	0	1	219	1	219	1.06e-151	416
MDB4241198.1	QIZ21081.1	77.679	112	25	0	3	114	4	115	1.96e-63	184
MDB4241199.1	QIZ21082.1	86.877	602	79	0	1	602	1	602	0.0	1022
MDB4241200.1	QIZ21083.1	71.264	87	24	1	1	87	1	86	3.70e-41	125
MDB4241201.1	QIZ21084.1	62.621	206	77	0	1	206	1	206	6.29e-94	269
MDB4241202.1	QIZ21085.1	95.950	642	26	0	40	681	39	680	0.0	1276
MDB4241203.1	QIZ21086.1	94.161	137	8	0	1	137	1	137	7.97e-95	265
MDB4241204.1	QIZ21088.1	96.078	357	14	0	1	357	1	357	0.0	699
MDB4241205.1	QIZ21089.1	92.182	307	24	0	1	307	1	307	0.0	566
MDB4241206.1	QIZ21090.1	94.828	232	12	0	1	232	1	232	3.70e-164	448
MDB4241207.1	QIZ21091.1	97.784	361	8	0	1	361	1	361	0.0	693
MDB4241208.1	QIZ21092.1	87.500	96	12	0	1	96	1	96	1.02e-58	171
MDB4241209.1	QIZ21093.1	97.153	281	8	0	1	281	1	281	0.0	548
MDB4241210.1	QIZ21094.1	94.848	330	17	0	1	330	21	350	0.0	649
MDB4241211.1	QIZ21095.1	92.647	340	25	0	15	354	24	363	0.0	640
MDB4241213.1	QIZ21096.1	95.305	213	10	0	1	213	24	236	3.78e-151	415
MDB4241214.1	QIZ21129.1	98.630	511	7	0	1	511	1	511	0.0	1041
MDB4241215.1	QIZ21130.1	96.503	286	10	0	1	286	1	286	0.0	528
MDB4241216.1	QIZ21131.1	98.582	282	4	0	1	282	1	282	0.0	550
MDB4241217.1	QIZ21132.1	95.652	92	4	0	1	92	1	92	1.48e-60	184
MDB4241218.1	QIZ21132.1	94.776	268	14	0	3	270	92	359	0.0	508
MDB4241219.1	QIZ21133.1	90.756	357	33	0	1	357	1	357	0.0	677
MDB4241223.1	QIZ21134.1	96.632	386	12	1	1	386	1	385	0.0	769
MDB4241224.1	QIZ21135.1	96.923	195	6	0	1	195	1	195	1.07e-143	394
MDB4241225.1	QIZ21136.1	98.234	453	8	0	1	453	1	453	0.0	880
MDB4241226.1	QIZ21137.1	86.966	445	58	0	1	445	1	445	0.0	773
MDB4241227.1	QIZ21138.1	86.441	59	8	0	1	59	1	59	3.71e-33	103
MDB4241228.1	QIZ21139.1	91.468	293	25	0	1	293	1	293	0.0	510
MDB4241229.1	QIZ21141.1	93.583	187	12	0	1	187	1	187	5.59e-128	353
MDB4241230.1	QIZ21142.1	96.393	305	11	0	1	305	1	305	0.0	588
MDB4241231.1	QIZ21143.1	92.336	274	21	0	1	274	1	274	5.26e-180	492
MDB4241232.1	QIZ21144.1	98.009	452	9	0	1	452	1	452	0.0	890
MDB4241233.1	QIZ21360.1	95.844	385	16	0	1	385	1	385	0.0	757
MDB4241234.1	QIZ21359.1	97.486	1074	27	0	1	1074	1	1074	0.0	2153
MDB4241235.1	QIZ21358.1	96.011	351	14	0	1	351	1	351	0.0	675
MDB4241236.1	QIZ21319.1	89.954	219	22	0	1	219	1	219	3.11e-153	420
MDB4241237.1	QIZ21318.1	81.847	314	57	0	1	314	1	314	0.0	534
MDB4241238.1	QIZ21317.1	94.569	313	17	0	1	313	1	313	0.0	614
MDB4241240.1	QIZ20493.1	42.157	102	56	2	11	110	11	111	2.58e-22	80.9
MDB4241244.1	QIZ21316.1	83.945	218	35	0	1	218	1	218	2.27e-127	354
MDB4241245.1	QIZ21315.1	97.315	149	4	0	1	149	1	149	1.82e-108	301
MDB4241246.1	QIZ21249.1	31.332	533	341	11	65	586	57	575	1.13e-74	244
MDB4241247.1	QIZ21314.1	98.747	399	5	0	1	399	1	399	0.0	813
MDB4241248.1	QIZ21313.1	96.073	713	28	0	1	713	1	713	0.0	1425
MDB4241249.1	QIZ21312.1	95.775	213	9	0	1	213	1	213	5.79e-146	402
MDB4241250.1	QIZ21085.1	25.316	553	378	13	12	544	143	680	2.24e-44	162
MDB4241251.1	QIZ21314.1	27.632	380	237	15	1	354	3	370	3.34e-35	129
MDB4241254.1	QIZ20976.1	95.035	141	7	0	1	141	1	141	3.48e-99	276
MDB4241255.1	QIZ20975.1	91.646	395	33	0	1	395	1	395	0.0	751
MDB4241256.1	QIZ20974.1	96.047	506	20	0	1	506	1	506	0.0	1018
MDB4241257.1	QIZ21232.1	93.243	148	10	0	1	148	68	215	1.98e-92	263
MDB4241258.1	QIZ21233.1	96.711	608	20	0	1	608	1	608	0.0	1205
MDB4241259.1	QIZ21234.1	90.543	645	16	4	1	631	1	614	0.0	1062
MDB4241260.1	QIZ21235.1	97.117	555	15	1	1	554	1	555	0.0	1071
MDB4241261.1	QIZ21236.1	98.958	96	1	0	1	96	1	96	3.99e-65	187
MDB4241262.1	QIZ21237.1	82.156	269	48	0	1	269	1	269	5.93e-168	461
MDB4241263.1	QIZ21365.1	86.920	237	31	0	1	237	25	261	9.75e-160	439
MDB4241264.1	QIZ21364.1	93.401	197	13	0	1	197	1	197	1.43e-132	365
MDB4241266.1	QIZ21363.1	98.682	607	8	0	1	607	1	607	0.0	1209
MDB4241267.1	QIZ20980.1	88.294	299	29	1	1	293	6	304	4.52e-173	476
MDB4241268.1	QIZ20979.1	93.519	108	7	0	1	108	1	108	8.43e-72	205
MDB4241269.1	QIZ20978.1	69.444	144	41	1	1	144	1	141	1.10e-68	199
MDB4241270.1	QIZ20977.1	88.734	790	89	0	1	790	12	801	0.0	1451
MDB4241271.1	QIZ21241.1	87.500	88	11	0	1	88	1	88	3.17e-43	133
MDB4241272.1	QIZ21240.1	89.091	165	18	0	1	165	1	165	1.07e-92	262
MDB4241273.1	QIZ21239.1	97.127	905	26	0	1	905	1	905	0.0	1824
MDB4241274.1	QIZ21238.1	94.681	188	10	0	1	188	118	305	1.38e-127	357
MDB4241275.1	QIZ21306.1	98.165	109	2	0	1	109	1	109	7.25e-73	209
MDB4241276.1	QIZ21307.1	97.586	290	7	0	1	290	1	290	0.0	596
MDB4241277.1	QIZ21308.1	98.969	194	2	0	1	194	1	194	7.51e-140	384
MDB4241278.1	QIZ21309.1	97.054	611	18	0	1	611	1	611	0.0	1222
MDB4241280.1	QIZ21259.1	40.290	551	295	9	38	577	4	531	5.86e-124	373
MDB4241281.1	QIZ21258.1	25.514	243	163	4	3	241	42	270	6.53e-21	84.7
MDB4241282.1	QIZ21242.1	95.122	287	14	0	1	287	93	379	0.0	546
MDB4241283.1	QIZ21243.1	88.235	187	22	0	1	187	1	187	1.20e-105	297
MDB4241284.1	QIZ21244.1	93.587	421	27	0	1	421	1	421	0.0	795
MDB4241285.1	QIZ21245.1	96.774	62	2	0	1	62	1	62	1.52e-40	122
MDB4241286.1	QIZ21246.1	84.444	45	7	0	1	45	242	286	2.31e-23	84.0
MDB4241287.1	QIZ21148.1	98.039	459	9	0	1	459	1	459	0.0	933
MDB4241288.1	QIZ21146.1	98.246	228	4	0	1	228	1	228	4.79e-168	458
MDB4241289.1	QIZ21299.1	96.996	233	7	0	1	233	78	310	4.38e-165	454
MDB4241290.1	QIZ21298.1	95.652	230	9	1	1	229	1	230	1.41e-158	434
MDB4241291.1	QIZ21297.1	96.774	186	6	0	1	186	1	186	3.87e-132	363
MDB4241292.1	QIZ21296.1	98.870	177	2	0	1	177	1	177	8.42e-127	356
MDB4241293.1	QIZ21293.1	97.101	138	4	0	1	138	32	169	9.19e-102	284
MDB4241294.1	QIZ21294.1	99.045	419	4	0	1	419	1	419	0.0	838
MDB4241295.1	QIZ21295.1	95.367	259	12	0	1	259	1	259	0.0	495
