MDA8835349.1	QIZ21076.1	96.360	467	17	0	1	467	230	696	0.0	924
MDA8835350.1	QIZ21075.1	85.326	184	27	0	1	184	1	184	1.00e-113	317
MDA8835351.1	QIZ21074.1	93.413	167	11	0	1	167	1	167	1.28e-115	320
MDA8835352.1	QIZ21073.1	93.388	121	8	0	1	121	1	121	3.11e-82	232
MDA8835353.1	QIZ21072.1	97.030	101	3	0	1	101	1	101	9.76e-68	194
MDA8835354.1	QIZ21071.1	97.211	251	7	0	1	251	1	251	0.0	501
MDA8835355.1	QIZ21070.1	92.050	239	19	0	1	239	1	239	7.22e-164	448
MDA8835356.1	QIZ21068.1	92.788	208	15	0	1	208	1	208	3.69e-142	390
MDA8835357.1	QIZ21067.1	100.000	196	0	0	1	196	1	196	4.14e-147	402
MDA8835358.1	QIZ21066.1	99.415	171	1	0	1	171	1	171	6.65e-123	339
MDA8835359.1	QIZ21065.1	98.242	455	8	0	1	455	1	455	0.0	894
MDA8835360.1	QIZ21064.1	90.751	173	16	0	1	173	1	173	3.52e-100	281
MDA8835361.1	QIZ21063.1	95.431	197	9	0	1	197	1	197	5.01e-138	379
MDA8835362.1	QIZ21062.1	95.000	140	7	0	1	140	1	140	9.48e-85	240
MDA8835363.1	QIZ21061.1	92.143	140	11	0	1	140	1	140	1.15e-93	263
MDA8835364.1	QIZ21060.1	93.722	223	14	0	1	223	1	223	1.54e-155	426
MDA8835365.1	QIZ21059.1	92.655	177	13	0	1	177	1	177	2.45e-115	321
MDA8835366.1	QIZ21058.1	92.830	265	19	0	1	265	1	265	0.0	493
MDA8835367.1	QIZ21057.1	91.282	195	17	0	1	195	1	195	5.59e-131	361
MDA8835368.1	QIZ21056.1	94.891	274	14	0	1	274	1	274	0.0	534
MDA8835369.1	QIZ21055.1	87.988	333	40	0	1	333	1	333	0.0	610
MDA8835372.1	QIZ21052.1	99.526	422	2	0	1	422	1	422	0.0	847
MDA8835373.1	QIZ21051.1	37.972	503	291	7	59	549	61	554	4.44e-96	299
MDA8835374.1	QIZ21050.1	93.002	443	31	0	1	443	1	443	0.0	821
MDA8835375.1	QIZ21049.1	95.024	623	31	0	1	623	1	623	0.0	1209
MDA8835376.1	QIZ21048.1	84.038	213	34	0	1	213	1	213	5.49e-130	360
MDA8835377.1	QIZ21047.1	93.182	264	18	0	1	264	1	264	0.0	505
MDA8835378.1	QIZ21046.1	88.298	282	33	0	1	282	1	282	0.0	501
MDA8835379.1	QIZ21045.1	80.967	331	63	0	1	331	1	331	0.0	534
MDA8835380.1	QIZ21044.1	55.714	140	60	1	15	154	17	154	2.17e-46	144
MDA8835381.1	QIZ21043.1	90.995	844	76	0	1	844	1	844	0.0	1587
MDA8835382.1	QIZ21042.1	71.348	178	47	3	5	182	5	178	7.56e-88	251
MDA8835383.1	QIZ21041.1	41.499	347	170	8	1	332	1	329	9.61e-65	203
MDA8835384.1	QIZ21040.1	82.222	180	32	0	1	180	1	180	5.20e-106	297
MDA8835385.1	QIZ21039.1	85.648	216	31	0	1	216	1	216	4.38e-140	386
MDA8835386.1	QIZ21038.1	88.608	158	18	0	1	158	5	162	1.43e-97	274
MDA8835387.1	QIZ21037.1	87.047	193	25	0	1	193	1	193	1.50e-116	325
MDA8835388.1	QIZ21036.1	85.761	309	44	0	1	309	1	309	0.0	555
MDA8835389.1	QIZ21035.1	94.000	200	12	0	18	217	18	217	3.87e-145	399
MDA8835390.1	QIZ21034.1	93.023	258	18	0	1	258	1	258	3.28e-178	486
MDA8835391.1	QIZ21033.1	95.745	376	13	1	1	376	1	373	0.0	728
MDA8835392.1	QIZ21032.1	96.764	649	19	1	1	647	1	649	0.0	1253
MDA8835393.1	QIZ21031.1	90.521	211	20	0	1	211	1	211	4.46e-137	378
MDA8835394.1	QIZ21030.1	95.000	200	10	0	1	200	1	200	1.70e-129	358
MDA8835395.1	QIZ21029.1	89.817	383	39	0	1	383	1	383	0.0	674
MDA8835396.1	QIZ21028.1	90.941	287	26	0	1	287	1	287	0.0	504
MDA8835397.1	QIZ21027.1	96.954	197	6	0	1	197	1	197	1.13e-137	379
MDA8835398.1	QIZ21026.1	90.682	762	70	1	1	762	1	761	0.0	1402
MDA8835399.1	QIZ21025.1	82.677	508	88	0	1	508	1	508	0.0	825
MDA8835400.1	QIZ21024.1	85.886	333	47	0	1	333	1	333	0.0	588
MDA8835401.1	QIZ21023.1	94.444	180	10	0	1	180	1	180	1.81e-124	343
MDA8835403.1	QIZ21022.1	88.253	332	39	0	1	332	1	332	0.0	611
MDA8835404.1	QIZ21021.1	92.969	128	9	0	1	128	1	128	5.12e-86	242
MDA8835405.1	QIZ21020.1	100.000	136	0	0	1	136	1	136	1.23e-97	272
MDA8835406.1	QIZ21019.1	94.286	455	26	0	1	455	1	455	0.0	856
MDA8835407.1	QIZ21018.1	98.198	333	6	0	1	333	1	333	0.0	661
MDA8835408.1	QIZ21017.1	92.157	153	12	0	1	153	1	153	4.99e-89	252
MDA8835409.1	QIZ21016.1	90.581	499	47	0	16	514	19	517	0.0	849
MDA8835410.1	QIZ21015.1	97.429	389	10	0	1	389	1	389	0.0	788
MDA8835411.1	QIZ21014.1	99.623	530	2	0	1	530	1	530	0.0	1057
MDA8835412.1	QIZ21013.1	97.422	737	15	2	1	734	1	736	0.0	1442
MDA8835413.1	QIZ21012.1	99.180	122	1	0	1	122	1	122	2.78e-86	243
MDA8835414.1	QIZ21011.1	100.000	82	0	0	1	82	1	82	9.37e-56	162
MDA8835415.1	QIZ21010.1	97.971	690	14	0	1	690	1	690	0.0	1376
MDA8835416.1	QIZ21009.1	91.270	126	11	0	1	126	1	126	8.61e-86	242
MDA8835417.1	QIZ21008.1	98.084	261	5	0	1	261	1	261	0.0	526
MDA8835418.1	QIZ21007.1	87.841	403	49	0	1	403	1	403	0.0	750
MDA8835419.1	QIZ21006.1	98.193	166	3	0	1	166	1	166	1.31e-120	333
MDA8835420.1	QIZ21005.1	92.958	142	10	0	1	142	1	142	6.31e-97	271
MDA8835421.1	QIZ21004.1	99.275	138	1	0	1	138	1	138	2.86e-101	281
MDA8835422.1	QIZ21003.1	96.840	443	14	0	1	443	1	443	0.0	901
MDA8835423.1	QIZ21002.1	88.832	197	22	0	1	197	1	197	2.13e-131	362
MDA8835424.1	QIZ21001.1	89.262	149	16	0	1	149	1	149	3.60e-96	270
MDA8835425.1	QIZ21000.1	94.821	251	13	0	1	251	1	251	2.22e-173	473
MDA8835426.1	QIZ20999.1	95.172	145	7	0	1	145	1	145	3.15e-101	282
MDA8835427.1	QIZ20998.1	92.519	401	30	0	1	401	1	401	0.0	760
MDA8835428.1	QIZ20997.1	97.701	522	12	0	1	522	1	522	0.0	1031
MDA8835429.1	QIZ20996.1	97.436	234	6	0	1	234	1	234	6.69e-173	471
MDA8835430.1	QIZ20995.1	93.031	287	20	0	1	287	1	287	0.0	510
MDA8835431.1	QIZ20994.1	98.837	86	1	0	1	86	1	86	1.23e-54	160
MDA8835432.1	QIZ20993.1	97.447	470	12	0	1	470	1	470	0.0	927
MDA8835433.1	QIZ20992.1	98.649	370	5	0	1	370	1	370	0.0	729
MDA8835434.1	QIZ20991.1	92.275	233	18	0	1	233	1	233	1.11e-148	409
MDA8835435.1	QIZ20990.1	94.059	404	24	0	1	404	1	404	0.0	759
MDA8835436.1	QIZ20989.1	98.378	370	6	0	1	370	92	461	0.0	743
MDA8835437.1	QIZ20989.1	96.053	76	3	0	1	76	1	76	5.52e-45	145
MDA8835438.1	QIZ20988.1	87.273	110	14	0	1	110	1	110	3.39e-67	196
MDA8835439.1	QIZ20988.1	95.556	45	2	0	1	45	127	171	2.04e-27	92.0
MDA8835440.1	QIZ20987.1	95.522	67	3	0	1	67	1	67	4.49e-31	99.0
MDA8835441.1	QIZ20986.1	93.119	218	15	0	1	218	1	218	4.14e-154	422
MDA8835442.1	QIZ20985.1	97.872	188	4	0	1	188	1	188	4.03e-140	384
MDA8835443.1	QIZ20984.1	97.175	177	5	0	1	177	1	177	9.08e-124	342
MDA8835444.1	QIZ20983.1	90.566	159	15	0	1	159	1	159	6.73e-94	265
MDA8835445.1	QIZ20982.1	95.455	198	9	0	1	198	1	198	5.24e-137	377
MDA8835446.1	QIZ20981.1	96.127	568	22	0	1	568	1	568	0.0	1030
MDA8835447.1	QIZ20980.1	91.776	304	25	0	1	304	1	304	0.0	500
MDA8835448.1	QIZ20979.1	99.074	108	1	0	1	108	1	108	3.71e-75	213
MDA8835449.1	QIZ20978.1	90.780	141	13	0	1	141	1	141	2.87e-91	256
MDA8835450.1	QIZ20977.1	95.620	799	35	0	1	799	3	801	0.0	1565
MDA8835451.1	QIZ21085.1	26.202	645	431	17	30	648	55	680	1.18e-52	188
MDA8835452.1	QIZ20976.1	97.872	141	3	0	1	141	1	141	1.39e-101	283
MDA8835453.1	QIZ20975.1	94.684	395	21	0	1	395	1	395	0.0	769
MDA8835454.1	QIZ20974.1	98.123	1012	19	0	1	1012	1	1012	0.0	2067
MDA8835455.1	QIZ20973.1	91.489	423	36	0	1	423	1	423	0.0	785
MDA8835456.1	QIZ20972.1	95.932	295	12	0	1	295	1	295	0.0	563
MDA8835457.1	QIZ20971.1	92.917	240	17	0	1	240	1	240	6.65e-156	429
MDA8835458.1	QIZ20970.1	97.704	479	11	0	1	479	1	479	0.0	963
MDA8835459.1	QIZ20969.1	97.668	1501	35	0	1	1501	1	1501	0.0	3038
MDA8835460.1	QIZ20968.1	90.034	291	29	0	1	291	1	291	0.0	522
MDA8835461.1	QIZ20967.1	92.032	251	20	0	1	251	1	251	8.88e-161	441
MDA8835462.1	QIZ20966.1	94.010	384	23	0	1	384	1	384	0.0	718
MDA8835463.1	QIZ20965.1	98.589	638	9	0	1	638	1	638	0.0	1304
MDA8835464.1	QIZ20964.1	99.448	181	1	0	1	181	1	181	5.56e-133	365
MDA8835465.1	QIZ20963.1	98.529	68	1	0	1	68	1	68	1.82e-44	132
MDA8835466.1	QIZ20962.1	98.305	118	2	0	1	118	1	118	1.40e-84	238
MDA8835467.1	QIZ20961.1	94.648	355	19	0	1	355	1	355	0.0	697
MDA8835468.1	QIZ20960.1	83.541	802	132	0	1	802	1	802	0.0	1331
MDA8835469.1	QIZ20959.1	98.328	598	10	0	1	598	4	601	0.0	1202
MDA8835470.1	QIZ20952.1	98.832	685	8	0	1	685	1	685	0.0	1379
MDA8835471.1	QIZ20951.1	91.549	426	36	0	1	426	1	426	0.0	746
MDA8835472.1	QIZ20950.1	96.013	602	24	0	1	602	1	602	0.0	1128
MDA8835473.1	QIZ20949.1	98.765	324	4	0	1	324	1	324	0.0	668
MDA8835474.1	QIZ20948.1	100.000	175	0	0	1	175	1	175	4.07e-131	360
MDA8835475.1	QIZ20947.1	86.047	86	12	0	1	86	10	95	4.01e-49	146
MDA8835476.1	QIZ20946.1	88.587	368	42	0	1	368	1	368	0.0	630
MDA8835477.1	QIZ20945.1	89.412	170	18	0	1	170	1	170	4.20e-109	304
MDA8835479.1	QIZ20944.1	90.444	586	56	0	1	586	1	586	0.0	1042
MDA8835480.1	QIZ20943.1	97.093	172	5	0	1	172	1	172	2.59e-122	337
MDA8835481.1	QIZ20942.1	88.387	310	36	0	1	310	1	310	0.0	560
MDA8835482.1	QIZ20941.1	96.341	246	9	0	1	246	1	246	1.14e-175	479
MDA8835483.1	QIZ20940.1	96.226	159	6	0	1	159	1	159	2.64e-113	314
MDA8835484.1	QIZ20939.1	94.175	309	18	0	1	309	1	309	0.0	605
MDA8835485.1	QIZ21069.1	69.355	62	19	0	1	62	1	62	3.67e-30	96.7
MDA8835486.1	QIZ20937.1	97.135	384	11	0	1	384	1	384	0.0	758
MDA8835487.1	QIZ20936.1	98.182	275	5	0	1	275	1	275	0.0	556
MDA8835488.1	QIZ20935.1	97.758	223	5	0	1	223	1	223	2.70e-162	443
MDA8835489.1	QIZ20934.1	85.069	288	43	0	1	288	1	288	3.92e-174	478
MDA8835490.1	QIZ20933.1	98.208	558	10	0	1	558	1	558	0.0	1121
MDA8835491.1	QIZ20932.1	100.000	83	0	0	1	83	1	83	7.85e-58	167
MDA8835492.1	QIZ20931.1	96.491	114	4	0	1	114	1	114	6.26e-73	208
MDA8835493.1	QIZ20930.1	100.000	54	0	0	1	54	1	54	3.72e-33	103
MDA8835494.1	QIZ20929.1	80.335	239	47	0	1	239	1	239	2.29e-143	396
MDA8835495.1	QIZ20928.1	100.000	65	0	0	10	74	1	65	4.74e-43	129
MDA8835496.1	QIZ20927.1	97.838	185	4	0	1	185	1	185	7.96e-134	368
MDA8835497.1	QIZ20926.1	95.923	417	17	0	1	417	1	417	0.0	798
MDA8835498.1	QIZ20925.1	96.947	131	4	0	1	131	1	131	2.75e-90	253
MDA8835499.1	QIZ20924.1	96.495	428	15	0	1	428	1	428	0.0	820
MDA8835500.1	QIZ20923.1	100.000	71	0	0	1	71	1	71	2.42e-50	147
MDA8835501.1	QIZ21496.1	75.385	65	16	0	3	67	2	66	5.04e-32	101
MDA8835502.1	QIZ20922.1	70.450	467	134	3	1	465	1	465	0.0	650
MDA8835503.1	QIZ20921.1	47.714	350	178	3	1	349	1	346	1.84e-113	329
MDA8835504.1	QIZ20920.1	52.838	229	107	1	1	229	1	228	1.65e-79	234
MDA8835506.1	QIZ20908.1	55.022	229	97	3	1	223	1	229	3.89e-80	236
MDA8835507.1	QIZ20898.1	36.059	477	294	7	3	475	4	473	1.31e-99	303
MDA8835508.1	QIZ20897.1	60.748	107	39	2	1	105	1	106	5.86e-44	134
MDA8835509.1	QIZ20896.1	48.826	426	210	6	1	422	1	422	1.03e-142	409
MDA8835510.1	QIZ20895.1	89.935	308	31	0	1	308	1	308	0.0	591
MDA8835511.1	QIZ20894.1	97.736	265	6	0	1	265	1	265	0.0	514
MDA8835512.1	QIZ20893.1	97.073	410	12	0	1	410	1	410	0.0	822
MDA8835513.1	QIZ20892.1	93.780	209	13	0	1	209	1	209	1.53e-144	397
MDA8835514.1	QIZ20891.1	93.450	229	15	0	1	229	2	230	2.31e-158	433
MDA8835515.1	QIZ20890.1	98.947	95	1	0	1	95	1	95	3.45e-66	189
MDA8835516.1	QIZ20889.1	98.785	576	7	0	1	576	1	576	0.0	1152
MDA8835517.1	QIZ20888.1	96.774	217	7	0	1	217	1	217	8.00e-153	418
MDA8835518.1	QIZ20887.1	93.160	424	29	0	19	442	19	442	0.0	764
MDA8835519.1	QIZ20886.1	96.512	258	9	0	1	258	1	258	0.0	502
MDA8835520.1	QIZ20885.1	80.928	194	37	0	1	194	1	194	5.40e-112	313
MDA8835521.1	QIZ20884.1	95.192	312	15	0	12	323	12	323	0.0	583
MDA8835522.1	QIZ20883.1	98.030	203	4	0	1	203	1	203	1.47e-149	409
MDA8835523.1	QIZ20882.1	96.273	322	12	0	1	322	1	322	0.0	639
MDA8835524.1	QIZ20881.1	95.181	166	8	0	1	166	1	166	3.16e-118	327
MDA8835525.1	QIZ20880.1	92.222	270	21	0	1	270	1	270	1.54e-166	457
MDA8835526.1	QIZ20879.1	95.181	166	8	0	1	166	1	166	9.79e-117	332
MDA8835528.1	QIZ21533.1	77.451	102	23	0	1	102	1	102	8.18e-57	167
MDA8835529.1	QIZ21532.1	88.362	232	27	0	1	232	1	232	2.54e-135	375
MDA8835530.1	QIZ21531.1	89.489	352	37	0	1	352	1	352	0.0	620
MDA8835531.1	QIZ21530.1	84.544	537	78	2	3	538	4	536	0.0	870
MDA8835532.1	QIZ21527.1	76.331	338	80	0	1	338	1	338	0.0	561
MDA8835533.1	QIZ21525.1	98.118	425	7	1	1	424	1	425	0.0	868
MDA8835535.1	QIZ21524.1	90.336	476	46	0	1	476	1	476	0.0	893
MDA8835536.1	QIZ21523.1	97.627	295	7	0	1	295	1	295	0.0	597
MDA8835537.1	QIZ21522.1	72.673	333	91	0	1	333	1	333	0.0	521
MDA8835538.1	QIZ21521.1	89.109	202	22	0	1	202	1	202	1.40e-141	389
MDA8835539.1	QIZ21520.1	96.774	155	5	0	8	162	1	155	1.81e-114	317
MDA8835540.1	QIZ21519.1	95.968	124	5	0	1	124	1	124	9.48e-89	249
MDA8835541.1	QIZ21344.1	63.121	282	103	1	1	281	1	282	1.58e-124	352
MDA8835542.1	QIZ21518.1	74.843	318	80	0	1	318	1	318	4.47e-178	491
MDA8835543.1	QIZ21517.1	72.222	72	20	0	1	72	1	72	5.69e-33	104
MDA8835544.1	QIZ21516.1	96.660	539	18	0	1	539	1	539	0.0	1090
MDA8835545.1	QIZ21515.1	89.590	317	33	0	1	317	1	317	0.0	597
MDA8835546.1	QIZ21514.1	87.550	249	31	0	1	249	1	249	1.09e-162	446
MDA8835547.1	QIZ21513.1	94.321	810	46	0	1	810	1	810	0.0	1580
MDA8835548.1	QIZ21512.1	73.109	119	32	0	1	119	48	166	2.32e-64	188
MDA8835549.1	QIZ21511.1	86.772	189	25	0	1	189	1	189	1.10e-125	347
MDA8835553.1	QIZ21510.1	51.128	133	65	0	1	133	6	138	3.05e-45	140
MDA8835554.1	QIZ21509.1	96.169	261	10	0	1	261	1	261	0.0	509
MDA8835555.1	QIZ21508.1	97.581	124	3	0	1	124	1	124	1.96e-91	256
MDA8835556.1	QIZ21507.1	73.881	134	35	0	1	134	1	134	6.07e-73	210
MDA8835557.1	QIZ21506.1	73.804	397	104	0	1	397	1	397	0.0	644
MDA8835558.1	QIZ21505.1	98.347	242	4	0	1	242	1	242	1.24e-178	486
MDA8835559.1	QIZ21504.1	96.903	452	14	0	1	452	1	452	0.0	917
MDA8835560.1	QIZ21503.1	97.790	181	4	0	1	181	1	181	1.82e-125	346
MDA8835562.1	QIZ21502.1	97.537	203	5	0	1	203	1	203	3.81e-144	395
MDA8835563.1	QIZ21501.1	97.273	550	15	0	1	550	1	550	0.0	1105
MDA8835564.1	QIZ21500.1	97.214	323	9	0	1	323	1	323	0.0	653
MDA8835565.1	QIZ21499.1	94.479	163	9	0	1	163	1	163	3.43e-111	309
MDA8835566.1	QIZ21498.1	93.966	348	21	0	1	348	1	348	0.0	645
MDA8835567.1	QIZ21497.1	96.774	155	5	0	1	155	1	155	7.10e-110	305
MDA8835568.1	QIZ21496.1	100.000	68	0	0	1	68	1	68	2.29e-47	140
MDA8835569.1	QIZ21495.1	90.476	252	24	0	1	252	1	252	1.44e-174	476
MDA8835570.1	QIZ21494.1	78.261	115	25	0	1	115	1	115	5.46e-68	196
MDA8835571.1	QIZ21493.1	82.258	248	44	0	1	248	1	248	8.93e-144	398
MDA8835572.1	QIZ21492.1	56.164	146	64	0	1	146	1	146	8.25e-57	170
MDA8835573.1	QIZ21491.1	79.612	103	21	0	1	103	1	103	5.59e-45	137
MDA8835574.1	QIZ21490.1	94.346	283	16	0	1	283	1	283	0.0	531
MDA8835575.1	QIZ21489.1	87.692	195	24	0	1	195	1	195	1.74e-127	352
MDA8835576.1	QIZ21488.1	96.994	998	30	0	1	998	1	998	0.0	2011
MDA8835577.1	QIZ21487.1	97.727	88	2	0	1	88	1	88	1.06e-64	185
MDA8835578.1	QIZ21486.1	97.368	418	11	0	1	418	1	418	0.0	853
MDA8835579.1	QIZ21485.1	99.109	561	5	0	1	561	1	561	0.0	1143
MDA8835580.1	QIZ21484.1	91.255	263	23	0	1	263	1	263	0.0	496
MDA8835581.1	QIZ21483.1	91.990	387	31	0	1	387	1	387	0.0	738
MDA8835582.1	QIZ21482.1	96.875	64	2	0	1	64	1	64	1.58e-41	125
MDA8835583.1	QIZ21481.1	94.737	342	18	0	1	342	1	342	0.0	651
MDA8835584.1	QIZ21480.1	93.454	443	29	0	1	443	1	443	0.0	876
MDA8835585.1	QIZ21479.1	89.819	717	73	0	1	717	1	717	0.0	1298
MDA8835586.1	QIZ21478.1	88.529	340	39	0	1	340	1	340	0.0	619
MDA8835587.1	QIZ21477.1	73.295	176	47	0	3	178	8	183	3.72e-81	234
MDA8835588.1	QIZ21476.1	76.800	125	28	1	1	125	1	124	3.35e-67	194
MDA8835589.1	QIZ21475.1	68.707	147	46	0	7	153	1	147	9.45e-67	196
MDA8835590.1	QIZ21474.1	92.038	314	25	0	1	314	1	314	0.0	608
MDA8835591.1	QIZ21473.1	93.161	775	53	0	1	775	1	775	0.0	1519
MDA8835592.1	QIZ21472.1	80.702	114	22	0	3	116	2	115	2.35e-65	189
MDA8835593.1	QIZ21471.1	87.330	442	56	0	1	442	1	442	0.0	822
MDA8835594.1	QIZ21470.1	98.160	489	9	0	1	489	1	489	0.0	1016
MDA8835595.1	QIZ21469.1	97.134	314	9	0	1	314	1	314	0.0	629
MDA8835596.1	QIZ21468.1	98.239	284	5	0	1	284	1	284	0.0	571
MDA8835597.1	QIZ21467.1	98.312	474	8	0	1	474	1	474	0.0	970
MDA8835598.1	QIZ21466.1	96.992	133	4	0	1	133	1	133	1.80e-96	269
MDA8835599.1	QIZ21465.1	96.781	466	15	0	1	466	1	466	0.0	912
MDA8835600.1	QIZ21464.1	94.595	74	4	0	1	74	1	74	1.44e-49	146
MDA8835602.1	QIZ21463.1	72.260	292	81	0	1	292	1	292	6.90e-157	435
MDA8835603.1	QIZ21462.1	67.727	220	64	2	11	226	11	227	1.49e-104	297
MDA8835604.1	QIZ21461.1	75.822	426	103	0	10	435	14	439	0.0	599
MDA8835605.1	QIZ21460.1	81.633	441	81	0	1	441	1	441	0.0	765
MDA8835606.1	QIZ21459.1	85.526	380	55	0	1	380	1	380	0.0	679
MDA8835607.1	QIZ21458.1	91.543	473	40	0	1	473	1	473	0.0	895
MDA8835608.1	QIZ21457.1	90.647	139	13	0	1	139	1	139	5.52e-95	266
MDA8835609.1	QIZ21456.1	88.352	352	41	0	1	352	1	352	0.0	593
MDA8835610.1	QIZ21455.1	93.571	140	9	0	1	140	1	140	2.96e-97	272
MDA8835611.1	QIZ21454.1	89.952	418	42	0	15	432	16	433	0.0	719
MDA8835612.1	QIZ21453.1	89.252	214	23	0	1	214	1	214	2.04e-114	321
MDA8835613.1	QIZ21452.1	97.075	889	26	0	1	889	1	889	0.0	1779
MDA8835614.1	QIZ21451.1	76.531	196	45	1	1	195	1	196	3.78e-99	281
MDA8835615.1	QIZ21450.1	90.265	113	11	0	1	113	1	113	1.25e-74	212
MDA8835616.1	QIZ21449.1	87.626	396	49	0	1	396	1	396	0.0	734
MDA8835620.1	QIZ20485.1	31.034	493	308	6	6	482	9	485	1.78e-84	264
MDA8835621.1	QIZ21448.1	94.351	478	27	0	1	478	1	478	0.0	915
MDA8835622.1	QIZ21447.1	95.597	318	14	0	1	318	1	318	0.0	636
MDA8835624.1	QIZ21079.1	95.050	505	25	0	7	511	14	518	0.0	949
MDA8835626.1	QIZ21080.1	94.977	219	11	0	1	219	1	219	4.20e-150	412
MDA8835627.1	QIZ21081.1	94.915	118	6	0	1	118	1	118	1.43e-80	228
MDA8835628.1	QIZ21082.1	97.508	602	15	0	1	602	1	602	0.0	1181
MDA8835629.1	QIZ21083.1	98.837	86	1	0	1	86	1	86	1.07e-61	177
MDA8835630.1	QIZ21084.1	94.203	207	12	0	1	207	1	207	1.57e-143	394
MDA8835631.1	QIZ21085.1	95.639	642	28	0	40	681	39	680	0.0	1279
MDA8835632.1	QIZ21086.1	93.431	137	9	0	1	137	1	137	1.12e-94	265
MDA8835633.1	QIZ21088.1	97.479	357	9	0	1	357	1	357	0.0	709
MDA8835634.1	QIZ21089.1	94.463	307	17	0	1	307	1	307	0.0	583
MDA8835635.1	QIZ21090.1	93.534	232	15	0	1	232	1	232	5.44e-162	443
MDA8835636.1	QIZ21091.1	87.812	361	44	0	1	361	1	361	0.0	593
MDA8835637.1	QIZ21092.1	96.875	96	3	0	1	96	1	96	2.20e-62	180
MDA8835638.1	QIZ21093.1	98.577	281	4	0	1	281	1	281	0.0	554
MDA8835639.1	QIZ21094.1	92.727	330	24	0	1	330	21	350	0.0	639
MDA8835642.1	QIZ21095.1	92.818	362	26	0	1	362	1	362	0.0	662
MDA8835643.1	QIZ21096.1	95.339	236	11	0	1	236	1	236	6.45e-168	458
MDA8835644.1	QIZ21097.1	97.531	81	2	0	1	81	1	81	1.22e-51	164
MDA8835645.1	QIZ21097.1	97.150	386	11	0	1	386	110	495	0.0	780
MDA8835646.1	QIZ21099.1	92.500	40	3	0	1	40	1	40	5.00e-22	74.3
MDA8835647.1	QIZ21100.1	90.441	136	13	0	1	136	1	136	1.89e-85	241
MDA8835648.1	QIZ21102.1	84.577	201	31	0	1	201	1	201	6.98e-105	296
MDA8835650.1	QIZ21103.1	90.526	380	36	0	1	380	1	380	0.0	714
MDA8835651.1	QIZ21104.1	100.000	126	0	0	1	126	1	126	7.68e-88	247
MDA8835652.1	QIZ21105.1	96.053	152	6	0	1	152	1	152	1.05e-106	296
MDA8835653.1	QIZ21106.1	91.220	205	18	0	1	205	1	205	1.15e-139	384
MDA8835654.1	QIZ21107.1	97.975	395	8	0	1	395	1	395	0.0	791
MDA8835655.1	QIZ21108.1	73.810	168	44	0	1	168	1	168	6.29e-93	263
MDA8835656.1	QIZ21109.1	76.522	345	81	0	1	345	1	345	0.0	582
MDA8835657.1	QIZ21110.1	96.838	253	8	0	1	253	1	253	1.41e-178	486
MDA8835658.1	QIZ21111.1	99.123	114	1	0	1	114	1	114	1.95e-79	224
MDA8835659.1	QIZ21112.1	95.082	183	9	0	1	183	1	183	3.00e-127	351
MDA8835660.1	QIZ21113.1	100.000	106	0	0	1	106	1	106	1.12e-77	219
MDA8835661.1	QIZ21114.1	97.034	236	7	0	1	236	1	236	8.20e-169	460
MDA8835662.1	QIZ21115.1	93.333	75	5	0	1	75	1	75	1.39e-48	144
MDA8835663.1	QIZ21116.1	94.203	138	8	0	1	138	1	138	6.82e-94	263
MDA8835664.1	QIZ21117.1	94.720	625	33	0	1	625	1	625	0.0	1117
MDA8835665.1	QIZ21118.1	90.173	173	17	0	1	173	1	173	9.03e-116	321
MDA8835666.1	QIZ21119.1	96.032	126	5	0	1	126	1	126	1.93e-75	215
MDA8835667.1	QIZ21120.1	96.450	169	6	0	1	169	1	169	5.75e-120	331
MDA8835668.1	QIZ21122.1	92.167	383	30	0	1	383	1	383	0.0	754
MDA8835669.1	QIZ21123.1	87.306	386	49	0	1	386	1	386	0.0	698
MDA8835670.1	QIZ21124.1	33.492	421	271	6	57	473	41	456	5.48e-74	236
MDA8835673.1	QIZ21125.1	94.006	317	19	0	1	317	1	317	0.0	614
MDA8835674.1	QIZ21126.1	86.420	405	52	1	1	405	1	402	0.0	643
MDA8835675.1	QIZ21127.1	89.444	360	38	0	1	360	1	360	0.0	624
MDA8835676.1	QIZ21128.1	99.433	353	2	0	1	353	1	353	0.0	708
MDA8835677.1	QIZ21129.1	98.043	511	10	0	1	511	1	511	0.0	1036
MDA8835678.1	QIZ21130.1	98.601	286	4	0	1	286	1	286	0.0	563
MDA8835679.1	QIZ21131.1	99.645	282	1	0	1	282	1	282	0.0	552
MDA8835680.1	QIZ21132.1	97.493	359	9	0	1	359	1	359	0.0	700
MDA8835681.1	QIZ21133.1	90.196	357	35	0	1	357	1	357	0.0	674
MDA8835684.1	QIZ21134.1	92.487	386	28	1	1	386	1	385	0.0	725
MDA8835685.1	QIZ21135.1	93.299	194	13	0	1	194	2	195	3.27e-140	385
MDA8835686.1	QIZ21136.1	97.130	453	13	0	1	453	1	453	0.0	869
MDA8835687.1	QIZ21137.1	85.843	445	63	0	1	445	1	445	0.0	764
MDA8835688.1	QIZ21138.1	88.136	59	7	0	1	59	1	59	8.16e-34	105
MDA8835689.1	QIZ21139.1	92.833	293	21	0	1	293	1	293	0.0	518
MDA8835690.1	QIZ21141.1	75.936	187	45	0	1	187	1	187	2.99e-104	293
MDA8835691.1	QIZ21142.1	95.738	305	13	0	1	305	1	305	0.0	585
MDA8835692.1	QIZ21143.1	91.971	274	22	0	1	274	1	274	9.00e-179	489
MDA8835693.1	QIZ21144.1	96.239	452	17	0	1	452	1	452	0.0	878
MDA8835694.1	QIZ21145.1	99.065	107	1	0	1	107	1	107	2.80e-75	219
MDA8835695.1	QIZ21146.1	96.930	228	7	0	1	228	1	228	2.16e-165	451
MDA8835696.1	QIZ21148.1	98.715	467	6	0	1	467	1	467	0.0	955
MDA8835697.1	QIZ21149.1	98.522	203	3	0	1	203	9	211	3.56e-147	403
MDA8835698.1	QIZ21150.1	99.185	368	3	0	1	368	1	368	0.0	746
MDA8835699.1	QIZ21151.1	98.637	587	8	0	1	587	1	587	0.0	1197
MDA8835700.1	QIZ21152.1	98.155	542	10	0	1	542	1	542	0.0	1110
MDA8835701.1	QIZ21153.1	91.085	258	23	0	1	258	1	258	1.13e-178	487
MDA8835702.1	QIZ21154.1	95.393	369	17	0	1	369	1	369	0.0	715
MDA8835703.1	QIZ21155.1	94.895	333	17	0	1	333	1	333	0.0	650
MDA8835704.1	QIZ21156.1	94.488	127	7	0	1	127	1	127	3.99e-85	240
MDA8835705.1	QIZ21157.1	90.741	108	10	0	1	108	1	108	1.20e-58	171
MDA8835706.1	QIZ21158.1	98.644	590	8	0	1	590	1	590	0.0	1221
MDA8835707.1	QIZ21159.1	94.805	231	12	0	1	231	27	257	1.45e-166	455
MDA8835708.1	QIZ21160.1	98.390	497	8	0	1	497	1	497	0.0	1009
MDA8835709.1	QIZ21161.1	99.375	320	2	0	1	320	1	320	0.0	635
MDA8835710.1	QIZ21162.1	94.041	386	23	0	1	386	1	386	0.0	731
MDA8835711.1	QIZ21163.1	97.251	291	8	0	1	291	1	291	0.0	572
MDA8835712.1	QIZ21164.1	89.669	968	99	1	1	967	1	968	0.0	1842
MDA8835713.1	QIZ21165.1	96.000	425	17	0	1	425	1	425	0.0	825
MDA8835714.1	QIZ21166.1	96.352	466	17	0	1	466	1	466	0.0	920
MDA8835716.1	QIZ20492.1	85.088	228	34	0	1	228	31	258	2.80e-147	407
MDA8835717.1	QIZ20491.1	94.632	503	27	0	3	505	4	506	0.0	989
MDA8835718.1	QIZ20490.1	96.753	308	10	0	1	308	1	308	0.0	610
MDA8835719.1	QIZ20489.1	97.521	363	9	0	1	363	1	363	0.0	734
MDA8835720.1	QIZ20488.1	96.804	219	7	0	1	219	1	219	1.92e-161	440
MDA8835721.1	QIZ20487.1	98.413	441	7	0	1	441	1	441	0.0	838
MDA8835722.1	QIZ20486.1	97.297	296	8	0	1	296	1	296	0.0	562
MDA8835723.1	QIZ20485.1	94.043	470	28	0	1	470	16	485	0.0	837
MDA8835724.1	QIZ20484.1	96.371	248	9	0	1	248	1	248	2.06e-179	488
MDA8835725.1	QIZ20483.1	76.168	214	50	1	1	213	2	215	1.11e-113	319
MDA8835727.1	QIZ20482.1	77.143	140	32	0	1	140	1	140	3.31e-81	231
MDA8835728.1	QIZ20481.1	74.661	221	56	0	1	221	1	221	1.52e-121	340
MDA8835729.1	QIZ20480.1	65.294	170	59	0	13	182	13	182	1.77e-79	230
MDA8835733.1	QIZ20479.1	80.000	80	16	0	1	80	1	80	8.19e-46	137
MDA8835734.1	QIZ20478.1	90.816	490	28	2	1	477	1	486	0.0	861
MDA8835735.1	QIZ20477.1	95.567	203	9	0	1	203	1	203	4.87e-148	405
MDA8835736.1	QIZ20476.1	99.526	422	2	0	1	422	1	422	0.0	862
MDA8835737.1	QIZ20475.1	97.985	794	16	0	1	794	1	794	0.0	1577
MDA8835738.1	QIZ20474.1	98.361	122	2	0	1	122	1	122	2.15e-84	238
MDA8835739.1	QIZ20473.1	98.266	173	3	0	1	173	1	173	2.57e-131	360
MDA8835740.1	QIZ20472.1	96.535	202	7	0	1	202	1	202	1.53e-146	401
MDA8835741.1	QIZ20471.1	99.233	391	3	0	1	391	1	391	0.0	804
MDA8835742.1	QIZ20470.1	94.059	202	12	0	1	202	1	202	5.70e-146	400
MDA8835743.1	QIZ20469.1	97.291	443	12	0	1	443	1	443	0.0	896
MDA8835744.1	QIZ20468.1	95.876	679	28	0	1	679	1	679	0.0	1360
MDA8835745.1	QIZ20467.1	96.687	332	11	0	1	332	1	332	0.0	642
MDA8835746.1	QIZ20466.1	98.758	161	2	0	1	161	1	161	1.81e-120	332
MDA8835747.1	QIZ20465.1	95.238	210	10	0	1	210	1	210	6.55e-148	405
MDA8835748.1	QIZ20464.1	92.233	103	8	0	1	103	1	103	1.30e-51	153
MDA8835749.1	QIZ20463.1	93.721	637	40	0	1	637	1	637	0.0	1212
MDA8835750.1	QIZ20462.1	94.970	497	25	0	1	497	1	497	0.0	961
MDA8835751.1	QIZ20461.1	96.815	471	15	0	1	471	1	471	0.0	900
MDA8835752.1	QIZ20460.1	88.235	187	22	0	1	187	1	187	5.40e-116	323
MDA8835753.1	QIZ20459.1	91.129	248	22	0	1	248	1	248	1.57e-150	415
MDA8835754.1	QIZ20458.1	96.189	551	21	0	1	551	1	551	0.0	1106
MDA8835755.1	QIZ20457.1	95.062	81	4	0	1	81	1	81	2.32e-45	136
MDA8835756.1	QIZ20456.1	95.270	444	21	0	1	444	1	444	0.0	866
MDA8835757.1	QIZ20455.1	93.415	410	27	0	1	410	1	410	0.0	721
MDA8835758.1	QIZ20454.1	91.228	228	20	0	1	228	1	228	4.47e-151	415
MDA8835759.1	QIZ20453.1	95.079	1138	56	0	1	1138	1	1138	0.0	2220
MDA8835761.1	QIZ20452.1	92.933	283	20	0	1	283	1	283	0.0	525
MDA8835762.1	QIZ20451.1	97.110	173	5	0	1	173	11	183	1.36e-121	336
MDA8835763.1	QIZ20450.1	87.111	225	29	0	1	225	1	225	3.43e-126	352
MDA8835764.1	QIZ20449.1	87.273	220	28	0	1	220	1	220	6.30e-123	343
MDA8835765.1	QIZ20448.1	81.186	388	73	0	1	388	1	388	0.0	620
MDA8835767.1	QIZ20447.1	64.497	169	57	1	4	172	8	173	5.86e-58	175
MDA8835768.1	QIZ20446.1	97.260	146	4	0	5	150	1	146	1.49e-106	296
MDA8835769.1	QIZ20445.1	88.957	326	36	0	1	326	1	326	0.0	579
MDA8835770.1	QIZ20444.1	91.923	260	21	0	1	260	1	260	0.0	493
MDA8835771.1	QIZ20443.1	85.824	261	37	0	1	261	1	261	4.62e-142	395
MDA8835772.1	QIZ20442.1	91.512	377	32	0	1	377	1	377	0.0	662
MDA8835773.1	QIZ20441.1	91.202	466	41	0	1	466	1	466	0.0	878
MDA8835774.1	QIZ20440.1	98.222	225	4	0	1	225	1	225	5.99e-164	447
MDA8835775.1	QIZ20439.1	96.578	263	9	0	1	263	1	263	0.0	493
MDA8835776.1	QIZ20438.1	93.636	330	21	0	1	330	1	330	0.0	625
MDA8835777.1	QIZ20437.1	91.623	191	16	0	1	191	1	191	2.73e-128	354
MDA8835778.1	QIZ20436.1	86.364	484	66	0	1	484	1	484	0.0	810
MDA8835779.1	QIZ20435.1	66.808	473	157	0	1	473	1	473	0.0	569
MDA8835780.1	QIZ20434.1	91.463	246	21	0	1	246	1	246	3.53e-169	462
MDA8835781.1	QIZ20433.1	98.000	100	2	0	1	100	1	100	1.74e-66	191
MDA8835782.1	QIZ20432.1	97.212	538	15	0	1	538	1	538	0.0	1069
MDA8835783.1	QIZ20431.1	97.445	274	7	0	1	274	1	274	0.0	556
MDA8835784.1	QIZ20430.1	96.172	418	16	0	1	418	1	418	0.0	818
MDA8835785.1	QIZ20429.1	99.000	100	1	0	1	100	1	100	2.54e-64	185
MDA8835786.1	QIZ20428.1	85.714	308	44	0	1	308	1	308	0.0	543
MDA8835787.1	QIZ20427.1	73.793	145	38	0	1	145	1	145	1.03e-79	228
MDA8835788.1	QIZ20426.1	73.684	152	40	0	1	152	1	152	2.04e-73	212
MDA8835789.1	QIZ20425.1	92.814	167	12	0	1	167	1	167	6.09e-103	288
MDA8835790.1	QIZ20424.1	92.954	369	26	0	1	369	1	369	0.0	630
MDA8835791.1	QIZ20423.1	93.592	593	38	0	1	593	1	593	0.0	1048
MDA8835792.1	QIZ20422.1	95.122	451	22	0	1	451	1	451	0.0	845
MDA8835793.1	QIZ20421.1	96.112	463	18	0	1	463	1	463	0.0	830
MDA8835794.1	QIZ20420.1	89.683	252	15	1	1	241	1	252	1.84e-130	372
MDA8835795.1	QIZ20419.1	100.000	160	0	0	1	160	1	160	7.23e-115	325
MDA8835796.1	QIZ20420.1	94.326	141	8	0	1	141	329	469	1.33e-80	241
MDA8835797.1	QIZ20268.1	100.000	92	0	0	1	92	41	132	2.17e-65	189
MDA8835798.1	QIZ20269.1	99.558	226	1	0	1	226	1	226	4.83e-168	457
MDA8835799.1	QIZ20270.1	99.265	136	1	0	1	136	1	136	2.83e-98	274
MDA8835800.1	QIZ20271.1	98.413	63	1	0	1	63	1	63	1.62e-39	120
MDA8835801.1	QIZ20272.1	100.000	76	0	0	5	80	3	78	3.70e-51	150
MDA8835802.1	QIZ20273.1	99.180	122	1	0	1	122	1	122	2.52e-85	240
MDA8835803.1	QIZ20274.1	98.780	82	1	0	1	82	1	82	3.00e-52	153
MDA8835804.1	QIZ20275.1	99.457	184	1	0	1	184	1	184	1.12e-133	367
MDA8835805.1	QIZ20276.1	98.020	101	2	0	1	101	1	101	1.55e-70	201
MDA8835806.1	QIZ20277.1	99.237	131	1	0	1	131	1	131	5.57e-94	263
MDA8835807.1	QIZ20278.1	95.531	179	8	0	1	179	1	179	3.54e-122	338
MDA8835808.1	QIZ20279.1	99.153	118	1	0	1	118	1	118	7.21e-82	231
MDA8835809.1	QIZ20280.1	98.235	170	3	0	1	170	1	170	2.31e-121	335
MDA8835810.1	QIZ20281.1	98.693	153	2	0	1	153	1	153	2.85e-106	295
MDA8835811.1	QIZ20282.1	98.122	426	8	0	1	426	1	426	0.0	833
MDA8835812.1	QIZ20283.1	94.366	213	12	0	1	213	1	213	1.30e-152	417
MDA8835813.1	QIZ20284.1	99.213	127	1	0	1	127	1	127	4.54e-91	255
MDA8835814.1	QIZ20285.1	98.667	150	2	0	1	150	1	150	1.80e-107	298
MDA8835815.1	QIZ20286.1	98.538	342	5	0	1	342	1	342	0.0	682
MDA8835816.1	QIZ20287.1	98.621	145	2	0	1	145	1	145	1.78e-102	285
MDA8835817.1	QIZ20288.1	99.013	304	3	0	1	304	1	304	0.0	618
MDA8835818.1	QIZ20289.1	93.204	206	14	0	1	206	1	206	1.37e-138	382
MDA8835819.1	QIZ20290.1	98.249	457	8	0	1	457	1	457	0.0	901
MDA8835820.1	QIZ20291.1	86.786	280	37	0	1	280	1	280	5.24e-172	472
MDA8835821.1	QIZ20292.1	95.941	271	11	0	1	271	1	271	0.0	498
MDA8835822.1	QIZ20293.1	93.519	432	28	0	1	432	1	432	0.0	787
MDA8835823.1	QIZ20294.1	96.732	153	5	0	1	153	1	153	4.71e-108	300
MDA8835824.1	QIZ20295.1	91.000	100	9	0	1	100	1	100	6.46e-59	172
MDA8835825.1	QIZ20296.1	97.335	863	23	0	1	863	1	863	0.0	1727
MDA8835826.1	QIZ20297.1	94.764	191	10	0	1	191	1	191	2.90e-122	339
MDA8835827.1	QIZ20742.1	25.369	406	278	10	28	423	25	415	8.06e-35	129
MDA8835828.1	QIZ20298.1	98.722	313	4	0	1	313	1	313	0.0	638
MDA8835829.1	QIZ20299.1	98.675	151	2	0	1	151	1	151	2.08e-106	296
MDA8835830.1	QIZ20300.1	94.737	95	5	0	1	95	1	95	1.78e-61	177
MDA8835831.1	QIZ20301.1	97.938	485	10	0	1	485	1	485	0.0	972
MDA8835832.1	QIZ20302.1	96.130	491	19	0	1	491	1	491	0.0	951
MDA8835833.1	QIZ20303.1	93.519	216	14	0	1	216	1	216	7.36e-150	411
MDA8835834.1	QIZ20304.1	92.027	301	24	0	1	301	1	301	0.0	562
MDA8835835.1	QIZ20305.1	95.833	456	19	0	1	456	1	456	0.0	864
MDA8835836.1	QIZ20306.1	91.925	161	13	0	1	161	1	161	3.19e-110	306
MDA8835837.1	QIZ20310.1	94.444	90	2	1	1	87	1	90	9.83e-58	167
MDA8835838.1	QIZ20311.1	97.561	246	6	0	1	246	1	246	1.45e-170	466
MDA8835839.1	QIZ20312.1	94.510	255	14	0	1	255	1	255	2.62e-172	471
MDA8835840.1	QIZ20313.1	89.840	187	19	0	1	187	1	187	4.76e-124	343
MDA8835841.1	QIZ20314.1	93.713	1002	63	0	1	1002	1	1002	0.0	1979
MDA8835842.1	QIZ20315.1	98.901	91	1	0	1	91	1	91	1.82e-67	192
MDA8835843.1	QIZ20316.1	98.561	417	6	0	1	417	1	417	0.0	855
MDA8835844.1	QIZ20317.1	81.004	737	139	1	1	737	1	736	0.0	1241
MDA8835845.1	QIZ20318.1	93.174	293	20	0	1	293	1	293	0.0	570
MDA8835846.1	QIZ20319.1	98.718	156	2	0	1	156	1	156	4.17e-112	310
MDA8835847.1	QIZ20320.1	87.861	173	21	0	1	173	1	173	2.45e-105	295
MDA8835848.1	QIZ20321.1	87.009	585	72	1	1	581	1	585	0.0	1063
MDA8835849.1	QIZ20322.1	96.923	195	6	0	1	195	1	195	1.59e-135	373
MDA8835850.1	QIZ20323.1	91.213	239	21	0	1	239	1	239	9.77e-150	412
MDA8835851.1	QIZ20324.1	92.969	128	9	0	1	128	1	128	3.40e-81	230
MDA8835852.1	QIZ20325.1	94.262	244	14	0	1	244	1	244	3.40e-172	469
MDA8835853.1	QIZ20326.1	94.595	222	12	0	1	222	1	222	1.56e-151	416
MDA8835854.1	QIZ20327.1	96.018	226	9	0	1	226	1	226	2.82e-150	413
MDA8835855.1	QIZ20328.1	95.441	329	15	0	1	329	1	329	0.0	644
MDA8835856.1	QIZ20329.1	89.671	213	22	0	1	213	1	213	1.03e-151	415
MDA8835857.1	QIZ20330.1	93.617	141	9	0	1	141	1	141	4.07e-97	271
MDA8835858.1	QIZ20331.1	97.706	436	10	0	1	436	1	436	0.0	884
MDA8835859.1	QIZ20332.1	98.684	152	2	0	1	152	1	152	8.68e-110	304
MDA8835861.1	QIZ20333.1	94.924	197	10	0	1	197	1	197	1.74e-135	373
MDA8835862.1	QIZ20334.1	97.814	366	8	0	1	366	1	366	0.0	707
MDA8835863.1	QIZ20335.1	96.875	128	4	0	1	128	1	128	5.86e-89	249
MDA8835864.1	QIZ20336.1	98.507	134	2	0	1	134	1	134	6.09e-95	265
MDA8835865.1	QIZ20337.1	90.909	319	29	0	1	319	1	319	0.0	549
MDA8835866.1	QIZ20338.1	98.573	701	10	0	1	701	1	701	0.0	1349
MDA8835867.1	QIZ20339.1	90.196	153	15	0	1	153	1	153	4.95e-94	265
MDA8835868.1	QIZ20340.1	94.444	144	8	0	12	155	12	155	1.73e-85	243
MDA8835869.1	QIZ20341.1	98.333	60	1	0	1	60	1	60	5.22e-41	123
MDA8835870.1	QIZ20342.1	93.114	334	22	1	1	333	1	334	0.0	629
MDA8835871.1	QIZ20343.1	96.000	100	4	0	1	100	1	100	1.86e-65	188
MDA8835872.1	QIZ20344.1	96.800	125	4	0	1	125	1	125	3.27e-83	235
MDA8835873.1	QIZ20345.1	100.000	63	0	0	1	63	1	63	4.14e-41	124
MDA8835874.1	QIZ20346.1	98.958	96	1	0	1	96	1	96	2.66e-61	177
MDA8835875.1	QIZ20347.1	92.560	336	25	0	1	336	1	336	0.0	578
MDA8835876.1	QIZ20348.1	90.498	442	42	0	1	442	1	442	0.0	813
MDA8835877.1	QIZ20349.1	98.039	153	3	0	1	153	1	153	1.18e-110	306
MDA8835878.1	QIZ20350.1	95.302	149	7	0	1	149	1	149	2.05e-105	293
MDA8835879.1	QIZ20351.1	92.647	340	25	0	1	340	1	340	0.0	634
MDA8835880.1	QIZ20352.1	90.541	74	7	0	1	74	1	74	3.79e-46	137
MDA8835881.1	QIZ20353.1	95.349	430	20	0	1	430	1	430	0.0	785
MDA8835882.1	QIZ20354.1	86.333	300	41	0	1	300	1	300	0.0	522
MDA8835883.1	QIZ20355.1	96.691	272	9	0	1	272	1	272	0.0	525
MDA8835884.1	QIZ20753.1	96.629	623	21	0	1	623	15	637	0.0	1246
MDA8835885.1	QIZ20752.1	98.333	360	6	0	1	360	1	360	0.0	732
MDA8835886.1	QIZ20751.1	93.750	208	13	0	1	208	1	208	6.13e-148	405
MDA8835887.1	QIZ20750.1	97.923	337	7	0	1	337	1	337	0.0	667
MDA8835888.1	QIZ20749.1	98.881	268	3	0	1	268	1	268	0.0	522
MDA8835889.1	QIZ20748.1	95.918	294	12	0	1	294	1	294	0.0	601
MDA8835890.1	QIZ20747.1	88.227	688	81	0	1	688	1	688	0.0	1211
MDA8835891.1	QIZ20746.1	95.039	887	44	0	1	887	1	887	0.0	1750
MDA8835892.1	QIZ20745.1	88.809	277	31	0	1	277	1	277	0.0	502
MDA8835893.1	QIZ20744.1	91.489	329	28	0	1	329	1	329	0.0	629
MDA8835894.1	QIZ20743.1	84.014	294	47	0	1	294	1	294	0.0	500
MDA8835895.1	QIZ20742.1	93.318	434	29	0	1	434	1	434	0.0	845
MDA8835896.1	QIZ20741.1	86.364	110	15	0	1	110	1	110	2.14e-64	186
MDA8835897.1	QIZ20740.1	93.027	631	44	0	1	631	1	631	0.0	1228
MDA8835898.1	QIZ20739.1	86.166	253	35	0	1	253	1	253	1.22e-159	439
MDA8835899.1	QIZ20738.1	92.453	106	8	0	1	106	1	106	1.99e-72	206
MDA8835900.1	QIZ20737.1	92.308	338	26	0	1	338	1	338	0.0	617
MDA8835901.1	QIZ20736.1	84.615	208	32	0	1	208	1	208	1.78e-137	379
MDA8835903.1	QIZ20735.1	56.154	260	110	2	1	260	1	256	3.17e-85	251
MDA8835905.1	QIZ20311.1	34.545	165	107	1	14	177	40	204	6.39e-26	96.7
MDA8835906.1	QIZ20181.1	29.858	211	136	3	15	213	13	223	1.20e-23	90.5
MDA8835907.1	QIZ20416.1	47.638	254	122	2	8	261	2	244	5.55e-81	239
MDA8835908.1	QIZ20734.1	90.556	180	17	0	1	180	1	180	1.85e-113	316
MDA8835910.1	QIZ20733.1	93.103	290	20	0	1	290	1	290	0.0	523
MDA8835911.1	QIZ20732.1	97.418	426	11	0	1	426	1	426	0.0	850
MDA8835912.1	QIZ20731.1	98.473	131	2	0	1	131	1	131	3.88e-93	260
MDA8835913.1	QIZ20730.1	91.534	189	16	0	1	189	1	189	1.34e-127	352
MDA8835914.1	QIZ20729.1	98.333	120	2	0	1	120	1	120	9.49e-88	246
MDA8835915.1	QIZ20728.1	97.403	308	8	0	1	308	1	308	0.0	608
MDA8835916.1	QIZ20727.1	98.148	432	8	0	1	432	1	432	0.0	832
MDA8835917.1	QIZ20726.1	98.956	383	4	0	1	383	1	383	0.0	766
MDA8835918.1	QIZ20725.1	94.038	889	53	0	1	889	1	889	0.0	1708
MDA8835919.1	QIZ20724.1	89.604	404	42	0	1	404	1	404	0.0	763
MDA8835920.1	QIZ20723.1	93.953	215	13	0	1	215	1	215	4.61e-155	424
MDA8835921.1	QIZ20722.1	94.007	267	16	0	1	267	1	267	1.10e-173	475
MDA8835922.1	QIZ20721.1	94.702	302	16	0	1	302	1	302	0.0	585
MDA8835923.1	QIZ20720.1	98.522	203	3	0	1	203	1	203	5.47e-145	397
MDA8835924.1	QIZ20719.1	98.045	358	7	0	1	358	1	358	0.0	692
MDA8835925.1	QIZ20718.1	88.276	145	17	0	1	145	1	145	2.97e-90	254
MDA8835926.1	QIZ20717.1	94.242	521	30	0	1	521	1	521	0.0	984
MDA8835927.1	QIZ20716.1	94.964	139	7	0	1	139	1	139	6.02e-101	281
MDA8835928.1	QIZ20715.1	88.327	257	30	0	1	257	1	257	1.37e-170	467
MDA8835929.1	QIZ20714.1	99.020	204	2	0	1	204	1	204	1.07e-141	389
MDA8835930.1	QIZ20713.1	98.325	418	7	0	1	418	1	418	0.0	852
MDA8835931.1	QIZ20712.1	97.917	288	6	0	1	288	1	288	0.0	558
MDA8835932.1	QIZ20711.1	97.917	336	7	0	1	336	1	336	0.0	652
MDA8835933.1	QIZ20710.1	98.333	240	4	0	1	240	1	240	4.82e-173	471
MDA8835934.1	QIZ20709.1	98.723	235	3	0	1	235	1	235	2.45e-170	464
MDA8835935.1	QIZ20708.1	97.701	261	6	0	1	261	1	261	0.0	532
MDA8835936.1	QIZ20707.1	90.798	163	15	0	1	163	1	163	1.42e-108	302
MDA8835937.1	QIZ20706.1	96.109	257	10	0	1	257	9	265	0.0	507
MDA8835938.1	QIZ20705.1	96.053	228	9	0	1	228	1	228	9.70e-165	449
MDA8835939.1	QIZ20704.1	94.006	317	19	0	1	317	1	317	0.0	587
MDA8835940.1	QIZ20703.1	80.808	297	53	1	1	293	1	297	6.95e-163	450
MDA8835941.1	QIZ20702.1	94.565	368	20	0	1	368	1	368	0.0	705
MDA8835942.1	QIZ20701.1	98.413	126	2	0	1	126	1	126	1.29e-89	251
MDA8835943.1	QIZ20700.1	99.160	952	8	0	1	952	1	952	0.0	1972
MDA8835944.1	QIZ20699.1	96.618	414	14	0	1	414	1	414	0.0	818
MDA8835946.1	QIZ20698.1	96.173	392	15	0	1	392	1	392	0.0	759
MDA8835947.1	QIZ20697.1	97.253	182	5	0	1	182	1	182	8.00e-132	362
MDA8835948.1	QIZ20696.1	97.628	253	6	0	1	253	1	253	0.0	508
MDA8835949.1	QIZ20695.1	95.484	155	7	0	1	155	1	155	3.61e-84	240
MDA8835950.1	QIZ20694.1	98.093	367	7	0	1	367	1	367	0.0	749
MDA8835952.1	QIZ20571.1	93.827	81	5	0	9	89	1	81	4.18e-55	161
MDA8835953.1	QIZ20570.1	95.620	137	6	0	1	137	1	137	2.51e-97	271
MDA8835954.1	QIZ20569.1	96.997	333	10	0	1	333	1	333	0.0	655
MDA8835955.1	QIZ20568.1	92.708	192	14	0	1	192	1	192	1.26e-131	363
MDA8835956.1	QIZ20567.1	88.235	136	16	0	1	136	1	136	8.74e-94	263
MDA8835957.1	QIZ20566.1	89.103	156	17	0	1	156	1	156	1.33e-102	286
MDA8835958.1	QIZ20565.1	97.251	291	8	0	1	291	1	291	0.0	578
MDA8835959.1	QIZ20564.1	43.077	260	121	9	1	240	1	253	1.74e-52	166
MDA8835960.1	QIZ20309.1	33.679	386	224	11	13	384	17	384	4.39e-60	197
MDA8835962.1	QIZ20563.1	82.178	303	49	1	16	318	1	298	1.35e-180	497
MDA8835963.1	QIZ20562.1	92.276	492	38	0	1	492	1	492	0.0	952
MDA8835964.1	QIZ20557.1	95.000	320	16	0	1	320	1	320	0.0	624
MDA8835965.1	QIZ20556.1	95.702	349	15	0	1	349	1	349	0.0	674
MDA8835966.1	QIZ20555.1	94.411	501	28	0	1	501	1	501	0.0	965
MDA8835967.1	QIZ20554.1	71.642	201	57	0	1	201	1	201	1.44e-97	277
MDA8835968.1	QIZ20553.1	89.720	428	44	0	1	428	1	428	0.0	788
MDA8835969.1	QIZ20552.1	94.719	303	16	0	1	303	1	303	0.0	580
MDA8835970.1	QIZ20551.1	85.526	380	55	0	1	380	1	380	0.0	685
MDA8835971.1	QIZ20550.1	95.238	336	16	0	1	336	1	336	0.0	632
MDA8835972.1	QIZ20549.1	86.656	637	85	0	1	637	1	637	0.0	1142
MDA8835973.1	QIZ20548.1	95.094	265	13	0	1	265	1	265	0.0	515
MDA8835974.1	QIZ20547.1	92.038	314	24	1	1	313	1	314	0.0	578
MDA8835975.1	QIZ20546.1	98.661	448	6	0	1	448	1	448	0.0	928
MDA8835976.1	QIZ20545.1	95.676	370	16	0	1	370	1	370	0.0	689
MDA8835977.1	QIZ20544.1	95.210	167	8	0	1	167	1	167	3.12e-116	322
MDA8835979.1	QIZ20542.1	50.211	474	233	1	3	473	2	475	2.50e-156	449
MDA8835980.1	QIZ20541.1	87.138	311	40	0	1	311	1	311	0.0	553
MDA8835981.1	QIZ20540.1	92.549	255	19	0	1	255	1	255	1.18e-171	469
MDA8835983.1	QIZ20539.1	96.021	377	15	0	1	377	1	377	0.0	716
MDA8835984.1	QIZ20538.1	100.000	91	0	0	1	91	1	91	2.32e-63	182
MDA8835985.1	QIZ20537.1	65.127	433	151	0	1	433	1	433	0.0	526
MDA8835986.1	QIZ20536.1	88.235	153	18	0	1	153	1	153	2.44e-77	223
MDA8835988.1	QIZ20533.1	84.252	127	20	0	1	127	1	127	5.14e-79	224
MDA8835989.1	QIZ20532.1	87.113	194	25	0	1	194	1	194	4.87e-127	351
MDA8835990.1	QIZ20531.1	95.862	145	6	0	1	145	13	157	3.51e-98	275
MDA8835991.1	QIZ20530.1	98.913	184	2	0	1	184	1	184	7.56e-132	363
MDA8835993.1	QIZ20529.1	96.484	256	9	0	1	256	1	256	0.0	506
MDA8835994.1	QIZ20528.1	98.529	68	1	0	1	68	1	68	9.48e-44	131
MDA8835995.1	QIZ20527.1	96.496	371	13	0	1	371	1	371	0.0	731
MDA8835996.1	QIZ20526.1	97.442	391	10	0	1	391	1	391	0.0	784
MDA8835997.1	QIZ20525.1	97.291	406	11	0	1	406	1	406	0.0	783
MDA8835998.1	QIZ20524.1	92.248	387	30	0	1	387	1	387	0.0	684
MDA8835999.1	QIZ20523.1	93.514	185	12	0	1	185	1	185	8.59e-117	325
MDA8836000.1	QIZ20522.1	89.844	256	26	0	1	256	1	256	3.64e-164	450
MDA8836001.1	QIZ20521.1	89.394	132	14	0	13	144	1	132	1.05e-88	250
MDA8836002.1	QIZ20520.1	93.182	264	18	0	1	264	1	264	0.0	516
MDA8836003.1	QIZ20519.1	98.077	156	3	0	1	156	1	156	2.16e-117	324
MDA8836004.1	QIZ20518.1	99.031	619	6	0	1	619	1	619	0.0	1295
MDA8836005.1	QIZ20517.1	95.690	116	5	0	1	116	1	116	2.99e-81	229
MDA8836007.1	QIZ20516.1	95.543	359	16	0	1	359	1	359	0.0	625
MDA8836008.1	QIZ20514.1	66.201	358	119	1	1	356	1	358	3.26e-162	454
MDA8836009.1	QIZ20513.1	94.845	388	20	0	1	388	1	388	0.0	774
MDA8836010.1	QIZ20512.1	97.872	94	2	0	1	94	1	94	1.96e-63	182
MDA8836011.1	QIZ20511.1	98.816	591	7	0	1	591	4	594	0.0	1212
MDA8836012.1	QIZ20510.1	90.553	434	41	0	1	434	1	434	0.0	816
MDA8836013.1	QIZ20508.1	95.976	845	34	0	1	845	17	861	0.0	1540
MDA8836014.1	QIZ20507.1	99.095	221	2	0	1	221	1	221	2.73e-160	437
MDA8836015.1	QIZ20506.1	88.235	204	24	0	1	204	1	204	5.13e-132	365
MDA8836017.1	QIZ20500.1	95.300	383	18	0	1	383	1	383	0.0	773
MDA8836018.1	QIZ20499.1	93.023	258	18	0	1	258	1	258	1.30e-172	472
MDA8836019.1	QIZ20498.1	94.737	266	14	0	1	266	1	266	3.22e-168	461
MDA8836020.1	QIZ20497.1	96.825	252	8	0	1	252	1	252	0.0	496
MDA8836021.1	QIZ20496.1	98.469	196	3	0	1	196	1	196	2.31e-135	372
MDA8836022.1	QIZ20495.1	95.669	531	23	0	1	531	1	531	0.0	1071
MDA8836023.1	QIZ20494.1	93.952	248	15	0	1	248	1	248	6.58e-172	469
MDA8836024.1	QIZ20493.1	47.009	117	62	0	1	117	16	132	6.63e-31	103
MDA8836029.1	QIZ20911.1	71.123	187	53	1	1	187	1	186	5.36e-98	277
MDA8836030.1	QIZ20910.1	91.667	108	9	0	13	120	13	120	4.01e-74	212
MDA8836045.1	QIZ20218.1	95.789	380	16	0	1	380	1	380	0.0	750
MDA8836046.1	QIZ20219.1	85.556	90	13	0	1	90	1	90	1.86e-55	162
MDA8836047.1	QIZ20220.1	96.074	484	19	0	1	484	1	484	0.0	939
MDA8836048.1	QIZ20221.1	98.915	645	7	0	1	645	1	645	0.0	1330
MDA8836049.1	QIZ20222.1	98.246	342	6	0	1	342	1	342	0.0	711
MDA8836051.1	QIZ20225.1	96.791	374	12	0	1	374	1	374	0.0	751
MDA8836052.1	QIZ20226.1	97.315	298	8	0	1	298	1	298	0.0	598
MDA8836053.1	QIZ20227.1	98.000	500	10	0	1	500	1	500	0.0	1011
MDA8836054.1	QIZ20228.1	98.253	229	4	0	1	229	1	229	7.39e-171	465
MDA8836055.1	QIZ20229.1	94.203	207	12	0	1	207	1	207	3.62e-139	383
MDA8836056.1	QIZ20230.1	96.370	606	22	0	1	606	1	606	0.0	1206
MDA8836057.1	QIZ20231.1	98.693	459	6	0	1	459	1	459	0.0	947
MDA8836058.1	QIZ20232.1	94.286	245	14	0	1	245	1	245	7.29e-177	481
MDA8836059.1	QIZ20233.1	92.936	453	32	0	1	453	1	453	0.0	858
MDA8836060.1	QIZ20234.1	95.685	533	23	0	1	533	1	533	0.0	1056
MDA8836061.1	QIZ20235.1	94.093	237	14	0	1	237	1	237	9.83e-163	445
MDA8836062.1	QIZ20236.1	97.073	205	6	0	1	205	1	205	2.30e-150	411
MDA8836063.1	QIZ21224.1	82.785	395	68	0	1	395	1	395	0.0	699
MDA8836064.1	QIZ20237.1	96.364	110	4	0	1	110	1	110	1.52e-77	219
MDA8836065.1	QIZ20238.1	97.368	76	2	0	1	76	1	76	4.53e-51	150
MDA8836066.1	QIZ20239.1	96.849	730	23	0	1	730	1	730	0.0	1458
MDA8836067.1	QIZ20240.1	96.035	227	9	0	1	227	1	227	2.78e-165	451
MDA8836068.1	QIZ20241.1	93.750	80	5	0	1	80	1	80	3.59e-51	150
MDA8836069.1	QIZ20242.1	98.077	260	5	0	1	260	1	260	0.0	512
MDA8836070.1	QIZ20243.1	97.674	430	10	0	1	430	1	430	0.0	867
MDA8836071.1	QIZ20244.1	96.875	256	8	0	1	256	1	256	0.0	525
MDA8836072.1	QIZ20245.1	94.495	218	12	0	1	218	1	218	5.03e-151	415
MDA8836073.1	QIZ20246.1	94.378	249	14	0	1	249	1	249	2.78e-178	485
MDA8836074.1	QIZ20247.1	89.474	133	14	0	1	133	1	133	3.07e-86	243
MDA8836076.1	QIZ20248.1	93.822	259	16	0	1	259	1	259	5.50e-176	480
MDA8836077.1	QIZ20249.1	98.381	247	4	0	1	247	1	247	0.0	499
MDA8836078.1	QIZ20250.1	97.222	396	11	0	1	396	1	396	0.0	787
MDA8836079.1	QIZ20251.1	100.000	63	0	0	1	63	1	63	8.54e-41	123
MDA8836080.1	QIZ20252.1	99.432	176	1	0	1	176	1	176	6.44e-127	350
MDA8836081.1	QIZ20253.1	97.872	141	3	0	1	141	1	141	9.74e-100	278
MDA8836082.1	QIZ20254.1	94.323	229	13	0	1	229	1	229	2.87e-157	431
MDA8836083.1	QIZ20255.1	95.783	166	7	0	1	166	1	166	6.12e-117	323
MDA8836084.1	QIZ20256.1	96.694	121	4	0	1	121	1	121	1.05e-77	221
MDA8836085.1	QIZ20257.1	97.134	314	9	0	1	314	1	314	0.0	635
MDA8836086.1	QIZ20946.1	36.398	261	146	6	35	279	37	293	2.88e-40	139
MDA8836087.1	QIZ20661.1	31.250	240	151	4	1	227	6	244	2.54e-30	108
MDA8836089.1	QIZ21167.1	83.673	49	8	0	1	49	1	49	8.23e-26	92.8
MDA8836095.1	QIZ20805.1	36.930	417	217	9	193	592	2	389	5.04e-83	261
MDA8836096.1	QIZ21167.1	94.931	651	33	0	1	651	1	651	0.0	1269
MDA8836097.1	QIZ21168.1	98.378	185	3	0	1	185	1	185	9.01e-132	362
MDA8836098.1	QIZ21169.1	99.413	511	3	0	1	511	1	511	0.0	1027
MDA8836099.1	QIZ21170.1	99.656	291	1	0	1	291	1	291	0.0	588
MDA8836100.1	QIZ21171.1	99.364	472	3	0	1	472	1	472	0.0	949
MDA8836101.1	QIZ21172.1	96.923	130	4	0	1	130	1	130	1.18e-86	244
MDA8836102.1	QIZ21173.1	96.203	158	6	0	1	158	1	158	1.99e-112	311
MDA8836103.1	QIZ21174.1	98.417	379	6	0	1	379	1	379	0.0	749
MDA8836104.1	QIZ21175.1	96.552	116	4	0	1	116	1	116	5.39e-78	221
MDA8836105.1	QIZ21176.1	95.000	180	9	0	1	180	1	180	6.18e-123	340
MDA8836106.1	QIZ21177.1	93.269	416	28	0	1	416	1	416	0.0	773
MDA8836107.1	QIZ21178.1	97.826	368	8	0	1	368	1	368	0.0	724
MDA8836108.1	QIZ21179.1	98.471	327	5	0	1	327	1	327	0.0	652
MDA8836109.1	QIZ21180.1	100.000	84	0	0	1	84	1	84	2.62e-56	164
MDA8836110.1	QIZ21181.1	96.269	134	5	0	1	134	1	134	1.56e-92	259
MDA8836111.1	QIZ21182.1	92.469	239	18	0	1	239	1	239	1.93e-167	457
MDA8836112.1	QIZ21183.1	97.980	198	4	0	1	198	1	198	1.44e-143	393
MDA8836113.1	QIZ21184.1	98.387	372	6	0	1	372	1	372	0.0	759
MDA8836114.1	QIZ21185.1	95.833	360	15	0	1	360	1	360	0.0	691
MDA8836115.1	QIZ21186.1	97.651	298	7	0	1	298	1	298	0.0	577
MDA8836116.1	QIZ21187.1	88.306	248	29	0	1	248	1	248	6.68e-152	419
MDA8836117.1	QIZ21188.1	96.725	458	15	0	1	458	1	458	0.0	886
MDA8836118.1	QIZ21189.1	98.960	481	5	0	1	481	1	481	0.0	925
MDA8836119.1	QIZ21190.1	96.346	520	19	0	1	520	6	525	0.0	1021
MDA8836120.1	QIZ21191.1	96.286	350	13	0	1	350	1	350	0.0	668
MDA8836121.1	QIZ21193.1	95.109	184	9	0	1	184	1	184	4.52e-125	345
MDA8836122.1	QIZ21194.1	97.938	291	6	0	1	291	1	291	0.0	580
MDA8836123.1	QIZ21195.1	98.559	347	5	0	1	347	1	347	0.0	713
MDA8836124.1	QIZ21196.1	92.602	392	29	0	1	392	1	392	0.0	751
MDA8836125.1	QIZ21197.1	97.861	187	4	0	1	187	1	187	2.20e-135	372
MDA8836126.1	QIZ21198.1	96.175	183	7	0	1	183	1	183	5.28e-123	340
MDA8836127.1	QIZ21199.1	95.469	309	14	0	1	309	1	309	0.0	592
MDA8836128.1	QIZ21200.1	97.403	924	24	0	1	924	1	924	0.0	1828
MDA8836129.1	QIZ21201.1	98.298	235	4	0	1	235	1	235	4.06e-170	464
MDA8836130.1	QIZ21202.1	97.443	352	9	0	1	352	12	363	0.0	675
MDA8836131.1	QIZ20419.1	100.000	100	0	0	1	100	247	346	4.19e-71	211
MDA8836132.1	QIZ20418.1	96.063	381	15	0	1	381	1	381	0.0	731
MDA8836133.1	QIZ20417.1	95.775	426	18	0	1	426	1	426	0.0	825
MDA8836134.1	QIZ20416.1	97.500	240	6	0	1	240	5	244	1.01e-176	481
MDA8836135.1	QIZ20415.1	95.935	123	5	0	1	123	1	123	6.79e-83	234
MDA8836146.1	QIZ20414.1	94.743	875	46	0	1	875	1	875	0.0	1708
MDA8836147.1	QIZ20413.1	98.951	572	6	0	1	572	1	572	0.0	1161
MDA8836148.1	QIZ20412.1	94.264	401	23	0	1	401	1	401	0.0	736
MDA8836149.1	QIZ20409.1	98.611	72	1	0	1	72	1	72	6.76e-46	137
MDA8836152.1	QIZ20404.1	97.289	332	9	0	1	332	1	332	0.0	653
MDA8836153.1	QIZ20403.1	95.349	258	12	0	1	258	1	258	0.0	511
MDA8836154.1	QIZ20402.1	99.048	105	1	0	1	105	1	105	2.83e-73	208
MDA8836155.1	QIZ20401.1	94.879	371	19	0	1	371	1	371	0.0	689
MDA8836156.1	QIZ20400.1	94.801	577	30	0	1	577	1	577	0.0	1110
MDA8836157.1	QIZ20399.1	88.506	87	10	0	1	87	1	87	2.16e-50	149
MDA8836158.1	QIZ20398.1	90.794	315	29	0	1	315	2	316	0.0	572
MDA8836159.1	QIZ20397.1	98.374	246	4	0	1	246	1	246	9.18e-177	481
MDA8836160.1	QIZ20396.1	95.556	225	10	0	9	233	12	236	1.18e-162	445
MDA8836161.1	QIZ20395.1	94.118	68	2	1	1	66	1	68	1.15e-40	123
MDA8836162.1	QIZ20394.1	94.521	73	4	0	1	73	1	73	2.58e-39	120
MDA8836163.1	QIZ20393.1	96.032	252	10	0	1	252	1	252	3.26e-177	483
MDA8836164.1	QIZ20392.1	93.317	419	28	0	1	419	1	419	0.0	810
MDA8836165.1	QIZ20391.1	98.936	94	1	0	1	94	1	94	1.03e-63	183
MDA8836166.1	QIZ20390.1	93.424	517	34	0	1	517	1	517	0.0	971
MDA8836167.1	QIZ20389.1	95.254	295	14	0	1	295	1	295	0.0	556
MDA8836168.1	QIZ20388.1	95.939	197	8	0	1	197	1	197	7.02e-140	384
MDA8836169.1	QIZ20387.1	98.853	959	11	0	1	959	1	959	0.0	1941
MDA8836170.1	QIZ20386.1	98.039	153	2	1	1	152	1	153	2.11e-109	303
MDA8836171.1	QIZ20385.1	97.291	849	23	0	1	849	1	849	0.0	1660
MDA8836172.1	QIZ20384.1	95.732	164	7	0	1	164	1	164	7.44e-114	315
MDA8836173.1	QIZ20383.1	96.196	184	7	0	1	184	1	184	2.31e-132	364
MDA8836174.1	QIZ20382.1	94.737	361	19	0	1	361	1	361	0.0	711
MDA8836180.1	QIZ21401.1	31.100	582	363	12	2	568	6	564	2.71e-87	278
MDA8836184.1	QIZ20837.1	28.401	588	401	6	2	574	3	585	1.51e-67	226
MDA8836185.1	QIZ20796.1	44.410	322	161	5	2	318	3	311	4.67e-89	265
MDA8836186.1	QIZ20795.1	54.094	342	149	3	2	341	4	339	1.11e-123	355
MDA8836193.1	QIZ20804.1	33.010	206	131	4	3	206	9	209	7.17e-23	94.0
MDA8836197.1	QIZ20858.1	31.805	349	213	11	7	349	29	358	1.05e-29	115
MDA8836199.1	QIZ20829.1	31.458	391	229	9	2	390	15	368	8.70e-38	136
MDA8836205.1	QIZ20792.1	100.000	41	0	0	1	41	1	41	1.01e-23	78.6
MDA8836207.1	QIZ20790.1	89.503	362	38	0	1	362	1	362	0.0	655
MDA8836208.1	QIZ20789.1	98.039	102	2	0	1	102	1	102	6.32e-69	197
MDA8836209.1	QIZ20788.1	96.121	464	18	0	1	464	1	464	0.0	896
MDA8836210.1	QIZ20853.1	48.276	232	118	1	2	233	9	238	8.56e-74	220
MDA8836211.1	QIZ20817.1	50.714	280	134	3	5	282	2	279	2.87e-94	276
MDA8836213.1	QIZ20203.1	95.465	441	20	0	1	441	3	443	0.0	837
MDA8836214.1	QIZ20204.1	96.951	328	10	0	7	334	1	328	0.0	665
MDA8836215.1	QIZ20205.1	94.245	278	16	0	1	278	1	278	2.07e-161	445
MDA8836216.1	QIZ20206.1	83.180	434	73	0	1	434	1	434	0.0	751
MDA8836217.1	QIZ20207.1	100.000	66	0	0	1	66	1	66	5.61e-44	131
MDA8836218.1	QIZ20208.1	86.364	132	18	0	1	132	1	132	5.15e-77	220
MDA8836219.1	QIZ20210.1	88.973	526	58	0	11	536	11	536	0.0	928
MDA8836220.1	QIZ20211.1	76.289	97	23	0	1	97	1	97	3.96e-54	159
MDA8836221.1	QIZ20212.1	98.148	162	3	0	1	162	1	162	9.56e-121	333
MDA8836223.1	QIZ20213.1	94.350	177	10	0	1	177	1	177	4.78e-111	310
MDA8836224.1	QIZ20214.1	96.259	294	11	0	1	294	1	294	0.0	562
MDA8836226.1	QIZ20215.1	97.931	145	3	0	1	145	1	145	2.12e-106	295
MDA8836230.1	QIZ20216.1	95.584	317	14	0	1	317	2	318	0.0	619
MDA8836232.1	QIZ20411.1	97.508	321	8	0	1	321	1	321	0.0	631
MDA8836233.1	QIZ21202.1	31.707	246	153	8	110	347	274	512	5.02e-22	92.4
MDA8836237.1	QIZ20416.1	35.743	249	142	6	8	251	6	241	3.58e-44	145
MDA8836239.1	QIZ21305.1	34.234	222	138	3	5	225	8	222	2.72e-32	113
MDA8836241.1	QIZ20217.1	95.749	447	19	0	1	447	1	447	0.0	885
MDA8836243.1	QIZ20309.1	53.543	381	162	5	14	380	17	396	1.02e-122	358
MDA8836247.1	QIZ21356.1	33.333	501	300	11	508	986	231	719	3.80e-68	238
MDA8836248.1	QIZ20563.1	44.765	277	144	5	24	294	21	294	7.76e-68	210
MDA8836250.1	QIZ21307.1	26.692	266	187	6	9	269	9	271	2.43e-27	103
MDA8836254.1	QIZ20879.1	95.294	170	8	0	1	170	219	388	2.40e-108	310
MDA8836255.1	QIZ20878.1	94.822	309	16	0	1	309	1	309	0.0	598
MDA8836256.1	QIZ20877.1	87.709	179	22	0	1	179	11	189	2.86e-117	326
MDA8836257.1	QIZ20876.1	88.618	246	28	0	1	246	1	246	1.64e-150	415
MDA8836258.1	QIZ20875.1	94.928	276	14	0	1	276	1	276	0.0	547
MDA8836259.1	QIZ20874.1	95.135	555	27	0	1	555	1	555	0.0	1036
MDA8836260.1	QIZ20873.1	98.095	105	2	0	1	105	1	105	3.60e-70	200
MDA8836261.1	QIZ20872.1	99.507	203	1	0	1	203	1	203	2.23e-149	409
MDA8836262.1	QIZ20871.1	93.836	730	43	1	1	728	4	733	0.0	1433
MDA8836263.1	QIZ20870.1	94.837	368	19	0	1	368	1	368	0.0	718
MDA8836264.1	QIZ20869.1	93.684	855	46	3	1	854	1	848	0.0	1619
MDA8836265.1	QIZ20868.1	91.686	433	36	0	1	433	1	433	0.0	805
MDA8836266.1	QIZ20867.1	90.909	143	13	0	1	143	1	143	1.46e-84	240
MDA8836267.1	QIZ20866.1	95.417	240	11	0	1	240	1	240	2.46e-167	457
MDA8836268.1	QIZ20865.1	96.030	403	16	0	1	403	1	403	0.0	783
MDA8836269.1	QIZ20864.1	99.727	366	1	0	1	366	1	366	0.0	732
MDA8836270.1	QIZ20863.1	98.039	357	7	0	1	357	1	357	0.0	709
MDA8836271.1	QIZ20862.1	92.857	280	20	0	1	280	1	280	0.0	513
MDA8836272.1	QIZ20861.1	93.103	145	9	1	1	145	1	144	1.55e-87	248
MDA8836273.1	QIZ20860.1	93.500	400	26	0	33	432	33	432	0.0	762
MDA8836276.1	QIZ20844.1	32.055	365	223	10	20	378	22	367	6.15e-41	144
MDA8836280.1	QIZ20766.1	98.077	156	3	0	1	156	1	156	4.41e-114	315
MDA8836281.1	QIZ20767.1	98.655	446	6	0	1	446	1	446	0.0	902
MDA8836282.1	QIZ20768.1	97.026	269	8	0	1	269	1	269	0.0	523
MDA8836283.1	QIZ20769.1	98.551	138	2	0	1	138	1	138	9.97e-97	270
MDA8836284.1	QIZ20770.1	99.107	224	2	0	1	224	1	224	2.85e-161	440
MDA8836285.1	QIZ20771.1	99.390	164	1	0	1	164	1	164	1.13e-120	333
MDA8836286.1	QIZ20772.1	99.167	240	2	0	1	240	1	240	1.28e-178	486
MDA8836287.1	QIZ20773.1	96.642	268	9	0	1	268	1	268	0.0	536
MDA8836288.1	QIZ20774.1	91.758	182	14	1	1	182	1	181	5.86e-118	327
MDA8836289.1	QIZ20775.1	95.946	148	6	0	1	148	1	148	3.66e-100	280
MDA8836290.1	QIZ20776.1	98.131	107	2	0	1	107	1	107	3.76e-67	193
MDA8836291.1	QIZ20777.1	95.399	652	30	0	1	652	1	652	0.0	1291
MDA8836292.1	QIZ20778.1	97.015	335	10	0	1	335	1	335	0.0	667
MDA8836293.1	QIZ20779.1	90.051	392	39	0	1	392	1	392	0.0	706
MDA8836294.1	QIZ20780.1	90.476	336	32	0	1	336	1	336	0.0	637
MDA8836295.1	QIZ20781.1	93.720	207	13	0	1	207	1	207	8.66e-122	339
MDA8836296.1	QIZ20782.1	97.849	186	4	0	1	186	1	186	2.73e-137	377
MDA8836297.1	QIZ20783.1	97.154	246	7	0	1	246	1	246	3.64e-179	487
MDA8836298.1	QIZ20784.1	97.368	76	2	0	1	76	1	76	8.59e-53	154
MDA8836299.1	QIZ20785.1	96.923	195	6	0	1	195	1	195	5.52e-140	384
MDA8836300.1	QIZ20786.1	100.000	64	0	0	1	64	1	64	4.42e-39	119
MDA8836301.1	QIZ20846.1	34.317	271	151	4	20	289	20	264	3.83e-36	129
MDA8836302.1	QIZ20831.1	53.571	112	51	1	9	120	2	112	6.10e-34	110
MDA8836303.1	QIZ20813.1	43.612	227	125	1	7	230	6	232	1.23e-64	196
MDA8836304.1	QIZ20814.1	43.952	248	115	6	19	258	1	232	6.45e-49	157
MDA8836306.1	QIZ20692.1	64.792	480	169	0	4	483	12	491	0.0	674
MDA8836307.1	QIZ20691.1	96.312	922	34	0	1	922	1	922	0.0	1871
MDA8836308.1	QIZ20690.1	94.022	552	33	0	1	552	1	552	0.0	1048
MDA8836309.1	QIZ20689.1	75.725	276	67	0	1	276	1	276	3.21e-155	429
MDA8836310.1	QIZ20687.1	60.127	158	63	0	1	158	1	158	1.57e-57	172
MDA8836311.1	QIZ20686.1	61.765	136	48	1	1	132	1	136	1.53e-56	168
MDA8836312.1	QIZ20685.1	73.000	200	54	0	1	200	1	200	3.27e-107	302
MDA8836313.1	QIZ20684.1	77.590	415	93	0	1	415	1	415	0.0	631
MDA8836314.1	QIZ20683.1	96.678	301	10	0	1	301	1	301	0.0	575
MDA8836315.1	QIZ20682.1	96.296	405	15	0	1	405	1	405	0.0	814
MDA8836316.1	QIZ20681.1	95.405	370	17	0	1	370	1	370	0.0	746
MDA8836317.1	QIZ20680.1	77.522	347	78	0	1	347	1	347	0.0	590
MDA8836318.1	QIZ20679.1	86.667	75	10	0	1	75	1	75	1.91e-45	135
MDA8836322.1	QIZ20676.1	93.789	161	10	0	1	161	1	161	1.12e-99	280
MDA8836323.1	QIZ20800.1	42.424	231	130	1	1	228	4	234	1.85e-54	170
MDA8836325.1	QIZ21431.1	87.192	203	26	0	1	203	1	203	8.33e-126	351
MDA8836326.1	QIZ21430.1	92.765	387	28	0	1	387	1	387	0.0	695
MDA8836327.1	QIZ21429.1	94.808	443	23	0	14	456	1	443	0.0	821
MDA8836328.1	QIZ21428.1	95.833	336	14	0	1	336	1	336	0.0	638
MDA8836329.1	QIZ21427.1	96.170	235	9	0	1	235	1	235	4.02e-168	459
MDA8836330.1	QIZ21426.1	95.076	264	13	0	1	264	1	264	0.0	506
MDA8836332.1	QIZ21425.1	86.469	303	41	0	1	303	1	303	0.0	537
MDA8836333.1	QIZ21424.1	89.623	106	11	0	1	106	1	106	4.21e-65	188
MDA8836334.1	QIZ21423.1	97.436	234	6	0	1	234	1	234	2.56e-170	464
MDA8836335.1	QIZ21422.1	94.636	261	14	0	1	261	1	261	0.0	504
MDA8836336.1	QIZ21421.1	96.341	246	9	0	1	246	1	246	5.43e-176	479
MDA8836337.1	QIZ21420.1	94.286	350	20	0	1	350	1	350	0.0	663
MDA8836338.1	QIZ21419.1	95.960	297	12	0	1	297	1	297	0.0	580
MDA8836339.1	QIZ21418.1	95.642	413	18	0	1	413	1	413	0.0	817
MDA8836340.1	QIZ21417.1	95.098	204	10	0	1	204	1	204	6.41e-124	344
MDA8836341.1	QIZ21416.1	97.959	98	2	0	1	98	1	98	1.08e-67	194
MDA8836342.1	QIZ21415.1	92.857	84	6	0	1	84	1	84	1.19e-56	164
MDA8836344.1	QIZ20193.1	31.985	272	159	9	6	267	22	277	1.39e-29	109
MDA8836345.1	QIZ20610.1	91.124	169	15	0	1	169	1	169	3.15e-113	315
MDA8836346.1	QIZ20609.1	94.242	330	19	0	1	330	1	330	0.0	640
MDA8836347.1	QIZ20608.1	78.125	64	14	0	1	64	1	64	1.34e-24	87.8
MDA8836350.1	QIZ20492.1	28.516	256	171	6	12	266	2	246	3.91e-24	94.0
MDA8836353.1	QIZ20501.1	50.314	318	156	1	6	321	3	320	4.13e-104	303
MDA8836355.1	QIZ20606.1	80.000	480	96	0	1	480	1	480	0.0	818
MDA8836356.1	QIZ20511.1	23.694	536	352	15	64	569	49	557	2.41e-24	102
MDA8836359.1	QIZ20710.1	32.432	222	142	2	8	229	3	216	2.53e-31	111
MDA8836361.1	QIZ20636.1	93.227	251	17	0	1	251	480	730	5.34e-162	462
MDA8836362.1	QIZ20635.1	95.355	409	19	0	1	409	1	409	0.0	772
MDA8836363.1	QIZ20634.1	91.733	375	31	0	1	375	1	375	0.0	694
MDA8836364.1	QIZ20633.1	99.541	218	1	0	1	218	1	218	1.25e-166	453
MDA8836365.1	QIZ20632.1	95.745	141	6	0	1	141	1	141	4.78e-99	276
MDA8836366.1	QIZ20631.1	92.083	480	38	0	1	480	1	480	0.0	928
MDA8836367.1	QIZ20630.1	80.247	243	48	0	1	243	1	243	6.96e-141	390
MDA8836368.1	QIZ20629.1	60.241	415	164	1	1	414	1	415	3.68e-170	478
MDA8836369.1	QIZ20628.1	82.921	404	69	0	1	404	1	404	0.0	731
MDA8836370.1	QIZ20627.1	85.897	156	22	0	1	156	1	156	2.11e-98	276
MDA8836371.1	QIZ20626.1	97.959	98	2	0	1	98	1	98	3.61e-67	192
MDA8836372.1	QIZ20625.1	100.000	110	0	0	1	110	1	110	5.67e-78	221
MDA8836374.1	QIZ20624.1	98.077	468	9	0	1	468	1	468	0.0	960
MDA8836375.1	QIZ20623.1	84.277	159	25	0	1	159	1	159	1.66e-89	253
MDA8836376.1	QIZ20622.1	87.458	295	37	0	1	295	1	295	1.02e-180	495
MDA8836377.1	QIZ20621.1	78.477	302	65	0	1	302	1	302	1.66e-172	475
MDA8836378.1	QIZ20620.1	97.030	101	3	0	1	101	96	196	1.32e-69	202
MDA8836379.1	QIZ20366.1	72.781	169	44	1	1	169	1	167	2.38e-83	239
MDA8836380.1	QIZ20367.1	95.128	390	19	0	1	390	1	390	0.0	670
MDA8836381.1	QIZ20368.1	87.647	170	21	0	15	184	1	170	6.98e-111	309
MDA8836382.1	QIZ20793.1	66.897	290	95	1	3	291	2	291	1.37e-137	386
MDA8836383.1	QIZ20381.1	97.091	275	8	0	1	275	1	275	0.0	562
MDA8836384.1	QIZ20380.1	97.549	204	5	0	1	204	1	204	8.66e-145	397
MDA8836385.1	QIZ20379.1	95.754	683	29	0	1	683	1	683	0.0	1288
MDA8836386.1	QIZ20378.1	88.636	88	10	0	1	88	1	88	3.49e-44	133
MDA8836387.1	QIZ20377.1	95.563	293	13	0	1	293	1	293	0.0	506
MDA8836388.1	QIZ20376.1	91.509	318	27	0	16	333	16	333	0.0	590
MDA8836389.1	QIZ20375.1	88.889	252	28	0	1	252	1	252	4.58e-149	412
MDA8836390.1	QIZ20374.1	94.517	383	21	0	1	383	1	383	0.0	733
MDA8836391.1	QIZ20373.1	92.308	117	9	0	1	117	1	117	3.08e-76	220
MDA8836392.1	QIZ21408.1	84.848	495	74	1	1	495	161	654	0.0	878
MDA8836393.1	QIZ21409.1	94.370	373	21	0	1	373	1	373	0.0	655
MDA8836394.1	QIZ21410.1	95.874	412	17	0	1	412	1	412	0.0	822
MDA8836395.1	QIZ21411.1	94.649	299	16	0	1	299	1	299	0.0	561
MDA8836396.1	QIZ21412.1	95.886	316	13	0	1	316	1	316	0.0	625
MDA8836397.1	QIZ21413.1	93.266	297	20	0	1	297	1	297	0.0	570
MDA8836398.1	QIZ21414.1	99.187	123	1	0	1	123	1	123	8.64e-91	254
MDA8836399.1	QIZ20565.1	27.875	287	187	9	6	281	11	288	1.24e-24	95.9
MDA8836409.1	QIZ21273.1	96.907	485	15	0	1	485	1	485	0.0	970
MDA8836410.1	QIZ21274.1	97.619	168	4	0	1	168	1	168	4.73e-113	314
MDA8836411.1	QIZ21275.1	93.855	179	11	0	18	196	1	179	2.23e-120	334
MDA8836412.1	QIZ21276.1	100.000	75	0	0	1	75	1	75	1.79e-46	138
MDA8836413.1	QIZ21277.1	99.590	244	1	0	1	244	1	244	3.20e-176	480
MDA8836414.1	QIZ21278.1	98.901	91	1	0	1	91	1	91	5.42e-62	179
MDA8836415.1	QIZ21279.1	94.049	857	51	0	1	857	1	857	0.0	1614
MDA8836416.1	QIZ21280.1	94.898	196	10	0	1	196	1	196	1.40e-131	363
MDA8836417.1	QIZ21281.1	97.531	162	4	0	1	162	1	162	3.09e-115	319
MDA8836418.1	QIZ21282.1	97.273	110	3	0	1	110	1	110	3.60e-74	218
MDA8836419.1	QIZ20197.1	90.559	286	27	0	6	291	4	289	0.0	541
MDA8836420.1	QIZ20196.1	93.970	199	12	0	1	199	1	199	3.07e-143	393
MDA8836421.1	QIZ20192.1	95.808	167	7	0	1	167	1	167	4.25e-119	329
MDA8836422.1	QIZ20191.1	91.848	184	15	0	1	184	1	184	1.89e-128	354
MDA8836423.1	QIZ20190.1	95.000	360	18	0	1	360	1	360	0.0	705
MDA8836424.1	QIZ20189.1	98.200	500	9	0	1	500	1	500	0.0	975
MDA8836425.1	QIZ20188.1	99.359	156	1	0	1	156	1	156	2.05e-110	306
MDA8836426.1	QIZ20187.1	98.344	302	5	0	1	302	25	326	0.0	607
MDA8836427.1	QIZ20640.1	90.909	132	12	0	1	132	15	146	1.98e-87	246
MDA8836428.1	QIZ20641.1	92.199	141	11	0	1	141	1	141	2.62e-92	259
MDA8836429.1	QIZ20642.1	97.297	444	12	0	1	444	1	444	0.0	905
MDA8836430.1	QIZ20643.1	80.741	135	23	1	1	135	1	132	6.00e-70	202
MDA8836431.1	QIZ20644.1	95.798	119	5	0	1	119	1	119	2.59e-82	232
MDA8836432.1	QIZ20645.1	95.238	273	13	0	1	273	1	273	0.0	531
MDA8836433.1	QIZ20646.1	95.960	594	24	0	1	594	1	594	0.0	1182
MDA8836434.1	QIZ20647.1	96.403	139	5	0	1	139	86	224	1.12e-79	230
MDA8836439.1	QIZ20359.1	62.579	318	106	2	1	318	1	305	2.64e-154	430
MDA8836441.1	QIZ20357.1	87.586	145	18	0	1	145	1	145	2.76e-95	267
MDA8836442.1	QIZ20356.1	94.565	92	5	0	1	92	4	95	8.17e-61	176
MDA8836443.1	QIZ20638.1	98.729	236	3	0	1	236	22	257	1.41e-173	473
MDA8836444.1	QIZ20637.1	94.649	598	32	0	1	598	1	598	0.0	1099
MDA8836446.1	QIZ20260.1	100.000	87	0	0	1	87	1	87	3.79e-59	174
MDA8836447.1	QIZ20259.1	100.000	123	0	0	1	123	1	123	2.65e-87	245
MDA8836448.1	QIZ20258.1	98.210	1341	24	0	1	1341	49	1389	0.0	2717
MDA8836449.1	QIZ21290.1	98.101	158	3	0	1	158	1	158	3.17e-111	308
MDA8836450.1	QIZ21291.1	93.455	275	18	0	1	275	1	275	0.0	531
MDA8836451.1	QIZ21292.1	97.386	153	4	0	1	153	1	153	1.27e-111	309
MDA8836452.1	QIZ21293.1	99.408	169	1	0	1	169	1	169	2.72e-127	350
MDA8836453.1	QIZ21294.1	99.284	419	3	0	1	419	1	419	0.0	837
MDA8836454.1	QIZ21295.1	91.120	259	23	0	1	259	1	259	2.19e-174	476
MDA8836455.1	QIZ21296.1	100.000	89	0	0	1	89	269	357	2.78e-63	191
MDA8836457.1	QIZ20675.1	85.294	68	10	0	1	68	1	68	2.53e-39	120
MDA8836458.1	QIZ20674.1	95.420	393	18	0	1	393	1	393	0.0	775
MDA8836459.1	QIZ20673.1	79.446	433	89	0	1	433	1	433	0.0	694
MDA8836460.1	QIZ20672.1	97.203	286	8	0	1	286	1	286	0.0	554
MDA8836461.1	QIZ20671.1	95.683	139	6	0	1	139	171	309	2.00e-93	268
MDA8836465.1	QIZ21109.1	29.769	346	206	13	13	329	1	338	1.70e-28	108
MDA8836466.1	QIZ20605.1	97.698	391	9	0	1	391	1	391	0.0	798
MDA8836467.1	QIZ20604.1	97.744	133	3	0	1	133	199	331	5.30e-94	270
MDA8836468.1	QIZ21206.1	86.441	59	8	0	1	59	171	229	1.22e-32	107
MDA8836469.1	QIZ21207.1	92.017	238	19	0	1	238	1	238	1.36e-169	462
MDA8836470.1	QIZ21209.1	93.970	199	12	0	1	199	1	199	1.80e-141	388
MDA8836471.1	QIZ21210.1	89.554	718	68	1	1	711	323	1040	0.0	1253
MDA8836473.1	QIZ21087.1	41.549	284	159	3	1	283	1	278	1.39e-66	205
MDA8836474.1	QIZ21078.1	92.381	210	16	0	2	211	4	213	3.31e-144	396
MDA8836475.1	QIZ21077.1	90.741	216	20	0	1	216	162	377	2.61e-137	385
MDA8836476.1	QIZ21220.1	96.535	404	14	0	1	404	288	691	0.0	808
MDA8836478.1	QIZ21219.1	93.069	101	7	0	1	101	1	101	3.93e-67	192
MDA8836479.1	QIZ21218.1	99.083	436	4	0	1	436	1	436	0.0	850
MDA8836480.1	QIZ21217.1	95.294	85	4	0	1	85	94	178	7.44e-59	173
MDA8836481.1	QIZ20616.1	97.093	516	15	0	1	516	66	581	0.0	1058
MDA8836482.1	QIZ20615.1	94.783	115	6	0	1	115	1	115	5.59e-82	231
MDA8836483.1	QIZ20614.1	96.296	189	7	0	1	189	1	189	2.05e-130	359
MDA8836484.1	QIZ20613.1	91.694	301	25	0	1	301	1	301	0.0	580
MDA8836485.1	QIZ20612.1	92.391	92	7	0	1	92	55	146	2.63e-59	174
MDA8836486.1	QIZ20585.1	92.391	92	7	0	1	92	177	268	5.87e-61	182
MDA8836487.1	QIZ20584.1	81.522	184	34	0	6	189	3	186	7.61e-111	310
MDA8836488.1	QIZ20583.1	87.719	114	14	0	1	114	1	114	5.67e-73	208
MDA8836489.1	QIZ20579.1	94.545	110	6	0	1	110	1	110	2.69e-70	201
MDA8836490.1	QIZ20577.1	85.849	106	15	0	1	106	1	106	6.05e-67	192
MDA8836493.1	QIZ20574.1	94.262	122	7	0	1	122	1	122	5.49e-76	216
MDA8836496.1	QIZ20595.1	34.615	182	94	3	7	181	4	167	6.15e-26	97.8
MDA8836497.1	QIZ21228.1	98.372	430	7	0	1	430	41	470	0.0	870
MDA8836498.1	QIZ21229.1	95.444	439	20	0	1	439	1	439	0.0	807
MDA8836499.1	QIZ21230.1	87.209	86	11	0	1	86	1	86	1.21e-49	154
MDA8836500.1	QIZ21203.1	98.832	428	5	0	1	428	1	428	0.0	871
MDA8836501.1	QIZ21204.1	92.763	152	11	0	1	152	1	152	1.28e-102	286
MDA8836502.1	QIZ21205.1	91.277	321	28	0	1	321	1	321	0.0	575
MDA8836503.1	QIZ21206.1	91.398	93	8	0	1	93	1	93	8.88e-55	165
MDA8836504.1	QIZ20369.1	56.593	182	79	0	1	182	1	182	8.67e-67	201
MDA8836505.1	QIZ20370.1	86.508	252	34	0	1	252	1	252	1.51e-153	423
MDA8836506.1	QIZ20371.1	91.968	498	40	0	1	498	16	513	0.0	949
MDA8836507.1	QIZ21445.1	93.373	166	11	0	1	166	49	214	7.28e-114	318
MDA8836508.1	QIZ21444.1	93.514	740	48	0	1	740	1	740	0.0	1425
MDA8836509.1	QIZ21283.1	92.167	383	26	1	1	379	1	383	0.0	694
MDA8836510.1	QIZ21284.1	99.157	356	3	0	1	356	1	356	0.0	728
MDA8836511.1	QIZ21260.1	96.124	258	10	0	1	258	1	258	0.0	498
MDA8836512.1	QIZ21259.1	97.978	544	11	0	1	544	1	544	0.0	1073
MDA8836513.1	QIZ21405.1	98.261	345	6	0	1	345	1	345	0.0	683
MDA8836514.1	QIZ21404.1	95.072	487	24	0	1	487	34	520	0.0	961
MDA8836515.1	QIZ21233.1	98.849	608	7	0	1	608	1	608	0.0	1222
MDA8836516.1	QIZ21232.1	88.372	215	25	0	1	215	1	215	3.16e-137	379
MDA8836517.1	QIZ21267.1	83.688	141	23	0	1	141	1	141	2.77e-84	239
MDA8836518.1	QIZ21266.1	83.851	161	26	0	1	161	1	161	1.65e-102	286
MDA8836519.1	QIZ21265.1	78.802	434	92	0	1	434	25	458	0.0	718
