MDC2983748.1	QIZ20980.1	83.412	211	34	1	64	274	72	281	5.13e-128	362
MDC2983749.1	QIZ20979.1	79.630	108	22	0	1	108	1	108	4.42e-61	177
MDC2983750.1	QIZ20978.1	55.000	140	57	4	1	138	1	136	4.58e-45	140
MDC2983751.1	QIZ20977.1	73.967	799	207	1	1	798	3	801	0.0	1222
MDC2983752.1	QIZ21085.1	24.519	624	444	14	36	641	57	671	2.42e-45	167
MDC2983753.1	QIZ21314.1	27.660	376	242	13	1	354	3	370	6.83e-39	139
MDC2983756.1	QIZ20976.1	59.259	135	55	0	3	137	4	138	1.70e-60	179
MDC2983757.1	QIZ20974.1	77.854	1025	211	5	1	1022	1	1012	0.0	1701
MDC2983758.1	QIZ20973.1	62.326	430	149	3	1	425	1	422	0.0	539
MDC2983760.1	QIZ20972.1	58.305	295	123	0	1	295	1	295	1.31e-127	361
MDC2983761.1	QIZ20971.1	55.417	240	106	1	22	260	1	240	6.35e-88	258
MDC2983762.1	QIZ20970.1	79.237	472	98	0	1	472	1	472	0.0	794
MDC2983763.1	QIZ20969.1	79.081	1501	311	1	1	1498	1	1501	0.0	2520
MDC2983764.1	QIZ20967.1	62.302	252	93	1	1	252	1	250	1.82e-103	296
MDC2983765.1	QIZ20966.1	69.271	384	118	0	1	384	1	384	0.0	543
MDC2983766.1	QIZ20965.1	81.034	638	120	1	1	638	1	637	0.0	1102
MDC2983767.1	QIZ20964.1	82.320	181	32	0	1	181	1	181	5.29e-111	310
MDC2983768.1	QIZ20963.1	89.706	68	7	0	1	68	1	68	1.15e-39	120
MDC2983769.1	QIZ20962.1	90.678	118	11	0	1	118	1	118	4.69e-78	221
MDC2983770.1	QIZ20961.1	83.944	355	57	0	1	355	1	355	0.0	625
MDC2983771.1	QIZ20959.1	88.963	598	66	0	1	598	4	601	0.0	1120
MDC2983773.1	QIZ20952.1	79.502	683	138	1	5	685	3	685	0.0	1117
MDC2983774.1	QIZ20951.1	62.207	426	160	1	1	425	1	426	0.0	518
MDC2983775.1	QIZ20950.1	64.842	603	191	6	7	596	8	602	0.0	758
MDC2983776.1	QIZ20949.1	87.654	324	40	0	1	324	1	324	0.0	615
MDC2983777.1	QIZ20948.1	75.862	174	42	0	1	174	1	174	2.88e-97	275
MDC2983779.1	QIZ20946.1	52.893	363	171	0	6	368	6	368	3.00e-122	353
MDC2983780.1	QIZ20945.1	55.357	168	75	0	1	168	1	168	4.61e-63	187
MDC2983782.1	QIZ20944.1	45.118	594	303	10	1	579	1	586	1.98e-150	441
MDC2983783.1	QIZ20943.1	53.179	173	80	1	1	173	1	172	4.62e-66	195
MDC2983784.1	QIZ20942.1	59.344	305	119	3	4	303	5	309	1.26e-129	367
MDC2983785.1	QIZ20941.1	63.415	246	90	0	1	246	1	246	2.02e-109	311
MDC2983786.1	QIZ20940.1	69.128	149	44	1	1	147	1	149	1.93e-73	213
MDC2983787.1	QIZ20939.1	61.889	307	115	1	1	305	1	307	2.98e-146	409
MDC2983788.1	QIZ20937.1	48.698	384	192	4	1	379	1	384	1.73e-132	380
MDC2983789.1	QIZ20936.1	72.101	276	76	1	1	276	1	275	6.03e-152	421
MDC2983790.1	QIZ20935.1	49.774	221	111	0	1	221	1	221	9.11e-75	221
MDC2983791.1	QIZ20934.1	54.804	281	127	0	2	282	8	288	3.70e-109	313
MDC2983792.1	QIZ20933.1	63.571	560	200	2	1	559	1	557	0.0	777
MDC2983793.1	QIZ20932.1	63.158	76	28	0	1	76	3	78	8.83e-31	99.4
MDC2983794.1	QIZ20931.1	57.895	114	47	1	1	113	1	114	1.13e-36	116
MDC2983796.1	QIZ20929.1	52.941	238	112	0	1	238	1	238	1.21e-89	260
MDC2983798.1	QIZ20927.1	73.514	185	48	1	1	184	1	185	6.10e-97	275
MDC2983799.1	QIZ20926.1	65.394	419	142	2	1	419	1	416	0.0	539
MDC2983800.1	QIZ20925.1	47.967	123	63	1	4	125	5	127	2.87e-35	114
MDC2983801.1	QIZ20924.1	55.972	427	181	2	1	420	1	427	7.94e-165	466
MDC2983802.1	QIZ20923.1	77.143	70	16	0	1	70	1	70	6.65e-39	119
MDC2983803.1	QIZ21496.1	69.231	65	20	0	3	67	2	66	2.65e-30	97.4
MDC2983805.1	QIZ20922.1	48.963	482	223	8	1	476	1	465	3.57e-150	432
MDC2983806.1	QIZ20921.1	48.094	341	174	3	12	350	9	348	1.93e-105	309
MDC2983807.1	QIZ20920.1	46.429	224	119	1	1	224	1	223	4.82e-65	197
MDC2983809.1	QIZ20908.1	50.644	233	108	3	1	226	1	233	4.23e-73	218
MDC2983810.1	QIZ20898.1	36.192	478	292	8	3	476	4	472	1.71e-99	303
MDC2983812.1	QIZ20896.1	48.000	425	214	6	1	421	1	422	1.76e-133	386
MDC2983813.1	QIZ20895.1	67.143	280	91	1	1	280	30	308	1.24e-141	396
MDC2983814.1	QIZ20419.1	89.595	346	36	0	1	346	1	346	0.0	656
MDC2983815.1	QIZ20418.1	70.341	381	113	0	1	381	1	381	0.0	531
MDC2983816.1	QIZ20417.1	61.807	487	118	6	1	480	1	426	0.0	569
MDC2983817.1	QIZ20416.1	86.667	240	32	0	1	240	5	244	8.65e-160	438
MDC2983818.1	QIZ20415.1	84.553	123	19	0	1	123	1	123	1.57e-74	213
MDC2983819.1	QIZ20414.1	72.914	875	237	0	1	875	1	875	0.0	1347
MDC2983820.1	QIZ20413.1	83.566	572	94	0	1	572	1	572	0.0	1015
MDC2983821.1	QIZ20412.1	68.000	400	127	1	1	399	1	400	0.0	528
MDC2983827.1	QIZ20416.1	37.008	254	142	7	4	252	1	241	6.29e-49	157
MDC2983829.1	QIZ21305.1	32.444	225	142	4	3	225	6	222	3.83e-32	112
MDC2983830.1	QIZ20410.1	72.430	214	59	0	4	217	2	215	1.40e-110	311
MDC2983832.1	QIZ20409.1	94.444	72	4	0	1	72	1	72	2.08e-44	133
MDC2983834.1	QIZ20405.1	76.923	130	30	0	3	132	4	133	6.20e-73	209
MDC2983835.1	QIZ20406.1	79.401	267	55	0	1	267	1	267	2.63e-151	419
MDC2983836.1	QIZ20407.1	72.358	246	68	0	1	246	3	248	9.98e-131	365
MDC2983837.1	QIZ20408.1	65.946	370	112	6	4	371	1	358	2.60e-171	478
MDC2983838.1	QIZ20404.1	76.506	332	78	0	1	332	1	332	0.0	535
MDC2983839.1	QIZ20403.1	72.481	258	71	0	1	258	1	258	3.70e-144	400
MDC2983840.1	QIZ20402.1	82.857	105	18	0	1	105	1	105	3.52e-60	175
MDC2983841.1	QIZ20401.1	67.838	370	119	0	1	370	1	370	8.50e-180	499
MDC2983842.1	QIZ20400.1	68.284	577	182	1	1	576	1	577	0.0	808
MDC2983843.1	QIZ20399.1	53.488	86	39	1	1	85	1	86	6.21e-25	85.1
MDC2983844.1	QIZ20398.1	54.430	316	144	0	1	316	1	316	6.40e-122	348
MDC2983845.1	QIZ20397.1	71.901	242	68	0	2	243	4	245	4.10e-117	330
MDC2983846.1	QIZ20396.1	79.911	224	45	0	7	230	13	236	2.42e-135	375
MDC2983847.1	QIZ20395.1	82.353	68	9	2	1	65	1	68	5.61e-33	103
MDC2983848.1	QIZ20394.1	71.698	53	15	0	1	53	1	53	8.91e-21	73.9
MDC2983849.1	QIZ20393.1	79.365	252	52	0	1	252	1	252	6.09e-149	412
MDC2983850.1	QIZ20392.1	75.240	416	103	0	1	416	1	416	0.0	665
MDC2983851.1	QIZ20391.1	82.979	94	16	0	1	94	1	94	8.94e-55	160
MDC2983852.1	QIZ20390.1	70.793	517	151	0	1	517	1	517	0.0	743
MDC2983853.1	QIZ20389.1	75.593	295	70	2	4	297	2	295	3.46e-160	444
MDC2983854.1	QIZ20388.1	80.000	200	37	1	1	200	1	197	2.69e-121	337
MDC2983855.1	QIZ20387.1	87.777	949	115	1	1	949	1	948	0.0	1746
MDC2983856.1	QIZ20386.1	82.353	153	22	2	2	149	1	153	7.20e-86	244
MDC2983857.1	QIZ20385.1	79.556	856	167	2	1	856	1	848	0.0	1352
MDC2983858.1	QIZ20384.1	76.829	164	38	0	1	164	1	164	5.00e-93	263
MDC2983859.1	QIZ20383.1	75.543	184	44	1	1	183	1	184	1.55e-103	291
MDC2983860.1	QIZ20382.1	76.486	370	87	0	1	370	1	370	0.0	600
MDC2983861.1	QIZ20381.1	72.059	272	76	0	1	272	1	272	1.34e-155	430
MDC2983862.1	QIZ20380.1	72.917	192	52	0	14	205	12	203	4.09e-97	276
MDC2983863.1	QIZ20379.1	61.209	678	262	1	2	678	5	682	0.0	845
MDC2983866.1	QIZ21440.1	41.695	295	168	2	6	296	8	302	1.13e-80	246
MDC2983867.1	QIZ20549.1	73.053	642	167	3	1	641	1	637	0.0	973
MDC2983868.1	QIZ20548.1	92.424	264	20	0	1	264	1	264	0.0	499
MDC2983869.1	QIZ20547.1	83.121	314	52	1	1	313	1	314	0.0	531
MDC2983870.1	QIZ20546.1	81.027	448	84	1	1	447	1	448	0.0	766
MDC2983871.1	QIZ20545.1	82.162	370	66	0	1	370	1	370	0.0	598
MDC2983872.1	QIZ21534.1	37.500	104	64	1	21	124	20	122	2.64e-23	83.6
MDC2983873.1	QIZ21539.1	56.287	167	73	0	7	173	13	179	9.00e-56	169
MDC2983874.1	QIZ21540.1	57.333	150	60	1	5	154	2	147	5.87e-59	176
MDC2983876.1	QIZ20215.1	77.622	143	32	0	5	147	3	145	2.52e-83	237
MDC2983877.1	QIZ20541.1	75.484	310	76	0	1	310	1	310	8.80e-178	489
MDC2983878.1	QIZ20540.1	78.431	255	55	0	1	255	1	255	1.06e-149	414
MDC2983880.1	QIZ20542.1	46.186	472	245	3	7	471	6	475	5.16e-137	400
MDC2983881.1	QIZ20539.1	77.236	369	84	0	1	369	1	369	0.0	580
MDC2983882.1	QIZ20538.1	90.110	91	9	0	1	91	1	91	2.18e-58	169
MDC2983883.1	QIZ20537.1	63.279	433	159	0	1	433	1	433	0.0	519
MDC2983884.1	QIZ20537.1	78.984	433	91	0	1	433	1	433	0.0	645
MDC2983885.1	QIZ20536.1	62.759	145	53	1	9	152	8	152	5.43e-47	145
MDC2983887.1	QIZ20533.1	69.841	126	38	0	1	126	1	126	1.39e-65	191
MDC2983888.1	QIZ20531.1	60.510	157	62	0	1	157	1	157	3.82e-69	202
MDC2983889.1	QIZ20530.1	65.761	184	63	0	4	187	1	184	3.92e-96	273
MDC2983891.1	QIZ20529.1	60.938	256	99	1	1	256	1	255	3.70e-106	303
MDC2983892.1	QIZ20528.1	88.889	54	6	0	1	54	13	66	1.18e-29	95.1
MDC2983893.1	QIZ20527.1	70.190	369	108	2	4	371	3	370	0.0	538
MDC2983894.1	QIZ20526.1	67.857	392	125	1	1	392	1	391	0.0	567
MDC2983895.1	QIZ20525.1	60.697	402	158	0	1	402	1	402	9.61e-174	487
MDC2983896.1	QIZ20524.1	62.245	392	137	3	14	404	6	387	6.91e-163	459
MDC2983897.1	QIZ20523.1	68.649	185	58	0	1	185	1	185	1.08e-86	249
MDC2983898.1	QIZ20522.1	55.020	249	111	1	1	248	1	249	7.58e-89	259
MDC2983899.1	QIZ20521.1	66.412	131	44	0	1	131	1	131	2.88e-65	190
MDC2983900.1	QIZ20520.1	70.455	264	78	0	1	264	1	264	6.40e-143	397
MDC2983901.1	QIZ20519.1	85.256	156	23	0	1	156	1	156	7.32e-104	290
MDC2983902.1	QIZ20518.1	87.076	619	80	0	1	619	1	619	0.0	1131
MDC2983903.1	QIZ20517.1	70.690	116	34	0	1	116	1	116	1.77e-61	179
MDC2983904.1	QIZ20516.1	68.994	358	111	0	1	358	1	358	9.57e-163	455
MDC2983905.1	QIZ20513.1	87.887	388	47	0	1	388	1	388	0.0	718
MDC2983906.1	QIZ20512.1	89.247	93	10	0	3	95	2	94	2.89e-57	167
MDC2983907.1	QIZ20511.1	89.731	594	61	0	1	594	1	594	0.0	1121
MDC2983909.1	QIZ20203.1	31.982	444	276	10	4	432	2	434	1.17e-62	204
MDC2983911.1	QIZ20706.1	74.609	256	65	0	1	256	9	264	4.27e-143	397
MDC2983912.1	QIZ20707.1	66.871	163	50	1	2	160	1	163	6.30e-78	224
MDC2983913.1	QIZ20203.1	33.949	433	261	5	15	432	15	437	1.42e-82	256
MDC2983916.1	QIZ20714.1	84.314	204	31	1	1	203	1	204	1.49e-118	331
MDC2983917.1	QIZ20716.1	77.698	139	31	0	1	139	1	139	2.94e-84	239
MDC2983918.1	QIZ20717.1	76.967	521	118	2	1	519	1	521	0.0	822
MDC2983919.1	QIZ20718.1	55.944	143	62	1	2	144	4	145	3.41e-47	145
MDC2983920.1	QIZ20719.1	75.989	354	85	0	1	354	1	354	0.0	532
MDC2983921.1	QIZ20720.1	61.084	203	79	0	1	203	1	203	1.91e-93	267
MDC2983922.1	QIZ20721.1	75.415	301	74	0	1	301	1	301	4.44e-173	477
MDC2983923.1	QIZ20722.1	62.687	268	96	2	1	265	1	267	1.83e-120	340
MDC2983924.1	QIZ20723.1	74.884	215	54	0	1	215	1	215	1.01e-124	347
MDC2983925.1	QIZ20724.1	86.139	404	56	0	1	404	1	404	0.0	741
MDC2983926.1	QIZ20725.1	75.819	885	214	0	3	887	4	888	0.0	1379
MDC2983927.1	QIZ20726.1	83.551	383	54	2	1	374	1	383	0.0	649
MDC2983928.1	QIZ20727.1	52.163	416	197	2	17	430	17	432	3.42e-144	414
MDC2983929.1	QIZ20728.1	60.912	307	119	1	1	307	1	306	6.47e-132	373
MDC2983931.1	QIZ20729.1	63.333	120	44	0	1	120	1	120	4.56e-58	171
MDC2983932.1	QIZ20731.1	81.679	131	24	0	1	131	1	131	1.07e-79	226
MDC2983933.1	QIZ20732.1	78.353	425	92	0	1	425	1	425	0.0	707
MDC2983935.1	QIZ20733.1	56.944	288	124	0	2	289	3	290	2.22e-115	330
MDC2983937.1	QIZ20734.1	76.642	137	32	0	2	138	44	180	1.76e-79	228
MDC2983938.1	QIZ20736.1	62.981	208	76	1	1	207	1	208	2.95e-96	275
MDC2983939.1	QIZ20737.1	74.556	338	86	0	1	338	1	338	0.0	524
MDC2983940.1	QIZ20738.1	70.755	106	30	1	1	106	1	105	1.01e-53	159
MDC2983941.1	QIZ20739.1	75.781	256	62	0	1	256	1	256	3.41e-145	402
MDC2983942.1	QIZ20740.1	84.469	631	98	0	1	631	1	631	0.0	1139
MDC2983943.1	QIZ20741.1	74.545	110	28	0	1	110	1	110	6.90e-55	162
MDC2983944.1	QIZ20742.1	74.943	435	108	1	1	435	1	434	0.0	699
MDC2983945.1	QIZ20743.1	62.585	294	109	1	1	293	1	294	1.64e-130	368
MDC2983947.1	QIZ21387.1	81.562	461	85	0	1	461	1	461	0.0	762
MDC2983949.1	QIZ20605.1	85.934	391	55	0	1	391	1	391	0.0	697
MDC2983954.1	QIZ20710.1	31.532	222	144	2	8	229	3	216	1.16e-30	110
MDC2983957.1	QIZ21401.1	23.117	571	378	16	64	608	51	586	6.44e-27	110
MDC2983958.1	QIZ20606.1	75.574	479	117	0	1	479	1	479	0.0	788
MDC2983960.1	QIZ20501.1	48.125	320	164	1	1	318	1	320	5.13e-103	300
MDC2983967.1	QIZ20416.1	30.222	225	145	5	1	222	1	216	5.29e-31	111
MDC2983968.1	QIZ21490.1	57.244	283	121	0	1	283	1	283	9.74e-122	345
MDC2983969.1	QIZ20621.1	48.208	307	152	3	1	305	1	302	1.58e-89	265
MDC2983970.1	QIZ20622.1	79.252	294	61	0	1	294	1	294	7.99e-163	450
MDC2983971.1	QIZ20623.1	66.667	159	53	0	1	159	1	159	3.02e-71	207
MDC2983972.1	QIZ20624.1	83.726	467	76	0	1	467	1	467	0.0	844
MDC2983974.1	QIZ20625.1	82.243	107	19	0	5	111	4	110	2.08e-65	189
MDC2983975.1	QIZ20626.1	76.531	98	23	0	1	98	1	98	1.41e-53	158
MDC2983976.1	QIZ20627.1	74.510	153	39	0	1	153	1	153	6.92e-85	241
MDC2983977.1	QIZ20628.1	81.436	404	75	0	1	404	1	404	0.0	710
MDC2983978.1	QIZ20629.1	61.151	417	154	2	1	413	1	413	6.79e-179	501
MDC2983979.1	QIZ20630.1	87.295	244	31	0	1	244	1	244	4.47e-154	424
MDC2983980.1	QIZ20631.1	89.583	480	50	0	1	480	1	480	0.0	902
MDC2983981.1	QIZ20632.1	67.857	140	44	1	1	139	1	140	5.93e-68	197
MDC2983982.1	QIZ20633.1	83.871	217	35	0	5	221	2	218	6.35e-134	371
MDC2983983.1	QIZ20634.1	49.067	375	181	5	1	365	1	375	1.07e-120	349
MDC2983984.1	QIZ20635.1	73.956	407	103	2	1	405	1	406	0.0	602
MDC2983985.1	QIZ20636.1	70.930	172	50	0	1	172	556	727	3.22e-77	239
MDC2983986.1	QIZ20553.1	79.018	224	47	0	1	224	205	428	2.35e-134	380
MDC2983987.1	QIZ20555.1	50.000	244	122	0	266	509	253	496	2.74e-73	236
MDC2983988.1	QIZ20557.1	29.193	322	219	6	1	317	1	318	7.58e-41	140
MDC2983995.1	QIZ21131.1	29.553	291	168	8	19	292	12	282	3.90e-26	100
MDC2983997.1	QIZ20554.1	62.069	203	75	1	1	203	1	201	1.35e-78	229
MDC2983998.1	QIZ21430.1	58.333	384	158	1	1	384	1	382	3.02e-153	433
MDC2983999.1	QIZ21493.1	60.324	247	81	1	1	230	1	247	8.89e-101	288
MDC2984002.1	QIZ21536.1	63.229	223	82	0	1	223	1	223	9.00e-109	308
MDC2984003.1	QIZ20568.1	83.598	189	31	0	1	189	1	189	4.82e-118	328
MDC2984004.1	QIZ20569.1	81.381	333	62	0	1	333	1	333	0.0	561
MDC2984006.1	QIZ20576.1	63.542	96	32	2	1	94	1	95	4.95e-35	111
MDC2984008.1	QIZ20577.1	72.642	106	29	0	1	106	1	106	5.17e-57	167
MDC2984010.1	QIZ20579.1	69.811	106	32	0	5	110	5	110	4.43e-48	145
MDC2984011.1	QIZ20582.1	60.360	111	44	0	1	111	1	111	5.30e-36	114
MDC2984015.1	QIZ20203.1	36.429	420	258	5	13	423	17	436	8.92e-79	246
MDC2984016.1	QIZ20226.1	29.242	277	184	5	18	289	19	288	4.85e-41	139
MDC2984017.1	QIZ20580.1	75.342	73	18	0	1	73	1	73	1.24e-37	116
MDC2984018.1	QIZ20490.1	60.197	304	120	1	1	304	1	303	3.76e-134	379
MDC2984019.1	QIZ20584.1	65.054	186	65	0	1	186	1	186	7.50e-89	254
MDC2984021.1	QIZ20556.1	35.628	247	142	6	318	558	40	275	5.96e-40	144
MDC2984021.1	QIZ20556.1	30.830	253	157	5	19	270	41	276	1.84e-33	126
MDC2984024.1	QIZ20981.1	63.294	504	182	3	1	503	1	502	0.0	638
MDC2984025.1	QIZ20982.1	45.128	195	105	2	1	194	1	194	4.34e-52	162
MDC2984026.1	QIZ20983.1	40.252	159	89	5	4	157	1	158	8.41e-28	97.4
MDC2984027.1	QIZ20984.1	79.661	177	36	0	1	177	1	177	3.29e-96	272
MDC2984028.1	QIZ20985.1	85.246	183	27	0	3	185	5	187	9.04e-121	335
MDC2984029.1	QIZ20986.1	71.560	218	62	0	1	218	1	218	4.23e-117	328
MDC2984031.1	QIZ20988.1	49.697	165	83	0	10	174	5	169	1.84e-54	166
MDC2984032.1	QIZ20989.1	69.180	451	139	0	1	451	1	451	0.0	629
MDC2984033.1	QIZ20990.1	62.624	404	151	0	1	404	1	404	0.0	521
MDC2984034.1	QIZ20991.1	62.500	232	87	0	1	232	2	233	2.49e-102	292
MDC2984035.1	QIZ20992.1	80.541	370	72	0	1	370	1	370	0.0	611
MDC2984036.1	QIZ20993.1	73.134	469	123	2	2	469	4	470	0.0	695
MDC2984037.1	QIZ20994.1	76.744	86	20	0	1	86	1	86	1.56e-41	127
MDC2984038.1	QIZ20995.1	64.111	287	103	0	1	287	1	287	9.40e-123	348
MDC2984039.1	QIZ20996.1	73.191	235	62	1	1	235	1	234	1.68e-132	369
MDC2984040.1	QIZ20997.1	82.184	522	93	0	1	522	1	522	0.0	873
MDC2984041.1	QIZ20998.1	70.823	401	115	1	1	399	1	401	0.0	586
MDC2984042.1	QIZ20999.1	68.966	145	45	0	1	145	1	145	4.67e-71	206
MDC2984043.1	QIZ21000.1	61.200	250	96	1	1	249	1	250	9.93e-107	305
MDC2984044.1	QIZ21001.1	57.931	145	59	1	3	147	6	148	2.35e-58	174
MDC2984047.1	QIZ20329.1	64.433	194	67	2	4	196	20	212	1.88e-94	270
MDC2984049.1	QIZ21005.1	64.179	134	48	0	1	134	1	134	8.54e-61	179
MDC2984050.1	QIZ21006.1	78.313	166	36	0	1	166	1	166	2.16e-97	274
MDC2984051.1	QIZ21007.1	83.623	403	66	0	1	403	1	403	0.0	711
MDC2984052.1	QIZ21008.1	88.889	261	29	0	1	261	1	261	3.74e-179	489
MDC2984055.1	QIZ21227.1	75.000	116	29	0	1	116	1	116	1.49e-64	187
MDC2984056.1	QIZ21010.1	92.607	257	19	0	1	257	433	689	3.11e-167	474
MDC2984057.1	QIZ20302.1	81.352	429	76	1	1	425	2	430	0.0	720
MDC2984058.1	QIZ20301.1	79.959	484	97	0	1	484	1	484	0.0	801
MDC2984059.1	QIZ20300.1	78.947	95	20	0	1	95	1	95	1.33e-52	155
MDC2984060.1	QIZ20299.1	70.861	151	44	0	1	151	1	151	1.56e-75	218
MDC2984061.1	QIZ20298.1	88.498	313	35	1	1	312	1	313	0.0	580
MDC2984062.1	QIZ20742.1	27.561	410	264	12	29	424	25	415	1.36e-40	145
MDC2984063.1	QIZ20297.1	73.158	190	51	0	1	190	1	190	2.09e-92	263
MDC2984064.1	QIZ20296.1	77.022	853	188	2	1	846	1	852	0.0	1326
MDC2984065.1	QIZ20294.1	71.242	153	44	0	1	153	1	153	4.42e-80	229
MDC2984066.1	QIZ20293.1	67.053	431	139	2	1	428	1	431	0.0	583
MDC2984067.1	QIZ20292.1	74.815	270	68	0	1	270	1	270	5.02e-136	380
MDC2984068.1	QIZ20291.1	48.889	270	135	2	1	267	11	280	5.58e-82	243
MDC2984069.1	QIZ20290.1	85.120	457	68	0	1	457	1	457	0.0	805
MDC2984070.1	QIZ20289.1	61.165	206	79	1	1	206	1	205	1.75e-89	257
MDC2984071.1	QIZ20288.1	64.570	302	106	1	1	302	1	301	1.57e-140	394
MDC2984073.1	QIZ20287.1	83.673	147	22	1	1	147	1	145	1.13e-85	243
MDC2984074.1	QIZ20286.1	89.766	342	35	0	1	342	1	342	0.0	617
MDC2984075.1	QIZ20285.1	92.174	115	9	0	31	145	36	150	1.19e-71	207
MDC2984076.1	QIZ20284.1	85.827	127	18	0	1	127	1	127	3.42e-80	228
MDC2984077.1	QIZ20283.1	50.711	211	78	1	1	185	1	211	6.08e-68	202
MDC2984078.1	QIZ20282.1	86.854	426	56	0	1	426	1	426	0.0	760
MDC2984079.1	QIZ20281.1	59.477	153	59	2	1	150	1	153	3.22e-50	154
MDC2984080.1	QIZ20280.1	85.455	165	24	0	2	166	6	170	8.93e-101	283
MDC2984081.1	QIZ20279.1	75.424	118	27	2	1	116	1	118	1.67e-57	169
MDC2984082.1	QIZ20278.1	71.508	179	51	0	1	179	1	179	7.85e-95	269
MDC2984083.1	QIZ20277.1	77.863	131	28	1	1	130	1	131	8.39e-74	211
MDC2984084.1	QIZ20276.1	84.158	101	16	0	1	101	1	101	7.09e-60	174
MDC2984085.1	QIZ20275.1	72.472	178	49	0	1	178	1	178	2.99e-97	275
MDC2984086.1	QIZ20274.1	81.818	66	12	0	1	66	1	66	2.08e-34	108
MDC2984087.1	QIZ20273.1	92.623	122	9	0	1	122	1	122	2.52e-81	230
MDC2984088.1	QIZ20272.1	73.077	78	21	0	1	78	1	78	4.04e-31	100
MDC2984089.1	QIZ20271.1	64.912	57	20	0	1	57	1	57	2.08e-22	77.0
MDC2984090.1	QIZ20270.1	82.963	135	23	0	1	135	1	135	1.17e-84	239
MDC2984092.1	QIZ20745.1	60.317	63	25	0	1	63	1	63	3.88e-21	78.6
MDC2984093.1	QIZ20744.1	82.675	329	57	0	1	329	1	329	0.0	583
MDC2984096.1	QIZ21388.1	81.270	315	59	0	1	315	1	315	0.0	553
MDC2984097.1	QIZ21395.1	75.182	274	68	0	1	274	1	274	1.50e-155	430
MDC2984098.1	QIZ21396.1	83.735	332	52	2	29	358	28	359	0.0	559
MDC2984099.1	QIZ21397.1	86.505	289	39	0	1	289	1	289	5.34e-177	486
MDC2984100.1	QIZ21398.1	73.770	61	16	0	1	61	1	61	2.19e-29	94.4
MDC2984101.1	QIZ21399.1	73.461	471	121	2	1	467	1	471	0.0	669
MDC2984102.1	QIZ21400.1	59.197	299	122	0	1	299	1	299	1.83e-112	323
MDC2984103.1	QIZ21401.1	84.524	588	91	0	1	588	1	588	0.0	1031
MDC2984104.1	QIZ21402.1	76.796	181	42	0	1	181	1	181	2.53e-99	280
MDC2984105.1	QIZ21403.1	84.366	339	52	1	1	339	1	338	0.0	600
MDC2984106.1	QIZ21404.1	83.397	524	83	3	1	524	1	520	0.0	916
MDC2984107.1	QIZ21405.1	88.496	339	38	1	4	341	7	345	0.0	607
MDC2984108.1	QIZ21406.1	41.522	289	143	8	4	276	2	280	5.20e-62	197
MDC2984109.1	QIZ21407.1	43.046	151	85	1	10	160	11	160	4.04e-24	88.6
MDC2984110.1	QIZ21408.1	57.253	648	266	5	1	640	1	645	0.0	751
MDC2984111.1	QIZ21409.1	63.085	363	134	0	12	374	11	373	2.19e-156	440
MDC2984112.1	QIZ21329.1	71.429	427	121	1	2	428	23	448	0.0	630
MDC2984113.1	QIZ21328.1	62.400	250	93	1	1	249	1	250	1.27e-109	312
MDC2984115.1	QIZ21188.1	87.671	73	9	0	11	83	386	458	3.01e-40	133
MDC2984116.1	QIZ21187.1	52.227	247	117	1	1	247	1	246	3.79e-83	244
MDC2984117.1	QIZ21186.1	56.949	295	125	1	4	296	3	297	2.33e-112	322
MDC2984118.1	QIZ21185.1	61.838	359	135	2	1	357	1	359	2.16e-158	444
MDC2984119.1	QIZ21184.1	77.778	369	82	0	1	369	1	369	0.0	616
MDC2984120.1	QIZ21183.1	75.253	198	49	0	1	198	1	198	8.47e-110	308
MDC2984121.1	QIZ21182.1	59.833	239	96	0	1	239	1	239	5.37e-111	314
MDC2984122.1	QIZ21181.1	75.806	124	29	1	1	124	1	123	2.72e-68	198
MDC2984123.1	QIZ21180.1	92.857	84	6	0	1	84	1	84	5.72e-53	155
MDC2984124.1	QIZ21179.1	76.453	327	77	0	1	327	1	327	1.46e-177	490
MDC2984125.1	QIZ21178.1	76.359	368	87	0	1	368	1	368	0.0	563
MDC2984126.1	QIZ21177.1	61.298	416	160	1	1	415	1	416	9.73e-178	498
MDC2984127.1	QIZ21176.1	59.524	168	67	1	10	177	14	180	3.37e-64	191
MDC2984128.1	QIZ21175.1	77.586	116	26	0	1	116	1	116	1.79e-61	179
MDC2984129.1	QIZ21174.1	76.536	358	84	0	20	377	22	379	0.0	570
MDC2984130.1	QIZ21173.1	65.563	151	52	0	8	158	8	158	1.00e-75	219
MDC2984131.1	QIZ21172.1	61.538	130	50	0	1	130	1	130	7.34e-54	161
MDC2984132.1	QIZ21171.1	93.617	470	30	0	4	473	3	472	0.0	905
MDC2984133.1	QIZ21170.1	83.959	293	45	1	1	293	1	291	0.0	501
MDC2984134.1	QIZ21169.1	89.121	478	52	0	1	478	29	506	0.0	882
MDC2984135.1	QIZ20478.1	72.000	225	63	0	1	225	1	225	1.59e-110	322
MDC2984137.1	QIZ20589.1	28.676	272	190	4	3	273	4	272	1.83e-25	98.2
MDC2984140.1	QIZ20480.1	61.333	150	58	0	34	183	34	183	4.43e-66	196
MDC2984141.1	QIZ20481.1	61.538	221	85	0	1	221	1	221	5.41e-102	290
MDC2984142.1	QIZ20482.1	49.600	125	63	0	2	126	3	127	8.46e-41	128
MDC2984143.1	QIZ20483.1	61.927	218	79	2	1	217	1	215	1.00e-94	271
MDC2984146.1	QIZ20485.1	47.521	484	254	0	1	484	2	485	5.85e-166	473
MDC2984147.1	QIZ20487.1	74.487	439	112	0	4	442	2	440	0.0	636
MDC2984148.1	QIZ20488.1	59.223	206	70	2	7	199	15	219	5.60e-73	216
MDC2984149.1	QIZ20489.1	58.516	364	150	1	1	364	1	363	2.33e-158	444
MDC2984150.1	QIZ20495.1	61.394	531	205	0	1	531	1	531	0.0	702
MDC2984151.1	QIZ20496.1	76.963	191	42	1	2	192	8	196	5.29e-92	263
MDC2984152.1	QIZ20497.1	83.730	252	41	0	1	252	1	252	1.20e-148	411
MDC2984153.1	QIZ20498.1	65.354	127	43	1	1	126	140	266	4.47e-61	184
MDC2984155.1	QIZ20185.1	29.968	317	217	4	38	353	38	350	5.54e-34	124
MDC2984156.1	QIZ20187.1	81.288	326	59	1	1	324	1	326	0.0	515
MDC2984157.1	QIZ20188.1	70.513	156	46	0	1	156	1	156	5.50e-79	227
MDC2984158.1	QIZ20189.1	86.172	499	69	0	1	499	1	499	0.0	847
MDC2984159.1	QIZ20570.1	42.754	138	78	1	1	138	1	137	1.47e-41	130
MDC2984160.1	QIZ20190.1	69.167	360	110	1	1	360	1	359	0.0	525
MDC2984161.1	QIZ20191.1	72.283	184	51	0	1	184	1	184	1.38e-106	299
MDC2984162.1	QIZ20192.1	79.641	167	34	0	1	167	1	167	4.54e-98	276
MDC2984164.1	QIZ20563.1	42.424	297	159	6	1	288	1	294	2.15e-66	206
MDC2984166.1	QIZ20196.1	75.691	181	44	0	1	181	19	199	2.83e-105	296
MDC2984167.1	QIZ20197.1	69.550	289	88	0	1	289	1	289	3.05e-158	438
MDC2984168.1	QIZ20198.1	70.927	399	116	0	1	399	1	399	0.0	519
MDC2984169.1	QIZ20200.1	87.895	380	46	0	1	380	1	380	0.0	704
MDC2984170.1	QIZ20201.1	87.798	336	41	0	1	336	1	336	0.0	627
MDC2984171.1	QIZ20202.1	85.802	162	23	0	1	162	1	162	5.61e-103	288
MDC2984172.1	QIZ20203.1	91.593	226	19	0	1	226	1	226	9.36e-151	422
MDC2984173.1	QIZ20860.1	70.213	235	65	2	1	233	199	430	8.61e-119	341
MDC2984174.1	QIZ20861.1	49.438	89	32	1	6	94	19	94	3.13e-23	84.3
MDC2984175.1	QIZ20862.1	47.143	280	148	0	1	280	1	280	1.19e-84	251
MDC2984176.1	QIZ20863.1	71.709	357	101	0	1	357	1	357	3.44e-180	499
MDC2984177.1	QIZ20864.1	76.944	360	83	0	5	364	3	362	0.0	583
MDC2984178.1	QIZ20865.1	67.742	403	129	1	1	402	1	403	0.0	548
MDC2984179.1	QIZ20866.1	68.908	238	74	0	4	241	2	239	1.35e-118	334
MDC2984180.1	QIZ20867.1	51.049	143	67	1	1	140	1	143	3.55e-41	130
MDC2984181.1	QIZ20868.1	62.125	433	164	0	1	433	1	433	0.0	554
MDC2984182.1	QIZ20869.1	74.125	514	133	0	1	514	1	514	0.0	767
MDC2984183.1	QIZ20869.1	66.454	313	103	2	1	312	537	848	1.09e-139	411
MDC2984184.1	QIZ20870.1	74.387	367	93	1	1	367	1	366	0.0	564
MDC2984185.1	QIZ20871.1	71.114	727	199	3	1	716	4	730	0.0	1081
MDC2984186.1	QIZ20872.1	69.036	197	59	1	1	197	1	195	8.64e-102	288
MDC2984187.1	QIZ20873.1	69.524	105	32	0	1	105	1	105	1.77e-49	148
MDC2984188.1	QIZ21094.1	68.997	329	99	1	2	330	23	348	7.46e-174	482
MDC2984189.1	QIZ21095.1	74.238	361	92	1	1	360	1	361	0.0	557
MDC2984190.1	QIZ21096.1	78.814	236	50	0	1	236	1	236	8.67e-144	397
MDC2984191.1	QIZ21097.1	81.250	496	93	0	1	496	1	496	0.0	823
MDC2984192.1	QIZ21099.1	95.000	40	2	0	1	40	1	40	2.30e-23	77.8
MDC2984194.1	QIZ21103.1	70.526	380	110	2	1	379	1	379	0.0	556
MDC2984195.1	QIZ21107.1	85.279	394	58	0	1	394	1	394	0.0	705
MDC2984196.1	QIZ21108.1	63.690	168	59	1	1	166	1	168	1.87e-80	231
MDC2984197.1	QIZ21109.1	68.986	345	106	1	1	344	1	345	0.0	520
MDC2984198.1	QIZ21110.1	79.447	253	51	1	1	252	1	253	4.01e-146	404
MDC2984199.1	QIZ21111.1	77.064	109	25	0	3	111	4	112	1.85e-57	169
MDC2984200.1	QIZ21112.1	74.317	183	47	0	1	183	1	183	1.05e-101	286
MDC2984201.1	QIZ21113.1	92.453	106	8	0	1	106	1	106	5.40e-73	207
MDC2984202.1	QIZ21114.1	71.186	236	67	1	6	240	1	236	1.13e-125	352
MDC2984203.1	QIZ21115.1	53.425	73	34	0	1	73	1	73	6.04e-23	79.3
MDC2984204.1	QIZ21116.1	66.429	140	46	1	1	140	1	139	8.19e-64	187
MDC2984205.1	QIZ21117.1	66.402	378	127	0	1	378	2	379	5.87e-176	499
MDC2984212.1	QIZ20851.1	32.911	316	177	9	4	309	6	296	1.46e-37	132
MDC2984216.1	QIZ20501.1	29.771	262	167	7	49	297	45	302	1.43e-26	102
MDC2984218.1	QIZ20837.1	37.104	221	124	8	36	251	370	580	3.41e-40	141
MDC2984219.1	QIZ21265.1	68.627	306	96	0	1	306	1	306	8.69e-160	449
MDC2984220.1	QIZ21264.1	57.789	199	80	2	21	217	21	217	3.45e-74	219
MDC2984221.1	QIZ21263.1	79.070	258	54	0	6	263	5	262	5.62e-152	420
MDC2984222.1	QIZ21262.1	67.598	179	56	2	2	180	1	177	3.16e-90	257
MDC2984224.1	QIZ21260.1	72.438	283	78	0	20	302	21	303	3.02e-155	432
MDC2984225.1	QIZ21259.1	92.279	544	42	0	1	544	1	544	0.0	977
MDC2984226.1	QIZ21258.1	77.519	258	58	0	1	258	1	258	1.11e-148	412
MDC2984227.1	QIZ21257.1	61.966	234	86	2	1	232	1	233	2.57e-100	287
MDC2984228.1	QIZ21256.1	76.364	220	52	0	1	220	1	220	2.47e-119	334
MDC2984229.1	QIZ21253.1	77.778	279	61	1	4	281	1	279	6.16e-166	457
MDC2984230.1	QIZ21252.1	80.805	323	62	0	1	323	1	323	0.0	545
MDC2984231.1	QIZ21251.1	75.385	130	32	0	1	130	1	130	2.26e-74	213
MDC2984232.1	QIZ21250.1	65.965	285	97	0	3	287	2	286	4.47e-137	384
MDC2984233.1	QIZ21249.1	65.944	461	156	1	1	461	1	460	0.0	620
MDC2984234.1	QIZ20698.1	70.000	140	42	0	1	140	253	392	7.21e-66	201
MDC2984235.1	QIZ20697.1	63.187	182	67	0	1	182	1	182	1.43e-80	233
MDC2984236.1	QIZ20696.1	56.379	243	106	0	3	245	4	246	9.07e-103	295
MDC2984237.1	QIZ20695.1	62.581	155	58	0	1	155	1	155	1.80e-54	164
MDC2984238.1	QIZ20694.1	89.646	367	38	0	1	367	1	367	0.0	668
MDC2984240.1	QIZ21213.1	38.028	142	88	0	24	165	4	145	7.15e-26	93.2
MDC2984241.1	QIZ20688.1	86.717	399	53	0	1	399	1	399	0.0	741
MDC2984242.1	QIZ20687.1	58.667	150	62	0	5	154	8	157	2.44e-56	169
MDC2984243.1	QIZ20686.1	44.697	132	69	1	1	128	1	132	2.24e-36	117
MDC2984244.1	QIZ20683.1	77.500	120	27	0	1	120	1	120	2.20e-53	165
MDC2984245.1	QIZ20683.1	70.718	181	53	0	1	181	121	301	3.30e-93	269
MDC2984246.1	QIZ20681.1	89.189	370	40	0	2	371	1	370	0.0	707
MDC2984247.1	QIZ20680.1	74.419	344	88	0	4	347	3	346	0.0	539
MDC2984248.1	QIZ20679.1	74.667	75	19	0	1	75	1	75	2.90e-39	120
MDC2984249.1	QIZ21456.1	64.433	194	68	1	12	204	10	203	5.33e-75	225
MDC2984250.1	QIZ21455.1	80.986	142	27	0	1	142	1	142	5.48e-86	243
MDC2984251.1	QIZ21454.1	42.118	406	229	5	19	422	32	433	2.89e-100	301
MDC2984252.1	QIZ21453.1	51.869	214	103	0	1	214	1	214	1.53e-57	177
MDC2984253.1	QIZ21452.1	83.577	889	146	0	1	889	1	889	0.0	1550
MDC2984254.1	QIZ21451.1	52.821	195	92	0	1	195	1	195	2.83e-69	205
MDC2984255.1	QIZ21450.1	82.301	113	20	0	1	113	1	113	1.28e-71	204
MDC2984256.1	QIZ21449.1	75.696	395	96	0	1	395	1	395	0.0	637
MDC2984257.1	QIZ21448.1	74.423	477	122	0	1	477	1	477	0.0	744
MDC2984258.1	QIZ21447.1	92.063	315	25	0	3	317	5	319	0.0	608
MDC2984259.1	QIZ21446.1	51.630	184	88	1	19	201	19	202	3.62e-65	197
MDC2984260.1	QIZ20774.1	52.174	69	33	0	1	69	109	177	1.53e-22	80.9
MDC2984261.1	QIZ20773.1	67.293	266	87	0	1	266	1	266	9.11e-132	369
MDC2984262.1	QIZ20772.1	70.417	240	71	0	1	240	1	240	4.91e-129	360
MDC2984263.1	QIZ20771.1	73.077	156	42	0	1	156	1	156	1.36e-85	244
MDC2984264.1	QIZ20770.1	79.018	224	47	0	1	224	1	224	9.26e-133	368
MDC2984265.1	QIZ20769.1	84.783	138	21	0	1	138	1	138	1.08e-84	239
MDC2984266.1	QIZ20768.1	52.174	322	101	2	1	322	1	269	7.18e-100	291
MDC2984267.1	QIZ20767.1	87.239	431	55	0	18	448	16	446	0.0	786
MDC2984268.1	QIZ20766.1	82.099	162	26	1	1	162	1	159	3.09e-92	261
MDC2984269.1	QIZ20765.1	64.350	331	101	4	4	334	11	324	1.99e-147	414
MDC2984270.1	QIZ20764.1	44.857	350	184	6	1	348	1	343	1.32e-90	271
MDC2984271.1	QIZ20763.1	88.006	617	74	0	3	619	1	617	0.0	1078
MDC2984274.1	QIZ21533.1	52.475	101	48	0	1	101	1	101	2.49e-35	112
MDC2984275.1	QIZ21532.1	54.884	215	96	1	1	214	1	215	6.87e-74	219
MDC2984276.1	QIZ20247.1	78.626	131	28	0	1	131	1	131	2.95e-74	213
MDC2984277.1	QIZ20246.1	71.888	249	70	0	1	249	1	249	1.77e-133	372
MDC2984278.1	QIZ20245.1	66.514	218	69	1	1	214	1	218	1.42e-104	297
MDC2984279.1	QIZ20244.1	77.647	255	57	0	1	255	1	255	1.30e-155	429
MDC2984280.1	QIZ20243.1	79.070	430	90	0	1	430	1	430	0.0	722
MDC2984281.1	QIZ20242.1	71.923	260	73	0	1	260	1	260	3.90e-141	392
MDC2984282.1	QIZ20241.1	67.532	77	25	0	1	77	1	77	4.92e-35	110
MDC2984283.1	QIZ20240.1	71.366	227	65	0	1	227	1	227	7.10e-125	348
MDC2984284.1	QIZ20239.1	90.106	283	28	0	1	283	1	283	0.0	531
MDC2984285.1	QIZ20495.1	42.911	529	297	4	2	526	3	530	5.58e-144	421
MDC2984292.1	QIZ20592.1	33.333	258	154	7	1	255	1	243	1.47e-37	128
MDC2984293.1	QIZ20556.1	44.248	339	181	3	2	334	3	339	2.70e-99	293
MDC2984296.1	QIZ21340.1	44.444	144	71	3	5	146	26	162	3.33e-32	108
MDC2984298.1	QIZ21343.1	52.843	721	313	5	9	716	39	745	0.0	784
MDC2984299.1	QIZ21410.1	76.642	411	95	1	3	412	2	412	0.0	678
MDC2984300.1	QIZ21411.1	61.824	296	110	2	4	299	3	295	1.48e-124	353
MDC2984301.1	QIZ21412.1	74.684	316	80	0	1	316	1	316	0.0	505
MDC2984302.1	QIZ20974.1	51.121	446	213	3	7	448	127	571	2.31e-157	467
MDC2984303.1	QIZ21417.1	81.667	120	22	0	1	120	16	135	9.22e-65	192
MDC2984307.1	QIZ20556.1	33.473	239	149	4	28	266	47	275	1.09e-35	133
MDC2984307.1	QIZ20556.1	33.913	230	132	7	377	598	45	262	1.61e-30	118
MDC2984308.1	QIZ21444.1	78.378	740	160	0	1	740	1	740	0.0	1202
MDC2984309.1	QIZ21445.1	56.061	198	87	0	1	198	16	213	1.94e-77	227
MDC2984310.1	QIZ21117.1	50.323	155	75	2	8	160	454	608	4.01e-45	152
MDC2984311.1	QIZ21118.1	45.455	165	88	2	10	173	10	173	1.51e-47	149
MDC2984312.1	QIZ21119.1	49.573	117	56	1	3	116	2	118	4.86e-34	110
MDC2984313.1	QIZ21120.1	59.712	139	56	0	23	161	31	169	8.28e-58	174
MDC2984314.1	QIZ21121.1	92.670	382	28	0	1	382	1	382	0.0	746
MDC2984315.1	QIZ21122.1	80.890	382	73	0	1	382	1	382	0.0	674
MDC2984316.1	QIZ21123.1	82.990	388	66	0	2	389	1	388	0.0	662
MDC2984317.1	QIZ21124.1	89.716	457	47	0	1	457	1	457	0.0	857
MDC2984318.1	QIZ21125.1	78.065	310	68	0	1	310	1	310	0.0	510
MDC2984319.1	QIZ21152.1	38.525	122	74	1	1	122	417	537	2.19e-23	89.4
MDC2984321.1	QIZ20487.1	31.148	305	156	7	7	309	11	263	4.01e-32	125
MDC2984323.1	QIZ21134.1	30.857	350	239	2	1	347	1	350	2.43e-41	145
MDC2984324.1	QIZ21137.1	52.656	433	198	2	1	427	2	433	9.19e-149	426
MDC2984325.1	QIZ20775.1	62.162	148	56	0	1	148	1	148	1.47e-58	174
MDC2984326.1	QIZ20776.1	50.467	107	53	0	1	107	1	107	1.48e-21	77.8
MDC2984327.1	QIZ20777.1	74.501	651	165	1	1	650	1	651	0.0	1025
MDC2984328.1	QIZ20779.1	59.694	392	156	1	1	390	1	392	3.36e-167	469
MDC2984329.1	QIZ20780.1	76.048	334	80	0	1	334	1	334	0.0	525
MDC2984330.1	QIZ20781.1	66.667	201	67	0	4	204	6	206	9.59e-81	235
MDC2984331.1	QIZ20782.1	70.229	131	39	0	1	131	1	131	3.97e-71	207
MDC2984332.1	QIZ20705.1	65.385	130	45	0	1	130	94	223	8.27e-64	190
MDC2984333.1	QIZ20704.1	54.777	314	140	2	5	316	2	315	4.23e-114	328
MDC2984334.1	QIZ20703.1	68.100	279	85	1	1	275	1	279	7.41e-132	372
MDC2984335.1	QIZ20702.1	64.820	361	126	1	5	364	5	365	1.76e-173	483
MDC2984336.1	QIZ20701.1	78.571	126	27	0	1	126	1	126	1.78e-72	208
MDC2984337.1	QIZ20699.1	64.179	67	23	1	1	66	1	67	1.26e-25	92.4
MDC2984341.1	QIZ21213.1	53.147	143	66	1	1	142	1	143	9.29e-54	162
MDC2984345.1	QIZ20301.1	27.879	495	299	15	2	461	4	475	4.98e-28	112
MDC2984347.1	QIZ21448.1	62.609	345	128	1	1	344	1	345	4.21e-156	442
MDC2984348.1	QIZ21438.1	60.569	246	97	0	1	246	1	246	3.13e-109	310
MDC2984349.1	QIZ21439.1	81.443	388	72	0	1	388	1	388	0.0	678
MDC2984350.1	QIZ21440.1	83.425	362	59	1	1	361	1	362	0.0	628
MDC2984351.1	QIZ21441.1	74.862	362	88	2	13	372	13	373	0.0	557
MDC2984352.1	QIZ21442.1	68.585	417	128	1	4	420	2	415	0.0	610
MDC2984354.1	QIZ20605.1	31.921	354	211	11	38	376	49	387	2.32e-36	132
MDC2984356.1	QIZ21230.1	57.944	321	135	0	1	321	1	321	6.62e-125	357
MDC2984357.1	QIZ21475.1	44.444	144	75	2	6	149	9	147	1.30e-34	114
MDC2984358.1	QIZ20500.1	79.634	383	78	0	1	383	1	383	0.0	662
MDC2984359.1	QIZ21233.1	89.195	472	51	0	1	472	1	472	0.0	875
MDC2984360.1	QIZ21235.1	90.359	529	51	0	1	529	1	529	0.0	956
MDC2984361.1	QIZ21236.1	94.681	94	5	0	1	94	1	94	8.96e-62	179
MDC2984362.1	QIZ21237.1	58.824	272	111	1	1	271	1	272	2.36e-121	343
MDC2984363.1	QIZ21238.1	60.976	246	96	0	5	250	1	246	1.04e-105	304
MDC2984364.1	QIZ21473.1	68.786	173	54	0	1	173	387	559	3.63e-86	264
MDC2984366.1	QIZ21474.1	45.988	324	155	11	1	314	1	314	1.17e-82	248
MDC2984367.1	QIZ21478.1	57.849	344	139	3	1	341	1	341	8.14e-146	411
MDC2984368.1	QIZ21479.1	41.593	565	315	5	114	667	155	715	2.57e-134	407
MDC2984368.1	QIZ21479.1	33.193	238	159	0	430	667	154	391	4.89e-31	124
MDC2984370.1	QIZ21148.1	85.542	166	24	0	2	167	300	465	9.70e-102	296
MDC2984371.1	QIZ21149.1	78.607	201	43	0	1	201	9	209	1.27e-117	328
MDC2984372.1	QIZ21150.1	86.957	368	48	0	1	368	1	368	0.0	646
MDC2984373.1	QIZ21151.1	70.289	589	170	4	1	586	1	587	0.0	868
MDC2984374.1	QIZ21152.1	74.895	239	60	0	1	239	1	239	1.83e-133	382
MDC2984376.1	QIZ20193.1	27.562	283	179	9	4	268	1	275	3.90e-24	94.7
MDC2984378.1	QIZ21591.1	77.714	175	39	0	1	175	1	175	8.96e-94	266
MDC2984381.1	QIZ21242.1	51.934	362	165	5	6	365	1	355	6.97e-106	312
MDC2984383.1	QIZ21240.1	45.783	166	88	1	1	164	1	166	3.63e-44	139
MDC2984384.1	QIZ21239.1	74.058	902	230	2	1	902	7	904	0.0	1382
MDC2984385.1	QIZ20200.1	41.693	319	180	4	1	317	1	315	5.61e-84	254
MDC2984386.1	QIZ21509.1	29.070	258	178	4	5	260	7	261	2.62e-22	88.6
MDC2984387.1	QIZ20560.1	33.421	380	241	4	48	420	47	421	7.26e-58	191
MDC2984390.1	QIZ21131.1	84.615	156	24	0	1	156	1	156	3.74e-95	272
MDC2984391.1	QIZ21130.1	87.153	288	35	2	1	288	1	286	3.21e-177	486
MDC2984392.1	QIZ21129.1	80.039	511	100	2	1	510	1	510	0.0	864
MDC2984393.1	QIZ21128.1	86.687	323	43	0	1	323	31	353	0.0	573
MDC2984394.1	QIZ21463.1	87.135	171	22	0	1	171	123	293	1.18e-110	313
MDC2984395.1	QIZ21462.1	75.115	217	54	0	11	227	11	227	2.89e-125	350
MDC2984396.1	QIZ21461.1	90.703	441	41	0	1	441	1	441	0.0	784
MDC2984397.1	QIZ21460.1	79.773	440	89	0	1	440	1	440	0.0	746
MDC2984398.1	QIZ20433.1	75.000	100	24	1	1	99	1	100	1.53e-52	155
MDC2984399.1	QIZ20432.1	80.261	537	106	0	1	537	1	537	0.0	896
MDC2984400.1	QIZ20431.1	80.657	274	53	0	1	274	1	274	3.53e-168	462
MDC2984401.1	QIZ20430.1	75.623	361	87	1	1	361	1	360	0.0	534
MDC2984402.1	QIZ21063.1	56.364	165	70	1	1	163	31	195	4.10e-56	171
MDC2984403.1	QIZ21064.1	49.231	130	65	1	7	135	38	167	2.53e-36	118
MDC2984404.1	QIZ21065.1	84.615	455	70	0	1	455	1	455	0.0	773
MDC2984405.1	QIZ21066.1	88.304	171	20	0	1	171	1	171	2.01e-111	310
MDC2984406.1	QIZ21067.1	85.204	196	29	0	1	196	1	196	7.70e-128	353
MDC2984407.1	QIZ21068.1	85.294	102	15	0	1	102	1	102	5.86e-60	178
MDC2984408.1	QIZ21190.1	81.316	380	71	0	1	380	146	525	0.0	645
MDC2984409.1	QIZ21191.1	59.195	348	140	1	1	346	1	348	6.03e-144	407
MDC2984410.1	QIZ21192.1	77.500	80	18	0	1	80	1	80	4.36e-43	131
MDC2984411.1	QIZ21193.1	85.165	182	27	0	1	182	1	182	2.16e-111	311
MDC2984414.1	QIZ20588.1	34.259	216	141	1	49	263	65	280	6.99e-45	148
MDC2984416.1	QIZ20422.1	72.848	453	119	4	1	451	1	451	0.0	651
MDC2984417.1	QIZ20421.1	75.000	460	109	1	1	454	1	460	0.0	654
MDC2984418.1	QIZ21459.1	57.051	312	133	1	2	312	65	376	3.20e-131	374
MDC2984419.1	QIZ21458.1	63.694	471	171	0	1	471	1	471	0.0	644
MDC2984420.1	QIZ21457.1	75.540	139	34	0	1	139	1	139	5.76e-81	230
MDC2984421.1	QIZ20746.1	83.871	775	125	0	1	775	111	885	0.0	1365
MDC2984422.1	QIZ20745.1	68.707	147	45	1	1	147	132	277	5.43e-71	210
MDC2984423.1	QIZ20314.1	72.796	794	214	2	1	792	194	987	0.0	1246
MDC2984424.1	QIZ21246.1	56.388	227	99	0	5	231	60	286	5.38e-87	255
MDC2984425.1	QIZ21245.1	73.333	60	16	0	1	60	1	60	1.03e-27	90.5
MDC2984426.1	QIZ21244.1	62.470	421	158	0	1	421	1	421	0.0	541
MDC2984427.1	QIZ21243.1	61.194	67	26	0	1	67	1	67	2.07e-24	85.9
MDC2984428.1	QIZ21214.1	27.817	284	198	3	25	308	16	292	6.66e-32	116
MDC2984429.1	QIZ21483.1	36.548	197	125	0	15	211	3	199	1.06e-41	140
MDC2984430.1	QIZ20875.1	61.679	274	105	0	2	275	3	276	8.65e-126	355
MDC2984431.1	QIZ20874.1	64.305	367	129	2	1	365	1	367	3.33e-172	487
MDC2984434.1	QIZ20852.1	48.123	293	146	2	48	334	12	304	6.21e-91	271
