MDA7847183.1	QIZ20752.1	96.812	345	11	0	1	345	16	360	0.0	690
MDA7847184.1	QIZ20753.1	96.860	637	20	0	1	637	1	637	0.0	1278
MDA7847185.1	QIZ20754.1	97.241	290	8	0	1	290	1	290	0.0	555
MDA7847186.1	QIZ20755.1	92.593	81	6	0	1	81	1	81	2.72e-47	140
MDA7847187.1	QIZ20756.1	96.774	310	10	0	1	310	1	310	0.0	594
MDA7847188.1	QIZ20757.1	98.160	326	6	0	1	326	1	326	0.0	648
MDA7847189.1	QIZ20758.1	98.976	293	3	0	1	293	1	293	0.0	594
MDA7847190.1	QIZ20759.1	97.907	430	9	0	1	430	1	430	0.0	861
MDA7847191.1	QIZ20760.1	97.778	270	6	0	1	270	1	270	0.0	523
MDA7847192.1	QIZ20761.1	95.034	443	22	0	1	443	1	443	0.0	841
MDA7847193.1	QIZ20762.1	94.857	350	18	0	1	350	1	350	0.0	592
MDA7847194.1	QIZ20763.1	98.726	628	8	0	3	630	1	628	0.0	1268
MDA7847195.1	QIZ20764.1	90.883	351	32	0	1	351	1	351	0.0	644
MDA7847196.1	QIZ20765.1	94.136	324	19	0	1	324	1	324	0.0	627
MDA7847197.1	QIZ20766.1	95.597	159	7	0	1	159	1	159	3.56e-105	293
MDA7847198.1	QIZ20767.1	98.206	446	8	0	1	446	1	446	0.0	899
MDA7847199.1	QIZ20768.1	97.770	269	6	0	1	269	1	269	0.0	525
MDA7847200.1	QIZ20769.1	100.000	138	0	0	1	138	1	138	1.70e-98	275
MDA7847201.1	QIZ20770.1	98.661	224	3	0	1	224	1	224	4.57e-162	442
MDA7847202.1	QIZ20771.1	98.780	164	2	0	1	164	1	164	4.39e-120	331
MDA7847203.1	QIZ20772.1	99.170	241	2	0	1	241	1	241	1.02e-179	488
MDA7847204.1	QIZ20773.1	97.388	268	7	0	1	268	1	268	0.0	536
MDA7847205.1	QIZ20774.1	91.160	181	16	0	1	181	1	181	3.67e-118	328
MDA7847206.1	QIZ20775.1	94.595	148	8	0	1	148	1	148	6.36e-98	274
MDA7847207.1	QIZ20776.1	97.196	107	3	0	1	107	1	107	9.45e-67	192
MDA7847208.1	QIZ20777.1	95.859	652	27	0	1	652	1	652	0.0	1287
MDA7847209.1	QIZ20778.1	95.821	335	14	0	1	335	1	335	0.0	662
MDA7847210.1	QIZ20779.1	91.327	392	34	0	1	392	1	392	0.0	709
MDA7847211.1	QIZ20780.1	90.774	336	31	0	1	336	1	336	0.0	639
MDA7847212.1	QIZ20781.1	92.754	207	15	0	1	207	1	207	3.85e-120	335
MDA7847213.1	QIZ20782.1	98.925	186	2	0	1	186	1	186	1.17e-138	380
MDA7847214.1	QIZ20783.1	97.561	246	6	0	1	246	1	246	1.03e-179	489
MDA7847215.1	QIZ20784.1	98.684	76	1	0	1	76	1	76	1.48e-53	156
MDA7847216.1	QIZ20785.1	95.876	194	8	0	1	194	1	194	1.01e-130	361
MDA7847217.1	QIZ20786.1	98.438	64	1	0	1	64	1	64	1.62e-38	117
MDA7847220.1	QIZ20788.1	92.457	464	35	0	2	465	1	464	0.0	872
MDA7847221.1	QIZ20789.1	93.684	95	6	0	1	95	1	95	2.94e-59	172
MDA7847222.1	QIZ20790.1	80.663	362	70	0	1	362	1	362	0.0	589
MDA7847225.1	QIZ21473.1	96.930	228	7	0	1	228	548	775	3.97e-162	462
MDA7847226.1	QIZ21472.1	95.652	115	5	0	1	115	1	115	6.18e-81	228
MDA7847227.1	QIZ21471.1	100.000	442	0	0	1	442	1	442	0.0	917
MDA7847228.1	QIZ21470.1	99.796	489	1	0	1	489	1	489	0.0	1028
MDA7847229.1	QIZ21469.1	99.045	314	3	0	1	314	1	314	0.0	642
MDA7847230.1	QIZ21468.1	96.479	284	10	0	1	284	1	284	0.0	563
MDA7847231.1	QIZ21467.1	99.578	474	2	0	1	474	1	474	0.0	978
MDA7847232.1	QIZ21466.1	97.744	133	3	0	1	133	1	133	1.19e-96	270
MDA7847233.1	QIZ21465.1	99.785	466	1	0	1	466	1	466	0.0	934
MDA7847234.1	QIZ21464.1	94.595	74	4	0	1	74	1	74	4.62e-49	145
MDA7847235.1	QIZ21463.1	99.320	294	2	0	1	294	1	294	0.0	598
MDA7847236.1	QIZ21462.1	98.678	227	3	0	1	227	1	227	1.23e-166	454
MDA7847237.1	QIZ21461.1	99.774	442	1	0	1	442	1	442	0.0	902
MDA7847238.1	QIZ21460.1	99.320	441	3	0	1	441	1	441	0.0	915
MDA7847239.1	QIZ21459.1	98.158	380	7	0	1	380	1	380	0.0	758
MDA7847240.1	QIZ21458.1	94.926	473	24	0	1	473	1	473	0.0	927
MDA7847241.1	QIZ21457.1	89.928	139	14	0	1	139	1	139	1.93e-93	262
MDA7847242.1	QIZ21456.1	96.875	352	11	0	1	352	1	352	0.0	664
MDA7847243.1	QIZ21455.1	97.183	142	4	0	1	142	1	142	2.65e-102	285
MDA7847244.1	QIZ21454.1	42.926	417	237	1	17	433	18	433	6.36e-115	339
MDA7847245.1	QIZ21453.1	90.654	214	20	0	1	214	1	214	4.34e-114	320
MDA7847246.1	QIZ21452.1	98.313	889	15	0	1	889	1	889	0.0	1800
MDA7847247.1	QIZ21451.1	98.469	196	3	0	1	196	1	196	3.97e-140	384
MDA7847248.1	QIZ21450.1	99.115	113	1	0	1	113	1	113	2.49e-79	224
MDA7847249.1	QIZ21449.1	87.626	396	49	0	1	396	1	396	0.0	731
MDA7847253.1	QIZ20485.1	32.049	493	303	6	6	482	9	485	5.61e-88	273
MDA7847254.1	QIZ21448.1	99.372	478	3	0	1	478	1	478	0.0	980
MDA7847255.1	QIZ21447.1	99.373	319	2	0	1	319	1	319	0.0	654
MDA7847256.1	QIZ21446.1	89.035	228	25	0	18	245	18	245	3.62e-149	411
MDA7847257.1	QIZ21445.1	93.925	214	13	0	1	214	1	214	7.14e-148	405
MDA7847259.1	QIZ21153.1	93.023	258	18	0	1	258	1	258	0.0	498
MDA7847260.1	QIZ21152.1	96.078	357	14	0	1	357	186	542	0.0	721
MDA7847261.1	QIZ21152.1	97.452	157	4	0	1	157	1	157	5.07e-108	314
MDA7847262.1	QIZ21151.1	98.467	587	9	0	1	587	1	587	0.0	1198
MDA7847263.1	QIZ21150.1	99.185	368	3	0	1	368	1	368	0.0	746
MDA7847264.1	QIZ21149.1	98.522	203	3	0	1	203	9	211	1.03e-147	405
MDA7847265.1	QIZ21148.1	98.501	467	7	0	1	467	1	467	0.0	953
MDA7847266.1	QIZ21146.1	97.807	228	5	0	1	228	1	228	3.89e-167	456
MDA7847267.1	QIZ21144.1	97.566	452	11	0	1	452	1	452	0.0	884
MDA7847268.1	QIZ21143.1	94.526	274	15	0	1	274	1	274	0.0	496
MDA7847269.1	QIZ21142.1	98.689	305	4	0	1	305	1	305	0.0	599
MDA7847270.1	QIZ21141.1	98.396	187	3	0	1	187	1	187	1.01e-134	370
MDA7847271.1	QIZ21138.1	98.305	59	1	0	1	59	1	59	9.04e-38	115
MDA7847272.1	QIZ21137.1	97.753	445	10	0	1	445	1	445	0.0	900
MDA7847273.1	QIZ21136.1	100.000	453	0	0	1	453	1	453	0.0	894
MDA7847274.1	QIZ21135.1	96.923	195	6	0	1	195	1	195	3.70e-143	392
MDA7847275.1	QIZ21134.1	99.221	385	3	0	1	385	1	385	0.0	793
MDA7847277.1	QIZ21125.1	96.215	317	12	0	1	317	1	317	0.0	623
MDA7847278.1	QIZ21124.1	99.344	457	3	0	1	457	1	457	0.0	936
MDA7847279.1	QIZ21123.1	98.711	388	5	0	1	388	1	388	0.0	796
MDA7847280.1	QIZ21122.1	98.695	383	5	0	1	383	1	383	0.0	793
MDA7847281.1	QIZ21121.1	99.478	383	2	0	1	383	1	383	0.0	793
MDA7847282.1	QIZ21120.1	63.576	151	52	2	21	171	22	169	4.72e-64	190
MDA7847283.1	QIZ21119.1	98.718	78	1	0	1	78	41	118	8.13e-44	134
MDA7847284.1	QIZ20314.1	97.930	483	10	0	1	483	520	1002	0.0	994
MDA7847285.1	QIZ20313.1	90.909	187	17	0	1	187	1	187	2.57e-126	349
MDA7847286.1	QIZ20312.1	97.255	255	7	0	1	255	1	255	0.0	502
MDA7847287.1	QIZ20311.1	98.780	246	3	0	1	246	1	246	5.82e-173	472
MDA7847288.1	QIZ20310.1	92.222	90	7	0	1	90	1	90	1.37e-57	167
MDA7847289.1	QIZ20306.1	88.820	161	18	0	1	161	1	161	3.50e-107	298
MDA7847290.1	QIZ20305.1	95.175	456	22	0	1	456	1	456	0.0	860
MDA7847291.1	QIZ20304.1	91.362	301	26	0	1	301	1	301	0.0	558
MDA7847292.1	QIZ20303.1	91.667	216	18	0	1	216	1	216	1.76e-146	402
MDA7847294.1	QIZ21356.1	36.107	673	401	15	14	671	21	679	1.85e-133	406
MDA7847295.1	QIZ20302.1	96.334	491	18	0	1	491	1	491	0.0	972
MDA7847296.1	QIZ20301.1	96.701	485	16	0	1	485	1	485	0.0	961
MDA7847297.1	QIZ20300.1	94.737	95	5	0	1	95	1	95	6.23e-61	176
MDA7847298.1	QIZ20299.1	98.675	151	2	0	1	151	1	151	4.16e-106	295
MDA7847299.1	QIZ20298.1	98.083	313	6	0	1	313	1	313	0.0	634
MDA7847300.1	QIZ20742.1	25.616	406	277	11	28	423	25	415	1.20e-34	129
MDA7847301.1	QIZ20297.1	93.717	191	12	0	1	191	1	191	1.96e-120	334
MDA7847302.1	QIZ20296.1	97.335	863	21	1	1	863	1	861	0.0	1721
MDA7847304.1	QIZ20294.1	81.046	153	29	0	1	153	1	153	1.02e-90	256
MDA7847305.1	QIZ20293.1	88.657	432	49	0	1	432	1	432	0.0	748
MDA7847306.1	QIZ20292.1	96.679	271	9	0	1	271	1	271	0.0	520
MDA7847307.1	QIZ20291.1	86.667	105	14	0	1	105	1	105	9.45e-62	185
MDA7847308.1	QIZ20644.1	97.403	77	2	0	1	77	43	119	2.75e-52	154
MDA7847309.1	QIZ20643.1	95.455	132	6	0	1	132	1	132	2.70e-82	233
MDA7847310.1	QIZ20642.1	98.652	445	6	0	1	445	1	445	0.0	915
MDA7847311.1	QIZ20641.1	95.745	141	6	0	1	141	1	141	1.00e-95	268
MDA7847312.1	QIZ20640.1	92.701	137	10	0	10	146	10	146	3.93e-92	259
MDA7847314.1	QIZ20638.1	98.054	257	5	0	1	257	1	257	0.0	511
MDA7847315.1	QIZ20637.1	95.819	598	25	0	1	598	1	598	0.0	1118
MDA7847317.1	QIZ20863.1	41.975	243	133	5	104	342	104	342	2.25e-54	178
MDA7847318.1	QIZ20636.1	86.027	730	102	0	1	730	1	730	0.0	1145
MDA7847319.1	QIZ20635.1	94.866	409	21	0	1	409	1	409	0.0	768
MDA7847320.1	QIZ20634.1	92.533	375	28	0	1	375	1	375	0.0	698
MDA7847321.1	QIZ20633.1	98.624	218	3	0	1	218	1	218	1.99e-165	450
MDA7847322.1	QIZ20632.1	96.454	141	5	0	1	141	1	141	3.40e-99	276
MDA7847323.1	QIZ20631.1	91.667	480	40	0	1	480	1	480	0.0	926
MDA7847324.1	QIZ20630.1	76.378	127	30	0	4	130	7	133	5.06e-67	199
MDA7847325.1	QIZ20630.1	85.106	47	7	0	1	47	197	243	7.91e-26	89.7
MDA7847326.1	QIZ20423.1	94.435	593	33	0	1	593	1	593	0.0	1052
MDA7847327.1	QIZ20424.1	94.609	371	20	0	1	371	1	371	0.0	643
MDA7847328.1	QIZ20425.1	94.611	167	9	0	1	167	1	167	1.19e-105	295
MDA7847329.1	QIZ20426.1	95.395	152	7	0	1	152	1	152	2.34e-92	260
MDA7847330.1	QIZ20427.1	97.241	145	4	0	1	145	1	145	6.18e-104	289
MDA7847331.1	QIZ20428.1	97.727	308	7	0	1	308	1	308	0.0	626
MDA7847332.1	QIZ20429.1	96.000	100	4	0	1	100	1	100	6.76e-63	182
MDA7847333.1	QIZ20430.1	98.804	418	5	0	1	418	1	418	0.0	835
MDA7847334.1	QIZ20431.1	99.635	274	1	0	1	274	1	274	0.0	565
MDA7847335.1	QIZ20433.1	99.000	100	1	0	1	100	1	100	2.23e-67	193
MDA7847336.1	QIZ20434.1	96.341	246	9	0	1	246	1	246	1.49e-176	481
MDA7847337.1	QIZ20435.1	95.983	473	19	0	1	473	1	473	0.0	823
MDA7847338.1	QIZ20436.1	96.281	484	18	0	1	484	1	484	0.0	898
MDA7847339.1	QIZ20437.1	96.335	191	7	0	1	191	1	191	4.69e-134	369
MDA7847340.1	QIZ20438.1	98.182	330	6	0	1	330	1	330	0.0	650
MDA7847341.1	QIZ20439.1	98.099	263	5	0	1	263	1	263	0.0	497
MDA7847342.1	QIZ20440.1	98.222	225	4	0	1	225	1	225	1.63e-163	446
MDA7847343.1	QIZ20441.1	96.825	126	4	0	1	126	1	126	9.43e-89	261
MDA7847345.1	QIZ21388.1	92.063	315	25	0	1	315	1	315	0.0	614
MDA7847347.1	QIZ21490.1	95.053	283	14	0	7	289	1	283	0.0	533
MDA7847348.1	QIZ21491.1	79.612	103	21	0	1	103	1	103	3.85e-44	134
MDA7847349.1	QIZ21492.1	95.890	146	6	0	1	146	1	146	1.45e-103	288
MDA7847350.1	QIZ21493.1	93.548	248	16	0	1	248	1	248	5.36e-165	452
MDA7847351.1	QIZ21494.1	69.565	115	34	1	1	114	1	115	1.83e-60	177
MDA7847353.1	QIZ21496.1	100.000	68	0	0	1	68	1	68	2.29e-47	140
MDA7847354.1	QIZ21497.1	95.484	155	7	0	1	155	1	155	1.57e-107	299
MDA7847355.1	QIZ21498.1	94.828	348	18	0	1	348	1	348	0.0	651
MDA7847356.1	QIZ21499.1	95.092	163	8	0	1	163	1	163	1.21e-110	307
MDA7847357.1	QIZ21500.1	94.737	323	17	0	1	323	1	323	0.0	640
MDA7847358.1	QIZ21501.1	96.182	550	21	0	1	550	1	550	0.0	1092
MDA7847359.1	QIZ21502.1	98.030	203	4	0	1	203	1	203	4.85e-144	395
MDA7847360.1	QIZ20621.1	77.483	302	68	0	1	302	1	302	2.73e-173	477
MDA7847361.1	QIZ20620.1	92.857	196	14	0	1	196	1	196	9.71e-125	346
MDA7847362.1	QIZ20619.1	86.290	248	34	0	1	248	1	248	5.72e-128	358
MDA7847363.1	QIZ20618.1	96.988	166	5	0	1	166	1	166	1.18e-118	328
MDA7847366.1	QIZ20661.1	38.153	249	138	7	5	247	6	244	3.65e-41	137
MDA7847367.1	QIZ20491.1	28.465	404	284	4	37	435	74	477	5.46e-54	184
MDA7847368.1	QIZ21483.1	88.601	386	44	0	3	388	2	387	0.0	715
MDA7847369.1	QIZ21484.1	93.916	263	16	0	1	263	1	263	0.0	508
MDA7847370.1	QIZ21485.1	98.574	561	8	0	1	561	1	561	0.0	1137
MDA7847371.1	QIZ21486.1	99.043	418	4	0	1	418	1	418	0.0	865
MDA7847372.1	QIZ21487.1	98.864	88	1	0	1	88	1	88	4.32e-65	186
MDA7847373.1	QIZ21488.1	96.593	998	34	0	1	998	1	998	0.0	2008
MDA7847375.1	QIZ20411.1	99.687	319	1	0	1	319	3	321	0.0	638
MDA7847376.1	QIZ20410.1	99.535	215	1	0	1	215	1	215	1.29e-154	423
MDA7847377.1	QIZ20408.1	87.500	360	12	1	1	327	1	360	0.0	626
MDA7847378.1	QIZ20407.1	98.805	251	3	0	1	251	1	251	0.0	503
MDA7847379.1	QIZ20406.1	97.753	267	6	0	1	267	1	267	0.0	498
MDA7847380.1	QIZ20405.1	99.248	133	1	0	1	133	1	133	7.92e-96	267
MDA7847381.1	QIZ20404.1	98.193	332	6	0	1	332	1	332	0.0	659
MDA7847382.1	QIZ20403.1	95.736	258	11	0	1	258	1	258	0.0	511
MDA7847383.1	QIZ20402.1	100.000	105	0	0	1	105	1	105	1.52e-73	209
MDA7847384.1	QIZ20401.1	95.238	294	14	0	1	294	1	294	0.0	550
MDA7847385.1	QIZ20401.1	95.312	64	3	0	1	64	307	370	2.07e-36	120
MDA7847386.1	QIZ20468.1	99.308	289	2	0	1	289	1	289	0.0	614
MDA7847387.1	QIZ20469.1	97.291	443	12	0	1	443	1	443	0.0	898
MDA7847388.1	QIZ20470.1	92.574	202	15	0	1	202	1	202	1.18e-144	396
MDA7847389.1	QIZ20471.1	98.721	391	5	0	1	391	1	391	0.0	798
MDA7847390.1	QIZ20472.1	96.040	202	8	0	1	202	1	202	5.77e-146	400
MDA7847391.1	QIZ20473.1	97.688	173	4	0	1	173	1	173	7.71e-131	359
MDA7847392.1	QIZ20474.1	97.541	122	3	0	1	122	1	122	8.37e-84	236
MDA7847393.1	QIZ20475.1	97.478	793	20	0	1	793	2	794	0.0	1563
MDA7847394.1	QIZ20476.1	98.578	422	6	0	1	422	1	422	0.0	854
MDA7847395.1	QIZ20477.1	94.330	194	11	0	1	194	10	203	2.87e-139	382
MDA7847397.1	QIZ20860.1	91.750	400	33	0	33	432	33	432	0.0	756
MDA7847398.1	QIZ20861.1	88.966	145	15	1	1	145	1	144	6.31e-82	234
MDA7847399.1	QIZ20862.1	92.857	280	20	0	1	280	1	280	0.0	514
MDA7847400.1	QIZ20863.1	98.776	245	3	0	1	245	113	357	0.0	498
MDA7847401.1	QIZ20717.1	98.131	107	2	0	1	107	415	521	2.11e-74	224
MDA7847403.1	QIZ20715.1	90.661	257	24	0	1	257	1	257	2.03e-171	469
MDA7847404.1	QIZ21439.1	95.014	361	18	0	1	361	1	361	0.0	722
MDA7847405.1	QIZ21440.1	97.790	362	8	0	1	362	1	362	0.0	733
MDA7847406.1	QIZ21441.1	86.150	361	48	2	13	371	13	373	0.0	639
MDA7847407.1	QIZ21442.1	87.470	415	52	0	1	415	1	415	0.0	737
MDA7847408.1	QIZ21443.1	98.592	284	4	0	1	284	1	284	0.0	563
MDA7847409.1	QIZ21444.1	96.581	702	24	0	1	702	1	702	0.0	1388
MDA7847410.1	QIZ20974.1	96.717	792	26	0	1	792	1	792	0.0	1604
MDA7847411.1	QIZ20975.1	88.608	395	45	0	1	395	1	395	0.0	726
MDA7847412.1	QIZ20976.1	94.326	141	8	0	1	141	1	141	6.59e-98	273
MDA7847415.1	QIZ20977.1	96.797	281	9	0	1	281	3	283	0.0	562
MDA7847416.1	QIZ20206.1	89.615	260	27	0	1	260	175	434	1.69e-176	489
MDA7847417.1	QIZ20207.1	100.000	66	0	0	1	66	1	66	5.61e-44	131
MDA7847418.1	QIZ20208.1	97.727	132	3	0	1	132	1	132	1.06e-88	249
MDA7847419.1	QIZ20209.1	89.565	115	12	0	1	115	1	115	8.82e-62	180
MDA7847420.1	QIZ20210.1	98.134	536	10	0	10	545	1	536	0.0	1045
MDA7847421.1	QIZ20211.1	98.969	97	1	0	1	97	1	97	5.60e-68	194
MDA7847422.1	QIZ20212.1	97.531	162	4	0	1	162	1	162	1.13e-119	330
MDA7847424.1	QIZ20213.1	98.701	154	2	0	2	155	24	177	3.86e-110	306
MDA7847425.1	QIZ20214.1	97.279	294	8	0	1	294	1	294	0.0	562
MDA7847426.1	QIZ20215.1	94.483	145	8	0	1	145	1	145	4.88e-102	284
MDA7847428.1	QIZ20216.1	98.214	168	3	0	1	168	2	169	1.32e-115	326
MDA7847429.1	QIZ21255.1	96.970	66	2	0	1	66	1	66	3.82e-43	131
MDA7847430.1	QIZ21254.1	100.000	79	0	0	1	79	1	79	5.85e-57	165
MDA7847431.1	QIZ21253.1	92.683	82	6	0	1	82	1	82	4.31e-49	162
MDA7847432.1	QIZ21256.1	94.470	217	12	0	1	217	1	217	1.18e-143	395
MDA7847433.1	QIZ21257.1	89.700	233	24	0	1	233	1	233	1.68e-152	419
MDA7847434.1	QIZ21258.1	91.513	271	23	0	1	271	1	271	1.66e-180	493
MDA7847435.1	QIZ21259.1	99.081	544	5	0	1	544	1	544	0.0	1081
MDA7847436.1	QIZ21260.1	95.710	303	13	0	1	303	1	303	0.0	584
MDA7847437.1	QIZ21262.1	97.753	178	4	0	1	178	1	178	3.46e-130	358
MDA7847438.1	QIZ21263.1	98.855	262	3	0	1	262	1	262	0.0	525
MDA7847439.1	QIZ21299.1	97.419	310	8	0	1	310	1	310	0.0	603
MDA7847440.1	QIZ21298.1	88.688	221	22	2	1	219	1	220	1.32e-133	371
MDA7847441.1	QIZ21297.1	95.699	186	8	0	1	186	1	186	5.28e-130	358
MDA7847442.1	QIZ21296.1	98.039	357	7	0	1	357	1	357	0.0	716
MDA7847443.1	QIZ21295.1	96.525	259	9	0	1	259	1	259	0.0	501
MDA7847444.1	QIZ21294.1	99.284	419	3	0	1	419	1	419	0.0	838
MDA7847445.1	QIZ21293.1	97.633	169	4	0	1	169	1	169	7.98e-126	346
MDA7847446.1	QIZ21292.1	95.425	153	7	0	1	153	1	153	5.80e-108	300
MDA7847447.1	QIZ21291.1	91.636	275	23	0	1	275	1	275	0.0	523
MDA7847448.1	QIZ21290.1	97.468	158	4	0	1	158	1	158	1.44e-110	306
MDA7847449.1	QIZ21395.1	97.080	274	8	0	1	274	1	274	0.0	538
MDA7847450.1	QIZ21396.1	98.087	366	7	0	1	366	1	366	0.0	727
MDA7847451.1	QIZ21397.1	99.308	289	2	0	1	289	1	289	0.0	573
MDA7847452.1	QIZ21398.1	98.361	61	1	0	1	61	1	61	5.08e-38	116
MDA7847453.1	QIZ21399.1	96.815	471	15	0	1	471	1	471	0.0	903
MDA7847454.1	QIZ21400.1	92.977	299	21	0	1	299	1	299	0.0	512
MDA7847455.1	QIZ21401.1	98.129	588	11	0	1	588	1	588	0.0	1204
MDA7847456.1	QIZ21402.1	91.803	61	5	0	1	61	1	61	9.47e-37	117
MDA7847457.1	QIZ20420.1	94.118	68	4	0	13	80	402	469	1.00e-38	129
MDA7847458.1	QIZ20419.1	98.266	346	6	0	1	346	1	346	0.0	708
MDA7847459.1	QIZ20418.1	96.325	381	14	0	1	381	1	381	0.0	733
MDA7847460.1	QIZ20417.1	97.653	426	10	0	1	426	1	426	0.0	835
MDA7847461.1	QIZ20416.1	97.500	240	6	0	1	240	5	244	3.91e-176	479
MDA7847462.1	QIZ20415.1	96.748	123	4	0	1	123	1	123	3.36e-83	235
MDA7847463.1	QIZ20414.1	95.978	547	22	0	1	547	1	547	0.0	1088
MDA7847464.1	QIZ20735.1	66.279	86	29	0	1	86	170	255	3.06e-27	95.5
MDA7847466.1	QIZ20311.1	33.939	165	108	1	14	177	40	204	8.93e-25	94.0
MDA7847467.1	QIZ20181.1	29.858	211	136	3	15	213	13	223	2.63e-23	89.7
MDA7847468.1	QIZ20416.1	47.431	253	122	2	9	261	3	244	3.74e-80	237
MDA7847469.1	QIZ20734.1	91.667	180	15	0	1	180	1	180	3.94e-114	318
MDA7847471.1	QIZ20733.1	64.164	293	102	2	1	293	1	290	3.79e-133	375
MDA7847472.1	QIZ20732.1	93.168	322	22	0	2	323	103	424	0.0	613
MDA7847473.1	QIZ21316.1	87.317	205	26	0	1	205	10	214	1.49e-125	349
MDA7847474.1	QIZ21347.1	37.197	578	319	12	27	594	44	587	6.41e-107	329
MDA7847475.1	QIZ21355.1	96.491	114	4	0	1	114	1	114	1.83e-78	222
MDA7847476.1	QIZ21346.1	24.727	825	488	25	29	832	3	715	3.20e-60	213
MDA7847477.1	QIZ21320.1	88.988	336	37	0	1	336	1	336	0.0	619
MDA7847478.1	QIZ20977.1	93.126	451	31	0	1	451	351	801	0.0	853
MDA7847479.1	QIZ20978.1	85.816	141	20	0	1	141	1	141	1.97e-85	242
MDA7847480.1	QIZ20979.1	98.148	108	2	0	1	108	1	108	1.65e-74	211
MDA7847481.1	QIZ20980.1	90.789	304	28	0	1	304	1	304	4.50e-180	494
MDA7847482.1	QIZ20981.1	96.127	568	22	0	1	568	1	568	0.0	1032
MDA7847483.1	QIZ20982.1	94.444	198	11	0	1	198	1	198	1.14e-135	374
MDA7847484.1	QIZ21110.1	100.000	253	0	0	1	253	1	253	0.0	495
MDA7847485.1	QIZ21109.1	97.391	345	9	0	1	345	1	345	0.0	699
MDA7847486.1	QIZ21108.1	95.783	166	7	0	1	166	3	168	4.50e-120	332
MDA7847487.1	QIZ21107.1	97.215	395	11	0	1	395	1	395	0.0	786
MDA7847488.1	QIZ21106.1	92.195	205	16	0	1	205	1	205	3.50e-141	388
MDA7847489.1	QIZ21105.1	99.342	152	1	0	1	152	1	152	6.31e-110	305
MDA7847490.1	QIZ21104.1	100.000	126	0	0	1	126	1	126	7.68e-88	247
MDA7847491.1	QIZ21103.1	93.502	277	18	0	1	277	1	277	0.0	540
MDA7847492.1	QIZ20541.1	82.456	171	30	0	1	171	141	311	1.51e-97	280
MDA7847493.1	QIZ20540.1	96.471	255	9	0	1	255	1	255	5.20e-177	483
MDA7847494.1	QIZ20539.1	96.552	377	13	0	1	377	1	377	0.0	740
MDA7847495.1	QIZ20538.1	98.824	85	1	0	1	85	7	91	2.34e-58	169
MDA7847496.1	QIZ20537.1	63.972	433	156	0	1	433	1	433	0.0	519
MDA7847497.1	QIZ20195.1	75.122	205	51	0	1	205	55	259	3.67e-115	324
MDA7847498.1	QIZ21369.1	95.213	188	9	0	1	188	1	188	2.72e-130	365
MDA7847499.1	QIZ21368.1	90.909	495	41	1	1	491	1	495	0.0	843
MDA7847500.1	QIZ21367.1	98.684	152	2	0	1	152	1	152	6.19e-112	310
MDA7847501.1	QIZ21366.1	80.162	247	49	0	1	247	1	247	1.36e-145	402
MDA7847502.1	QIZ21365.1	75.269	93	23	0	1	93	1	93	3.01e-48	149
MDA7847503.1	QIZ21326.1	45.267	1405	678	31	5	1347	199	1574	0.0	1140
MDA7847504.1	QIZ20190.1	95.094	265	13	0	1	265	1	265	0.0	514
MDA7847505.1	QIZ20191.1	88.043	184	22	0	1	184	1	184	5.21e-125	345
MDA7847506.1	QIZ20192.1	96.407	167	6	0	1	167	1	167	1.33e-118	328
MDA7847507.1	QIZ20196.1	90.452	199	19	0	1	199	1	199	7.11e-139	382
MDA7847508.1	QIZ20197.1	95.848	289	12	0	1	289	1	289	0.0	573
MDA7847509.1	QIZ20198.1	96.581	117	4	0	1	117	1	117	2.83e-73	219
MDA7847510.1	QIZ20393.1	96.032	252	10	0	1	252	1	252	1.02e-177	484
MDA7847511.1	QIZ20394.1	94.521	73	4	0	1	73	1	73	1.85e-39	120
MDA7847512.1	QIZ20395.1	84.000	75	5	1	1	75	1	68	2.60e-39	120
MDA7847513.1	QIZ20396.1	95.161	124	6	0	1	124	113	236	1.13e-87	250
MDA7847514.1	QIZ20396.1	94.444	90	5	0	12	101	12	101	1.30e-58	176
MDA7847515.1	QIZ20397.1	95.122	246	12	0	1	246	1	246	5.68e-161	441
MDA7847516.1	QIZ20398.1	92.994	314	22	0	1	314	3	316	0.0	583
MDA7847517.1	QIZ20668.1	99.338	151	1	0	1	151	31	181	2.60e-106	296
MDA7847518.1	QIZ20669.1	97.972	493	10	0	1	493	1	493	0.0	987
MDA7847519.1	QIZ20670.1	96.520	431	15	0	1	431	1	431	0.0	852
MDA7847520.1	QIZ20671.1	94.783	115	6	0	1	115	1	115	1.79e-74	219
MDA7847521.1	QIZ20675.1	88.235	68	8	0	1	68	1	68	1.34e-39	120
MDA7847522.1	QIZ20674.1	94.656	393	21	0	1	393	1	393	0.0	768
MDA7847523.1	QIZ20673.1	94.919	433	22	0	1	433	1	433	0.0	805
MDA7847524.1	QIZ20672.1	96.000	225	9	0	1	225	62	286	1.17e-156	431
MDA7847526.1	QIZ21322.1	40.179	224	80	6	15	195	5	217	1.63e-46	148
MDA7847527.1	QIZ21323.1	53.115	305	130	5	2	293	1	305	3.63e-118	338
MDA7847528.1	QIZ21324.1	48.689	267	110	6	3	257	4	255	9.35e-71	214
MDA7847531.1	QIZ20468.1	92.800	250	18	0	2	251	430	679	3.61e-168	476
MDA7847532.1	QIZ20467.1	97.590	332	8	0	1	332	1	332	0.0	644
MDA7847533.1	QIZ20466.1	98.758	161	2	0	1	161	1	161	4.17e-120	331
MDA7847534.1	QIZ20465.1	97.619	210	5	0	1	210	1	210	1.85e-149	409
MDA7847535.1	QIZ20464.1	97.087	103	3	0	1	103	1	103	6.09e-65	187
MDA7847536.1	QIZ20463.1	96.053	76	3	0	1	76	1	76	8.32e-44	144
MDA7847537.1	QIZ20735.1	61.250	80	29	1	1	80	1	78	2.03e-25	90.5
MDA7847539.1	QIZ20736.1	86.538	208	28	0	1	208	1	208	3.73e-141	388
MDA7847540.1	QIZ20737.1	90.533	338	32	0	1	338	1	338	0.0	610
MDA7847541.1	QIZ20738.1	89.623	106	11	0	1	106	1	106	6.65e-73	207
MDA7847542.1	QIZ21102.1	99.005	201	2	0	1	201	1	201	3.44e-138	380
MDA7847543.1	QIZ21101.1	97.917	240	5	0	1	240	1	240	1.84e-178	485
MDA7847544.1	QIZ21100.1	96.377	138	5	0	1	138	1	138	4.22e-93	261
MDA7847545.1	QIZ21099.1	100.000	40	0	0	1	40	1	40	6.16e-24	79.3
MDA7847546.1	QIZ21098.1	96.330	109	4	0	1	109	1	109	3.71e-78	221
MDA7847547.1	QIZ21097.1	97.826	276	6	0	1	276	221	496	0.0	566
MDA7847548.1	QIZ20422.1	95.628	366	16	0	1	366	86	451	0.0	690
MDA7847549.1	QIZ20421.1	97.408	463	12	0	1	463	1	463	0.0	896
MDA7847550.1	QIZ20420.1	96.067	178	7	0	1	178	9	186	5.20e-116	333
MDA7847551.1	QIZ21158.1	98.566	558	8	0	1	558	33	590	0.0	1154
MDA7847552.1	QIZ21159.1	99.134	231	2	0	1	231	27	257	1.68e-174	475
MDA7847553.1	QIZ21160.1	97.674	129	3	0	1	129	1	129	3.88e-86	255
MDA7847554.1	QIZ21540.1	93.284	134	9	0	1	134	14	147	1.74e-91	257
MDA7847555.1	QIZ20544.1	97.006	167	5	0	1	167	1	167	3.38e-119	330
MDA7847556.1	QIZ20542.1	51.055	474	229	1	3	473	2	475	2.33e-158	454
MDA7847557.1	QIZ20541.1	97.260	73	2	0	1	73	1	73	1.07e-45	144
MDA7847559.1	QIZ20617.1	90.123	81	8	0	1	81	1	81	8.63e-53	154
MDA7847560.1	QIZ20616.1	96.558	581	20	0	1	581	1	581	0.0	1168
MDA7847561.1	QIZ20615.1	93.671	79	5	0	1	79	1	79	2.13e-54	160
MDA7847563.1	QIZ21049.1	93.696	460	29	0	5	464	164	623	0.0	880
MDA7847565.1	QIZ21414.1	97.561	123	3	0	1	123	1	123	7.39e-89	249
MDA7847566.1	QIZ20193.1	37.671	292	172	4	1	289	1	285	2.19e-56	179
MDA7847568.1	QIZ21415.1	80.263	76	15	0	23	98	9	84	7.06e-43	130
MDA7847569.1	QIZ21178.1	97.011	368	11	0	6	373	1	368	0.0	716
MDA7847570.1	QIZ21177.1	95.174	373	18	0	1	373	1	373	0.0	733
MDA7847571.1	QIZ21174.1	97.368	266	7	0	1	266	114	379	0.0	516
MDA7847572.1	QIZ21173.1	96.835	158	5	0	1	158	1	158	7.10e-113	313
MDA7847573.1	QIZ21172.1	98.462	130	2	0	1	130	1	130	1.95e-88	248
MDA7847574.1	QIZ21171.1	99.457	184	1	0	1	184	289	472	3.25e-131	372
MDA7847575.1	QIZ20282.1	99.716	352	1	0	1	352	75	426	0.0	697
MDA7847576.1	QIZ20283.1	97.183	213	6	0	1	213	1	213	1.57e-155	425
MDA7847577.1	QIZ20284.1	96.748	123	4	0	1	123	1	123	1.78e-86	243
MDA7847578.1	QIZ21154.1	95.695	302	13	0	1	302	68	369	0.0	582
MDA7847579.1	QIZ21155.1	95.796	333	14	0	1	333	1	333	0.0	652
MDA7847580.1	QIZ21156.1	90.909	44	4	0	1	44	1	44	4.64e-26	87.0
MDA7847581.1	QIZ21532.1	90.909	88	8	0	1	88	145	232	2.80e-43	136
MDA7847582.1	QIZ21534.1	92.623	122	9	0	1	122	1	122	1.75e-71	205
MDA7847584.1	QIZ21536.1	95.154	227	11	0	1	227	1	227	1.04e-161	442
MDA7847585.1	QIZ21537.1	94.118	102	6	0	1	102	216	317	9.94e-58	176
