MDA9615737.1	QIZ20952.1	96.058	685	27	0	1	685	1	685	0.0	1347
MDA9615738.1	QIZ20951.1	80.047	426	85	0	1	426	1	426	0.0	660
MDA9615739.1	QIZ20950.1	84.718	602	92	0	1	602	1	602	0.0	1017
MDA9615740.1	QIZ20949.1	96.605	324	11	0	1	324	1	324	0.0	659
MDA9615741.1	QIZ20948.1	92.571	175	13	0	1	175	1	175	3.22e-122	337
MDA9615742.1	QIZ20947.1	76.744	86	20	0	1	86	10	95	7.25e-42	128
MDA9615743.1	QIZ20946.1	75.000	368	92	0	1	368	1	368	0.0	527
MDA9615744.1	QIZ20945.1	74.706	170	43	0	1	170	1	170	8.41e-92	260
MDA9615746.1	QIZ20944.1	70.819	586	171	0	1	586	1	586	0.0	816
MDA9615747.1	QIZ20943.1	89.535	172	18	0	1	172	1	172	3.24e-113	315
MDA9615748.1	QIZ20942.1	70.000	310	93	0	1	310	1	310	5.59e-162	449
MDA9615749.1	QIZ20941.1	79.675	246	50	0	1	246	1	246	1.32e-151	418
MDA9615750.1	QIZ20940.1	91.824	159	13	0	1	159	1	159	7.79e-110	305
MDA9615751.1	QIZ20939.1	89.968	309	31	0	1	309	1	309	0.0	583
MDA9615752.1	QIZ20937.1	95.833	384	16	0	1	384	1	384	0.0	745
MDA9615753.1	QIZ20936.1	85.091	275	38	1	1	272	1	275	2.26e-176	483
MDA9615754.1	QIZ20935.1	97.309	223	6	0	1	223	1	223	3.08e-162	442
MDA9615755.1	QIZ20934.1	84.028	288	45	1	1	287	1	288	7.25e-170	467
MDA9615756.1	QIZ20933.1	93.907	558	34	0	1	558	1	558	0.0	1085
MDA9615757.1	QIZ20932.1	92.771	83	6	0	1	83	1	83	1.32e-54	159
MDA9615758.1	QIZ20931.1	89.474	114	12	0	1	114	1	114	5.13e-68	196
MDA9615760.1	QIZ20929.1	74.477	239	61	0	1	239	1	239	4.83e-132	368
MDA9615761.1	QIZ20928.1	93.846	65	4	0	1	65	1	65	4.34e-33	103
MDA9615762.1	QIZ20927.1	95.135	185	9	0	1	185	1	185	2.32e-131	362
MDA9615763.1	QIZ20926.1	88.249	417	49	0	1	417	1	417	0.0	738
MDA9615764.1	QIZ20925.1	80.916	131	25	0	1	131	1	131	1.31e-73	211
MDA9615765.1	QIZ20924.1	86.682	428	57	0	1	428	1	428	0.0	728
MDA9615766.1	QIZ20923.1	100.000	71	0	0	1	71	1	71	2.42e-50	147
MDA9615767.1	QIZ20922.1	70.021	467	136	3	1	465	1	465	0.0	643
MDA9615768.1	QIZ20921.1	46.857	350	181	3	1	349	1	346	7.07e-112	325
MDA9615769.1	QIZ20920.1	52.838	229	107	1	1	229	1	228	5.06e-80	235
MDA9615773.1	QIZ20910.1	67.742	93	30	0	4	96	33	125	3.33e-48	145
MDA9615774.1	QIZ20911.1	67.914	187	59	1	1	187	1	186	1.07e-90	259
MDA9615787.1	QIZ20908.1	54.585	229	97	3	1	222	1	229	4.51e-78	230
MDA9615788.1	QIZ20898.1	35.430	477	297	7	3	475	4	473	2.87e-98	299
MDA9615789.1	QIZ20897.1	60.748	107	39	2	1	105	1	106	2.90e-43	132
MDA9615790.1	QIZ20896.1	48.826	426	210	6	1	422	1	422	6.26e-141	405
MDA9615791.1	QIZ20895.1	82.792	308	53	0	1	308	1	308	0.0	545
MDA9615792.1	QIZ20894.1	91.321	265	23	0	1	265	1	265	2.10e-165	454
MDA9615793.1	QIZ20893.1	92.927	410	29	0	1	410	1	410	0.0	795
MDA9615794.1	QIZ20892.1	82.927	205	35	0	3	207	5	209	2.16e-122	341
MDA9615795.1	QIZ20891.1	36.404	228	137	5	5	226	4	229	4.57e-37	125
MDA9615796.1	QIZ20890.1	83.333	96	16	0	1	96	1	96	4.54e-54	159
MDA9615797.1	QIZ20889.1	93.750	576	36	0	1	576	1	576	0.0	1102
MDA9615798.1	QIZ20888.1	85.922	206	29	0	12	217	12	217	4.14e-126	351
MDA9615799.1	QIZ20887.1	81.190	420	79	0	20	439	20	439	0.0	680
MDA9615800.1	QIZ20886.1	65.251	259	89	1	1	259	1	258	3.35e-117	332
MDA9615802.1	QIZ20884.1	77.885	312	67	1	12	321	12	323	6.98e-175	483
MDA9615803.1	QIZ20883.1	88.177	203	24	0	1	203	1	203	3.77e-135	372
MDA9615804.1	QIZ20882.1	82.919	322	55	0	1	322	1	322	0.0	565
MDA9615805.1	QIZ20881.1	80.723	166	32	0	1	166	1	166	4.97e-98	276
MDA9615806.1	QIZ20880.1	90.741	270	25	0	1	270	1	270	5.61e-165	454
MDA9615807.1	QIZ20879.1	89.474	247	26	0	1	247	1	247	4.68e-160	445
MDA9615808.1	QIZ20879.1	86.567	134	18	0	1	134	255	388	6.54e-74	221
MDA9615809.1	QIZ20878.1	88.026	309	37	0	1	309	1	309	0.0	561
MDA9615810.1	QIZ20877.1	82.123	179	32	0	1	179	11	189	4.96e-112	313
MDA9615811.1	QIZ20876.1	75.510	245	60	0	1	245	1	245	7.99e-128	357
MDA9615812.1	QIZ20875.1	87.681	276	34	0	1	276	1	276	0.0	504
MDA9615813.1	QIZ20874.1	83.094	556	94	0	1	556	1	556	0.0	914
MDA9615814.1	QIZ20873.1	89.524	105	11	0	1	105	1	105	6.29e-66	190
MDA9615815.1	QIZ20872.1	94.089	203	12	0	1	203	1	203	2.57e-143	393
MDA9615816.1	QIZ20871.1	89.041	730	78	1	1	728	4	733	0.0	1359
MDA9615817.1	QIZ20870.1	84.511	368	57	0	1	368	1	368	0.0	654
MDA9615818.1	QIZ20869.1	88.208	848	100	0	1	848	1	848	0.0	1543
MDA9615819.1	QIZ20868.1	77.880	434	95	1	1	434	1	433	0.0	690
MDA9615820.1	QIZ20867.1	66.434	143	47	1	1	142	1	143	3.00e-61	181
MDA9615821.1	QIZ20866.1	83.750	240	39	0	1	240	1	240	4.78e-148	408
MDA9615822.1	QIZ20865.1	85.856	403	57	0	1	403	1	403	0.0	707
MDA9615823.1	QIZ20864.1	93.989	366	22	0	1	366	1	366	0.0	702
MDA9615824.1	QIZ20863.1	92.717	357	26	0	1	357	1	357	0.0	648
MDA9615825.1	QIZ20862.1	84.643	280	43	0	1	280	1	280	6.03e-169	464
MDA9615826.1	QIZ20861.1	71.724	145	37	2	1	143	1	143	6.50e-65	191
MDA9615827.1	QIZ20860.1	80.000	400	80	0	34	433	33	432	0.0	665
MDA9615831.1	QIZ21009.1	86.250	80	11	0	1	80	47	126	6.08e-49	147
MDA9615832.1	QIZ21010.1	96.812	690	22	0	1	690	1	690	0.0	1362
MDA9615833.1	QIZ21011.1	100.000	82	0	0	1	82	1	82	9.37e-56	162
MDA9615834.1	QIZ21012.1	93.443	122	8	0	1	122	1	122	4.11e-83	234
MDA9615835.1	QIZ21013.1	91.723	737	60	1	1	737	1	736	0.0	1345
MDA9615836.1	QIZ21014.1	95.551	517	23	0	1	517	14	530	0.0	973
MDA9615837.1	QIZ21015.1	90.488	389	37	0	1	389	1	389	0.0	714
MDA9615838.1	QIZ21016.1	73.239	497	133	0	1	497	21	517	0.0	695
MDA9615839.1	QIZ21017.1	68.627	153	48	0	1	153	1	153	1.52e-64	190
MDA9615840.1	QIZ21018.1	93.093	333	23	0	1	333	1	333	0.0	633
MDA9615841.1	QIZ21019.1	73.767	446	117	0	1	446	10	455	0.0	681
MDA9615842.1	QIZ21020.1	80.282	142	22	1	1	142	1	136	6.09e-81	230
MDA9615843.1	QIZ21021.1	77.344	128	29	0	1	128	1	128	4.85e-70	202
MDA9615844.1	QIZ21022.1	72.892	332	90	0	21	352	1	332	0.0	510
MDA9615846.1	QIZ21023.1	81.667	180	33	0	1	180	1	180	1.28e-108	303
MDA9615847.1	QIZ21024.1	85.586	333	48	0	1	333	1	333	0.0	590
MDA9615848.1	QIZ21025.1	88.780	508	57	0	1	508	1	508	0.0	880
MDA9615849.1	QIZ21026.1	90.814	762	69	1	1	762	1	761	0.0	1401
MDA9615850.1	QIZ21027.1	83.756	197	32	0	1	197	1	197	1.57e-121	338
MDA9615851.1	QIZ21028.1	81.185	287	54	0	1	287	1	287	1.88e-164	454
MDA9615852.1	QIZ21029.1	78.068	383	84	0	1	383	1	383	0.0	582
MDA9615853.1	QIZ21030.1	78.500	200	43	0	1	200	1	200	3.98e-106	299
MDA9615854.1	QIZ21031.1	74.408	211	53	1	1	210	1	211	4.52e-108	305
MDA9615855.1	QIZ21032.1	95.390	629	28	1	1	629	1	628	0.0	1205
MDA9615856.1	QIZ21033.1	93.583	374	21	3	1	372	1	373	0.0	689
MDA9615857.1	QIZ21034.1	87.209	258	33	0	1	258	1	258	1.78e-168	461
MDA9615858.1	QIZ21035.1	87.000	200	26	0	18	217	18	217	4.29e-135	374
MDA9615859.1	QIZ21036.1	76.948	308	71	0	1	308	1	308	2.21e-179	493
MDA9615860.1	QIZ21037.1	63.542	192	70	0	4	195	2	193	2.58e-76	223
MDA9615861.1	QIZ21038.1	73.292	161	43	0	1	161	1	161	2.58e-81	233
MDA9615862.1	QIZ21039.1	55.760	217	92	2	1	214	1	216	4.65e-79	231
MDA9615863.1	QIZ21040.1	42.778	180	96	4	1	177	1	176	1.33e-40	131
MDA9615864.1	QIZ21041.1	32.507	363	190	14	1	342	1	329	2.14e-32	119
MDA9615865.1	QIZ21042.1	42.373	177	97	5	1	173	1	176	5.52e-44	140
MDA9615866.1	QIZ21043.1	65.845	852	282	5	1	851	1	844	0.0	1165
MDA9615868.1	QIZ21045.1	55.287	331	147	1	1	330	1	331	8.33e-123	352
MDA9615869.1	QIZ21046.1	82.270	282	50	0	1	282	1	282	1.51e-168	464
MDA9615870.1	QIZ21047.1	87.879	264	32	0	1	264	1	264	4.14e-175	479
MDA9615871.1	QIZ21048.1	74.528	212	54	0	1	212	1	212	4.51e-114	320
MDA9615872.1	QIZ21049.1	93.098	623	43	0	1	623	1	623	0.0	1187
MDA9615873.1	QIZ21050.1	86.005	443	62	0	1	443	1	443	0.0	760
MDA9615875.1	QIZ21052.1	97.862	421	9	0	1	421	1	421	0.0	833
MDA9615878.1	QIZ21055.1	85.285	333	49	0	1	333	1	333	0.0	590
MDA9615879.1	QIZ21056.1	83.883	273	44	0	1	273	1	273	2.72e-175	480
MDA9615880.1	QIZ21057.1	78.125	192	42	0	1	192	1	192	2.35e-105	296
MDA9615881.1	QIZ21058.1	60.687	262	103	0	2	263	3	264	2.66e-115	327
MDA9615882.1	QIZ21059.1	63.584	173	63	0	1	173	1	173	4.63e-70	207
MDA9615883.1	QIZ21060.1	82.883	222	38	0	1	222	1	222	5.32e-140	386
MDA9615884.1	QIZ21061.1	65.000	140	49	0	1	140	1	140	1.17e-65	192
MDA9615885.1	QIZ21062.1	89.286	140	15	0	1	140	1	140	6.07e-80	228
MDA9615886.1	QIZ21063.1	83.920	199	30	1	1	199	1	197	1.28e-119	333
MDA9615887.1	QIZ21064.1	80.741	135	26	0	7	141	38	172	6.95e-76	219
MDA9615888.1	QIZ21065.1	95.604	455	20	0	1	455	1	455	0.0	858
MDA9615889.1	QIZ21066.1	96.491	171	6	0	1	171	1	171	2.21e-119	330
MDA9615890.1	QIZ21067.1	95.918	196	8	0	1	196	1	196	8.52e-143	391
MDA9615891.1	QIZ21068.1	87.500	208	26	0	1	208	1	208	2.61e-135	373
MDA9615892.1	QIZ21070.1	90.417	240	22	1	1	240	1	239	8.80e-159	435
MDA9615893.1	QIZ21071.1	89.641	251	26	0	1	251	1	251	3.41e-169	462
MDA9615895.1	QIZ21072.1	83.505	97	16	0	2	98	5	101	3.35e-55	162
MDA9615896.1	QIZ21073.1	85.124	121	18	0	1	121	1	121	6.28e-76	216
MDA9615897.1	QIZ21074.1	71.856	167	47	0	1	167	1	167	9.56e-91	257
MDA9615898.1	QIZ21075.1	64.130	184	66	0	1	184	1	184	1.42e-82	238
MDA9615899.1	QIZ21076.1	83.046	696	118	0	1	696	1	696	0.0	1128
MDA9615900.1	QIZ21077.1	65.479	365	125	1	1	365	14	377	1.07e-164	461
MDA9615901.1	QIZ21078.1	72.300	213	59	0	1	213	1	213	2.68e-113	318
MDA9615903.1	QIZ21079.1	83.077	390	66	0	1	390	129	518	0.0	649
MDA9615904.1	QIZ21220.1	92.484	306	23	0	1	306	386	691	0.0	594
MDA9615905.1	QIZ21219.1	78.218	101	22	0	1	101	1	101	8.73e-54	159
MDA9615906.1	QIZ21218.1	87.844	436	53	0	1	436	1	436	0.0	773
MDA9615907.1	QIZ21217.1	94.944	178	9	0	1	178	1	178	1.39e-126	349
MDA9615908.1	QIZ20953.1	38.000	300	154	6	2	297	3	274	9.20e-59	185
MDA9615909.1	QIZ21216.1	74.490	98	25	0	1	98	1	98	1.42e-54	160
MDA9615910.1	QIZ21215.1	89.100	211	23	0	1	211	1	211	3.31e-139	384
MDA9615911.1	QIZ21214.1	93.878	294	18	0	1	294	1	294	0.0	550
MDA9615912.1	QIZ21213.1	85.714	147	21	0	1	147	1	147	4.65e-97	271
MDA9615913.1	QIZ21212.1	74.074	270	70	0	1	270	1	270	7.43e-152	420
MDA9615914.1	QIZ21211.1	58.131	289	121	0	1	289	1	289	2.01e-118	338
MDA9615915.1	QIZ21210.1	89.615	1040	108	0	1	1040	1	1040	0.0	1822
MDA9615916.1	QIZ21209.1	87.437	199	25	0	1	199	1	199	1.37e-131	363
MDA9615917.1	QIZ21208.1	59.677	124	50	0	4	127	1	124	2.11e-52	157
MDA9615918.1	QIZ21207.1	80.672	238	46	0	1	238	1	238	9.46e-152	417
MDA9615919.1	QIZ21206.1	69.869	229	69	0	1	229	1	229	3.03e-112	317
MDA9615920.1	QIZ21205.1	67.516	314	102	0	8	321	8	321	4.03e-150	420
MDA9615921.1	QIZ21204.1	71.895	153	43	0	1	153	1	153	3.75e-78	224
MDA9615922.1	QIZ21203.1	97.897	428	9	0	1	428	1	428	0.0	865
MDA9615923.1	QIZ21202.1	84.932	511	77	0	1	511	1	511	0.0	816
MDA9615924.1	QIZ21201.1	91.489	235	20	0	1	235	1	235	4.78e-159	436
MDA9615925.1	QIZ21200.1	92.316	924	71	0	1	924	1	924	0.0	1752
MDA9615926.1	QIZ21199.1	89.644	309	32	0	1	309	1	309	0.0	561
MDA9615927.1	QIZ21198.1	44.886	176	90	2	11	182	11	183	6.96e-45	142
MDA9615928.1	QIZ21197.1	92.513	187	14	0	1	187	1	187	4.29e-129	356
MDA9615929.1	QIZ21196.1	93.112	392	27	0	1	392	1	392	0.0	754
MDA9615930.1	QIZ21195.1	94.236	347	20	0	1	347	1	347	0.0	670
MDA9615931.1	QIZ21194.1	96.220	291	11	0	1	291	1	291	0.0	575
MDA9615932.1	QIZ21193.1	84.699	183	28	0	1	183	1	183	1.59e-112	314
MDA9615933.1	QIZ21191.1	82.286	350	62	0	1	350	1	350	0.0	584
MDA9615934.1	QIZ21190.1	90.192	520	51	0	1	520	6	525	0.0	966
MDA9615935.1	QIZ21189.1	90.437	481	46	0	1	481	1	481	0.0	804
MDA9615936.1	QIZ21188.1	72.822	482	107	1	1	482	1	458	0.0	668
MDA9615937.1	QIZ21187.1	59.036	249	98	2	1	248	1	246	1.13e-96	279
MDA9615938.1	QIZ21186.1	86.577	298	40	0	1	298	1	298	0.0	528
MDA9615939.1	QIZ21185.1	82.778	360	62	0	1	360	1	360	0.0	604
MDA9615940.1	QIZ21184.1	87.903	372	45	0	1	372	1	372	0.0	684
MDA9615941.1	QIZ21183.1	83.249	197	33	0	1	197	1	197	3.17e-119	332
MDA9615942.1	QIZ21182.1	70.293	239	71	0	1	239	1	239	3.78e-129	360
MDA9615943.1	QIZ21181.1	88.060	134	16	0	1	134	1	134	3.37e-82	234
MDA9615944.1	QIZ21180.1	98.810	84	1	0	1	84	1	84	3.57e-56	163
MDA9615945.1	QIZ21179.1	87.462	327	41	0	1	327	1	327	0.0	561
MDA9615946.1	QIZ21178.1	86.957	368	48	0	1	368	1	368	0.0	637
MDA9615947.1	QIZ21177.1	81.796	412	75	0	1	412	5	416	0.0	669
MDA9615948.1	QIZ21176.1	78.333	180	39	0	1	180	1	180	1.44e-98	278
MDA9615949.1	QIZ21175.1	90.517	116	11	0	1	116	1	116	1.94e-73	209
MDA9615950.1	QIZ21174.1	90.859	361	33	0	17	377	19	379	0.0	667
MDA9615951.1	QIZ21173.1	87.342	158	20	0	1	158	1	158	5.63e-101	283
MDA9615952.1	QIZ21172.1	93.846	130	8	0	1	130	1	130	1.45e-84	239
MDA9615953.1	QIZ21171.1	98.941	472	5	0	1	472	1	472	0.0	944
MDA9615954.1	QIZ21170.1	93.471	291	19	0	1	291	1	291	0.0	557
MDA9615955.1	QIZ21169.1	98.434	511	8	0	1	511	1	511	0.0	1018
MDA9615956.1	QIZ21168.1	89.189	185	20	0	1	185	1	185	5.30e-118	328
MDA9615957.1	QIZ21167.1	88.786	651	73	0	1	651	1	651	0.0	1199
MDA9615960.1	QIZ20208.1	81.928	83	15	0	1	83	50	132	1.26e-41	128
MDA9615961.1	QIZ20210.1	97.015	536	16	0	10	545	1	536	0.0	1033
MDA9615962.1	QIZ20211.1	94.845	97	5	0	1	97	1	97	2.96e-65	187
MDA9615963.1	QIZ20212.1	97.531	162	4	0	1	162	1	162	5.02e-120	331
MDA9615964.1	QIZ20214.1	95.238	294	14	0	1	294	1	294	0.0	511
MDA9615966.1	QIZ20218.1	94.474	380	21	0	1	380	1	380	0.0	743
MDA9615967.1	QIZ20219.1	76.667	90	21	0	1	90	1	90	1.31e-49	147
MDA9615968.1	QIZ20220.1	97.107	484	14	0	1	484	1	484	0.0	966
MDA9615969.1	QIZ20221.1	97.674	645	15	0	1	645	1	645	0.0	1318
MDA9615970.1	QIZ20222.1	97.076	342	10	0	1	342	1	342	0.0	699
MDA9615971.1	QIZ20224.1	81.159	207	39	0	1	207	1	207	2.35e-123	343
MDA9615973.1	QIZ21503.1	90.608	181	17	0	1	181	1	181	3.83e-119	330
MDA9615974.1	QIZ21504.1	98.009	452	9	0	1	452	1	452	0.0	930
MDA9615975.1	QIZ21505.1	93.388	242	16	0	1	242	1	242	8.45e-172	468
MDA9615976.1	QIZ21506.1	88.945	398	44	0	6	403	1	398	0.0	751
MDA9615977.1	QIZ21507.1	89.552	134	14	0	1	134	1	134	2.22e-91	256
MDA9615978.1	QIZ21508.1	88.710	124	14	0	1	124	1	124	1.56e-83	236
MDA9615979.1	QIZ21509.1	89.272	261	28	0	1	261	1	261	1.17e-174	477
MDA9615980.1	QIZ21510.1	86.525	141	19	0	1	141	1	141	2.13e-89	252
MDA9615982.1	QIZ21390.1	52.036	221	104	1	1	221	1	219	7.36e-75	221
MDA9615984.1	QIZ21511.1	91.534	189	16	0	1	189	1	189	1.79e-131	362
MDA9615985.1	QIZ20216.1	55.521	317	140	1	1	316	1	317	4.15e-121	346
MDA9615986.1	QIZ21512.1	85.106	141	20	1	25	164	26	166	1.42e-87	249
MDA9615987.1	QIZ21513.1	97.446	783	20	0	1	783	28	810	0.0	1588
MDA9615988.1	QIZ21514.1	94.779	249	13	0	1	249	1	249	1.27e-171	469
MDA9615989.1	QIZ21515.1	96.215	317	12	0	1	317	1	317	0.0	625
MDA9615990.1	QIZ21516.1	89.981	539	54	0	1	539	1	539	0.0	1029
MDA9615991.1	QIZ21517.1	66.667	72	24	0	1	72	1	72	8.11e-32	101
MDA9615992.1	QIZ21518.1	32.595	316	205	3	4	316	3	313	1.06e-51	169
MDA9615993.1	QIZ21344.1	68.794	282	88	0	1	282	1	282	8.70e-148	411
MDA9615994.1	QIZ21519.1	98.387	124	2	0	1	124	1	124	7.17e-91	254
MDA9615995.1	QIZ21520.1	94.839	155	8	0	1	155	1	155	4.96e-113	313
MDA9615996.1	QIZ21521.1	92.079	202	16	0	1	202	1	202	3.00e-143	393
MDA9615997.1	QIZ21522.1	70.871	333	97	0	1	333	1	333	0.0	511
MDA9615998.1	QIZ21523.1	94.915	295	15	0	1	295	1	295	0.0	581
MDA9615999.1	QIZ21524.1	92.437	476	36	0	1	476	1	476	0.0	911
MDA9616001.1	QIZ21525.1	96.000	425	17	0	1	425	1	425	0.0	855
MDA9616002.1	QIZ21527.1	89.676	339	35	0	1	339	1	339	0.0	632
MDA9616003.1	QIZ21528.1	98.361	61	1	0	1	61	1	61	8.97e-41	123
MDA9616004.1	QIZ21529.1	91.617	167	14	0	2	168	1	167	1.97e-116	322
MDA9616005.1	QIZ21530.1	84.515	536	80	1	3	538	4	536	0.0	875
MDA9616006.1	QIZ21531.1	86.364	352	48	0	1	352	1	352	0.0	601
MDA9616007.1	QIZ21532.1	78.879	232	49	0	1	232	1	232	8.05e-122	341
MDA9616008.1	QIZ21533.1	81.373	102	19	0	1	102	1	102	1.53e-56	166
MDA9616009.1	QIZ21534.1	49.541	109	54	1	13	121	13	120	1.07e-34	112
MDA9616010.1	QIZ21536.1	77.093	227	52	0	1	227	1	227	4.73e-134	372
MDA9616011.1	QIZ20544.1	89.941	169	17	0	1	169	1	169	6.57e-112	311
MDA9616012.1	QIZ20543.1	82.727	220	38	0	1	220	2	221	3.15e-135	374
MDA9616013.1	QIZ20542.1	91.952	497	40	0	1	497	1	497	0.0	892
MDA9616014.1	QIZ20248.1	82.558	258	45	0	1	258	1	258	3.66e-153	423
MDA9616028.1	QIZ20247.1	82.576	132	23	0	1	132	1	132	6.10e-76	217
MDA9616029.1	QIZ20246.1	92.369	249	19	0	1	249	1	249	2.03e-172	471
MDA9616030.1	QIZ20245.1	90.323	217	21	0	1	217	1	217	6.62e-146	402
MDA9616031.1	QIZ20244.1	96.484	256	9	0	1	256	1	256	0.0	520
MDA9616032.1	QIZ20243.1	94.419	430	24	0	1	430	1	430	0.0	848
MDA9616033.1	QIZ20242.1	96.923	260	8	0	1	260	1	260	0.0	506
MDA9616034.1	QIZ20241.1	91.250	80	7	0	1	80	1	80	6.45e-50	147
MDA9616035.1	QIZ20240.1	91.630	227	19	0	1	227	1	227	1.01e-159	437
MDA9616036.1	QIZ20239.1	93.819	728	45	0	1	728	1	728	0.0	1419
MDA9616037.1	QIZ20238.1	88.158	76	9	0	1	76	1	76	9.18e-47	139
MDA9616038.1	QIZ20237.1	93.636	110	7	0	1	110	1	110	1.53e-76	217
MDA9616039.1	QIZ20236.1	91.707	205	17	0	1	205	1	205	1.00e-143	394
MDA9616040.1	QIZ20235.1	87.342	237	30	0	1	237	1	237	1.33e-151	417
MDA9616041.1	QIZ20234.1	89.869	533	54	0	1	533	1	533	0.0	1012
MDA9616042.1	QIZ20233.1	90.508	453	43	0	1	453	1	453	0.0	837
MDA9616043.1	QIZ20232.1	90.204	245	24	0	1	245	1	245	2.62e-169	462
MDA9616044.1	QIZ20231.1	96.950	459	14	0	1	459	1	459	0.0	933
MDA9616045.1	QIZ20230.1	91.914	606	49	0	1	606	1	606	0.0	1165
MDA9616046.1	QIZ20229.1	81.951	205	37	0	1	205	1	205	4.20e-119	332
MDA9616047.1	QIZ20228.1	86.026	229	32	0	1	229	1	229	1.26e-152	419
MDA9616048.1	QIZ20227.1	91.598	488	41	0	1	488	13	500	0.0	929
MDA9616049.1	QIZ20226.1	94.631	298	16	0	1	298	1	298	0.0	589
MDA9616050.1	QIZ20225.1	94.920	374	19	0	1	374	1	374	0.0	738
MDA9616052.1	QIZ21541.1	84.889	814	123	0	1	814	1	814	0.0	1446
MDA9616053.1	QIZ20851.1	27.143	350	189	11	1	329	1	305	6.98e-25	98.6
MDA9616054.1	QIZ20545.1	92.432	370	28	0	1	370	1	370	0.0	672
MDA9616055.1	QIZ20546.1	98.214	448	8	0	1	448	1	448	0.0	924
MDA9616056.1	QIZ20559.1	97.351	151	4	0	1	151	19	169	2.18e-107	299
MDA9616057.1	QIZ20560.1	99.297	427	3	0	1	427	1	427	0.0	810
MDA9616058.1	QIZ20561.1	95.954	346	14	0	1	346	1	346	0.0	682
MDA9616059.1	QIZ20547.1	98.726	314	4	0	1	314	1	314	0.0	624
MDA9616060.1	QIZ20548.1	98.868	265	3	0	1	265	1	265	0.0	534
MDA9616061.1	QIZ20549.1	96.296	108	4	0	1	108	1	108	1.62e-69	214
MDA9616062.1	QIZ21144.1	98.810	84	1	0	1	84	369	452	4.92e-53	166
MDA9616063.1	QIZ21143.1	79.200	125	26	0	9	133	150	274	7.95e-62	186
MDA9616064.1	QIZ21142.1	89.508	305	32	0	1	305	1	305	0.0	558
MDA9616065.1	QIZ21141.1	79.144	187	39	0	1	187	1	187	9.57e-110	307
MDA9616066.1	QIZ21140.1	88.189	254	30	0	19	272	19	272	1.74e-169	465
MDA9616067.1	QIZ21139.1	91.126	293	26	0	1	293	1	293	0.0	506
MDA9616068.1	QIZ21138.1	96.610	59	2	0	1	59	1	59	1.42e-37	114
MDA9616069.1	QIZ21137.1	97.753	445	10	0	1	445	1	445	0.0	900
MDA9616070.1	QIZ21136.1	100.000	453	0	0	1	453	1	453	0.0	894
MDA9616071.1	QIZ21135.1	98.462	195	3	0	1	195	1	195	1.47e-145	398
MDA9616072.1	QIZ21134.1	98.446	386	5	1	1	386	1	385	0.0	785
MDA9616075.1	QIZ21125.1	96.845	317	10	0	1	317	1	317	0.0	623
MDA9616076.1	QIZ21124.1	99.344	457	3	0	1	457	1	457	0.0	936
MDA9616077.1	QIZ21123.1	98.196	388	7	0	1	388	1	388	0.0	793
MDA9616078.1	QIZ21122.1	89.556	383	40	0	1	383	1	383	0.0	731
MDA9616079.1	QIZ21121.1	95.822	383	16	0	1	383	1	383	0.0	772
MDA9616080.1	QIZ21120.1	47.552	143	71	2	34	176	31	169	1.20e-42	136
MDA9616081.1	QIZ21119.1	88.800	125	14	0	1	125	1	125	1.91e-68	197
MDA9616082.1	QIZ21118.1	89.595	173	18	0	1	173	1	173	9.67e-114	316
MDA9616083.1	QIZ21117.1	93.920	625	38	0	1	625	1	625	0.0	1104
MDA9616084.1	QIZ21116.1	94.203	138	8	0	1	138	1	138	6.26e-93	261
MDA9616085.1	QIZ21115.1	90.667	75	7	0	1	75	1	75	4.89e-47	140
MDA9616086.1	QIZ21114.1	93.644	236	15	0	1	236	1	236	2.00e-163	447
MDA9616087.1	QIZ21113.1	97.170	106	3	0	1	106	1	106	8.12e-76	215
MDA9616088.1	QIZ21112.1	91.803	183	15	0	1	183	1	183	1.29e-126	349
MDA9616089.1	QIZ21111.1	88.596	114	13	0	1	114	1	114	3.86e-73	209
MDA9616090.1	QIZ21110.1	92.095	253	20	0	1	253	1	253	8.19e-172	469
MDA9616091.1	QIZ21109.1	83.188	345	58	0	1	345	1	345	0.0	627
MDA9616092.1	QIZ21108.1	75.000	168	42	0	1	168	1	168	1.15e-94	267
MDA9616093.1	QIZ21107.1	92.893	394	28	0	1	394	1	394	0.0	757
MDA9616094.1	QIZ21103.1	68.947	380	117	1	1	380	1	379	0.0	552
MDA9616096.1	QIZ21106.1	73.529	204	54	0	1	204	1	204	3.11e-114	320
MDA9616097.1	QIZ21105.1	90.789	152	14	0	1	152	1	152	4.11e-89	252
MDA9616098.1	QIZ21104.1	89.516	124	13	0	1	124	1	124	3.58e-76	217
MDA9616099.1	QIZ21101.1	89.583	240	25	0	1	240	1	240	5.39e-165	451
MDA9616100.1	QIZ21100.1	87.681	138	17	0	4	141	1	138	5.34e-85	241
MDA9616101.1	QIZ21099.1	92.500	40	3	0	1	40	1	40	7.39e-23	76.3
MDA9616102.1	QIZ21098.1	94.495	109	6	0	1	109	1	109	3.85e-76	216
MDA9616103.1	QIZ21097.1	93.347	496	33	0	1	496	1	496	0.0	932
MDA9616104.1	QIZ21096.1	94.915	236	12	0	1	236	1	236	3.03e-167	456
MDA9616105.1	QIZ21095.1	92.541	362	27	0	1	362	1	362	0.0	658
MDA9616106.1	QIZ20506.1	68.844	199	62	0	1	199	1	199	9.00e-97	276
MDA9616107.1	QIZ20507.1	84.615	221	34	0	1	221	1	221	4.04e-138	382
MDA9616108.1	QIZ20508.1	71.322	673	192	1	1	672	17	689	0.0	927
MDA9616109.1	QIZ20560.1	37.267	161	101	0	41	201	38	198	1.15e-34	122
MDA9616112.1	QIZ20585.1	88.346	266	31	0	1	266	1	266	5.85e-178	486
MDA9616113.1	QIZ20586.1	73.958	192	50	0	1	192	1	192	2.19e-107	301
MDA9616114.1	QIZ20587.1	89.362	235	25	0	1	235	1	235	2.11e-151	416
MDA9616115.1	QIZ20588.1	83.571	280	46	0	1	280	1	280	4.23e-179	490
MDA9616116.1	QIZ20589.1	83.916	286	46	0	3	288	4	289	0.0	499
MDA9616117.1	QIZ20606.1	87.083	480	62	0	1	480	1	480	0.0	891
MDA9616118.1	QIZ20607.1	69.444	108	33	0	1	108	1	108	7.77e-46	139
MDA9616119.1	QIZ20608.1	89.531	277	29	0	1	277	1	277	0.0	505
MDA9616122.1	QIZ20609.1	83.636	330	54	0	1	330	1	330	0.0	575
MDA9616123.1	QIZ20610.1	87.845	181	22	0	1	181	1	181	1.80e-118	328
MDA9616125.1	QIZ20611.1	73.810	84	22	0	1	84	1	84	5.77e-37	115
MDA9616126.1	QIZ20612.1	67.347	147	48	0	1	147	1	147	1.58e-63	187
MDA9616128.1	QIZ20617.1	79.012	81	17	0	1	81	1	81	4.65e-47	140
MDA9616129.1	QIZ20618.1	90.361	166	16	0	1	166	1	166	5.07e-103	288
MDA9616130.1	QIZ20619.1	67.480	246	80	0	1	246	1	246	8.83e-95	274
MDA9616131.1	QIZ20613.1	86.379	301	41	0	1	301	1	301	0.0	554
MDA9616132.1	QIZ20614.1	93.122	189	13	0	3	191	1	189	6.09e-119	330
MDA9616133.1	QIZ20615.1	93.913	115	7	0	1	115	1	115	2.20e-81	229
MDA9616134.1	QIZ20616.1	96.923	520	16	0	65	584	62	581	0.0	1045
MDA9616135.1	QIZ20620.1	77.041	196	45	0	1	196	1	196	1.64e-106	300
MDA9616136.1	QIZ20621.1	80.464	302	59	0	1	302	1	302	6.16e-179	492
MDA9616137.1	QIZ20863.1	41.975	243	133	5	98	336	104	342	1.12e-52	173
MDA9616139.1	QIZ20637.1	89.094	596	56	1	1	587	1	596	0.0	1020
MDA9616140.1	QIZ20638.1	94.942	257	13	0	1	257	1	257	0.0	493
MDA9616142.1	QIZ20640.1	90.441	136	13	0	10	145	10	145	8.41e-91	256
MDA9616143.1	QIZ20641.1	83.688	141	23	0	1	141	1	141	5.85e-82	233
MDA9616144.1	QIZ20642.1	96.404	445	16	0	1	445	1	445	0.0	900
MDA9616145.1	QIZ20643.1	68.889	135	39	1	1	135	1	132	3.29e-59	175
MDA9616146.1	QIZ20644.1	84.034	119	19	0	1	119	1	119	3.38e-71	204
MDA9616147.1	QIZ20645.1	95.255	274	12	1	1	274	1	273	0.0	528
MDA9616148.1	QIZ20646.1	90.404	594	57	0	1	594	1	594	0.0	1122
MDA9616149.1	QIZ20647.1	86.818	220	29	0	1	220	5	224	1.75e-128	357
MDA9616150.1	QIZ20648.1	62.376	303	114	0	1	303	57	359	9.39e-126	359
MDA9616151.1	QIZ20649.1	86.722	241	32	0	1	241	1	241	8.15e-141	394
MDA9616152.1	QIZ20450.1	70.103	97	29	0	1	97	1	97	1.15e-39	127
MDA9616153.1	QIZ20451.1	88.525	183	21	0	1	183	1	183	5.37e-118	328
MDA9616154.1	QIZ20452.1	90.106	283	28	0	1	283	1	283	0.0	512
MDA9616156.1	QIZ20453.1	91.388	1138	98	0	1	1138	1	1138	0.0	2137
MDA9616157.1	QIZ20454.1	84.956	226	34	0	1	226	1	226	2.98e-139	385
MDA9616158.1	QIZ20455.1	86.829	410	54	0	1	410	1	410	0.0	672
MDA9616159.1	QIZ20456.1	90.090	444	44	0	1	444	1	444	0.0	820
MDA9616160.1	QIZ20457.1	91.358	81	7	0	1	81	1	81	2.69e-43	130
MDA9616161.1	QIZ20458.1	98.004	551	11	0	1	551	1	551	0.0	1120
MDA9616162.1	QIZ20459.1	89.113	248	27	0	1	248	1	248	6.30e-146	404
MDA9616163.1	QIZ20460.1	83.957	187	30	0	1	187	1	187	2.54e-112	313
MDA9616164.1	QIZ20461.1	85.775	471	67	0	1	471	1	471	0.0	772
MDA9616165.1	QIZ20462.1	90.946	497	45	0	1	497	1	497	0.0	917
MDA9616166.1	QIZ20463.1	86.478	636	86	0	1	636	1	636	0.0	1136
MDA9616167.1	QIZ20464.1	94.175	103	6	0	1	103	1	103	1.16e-53	159
MDA9616168.1	QIZ20465.1	89.524	210	22	0	1	210	1	210	8.21e-142	390
MDA9616169.1	QIZ20466.1	93.168	161	11	0	1	161	1	161	4.26e-114	316
MDA9616170.1	QIZ20467.1	95.482	332	15	0	1	332	1	332	0.0	634
MDA9616171.1	QIZ20468.1	84.559	680	104	1	1	680	1	679	0.0	1217
MDA9616172.1	QIZ20469.1	91.874	443	36	0	1	443	1	443	0.0	859
MDA9616173.1	QIZ20470.1	83.663	202	33	0	1	202	1	202	2.58e-131	363
MDA9616174.1	QIZ20471.1	95.141	391	19	0	1	391	1	391	0.0	778
MDA9616175.1	QIZ20472.1	89.604	202	21	0	1	202	1	202	4.16e-136	375
MDA9616176.1	QIZ20473.1	95.322	171	8	0	18	188	3	173	1.48e-126	349
MDA9616177.1	QIZ20474.1	93.443	122	8	0	1	122	1	122	6.27e-81	229
MDA9616178.1	QIZ20439.1	80.328	122	24	0	1	122	1	122	5.62e-62	186
MDA9616179.1	QIZ20438.1	85.152	330	49	0	1	330	1	330	0.0	582
MDA9616180.1	QIZ20437.1	86.387	191	26	0	1	191	1	191	3.23e-122	339
MDA9616181.1	QIZ20436.1	91.116	484	43	0	1	484	1	484	0.0	853
MDA9616182.1	QIZ20435.1	77.590	473	106	0	1	473	1	473	0.0	664
MDA9616183.1	QIZ20434.1	88.618	246	28	0	1	246	1	246	7.80e-161	441
MDA9616184.1	QIZ20433.1	92.857	98	7	0	1	98	1	98	5.01e-62	179
MDA9616185.1	QIZ20432.1	92.937	538	38	0	1	538	1	538	0.0	1029
MDA9616186.1	QIZ20431.1	96.350	274	10	0	1	274	1	274	0.0	546
MDA9616187.1	QIZ20430.1	91.148	418	37	0	1	418	1	418	0.0	753
MDA9616188.1	QIZ20429.1	83.000	100	17	0	1	100	1	100	6.32e-53	156
MDA9616189.1	QIZ20428.1	92.208	308	24	0	1	308	1	308	0.0	575
MDA9616190.1	QIZ20427.1	60.000	145	58	0	1	145	1	145	2.30e-65	192
MDA9616192.1	QIZ20426.1	71.533	137	39	0	20	156	16	152	6.00e-65	191
MDA9616193.1	QIZ20425.1	86.228	167	23	0	1	167	1	167	1.09e-101	285
MDA9616194.1	QIZ20424.1	78.976	371	78	0	1	371	1	371	0.0	541
MDA9616195.1	QIZ20423.1	74.958	591	148	0	1	591	1	591	0.0	834
MDA9616196.1	QIZ20422.1	88.470	451	52	0	1	451	1	451	0.0	790
MDA9616197.1	QIZ20421.1	88.745	462	52	0	1	462	1	462	0.0	769
MDA9616198.1	QIZ20420.1	83.582	469	77	0	1	469	1	469	0.0	662
MDA9616199.1	QIZ20419.1	88.983	354	31	2	1	354	1	346	0.0	645
MDA9616200.1	QIZ20418.1	88.976	381	42	0	1	381	1	381	0.0	643
MDA9616201.1	QIZ20417.1	88.732	426	48	0	1	426	1	426	0.0	763
MDA9616202.1	QIZ20416.1	95.833	240	10	0	1	240	5	244	5.52e-173	471
MDA9616203.1	QIZ20415.1	92.683	123	9	0	1	123	1	123	1.54e-79	226
MDA9616204.1	QIZ20414.1	91.212	330	29	0	1	330	1	330	0.0	627
MDA9616205.1	QIZ20414.1	96.552	87	3	0	1	87	335	421	6.48e-58	185
MDA9616206.1	QIZ20398.1	73.640	239	63	0	2	240	78	316	3.63e-125	353
MDA9616207.1	QIZ20397.1	86.992	246	32	0	1	246	1	246	4.56e-149	411
MDA9616208.1	QIZ20396.1	88.000	225	27	0	9	233	12	236	1.06e-147	407
MDA9616209.1	QIZ20395.1	91.176	68	4	1	1	66	1	68	3.15e-40	122
MDA9616210.1	QIZ20394.1	83.562	73	12	0	1	73	1	73	1.05e-33	106
MDA9616211.1	QIZ20393.1	96.032	252	10	0	1	252	1	252	1.15e-176	482
MDA9616212.1	QIZ20392.1	88.305	419	49	0	1	419	1	419	0.0	772
MDA9616213.1	QIZ20391.1	98.936	94	1	0	1	94	1	94	1.03e-63	183
MDA9616214.1	QIZ20390.1	94.004	517	31	0	1	517	1	517	0.0	974
MDA9616215.1	QIZ20389.1	97.288	295	8	0	1	295	1	295	0.0	563
MDA9616216.1	QIZ20388.1	97.970	197	4	0	1	197	1	197	2.60e-143	393
MDA9616217.1	QIZ20387.1	97.497	959	24	0	1	959	1	959	0.0	1923
MDA9616218.1	QIZ20386.1	96.078	153	6	0	1	153	1	153	9.73e-101	281
MDA9616219.1	QIZ20385.1	96.820	849	27	0	1	849	1	849	0.0	1660
MDA9616220.1	QIZ20384.1	95.732	164	7	0	1	164	1	164	1.39e-113	315
MDA9616221.1	QIZ20383.1	96.196	184	7	0	1	184	1	184	4.77e-132	363
MDA9616222.1	QIZ20382.1	94.595	370	20	0	1	370	1	370	0.0	728
MDA9616223.1	QIZ20381.1	86.447	273	37	0	1	273	1	273	0.0	511
MDA9616224.1	QIZ20380.1	91.176	204	18	0	1	204	1	204	1.21e-126	351
MDA9616225.1	QIZ20379.1	91.654	683	57	0	1	683	1	683	0.0	1248
MDA9616226.1	QIZ20378.1	77.273	88	20	0	1	88	1	88	2.05e-36	114
MDA9616227.1	QIZ20377.1	73.038	293	79	0	1	293	1	293	3.44e-141	395
MDA9616228.1	QIZ20376.1	76.358	313	73	1	21	332	21	333	6.55e-179	494
MDA9616229.1	QIZ20375.1	56.522	253	108	2	1	252	1	252	1.75e-89	261
MDA9616230.1	QIZ20374.1	70.284	387	111	1	1	387	1	383	0.0	554
MDA9616231.1	QIZ20373.1	78.818	203	43	0	1	203	1	203	9.04e-104	293
MDA9616232.1	QIZ20372.1	62.366	93	35	0	1	93	1	93	1.80e-39	128
MDA9616233.1	QIZ21473.1	92.516	775	58	0	4	778	1	775	0.0	1508
MDA9616234.1	QIZ21474.1	97.134	314	9	0	1	314	1	314	0.0	631
MDA9616235.1	QIZ21475.1	85.034	147	22	0	1	147	1	147	7.96e-87	246
MDA9616236.1	QIZ21476.1	96.774	124	4	0	1	124	1	124	7.42e-86	241
MDA9616237.1	QIZ21477.1	95.082	183	9	0	1	183	1	183	2.70e-111	311
MDA9616238.1	QIZ21478.1	96.210	343	13	0	1	343	1	343	0.0	676
MDA9616239.1	QIZ21479.1	98.047	717	14	0	1	717	1	717	0.0	1419
MDA9616240.1	QIZ21009.1	85.366	123	18	0	1	123	1	123	6.33e-78	221
MDA9616241.1	QIZ21480.1	95.506	445	20	0	1	445	1	445	0.0	899
MDA9616242.1	QIZ21481.1	95.614	342	15	0	1	342	1	342	0.0	659
MDA9616243.1	QIZ21482.1	96.875	64	2	0	1	64	1	64	4.43e-41	124
MDA9616244.1	QIZ21483.1	94.057	387	23	0	1	387	1	387	0.0	755
MDA9616245.1	QIZ21484.1	91.255	263	23	0	1	263	1	263	0.0	495
MDA9616246.1	QIZ21485.1	99.465	561	3	0	1	561	1	561	0.0	1145
MDA9616247.1	QIZ21486.1	97.847	418	9	0	1	418	1	418	0.0	859
MDA9616248.1	QIZ21487.1	97.727	88	2	0	1	88	1	88	1.11e-64	185
MDA9616249.1	QIZ21488.1	96.092	998	39	0	1	998	1	998	0.0	2001
MDA9616250.1	QIZ21489.1	91.795	195	16	0	1	195	1	195	8.37e-133	366
MDA9616251.1	QIZ21490.1	92.580	283	21	0	1	283	1	283	0.0	519
MDA9616253.1	QIZ21334.1	65.455	275	95	0	1	275	308	582	1.79e-134	388
MDA9616254.1	QIZ21335.1	60.584	411	158	3	1	409	1	409	1.80e-160	454
MDA9616256.1	QIZ21340.1	43.411	129	59	3	16	130	24	152	2.42e-23	85.5
MDA9616257.1	QIZ21344.1	84.043	282	45	0	1	282	1	282	1.38e-172	474
MDA9616258.1	QIZ21345.1	73.684	323	85	0	1	323	2	324	2.87e-167	464
MDA9616259.1	QIZ21346.1	31.236	461	265	8	767	1216	296	715	1.47e-59	214
MDA9616260.1	QIZ21346.1	70.580	724	192	8	1	712	1	715	0.0	1010
MDA9616261.1	QIZ21355.1	92.105	114	9	0	1	114	1	114	3.94e-74	211
MDA9616262.1	QIZ21346.1	25.333	825	483	25	29	832	3	715	3.24e-63	221
MDA9616263.1	QIZ21346.1	25.907	386	243	9	353	729	307	658	1.41e-29	120
MDA9616264.1	QIZ20753.1	92.593	621	46	0	1	621	17	637	0.0	1196
MDA9616265.1	QIZ20752.1	96.111	360	14	0	1	360	1	360	0.0	700
MDA9616266.1	QIZ20751.1	86.538	208	28	0	1	208	1	208	1.65e-137	379
MDA9616267.1	QIZ20750.1	91.395	337	29	0	1	337	1	337	0.0	632
MDA9616268.1	QIZ20749.1	95.149	268	13	0	1	268	1	268	2.82e-172	472
MDA9616269.1	QIZ20748.1	95.238	294	14	0	1	294	1	294	0.0	591
MDA9616270.1	QIZ20747.1	85.756	688	98	0	1	688	1	688	0.0	1183
MDA9616271.1	QIZ20746.1	94.589	887	48	0	1	887	1	887	0.0	1732
MDA9616272.1	QIZ20745.1	90.253	277	27	0	1	277	1	277	0.0	505
MDA9616273.1	QIZ20744.1	95.137	329	16	0	1	329	1	329	0.0	649
MDA9616274.1	QIZ20743.1	88.095	294	35	0	1	294	1	294	0.0	525
MDA9616275.1	QIZ20742.1	96.313	434	16	0	1	434	1	434	0.0	870
MDA9616276.1	QIZ20741.1	97.273	110	3	0	1	110	1	110	6.59e-71	202
MDA9616277.1	QIZ20740.1	98.039	612	12	0	1	612	20	631	0.0	1238
MDA9616278.1	QIZ21422.1	97.030	101	3	0	1	101	1	101	4.51e-69	203
MDA9616279.1	QIZ21421.1	98.374	246	4	0	1	246	1	246	0.0	493
MDA9616280.1	QIZ21420.1	98.286	350	6	0	1	350	1	350	0.0	684
MDA9616281.1	QIZ21419.1	100.000	297	0	0	1	297	1	297	0.0	593
MDA9616282.1	QIZ21418.1	100.000	413	0	0	1	413	1	413	0.0	852
MDA9616283.1	QIZ21417.1	94.118	204	12	0	1	204	1	204	1.88e-121	338
MDA9616284.1	QIZ21416.1	98.980	98	1	0	1	98	1	98	1.28e-67	193
MDA9616285.1	QIZ21415.1	92.857	84	6	0	1	84	1	84	1.55e-56	164
MDA9616287.1	QIZ20565.1	44.863	292	154	4	1	291	4	289	3.42e-84	250
MDA9616288.1	QIZ20566.1	37.762	143	83	2	7	149	9	145	4.18e-25	90.1
MDA9616290.1	QIZ21414.1	94.309	123	7	0	1	123	1	123	4.47e-87	244
MDA9616291.1	QIZ21413.1	95.623	297	13	0	1	297	1	297	0.0	580
MDA9616292.1	QIZ21412.1	94.937	316	16	0	1	316	1	316	0.0	619
MDA9616293.1	QIZ21411.1	92.977	299	21	0	1	299	1	299	0.0	559
MDA9616294.1	QIZ21410.1	95.388	412	19	0	1	412	1	412	0.0	814
MDA9616295.1	QIZ21409.1	84.182	373	59	0	1	373	1	373	0.0	590
MDA9616296.1	QIZ21408.1	77.795	653	144	1	1	653	1	652	0.0	1077
MDA9616297.1	QIZ21260.1	90.099	303	30	0	1	303	1	303	0.0	561
MDA9616298.1	QIZ21259.1	98.162	544	10	0	1	544	1	544	0.0	1073
MDA9616299.1	QIZ21258.1	91.144	271	24	0	1	271	1	271	1.22e-179	491
MDA9616300.1	QIZ21257.1	89.270	233	25	0	1	233	1	233	4.86e-149	410
MDA9616301.1	QIZ21256.1	92.727	220	16	0	1	220	1	220	6.54e-143	394
MDA9616302.1	QIZ21255.1	94.118	119	7	0	1	119	1	119	1.49e-79	225
MDA9616303.1	QIZ21254.1	85.897	78	11	0	1	78	1	78	2.43e-49	145
MDA9616305.1	QIZ21253.1	87.097	279	36	0	1	279	1	279	0.0	508
MDA9616306.1	QIZ21252.1	95.679	324	14	0	1	324	1	324	0.0	626
MDA9616307.1	QIZ21251.1	92.537	134	10	0	1	134	1	134	2.21e-93	261
MDA9616308.1	QIZ21250.1	75.524	286	70	0	1	286	1	286	6.05e-158	437
MDA9616309.1	QIZ21249.1	62.456	570	214	0	10	579	9	578	0.0	733
MDA9616310.1	QIZ21248.1	52.068	411	194	3	1	410	1	409	2.38e-127	370
MDA9616311.1	QIZ21247.1	47.436	312	147	3	1	304	1	303	6.75e-94	277
MDA9616312.1	QIZ21246.1	65.035	286	100	0	1	286	1	286	2.10e-130	367
MDA9616313.1	QIZ21245.1	76.667	60	14	0	1	60	1	60	1.30e-30	97.8
MDA9616314.1	QIZ21244.1	66.983	421	139	0	1	421	1	421	0.0	585
MDA9616315.1	QIZ21243.1	71.591	88	25	0	1	88	1	88	1.05e-38	123
MDA9616316.1	QIZ20636.1	72.101	276	76	1	1	276	456	730	7.22e-135	394
MDA9616317.1	QIZ20635.1	86.520	408	55	0	1	408	1	408	0.0	708
MDA9616318.1	QIZ20634.1	70.933	375	109	0	1	375	1	375	0.0	559
MDA9616319.1	QIZ20633.1	94.495	218	12	0	1	218	1	218	2.15e-151	415
MDA9616320.1	QIZ20632.1	94.326	141	8	0	1	141	1	141	1.62e-97	272
MDA9616321.1	QIZ20631.1	99.167	480	4	0	1	480	1	480	0.0	992
MDA9616322.1	QIZ20630.1	95.062	243	12	0	1	243	1	243	2.24e-166	455
MDA9616323.1	QIZ20629.1	83.133	415	70	0	7	421	1	415	0.0	667
MDA9616324.1	QIZ20628.1	96.305	406	15	0	1	406	1	406	0.0	813
MDA9616325.1	QIZ20627.1	95.513	156	7	0	1	156	1	156	9.70e-112	310
MDA9616326.1	QIZ20626.1	95.918	98	4	0	1	98	1	98	8.42e-66	189
MDA9616327.1	QIZ20625.1	95.455	110	5	0	1	110	1	110	3.77e-75	213
MDA9616329.1	QIZ20624.1	97.436	468	12	0	1	468	1	468	0.0	953
MDA9616330.1	QIZ20623.1	85.535	159	23	0	1	159	1	159	2.65e-95	268
MDA9616331.1	QIZ20622.1	92.388	289	22	0	1	289	1	289	0.0	506
MDA9616332.1	QIZ20541.1	87.138	311	40	0	1	311	1	311	0.0	552
MDA9616333.1	QIZ20540.1	95.238	147	7	0	1	147	1	147	1.94e-97	276
MDA9616334.1	QIZ20777.1	91.358	324	28	0	1	324	329	652	0.0	615
MDA9616335.1	QIZ20778.1	91.343	335	29	0	1	335	1	335	0.0	633
MDA9616336.1	QIZ20779.1	83.163	392	66	0	1	392	1	392	0.0	656
MDA9616337.1	QIZ20780.1	85.714	336	48	0	1	336	1	336	0.0	602
MDA9616338.1	QIZ20781.1	80.676	207	40	0	1	207	1	207	8.97e-106	298
MDA9616339.1	QIZ20782.1	93.011	186	13	0	1	186	1	186	2.36e-132	364
MDA9616340.1	QIZ20783.1	90.650	246	23	0	1	246	1	246	4.07e-168	459
MDA9616341.1	QIZ20784.1	98.684	76	1	0	1	76	1	76	1.48e-53	156
MDA9616342.1	QIZ20785.1	91.795	195	16	0	1	195	1	195	5.61e-127	351
MDA9616343.1	QIZ20786.1	100.000	64	0	0	1	64	1	64	4.42e-39	119
MDA9616344.1	QIZ20676.1	89.441	161	17	0	1	161	1	161	2.07e-93	264
MDA9616345.1	QIZ20853.1	51.293	232	113	0	1	232	7	238	5.12e-82	241
MDA9616346.1	QIZ20788.1	93.103	464	32	0	2	465	1	464	0.0	879
MDA9616347.1	QIZ20789.1	93.684	95	6	0	1	95	1	95	1.73e-59	173
MDA9616348.1	QIZ20790.1	79.834	362	73	0	1	362	1	362	0.0	582
MDA9616349.1	QIZ20791.1	94.444	36	2	0	1	36	1	36	5.45e-21	71.6
MDA9616350.1	QIZ20792.1	100.000	41	0	0	1	41	1	41	1.01e-23	78.6
MDA9616351.1	QIZ20796.1	60.265	302	118	1	6	307	5	304	9.87e-132	373
MDA9616352.1	QIZ20795.1	50.720	347	150	5	1	340	7	339	2.15e-113	328
MDA9616353.1	QIZ21385.1	90.855	678	62	0	1	678	1	678	0.0	1276
MDA9616354.1	QIZ21384.1	74.468	564	144	0	1	564	1	564	0.0	857
MDA9616355.1	QIZ21383.1	77.071	676	155	0	1	676	1	676	0.0	1079
MDA9616356.1	QIZ21382.1	51.698	265	126	1	17	281	19	281	1.06e-95	279
MDA9616357.1	QIZ21381.1	73.856	306	80	0	1	306	1	306	4.07e-168	464
MDA9616358.1	QIZ21380.1	58.967	368	151	0	1	368	1	368	8.55e-150	423
MDA9616359.1	QIZ21379.1	59.111	225	92	0	1	225	1	225	4.36e-81	238
MDA9616360.1	QIZ21378.1	78.947	304	64	0	1	304	1	304	8.83e-165	456
MDA9616361.1	QIZ21377.1	75.828	302	73	0	2	303	11	312	3.80e-163	452
MDA9616362.1	QIZ21376.1	87.284	464	59	0	1	464	1	464	0.0	840
MDA9616363.1	QIZ21375.1	68.070	285	91	0	1	285	72	356	1.65e-138	391
MDA9616364.1	QIZ20975.1	87.632	380	47	0	1	380	1	380	0.0	698
MDA9616365.1	QIZ20976.1	95.745	141	6	0	1	141	1	141	2.98e-99	277
MDA9616368.1	QIZ21314.1	27.441	379	239	15	1	354	3	370	5.82e-34	126
MDA9616369.1	QIZ21085.1	26.508	630	426	15	36	643	57	671	4.52e-53	189
MDA9616370.1	QIZ20977.1	87.860	799	97	0	1	799	3	801	0.0	1452
MDA9616371.1	QIZ20978.1	70.833	144	39	1	1	144	1	141	2.95e-67	196
MDA9616372.1	QIZ20979.1	94.444	108	6	0	1	108	1	108	6.92e-72	205
MDA9616373.1	QIZ20980.1	77.636	313	54	5	1	306	1	304	7.89e-150	418
MDA9616374.1	QIZ21237.1	79.044	272	57	0	1	272	1	272	3.76e-161	444
MDA9616375.1	QIZ21236.1	96.875	96	3	0	1	96	1	96	1.99e-63	182
MDA9616376.1	QIZ21235.1	96.757	555	18	0	1	555	1	555	0.0	1071
MDA9616378.1	QIZ21234.1	80.293	614	25	6	1	518	1	614	0.0	931
MDA9616379.1	QIZ21233.1	96.053	608	24	0	1	608	1	608	0.0	1200
MDA9616380.1	QIZ21232.1	93.953	215	13	0	1	215	1	215	1.31e-141	390
MDA9616381.1	QIZ21231.1	88.350	206	24	0	1	206	21	226	3.59e-138	381
MDA9616382.1	QIZ20703.1	98.578	211	3	0	1	211	87	297	3.13e-146	405
MDA9616383.1	QIZ20702.1	96.196	368	14	0	1	368	1	368	0.0	716
MDA9616384.1	QIZ20701.1	95.238	126	6	0	1	126	1	126	1.50e-87	246
MDA9616385.1	QIZ20700.1	98.634	952	13	0	1	952	1	952	0.0	1962
MDA9616386.1	QIZ20311.1	98.462	195	3	0	1	195	1	195	1.01e-133	370
MDA9616387.1	QIZ20312.1	95.686	255	11	0	1	255	1	255	8.26e-174	474
MDA9616388.1	QIZ20313.1	93.048	187	13	0	1	187	1	187	3.52e-128	353
MDA9616389.1	QIZ20314.1	89.222	1002	108	0	1	1002	1	1002	0.0	1897
MDA9616390.1	QIZ20987.1	85.075	67	10	0	1	67	1	67	2.77e-26	87.0
MDA9616391.1	QIZ20986.1	78.440	218	47	0	1	218	1	218	1.80e-134	372
MDA9616392.1	QIZ20985.1	92.553	188	14	0	1	188	1	188	1.30e-134	370
MDA9616393.1	QIZ20984.1	85.311	177	26	0	1	177	1	177	1.01e-99	281
MDA9616394.1	QIZ20983.1	67.722	158	51	0	4	161	2	159	7.40e-70	204
MDA9616395.1	QIZ20982.1	72.727	198	54	0	1	198	1	198	4.04e-106	299
MDA9616396.1	QIZ20981.1	78.443	501	108	0	1	501	1	501	0.0	799
MDA9616400.1	QIZ20448.1	59.432	387	155	1	3	387	2	388	2.79e-163	459
MDA9616401.1	QIZ20449.1	59.259	216	88	0	1	216	1	216	2.83e-76	225
MDA9616406.1	QIZ20734.1	87.037	162	21	0	6	167	19	180	3.15e-104	292
MDA9616407.1	QIZ20416.1	47.036	253	123	2	9	261	3	244	4.55e-80	237
MDA9616408.1	QIZ20181.1	30.806	211	134	3	15	213	13	223	1.02e-24	93.2
MDA9616409.1	QIZ20311.1	33.333	165	109	1	14	177	40	204	1.06e-24	93.6
MDA9616411.1	QIZ21427.1	94.118	119	7	0	1	119	1	119	4.46e-71	208
MDA9616412.1	QIZ21426.1	91.923	260	21	0	3	262	5	264	2.23e-178	487
MDA9616415.1	QIZ21238.1	86.538	156	21	0	1	156	150	305	8.48e-96	275
MDA9616416.1	QIZ21239.1	89.776	802	82	0	1	802	1	802	0.0	1498
MDA9616417.1	QIZ21498.1	81.046	153	29	0	1	153	1	153	1.37e-81	240
MDA9616418.1	QIZ21499.1	83.436	163	27	0	1	163	1	163	2.08e-97	274
MDA9616419.1	QIZ21500.1	90.683	322	30	0	2	323	1	322	0.0	617
MDA9616420.1	QIZ21501.1	89.431	246	26	0	1	246	1	246	3.28e-165	464
MDA9616421.1	QIZ20369.1	69.388	98	30	0	1	98	1	98	5.37e-46	144
MDA9616422.1	QIZ20370.1	73.016	252	67	1	1	251	1	252	7.21e-132	369
MDA9616423.1	QIZ20371.1	85.185	513	76	0	1	513	1	513	0.0	907
MDA9616424.1	QIZ20445.1	70.609	279	82	0	1	279	48	326	9.76e-142	397
MDA9616425.1	QIZ20444.1	61.154	260	101	0	1	260	1	260	4.04e-116	329
MDA9616426.1	QIZ20443.1	61.597	263	99	1	1	263	1	261	1.30e-93	272
MDA9616427.1	QIZ20367.1	89.368	348	37	0	1	348	43	390	0.0	571
MDA9616428.1	QIZ20368.1	68.072	166	53	0	1	166	1	166	3.91e-84	241
MDA9616429.1	QIZ20793.1	67.586	290	93	1	3	291	2	291	2.02e-140	393
MDA9616430.1	QIZ21387.1	92.208	462	36	0	1	462	1	462	0.0	859
MDA9616432.1	QIZ21367.1	96.774	155	5	0	1	155	1	155	1.42e-112	311
MDA9616433.1	QIZ21368.1	85.887	496	69	1	1	496	1	495	0.0	794
MDA9616434.1	QIZ21369.1	83.333	78	13	0	1	78	1	78	4.54e-43	137
MDA9616435.1	QIZ21495.1	74.194	62	16	0	1	62	1	62	4.83e-34	111
MDA9616436.1	QIZ21494.1	86.957	115	15	0	1	115	1	115	2.94e-75	214
MDA9616437.1	QIZ21493.1	89.655	87	9	0	1	87	1	87	5.97e-55	166
MDA9616438.1	QIZ21495.1	77.500	120	27	0	1	120	131	250	1.16e-67	200
MDA9616439.1	QIZ21496.1	98.529	68	1	0	1	68	1	68	8.57e-47	139
MDA9616440.1	QIZ21497.1	82.581	155	27	0	1	155	1	155	1.03e-96	271
MDA9616441.1	QIZ21498.1	77.273	44	10	0	1	44	304	347	8.94e-21	77.8
