MDA9605464.1	QIZ20506.1	66.667	162	54	0	1	162	38	199	3.82e-77	224
MDA9605465.1	QIZ20570.1	52.899	138	64	1	1	138	1	137	6.43e-51	154
MDA9605466.1	QIZ20569.1	88.288	333	39	0	1	333	1	333	0.0	612
MDA9605467.1	QIZ20568.1	83.684	190	30	1	1	189	1	190	1.25e-116	325
MDA9605468.1	QIZ20567.1	95.556	135	6	0	1	135	1	135	7.39e-100	278
MDA9605469.1	QIZ20566.1	70.886	158	46	0	1	158	1	158	1.62e-84	241
MDA9605470.1	QIZ20562.1	87.424	493	62	0	1	493	1	493	0.0	899
MDA9605471.1	QIZ20561.1	92.174	345	26	1	5	349	3	346	0.0	660
MDA9605472.1	QIZ20560.1	94.614	427	23	0	1	427	1	427	0.0	744
MDA9605473.1	QIZ20559.1	95.858	169	7	0	1	169	1	169	7.90e-120	331
MDA9605474.1	QIZ20557.1	94.688	320	17	0	1	320	1	320	0.0	623
MDA9605475.1	QIZ20556.1	82.808	349	60	0	5	353	2	350	0.0	597
MDA9605476.1	QIZ20555.1	85.629	501	72	0	1	501	1	501	0.0	899
MDA9605477.1	QIZ20554.1	82.178	202	36	0	1	202	1	202	1.84e-116	325
MDA9605479.1	QIZ21495.1	57.371	251	107	0	1	251	1	251	1.63e-111	317
MDA9605481.1	QIZ21131.1	30.345	290	178	8	12	292	8	282	1.38e-26	101
MDA9605492.1	QIZ20661.1	33.603	247	157	3	7	252	6	246	4.16e-40	134
MDA9605494.1	QIZ21131.1	25.874	286	194	4	7	285	8	282	4.48e-28	105
MDA9605495.1	QIZ20597.1	28.352	261	182	4	6	263	5	263	3.59e-28	105
MDA9605498.1	QIZ20595.1	50.769	325	140	5	1	309	1	321	6.31e-108	316
MDA9605500.1	QIZ20228.1	65.939	229	68	2	1	221	1	227	9.16e-112	315
MDA9605501.1	QIZ20558.1	79.808	208	41	1	1	207	1	208	5.43e-128	356
MDA9605502.1	QIZ20553.1	86.215	428	59	0	1	428	1	428	0.0	761
MDA9605503.1	QIZ20552.1	91.749	303	25	0	1	303	1	303	0.0	565
MDA9605504.1	QIZ20551.1	74.737	380	96	0	1	380	1	380	0.0	600
MDA9605505.1	QIZ21440.1	42.517	294	155	3	6	290	8	296	3.69e-80	245
MDA9605508.1	QIZ21344.1	60.638	282	110	1	1	281	1	282	2.61e-119	339
MDA9605509.1	QIZ21518.1	60.692	318	125	0	1	318	1	318	3.00e-138	390
MDA9605512.1	QIZ20550.1	79.880	333	66	1	1	332	1	333	0.0	519
MDA9605513.1	QIZ20549.1	78.964	637	133	1	1	636	1	637	0.0	1044
MDA9605514.1	QIZ20548.1	93.208	265	18	0	1	265	1	265	0.0	505
MDA9605515.1	QIZ20547.1	89.172	314	33	1	1	313	1	314	0.0	567
MDA9605516.1	QIZ20546.1	95.089	448	22	0	1	448	1	448	0.0	885
MDA9605517.1	QIZ20545.1	87.978	366	44	0	1	366	1	366	0.0	629
MDA9605518.1	QIZ21541.1	67.286	807	264	0	1	807	1	807	0.0	1148
MDA9605520.1	QIZ21591.1	83.429	175	29	0	1	175	1	175	8.60e-99	278
MDA9605521.1	QIZ21592.1	73.653	167	43	1	1	167	1	166	4.91e-92	261
MDA9605522.1	QIZ21593.1	83.815	346	56	0	1	346	1	346	0.0	585
MDA9605523.1	QIZ20180.1	92.226	283	22	0	1	283	1	283	0.0	538
MDA9605524.1	QIZ20181.1	91.739	230	19	0	1	230	1	230	1.19e-153	422
MDA9605525.1	QIZ20182.1	88.393	224	26	0	1	224	1	224	1.17e-146	404
MDA9605526.1	QIZ20608.1	28.782	271	179	8	3	260	5	274	7.91e-26	98.2
MDA9605527.1	QIZ20183.1	88.372	129	15	0	1	129	1	129	3.84e-79	225
MDA9605528.1	QIZ20184.1	72.403	308	85	0	1	308	1	308	2.13e-159	443
MDA9605529.1	QIZ20185.1	92.308	117	9	0	1	117	238	354	1.95e-72	215
MDA9605530.1	QIZ21312.1	80.921	152	29	0	1	152	99	250	3.82e-87	251
MDA9605531.1	QIZ21310.1	87.234	141	18	0	1	141	1	141	1.22e-85	242
MDA9605532.1	QIZ21309.1	77.124	612	138	2	1	611	1	611	0.0	972
MDA9605533.1	QIZ21308.1	89.175	194	21	0	1	194	1	194	4.81e-128	354
MDA9605534.1	QIZ21307.1	88.276	290	34	0	1	290	1	290	0.0	555
MDA9605535.1	QIZ21306.1	79.861	144	29	0	1	144	1	144	1.39e-81	233
MDA9605536.1	QIZ21305.1	80.000	225	45	0	1	225	1	225	1.67e-128	357
MDA9605537.1	QIZ21304.1	67.816	435	140	0	1	435	5	439	0.0	622
MDA9605538.1	QIZ21303.1	71.429	70	20	0	1	70	1	70	2.73e-30	98.2
MDA9605539.1	QIZ21302.1	66.403	253	85	0	1	253	1	253	7.20e-124	348
MDA9605540.1	QIZ21301.1	56.647	346	149	1	1	346	3	347	2.73e-129	369
MDA9605541.1	QIZ21300.1	63.241	253	92	1	1	252	1	253	2.17e-93	271
MDA9605542.1	QIZ21299.1	93.226	310	21	0	1	310	1	310	0.0	555
MDA9605543.1	QIZ21298.1	75.401	187	46	0	1	187	1	187	2.01e-103	295
MDA9605544.1	QIZ21297.1	78.919	185	39	0	1	185	1	185	3.02e-109	306
MDA9605545.1	QIZ21296.1	86.835	357	47	0	1	357	1	357	0.0	651
MDA9605546.1	QIZ21295.1	79.231	260	52	2	1	259	1	259	1.65e-147	409
MDA9605547.1	QIZ21294.1	93.556	419	27	0	1	419	1	419	0.0	784
MDA9605548.1	QIZ21293.1	88.166	169	20	0	1	169	1	169	4.80e-108	301
MDA9605549.1	QIZ21292.1	74.658	146	37	0	8	153	3	148	4.80e-81	232
MDA9605550.1	QIZ21291.1	75.182	274	68	0	1	274	1	274	8.03e-157	433
MDA9605551.1	QIZ21290.1	86.076	158	22	0	1	158	1	158	2.53e-99	278
MDA9605552.1	QIZ21289.1	61.374	422	163	0	1	422	1	422	0.0	536
MDA9605553.1	QIZ21288.1	56.228	281	123	0	1	281	1	281	2.35e-103	298
MDA9605554.1	QIZ21287.1	58.867	547	224	1	16	561	15	561	0.0	642
MDA9605555.1	QIZ21286.1	64.435	239	81	1	1	235	5	243	2.64e-102	292
MDA9605556.1	QIZ21285.1	79.781	183	37	0	1	183	1	183	1.44e-100	284
MDA9605557.1	QIZ21284.1	90.169	356	35	0	1	356	1	356	0.0	676
MDA9605558.1	QIZ21283.1	52.865	384	179	2	1	383	1	383	8.98e-138	394
MDA9605559.1	QIZ21282.1	64.000	325	117	0	1	325	1	325	6.49e-153	427
MDA9605560.1	QIZ21281.1	73.457	162	43	0	1	162	1	162	1.90e-79	228
MDA9605561.1	QIZ21280.1	70.349	172	51	0	21	192	25	196	4.27e-90	258
MDA9605562.1	QIZ21279.1	82.264	857	152	0	1	857	1	857	0.0	1435
MDA9605563.1	QIZ21278.1	78.022	91	20	0	1	91	1	91	2.32e-47	142
MDA9605564.1	QIZ21277.1	90.984	244	22	0	1	244	1	244	4.60e-165	452
MDA9605565.1	QIZ21276.1	100.000	75	0	0	1	75	1	75	1.79e-46	138
MDA9605566.1	QIZ21275.1	73.184	179	48	0	18	196	1	179	5.05e-93	265
MDA9605567.1	QIZ21274.1	80.952	168	32	0	9	176	1	168	2.51e-94	267
MDA9605568.1	QIZ21273.1	77.852	149	33	0	1	149	1	149	5.76e-80	240
MDA9605569.1	QIZ20189.1	92.017	238	19	0	1	238	262	499	6.03e-151	425
MDA9605570.1	QIZ21214.1	36.538	260	162	3	29	286	29	287	1.67e-41	141
MDA9605571.1	QIZ20190.1	75.833	360	87	0	1	360	1	360	0.0	575
MDA9605572.1	QIZ20191.1	72.376	181	50	0	1	181	1	181	5.42e-100	282
MDA9605573.1	QIZ20192.1	80.838	167	32	0	1	167	1	167	2.30e-99	279
MDA9605574.1	QIZ20195.1	79.923	259	52	0	1	259	1	259	6.27e-157	432
MDA9605575.1	QIZ20675.1	57.353	68	29	0	1	68	1	68	1.95e-21	74.7
MDA9605576.1	QIZ20196.1	84.103	195	31	0	7	201	5	199	1.68e-125	348
MDA9605577.1	QIZ20197.1	71.280	289	83	0	1	289	1	289	3.28e-162	448
MDA9605578.1	QIZ20198.1	69.114	395	121	1	1	394	5	399	6.99e-180	502
MDA9605579.1	QIZ20199.1	75.152	165	41	0	1	165	1	165	3.53e-87	249
MDA9605580.1	QIZ20200.1	86.579	380	51	0	1	380	1	380	0.0	697
MDA9605581.1	QIZ20204.1	86.585	328	44	0	1	328	1	328	0.0	603
MDA9605582.1	QIZ20205.1	84.116	277	44	0	1	277	1	277	2.44e-142	397
MDA9605584.1	QIZ20555.1	37.339	233	146	0	78	310	261	493	1.32e-49	177
MDA9605584.1	QIZ20555.1	38.211	246	147	1	444	689	254	494	1.64e-47	171
MDA9605585.1	QIZ21478.1	51.667	300	144	1	7	306	6	304	1.97e-114	332
MDA9605586.1	QIZ21214.1	29.667	300	201	5	10	308	2	292	1.74e-32	117
MDA9605587.1	QIZ20197.1	68.914	267	83	0	31	297	23	289	2.22e-143	401
MDA9605588.1	QIZ20196.1	84.103	195	31	0	7	201	5	199	1.68e-125	348
MDA9605589.1	QIZ20675.1	57.353	68	29	0	1	68	1	68	1.95e-21	74.7
MDA9605590.1	QIZ20195.1	79.923	259	52	0	1	259	1	259	6.27e-157	432
MDA9605591.1	QIZ20192.1	80.838	167	32	0	1	167	1	167	2.30e-99	279
MDA9605592.1	QIZ20191.1	72.376	181	50	0	1	181	1	181	5.42e-100	282
MDA9605593.1	QIZ20190.1	75.833	360	87	0	1	360	1	360	0.0	575
MDA9605594.1	QIZ21214.1	36.538	260	162	3	29	286	29	287	1.67e-41	141
MDA9605595.1	QIZ20189.1	92.017	238	19	0	1	238	262	499	6.03e-151	425
MDA9605597.1	QIZ20902.1	46.341	533	275	9	1	525	1	530	1.96e-155	450
MDA9605598.1	QIZ20901.1	65.823	316	108	0	1	316	1	316	1.59e-156	436
MDA9605599.1	QIZ20900.1	52.149	349	159	2	1	346	1	344	3.74e-130	372
MDA9605601.1	QIZ20898.1	74.255	470	121	0	5	474	4	473	0.0	744
MDA9605603.1	QIZ20897.1	53.774	106	49	0	1	106	1	106	3.27e-40	125
MDA9605604.1	QIZ20896.1	43.897	426	231	6	1	422	1	422	2.48e-118	347
MDA9605605.1	QIZ20895.1	70.130	308	92	0	1	308	1	308	8.94e-173	476
MDA9605606.1	QIZ20894.1	28.968	252	170	5	18	266	19	264	2.92e-26	99.4
MDA9605607.1	QIZ20893.1	36.111	396	233	8	14	393	17	408	1.81e-67	215
MDA9605608.1	QIZ20892.1	57.212	208	87	2	1	207	1	207	2.10e-83	242
MDA9605609.1	QIZ20891.1	83.478	230	38	0	1	230	1	230	1.14e-142	394
MDA9605610.1	QIZ20890.1	90.526	95	9	0	1	95	1	95	1.12e-60	176
MDA9605611.1	QIZ20889.1	82.812	576	98	1	1	575	1	576	0.0	980
MDA9605612.1	QIZ20888.1	70.588	204	60	0	13	216	12	215	3.06e-100	285
MDA9605613.1	QIZ20887.1	65.871	419	140	2	20	436	20	437	0.0	528
MDA9605614.1	QIZ20886.1	63.566	258	94	0	1	258	1	258	4.40e-118	334
MDA9605615.1	QIZ20885.1	48.421	190	96	2	1	190	1	188	1.60e-48	152
MDA9605616.1	QIZ20884.1	72.903	310	83	1	12	320	13	322	1.74e-161	449
MDA9605617.1	QIZ20883.1	83.744	203	33	0	1	203	1	203	1.31e-130	361
MDA9605618.1	QIZ20882.1	75.710	317	77	0	1	317	1	317	0.0	514
MDA9605619.1	QIZ20881.1	81.325	166	29	2	1	164	1	166	8.66e-98	275
MDA9605620.1	QIZ20879.1	83.377	385	64	0	1	385	1	385	0.0	630
MDA9605621.1	QIZ20878.1	81.871	171	31	0	1	171	1	171	4.96e-101	289
MDA9605622.1	QIZ20542.1	95.294	425	20	0	1	425	1	425	0.0	777
MDA9605623.1	QIZ20541.1	83.601	311	51	0	1	311	1	311	0.0	530
MDA9605624.1	QIZ20540.1	91.765	255	21	0	1	255	1	255	6.03e-170	465
MDA9605625.1	QIZ20218.1	78.457	376	81	0	4	379	5	380	0.0	634
MDA9605626.1	QIZ21525.1	89.882	425	42	1	1	424	1	425	0.0	811
MDA9605628.1	QIZ21524.1	86.709	474	63	0	89	562	1	474	0.0	871
MDA9605629.1	QIZ20310.1	60.976	82	32	0	1	82	1	82	1.91e-30	99.4
MDA9605631.1	QIZ20730.1	65.363	179	62	0	8	186	4	182	1.21e-82	239
MDA9605634.1	QIZ20585.1	71.269	268	77	0	1	268	1	268	6.33e-147	408
MDA9605635.1	QIZ20584.1	68.852	183	57	0	5	187	4	186	3.89e-97	275
MDA9605636.1	QIZ20583.1	61.739	115	44	0	1	115	1	115	2.85e-52	156
MDA9605637.1	QIZ20582.1	71.818	110	31	0	1	110	1	110	1.18e-45	139
MDA9605638.1	QIZ20581.1	63.934	61	22	0	1	61	15	75	3.98e-24	81.6
MDA9605639.1	QIZ20579.1	87.037	108	14	0	1	108	3	110	6.10e-63	182
MDA9605641.1	QIZ20578.1	94.118	68	4	0	1	68	1	68	1.46e-44	133
MDA9605643.1	QIZ20577.1	98.113	106	2	0	1	106	1	106	3.01e-74	211
MDA9605644.1	QIZ20576.1	96.939	98	3	0	1	98	1	98	1.29e-65	188
MDA9605647.1	QIZ20571.1	83.333	96	15	1	9	103	1	96	5.75e-57	167
MDA9605648.1	QIZ21225.1	45.860	157	83	2	26	181	25	180	2.96e-46	145
MDA9605649.1	QIZ20793.1	77.381	168	38	0	1	168	124	291	2.43e-95	274
MDA9605650.1	QIZ20792.1	95.122	41	2	0	1	41	1	41	3.81e-23	77.4
MDA9605652.1	QIZ20790.1	80.663	362	70	0	1	362	1	362	0.0	584
MDA9605653.1	QIZ20789.1	92.632	95	7	0	1	95	1	95	2.72e-59	172
MDA9605654.1	QIZ20788.1	92.241	464	36	0	2	465	1	464	0.0	869
MDA9605655.1	QIZ20853.1	53.879	232	107	0	1	232	7	238	1.00e-85	250
MDA9605661.1	QIZ20852.1	31.229	301	169	13	1	273	1	291	3.10e-22	90.1
MDA9605662.1	QIZ20805.1	38.756	418	212	9	193	594	2	391	8.33e-92	285
MDA9605666.1	QIZ20762.1	75.258	194	48	0	1	194	93	286	9.58e-99	285
MDA9605669.1	QIZ20515.1	34.154	325	197	6	10	320	4	325	6.08e-43	146
MDA9605670.1	QIZ20610.1	87.742	155	19	0	1	155	1	155	1.61e-98	277
MDA9605671.1	QIZ20609.1	87.273	330	42	0	1	330	1	330	0.0	598
MDA9605674.1	QIZ20606.1	78.000	300	66	0	239	538	180	479	9.86e-177	503
MDA9605679.1	QIZ20501.1	49.062	320	161	1	1	318	1	320	9.87e-104	302
MDA9605683.1	QIZ20609.1	87.273	330	42	0	1	330	1	330	0.0	598
MDA9605684.1	QIZ20610.1	87.742	155	19	0	1	155	1	155	1.61e-98	277
MDA9605685.1	QIZ21212.1	70.732	82	24	0	1	82	1	82	3.50e-40	129
MDA9605686.1	QIZ21213.1	77.551	147	33	0	1	147	1	147	7.77e-89	251
MDA9605687.1	QIZ21214.1	71.769	294	82	1	1	293	1	294	3.78e-151	421
MDA9605688.1	QIZ21215.1	84.834	211	32	0	1	211	1	211	1.26e-134	372
MDA9605689.1	QIZ21216.1	63.918	97	35	0	3	99	2	98	9.63e-46	138
MDA9605702.1	QIZ21217.1	60.920	174	66	2	1	173	6	178	2.72e-77	224
MDA9605704.1	QIZ20878.1	78.571	70	15	0	1	70	240	309	5.18e-36	118
MDA9605705.1	QIZ20877.1	70.391	179	53	0	1	179	11	189	1.93e-95	271
MDA9605706.1	QIZ20876.1	66.255	243	80	1	2	242	3	245	2.66e-106	303
MDA9605707.1	QIZ20875.1	79.348	276	57	0	1	276	1	276	1.96e-168	463
MDA9605708.1	QIZ20874.1	71.555	566	139	4	1	553	1	557	0.0	778
MDA9605709.1	QIZ20873.1	81.905	105	19	0	1	105	1	105	1.60e-59	174
MDA9605710.1	QIZ20872.1	86.700	203	27	0	1	203	1	203	2.91e-130	360
MDA9605711.1	QIZ20871.1	77.671	730	153	2	1	720	4	733	0.0	1182
MDA9605712.1	QIZ20870.1	78.804	368	72	2	1	364	1	366	0.0	592
MDA9605713.1	QIZ20869.1	77.948	848	184	1	1	845	1	848	0.0	1343
MDA9605714.1	QIZ20868.1	70.208	433	129	0	1	433	1	433	0.0	625
MDA9605715.1	QIZ20867.1	61.111	144	52	2	1	141	1	143	2.24e-53	161
MDA9605716.1	QIZ20866.1	70.297	101	30	0	1	101	139	239	9.36e-49	150
MDA9605717.1	QIZ20646.1	85.947	491	69	0	1	491	104	594	0.0	883
MDA9605718.1	QIZ20645.1	84.307	274	42	1	1	274	1	273	1.93e-170	468
MDA9605719.1	QIZ20644.1	73.729	118	31	0	1	118	1	118	6.44e-63	183
MDA9605720.1	QIZ20643.1	73.469	98	26	0	38	135	35	132	1.12e-51	156
MDA9605721.1	QIZ20642.1	88.989	445	48	1	1	444	1	445	0.0	820
MDA9605722.1	QIZ20641.1	72.917	144	34	2	1	142	1	141	4.01e-69	201
MDA9605723.1	QIZ20640.1	77.941	136	30	0	10	145	10	145	6.02e-79	226
MDA9605725.1	QIZ20638.1	88.716	257	29	0	1	257	1	257	6.87e-169	462
MDA9605726.1	QIZ20637.1	78.291	585	111	2	1	569	1	585	0.0	899
MDA9605730.1	QIZ21314.1	27.273	374	244	12	1	353	3	369	1.17e-42	150
MDA9605731.1	QIZ20977.1	79.375	800	164	1	1	800	3	801	0.0	1318
MDA9605732.1	QIZ20978.1	60.741	135	52	1	2	135	4	138	6.40e-52	157
MDA9605733.1	QIZ20979.1	84.259	108	17	0	1	108	1	108	1.80e-65	189
MDA9605734.1	QIZ20980.1	71.787	319	58	6	1	302	1	304	4.28e-141	396
MDA9605735.1	QIZ20981.1	62.667	375	137	2	1	374	195	567	8.63e-160	456
MDA9605736.1	QIZ20691.1	94.382	178	10	0	1	178	745	922	2.63e-120	357
MDA9605737.1	QIZ20692.1	67.292	480	155	1	4	481	12	491	0.0	682
MDA9605738.1	QIZ20694.1	93.396	212	14	0	1	212	156	367	1.46e-150	418
MDA9605739.1	QIZ20491.1	86.966	468	61	0	1	468	1	468	0.0	855
MDA9605740.1	QIZ20492.1	86.822	258	34	0	1	258	1	258	3.33e-170	466
MDA9605741.1	QIZ20493.1	56.391	133	49	1	5	137	11	134	7.41e-49	149
MDA9605742.1	QIZ20494.1	70.565	248	70	2	1	245	1	248	9.26e-132	368
MDA9605744.1	QIZ20495.1	87.524	529	66	0	1	529	1	529	0.0	993
MDA9605745.1	QIZ20496.1	87.113	194	25	0	1	194	1	194	5.97e-111	311
MDA9605746.1	QIZ20497.1	89.286	252	27	0	1	252	1	252	8.68e-157	431
MDA9605747.1	QIZ21189.1	77.933	358	77	1	1	356	1	358	0.0	526
MDA9605748.1	QIZ21190.1	85.000	520	78	0	1	520	6	525	0.0	919
MDA9605749.1	QIZ21191.1	72.046	347	97	0	1	347	1	347	0.0	515
MDA9605750.1	QIZ21193.1	86.339	183	25	0	1	183	1	183	4.93e-113	315
MDA9605751.1	QIZ21194.1	92.440	291	22	0	1	291	1	291	0.0	534
MDA9605752.1	QIZ21195.1	90.490	347	33	0	1	347	1	347	0.0	640
MDA9605753.1	QIZ21196.1	81.472	394	71	1	1	394	1	392	0.0	673
MDA9605754.1	QIZ21197.1	88.398	181	21	0	7	187	7	187	4.29e-119	331
MDA9605755.1	QIZ21198.1	65.027	183	64	0	1	183	1	183	4.18e-84	242
MDA9605756.1	QIZ21200.1	89.734	263	27	0	1	263	1	263	1.36e-169	488
MDA9605757.1	QIZ21515.1	100.000	79	0	0	1	79	239	317	1.99e-52	161
MDA9605758.1	QIZ21516.1	90.538	539	51	0	1	539	1	539	0.0	1036
MDA9605759.1	QIZ21519.1	82.258	124	22	0	1	124	1	124	1.05e-76	218
MDA9605760.1	QIZ21520.1	89.677	155	16	0	1	155	1	155	1.37e-108	301
MDA9605761.1	QIZ21521.1	86.070	201	28	0	1	201	1	201	1.12e-134	371
MDA9605762.1	QIZ21522.1	89.189	333	36	0	1	333	1	333	0.0	613
MDA9605763.1	QIZ21523.1	92.203	295	23	0	1	295	1	295	0.0	566
MDA9605764.1	QIZ21527.1	68.713	342	104	3	1	342	1	339	1.90e-175	486
MDA9605766.1	QIZ21529.1	68.667	150	47	0	30	179	17	166	2.34e-77	224
MDA9605767.1	QIZ21530.1	68.843	536	164	1	3	538	4	536	0.0	723
MDA9605768.1	QIZ21531.1	67.826	115	37	0	1	115	1	115	1.90e-50	159
MDA9605769.1	QIZ21422.1	94.636	261	14	0	1	261	1	261	0.0	503
MDA9605770.1	QIZ21421.1	87.805	82	10	0	1	82	165	246	3.46e-50	154
MDA9605771.1	QIZ21423.1	90.055	181	18	0	10	190	54	234	5.17e-122	340
MDA9605772.1	QIZ21424.1	93.458	107	7	0	1	107	1	107	1.74e-67	194
MDA9605773.1	QIZ21425.1	88.779	303	34	0	1	303	1	303	0.0	553
MDA9605775.1	QIZ21426.1	92.803	264	19	0	1	264	1	264	0.0	500
MDA9605776.1	QIZ21427.1	93.833	227	14	0	1	227	9	235	5.11e-150	412
MDA9605777.1	QIZ21428.1	97.619	336	8	0	1	336	1	336	0.0	649
MDA9605778.1	QIZ21429.1	90.745	443	41	0	14	456	1	443	0.0	792
MDA9605779.1	QIZ21431.1	79.365	252	52	0	1	252	1	252	5.11e-136	379
MDA9605780.1	QIZ21432.1	84.756	164	24	1	1	163	234	397	2.26e-92	270
MDA9605781.1	QIZ20717.1	85.385	130	19	0	2	131	392	521	3.28e-82	246
MDA9605782.1	QIZ20716.1	81.295	139	26	0	1	139	1	139	2.04e-86	244
MDA9605783.1	QIZ20715.1	71.595	257	73	0	1	257	1	257	2.11e-135	378
MDA9605784.1	QIZ20714.1	77.941	204	44	1	1	203	1	204	4.06e-109	307
MDA9605785.1	QIZ20713.1	94.976	418	21	0	1	418	1	418	0.0	811
MDA9605786.1	QIZ20712.1	93.750	288	18	0	1	288	1	288	0.0	542
MDA9605787.1	QIZ20711.1	87.425	334	42	0	3	336	2	335	0.0	588
MDA9605788.1	QIZ20710.1	90.833	240	22	0	1	240	1	240	3.67e-160	439
MDA9605789.1	QIZ20709.1	87.660	235	29	0	1	235	1	235	4.64e-154	423
MDA9605790.1	QIZ20708.1	92.337	261	20	0	1	261	1	261	0.0	510
MDA9605791.1	QIZ20707.1	71.341	164	42	2	3	162	1	163	1.71e-81	234
MDA9605792.1	QIZ20706.1	82.143	112	20	0	1	112	153	264	2.72e-64	191
MDA9605793.1	QIZ20671.1	69.880	83	25	0	1	83	226	308	3.92e-37	122
MDA9605794.1	QIZ20672.1	70.280	286	85	0	1	286	1	286	3.02e-153	425
MDA9605795.1	QIZ20673.1	79.398	432	88	1	1	431	1	432	0.0	680
MDA9605796.1	QIZ21534.1	43.443	122	68	1	1	122	1	121	1.49e-31	104
MDA9605797.1	QIZ20676.1	80.124	161	32	0	1	161	1	161	4.22e-85	243
MDA9605798.1	QIZ20679.1	90.667	75	7	0	1	75	1	75	2.31e-48	143
MDA9605799.1	QIZ21356.1	63.549	727	223	10	7	716	18	719	0.0	851
MDA9605801.1	QIZ20680.1	80.115	347	69	0	1	347	1	347	0.0	598
MDA9605802.1	QIZ20681.1	93.460	367	24	0	5	371	4	370	0.0	731
MDA9605803.1	QIZ20228.1	78.414	227	49	0	1	227	1	227	1.01e-139	386
MDA9605804.1	QIZ20227.1	88.000	500	60	0	1	500	1	500	0.0	920
MDA9605805.1	QIZ20226.1	94.295	298	17	0	1	298	1	298	0.0	584
MDA9605806.1	QIZ20225.1	85.561	374	54	0	1	374	1	374	0.0	670
MDA9605807.1	QIZ20224.1	70.952	210	59	2	1	210	1	208	5.96e-105	296
MDA9605808.1	QIZ20223.1	67.196	189	62	0	1	189	1	189	7.18e-99	280
MDA9605809.1	QIZ20222.1	91.642	335	28	0	4	338	8	342	0.0	658
MDA9605810.1	QIZ21206.1	59.615	104	42	0	2	105	123	226	3.16e-36	119
MDA9605811.1	QIZ21207.1	68.908	238	73	1	1	237	1	238	7.22e-122	342
MDA9605812.1	QIZ21209.1	76.650	197	44	1	5	199	3	199	9.16e-116	323
MDA9605813.1	QIZ21210.1	79.788	1039	210	0	1	1039	1	1039	0.0	1644
MDA9605814.1	QIZ21211.1	59.801	301	121	0	1	301	1	301	8.72e-129	366
MDA9605815.1	QIZ21212.1	70.000	120	36	0	1	120	151	270	1.98e-60	182
MDA9605816.1	QIZ21000.1	65.306	196	68	0	1	196	1	196	8.61e-92	264
MDA9605817.1	QIZ20999.1	76.552	145	34	0	1	145	1	145	7.12e-82	233
MDA9605818.1	QIZ20998.1	72.480	367	101	0	3	369	7	373	0.0	560
MDA9605819.1	QIZ20997.1	82.567	522	91	0	5	526	1	522	0.0	885
MDA9605820.1	QIZ20996.1	79.399	233	48	0	1	233	1	233	4.31e-142	393
MDA9605821.1	QIZ20995.1	61.672	287	110	0	1	287	1	287	2.65e-117	334
MDA9605822.1	QIZ20994.1	84.524	84	13	0	1	84	1	84	3.19e-46	138
MDA9605823.1	QIZ20960.1	71.745	361	102	0	1	361	1	361	0.0	518
MDA9605824.1	QIZ20961.1	86.197	355	49	0	1	355	1	355	0.0	647
MDA9605825.1	QIZ20962.1	94.068	118	7	0	1	118	1	118	3.36e-80	227
MDA9605826.1	QIZ20963.1	98.529	68	1	0	1	68	1	68	3.34e-44	132
MDA9605827.1	QIZ20964.1	91.160	181	16	0	1	181	1	181	1.24e-124	344
MDA9605828.1	QIZ20965.1	84.664	639	97	1	1	639	1	638	0.0	1146
MDA9605829.1	QIZ20966.1	74.233	163	42	0	1	163	222	384	6.69e-88	258
MDA9605830.1	QIZ21085.1	90.457	503	48	0	1	503	178	680	0.0	956
MDA9605831.1	QIZ21084.1	85.024	207	31	0	1	207	1	207	1.34e-130	361
MDA9605832.1	QIZ21083.1	95.349	86	4	0	1	86	1	86	9.36e-60	172
MDA9605833.1	QIZ21082.1	98.007	602	12	0	1	602	1	602	0.0	1182
MDA9605834.1	QIZ21081.1	94.915	118	6	0	1	118	1	118	1.90e-80	227
MDA9605835.1	QIZ21080.1	81.421	183	34	0	1	183	1	183	8.47e-108	303
MDA9605836.1	QIZ20628.1	92.029	138	11	0	1	138	267	404	1.76e-92	269
MDA9605837.1	QIZ20627.1	93.333	150	10	0	1	150	1	150	1.77e-105	293
MDA9605838.1	QIZ20626.1	75.758	99	23	1	1	99	1	98	3.62e-50	149
MDA9605839.1	QIZ20625.1	83.636	110	18	0	1	110	1	110	6.18e-69	197
MDA9605841.1	QIZ20624.1	92.735	468	34	0	1	468	1	468	0.0	919
MDA9605842.1	QIZ20623.1	66.242	157	53	0	4	160	3	159	9.18e-71	206
MDA9605843.1	QIZ20622.1	84.300	293	46	0	1	293	1	293	2.66e-169	467
MDA9605844.1	QIZ20620.1	87.129	101	13	0	1	101	96	196	1.18e-63	187
MDA9605845.1	QIZ20970.1	78.689	61	13	0	1	61	419	479	1.20e-27	98.2
MDA9605846.1	QIZ20969.1	86.667	1500	200	0	1	1500	1	1500	0.0	2737
MDA9605847.1	QIZ21515.1	88.304	171	20	0	1	171	1	171	8.79e-111	314
MDA9605848.1	QIZ21514.1	93.574	249	16	0	1	249	1	249	6.80e-171	467
MDA9605849.1	QIZ21513.1	97.208	788	22	0	1	788	23	810	0.0	1598
MDA9605850.1	QIZ21512.1	60.741	135	53	0	24	158	32	166	6.25e-57	171
MDA9605851.1	QIZ21511.1	91.818	110	9	0	1	110	80	189	5.01e-73	211
MDA9605852.1	QIZ21004.1	96.350	137	5	0	1	137	1	137	2.06e-96	269
MDA9605853.1	QIZ21005.1	79.259	135	28	0	7	141	7	141	1.40e-78	224
MDA9605854.1	QIZ21006.1	92.771	166	12	0	1	166	1	166	2.31e-115	320
MDA9605855.1	QIZ21007.1	94.045	403	24	0	1	403	1	403	0.0	795
MDA9605856.1	QIZ21008.1	91.571	261	22	0	1	261	1	261	0.0	501
MDA9605857.1	QIZ20912.1	88.542	96	11	0	1	96	1	96	1.18e-58	179
MDA9605859.1	QIZ20911.1	70.430	186	52	1	1	186	1	183	4.68e-102	288
MDA9605860.1	QIZ20910.1	57.143	112	48	0	13	124	13	124	4.12e-46	141
MDA9605863.1	QIZ20908.1	61.538	234	88	1	1	234	1	232	5.59e-101	289
MDA9605864.1	QIZ20906.1	91.045	67	6	0	1	67	28	94	1.41e-42	129
MDA9605865.1	QIZ20612.1	75.839	149	36	0	1	149	1	149	8.04e-75	216
MDA9605866.1	QIZ20613.1	71.854	302	83	2	1	301	1	301	9.28e-161	446
MDA9605867.1	QIZ20614.1	57.219	187	80	0	1	187	1	187	1.47e-71	211
MDA9605868.1	QIZ20617.1	86.420	81	11	0	1	81	1	81	1.71e-51	151
MDA9605869.1	QIZ20618.1	92.169	166	13	0	1	166	1	166	3.84e-106	296
MDA9605870.1	QIZ20619.1	69.919	246	74	0	1	246	1	246	7.62e-102	292
MDA9605871.1	QIZ21486.1	96.610	177	6	0	1	177	242	418	3.82e-129	364
MDA9605872.1	QIZ21487.1	90.909	88	8	0	1	88	1	88	6.16e-60	173
MDA9605873.1	QIZ21488.1	91.347	809	70	0	1	809	1	809	0.0	1556
MDA9605877.1	QIZ21079.1	73.620	163	43	0	2	164	356	518	1.72e-83	250
MDA9605878.1	QIZ21486.1	95.312	192	9	0	1	192	1	192	1.49e-131	371
MDA9605879.1	QIZ21485.1	82.353	561	98	1	1	560	1	561	0.0	962
MDA9605880.1	QIZ21484.1	46.829	205	109	0	3	207	59	263	5.17e-65	197
MDA9605881.1	QIZ20719.1	86.007	293	41	0	1	293	1	293	2.18e-174	482
MDA9605882.1	QIZ20720.1	73.399	203	54	0	1	203	1	203	5.10e-108	304
MDA9605883.1	QIZ20721.1	56.291	302	128	2	1	298	1	302	1.11e-124	354
MDA9605884.1	QIZ20722.1	59.375	128	52	0	1	128	140	267	1.78e-50	157
MDA9605885.1	QIZ20959.1	91.065	582	52	0	1	582	4	585	0.0	1106
MDA9605886.1	QIZ20960.1	70.199	302	90	0	1	302	501	802	6.21e-152	441
MDA9605887.1	QIZ20974.1	90.099	707	70	0	1	707	1	707	0.0	1341
MDA9605888.1	QIZ20992.1	91.351	370	32	0	1	370	1	370	0.0	693
MDA9605889.1	QIZ20993.1	84.138	435	65	2	1	435	40	470	0.0	744
MDA9605890.1	QIZ21171.1	95.364	151	7	0	1	151	1	151	1.07e-99	290
MDA9605891.1	QIZ21170.1	86.598	291	39	0	1	291	1	291	0.0	519
MDA9605892.1	QIZ21169.1	93.750	352	22	0	1	352	160	511	0.0	686
MDA9605893.1	QIZ21314.1	74.706	170	39	1	1	166	229	398	4.27e-91	266
MDA9605894.1	QIZ21316.1	76.037	217	52	0	1	217	1	217	2.15e-116	326
MDA9605895.1	QIZ21537.1	66.561	314	102	2	1	312	1	313	3.69e-138	389
MDA9605897.1	QIZ20670.1	76.296	405	96	0	1	405	1	405	0.0	656
MDA9605899.1	QIZ20669.1	87.755	98	12	0	1	98	396	493	1.15e-59	185
MDA9605900.1	QIZ21001.1	69.492	118	36	0	1	118	31	148	1.17e-62	184
MDA9605901.1	QIZ21002.1	74.490	196	50	0	1	196	1	196	1.00e-112	315
MDA9605902.1	QIZ21003.1	86.921	367	48	0	1	367	77	443	0.0	679
MDA9605903.1	QIZ20986.1	70.283	212	63	0	1	212	1	212	2.15e-114	321
MDA9605904.1	QIZ20985.1	87.634	186	23	0	4	189	3	188	2.73e-127	352
MDA9605905.1	QIZ20984.1	82.486	177	31	0	1	177	1	177	1.08e-98	278
MDA9605906.1	QIZ21055.1	73.684	247	65	0	1	247	87	333	2.18e-137	385
MDA9605907.1	QIZ21054.1	88.710	372	42	0	1	372	1	372	0.0	703
