MDB4344783.1	QIZ21326.1	69.501	1564	466	6	13	1567	16	1577	0.0	2247
MDB4344784.1	QIZ21325.1	60.355	169	66	1	1	168	1	169	3.54e-68	201
MDB4344785.1	QIZ21324.1	63.396	265	79	4	1	256	1	256	1.44e-106	305
MDB4344786.1	QIZ21323.1	67.722	316	91	4	1	310	1	311	8.36e-160	444
MDB4344787.1	QIZ21322.1	65.000	220	69	3	1	215	1	217	1.26e-103	294
MDB4344788.1	QIZ21321.1	60.870	253	83	6	1	241	1	249	9.63e-105	299
MDB4344789.1	QIZ21320.1	95.846	337	14	0	1	337	1	337	0.0	670
MDB4344790.1	QIZ21319.1	95.455	220	10	0	1	220	1	220	1.37e-160	438
MDB4344791.1	QIZ21318.1	83.121	314	53	0	1	314	1	314	0.0	541
MDB4344792.1	QIZ21317.1	97.452	314	8	0	1	314	1	314	0.0	634
MDB4344793.1	QIZ21537.1	66.883	308	99	2	1	306	7	313	1.36e-139	393
MDB4344794.1	QIZ20493.1	41.748	103	57	2	11	111	11	112	1.29e-23	84.3
MDB4344796.1	QIZ21316.1	79.817	218	44	0	1	218	1	218	2.77e-120	336
MDB4344797.1	QIZ21314.1	94.236	399	23	0	1	399	1	399	0.0	776
MDB4344798.1	QIZ21313.1	92.006	713	57	0	1	713	1	713	0.0	1371
MDB4344799.1	QIZ21312.1	79.200	250	52	0	1	250	1	250	6.57e-146	404
MDB4344800.1	QIZ21310.1	90.780	141	13	0	1	141	1	141	5.94e-88	248
MDB4344801.1	QIZ21309.1	90.671	611	57	0	1	611	1	611	0.0	1158
MDB4344802.1	QIZ21308.1	90.155	193	19	0	1	193	1	193	1.85e-129	357
MDB4344803.1	QIZ21307.1	90.000	290	29	0	1	290	1	290	0.0	560
MDB4344804.1	QIZ21306.1	79.861	144	29	0	1	144	1	144	7.77e-81	231
MDB4344805.1	QIZ21305.1	79.111	225	47	0	1	225	1	225	1.10e-128	358
MDB4344806.1	QIZ21304.1	69.704	439	133	0	1	439	1	439	0.0	649
MDB4344807.1	QIZ21303.1	74.286	70	18	0	1	70	1	70	2.66e-31	100
MDB4344808.1	QIZ21302.1	64.961	254	89	0	1	254	1	254	1.21e-121	343
MDB4344809.1	QIZ21301.1	54.598	348	157	1	1	348	1	347	7.69e-131	374
MDB4344810.1	QIZ21300.1	61.660	253	96	1	9	260	1	253	1.28e-91	266
MDB4344811.1	QIZ21299.1	93.226	310	21	0	1	310	1	310	0.0	560
MDB4344812.1	QIZ21298.1	73.009	226	53	2	1	224	1	220	8.36e-107	303
MDB4344813.1	QIZ21297.1	81.622	185	34	0	1	185	1	185	5.22e-113	315
MDB4344814.1	QIZ21296.1	88.235	357	42	0	1	357	1	357	0.0	657
MDB4344815.1	QIZ21295.1	79.537	259	53	0	5	263	1	259	1.21e-149	414
MDB4344816.1	QIZ21294.1	93.556	419	27	0	5	423	1	419	0.0	780
MDB4344817.1	QIZ21293.1	89.349	169	18	0	1	169	1	169	1.75e-107	300
MDB4344818.1	QIZ21292.1	72.973	148	40	0	1	148	1	148	1.03e-80	231
MDB4344819.1	QIZ21291.1	78.102	274	60	0	1	274	1	274	1.67e-162	447
MDB4344820.1	QIZ21290.1	86.275	51	7	0	1	51	1	51	6.88e-28	93.2
MDB4344821.1	QIZ20762.1	74.779	226	57	0	1	226	123	348	3.05e-125	354
MDB4344822.1	QIZ20761.1	83.521	443	73	0	1	443	1	443	0.0	753
MDB4344823.1	QIZ20760.1	74.074	270	70	0	1	270	1	270	1.62e-145	404
MDB4344824.1	QIZ20759.1	90.233	430	42	0	1	430	1	430	0.0	811
MDB4344825.1	QIZ20758.1	92.491	293	22	0	5	297	1	293	0.0	561
MDB4344826.1	QIZ20757.1	83.901	323	52	0	1	323	1	323	0.0	543
MDB4344828.1	QIZ21199.1	31.278	227	146	3	3	222	5	228	9.10e-33	117
MDB4344829.1	QIZ20756.1	70.000	310	93	0	1	310	1	310	1.58e-158	441
MDB4344830.1	QIZ20755.1	70.513	78	23	0	1	78	1	78	8.28e-33	104
MDB4344831.1	QIZ20754.1	77.586	290	65	0	1	290	1	290	9.61e-159	439
MDB4344832.1	QIZ20753.1	88.208	636	75	0	1	636	1	636	0.0	1180
MDB4344833.1	QIZ20752.1	91.389	360	31	0	1	360	1	360	0.0	669
MDB4344834.1	QIZ20751.1	75.481	208	51	0	1	208	1	208	4.14e-120	335
MDB4344835.1	QIZ20750.1	79.525	337	69	0	1	337	1	337	0.0	551
MDB4344836.1	QIZ20749.1	85.821	268	38	0	1	268	1	268	1.56e-154	427
MDB4344837.1	QIZ20748.1	87.713	293	36	0	1	293	1	293	0.0	547
MDB4344838.1	QIZ20747.1	69.432	687	210	0	1	687	1	687	0.0	957
MDB4344839.1	QIZ20746.1	88.149	886	105	0	1	886	1	886	0.0	1625
MDB4344840.1	QIZ21388.1	92.381	315	24	0	1	315	1	315	0.0	616
MDB4344841.1	QIZ21395.1	94.526	274	15	0	1	274	1	274	0.0	526
MDB4344842.1	QIZ21396.1	91.281	367	31	1	1	367	1	366	0.0	635
MDB4344843.1	QIZ21397.1	93.972	282	17	0	1	282	1	282	0.0	524
MDB4344844.1	QIZ20417.1	87.393	349	44	0	1	349	78	426	0.0	634
MDB4344845.1	QIZ20416.1	93.333	240	16	0	1	240	5	244	2.69e-168	459
MDB4344846.1	QIZ20415.1	87.705	122	15	0	1	122	1	122	1.66e-74	213
MDB4344847.1	QIZ20414.1	84.114	875	139	0	1	875	1	875	0.0	1548
MDB4344848.1	QIZ20413.1	93.182	572	39	0	1	572	1	572	0.0	1106
MDB4344849.1	QIZ20412.1	86.284	401	55	0	1	401	1	401	0.0	689
MDB4344850.1	QIZ20411.1	95.639	321	14	0	1	321	1	321	0.0	623
MDB4344851.1	QIZ20410.1	94.419	215	12	0	1	215	1	215	2.75e-148	407
MDB4344852.1	QIZ20409.1	100.000	73	0	0	1	73	1	73	7.03e-47	139
MDB4344853.1	QIZ20408.1	65.363	358	91	5	4	328	1	358	3.80e-166	462
MDB4344854.1	QIZ20407.1	71.488	242	69	0	1	242	3	244	1.25e-127	357
MDB4344855.1	QIZ20406.1	80.899	267	51	0	1	267	1	267	6.22e-156	431
MDB4344856.1	QIZ20405.1	81.250	128	24	0	3	130	4	131	7.51e-76	217
MDB4344857.1	QIZ20404.1	78.614	332	71	0	1	332	1	332	0.0	549
MDB4344858.1	QIZ20403.1	79.845	258	52	0	1	258	1	258	2.32e-160	441
MDB4344859.1	QIZ20402.1	81.905	105	19	0	1	105	1	105	2.06e-60	176
MDB4344860.1	QIZ20401.1	83.756	197	32	0	7	203	7	203	2.92e-121	344
MDB4344868.1	QIZ21200.1	23.855	633	396	24	39	641	345	921	1.76e-31	126
MDB4344873.1	QIZ20902.1	46.529	533	274	9	1	525	1	530	1.15e-156	453
MDB4344874.1	QIZ20901.1	64.241	316	113	0	1	316	1	316	6.37e-151	422
MDB4344875.1	QIZ20900.1	50.430	349	165	2	1	346	1	344	6.89e-130	371
MDB4344877.1	QIZ20898.1	73.150	473	127	0	1	473	1	473	0.0	743
MDB4344879.1	QIZ20897.1	53.774	106	49	0	1	106	1	106	5.54e-40	124
MDB4344880.1	QIZ20896.1	44.601	426	228	6	1	422	1	422	9.67e-120	351
MDB4344881.1	QIZ20895.1	69.156	308	95	0	1	308	1	308	1.57e-170	471
MDB4344882.1	QIZ20894.1	29.536	237	159	4	18	252	19	249	1.34e-24	95.1
MDB4344883.1	QIZ20893.1	35.859	396	234	8	14	393	17	408	3.93e-67	214
MDB4344884.1	QIZ20892.1	59.494	158	62	2	1	157	49	205	1.51e-59	179
MDB4344885.1	QIZ20944.1	58.725	298	123	0	2	299	289	586	3.80e-111	329
MDB4344886.1	QIZ20943.1	81.395	172	31	1	1	171	1	172	5.02e-102	286
MDB4344887.1	QIZ20942.1	68.852	305	95	0	1	305	1	305	4.77e-156	434
MDB4344888.1	QIZ20941.1	71.138	246	71	0	1	246	1	246	7.38e-132	368
MDB4344889.1	QIZ20940.1	83.553	152	25	0	1	152	1	152	1.53e-95	269
MDB4344890.1	QIZ20939.1	78.641	309	66	0	1	309	1	309	0.0	520
MDB4344891.1	QIZ20937.1	78.646	384	82	0	1	384	1	384	0.0	634
MDB4344892.1	QIZ20936.1	74.638	276	69	1	1	276	1	275	3.48e-158	437
MDB4344893.1	QIZ20935.1	86.878	221	29	0	1	221	1	221	2.30e-146	402
MDB4344894.1	QIZ20934.1	69.792	288	87	0	1	288	1	288	1.20e-143	401
MDB4344895.1	QIZ20933.1	74.910	558	139	1	1	557	1	558	0.0	897
MDB4344896.1	QIZ20932.1	68.675	83	26	0	1	83	1	83	3.41e-38	118
MDB4344909.1	QIZ20275.1	90.351	114	11	0	1	114	71	184	5.49e-74	213
MDB4344910.1	QIZ20276.1	89.109	101	11	0	1	101	1	101	3.75e-64	185
MDB4344911.1	QIZ20277.1	83.969	131	21	0	1	131	1	131	8.46e-83	234
MDB4344912.1	QIZ20278.1	86.034	179	25	0	1	179	1	179	1.59e-108	303
MDB4344913.1	QIZ20279.1	78.814	118	25	0	1	118	1	118	1.23e-64	187
MDB4344914.1	QIZ20280.1	87.574	169	21	0	3	171	2	170	6.87e-106	296
MDB4344915.1	QIZ20281.1	83.660	153	22	2	1	150	1	153	2.31e-75	217
MDB4344916.1	QIZ20282.1	91.784	426	35	0	1	426	1	426	0.0	789
MDB4344917.1	QIZ20283.1	46.479	213	88	1	1	187	1	213	1.99e-63	191
MDB4344918.1	QIZ20290.1	87.056	394	51	0	1	394	23	416	0.0	708
MDB4344919.1	QIZ21164.1	82.837	973	158	4	1	969	1	968	0.0	1693
MDB4344920.1	QIZ21165.1	82.135	431	71	2	1	431	1	425	0.0	712
MDB4344921.1	QIZ21166.1	85.408	466	68	0	1	466	1	466	0.0	818
MDB4344922.1	QIZ21215.1	84.848	132	20	0	1	132	80	211	3.46e-82	236
MDB4344923.1	QIZ21216.1	61.224	98	38	0	1	98	1	98	1.29e-46	140
MDB4344924.1	QIZ21217.1	90.395	177	17	0	1	177	1	177	7.93e-121	334
MDB4344925.1	QIZ21218.1	91.972	436	35	0	1	436	1	436	0.0	803
MDB4344926.1	QIZ21219.1	69.307	101	31	0	1	101	1	101	2.46e-49	147
MDB4344928.1	QIZ21220.1	80.975	636	121	0	1	636	56	691	0.0	1073
MDB4344929.1	QIZ20400.1	71.254	574	165	0	1	574	4	577	0.0	853
MDB4344930.1	QIZ20399.1	61.628	86	33	0	1	86	1	86	4.83e-33	105
MDB4344931.1	QIZ20398.1	65.190	316	110	0	1	316	1	316	2.06e-148	416
MDB4344932.1	QIZ20397.1	84.490	245	38	0	1	245	1	245	9.41e-143	395
MDB4344933.1	QIZ20396.1	80.180	222	44	0	10	231	13	234	1.36e-135	376
MDB4344934.1	QIZ20395.1	77.941	68	13	1	1	66	1	68	1.05e-33	105
MDB4344935.1	QIZ20394.1	65.278	72	24	1	1	71	1	72	4.14e-23	79.3
MDB4344936.1	QIZ20393.1	84.541	207	32	0	1	207	1	207	4.06e-131	364
MDB4344937.1	QIZ21401.1	94.158	291	17	0	1	291	298	588	0.0	556
MDB4344938.1	QIZ21402.1	86.264	182	25	0	1	182	1	182	9.12e-116	322
MDB4344939.1	QIZ21403.1	85.588	340	48	1	1	340	1	339	0.0	609
MDB4344940.1	QIZ21404.1	83.365	523	84	2	1	523	1	520	0.0	907
MDB4344941.1	QIZ21405.1	91.124	338	30	0	7	344	8	345	0.0	632
MDB4344942.1	QIZ21264.1	65.714	140	48	0	1	140	1	140	5.67e-54	165
MDB4344943.1	QIZ21263.1	84.942	259	39	0	2	260	4	262	1.61e-163	449
MDB4344944.1	QIZ21262.1	84.091	176	28	0	2	177	1	176	1.40e-114	318
MDB4344946.1	QIZ21260.1	85.149	303	45	0	1	303	1	303	0.0	535
MDB4344947.1	QIZ21259.1	94.485	544	30	0	1	544	1	544	0.0	1000
MDB4344948.1	QIZ21258.1	86.383	235	32	0	1	235	36	270	4.45e-148	409
MDB4344949.1	QIZ21270.1	62.992	254	94	0	1	254	58	311	1.27e-105	304
MDB4344950.1	QIZ21269.1	76.115	314	75	0	1	314	1	314	0.0	499
MDB4344951.1	QIZ21268.1	64.062	320	114	1	1	319	1	320	1.30e-145	409
MDB4344952.1	QIZ21267.1	70.922	141	41	0	1	141	1	141	4.97e-71	205
MDB4344953.1	QIZ21266.1	72.050	161	45	0	1	161	1	161	3.25e-91	258
MDB4344954.1	QIZ21265.1	72.480	367	100	1	1	367	93	458	0.0	558
MDB4344958.1	QIZ20622.1	81.911	293	53	0	1	293	1	293	1.07e-166	460
MDB4344959.1	QIZ20623.1	70.064	157	47	0	23	179	3	159	1.65e-74	216
MDB4344960.1	QIZ20625.1	84.545	110	17	0	1	110	1	110	4.85e-69	198
MDB4344961.1	QIZ21230.1	76.000	100	24	0	1	100	222	321	1.28e-53	166
MDB4344962.1	QIZ21231.1	80.531	226	44	0	1	226	1	226	4.53e-136	377
MDB4344963.1	QIZ21232.1	72.093	215	60	0	1	215	1	215	4.21e-111	313
MDB4344964.1	QIZ21233.1	95.134	596	29	0	1	596	11	606	0.0	1172
MDB4344968.1	QIZ21272.1	62.500	128	48	0	1	128	1	128	1.81e-45	144
MDB4344969.1	QIZ21273.1	83.333	486	80	1	1	486	1	485	0.0	833
MDB4344970.1	QIZ21274.1	81.548	168	31	0	9	176	1	168	5.29e-94	266
MDB4344971.1	QIZ21275.1	72.626	179	49	0	17	195	1	179	4.01e-91	260
MDB4344972.1	QIZ21276.1	100.000	75	0	0	1	75	1	75	1.79e-46	138
MDB4344973.1	QIZ20663.1	80.769	104	20	0	1	104	1	104	2.20e-61	179
MDB4344974.1	QIZ20662.1	68.831	308	96	0	1	308	1	308	5.71e-150	419
MDB4344975.1	QIZ20661.1	83.673	245	40	0	1	245	3	247	1.95e-151	417
MDB4344976.1	QIZ20660.1	93.671	79	5	0	1	79	1	79	7.81e-47	139
MDB4344977.1	QIZ20659.1	76.190	210	50	0	1	210	1	210	1.74e-119	333
MDB4344978.1	QIZ20658.1	67.742	62	20	0	1	62	199	260	5.16e-25	88.6
MDB4344979.1	QIZ20418.1	84.777	381	58	0	1	381	1	381	0.0	621
MDB4344980.1	QIZ20419.1	94.220	346	20	0	1	346	1	346	0.0	685
MDB4344984.1	QIZ20285.1	86.667	150	19	1	1	149	1	150	9.87e-79	226
MDB4344985.1	QIZ20286.1	92.982	342	24	0	1	342	1	342	0.0	647
MDB4344986.1	QIZ20287.1	89.116	147	14	1	1	147	1	145	9.62e-93	261
