MDB4231129.1	QIZ21474.1	99.682	314	1	0	1	314	1	314	0.0	642
MDB4231130.1	QIZ21473.1	96.516	775	27	0	1	775	1	775	0.0	1562
MDB4231131.1	QIZ21472.1	81.579	114	21	0	3	116	2	115	5.46e-66	191
MDB4231132.1	QIZ21471.1	93.891	442	27	0	1	442	1	442	0.0	875
MDB4231133.1	QIZ21470.1	98.773	489	6	0	1	489	1	489	0.0	1021
MDB4231134.1	QIZ21469.1	98.726	314	4	0	1	314	1	314	0.0	640
MDB4231135.1	QIZ21468.1	97.183	284	8	0	1	284	1	284	0.0	566
MDB4231136.1	QIZ21467.1	98.945	474	5	0	1	474	1	474	0.0	973
MDB4231137.1	QIZ21466.1	97.744	133	3	0	1	133	1	133	1.19e-96	270
MDB4231138.1	QIZ21465.1	95.708	466	20	0	1	466	1	466	0.0	904
MDB4231139.1	QIZ21464.1	94.595	74	4	0	1	74	1	74	1.76e-49	145
MDB4231140.1	QIZ21463.1	97.619	294	7	0	1	294	1	294	0.0	589
MDB4231141.1	QIZ21462.1	99.559	227	1	0	1	227	1	227	1.26e-167	457
MDB4231142.1	QIZ21461.1	99.548	442	2	0	1	442	1	442	0.0	903
MDB4231143.1	QIZ21460.1	98.866	441	5	0	1	441	1	441	0.0	912
MDB4231144.1	QIZ21459.1	97.105	380	11	0	1	380	1	380	0.0	749
MDB4231145.1	QIZ21458.1	94.503	473	26	0	1	473	1	473	0.0	919
MDB4231146.1	QIZ21457.1	94.964	139	7	0	1	139	1	139	1.41e-98	275
MDB4231147.1	QIZ21456.1	96.023	352	14	0	1	352	1	352	0.0	662
MDB4231148.1	QIZ21455.1	95.775	142	6	0	1	142	1	142	1.10e-99	278
MDB4231149.1	QIZ21454.1	91.866	418	34	0	15	432	16	433	0.0	732
MDB4231150.1	QIZ21453.1	93.925	214	13	0	1	214	1	214	6.01e-120	335
MDB4231151.1	QIZ21452.1	96.063	889	35	0	1	889	1	889	0.0	1757
MDB4231152.1	QIZ21451.1	54.822	197	88	1	1	197	1	196	2.87e-70	208
MDB4231153.1	QIZ21450.1	86.726	113	15	0	1	113	1	113	4.57e-73	208
MDB4231154.1	QIZ21449.1	95.455	396	18	0	1	396	1	396	0.0	779
MDB4231155.1	QIZ21448.1	99.791	478	1	0	1	478	1	478	0.0	982
MDB4231156.1	QIZ21447.1	99.373	319	2	0	1	319	1	319	0.0	656
MDB4231157.1	QIZ21446.1	92.544	228	17	0	18	245	18	245	1.06e-155	428
MDB4231158.1	QIZ21445.1	92.523	214	16	0	1	214	1	214	2.72e-146	402
MDB4231159.1	QIZ21444.1	93.784	740	46	0	1	740	1	740	0.0	1427
MDB4231160.1	QIZ21443.1	100.000	284	0	0	1	284	1	284	0.0	566
MDB4231161.1	QIZ21442.1	96.867	415	13	0	1	415	1	415	0.0	820
MDB4231162.1	QIZ21441.1	97.587	373	9	0	1	373	1	373	0.0	749
MDB4231163.1	QIZ21440.1	97.514	362	9	0	1	362	1	362	0.0	730
MDB4231164.1	QIZ21439.1	81.186	388	73	0	1	388	1	388	0.0	677
MDB4231165.1	QIZ21438.1	84.082	245	39	0	1	245	1	245	1.05e-155	428
MDB4231166.1	QIZ21437.1	93.557	388	25	0	1	388	1	388	0.0	775
MDB4231167.1	QIZ21436.1	96.410	195	7	0	1	195	1	195	8.75e-140	384
MDB4231168.1	QIZ21435.1	84.615	260	40	0	1	260	1	260	4.68e-168	461
MDB4231169.1	QIZ21434.1	87.221	493	63	0	1	493	1	493	0.0	905
MDB4231170.1	QIZ21433.1	53.049	164	77	0	1	164	122	285	6.14e-53	165
MDB4231171.1	QIZ21432.1	98.992	397	4	0	1	397	1	397	0.0	771
MDB4231172.1	QIZ21431.1	71.542	253	72	0	1	253	1	253	7.52e-122	343
MDB4231173.1	QIZ21430.1	82.429	387	68	0	1	387	1	387	0.0	621
MDB4231174.1	QIZ21429.1	98.646	443	6	0	14	456	1	443	0.0	867
MDB4231175.1	QIZ21428.1	97.619	336	8	0	1	336	1	336	0.0	651
MDB4231176.1	QIZ21427.1	96.596	235	8	0	1	235	1	235	2.51e-168	459
MDB4231177.1	QIZ21426.1	97.348	264	7	0	1	264	1	264	0.0	519
MDB4231179.1	QIZ21425.1	96.040	303	12	0	1	303	1	303	0.0	585
MDB4231180.1	QIZ21424.1	93.458	107	7	0	1	107	1	107	6.07e-69	197
MDB4231181.1	QIZ21423.1	94.017	234	14	0	1	234	1	234	1.47e-165	452
MDB4231182.1	QIZ21422.1	97.701	261	6	0	1	261	1	261	0.0	520
MDB4231183.1	QIZ21421.1	99.187	246	2	0	1	246	1	246	0.0	495
MDB4231184.1	QIZ21420.1	98.286	350	6	0	1	350	1	350	0.0	686
MDB4231185.1	QIZ21419.1	99.663	297	1	0	1	297	1	297	0.0	592
MDB4231186.1	QIZ21418.1	100.000	413	0	0	1	413	1	413	0.0	852
MDB4231187.1	QIZ21417.1	94.118	204	12	0	1	204	1	204	3.70e-123	342
MDB4231188.1	QIZ21416.1	100.000	98	0	0	1	98	1	98	2.56e-68	195
MDB4231189.1	QIZ21415.1	95.238	84	4	0	1	84	1	84	2.81e-58	169
MDB4231190.1	QIZ21414.1	96.748	123	4	0	1	123	1	123	1.70e-88	248
MDB4231191.1	QIZ21412.1	94.937	316	16	0	1	316	1	316	0.0	621
MDB4231192.1	QIZ21411.1	97.659	299	7	0	1	299	1	299	0.0	581
MDB4231193.1	QIZ21410.1	96.845	412	13	0	1	412	1	412	0.0	825
MDB4231194.1	QIZ21409.1	94.638	373	20	0	1	373	1	373	0.0	655
MDB4231195.1	QIZ21408.1	87.481	655	81	1	1	655	1	654	0.0	1184
MDB4231196.1	QIZ21407.1	73.256	172	46	0	1	172	1	172	6.22e-78	225
MDB4231197.1	QIZ21406.1	59.930	287	109	3	1	281	1	287	1.18e-109	319
MDB4231198.1	QIZ21405.1	97.681	345	8	0	1	345	1	345	0.0	683
MDB4231199.1	QIZ21404.1	95.594	522	21	1	1	522	1	520	0.0	1030
MDB4231200.1	QIZ20556.1	34.507	284	167	8	279	556	3	273	1.74e-42	151
MDB4231200.1	QIZ20556.1	32.824	262	144	6	19	272	41	278	7.21e-34	127
MDB4231204.1	QIZ21403.1	86.176	340	46	1	1	340	1	339	0.0	618
MDB4231205.1	QIZ21402.1	93.956	182	11	0	1	182	1	182	7.90e-126	347
MDB4231206.1	QIZ21401.1	97.619	588	14	0	1	588	1	588	0.0	1199
MDB4231207.1	QIZ21400.1	92.642	299	22	0	1	299	1	299	0.0	514
MDB4231208.1	QIZ21399.1	97.452	471	12	0	1	471	1	471	0.0	912
MDB4231209.1	QIZ21398.1	96.721	61	2	0	1	61	1	61	1.04e-37	115
MDB4231210.1	QIZ21397.1	98.601	286	4	0	2	287	4	289	0.0	561
MDB4231211.1	QIZ21396.1	97.814	366	8	0	1	366	1	366	0.0	727
MDB4231212.1	QIZ21395.1	98.540	274	4	0	1	274	1	274	0.0	544
MDB4231214.1	QIZ21388.1	91.746	315	26	0	1	315	1	315	0.0	610
MDB4231216.1	QIZ20800.1	38.009	221	125	6	3	216	2	217	8.55e-40	132
MDB4231218.1	QIZ21387.1	96.970	462	14	0	1	462	1	462	0.0	917
MDB4231219.1	QIZ21386.1	74.327	483	124	0	1	483	1	483	0.0	681
MDB4231220.1	QIZ21385.1	97.640	678	16	0	1	678	1	678	0.0	1357
MDB4231221.1	QIZ21384.1	90.780	564	52	0	1	564	1	564	0.0	1028
MDB4231222.1	QIZ21383.1	93.491	676	44	0	1	676	1	676	0.0	1276
MDB4231223.1	QIZ21382.1	95.094	265	13	0	18	282	18	282	0.0	506
MDB4231224.1	QIZ21381.1	94.118	306	18	0	1	306	1	306	0.0	563
MDB4231225.1	QIZ21380.1	91.057	369	33	0	1	369	1	369	0.0	664
MDB4231226.1	QIZ21379.1	87.556	225	28	0	1	225	1	225	2.52e-127	355
MDB4231227.1	QIZ21378.1	94.408	304	17	0	1	304	1	304	0.0	546
MDB4231228.1	QIZ21377.1	96.026	302	12	0	1	302	11	312	0.0	574
MDB4231229.1	QIZ21376.1	96.983	464	14	0	1	464	1	464	0.0	910
MDB4231230.1	QIZ21375.1	89.888	356	36	0	1	356	1	356	0.0	640
MDB4231231.1	QIZ21374.1	93.316	374	25	0	1	374	1	374	0.0	629
MDB4231232.1	QIZ21373.1	89.327	431	46	0	1	431	1	431	0.0	725
MDB4231234.1	QIZ21372.1	89.135	948	103	0	1	948	1	948	0.0	1630
MDB4231235.1	QIZ21371.1	92.832	558	40	0	1	558	3	560	0.0	1035
MDB4231236.1	QIZ21370.1	85.294	102	15	0	1	102	1	102	2.53e-56	165
MDB4231237.1	QIZ21369.1	95.833	336	14	0	1	336	1	336	0.0	649
MDB4231238.1	QIZ21368.1	95.354	495	23	0	1	495	1	495	0.0	890
MDB4231239.1	QIZ21367.1	99.355	155	1	0	1	155	1	155	3.67e-115	318
MDB4231240.1	QIZ21366.1	82.186	247	44	0	1	247	1	247	6.69e-152	419
MDB4231241.1	QIZ21365.1	88.123	261	31	0	1	261	1	261	2.05e-178	487
MDB4231242.1	QIZ21364.1	93.401	197	13	0	1	197	1	197	2.67e-133	367
MDB4231247.1	QIZ21363.1	99.176	607	5	0	1	607	1	607	0.0	1219
MDB4231248.1	QIZ21362.1	97.631	591	14	0	1	591	1	591	0.0	1174
MDB4231249.1	QIZ21361.1	95.425	153	7	0	1	153	1	153	1.77e-95	268
MDB4231250.1	QIZ21360.1	97.990	398	8	0	1	398	1	398	0.0	796
MDB4231251.1	QIZ21359.1	97.858	1074	23	0	1	1074	1	1074	0.0	2158
MDB4231252.1	QIZ21358.1	96.866	351	11	0	1	351	1	351	0.0	682
MDB4231253.1	QIZ21319.1	89.498	219	23	0	1	219	1	219	1.88e-151	415
MDB4231254.1	QIZ21318.1	84.615	312	48	0	1	312	1	312	0.0	543
MDB4231255.1	QIZ21317.1	92.994	314	22	0	1	314	1	314	0.0	613
MDB4231256.1	QIZ20493.1	42.157	102	56	2	11	110	11	111	5.34e-22	80.1
MDB4231258.1	QIZ21316.1	82.569	218	38	0	1	218	1	218	2.79e-125	349
MDB4231259.1	QIZ21315.1	97.987	149	3	0	1	149	1	149	8.36e-109	301
MDB4231260.1	QIZ21249.1	31.698	530	343	11	49	570	57	575	6.37e-75	244
MDB4231261.1	QIZ21314.1	98.246	399	7	0	1	399	1	399	0.0	809
MDB4231262.1	QIZ21313.1	97.649	723	17	0	1	723	1	723	0.0	1465
MDB4231263.1	QIZ21312.1	95.600	250	11	0	1	250	1	250	8.91e-175	477
MDB4231264.1	QIZ21310.1	91.489	141	12	0	1	141	1	141	6.49e-88	248
MDB4231265.1	QIZ21309.1	97.381	611	16	0	1	611	1	611	0.0	1225
MDB4231266.1	QIZ21308.1	98.454	194	3	0	1	194	1	194	3.53e-139	382
MDB4231267.1	QIZ21307.1	97.241	290	8	0	1	290	1	290	0.0	593
MDB4231268.1	QIZ21306.1	97.931	145	3	0	1	145	1	145	9.59e-99	276
MDB4231269.1	QIZ21305.1	97.778	225	5	0	1	225	1	225	1.66e-156	428
MDB4231270.1	QIZ21304.1	96.811	439	14	0	1	439	1	439	0.0	858
MDB4231271.1	QIZ21303.1	97.143	70	2	0	1	70	1	70	9.32e-43	129
MDB4231272.1	QIZ21302.1	93.701	254	16	0	1	254	1	254	1.43e-174	476
MDB4231273.1	QIZ21301.1	94.236	347	20	0	1	347	1	347	0.0	628
MDB4231274.1	QIZ21300.1	94.444	252	14	0	1	252	2	253	2.09e-147	408
MDB4231275.1	QIZ21299.1	97.419	310	8	0	1	310	1	310	0.0	603
MDB4231276.1	QIZ21298.1	89.545	220	22	1	1	219	1	220	9.04e-138	381
MDB4231277.1	QIZ21297.1	96.237	186	7	0	1	186	1	186	5.94e-131	360
MDB4231278.1	QIZ21296.1	97.759	357	8	0	1	357	1	357	0.0	713
MDB4231279.1	QIZ21295.1	97.683	259	6	0	1	259	1	259	0.0	528
MDB4231280.1	QIZ21294.1	99.284	419	3	0	1	419	1	419	0.0	837
MDB4231281.1	QIZ21293.1	99.408	169	1	0	1	169	1	169	2.41e-127	350
MDB4231282.1	QIZ21292.1	96.078	153	6	0	1	153	1	153	5.12e-110	305
MDB4231283.1	QIZ21291.1	91.636	275	23	0	1	275	1	275	0.0	524
MDB4231284.1	QIZ21290.1	96.203	158	6	0	1	158	1	158	1.61e-108	301
MDB4231285.1	QIZ21289.1	94.340	424	24	0	1	424	1	424	0.0	800
MDB4231286.1	QIZ21288.1	92.527	281	21	0	1	281	1	281	8.78e-177	484
MDB4231287.1	QIZ21287.1	97.348	528	14	0	1	528	34	561	0.0	1030
MDB4231288.1	QIZ21286.1	95.062	243	12	0	1	243	1	243	1.05e-160	441
MDB4231289.1	QIZ21285.1	95.161	186	9	0	1	186	1	186	1.27e-127	352
MDB4231290.1	QIZ21284.1	99.157	356	3	0	1	356	1	356	0.0	728
MDB4231291.1	QIZ21283.1	92.689	383	28	0	1	383	1	383	0.0	713
MDB4231292.1	QIZ21282.1	96.319	326	12	0	1	326	1	326	0.0	627
MDB4231293.1	QIZ21281.1	96.914	162	5	0	1	162	1	162	4.36e-113	313
MDB4231294.1	QIZ21280.1	93.893	131	8	0	1	131	1	131	4.76e-85	243
MDB4231295.1	QIZ21280.1	96.721	61	2	0	1	61	136	196	5.09e-37	117
MDB4231296.1	QIZ21279.1	94.399	857	48	0	1	857	1	857	0.0	1622
MDB4231297.1	QIZ21278.1	97.802	91	2	0	1	91	1	91	3.58e-61	176
MDB4231298.1	QIZ21277.1	100.000	244	0	0	1	244	1	244	1.29e-176	481
MDB4231299.1	QIZ21276.1	100.000	75	0	0	1	75	1	75	1.79e-46	138
MDB4231300.1	QIZ21275.1	94.565	92	5	0	18	109	1	92	1.11e-59	177
MDB4231301.1	QIZ21275.1	93.407	91	6	0	4	94	89	179	5.26e-57	169
MDB4231302.1	QIZ21274.1	97.605	167	4	0	1	167	1	167	2.25e-112	312
MDB4231303.1	QIZ21273.1	97.113	485	14	0	1	485	1	485	0.0	965
MDB4231304.1	QIZ21272.1	90.813	283	26	0	1	283	1	283	4.26e-178	488
MDB4231305.1	QIZ21271.1	90.730	356	32	1	1	356	1	355	0.0	644
MDB4231306.1	QIZ21270.1	90.997	311	28	0	1	311	1	311	0.0	549
MDB4231307.1	QIZ21269.1	93.631	314	20	0	1	314	1	314	0.0	601
MDB4231308.1	QIZ21268.1	91.925	322	26	0	1	322	1	322	0.0	599
MDB4231309.1	QIZ21267.1	97.163	141	4	0	1	141	1	141	1.27e-97	273
MDB4231310.1	QIZ21266.1	88.820	161	18	0	1	161	1	161	4.43e-111	308
MDB4231311.1	QIZ21265.1	89.956	458	46	0	1	458	1	458	0.0	850
MDB4231312.1	QIZ21264.1	93.976	83	5	0	1	83	135	217	4.30e-52	157
MDB4231313.1	QIZ21117.1	96.273	161	6	0	1	161	1	161	1.79e-87	263
MDB4231314.1	QIZ21116.1	96.377	138	5	0	1	138	1	138	6.59e-95	266
MDB4231315.1	QIZ21115.1	93.333	75	5	0	1	75	1	75	3.04e-48	142
MDB4231316.1	QIZ21114.1	96.610	236	8	0	1	236	1	236	1.55e-168	460
MDB4231317.1	QIZ21113.1	97.170	106	3	0	1	106	1	106	3.26e-76	216
MDB4231318.1	QIZ21112.1	96.175	183	7	0	1	183	1	183	2.02e-128	354
MDB4231319.1	QIZ21111.1	97.368	114	3	0	1	114	1	114	9.80e-78	220
MDB4231322.1	QIZ21110.1	98.419	253	4	0	1	253	1	253	1.39e-179	489
MDB4231323.1	QIZ21109.1	76.812	345	80	0	1	345	1	345	0.0	588
MDB4231324.1	QIZ21108.1	68.452	168	53	0	1	168	1	168	1.75e-86	247
MDB4231325.1	QIZ21107.1	96.701	394	13	0	1	394	1	394	0.0	782
MDB4231329.1	QIZ20753.1	26.299	308	213	7	9	307	323	625	3.72e-28	109
MDB4231330.1	QIZ20777.1	29.811	265	170	5	4	254	3	265	3.54e-29	111
MDB4231334.1	QIZ21106.1	89.268	205	22	0	1	205	1	205	1.36e-134	371
MDB4231335.1	QIZ21105.1	100.000	152	0	0	1	152	1	152	2.15e-110	306
MDB4231336.1	QIZ21104.1	100.000	126	0	0	1	126	1	126	7.68e-88	247
MDB4231337.1	QIZ21103.1	76.842	380	85	3	1	378	1	379	0.0	607
MDB4231339.1	QIZ21102.1	98.010	201	4	0	1	201	1	201	2.06e-138	381
MDB4231341.1	QIZ21101.1	93.724	239	15	0	1	239	1	239	5.59e-171	466
MDB4231342.1	QIZ21100.1	88.406	138	16	0	4	141	1	138	1.50e-85	242
MDB4231343.1	QIZ21099.1	95.000	40	2	0	15	54	1	40	5.87e-23	77.4
MDB4231344.1	QIZ21098.1	94.495	109	6	0	1	109	1	109	2.17e-77	219
MDB4231345.1	QIZ21097.1	96.976	496	15	0	1	496	1	496	0.0	991
MDB4231346.1	QIZ21096.1	95.763	236	10	0	1	236	1	236	6.03e-169	461
MDB4231350.1	QIZ21095.1	93.235	340	23	0	15	354	24	363	0.0	645
MDB4231351.1	QIZ21094.1	93.143	350	24	0	1	350	1	350	0.0	677
MDB4231352.1	QIZ21093.1	97.865	281	6	0	1	281	1	281	0.0	552
MDB4231353.1	QIZ21092.1	91.667	96	8	0	1	96	1	96	7.17e-60	174
MDB4231354.1	QIZ21091.1	97.230	361	10	0	1	361	1	361	0.0	692
MDB4231355.1	QIZ21090.1	92.661	218	16	0	1	218	15	232	2.22e-149	410
MDB4231356.1	QIZ21089.1	93.160	307	21	0	1	307	1	307	0.0	574
MDB4231357.1	QIZ21088.1	94.118	357	21	0	1	357	1	357	0.0	690
MDB4231359.1	QIZ20661.1	32.143	252	144	7	8	246	6	243	3.69e-25	95.5
MDB4231364.1	QIZ20851.1	27.759	299	196	6	5	299	6	288	3.16e-27	105
MDB4231369.1	QIZ21086.1	91.971	137	11	0	1	137	1	137	1.02e-92	260
MDB4231370.1	QIZ21085.1	95.327	642	30	0	30	671	39	680	0.0	1272
MDB4231371.1	QIZ21084.1	93.237	207	14	0	1	207	1	207	7.04e-143	392
MDB4231372.1	QIZ21083.1	98.837	86	1	0	1	86	1	86	1.07e-61	177
MDB4231373.1	QIZ21082.1	97.508	602	15	0	1	602	1	602	0.0	1181
MDB4231374.1	QIZ21081.1	99.153	118	1	0	1	118	1	118	6.37e-83	234
MDB4231375.1	QIZ21080.1	96.804	219	7	0	1	219	1	219	2.34e-152	417
MDB4231377.1	QIZ21079.1	91.881	505	41	0	7	511	14	518	0.0	922
MDB4231379.1	QIZ21078.1	90.610	213	20	0	1	213	1	213	3.80e-143	394
MDB4231380.1	QIZ21077.1	90.385	364	35	0	1	364	14	377	0.0	646
MDB4231381.1	QIZ21076.1	94.109	696	41	0	1	696	1	696	0.0	1249
MDB4231382.1	QIZ21075.1	85.870	184	26	0	1	184	1	184	4.82e-113	315
MDB4231383.1	QIZ21074.1	94.012	167	10	0	1	167	1	167	4.08e-116	322
MDB4231384.1	QIZ21073.1	95.868	121	5	0	1	121	1	121	2.64e-85	240
MDB4231385.1	QIZ21072.1	98.020	101	2	0	1	101	1	101	2.10e-68	196
MDB4231386.1	QIZ21071.1	96.016	251	10	0	1	251	1	251	0.0	492
MDB4231387.1	QIZ21070.1	95.397	239	11	0	1	239	1	239	5.47e-168	459
MDB4231388.1	QIZ21068.1	89.904	208	21	0	1	208	1	208	3.54e-139	383
MDB4231389.1	QIZ21067.1	100.000	196	0	0	1	196	1	196	4.14e-147	402
MDB4231390.1	QIZ21066.1	98.246	171	3	0	1	171	1	171	7.28e-122	336
MDB4231391.1	QIZ21065.1	98.681	455	6	0	1	455	1	455	0.0	898
MDB4231393.1	QIZ21064.1	89.535	172	18	0	1	172	1	172	1.77e-97	275
MDB4231394.1	QIZ21063.1	94.924	197	10	0	1	197	1	197	1.79e-136	375
MDB4231395.1	QIZ21062.1	97.857	140	3	0	1	140	1	140	4.23e-96	269
MDB4231396.1	QIZ21061.1	90.000	140	14	0	1	140	1	140	1.49e-91	257
MDB4231397.1	QIZ21060.1	94.144	222	13	0	1	222	1	222	3.05e-154	422
MDB4231398.1	QIZ21059.1	89.831	177	18	0	1	177	1	177	9.02e-111	310
MDB4231399.1	QIZ21058.1	88.302	265	31	0	1	265	1	265	1.70e-171	469
MDB4231400.1	QIZ21057.1	92.308	195	15	0	1	195	1	195	7.12e-131	361
MDB4231401.1	QIZ21056.1	92.701	274	20	0	1	274	1	274	0.0	526
MDB4231402.1	QIZ21055.1	88.288	333	39	0	1	333	1	333	0.0	611
MDB4231405.1	QIZ21052.1	99.526	422	2	0	1	422	1	422	0.0	847
MDB4231406.1	QIZ21051.1	38.196	521	287	13	45	552	49	547	2.17e-87	276
MDB4231407.1	QIZ21051.1	33.514	370	229	6	286	646	194	555	2.55e-45	165
MDB4231408.1	QIZ21050.1	91.874	443	36	0	1	443	1	443	0.0	814
MDB4231409.1	QIZ21049.1	94.543	623	34	0	1	623	1	623	0.0	1199
MDB4231410.1	QIZ21048.1	84.977	213	32	0	1	213	1	213	1.50e-133	369
MDB4231411.1	QIZ21047.1	94.656	262	14	0	1	262	1	262	0.0	507
MDB4231412.1	QIZ21046.1	89.716	282	29	0	1	282	1	282	0.0	508
MDB4231413.1	QIZ21045.1	84.290	331	52	0	1	331	1	331	0.0	558
MDB4231414.1	QIZ21044.1	67.857	140	45	0	15	154	17	156	9.25e-62	183
MDB4231415.1	QIZ21043.1	90.640	844	79	0	1	844	1	844	0.0	1570
MDB4231416.1	QIZ21042.1	72.561	164	41	2	1	164	19	178	5.61e-81	233
MDB4231417.1	QIZ21041.1	39.481	347	172	10	2	330	3	329	4.10e-57	184
MDB4231418.1	QIZ21040.1	76.000	175	42	0	1	175	1	175	1.55e-90	258
MDB4231419.1	QIZ21039.1	82.870	216	37	0	1	216	1	216	1.43e-138	382
MDB4231420.1	QIZ21038.1	84.568	162	25	0	1	162	1	162	1.59e-95	269
MDB4231421.1	QIZ21037.1	79.793	193	39	0	1	193	1	193	6.92e-104	293
MDB4231422.1	QIZ21036.1	86.731	309	41	0	1	309	1	309	0.0	562
MDB4231423.1	QIZ21035.1	94.500	200	11	0	18	217	18	217	4.51e-144	396
MDB4231424.1	QIZ21034.1	89.147	258	28	0	1	258	1	258	1.95e-171	469
MDB4231425.1	QIZ21033.1	97.587	373	9	0	1	373	1	373	0.0	744
MDB4231426.1	QIZ21032.1	96.302	649	22	1	1	647	1	649	0.0	1247
MDB4231427.1	QIZ21031.1	90.047	211	21	0	1	211	1	211	4.77e-134	370
MDB4231428.1	QIZ21030.1	94.000	200	12	0	1	200	1	200	3.37e-126	350
MDB4231429.1	QIZ21029.1	90.862	383	35	0	1	383	1	383	0.0	680
MDB4231430.1	QIZ21028.1	93.380	287	19	0	1	287	1	287	0.0	515
MDB4231431.1	QIZ21027.1	94.924	197	10	0	1	197	1	197	1.07e-135	374
MDB4231432.1	QIZ21026.1	95.532	761	34	0	1	761	1	761	0.0	1474
MDB4231433.1	QIZ21025.1	91.732	508	42	0	1	508	1	508	0.0	904
MDB4231434.1	QIZ21024.1	94.294	333	19	0	1	333	1	333	0.0	642
MDB4231435.1	QIZ21023.1	95.556	180	8	0	1	180	1	180	9.66e-125	344
MDB4231437.1	QIZ21022.1	88.253	332	39	0	1	332	1	332	0.0	610
MDB4231438.1	QIZ21021.1	96.094	128	5	0	1	128	1	128	3.47e-88	248
MDB4231439.1	QIZ21020.1	98.529	136	2	0	1	136	1	136	9.19e-96	268
MDB4231440.1	QIZ21019.1	95.067	446	22	0	1	446	10	455	0.0	840
MDB4231441.1	QIZ21018.1	98.187	331	6	0	1	331	1	331	0.0	657
MDB4231442.1	QIZ21017.1	91.503	153	13	0	1	153	1	153	1.03e-87	248
MDB4231443.1	QIZ21016.1	90.982	499	45	0	16	514	19	517	0.0	850
MDB4231444.1	QIZ21015.1	98.201	389	7	0	1	389	1	389	0.0	792
MDB4231445.1	QIZ21014.1	99.245	530	4	0	1	530	1	530	0.0	1054
MDB4231446.1	QIZ21013.1	96.744	737	20	2	1	734	1	736	0.0	1429
MDB4231447.1	QIZ21012.1	97.541	122	3	0	1	122	1	122	2.00e-85	240
MDB4231448.1	QIZ21011.1	100.000	82	0	0	1	82	1	82	9.37e-56	162
MDB4231449.1	QIZ21010.1	97.391	690	18	0	1	690	1	690	0.0	1368
MDB4231450.1	QIZ21009.1	91.270	126	11	0	1	126	1	126	3.35e-86	243
MDB4231451.1	QIZ20794.1	33.173	208	133	3	41	246	33	236	1.27e-21	85.9
MDB4231452.1	QIZ21008.1	97.318	261	7	0	1	261	1	261	0.0	524
MDB4231453.1	QIZ21007.1	87.097	403	52	0	1	403	1	403	0.0	743
MDB4231454.1	QIZ21006.1	96.988	166	5	0	1	166	1	166	5.06e-119	329
MDB4231455.1	QIZ21005.1	95.745	141	6	0	1	141	1	141	1.18e-99	278
MDB4231456.1	QIZ21004.1	97.826	138	3	0	1	138	1	138	1.13e-99	278
MDB4231457.1	QIZ21003.1	96.388	443	16	0	1	443	1	443	0.0	898
MDB4231458.1	QIZ21002.1	91.371	197	17	0	1	197	1	197	1.04e-135	374
MDB4231459.1	QIZ21001.1	90.604	149	14	0	1	149	1	149	2.06e-95	268
MDB4231460.1	QIZ21000.1	95.618	251	11	0	1	251	1	251	8.83e-173	472
MDB4231461.1	QIZ20999.1	96.552	145	5	0	1	145	1	145	2.15e-101	282
MDB4231462.1	QIZ20998.1	91.521	401	34	0	1	401	1	401	0.0	751
MDB4231463.1	QIZ20997.1	97.126	522	15	0	1	522	1	522	0.0	1027
MDB4231464.1	QIZ20996.1	96.154	234	9	0	1	234	1	234	7.01e-171	465
MDB4231465.1	QIZ20995.1	93.380	287	19	0	1	287	1	287	0.0	505
MDB4231466.1	QIZ20994.1	100.000	86	0	0	1	86	1	86	4.66e-55	160
MDB4231467.1	QIZ20993.1	96.596	470	16	0	1	470	1	470	0.0	917
MDB4231468.1	QIZ20992.1	98.378	370	6	0	1	370	1	370	0.0	727
MDB4231469.1	QIZ20991.1	93.562	233	15	0	1	233	1	233	3.24e-151	416
MDB4231470.1	QIZ20990.1	94.059	404	24	0	1	404	1	404	0.0	763
MDB4231471.1	QIZ20989.1	97.619	462	11	0	1	462	1	462	0.0	913
MDB4231472.1	QIZ20988.1	90.058	171	17	0	1	171	1	171	2.49e-112	312
MDB4231473.1	QIZ20987.1	95.522	67	3	0	1	67	1	67	8.28e-32	100
MDB4231474.1	QIZ20986.1	93.578	218	14	0	1	218	1	218	1.66e-154	423
MDB4231475.1	QIZ20985.1	97.872	188	4	0	1	188	1	188	8.49e-140	383
MDB4231476.1	QIZ20984.1	96.610	177	6	0	1	177	1	177	4.71e-123	340
MDB4231477.1	QIZ20983.1	92.453	159	12	0	1	159	1	159	9.54e-98	275
MDB4231478.1	QIZ20982.1	95.455	198	9	0	1	198	1	198	5.61e-136	374
MDB4231479.1	QIZ20981.1	95.550	382	17	0	1	382	1	382	0.0	711
MDB4231480.1	QIZ20291.1	85.714	98	14	0	1	98	183	280	3.40e-47	147
MDB4231481.1	QIZ20290.1	98.687	457	6	0	1	457	1	457	0.0	905
MDB4231482.1	QIZ20289.1	91.262	206	18	0	1	206	1	206	4.83e-137	377
MDB4231483.1	QIZ20288.1	98.684	304	4	0	1	304	1	304	0.0	616
MDB4231484.1	QIZ20287.1	97.931	145	3	0	1	145	1	145	7.29e-104	289
MDB4231485.1	QIZ20286.1	99.415	342	2	0	1	342	1	342	0.0	688
MDB4231486.1	QIZ20285.1	99.333	150	1	0	1	150	1	150	4.43e-108	300
MDB4231487.1	QIZ20284.1	98.425	127	2	0	1	127	1	127	1.79e-90	253
MDB4231488.1	QIZ20283.1	95.775	213	9	0	1	213	1	213	2.27e-153	419
MDB4231489.1	QIZ20282.1	98.122	426	8	0	1	426	1	426	0.0	833
MDB4231490.1	QIZ20281.1	98.039	153	3	0	1	153	1	153	4.58e-105	292
MDB4231491.1	QIZ20280.1	98.824	170	2	0	1	170	1	170	1.15e-121	336
MDB4231492.1	QIZ20279.1	100.000	118	0	0	1	118	1	118	4.80e-82	231
MDB4231493.1	QIZ20278.1	95.531	179	8	0	1	179	1	179	9.50e-122	337
MDB4231494.1	QIZ20277.1	99.237	131	1	0	1	131	1	131	3.33e-93	261
MDB4231495.1	QIZ20276.1	99.010	101	1	0	1	101	1	101	1.03e-70	201
MDB4231496.1	QIZ20275.1	97.826	184	4	0	1	184	1	184	2.58e-132	364
MDB4231497.1	QIZ20274.1	97.561	82	2	0	1	82	1	82	1.00e-51	152
MDB4231498.1	QIZ20273.1	100.000	122	0	0	1	122	1	122	8.33e-86	241
MDB4231499.1	QIZ20272.1	98.718	78	1	0	1	78	1	78	2.38e-52	153
MDB4231500.1	QIZ20271.1	100.000	63	0	0	1	63	1	63	1.27e-39	120
MDB4231501.1	QIZ20270.1	98.529	136	2	0	1	136	1	136	2.65e-97	271
MDB4231502.1	QIZ20269.1	100.000	225	0	0	1	225	1	225	8.65e-168	457
MDB4231503.1	QIZ20268.1	100.000	132	0	0	1	132	1	132	5.43e-94	263
MDB4231504.1	QIZ20267.1	100.000	97	0	0	1	97	1	97	2.41e-67	192
MDB4231505.1	QIZ20266.1	98.221	281	5	0	1	281	1	281	0.0	566
MDB4231506.1	QIZ20265.1	96.907	97	3	0	1	97	1	97	5.86e-64	184
MDB4231507.1	QIZ20264.1	98.068	207	4	0	1	207	1	207	3.44e-145	398
MDB4231508.1	QIZ20263.1	98.729	236	3	0	1	236	1	236	7.65e-171	466
MDB4231509.1	QIZ20262.1	100.000	102	0	0	1	102	1	102	9.82e-72	204
MDB4231510.1	QIZ20261.1	98.699	692	9	0	1	692	1	692	0.0	1420
MDB4231511.1	QIZ20260.1	100.000	156	0	0	1	156	1	156	4.84e-114	315
MDB4231512.1	QIZ20259.1	100.000	123	0	0	1	123	1	123	2.65e-87	245
MDB4231513.1	QIZ20258.1	98.488	1389	21	0	1	1389	1	1389	0.0	2812
MDB4231514.1	QIZ20257.1	98.533	1363	20	0	1	1363	1	1363	0.0	2748
MDB4231515.1	QIZ20256.1	97.521	121	3	0	1	121	1	121	1.09e-77	221
MDB4231516.1	QIZ20255.1	93.976	166	10	0	1	166	1	166	1.34e-115	320
MDB4231517.1	QIZ20254.1	95.197	229	11	0	1	229	1	229	1.64e-158	434
MDB4231518.1	QIZ20253.1	98.582	141	2	0	1	141	1	141	4.05e-100	279
MDB4231519.1	QIZ20252.1	99.432	176	1	0	1	176	1	176	6.44e-127	350
MDB4231520.1	QIZ20251.1	98.413	63	1	0	1	63	1	63	1.80e-40	122
MDB4231521.1	QIZ20250.1	98.737	396	5	0	1	396	1	396	0.0	796
MDB4231522.1	QIZ20249.1	99.190	247	2	0	1	247	1	247	0.0	502
MDB4231524.1	QIZ20846.1	37.594	266	161	4	11	273	13	276	3.76e-44	149
MDB4231527.1	QIZ20248.1	92.664	259	19	0	1	259	1	259	8.26e-175	478
MDB4231528.1	QIZ20247.1	93.985	133	8	0	1	133	1	133	1.58e-91	256
MDB4231529.1	QIZ20246.1	92.771	249	18	0	1	249	1	249	4.66e-176	480
MDB4231530.1	QIZ20245.1	94.954	218	11	0	1	218	1	218	1.83e-152	419
MDB4231531.1	QIZ20244.1	97.656	256	6	0	1	256	1	256	0.0	526
MDB4231532.1	QIZ20243.1	97.907	430	9	0	1	430	1	430	0.0	870
MDB4231533.1	QIZ20242.1	97.308	260	7	0	1	260	1	260	0.0	509
MDB4231534.1	QIZ20241.1	98.750	80	1	0	1	80	1	80	5.27e-54	157
MDB4231535.1	QIZ20240.1	96.916	227	7	0	1	227	1	227	3.73e-166	453
MDB4231536.1	QIZ20239.1	96.438	730	26	0	1	730	1	730	0.0	1451
MDB4231537.1	QIZ20238.1	98.684	76	1	0	1	76	1	76	1.78e-51	151
MDB4231538.1	QIZ20237.1	94.545	110	6	0	1	110	1	110	2.62e-76	216
MDB4231539.1	QIZ21224.1	82.532	395	69	0	1	395	1	395	0.0	702
MDB4231541.1	QIZ20236.1	97.561	205	5	0	1	205	1	205	1.44e-150	412
MDB4231542.1	QIZ20235.1	93.249	237	16	0	1	237	1	237	4.28e-162	444
MDB4231543.1	QIZ20234.1	96.060	533	21	0	1	533	1	533	0.0	1064
MDB4231544.1	QIZ20233.1	93.819	453	28	0	1	453	1	453	0.0	862
MDB4231545.1	QIZ20232.1	95.102	245	12	0	1	245	1	245	2.48e-178	485
MDB4231546.1	QIZ20231.1	97.168	459	13	0	1	459	1	459	0.0	937
MDB4231547.1	QIZ20230.1	96.040	606	24	0	1	606	1	606	0.0	1203
MDB4231548.1	QIZ20229.1	93.720	207	13	0	1	207	1	207	5.32e-139	382
MDB4231549.1	QIZ20228.1	96.943	229	7	0	1	229	1	229	4.68e-169	460
MDB4231550.1	QIZ20227.1	97.800	500	11	0	1	500	1	500	0.0	1009
MDB4231551.1	QIZ20226.1	97.315	298	8	0	1	298	1	298	0.0	599
MDB4231552.1	QIZ20225.1	95.722	374	16	0	1	374	1	374	0.0	746
MDB4231553.1	QIZ20222.1	99.123	342	3	0	1	342	1	342	0.0	716
MDB4231554.1	QIZ20221.1	97.519	645	16	0	1	645	1	645	0.0	1314
MDB4231555.1	QIZ20220.1	96.281	484	18	0	1	484	1	484	0.0	963
MDB4231556.1	QIZ20219.1	94.624	93	5	0	1	93	1	93	5.64e-64	184
MDB4231557.1	QIZ20218.1	96.316	380	14	0	1	380	1	380	0.0	761
MDB4231562.1	QIZ20216.1	99.054	317	3	0	1	317	2	318	0.0	630
MDB4231564.1	QIZ20215.1	89.655	145	15	0	1	145	1	145	1.13e-97	273
MDB4231566.1	QIZ20214.1	95.918	294	12	0	1	294	1	294	0.0	506
MDB4231567.1	QIZ20213.1	95.480	177	8	0	1	177	1	177	1.04e-112	314
MDB4231568.1	QIZ20212.1	97.531	162	4	0	1	162	1	162	2.62e-120	332
MDB4231569.1	QIZ20211.1	77.320	97	22	0	1	97	1	97	9.50e-55	161
MDB4231572.1	QIZ20210.1	88.213	526	62	0	11	536	11	536	0.0	914
MDB4231573.1	QIZ20208.1	83.333	132	22	0	1	132	1	132	2.08e-75	216
MDB4231574.1	QIZ20205.1	47.710	262	130	3	1	258	16	274	4.91e-57	179
MDB4231575.1	QIZ20204.1	59.375	320	130	0	1	320	1	320	2.17e-149	419
MDB4231576.1	QIZ20198.1	70.886	395	114	1	1	394	5	399	0.0	514
MDB4231577.1	QIZ20197.1	71.626	289	82	0	1	289	1	289	6.77e-163	450
MDB4231578.1	QIZ20196.1	92.821	195	14	0	7	201	5	199	6.53e-140	384
MDB4231579.1	QIZ20309.1	52.599	327	148	4	86	411	84	404	1.29e-122	357
MDB4231580.1	QIZ20309.1	51.698	265	122	4	21	282	146	407	2.89e-88	265
MDB4231581.1	QIZ20192.1	95.210	167	8	0	1	167	1	167	1.77e-118	328
MDB4231582.1	QIZ20191.1	92.391	184	14	0	1	184	1	184	2.86e-130	358
MDB4231583.1	QIZ20190.1	93.889	360	22	0	1	360	1	360	0.0	697
MDB4231584.1	QIZ21214.1	35.740	277	172	4	15	286	12	287	1.46e-42	144
MDB4231585.1	QIZ20189.1	94.990	499	25	0	1	499	1	499	0.0	926
MDB4231586.1	QIZ20188.1	91.026	156	14	0	1	156	1	156	1.62e-100	281
MDB4231587.1	QIZ20187.1	89.877	326	33	0	1	326	1	326	0.0	573
MDB4231588.1	QIZ20185.1	91.453	351	30	0	14	364	7	357	0.0	567
MDB4231589.1	QIZ20184.1	90.968	310	28	0	1	310	1	310	0.0	558
MDB4231590.1	QIZ20183.1	95.349	129	6	0	1	129	1	129	2.39e-86	243
MDB4231591.1	QIZ20182.1	98.214	224	4	0	1	224	1	224	1.90e-160	438
MDB4231592.1	QIZ20181.1	98.261	230	4	0	1	230	1	230	1.70e-164	449
MDB4231593.1	QIZ20180.1	97.527	283	7	0	1	283	1	283	0.0	564
MDB4231594.1	QIZ21593.1	86.994	346	45	0	1	346	1	346	0.0	608
MDB4231598.1	QIZ21591.1	95.429	175	8	0	1	175	1	175	4.01e-114	317
MDB4231599.1	QIZ21542.1	85.333	75	11	0	1	75	1	75	4.42e-41	125
MDB4231600.1	QIZ21541.1	93.750	544	34	0	1	544	271	814	0.0	1080
MDB4231601.1	QIZ20524.1	86.538	104	14	0	1	104	1	104	3.18e-57	176
MDB4231602.1	QIZ20525.1	97.783	406	9	0	1	406	1	406	0.0	785
MDB4231603.1	QIZ20526.1	96.675	391	13	0	1	391	1	391	0.0	779
MDB4231604.1	QIZ20527.1	96.765	371	12	0	1	371	1	371	0.0	732
MDB4231605.1	QIZ20528.1	98.529	68	1	0	1	68	1	68	1.29e-43	130
MDB4231606.1	QIZ20529.1	94.531	256	14	0	1	256	1	256	1.39e-180	492
MDB4231608.1	QIZ20530.1	96.739	184	6	0	1	184	1	184	6.45e-129	355
MDB4231609.1	QIZ20531.1	92.994	157	11	0	1	157	1	157	7.85e-107	297
MDB4231610.1	QIZ20532.1	69.271	192	58	1	1	191	1	192	4.95e-95	270
MDB4231611.1	QIZ20533.1	82.677	127	22	0	1	127	1	127	2.85e-77	220
MDB4231613.1	QIZ20536.1	83.660	153	25	0	1	153	1	153	5.28e-73	211
MDB4231614.1	QIZ20537.1	96.767	433	14	0	1	433	1	433	0.0	833
MDB4231615.1	QIZ20538.1	98.901	91	1	0	1	91	1	91	5.65e-63	181
MDB4231616.1	QIZ20539.1	96.257	374	14	0	1	374	1	374	0.0	734
MDB4231617.1	QIZ20594.1	45.020	251	137	1	6	255	3	253	9.52e-65	198
MDB4231618.1	QIZ20540.1	95.294	255	12	0	1	255	1	255	3.25e-177	483
MDB4231619.1	QIZ20541.1	87.138	311	40	0	1	311	1	311	0.0	547
MDB4231620.1	QIZ20542.1	97.183	497	14	0	1	497	1	497	0.0	955
MDB4231621.1	QIZ20543.1	91.818	220	18	0	1	220	2	221	1.13e-148	408
MDB4231622.1	QIZ20589.1	28.881	277	189	6	1	274	1	272	9.52e-23	90.9
MDB4231623.1	QIZ20544.1	95.210	167	8	0	1	167	1	167	9.19e-117	323
MDB4231624.1	QIZ20545.1	97.027	370	11	0	1	370	1	370	0.0	724
MDB4231625.1	QIZ20546.1	98.884	448	5	0	1	448	1	448	0.0	929
MDB4231626.1	QIZ20547.1	92.675	314	22	1	1	313	1	314	0.0	581
MDB4231627.1	QIZ20548.1	96.226	265	10	0	1	265	1	265	0.0	520
MDB4231628.1	QIZ20549.1	86.656	637	85	0	1	637	1	637	0.0	1142
MDB4231629.1	QIZ20550.1	93.452	336	22	0	1	336	1	336	0.0	615
MDB4231630.1	QIZ20551.1	89.211	380	41	0	1	380	1	380	0.0	704
MDB4231631.1	QIZ20552.1	95.710	303	13	0	1	303	1	303	0.0	586
MDB4231632.1	QIZ20553.1	89.486	428	45	0	1	428	1	428	0.0	786
MDB4231633.1	QIZ21495.1	59.036	249	102	0	1	249	1	249	7.21e-108	307
MDB4231634.1	QIZ20554.1	68.812	202	63	0	1	202	1	202	8.66e-92	263
MDB4231635.1	QIZ20555.1	95.010	501	25	0	1	501	1	501	0.0	971
MDB4231636.1	QIZ20556.1	94.857	350	18	0	1	350	1	350	0.0	671
MDB4231637.1	QIZ20557.1	95.000	320	16	0	1	320	1	320	0.0	624
MDB4231638.1	QIZ20562.1	94.106	492	29	0	1	492	1	492	0.0	961
MDB4231639.1	QIZ20563.1	83.548	310	46	1	16	325	1	305	0.0	517
MDB4231640.1	QIZ20309.1	32.418	182	115	5	2	180	208	384	2.70e-28	106
MDB4231642.1	QIZ20564.1	36.047	258	137	10	1	235	1	253	7.07e-36	123
MDB4231643.1	QIZ20565.1	96.564	291	10	0	1	291	1	291	0.0	574
MDB4231644.1	QIZ20566.1	89.103	156	17	0	1	156	1	156	1.33e-102	286
MDB4231645.1	QIZ20567.1	88.235	136	16	0	1	136	1	136	8.74e-94	263
MDB4231646.1	QIZ20568.1	93.717	191	12	0	1	191	1	191	4.29e-133	366
MDB4231647.1	QIZ20569.1	98.198	333	6	0	1	333	1	333	0.0	662
MDB4231648.1	QIZ20570.1	97.101	138	4	0	1	138	1	138	8.23e-99	275
MDB4231649.1	QIZ20571.1	86.458	96	12	1	9	103	1	96	7.71e-58	169
MDB4231650.1	QIZ20573.1	97.917	96	2	0	1	96	1	96	5.98e-69	196
MDB4231651.1	QIZ20574.1	95.082	122	6	0	1	122	1	122	1.19e-76	218
MDB4231652.1	QIZ20575.1	99.138	116	1	0	1	116	1	116	1.55e-84	238
MDB4231653.1	QIZ20563.1	46.667	285	144	6	27	306	13	294	3.40e-78	237
MDB4231655.1	QIZ20576.1	97.959	98	2	0	1	98	1	98	2.31e-66	190
MDB4231656.1	QIZ20577.1	86.792	106	14	0	1	106	1	106	9.57e-68	194
MDB4231657.1	QIZ20579.1	94.545	110	6	0	1	110	1	110	5.32e-69	198
MDB4231658.1	QIZ20581.1	73.333	75	20	0	1	75	1	75	6.86e-37	114
MDB4231659.1	QIZ20583.1	85.965	114	16	0	1	114	1	114	7.96e-73	208
MDB4231660.1	QIZ20584.1	89.785	186	19	0	1	186	1	186	3.21e-125	346
MDB4231661.1	QIZ20585.1	91.045	268	24	0	1	268	1	268	0.0	499
MDB4231662.1	QIZ20586.1	75.000	192	48	0	1	192	1	192	9.84e-111	310
MDB4231663.1	QIZ20587.1	91.915	235	19	0	1	235	1	235	4.30e-152	418
MDB4231665.1	QIZ20590.1	65.398	289	100	0	4	292	3	291	1.93e-114	328
MDB4231666.1	QIZ20605.1	33.333	372	204	10	33	390	50	391	1.14e-47	162
MDB4231667.1	QIZ20591.1	77.778	279	62	0	1	279	1	279	6.42e-167	459
MDB4231668.1	QIZ20592.1	91.903	247	20	0	1	247	1	247	2.14e-173	473
MDB4231669.1	QIZ20589.1	69.204	289	89	0	1	289	1	289	5.34e-151	420
MDB4231670.1	QIZ20487.1	33.729	421	273	4	9	425	12	430	7.59e-70	223
MDB4231672.1	QIZ20489.1	27.160	324	204	9	3	307	2	312	7.44e-25	99.0
MDB4231673.1	QIZ21125.1	44.590	305	165	1	4	308	3	303	9.52e-90	266
MDB4231674.1	QIZ20593.1	79.188	591	123	0	1	591	1	591	0.0	1007
MDB4231675.1	QIZ20513.1	28.283	396	253	8	106	493	7	379	2.47e-37	137
MDB4231677.1	QIZ20834.1	32.453	265	157	6	9	266	1	250	2.72e-29	110
MDB4231679.1	QIZ20594.1	54.582	251	114	0	1	251	1	251	1.93e-95	276
MDB4231680.1	QIZ20595.1	33.019	212	117	3	7	211	4	197	6.10e-30	110
MDB4231683.1	QIZ20599.1	71.000	300	87	0	1	300	1	300	8.00e-167	461
MDB4231684.1	QIZ20600.1	74.699	249	62	1	1	249	1	248	5.15e-137	381
MDB4231686.1	QIZ20454.1	32.394	213	124	7	1	204	1	202	1.44e-26	99.0
MDB4231696.1	QIZ21109.1	28.940	349	205	13	13	329	1	338	4.87e-27	104
MDB4231700.1	QIZ21220.1	95.915	612	25	0	1	612	80	691	0.0	1209
MDB4231701.1	QIZ21219.1	93.069	101	7	0	1	101	1	101	3.59e-68	195
MDB4231702.1	QIZ21218.1	100.000	436	0	0	1	436	1	436	0.0	855
MDB4231703.1	QIZ21217.1	94.382	178	10	0	1	178	1	178	6.51e-126	347
MDB4231704.1	QIZ20953.1	37.542	301	152	8	2	296	3	273	7.82e-59	185
MDB4231705.1	QIZ21216.1	79.592	98	20	0	1	98	1	98	1.06e-57	168
MDB4231706.1	QIZ21215.1	90.995	211	19	0	1	211	1	211	7.67e-143	393
MDB4231707.1	QIZ21214.1	66.327	294	99	0	1	294	1	294	1.86e-147	411
MDB4231708.1	QIZ21213.1	91.156	147	13	0	1	147	1	147	6.98e-102	284
MDB4231709.1	QIZ21212.1	88.519	270	31	0	1	270	1	270	0.0	496
MDB4231710.1	QIZ21211.1	94.020	301	18	0	1	301	1	301	0.0	561
MDB4231711.1	QIZ21210.1	90.865	1040	95	0	1	1040	1	1040	0.0	1842
MDB4231712.1	QIZ21209.1	90.863	197	18	0	6	202	3	199	2.00e-134	370
MDB4231713.1	QIZ21208.1	48.936	94	46	1	1	92	26	119	5.69e-27	92.0
MDB4231714.1	QIZ21207.1	90.756	238	22	0	1	238	1	238	5.12e-168	459
MDB4231715.1	QIZ21206.1	90.830	229	21	0	1	229	1	229	2.44e-149	410
MDB4231716.1	QIZ21205.1	91.589	321	27	0	1	321	1	321	0.0	580
MDB4231717.1	QIZ21204.1	92.810	153	11	0	1	153	1	153	7.31e-101	282
MDB4231718.1	QIZ21203.1	98.364	428	7	0	1	428	1	428	0.0	867
MDB4231719.1	QIZ21202.1	97.852	512	11	0	1	512	1	512	0.0	993
MDB4231720.1	QIZ21201.1	97.447	235	6	0	1	235	1	235	2.80e-169	461
MDB4231721.1	QIZ21200.1	97.727	924	21	0	1	924	1	924	0.0	1833
MDB4231722.1	QIZ21199.1	96.117	309	12	0	1	309	1	309	0.0	590
MDB4231723.1	QIZ21198.1	97.814	183	4	0	1	183	1	183	1.15e-124	344
MDB4231724.1	QIZ21197.1	95.187	187	9	0	1	187	1	187	5.36e-134	368
MDB4231725.1	QIZ21196.1	97.194	392	11	0	1	392	1	392	0.0	778
MDB4231726.1	QIZ21195.1	98.559	347	5	0	1	347	1	347	0.0	713
MDB4231727.1	QIZ21194.1	98.625	291	4	0	1	291	1	291	0.0	583
MDB4231728.1	QIZ21193.1	97.283	184	5	0	1	184	1	184	6.91e-127	350
MDB4231729.1	QIZ21191.1	96.286	350	13	0	1	350	1	350	0.0	669
MDB4231730.1	QIZ21190.1	96.346	520	19	0	1	520	6	525	0.0	1025
MDB4231731.1	QIZ21189.1	91.892	481	39	0	1	481	1	481	0.0	814
MDB4231732.1	QIZ21188.1	96.288	458	17	0	1	458	1	458	0.0	885
MDB4231733.1	QIZ21187.1	88.306	248	29	0	1	248	1	248	2.60e-152	420
MDB4231734.1	QIZ21186.1	97.651	298	7	0	1	298	1	298	0.0	576
MDB4231735.1	QIZ21185.1	95.556	360	16	0	1	360	1	360	0.0	688
MDB4231736.1	QIZ21184.1	98.387	372	6	0	1	372	1	372	0.0	759
MDB4231737.1	QIZ21183.1	97.980	198	4	0	1	198	1	198	3.28e-143	392
MDB4231738.1	QIZ21182.1	92.469	239	18	0	1	239	1	239	4.85e-168	459
MDB4231739.1	QIZ21181.1	97.015	134	4	0	1	134	1	134	9.19e-93	260
MDB4231740.1	QIZ21180.1	100.000	84	0	0	1	84	1	84	2.62e-56	164
MDB4231741.1	QIZ21179.1	97.859	327	7	0	1	327	1	327	0.0	648
MDB4231742.1	QIZ21178.1	97.554	368	9	0	1	368	1	368	0.0	722
MDB4231743.1	QIZ21177.1	93.750	416	26	0	1	416	1	416	0.0	775
MDB4231744.1	QIZ21176.1	95.556	180	8	0	1	180	1	180	7.05e-123	340
MDB4231745.1	QIZ21175.1	97.414	116	3	0	1	116	1	116	1.07e-78	223
MDB4231746.1	QIZ21174.1	97.889	379	8	0	1	379	1	379	0.0	745
MDB4231747.1	QIZ21173.1	96.203	158	6	0	1	158	1	158	5.29e-112	310
MDB4231748.1	QIZ21172.1	97.692	130	3	0	1	130	1	130	1.96e-87	246
MDB4231749.1	QIZ21171.1	99.576	472	2	0	1	472	1	472	0.0	951
MDB4231750.1	QIZ21170.1	99.656	291	1	0	1	291	1	291	0.0	588
MDB4231751.1	QIZ21169.1	99.413	511	3	0	1	511	1	511	0.0	1027
MDB4231752.1	QIZ21168.1	97.838	185	4	0	1	185	1	185	1.08e-130	360
MDB4231753.1	QIZ21167.1	96.006	651	26	0	1	651	1	651	0.0	1281
MDB4231754.1	QIZ21123.1	86.427	361	49	0	1	361	26	386	0.0	650
MDB4231755.1	QIZ21124.1	33.492	421	271	6	57	473	41	456	2.23e-74	238
MDB4231758.1	QIZ21125.1	94.637	317	17	0	1	317	1	317	0.0	615
MDB4231761.1	QIZ21134.1	92.228	386	29	1	1	386	1	385	0.0	725
MDB4231762.1	QIZ21135.1	93.299	194	13	0	1	194	2	195	3.27e-140	385
MDB4231763.1	QIZ21136.1	97.351	453	12	0	1	453	1	453	0.0	873
MDB4231764.1	QIZ21137.1	85.169	445	66	0	1	445	1	445	0.0	761
MDB4231765.1	QIZ21138.1	89.831	59	6	0	1	59	1	59	6.31e-35	108
MDB4231766.1	QIZ21139.1	98.020	303	6	0	1	303	1	303	0.0	588
MDB4231767.1	QIZ21140.1	95.276	254	12	0	19	272	19	272	0.0	496
MDB4231768.1	QIZ21141.1	95.187	187	9	0	1	187	1	187	2.14e-130	359
MDB4231769.1	QIZ21142.1	95.738	305	13	0	1	305	1	305	0.0	583
MDB4231770.1	QIZ21143.1	90.876	274	25	0	1	274	1	274	8.42e-178	486
MDB4231771.1	QIZ21144.1	97.566	452	11	0	1	452	1	452	0.0	889
MDB4231772.1	QIZ21145.1	99.065	107	1	0	1	107	1	107	3.02e-75	218
MDB4231773.1	QIZ21146.1	96.930	228	7	0	1	228	1	228	4.85e-166	452
MDB4231774.1	QIZ21148.1	98.929	467	5	0	1	467	1	467	0.0	959
MDB4231775.1	QIZ21149.1	99.015	203	2	0	1	203	9	211	1.02e-147	405
MDB4231776.1	QIZ21150.1	99.457	368	2	0	1	368	1	368	0.0	746
MDB4231777.1	QIZ21151.1	98.126	587	11	0	1	587	1	587	0.0	1191
MDB4231778.1	QIZ21152.1	98.524	542	8	0	1	542	1	542	0.0	1115
MDB4231779.1	QIZ21153.1	93.023	258	18	0	1	258	1	258	0.0	500
MDB4231780.1	QIZ21154.1	95.393	369	17	0	1	369	1	369	0.0	713
MDB4231781.1	QIZ21155.1	94.895	333	17	0	1	333	1	333	0.0	650
MDB4231782.1	QIZ21156.1	93.701	127	8	0	1	127	1	127	1.96e-84	238
MDB4231783.1	QIZ21157.1	91.667	108	9	0	1	108	1	108	2.53e-59	173
MDB4231784.1	QIZ21158.1	98.814	590	7	0	1	590	1	590	0.0	1224
MDB4231785.1	QIZ21159.1	95.671	231	10	0	1	231	27	257	5.41e-168	459
MDB4231786.1	QIZ21160.1	98.189	497	9	0	1	497	1	497	0.0	1007
MDB4231787.1	QIZ21161.1	99.375	320	2	0	1	320	1	320	0.0	635
MDB4231788.1	QIZ21162.1	94.041	386	23	0	1	386	1	386	0.0	731
MDB4231789.1	QIZ21163.1	97.251	291	8	0	1	291	1	291	0.0	572
MDB4231790.1	QIZ21164.1	89.360	968	102	1	1	967	1	968	0.0	1837
MDB4231791.1	QIZ21165.1	96.000	425	17	0	1	425	1	425	0.0	823
MDB4231792.1	QIZ21166.1	100.000	68	0	0	1	68	1	68	6.11e-45	145
MDB4231794.1	QIZ21496.1	98.529	68	1	0	1	68	1	68	8.57e-47	139
MDB4231795.1	QIZ21497.1	94.839	155	8	0	1	155	1	155	4.85e-108	300
MDB4231796.1	QIZ21498.1	95.402	348	16	0	1	348	1	348	0.0	656
MDB4231797.1	QIZ21499.1	94.479	163	9	0	1	163	1	163	3.43e-111	309
MDB4231798.1	QIZ21500.1	97.214	323	9	0	1	323	1	323	0.0	653
MDB4231799.1	QIZ21501.1	97.636	550	13	0	1	550	1	550	0.0	1107
MDB4231800.1	QIZ21502.1	97.537	203	5	0	1	203	1	203	2.68e-144	395
MDB4231802.1	QIZ21503.1	98.343	181	3	0	1	181	1	181	1.16e-125	347
MDB4231805.1	QIZ21356.1	32.934	501	302	11	508	986	231	719	1.98e-67	236
MDB4231806.1	QIZ21504.1	99.115	452	4	0	1	452	1	452	0.0	936
MDB4231807.1	QIZ21505.1	97.934	242	5	0	1	242	1	242	1.55e-177	483
MDB4231808.1	QIZ21506.1	72.040	397	111	0	26	422	1	397	0.0	630
MDB4231809.1	QIZ21508.1	96.774	124	4	0	15	138	1	124	5.36e-91	255
MDB4231810.1	QIZ21509.1	93.870	261	16	0	1	261	1	261	0.0	499
MDB4231811.1	QIZ21510.1	51.128	133	65	0	1	133	6	138	2.76e-45	140
MDB4231815.1	QIZ21511.1	86.772	189	25	0	1	189	1	189	1.10e-125	347
MDB4231816.1	QIZ21512.1	71.304	115	33	0	1	115	52	166	3.65e-61	180
MDB4231817.1	QIZ21513.1	94.568	810	44	0	1	810	1	810	0.0	1583
MDB4231818.1	QIZ21514.1	87.550	249	31	0	1	249	1	249	1.44e-162	446
MDB4231819.1	QIZ21515.1	89.590	317	33	0	1	317	1	317	0.0	596
MDB4231820.1	QIZ21516.1	96.846	539	17	0	1	539	1	539	0.0	1090
MDB4231821.1	QIZ21517.1	70.833	72	21	0	1	72	1	72	6.43e-33	103
MDB4231822.1	QIZ21518.1	74.448	317	81	0	1	317	1	317	1.44e-176	487
MDB4231823.1	QIZ21344.1	62.411	282	105	1	1	281	1	282	6.40e-124	350
MDB4231825.1	QIZ21519.1	89.516	124	13	0	1	124	1	124	2.41e-83	235
MDB4231826.1	QIZ20620.1	40.541	148	86	2	2	149	47	192	3.70e-33	112
MDB4231827.1	QIZ20885.1	83.750	80	13	0	1	80	1	80	1.11e-41	130
MDB4231828.1	QIZ20884.1	96.154	312	12	0	12	323	12	323	0.0	591
MDB4231829.1	QIZ20883.1	97.537	203	5	0	1	203	1	203	2.05e-148	406
MDB4231830.1	QIZ20882.1	95.963	322	13	0	1	322	1	322	0.0	637
MDB4231831.1	QIZ20881.1	93.373	166	11	0	1	166	1	166	1.88e-116	322
MDB4231832.1	QIZ20880.1	100.000	270	0	0	1	270	1	270	0.0	530
MDB4231833.1	QIZ20879.1	95.361	388	18	0	1	388	1	388	0.0	726
MDB4231834.1	QIZ20878.1	95.455	308	14	0	1	308	1	308	0.0	598
MDB4231835.1	QIZ20877.1	96.296	189	7	0	1	189	1	189	3.06e-134	369
MDB4231836.1	QIZ20876.1	96.341	246	9	0	1	246	1	246	3.92e-174	474
MDB4231837.1	QIZ20875.1	98.188	276	5	0	1	276	1	276	0.0	556
MDB4231838.1	QIZ20874.1	96.768	557	18	0	1	557	1	557	0.0	1075
MDB4231839.1	QIZ20873.1	99.048	105	1	0	1	105	1	105	5.15e-71	202
MDB4231840.1	QIZ20872.1	99.507	203	1	0	1	203	1	203	5.08e-149	407
MDB4231841.1	QIZ20871.1	95.089	733	36	0	1	733	1	733	0.0	1452
MDB4231842.1	QIZ20870.1	94.022	368	22	0	1	368	1	368	0.0	713
MDB4231843.1	QIZ20869.1	93.450	855	48	3	1	854	1	848	0.0	1614
MDB4231844.1	QIZ20868.1	92.148	433	34	0	1	433	1	433	0.0	807
MDB4231845.1	QIZ20867.1	89.510	143	15	0	1	143	1	143	5.49e-85	241
MDB4231846.1	QIZ20866.1	93.750	240	15	0	1	240	1	240	1.75e-164	450
MDB4231847.1	QIZ20865.1	96.278	403	15	0	1	403	1	403	0.0	784
MDB4231848.1	QIZ20864.1	97.541	366	9	0	1	366	1	366	0.0	721
MDB4231849.1	QIZ20863.1	97.759	357	8	0	1	357	1	357	0.0	706
MDB4231850.1	QIZ20862.1	92.857	280	20	0	1	280	1	280	0.0	514
MDB4231851.1	QIZ20861.1	90.411	146	12	2	1	145	1	145	1.32e-82	236
MDB4231852.1	QIZ20860.1	95.652	207	9	0	1	207	226	432	8.27e-148	414
MDB4231853.1	QIZ20524.1	94.444	216	12	0	1	216	172	387	3.58e-139	390
MDB4231854.1	QIZ20523.1	94.054	185	11	0	1	185	1	185	1.36e-117	327
MDB4231855.1	QIZ20522.1	91.406	256	22	0	1	256	1	256	2.83e-166	456
MDB4231856.1	QIZ20521.1	86.364	132	18	0	1	132	1	132	1.71e-86	244
MDB4231857.1	QIZ20520.1	95.833	264	11	0	1	264	1	264	0.0	526
MDB4231858.1	QIZ20519.1	98.718	156	2	0	1	156	1	156	2.37e-118	326
MDB4231859.1	QIZ20518.1	99.354	619	4	0	1	619	1	619	0.0	1296
MDB4231860.1	QIZ20517.1	93.103	116	8	0	1	116	1	116	4.88e-78	221
MDB4231861.1	QIZ20516.1	94.150	359	21	0	1	359	1	359	0.0	620
MDB4231862.1	QIZ20514.1	65.460	359	120	2	1	356	1	358	9.21e-157	440
MDB4231863.1	QIZ20513.1	95.103	388	19	0	1	388	1	388	0.0	775
MDB4231864.1	QIZ20512.1	97.872	94	2	0	1	94	1	94	1.96e-63	182
MDB4231865.1	QIZ20511.1	99.492	591	3	0	1	591	4	594	0.0	1221
MDB4231866.1	QIZ20510.1	91.014	434	39	0	1	434	1	434	0.0	814
MDB4231867.1	QIZ20508.1	95.503	845	38	0	1	845	17	861	0.0	1531
MDB4231868.1	QIZ20507.1	98.190	221	4	0	1	221	1	221	8.57e-159	434
MDB4231869.1	QIZ20506.1	90.196	204	20	0	1	204	1	204	6.59e-135	372
MDB4231871.1	QIZ20500.1	92.946	241	17	0	1	241	143	383	2.24e-176	486
MDB4231872.1	QIZ21239.1	92.661	109	8	0	1	109	797	905	1.07e-64	205
MDB4231873.1	QIZ21240.1	92.121	165	13	0	1	165	1	165	7.71e-97	273
MDB4231874.1	QIZ21241.1	79.389	131	20	3	1	130	1	125	1.11e-53	162
MDB4231875.1	QIZ21242.1	93.404	379	25	0	1	379	1	379	0.0	666
MDB4231876.1	QIZ21243.1	87.701	187	23	0	1	187	1	187	5.10e-106	298
MDB4231877.1	QIZ21244.1	91.924	421	34	0	1	421	1	421	0.0	786
MDB4231878.1	QIZ21245.1	93.548	62	4	0	1	62	1	62	2.18e-39	119
MDB4231879.1	QIZ21246.1	91.608	286	24	0	1	286	1	286	0.0	526
MDB4231880.1	QIZ21247.1	90.446	314	30	0	1	314	1	314	0.0	568
MDB4231881.1	QIZ21248.1	92.143	420	33	0	1	420	1	420	0.0	725
MDB4231882.1	QIZ21249.1	86.701	579	77	0	1	579	1	579	0.0	1030
MDB4231883.1	QIZ21250.1	92.683	287	21	0	1	287	1	287	0.0	535
MDB4231884.1	QIZ21251.1	98.507	134	2	0	1	134	1	134	1.91e-98	274
MDB4231885.1	QIZ21252.1	98.457	324	5	0	1	324	1	324	0.0	644
MDB4231886.1	QIZ21253.1	95.341	279	13	0	1	279	1	279	0.0	544
MDB4231887.1	QIZ21254.1	100.000	79	0	0	1	79	1	79	5.85e-57	165
MDB4231888.1	QIZ21255.1	98.319	119	2	0	1	119	1	119	9.31e-84	236
MDB4231889.1	QIZ21256.1	94.091	220	13	0	1	220	1	220	3.95e-145	399
MDB4231890.1	QIZ21257.1	92.275	233	18	0	1	233	1	233	1.77e-155	426
MDB4231891.1	QIZ21258.1	94.834	271	14	0	1	271	1	271	0.0	512
MDB4231892.1	QIZ21259.1	98.713	544	7	0	1	544	1	544	0.0	1079
MDB4231893.1	QIZ21260.1	96.694	242	8	0	1	242	1	242	1.29e-172	473
MDB4231894.1	QIZ21520.1	95.918	147	6	0	1	147	1	147	4.09e-106	295
MDB4231895.1	QIZ21521.1	88.119	202	24	0	1	202	1	202	2.85e-140	385
MDB4231896.1	QIZ21522.1	72.973	333	90	0	1	333	1	333	0.0	523
MDB4231897.1	QIZ21523.1	97.627	295	7	0	1	295	1	295	0.0	597
MDB4231898.1	QIZ21524.1	90.966	476	43	0	1	476	1	476	0.0	901
MDB4231900.1	QIZ21525.1	97.647	425	9	1	1	424	1	425	0.0	865
MDB4231901.1	QIZ21527.1	76.696	339	79	0	1	339	1	339	0.0	564
MDB4231902.1	QIZ21530.1	84.544	537	78	2	3	538	4	536	0.0	871
MDB4231903.1	QIZ21531.1	89.489	352	37	0	1	352	1	352	0.0	621
MDB4231904.1	QIZ21532.1	87.069	232	30	0	1	232	1	232	6.30e-133	369
MDB4231905.1	QIZ21533.1	78.431	102	22	0	1	102	1	102	1.70e-57	168
MDB4231906.1	QIZ21214.1	27.758	281	192	3	13	290	8	280	6.38e-28	105
MDB4231907.1	QIZ21534.1	49.038	104	52	1	18	121	18	120	7.58e-33	107
MDB4231909.1	QIZ21536.1	71.556	225	64	0	1	225	1	225	4.46e-122	346
MDB4231911.1	QIZ21537.1	93.671	316	20	0	1	316	1	316	0.0	565
MDB4231912.1	QIZ21538.1	84.810	237	36	0	1	237	1	237	1.88e-138	384
MDB4231914.1	QIZ20332.1	99.342	152	1	0	1	152	1	152	6.11e-110	305
MDB4231915.1	QIZ20331.1	98.165	436	8	0	1	436	1	436	0.0	889
MDB4231916.1	QIZ20330.1	88.652	141	16	0	1	141	1	141	1.89e-92	259
MDB4231917.1	QIZ20329.1	91.549	213	18	0	1	213	1	213	2.89e-153	419
MDB4231918.1	QIZ20328.1	96.657	329	11	0	1	329	1	329	0.0	649
MDB4231919.1	QIZ20327.1	97.345	226	6	0	1	226	1	226	6.57e-161	439
MDB4231920.1	QIZ20326.1	95.946	222	9	0	1	222	1	222	4.09e-153	419
MDB4231921.1	QIZ20325.1	95.902	244	10	0	1	244	1	244	5.27e-173	472
MDB4231922.1	QIZ20324.1	95.312	128	6	0	1	128	1	128	4.09e-83	235
MDB4231923.1	QIZ20323.1	92.469	239	18	0	1	239	1	239	1.55e-152	419
MDB4231924.1	QIZ20322.1	97.949	195	4	0	1	195	1	195	1.85e-137	378
MDB4231925.1	QIZ20321.1	98.803	585	7	0	1	585	1	585	0.0	1181
MDB4231926.1	QIZ20320.1	93.642	173	11	0	1	173	1	173	7.49e-116	321
MDB4231927.1	QIZ20319.1	98.718	156	2	0	1	156	1	156	2.00e-112	311
MDB4231928.1	QIZ20318.1	93.515	293	19	0	1	293	1	293	0.0	568
MDB4231929.1	QIZ20317.1	94.158	736	43	0	1	736	1	736	0.0	1418
MDB4231930.1	QIZ20316.1	98.321	417	7	0	1	417	1	417	0.0	852
MDB4231931.1	QIZ20315.1	97.802	91	2	0	1	91	1	91	3.21e-67	192
MDB4231932.1	QIZ20314.1	92.683	246	18	0	1	246	1	246	3.04e-168	486
MDB4231933.1	QIZ20384.1	89.610	77	8	0	1	77	1	77	4.95e-48	145
MDB4231934.1	QIZ20385.1	96.349	849	31	0	1	849	1	849	0.0	1644
MDB4231935.1	QIZ20386.1	98.693	153	2	0	1	153	1	153	7.40e-112	310
MDB4231936.1	QIZ20387.1	98.644	959	13	0	1	959	1	959	0.0	1943
MDB4231937.1	QIZ20388.1	93.909	197	12	0	1	197	1	197	2.90e-138	380
MDB4231938.1	QIZ20389.1	97.288	295	8	0	1	295	1	295	0.0	563
MDB4231939.1	QIZ20390.1	95.358	517	24	0	1	517	1	517	0.0	988
MDB4231940.1	QIZ20391.1	100.000	94	0	0	1	94	1	94	1.87e-64	185
MDB4231941.1	QIZ20392.1	96.420	419	15	0	1	419	1	419	0.0	828
MDB4231942.1	QIZ20393.1	96.825	252	8	0	1	252	1	252	1.15e-178	487
MDB4231943.1	QIZ20394.1	94.521	73	4	0	1	73	1	73	1.26e-39	121
MDB4231944.1	QIZ20395.1	95.588	68	3	0	1	68	1	68	2.41e-43	130
MDB4231945.1	QIZ20396.1	96.444	225	8	0	9	233	12	236	1.68e-163	447
MDB4231946.1	QIZ20397.1	97.561	246	6	0	1	246	1	246	3.99e-176	480
MDB4231947.1	QIZ20398.1	95.570	316	14	0	1	316	1	316	0.0	602
MDB4231948.1	QIZ20399.1	90.805	87	8	0	1	87	1	87	1.54e-50	149
MDB4231949.1	QIZ20400.1	96.667	330	11	0	1	330	248	577	0.0	654
MDB4231950.1	QIZ20401.1	97.475	198	5	0	1	198	1	198	1.14e-141	395
MDB4231951.1	QIZ20402.1	100.000	105	0	0	1	105	1	105	1.52e-73	209
MDB4231952.1	QIZ20403.1	96.899	258	8	0	1	258	1	258	0.0	517
MDB4231953.1	QIZ20404.1	97.892	332	7	0	1	332	1	332	0.0	658
MDB4231954.1	QIZ20405.1	98.496	133	2	0	1	133	1	133	9.79e-95	265
MDB4231955.1	QIZ20406.1	98.876	267	3	0	1	267	1	267	0.0	504
MDB4231956.1	QIZ20407.1	98.805	251	3	0	1	251	1	251	0.0	506
MDB4231957.1	QIZ20408.1	86.944	360	11	2	1	324	1	360	0.0	610
MDB4231958.1	QIZ20409.1	100.000	73	0	0	1	73	1	73	7.03e-47	139
MDB4231959.1	QIZ20410.1	98.605	215	3	0	1	215	1	215	3.36e-153	419
MDB4231960.1	QIZ20411.1	99.687	319	1	0	1	319	3	321	0.0	638
MDB4231961.1	QIZ20412.1	95.511	401	18	0	1	401	1	401	0.0	747
MDB4231962.1	QIZ20413.1	99.126	572	5	0	1	572	1	572	0.0	1164
MDB4231963.1	QIZ20414.1	95.200	875	42	0	1	875	1	875	0.0	1710
MDB4231965.1	QIZ20435.1	96.753	154	5	0	1	154	1	154	3.29e-99	289
MDB4231966.1	QIZ20434.1	95.102	245	12	0	1	245	1	245	2.79e-173	473
MDB4231967.1	QIZ20433.1	96.000	100	4	0	1	100	1	100	2.95e-65	187
MDB4231968.1	QIZ20432.1	96.654	538	18	0	1	538	1	538	0.0	1059
MDB4231969.1	QIZ20431.1	98.540	274	4	0	1	274	1	274	0.0	558
MDB4231970.1	QIZ20430.1	96.172	418	16	0	1	418	1	418	0.0	788
MDB4231971.1	QIZ20429.1	95.000	100	5	0	1	100	1	100	1.31e-61	178
MDB4231972.1	QIZ20428.1	98.701	308	4	0	1	308	1	308	0.0	631
MDB4231973.1	QIZ20427.1	95.172	145	7	0	1	145	1	145	4.63e-101	281
MDB4231974.1	QIZ20426.1	70.073	137	41	0	20	156	16	152	2.79e-65	192
MDB4231975.1	QIZ20425.1	92.814	167	12	0	1	167	1	167	1.28e-104	292
MDB4231976.1	QIZ20424.1	91.375	371	32	0	1	371	1	371	0.0	626
MDB4231977.1	QIZ20423.1	94.941	593	30	0	1	593	1	593	0.0	1053
MDB4231978.1	QIZ20422.1	95.344	451	21	0	1	451	1	451	0.0	847
MDB4231979.1	QIZ20421.1	96.760	463	15	0	1	463	1	463	0.0	893
MDB4231980.1	QIZ20420.1	93.886	229	14	0	1	229	1	229	1.67e-127	364
MDB4231981.1	QIZ21085.1	24.755	408	281	11	1	392	273	670	1.98e-31	121
MDB4231982.1	QIZ21314.1	28.158	380	235	17	1	354	3	370	4.10e-34	126
MDB4231985.1	QIZ20976.1	97.163	141	4	0	1	141	1	141	1.01e-101	283
MDB4231986.1	QIZ20975.1	94.684	395	21	0	1	395	1	395	0.0	769
MDB4231987.1	QIZ20974.1	97.727	1012	23	0	1	1012	1	1012	0.0	2062
MDB4231988.1	QIZ20973.1	91.489	423	36	0	1	423	1	423	0.0	784
MDB4231989.1	QIZ20972.1	95.217	230	11	0	1	230	1	230	4.22e-160	441
MDB4231990.1	QIZ21239.1	98.080	729	14	0	1	729	1	729	0.0	1494
MDB4231991.1	QIZ21238.1	94.754	305	16	0	1	305	1	305	0.0	569
MDB4231992.1	QIZ21237.1	95.221	272	13	0	1	272	1	272	0.0	529
MDB4231993.1	QIZ21236.1	100.000	96	0	0	1	96	1	96	1.33e-65	188
MDB4231994.1	QIZ21235.1	99.460	556	2	1	1	556	1	555	0.0	1089
MDB4231995.1	QIZ20958.1	36.000	200	106	5	33	219	32	222	1.85e-31	110
MDB4231997.1	QIZ21234.1	85.342	614	25	3	1	549	1	614	0.0	993
MDB4231998.1	QIZ21233.1	99.671	608	2	0	1	608	1	608	0.0	1235
MDB4231999.1	QIZ21232.1	93.506	154	10	0	1	154	62	215	8.80e-97	274
MDB4232000.1	QIZ20435.1	90.123	243	24	0	1	243	231	473	8.39e-152	427
MDB4232001.1	QIZ20436.1	95.868	484	20	0	1	484	1	484	0.0	894
MDB4232002.1	QIZ20437.1	94.241	191	11	0	1	191	1	191	5.67e-131	361
MDB4232003.1	QIZ20438.1	95.758	330	14	0	1	330	1	330	0.0	636
MDB4232004.1	QIZ20439.1	94.677	263	14	0	1	263	1	263	5.39e-169	463
MDB4232005.1	QIZ20440.1	97.778	225	5	0	1	225	1	225	8.62e-163	444
MDB4232006.1	QIZ20441.1	94.635	466	25	0	1	466	1	466	0.0	909
MDB4232007.1	QIZ20442.1	93.386	378	25	0	1	378	1	378	0.0	676
MDB4232008.1	QIZ20443.1	90.421	261	25	0	1	261	1	261	1.27e-151	419
MDB4232009.1	QIZ20444.1	93.846	260	16	0	1	260	1	260	0.0	499
MDB4232010.1	QIZ20445.1	89.571	326	34	0	1	326	1	326	0.0	582
MDB4232011.1	QIZ20446.1	95.890	146	6	0	1	146	1	146	1.15e-104	291
MDB4232012.1	QIZ20920.1	55.294	85	38	0	1	85	144	228	4.14e-27	94.4
MDB4232014.1	QIZ20908.1	54.148	229	98	3	1	222	1	229	4.18e-78	230
MDB4232015.1	QIZ20898.1	35.639	477	296	7	3	475	4	473	7.57e-99	301
MDB4232016.1	QIZ20897.1	59.813	107	40	2	1	105	1	106	2.93e-43	132
MDB4232017.1	QIZ20896.1	48.592	426	211	6	1	422	1	422	2.07e-140	404
MDB4232018.1	QIZ20895.1	88.961	308	34	0	1	308	1	308	0.0	585
MDB4232019.1	QIZ20894.1	97.358	265	7	0	1	265	1	265	0.0	516
MDB4232020.1	QIZ20893.1	97.613	377	9	0	1	377	34	410	0.0	756
MDB4232021.1	QIZ20971.1	93.213	221	15	0	1	221	1	221	9.27e-142	392
MDB4232022.1	QIZ20970.1	97.077	479	14	0	1	479	1	479	0.0	957
MDB4232023.1	QIZ20969.1	98.068	1501	29	0	1	1501	1	1501	0.0	3046
MDB4232024.1	QIZ20886.1	97.674	258	6	0	1	258	1	258	0.0	505
MDB4232025.1	QIZ20887.1	94.340	424	24	0	19	442	19	442	0.0	781
MDB4232026.1	QIZ20888.1	94.660	206	11	0	12	217	12	217	2.27e-136	377
MDB4232027.1	QIZ20889.1	98.090	576	11	0	1	576	1	576	0.0	1145
MDB4232028.1	QIZ20890.1	97.895	95	2	0	1	95	1	95	9.58e-66	188
MDB4232029.1	QIZ20891.1	93.450	229	15	0	1	229	2	230	6.19e-158	432
MDB4232030.1	QIZ20892.1	95.429	175	8	0	1	175	1	175	2.55e-123	342
MDB4232031.1	QIZ20692.1	69.108	314	97	0	4	317	12	325	5.37e-169	474
MDB4232032.1	QIZ20691.1	96.638	922	31	0	1	922	1	922	0.0	1877
MDB4232033.1	QIZ20690.1	94.022	552	33	0	1	552	1	552	0.0	1049
MDB4232034.1	QIZ20689.1	77.434	226	51	0	1	226	51	276	3.11e-130	364
MDB4232035.1	QIZ20379.1	95.710	373	16	0	5	377	311	683	0.0	729
MDB4232036.1	QIZ20380.1	96.078	204	8	0	1	204	1	204	1.06e-133	369
MDB4232037.1	QIZ20381.1	96.727	275	9	0	1	275	1	275	0.0	559
MDB4232038.1	QIZ20382.1	96.216	370	14	0	1	370	1	370	0.0	736
MDB4232039.1	QIZ20383.1	97.419	155	4	0	1	155	30	184	8.04e-112	311
MDB4232040.1	QIZ21475.1	100.000	60	0	0	1	60	88	147	1.82e-38	120
MDB4232041.1	QIZ21476.1	100.000	124	0	0	1	124	1	124	9.59e-89	249
MDB4232042.1	QIZ21477.1	95.531	179	8	0	1	179	5	183	1.06e-109	306
MDB4232043.1	QIZ21478.1	98.834	343	4	0	1	343	1	343	0.0	690
MDB4232044.1	QIZ21479.1	99.213	508	4	0	1	508	1	508	0.0	1018
MDB4232044.1	QIZ21479.1	29.864	221	154	1	172	391	495	715	4.28e-28	114
MDB4232046.1	QIZ20710.1	32.645	242	152	5	8	247	3	235	7.75e-32	113
MDB4232050.1	QIZ20452.1	93.993	283	17	0	1	283	1	283	0.0	526
MDB4232051.1	QIZ20451.1	95.628	183	8	0	1	183	1	183	1.35e-127	352
MDB4232052.1	QIZ20450.1	85.333	225	33	0	1	225	1	225	1.09e-123	345
MDB4232053.1	QIZ20449.1	81.592	201	37	0	1	201	1	201	1.05e-102	291
MDB4232054.1	QIZ20419.1	100.000	346	0	0	1	346	1	346	0.0	714
MDB4232055.1	QIZ20418.1	96.850	381	12	0	1	381	1	381	0.0	735
MDB4232056.1	QIZ20333.1	94.186	172	10	0	1	172	26	197	3.14e-117	326
MDB4232057.1	QIZ20334.1	98.907	366	4	0	1	366	1	366	0.0	716
MDB4232058.1	QIZ20335.1	98.438	128	2	0	1	128	1	128	7.28e-90	252
MDB4232059.1	QIZ20336.1	98.876	89	1	0	1	89	1	89	8.33e-62	179
MDB4232060.1	QIZ20752.1	99.187	123	1	0	1	123	238	360	1.82e-85	249
MDB4232061.1	QIZ20753.1	97.479	595	15	0	1	595	43	637	0.0	1196
MDB4232062.1	QIZ20416.1	98.333	240	4	0	1	240	5	244	1.81e-177	483
MDB4232063.1	QIZ20417.1	98.575	351	5	0	1	351	76	426	0.0	697
