MDC3065390.1	QIZ21162.1	94.309	123	7	0	1	123	264	386	1.24e-76	227
MDC3065391.1	QIZ21163.1	88.316	291	34	0	1	291	1	291	8.47e-180	493
MDC3065392.1	QIZ21164.1	78.822	968	194	3	1	957	1	968	0.0	1639
MDC3065393.1	QIZ21165.1	75.000	428	104	2	1	428	1	425	0.0	650
MDC3065394.1	QIZ21166.1	82.403	466	82	0	1	466	1	466	0.0	800
MDC3065396.1	QIZ21167.1	73.425	651	173	0	1	651	1	651	0.0	1008
MDC3065397.1	QIZ21168.1	65.946	185	63	0	1	185	1	185	2.85e-80	232
MDC3065398.1	QIZ21169.1	92.172	511	40	0	1	511	1	511	0.0	978
MDC3065399.1	QIZ21170.1	85.911	291	41	0	1	291	1	291	0.0	514
MDC3065400.1	QIZ21171.1	94.280	472	27	0	1	472	1	472	0.0	910
MDC3065401.1	QIZ21172.1	74.615	130	33	0	1	130	1	130	3.50e-67	195
MDC3065402.1	QIZ21173.1	76.974	152	35	0	7	158	7	158	1.07e-87	249
MDC3065403.1	QIZ21174.1	80.055	361	72	0	15	375	19	379	0.0	598
MDC3065404.1	QIZ21175.1	77.586	116	26	0	1	116	1	116	1.47e-62	182
MDC3065405.1	QIZ21176.1	66.471	170	57	0	2	171	11	180	3.41e-75	219
MDC3065406.1	QIZ21177.1	67.548	416	135	0	1	416	1	416	0.0	547
MDC3065407.1	QIZ21178.1	73.098	368	99	0	1	368	1	368	0.0	539
MDC3065408.1	QIZ21179.1	76.453	327	77	0	1	327	1	327	9.57e-180	496
MDC3065409.1	QIZ21180.1	94.048	84	5	0	1	84	1	84	4.96e-53	155
MDC3065410.1	QIZ21181.1	78.862	123	26	0	1	123	1	123	4.09e-72	207
MDC3065411.1	QIZ21182.1	67.364	239	78	0	1	239	1	239	8.95e-123	344
MDC3065412.1	QIZ21183.1	69.543	197	60	0	1	197	1	197	9.41e-96	273
MDC3065413.1	QIZ21184.1	80.323	371	73	0	1	371	1	371	0.0	631
MDC3065414.1	QIZ21185.1	68.820	356	111	0	2	357	5	360	0.0	512
MDC3065415.1	QIZ21186.1	67.785	298	96	0	1	298	1	298	7.60e-151	420
MDC3065416.1	QIZ21187.1	57.028	249	103	2	1	248	1	246	1.27e-91	266
MDC3065417.1	QIZ21188.1	82.314	458	81	0	1	458	1	458	0.0	713
MDC3065418.1	QIZ21189.1	78.586	481	101	1	1	479	1	481	0.0	727
MDC3065419.1	QIZ21190.1	83.269	520	87	0	1	520	6	525	0.0	891
MDC3065420.1	QIZ21191.1	70.286	350	104	0	1	350	1	350	4.27e-179	496
MDC3065421.1	QIZ21192.1	86.598	97	13	0	1	97	1	97	2.08e-50	150
MDC3065422.1	QIZ21193.1	83.889	180	29	0	1	180	1	180	4.40e-108	302
MDC3065423.1	QIZ21194.1	90.378	291	28	0	19	309	1	291	0.0	525
MDC3065424.1	QIZ21195.1	90.462	346	33	0	1	346	1	346	0.0	645
MDC3065425.1	QIZ21196.1	78.680	394	82	1	1	394	1	392	0.0	655
MDC3065426.1	QIZ21197.1	91.160	181	16	0	7	187	7	187	1.15e-122	340
MDC3065427.1	QIZ21198.1	65.027	183	64	0	1	183	1	183	8.08e-88	251
MDC3065428.1	QIZ21200.1	82.251	924	164	0	1	924	1	924	0.0	1564
MDC3065429.1	QIZ21201.1	90.638	235	22	0	1	235	1	235	2.51e-158	434
MDC3065430.1	QIZ21202.1	69.141	512	155	2	1	511	1	510	0.0	678
MDC3065431.1	QIZ21204.1	54.362	149	68	0	1	149	1	149	1.25e-53	162
MDC3065432.1	QIZ21205.1	56.958	309	132	1	3	310	7	315	2.20e-115	332
MDC3065433.1	QIZ21206.1	59.292	226	92	0	1	226	1	226	1.52e-93	270
MDC3065434.1	QIZ21207.1	65.126	238	82	1	1	237	1	238	6.60e-114	322
MDC3065435.1	QIZ21208.1	53.782	119	55	0	8	126	5	123	1.04e-43	135
MDC3065436.1	QIZ21209.1	79.397	199	41	0	1	199	1	199	1.60e-120	335
MDC3065437.1	QIZ21210.1	78.056	1039	228	0	1	1039	1	1039	0.0	1619
MDC3065438.1	QIZ21211.1	53.287	289	135	0	1	289	1	289	1.90e-107	310
MDC3065439.1	QIZ21212.1	64.684	269	94	1	1	269	1	268	3.53e-133	373
MDC3065440.1	QIZ21213.1	79.592	147	30	0	1	147	1	147	2.81e-88	249
MDC3065441.1	QIZ21214.1	76.190	294	70	0	1	294	1	294	3.01e-162	449
MDC3065442.1	QIZ21215.1	77.725	211	47	0	1	211	1	211	2.47e-125	348
MDC3065443.1	QIZ21216.1	66.327	98	33	0	1	98	1	98	4.34e-48	144
MDC3065444.1	QIZ21217.1	87.640	178	22	0	1	178	1	178	1.69e-120	333
MDC3065445.1	QIZ21218.1	91.284	436	38	0	1	436	1	436	0.0	801
MDC3065446.1	QIZ21219.1	65.116	86	30	0	1	86	16	101	1.42e-40	125
MDC3065448.1	QIZ21220.1	80.608	691	134	0	1	691	1	691	0.0	1161
MDC3065449.1	QIZ21221.1	70.000	150	44	1	1	149	18	167	5.23e-64	189
MDC3065450.1	QIZ21222.1	27.692	325	215	7	1	321	1	309	1.84e-28	107
MDC3065451.1	QIZ21223.1	70.748	294	86	0	1	294	1	294	3.13e-156	433
MDC3065452.1	QIZ21224.1	83.081	396	66	1	11	405	1	396	0.0	702
MDC3065454.1	QIZ21226.1	76.522	115	27	0	1	115	1	115	5.38e-64	186
MDC3065455.1	QIZ21228.1	83.617	470	77	0	1	470	1	470	0.0	832
MDC3065456.1	QIZ21229.1	70.387	439	129	1	1	438	1	439	0.0	602
MDC3065457.1	QIZ21230.1	68.111	323	103	0	1	323	1	323	6.77e-159	442
MDC3065458.1	QIZ21231.1	69.027	226	70	0	1	226	1	226	1.82e-121	340
MDC3065459.1	QIZ21232.1	75.814	215	52	0	1	215	1	215	1.71e-117	329
MDC3065460.1	QIZ21233.1	89.726	584	60	0	1	584	21	604	0.0	1082
MDC3065461.1	QIZ20485.1	70.769	65	19	0	1	65	1	65	3.28e-30	105
MDC3065462.1	QIZ20487.1	76.082	439	105	0	4	442	2	440	0.0	652
MDC3065463.1	QIZ20488.1	56.796	206	75	2	8	200	15	219	6.53e-69	206
MDC3065464.1	QIZ20489.1	60.440	364	143	1	1	364	1	363	3.86e-166	464
MDC3065465.1	QIZ20495.1	85.311	531	78	0	1	531	1	531	0.0	973
MDC3065466.1	QIZ20496.1	82.474	194	34	0	1	194	1	194	5.73e-104	293
MDC3065467.1	QIZ20497.1	63.137	255	91	1	1	255	1	252	6.64e-110	313
MDC3065468.1	QIZ20498.1	61.940	268	97	2	1	267	1	264	4.20e-108	309
MDC3065470.1	QIZ20511.1	92.088	594	47	0	1	594	1	594	0.0	1144
MDC3065471.1	QIZ20512.1	82.979	94	16	0	1	94	1	94	1.95e-54	160
MDC3065472.1	QIZ20513.1	93.557	388	25	0	1	388	1	388	0.0	765
MDC3065473.1	QIZ20516.1	81.127	355	67	0	1	355	1	355	0.0	523
MDC3065474.1	QIZ20517.1	75.000	116	29	0	1	116	1	116	2.46e-63	184
MDC3065475.1	QIZ20518.1	94.507	619	34	0	1	619	1	619	0.0	1221
MDC3065476.1	QIZ20519.1	90.385	156	15	0	1	156	1	156	9.65e-109	302
MDC3065477.1	QIZ20520.1	73.864	264	69	0	1	264	1	264	3.93e-154	426
MDC3065478.1	QIZ20521.1	77.863	131	29	0	1	131	1	131	1.49e-75	216
MDC3065479.1	QIZ20522.1	59.336	241	98	0	2	242	16	256	5.33e-99	285
MDC3065480.1	QIZ20523.1	76.216	185	44	0	1	185	1	185	1.94e-89	255
MDC3065481.1	QIZ20524.1	74.036	389	93	3	1	383	1	387	0.0	542
MDC3065482.1	QIZ20525.1	91.848	184	15	0	3	186	223	406	9.34e-119	338
MDC3065483.1	QIZ20525.1	72.072	222	62	0	1	222	1	222	2.42e-104	304
MDC3065484.1	QIZ20526.1	79.795	391	79	0	14	404	1	391	0.0	656
MDC3065485.1	QIZ20527.1	74.255	369	93	2	4	371	3	370	0.0	563
MDC3065486.1	QIZ20528.1	81.481	54	10	0	1	54	13	66	4.43e-26	85.9
MDC3065487.1	QIZ20529.1	61.089	257	97	2	1	256	1	255	4.86e-111	316
MDC3065488.1	QIZ20530.1	73.913	184	48	0	4	187	1	184	2.12e-104	293
MDC3065489.1	QIZ20531.1	58.599	157	65	0	1	157	1	157	2.20e-65	192
MDC3065490.1	QIZ20532.1	58.115	191	78	1	8	198	1	189	6.76e-78	227
MDC3065491.1	QIZ20533.1	74.016	127	33	0	1	127	1	127	1.63e-68	198
MDC3065492.1	QIZ20535.1	61.280	328	127	0	3	330	4	331	3.24e-148	416
MDC3065493.1	QIZ20537.1	63.510	433	158	0	1	433	1	433	6.64e-180	504
MDC3065494.1	QIZ20538.1	91.209	91	8	0	1	91	1	91	3.57e-59	171
MDC3065495.1	QIZ20539.1	79.675	369	75	0	1	369	1	369	0.0	602
MDC3065496.1	QIZ21225.1	49.045	157	78	2	27	182	25	180	5.01e-46	145
MDC3065498.1	QIZ21524.1	87.185	476	61	0	1	476	1	476	0.0	875
MDC3065500.1	QIZ21525.1	91.765	425	34	1	1	424	1	425	0.0	820
MDC3065504.1	QIZ20540.1	81.961	255	46	0	1	255	1	255	1.04e-153	424
MDC3065505.1	QIZ20541.1	75.484	310	76	0	1	310	1	310	1.89e-175	483
MDC3065506.1	QIZ20542.1	48.109	476	243	2	3	474	2	477	1.14e-145	422
MDC3065507.1	QIZ20586.1	86.979	192	25	0	1	192	1	192	1.76e-124	345
MDC3065508.1	QIZ20587.1	75.745	235	57	0	1	235	1	235	5.43e-125	350
MDC3065509.1	QIZ20591.1	54.122	279	128	0	1	279	1	279	1.64e-109	314
MDC3065510.1	QIZ20599.1	61.000	300	117	0	1	300	1	300	3.94e-144	403
MDC3065512.1	QIZ21401.1	24.754	509	344	14	64	557	51	535	3.25e-28	114
MDC3065513.1	QIZ20606.1	79.958	479	96	0	1	479	1	479	0.0	826
MDC3065515.1	QIZ20501.1	47.484	318	165	1	6	321	3	320	8.25e-101	295
MDC3065518.1	QIZ21298.1	67.556	225	61	3	1	225	13	225	5.18e-97	278
MDC3065519.1	QIZ21297.1	81.183	186	35	0	1	186	1	186	1.10e-114	319
MDC3065520.1	QIZ21296.1	85.434	357	52	0	1	357	1	357	0.0	632
MDC3065521.1	QIZ21295.1	80.000	260	50	2	1	259	1	259	3.34e-149	413
MDC3065522.1	QIZ21294.1	92.601	419	31	0	1	419	1	419	0.0	778
MDC3065523.1	QIZ21293.1	85.799	169	24	0	1	169	1	169	2.31e-106	297
MDC3065524.1	QIZ21292.1	76.351	148	35	0	6	153	1	148	5.43e-85	242
MDC3065525.1	QIZ21291.1	69.708	274	83	0	1	274	1	274	5.86e-143	398
MDC3065526.1	QIZ21290.1	89.241	158	17	0	1	158	1	158	5.09e-102	285
MDC3065527.1	QIZ21289.1	57.783	424	179	0	1	424	1	424	5.77e-180	504
MDC3065528.1	QIZ21288.1	52.347	277	132	0	5	281	5	281	6.49e-90	264
MDC3065529.1	QIZ21287.1	57.274	543	231	1	1	542	19	561	0.0	619
MDC3065530.1	QIZ21286.1	59.671	243	93	2	1	238	1	243	5.10e-95	274
MDC3065531.1	QIZ21285.1	77.838	185	41	0	1	185	1	185	1.95e-102	288
MDC3065532.1	QIZ21284.1	85.112	356	53	0	1	356	1	356	0.0	642
MDC3065533.1	QIZ21283.1	52.356	382	177	4	1	378	1	381	1.24e-135	388
MDC3065534.1	QIZ21282.1	64.375	320	114	0	6	325	6	325	3.00e-152	426
MDC3065535.1	QIZ21281.1	61.350	163	61	2	1	162	1	162	9.57e-63	186
MDC3065536.1	QIZ21280.1	67.052	173	57	0	19	191	24	196	2.72e-83	241
MDC3065537.1	QIZ21279.1	76.429	857	143	2	1	798	1	857	0.0	1287
MDC3065538.1	QIZ21278.1	80.220	91	18	0	1	91	1	91	1.84e-47	142
MDC3065539.1	QIZ21277.1	90.984	244	22	0	1	244	1	244	5.42e-165	451
MDC3065540.1	QIZ21276.1	100.000	75	0	0	1	75	1	75	1.79e-46	138
MDC3065541.1	QIZ21275.1	69.318	176	54	0	21	196	4	179	1.02e-86	249
MDC3065542.1	QIZ21274.1	76.970	165	38	0	1	165	4	168	8.17e-88	250
MDC3065543.1	QIZ21273.1	81.276	486	90	1	1	486	1	485	0.0	826
MDC3065544.1	QIZ21272.1	61.484	283	109	0	1	283	1	283	5.08e-117	333
MDC3065545.1	QIZ21271.1	71.469	354	101	0	1	354	1	354	0.0	510
MDC3065546.1	QIZ21270.1	58.632	307	127	0	3	309	5	311	1.89e-114	329
MDC3065547.1	QIZ21269.1	76.115	314	75	0	1	314	1	314	6.69e-180	495
MDC3065548.1	QIZ21268.1	65.312	320	110	1	1	319	1	320	6.40e-150	420
MDC3065549.1	QIZ21267.1	60.714	140	55	0	1	140	1	140	1.09e-56	169
MDC3065550.1	QIZ21266.1	50.943	159	78	0	1	159	1	159	3.86e-61	182
MDC3065551.1	QIZ21265.1	59.825	458	183	1	1	457	1	458	0.0	592
MDC3065552.1	QIZ21264.1	67.281	217	71	0	1	217	1	217	1.65e-97	278
MDC3065553.1	QIZ21263.1	85.496	262	38	0	1	262	1	262	8.92e-162	445
MDC3065554.1	QIZ21262.1	77.273	176	40	0	2	177	1	176	5.72e-105	294
MDC3065555.1	QIZ21260.1	80.858	303	58	0	1	303	1	303	0.0	510
MDC3065556.1	QIZ21259.1	93.542	542	34	1	1	541	1	542	0.0	986
MDC3065557.1	QIZ21258.1	78.229	271	58	1	1	270	1	271	2.37e-155	429
MDC3065558.1	QIZ21257.1	72.532	233	64	0	1	233	1	233	9.70e-123	343
MDC3065559.1	QIZ21256.1	80.455	220	43	0	1	220	1	220	1.95e-124	347
MDC3065561.1	QIZ21253.1	82.437	279	48	1	1	278	1	279	1.43e-173	476
MDC3065562.1	QIZ21252.1	83.901	323	52	0	1	323	1	323	0.0	565
MDC3065563.1	QIZ21251.1	75.000	132	33	0	1	132	1	132	5.20e-75	215
MDC3065564.1	QIZ21250.1	69.930	286	85	1	1	285	1	286	1.77e-144	403
MDC3065565.1	QIZ21249.1	70.242	578	172	0	1	578	1	578	0.0	832
MDC3065566.1	QIZ21248.1	54.197	417	187	2	2	414	1	417	7.64e-143	409
MDC3065567.1	QIZ21247.1	57.547	318	126	4	1	313	1	314	5.84e-122	348
MDC3065568.1	QIZ20884.1	64.516	310	109	1	13	321	13	322	6.92e-145	407
MDC3065569.1	QIZ20883.1	83.251	203	34	0	1	203	1	203	2.07e-130	360
MDC3065570.1	QIZ20882.1	72.381	315	86	1	1	314	1	315	2.21e-173	479
MDC3065571.1	QIZ20881.1	76.506	166	37	2	1	164	1	166	2.30e-92	261
MDC3065572.1	QIZ20879.1	76.804	388	89	1	1	387	1	388	0.0	588
MDC3065573.1	QIZ20878.1	71.197	309	88	1	1	308	1	309	5.50e-165	457
MDC3065574.1	QIZ20877.1	65.556	180	61	1	1	180	11	189	6.16e-90	257
MDC3065575.1	QIZ20876.1	61.885	244	92	1	2	244	3	246	2.83e-103	295
MDC3065576.1	QIZ20875.1	78.623	276	59	0	1	276	1	276	5.78e-168	462
MDC3065577.1	QIZ20874.1	66.429	560	177	4	1	552	1	557	0.0	739
MDC3065578.1	QIZ20873.1	75.238	105	26	0	1	105	1	105	7.67e-53	157
MDC3065579.1	QIZ20872.1	80.100	201	40	0	1	201	1	201	3.24e-121	337
MDC3065580.1	QIZ20871.1	77.442	727	153	3	1	716	4	730	0.0	1192
MDC3065581.1	QIZ20870.1	75.068	369	87	2	1	365	1	368	0.0	573
MDC3065582.1	QIZ20869.1	77.358	848	192	0	1	848	1	848	0.0	1347
MDC3065583.1	QIZ20868.1	70.208	433	129	0	1	433	1	433	0.0	622
MDC3065584.1	QIZ20867.1	62.238	143	53	1	1	142	1	143	7.89e-54	162
MDC3065585.1	QIZ20866.1	70.339	236	70	0	4	239	2	237	1.52e-125	351
MDC3065586.1	QIZ20865.1	70.398	402	119	0	1	402	1	402	0.0	576
MDC3065587.1	QIZ20864.1	79.890	363	73	0	1	363	1	363	0.0	617
MDC3065588.1	QIZ20863.1	81.180	356	67	0	1	356	1	356	0.0	563
MDC3065589.1	QIZ20862.1	59.498	279	112	1	1	278	1	279	7.51e-114	325
MDC3065590.1	QIZ20861.1	64.444	90	21	1	3	92	15	93	4.29e-33	110
MDC3065591.1	QIZ20860.1	64.500	400	141	1	30	428	33	432	0.0	537
MDC3065592.1	QIZ21408.1	65.965	570	161	2	1	538	86	654	0.0	798
MDC3065593.1	QIZ21409.1	71.823	362	102	0	14	375	12	373	5.71e-177	493
MDC3065594.1	QIZ21410.1	83.252	412	69	0	1	412	1	412	0.0	719
MDC3065595.1	QIZ21411.1	48.311	296	153	0	2	297	4	299	8.49e-98	285
MDC3065596.1	QIZ21412.1	82.278	316	56	0	1	316	1	316	0.0	546
MDC3065598.1	QIZ21413.1	80.471	297	58	0	1	297	1	297	1.79e-180	495
MDC3065599.1	QIZ21414.1	77.236	123	27	1	1	122	1	123	9.37e-70	201
MDC3065600.1	QIZ21320.1	90.504	337	32	0	1	337	1	337	0.0	644
MDC3065601.1	QIZ21321.1	56.863	255	86	6	1	247	1	239	1.12e-94	275
MDC3065602.1	QIZ21322.1	72.321	224	56	1	1	224	1	218	2.58e-118	333
MDC3065603.1	QIZ21323.1	70.192	312	91	2	1	311	1	311	5.54e-171	472
MDC3065604.1	QIZ21324.1	71.648	261	69	2	1	261	1	256	4.46e-130	364
MDC3065605.1	QIZ21325.1	35.976	164	101	1	2	161	9	172	4.34e-29	101
MDC3065606.1	QIZ21326.1	56.429	1602	641	21	1	1570	1	1577	0.0	1744
MDC3065608.1	QIZ21328.1	75.984	254	61	0	1	254	1	254	3.45e-143	397
MDC3065609.1	QIZ21329.1	91.964	448	36	0	1	448	1	448	0.0	846
MDC3065611.1	QIZ21330.1	73.807	817	192	3	1	814	1	798	0.0	1194
MDC3065612.1	QIZ21331.1	82.222	225	40	0	1	225	1	225	8.63e-121	338
MDC3065613.1	QIZ21332.1	72.667	150	40	1	19	168	19	167	4.95e-67	197
MDC3065614.1	QIZ21068.1	86.275	153	21	0	1	153	1	153	1.99e-96	273
MDC3065615.1	QIZ21067.1	88.265	196	23	0	1	196	1	196	6.65e-132	364
MDC3065616.1	QIZ21066.1	88.889	171	19	0	1	171	1	171	1.83e-112	313
MDC3065617.1	QIZ21065.1	87.090	457	57	2	1	457	1	455	0.0	787
MDC3065618.1	QIZ21087.1	40.283	283	158	4	1	277	1	278	5.87e-61	190
MDC3065619.1	QIZ21087.1	41.281	281	161	4	1	280	1	278	5.64e-62	193
MDC3065620.1	QIZ21064.1	49.618	131	65	1	7	136	38	168	1.71e-45	142
MDC3065621.1	QIZ21063.1	72.637	201	48	3	1	198	1	197	2.38e-103	291
MDC3065622.1	QIZ21062.1	67.376	141	45	1	1	141	1	140	2.68e-55	166
MDC3065623.1	QIZ21061.1	61.429	140	54	0	8	147	1	140	6.09e-60	177
MDC3065624.1	QIZ21060.1	69.955	223	65	2	1	221	1	223	2.38e-112	317
MDC3065625.1	QIZ21059.1	61.582	177	68	0	1	177	1	177	2.21e-72	213
MDC3065626.1	QIZ21058.1	54.580	262	118	1	2	262	3	264	1.36e-99	288
MDC3065627.1	QIZ21057.1	71.277	188	54	0	3	190	4	191	9.10e-94	267
MDC3065628.1	QIZ21056.1	74.453	274	70	0	1	274	1	274	6.81e-156	431
MDC3065629.1	QIZ21055.1	66.366	333	112	0	1	333	1	333	7.38e-167	463
MDC3065630.1	QIZ21054.1	32.836	335	203	8	1	319	1	329	1.32e-56	184
MDC3065632.1	QIZ21052.1	94.313	422	24	0	1	422	1	422	0.0	808
MDC3065633.1	QIZ21050.1	74.718	443	112	0	1	443	1	443	0.0	667
MDC3065634.1	QIZ21049.1	82.343	623	110	0	1	623	1	623	0.0	1051
MDC3065635.1	QIZ21048.1	59.809	209	84	0	5	213	4	212	4.14e-93	267
MDC3065636.1	QIZ21047.1	79.545	264	54	0	1	264	1	264	4.76e-158	436
MDC3065637.1	QIZ21046.1	75.627	279	67	1	2	279	4	282	7.46e-147	409
MDC3065638.1	QIZ21045.1	48.846	260	133	0	2	261	50	309	1.16e-79	239
MDC3065641.1	QIZ21043.1	67.811	845	270	2	1	844	1	844	0.0	1204
MDC3065642.1	QIZ21042.1	62.252	151	55	2	1	151	30	178	1.15e-66	197
MDC3065644.1	QIZ20332.1	92.763	152	11	0	1	152	1	152	2.83e-105	293
MDC3065645.1	QIZ20331.1	86.207	435	60	0	1	435	1	435	0.0	787
MDC3065646.1	QIZ20330.1	65.493	142	47	2	1	141	1	141	3.76e-62	183
MDC3065647.1	QIZ20329.1	80.412	194	38	0	3	196	20	213	2.96e-121	337
MDC3065648.1	QIZ20328.1	79.027	329	69	0	1	329	1	329	0.0	542
MDC3065649.1	QIZ20327.1	63.717	226	82	0	1	226	1	226	2.16e-98	281
MDC3065650.1	QIZ20326.1	71.101	218	63	0	1	218	1	218	4.89e-109	308
MDC3065651.1	QIZ20325.1	75.720	243	59	0	1	243	1	243	2.53e-139	387
MDC3065652.1	QIZ20324.1	57.031	128	55	0	1	128	1	128	7.22e-49	148
MDC3065653.1	QIZ20323.1	65.254	236	82	0	1	236	1	236	3.26e-102	292
MDC3065654.1	QIZ20322.1	77.949	195	43	0	1	195	1	195	9.89e-105	295
MDC3065655.1	QIZ20321.1	79.487	585	116	1	1	581	1	585	0.0	974
MDC3065656.1	QIZ20320.1	55.491	173	74	1	1	170	1	173	1.19e-60	181
MDC3065657.1	QIZ20319.1	87.179	156	20	0	1	156	1	156	1.60e-101	284
MDC3065658.1	QIZ20318.1	81.911	293	53	0	1	293	1	293	0.0	497
MDC3065659.1	QIZ20317.1	67.030	734	231	3	5	736	12	736	0.0	1042
MDC3065660.1	QIZ20316.1	95.204	417	20	0	1	417	1	417	0.0	832
MDC3065661.1	QIZ20315.1	92.308	91	7	0	1	91	1	91	1.12e-63	183
MDC3065662.1	QIZ20314.1	77.545	1002	224	1	1	1001	1	1002	0.0	1675
MDC3065663.1	QIZ20313.1	62.032	187	71	0	1	187	1	187	1.42e-87	251
MDC3065664.1	QIZ20312.1	86.275	255	35	0	1	255	1	255	3.93e-158	435
MDC3065665.1	QIZ20311.1	89.617	183	19	0	3	185	61	243	2.98e-110	310
MDC3065666.1	QIZ20306.1	68.790	157	49	0	1	157	1	157	5.51e-81	232
MDC3065667.1	QIZ20305.1	82.675	456	79	0	1	456	1	456	0.0	761
MDC3065668.1	QIZ20304.1	73.653	167	44	0	1	167	135	301	2.25e-92	266
MDC3065669.1	QIZ21362.1	79.333	150	31	0	1	150	1	150	5.83e-76	232
MDC3065670.1	QIZ21361.1	72.368	152	42	0	1	152	1	152	2.80e-69	202
MDC3065671.1	QIZ21360.1	83.377	385	63	1	1	384	1	385	0.0	667
MDC3065672.1	QIZ21359.1	85.847	1074	152	0	1	1074	1	1074	0.0	1904
MDC3065674.1	QIZ21319.1	86.758	219	29	0	1	219	1	219	1.85e-145	400
MDC3065675.1	QIZ21318.1	59.486	311	124	1	1	309	1	311	8.98e-134	378
MDC3065676.1	QIZ21317.1	89.172	314	34	0	1	314	1	314	0.0	592
MDC3065677.1	QIZ21537.1	64.013	314	110	2	1	312	1	313	4.92e-134	379
MDC3065678.1	QIZ21314.1	74.436	399	98	1	1	395	1	399	0.0	618
MDC3065679.1	QIZ21313.1	86.236	712	98	0	1	712	1	712	0.0	1314
MDC3065680.1	QIZ21312.1	76.892	251	57	1	1	251	1	250	2.56e-141	392
MDC3065681.1	QIZ21310.1	85.106	141	21	0	1	141	1	141	2.57e-83	236
MDC3065682.1	QIZ21309.1	77.250	611	139	0	1	611	1	611	0.0	1002
MDC3065683.1	QIZ21308.1	88.083	193	23	0	1	193	1	193	1.51e-124	345
MDC3065684.1	QIZ21307.1	85.172	290	43	0	1	290	1	290	0.0	533
MDC3065685.1	QIZ21306.1	77.083	144	33	0	1	144	1	144	3.34e-79	226
MDC3065686.1	QIZ21305.1	79.111	225	47	0	1	225	1	225	1.01e-130	363
MDC3065687.1	QIZ21304.1	68.046	435	139	0	1	435	5	439	0.0	628
MDC3065688.1	QIZ21303.1	68.116	69	22	0	1	69	1	69	2.48e-29	95.9
MDC3065689.1	QIZ21302.1	62.846	253	94	0	1	253	1	253	2.46e-116	329
MDC3065690.1	QIZ20922.1	79.452	73	15	0	1	73	393	465	1.80e-35	120
MDC3065691.1	QIZ20921.1	45.845	349	184	3	1	348	1	345	2.69e-107	313
MDC3065692.1	QIZ20920.1	48.214	224	115	1	3	226	4	226	4.74e-73	217
MDC3065693.1	QIZ20912.1	26.844	339	210	9	1	325	1	315	2.61e-22	91.7
MDC3065700.1	QIZ20908.1	48.498	233	113	3	1	226	1	233	2.49e-65	198
MDC3065701.1	QIZ20898.1	32.924	489	308	9	1	485	1	473	7.73e-84	262
MDC3065702.1	QIZ20897.1	57.547	106	44	1	1	105	1	106	1.61e-39	123
MDC3065703.1	QIZ20896.1	47.319	429	211	8	1	421	1	422	4.91e-128	372
MDC3065704.1	QIZ20895.1	74.837	306	77	0	1	306	1	306	0.0	500
MDC3065705.1	QIZ20894.1	70.076	264	79	0	2	265	1	264	1.48e-126	356
MDC3065706.1	QIZ20893.1	75.490	408	100	0	1	408	1	408	0.0	665
MDC3065707.1	QIZ20892.1	52.239	201	94	2	1	200	1	200	1.55e-66	199
MDC3065708.1	QIZ20891.1	48.230	226	109	5	6	224	6	230	7.21e-67	201
MDC3065709.1	QIZ20890.1	65.263	95	33	0	1	95	1	95	7.32e-42	128
MDC3065710.1	QIZ20889.1	81.675	573	104	1	1	572	1	573	0.0	971
MDC3065711.1	QIZ20888.1	72.195	205	57	0	13	217	12	216	1.22e-100	286
MDC3065712.1	QIZ20887.1	64.354	418	149	0	20	437	20	437	0.0	525
MDC3065713.1	QIZ20886.1	75.904	249	60	0	1	249	10	258	4.08e-139	387
MDC3065714.1	QIZ20961.1	81.347	193	36	0	1	193	1	193	1.04e-112	321
MDC3065715.1	QIZ20962.1	94.068	118	7	0	1	118	1	118	6.64e-80	226
MDC3065716.1	QIZ20963.1	97.059	68	2	0	1	68	1	68	1.83e-43	130
MDC3065717.1	QIZ20964.1	90.608	181	17	0	1	181	1	181	3.45e-123	340
MDC3065718.1	QIZ20965.1	83.725	639	103	1	1	639	1	638	0.0	1139
MDC3065719.1	QIZ20966.1	74.479	384	98	0	1	384	1	384	0.0	577
MDC3065720.1	QIZ20967.1	67.490	243	79	0	1	243	1	243	3.84e-109	310
MDC3065721.1	QIZ20969.1	81.346	1501	280	0	1	1501	1	1501	0.0	2575
MDC3065722.1	QIZ20970.1	85.386	479	70	0	1	479	1	479	0.0	833
MDC3065723.1	QIZ20971.1	62.083	240	90	1	1	239	1	240	1.13e-101	292
MDC3065724.1	QIZ20972.1	75.850	294	71	0	1	294	1	294	4.10e-161	446
MDC3065725.1	QIZ20973.1	78.846	260	52	1	3	262	167	423	6.85e-154	431
MDC3065726.1	QIZ20637.1	83.486	436	71	1	9	443	153	588	0.0	736
MDC3065727.1	QIZ20638.1	88.327	257	30	0	1	257	1	257	5.64e-170	465
MDC3065729.1	QIZ20640.1	76.642	137	32	0	10	146	10	146	1.56e-78	225
MDC3065730.1	QIZ20641.1	69.231	143	42	2	1	143	1	141	5.18e-67	195
MDC3065731.1	QIZ20642.1	89.213	445	48	0	1	445	1	445	0.0	835
MDC3065732.1	QIZ20643.1	67.347	98	32	0	35	132	35	132	1.84e-48	147
MDC3065733.1	QIZ20644.1	74.576	118	30	0	1	118	1	118	7.84e-63	183
MDC3065734.1	QIZ20645.1	81.752	274	49	1	1	274	1	273	3.37e-166	457
MDC3065735.1	QIZ20646.1	81.145	594	110	1	1	592	1	594	0.0	1026
MDC3065736.1	QIZ21142.1	79.518	166	34	0	1	166	1	166	2.92e-93	269
MDC3065737.1	QIZ21143.1	64.964	274	96	0	1	274	1	274	6.56e-124	350
MDC3065738.1	QIZ21144.1	89.159	452	49	0	1	452	1	452	0.0	793
MDC3065739.1	QIZ21146.1	81.140	228	43	0	1	228	1	228	9.44e-143	394
MDC3065740.1	QIZ21148.1	88.437	467	54	0	1	467	1	467	0.0	861
MDC3065741.1	QIZ21149.1	83.085	201	34	0	1	201	9	209	5.17e-124	345
MDC3065742.1	QIZ21150.1	91.576	368	31	0	1	368	1	368	0.0	679
MDC3065743.1	QIZ20672.1	85.315	286	42	0	1	286	1	286	0.0	495
MDC3065744.1	QIZ20673.1	81.585	429	77	1	1	429	1	427	0.0	696
MDC3065745.1	QIZ20677.1	50.218	229	101	3	17	243	20	237	2.00e-44	145
MDC3065746.1	QIZ20681.1	89.101	367	40	0	5	371	4	370	0.0	706
MDC3065747.1	QIZ20683.1	78.073	301	66	0	1	301	1	301	3.09e-168	464
MDC3065748.1	QIZ20686.1	49.242	132	63	1	1	128	1	132	6.03e-41	129
MDC3065749.1	QIZ20687.1	63.576	151	55	0	3	153	8	158	8.10e-57	171
MDC3065750.1	QIZ20688.1	87.273	275	35	0	1	275	1	275	0.0	508
MDC3065751.1	QIZ21136.1	88.079	453	54	0	6	458	1	453	0.0	778
MDC3065752.1	QIZ21137.1	70.136	442	132	0	1	442	1	442	0.0	620
MDC3065753.1	QIZ21138.1	72.414	58	16	0	1	58	2	59	6.92e-26	85.5
MDC3065754.1	QIZ21139.1	73.288	292	78	0	1	292	1	292	8.88e-152	423
MDC3065755.1	QIZ21140.1	68.110	254	81	0	19	272	19	272	7.84e-133	372
MDC3065756.1	QIZ21141.1	62.567	187	70	0	1	187	1	187	5.04e-83	239
MDC3065757.1	QIZ21142.1	93.056	72	5	0	1	72	234	305	1.62e-43	137
MDC3065758.1	QIZ21213.1	38.028	142	88	0	25	166	4	145	1.85e-27	97.1
MDC3065759.1	QIZ20692.1	65.136	479	166	1	7	484	13	491	0.0	665
MDC3065760.1	QIZ20694.1	88.283	367	43	0	1	367	1	367	0.0	660
MDC3065761.1	QIZ20695.1	76.129	155	37	0	1	155	1	155	1.23e-65	193
MDC3065762.1	QIZ20696.1	58.943	246	101	0	3	248	4	249	4.29e-108	308
MDC3065765.1	QIZ20652.1	67.143	490	155	4	1	489	1	485	0.0	634
MDC3065766.1	QIZ20651.1	83.824	136	22	0	1	136	1	136	1.67e-74	214
MDC3065767.1	QIZ20650.1	68.586	191	60	0	1	191	1	191	1.75e-86	249
MDC3065768.1	QIZ20649.1	76.023	342	82	0	1	342	1	342	0.0	504
MDC3065769.1	QIZ20648.1	45.821	347	188	0	12	358	13	359	5.11e-103	303
MDC3065770.1	QIZ20647.1	60.417	96	38	0	1	96	5	100	2.58e-38	123
MDC3065771.1	QIZ20388.1	79.042	167	32	1	1	167	1	164	8.70e-96	271
MDC3065772.1	QIZ20387.1	88.409	949	109	1	1	949	1	948	0.0	1745
MDC3065773.1	QIZ20386.1	88.235	153	14	2	1	149	1	153	1.33e-90	256
MDC3065774.1	QIZ20385.1	89.757	371	38	0	1	371	1	371	0.0	685
MDC3065776.1	QIZ20329.1	63.077	195	70	2	3	196	19	212	3.71e-94	269
MDC3065778.1	QIZ21001.1	65.600	125	43	0	2	126	22	146	2.20e-62	183
MDC3065779.1	QIZ20657.1	60.976	205	80	0	3	207	115	319	3.67e-82	243
MDC3065780.1	QIZ20659.1	75.238	210	52	0	1	210	1	210	7.69e-117	327
MDC3065781.1	QIZ20660.1	92.405	79	6	0	1	79	1	79	9.21e-47	139
MDC3065782.1	QIZ20661.1	80.408	245	48	0	1	245	3	247	1.07e-146	405
MDC3065783.1	QIZ20662.1	68.116	207	66	0	1	207	98	304	4.50e-90	263
MDC3065784.1	QIZ21074.1	59.036	166	68	0	1	166	1	166	7.63e-72	209
MDC3065785.1	QIZ21073.1	76.033	121	29	0	1	121	1	121	9.14e-66	191
MDC3065786.1	QIZ21355.1	65.789	114	39	0	1	114	1	114	2.71e-51	153
MDC3065788.1	QIZ21071.1	87.251	251	32	0	1	251	1	251	6.37e-169	462
MDC3065789.1	QIZ21070.1	85.492	193	28	0	1	193	44	236	5.83e-118	330
MDC3065790.1	QIZ20744.1	89.362	329	35	0	1	329	1	329	0.0	619
MDC3065791.1	QIZ21387.1	82.822	326	56	0	4	329	67	392	0.0	571
MDC3065792.1	QIZ20301.1	91.818	220	18	0	1	220	266	485	6.90e-152	426
MDC3065793.1	QIZ20302.1	87.324	142	18	0	1	142	350	491	8.66e-84	249
MDC3065794.1	QIZ20303.1	65.816	196	67	0	1	196	1	196	1.13e-90	260
MDC3065795.1	QIZ21026.1	80.306	589	116	0	1	589	173	761	0.0	978
MDC3065796.1	QIZ21027.1	73.604	197	52	0	1	197	1	197	2.22e-106	299
MDC3065797.1	QIZ21028.1	62.921	89	33	0	1	89	199	287	4.34e-30	103
MDC3065798.1	QIZ20973.1	64.935	77	27	0	1	77	1	77	7.20e-27	97.4
MDC3065799.1	QIZ20974.1	89.933	745	75	0	1	745	268	1012	0.0	1430
MDC3065800.1	QIZ20654.1	53.390	236	110	0	1	236	122	357	4.63e-66	204
MDC3065801.1	QIZ20655.1	44.142	478	262	3	1	477	1	474	3.82e-127	384
MDC3065802.1	QIZ20379.1	74.194	372	96	0	2	373	312	683	0.0	575
MDC3065803.1	QIZ20380.1	72.277	202	55	1	5	206	4	204	1.23e-97	278
MDC3065804.1	QIZ20381.1	71.579	95	26	1	1	94	1	95	1.57e-45	143
MDC3065808.1	QIZ20381.1	69.643	112	34	0	1	112	163	274	9.50e-58	175
MDC3065809.1	QIZ20382.1	79.730	370	75	0	1	370	1	370	0.0	625
MDC3065810.1	QIZ20383.1	83.206	131	22	0	2	132	54	184	3.52e-80	230
