MDB2514771.1	QIZ21444.1	86.081	740	103	0	1	740	1	740	0.0	1311
MDB2514772.1	QIZ21443.1	91.901	284	23	0	1	284	1	284	0.0	503
MDB2514773.1	QIZ21442.1	82.169	415	74	0	1	415	1	415	0.0	704
MDB2514774.1	QIZ21441.1	85.596	361	51	1	13	372	13	373	0.0	644
MDB2514775.1	QIZ21440.1	86.188	362	50	0	1	362	1	362	0.0	661
MDB2514776.1	QIZ21439.1	91.753	388	32	0	1	388	1	388	0.0	756
MDB2514777.1	QIZ21438.1	65.975	241	82	0	5	245	5	245	2.03e-120	339
MDB2514778.1	QIZ20490.1	28.253	269	186	1	3	264	5	273	8.70e-30	110
MDB2514779.1	QIZ21448.1	61.765	476	181	1	1	475	1	476	0.0	598
MDB2514784.1	QIZ20555.1	41.445	263	150	3	59	321	238	496	1.61e-58	192
MDB2514785.1	QIZ20556.1	43.917	337	185	2	2	334	3	339	2.44e-101	298
MDB2514786.1	QIZ20592.1	34.127	252	152	5	6	256	5	243	7.56e-39	132
MDB2514792.1	QIZ20495.1	42.803	528	299	3	3	527	4	531	1.72e-144	422
MDB2514793.1	QIZ20216.1	55.836	317	139	1	1	316	1	317	1.87e-123	352
MDB2514795.1	QIZ21437.1	75.835	389	93	1	1	389	1	388	0.0	644
MDB2514796.1	QIZ21401.1	30.303	561	357	11	9	550	6	551	2.58e-72	238
MDB2514798.1	QIZ21436.1	90.769	195	18	0	1	195	1	195	1.69e-132	365
MDB2514799.1	QIZ21435.1	52.479	242	112	2	18	256	17	258	4.72e-88	258
MDB2514800.1	QIZ21434.1	77.236	492	112	0	1	492	1	492	0.0	818
MDB2514801.1	QIZ21433.1	76.842	285	66	0	1	285	1	285	1.05e-158	439
MDB2514802.1	QIZ21432.1	88.413	397	42	2	1	393	1	397	0.0	676
MDB2514803.1	QIZ21431.1	83.399	253	42	0	1	253	1	253	8.86e-143	396
MDB2514804.1	QIZ21430.1	85.788	387	55	0	1	387	1	387	0.0	641
MDB2514805.1	QIZ21429.1	93.002	443	31	0	14	456	1	443	0.0	809
MDB2514806.1	QIZ21428.1	97.619	336	8	0	1	336	1	336	0.0	652
MDB2514807.1	QIZ21427.1	89.787	235	24	0	1	235	1	235	7.53e-151	415
MDB2514808.1	QIZ21426.1	91.923	260	21	0	3	262	5	264	8.68e-178	485
MDB2514811.1	QIZ21425.1	82.392	301	53	0	1	301	1	301	0.0	506
MDB2514812.1	QIZ21424.1	60.952	105	41	0	1	105	1	105	1.19e-44	136
MDB2514813.1	QIZ21423.1	65.812	234	80	0	1	234	1	234	4.26e-119	335
MDB2514814.1	QIZ21422.1	90.421	261	25	0	1	261	1	261	1.34e-175	479
MDB2514815.1	QIZ21421.1	84.959	246	37	0	1	246	1	246	3.66e-158	434
MDB2514816.1	QIZ21420.1	72.571	350	95	1	1	349	1	350	0.0	526
MDB2514818.1	QIZ21419.1	84.512	297	46	0	1	297	1	297	0.0	511
MDB2514819.1	QIZ21418.1	87.651	413	49	1	1	411	1	413	0.0	754
MDB2514820.1	QIZ21417.1	93.137	204	14	0	1	204	1	204	9.10e-122	339
MDB2514821.1	QIZ21416.1	94.898	98	5	0	1	98	1	98	1.53e-64	186
MDB2514822.1	QIZ21415.1	92.857	84	6	0	1	84	1	84	3.72e-57	166
MDB2514823.1	QIZ21414.1	97.561	123	3	0	1	123	1	123	1.06e-89	251
MDB2514824.1	QIZ21413.1	92.929	297	21	0	1	297	1	297	0.0	562
MDB2514825.1	QIZ21412.1	95.899	317	13	0	1	317	1	317	0.0	625
MDB2514826.1	QIZ21411.1	94.649	299	16	0	1	299	1	299	0.0	568
MDB2514827.1	QIZ21410.1	86.275	408	56	0	1	408	5	412	0.0	755
MDB2514828.1	QIZ21409.1	82.306	373	66	0	1	373	1	373	0.0	590
MDB2514829.1	QIZ21408.1	76.758	654	151	1	1	654	1	653	0.0	1065
MDB2514830.1	QIZ21407.1	63.158	171	63	0	1	171	1	171	1.44e-64	191
MDB2514831.1	QIZ21406.1	60.291	413	154	3	1	404	1	412	4.15e-172	483
MDB2514832.1	QIZ21405.1	95.072	345	17	0	1	345	1	345	0.0	667
MDB2514833.1	QIZ21404.1	92.500	520	39	0	1	520	1	520	0.0	1000
MDB2514835.1	QIZ21403.1	97.337	338	9	0	1	338	1	338	0.0	677
MDB2514836.1	QIZ21402.1	84.066	182	29	0	1	182	1	182	1.71e-113	316
MDB2514837.1	QIZ21401.1	93.878	588	36	0	1	588	1	588	0.0	1117
MDB2514838.1	QIZ21400.1	76.849	311	72	0	1	311	1	311	7.33e-155	431
MDB2514839.1	QIZ21399.1	83.686	472	71	2	1	467	1	471	0.0	776
MDB2514840.1	QIZ21398.1	76.667	60	14	0	1	60	1	60	9.09e-30	95.5
MDB2514841.1	QIZ21397.1	94.737	285	15	0	1	285	1	285	0.0	524
MDB2514842.1	QIZ21396.1	92.350	366	28	0	1	366	1	366	0.0	653
MDB2514843.1	QIZ21395.1	90.146	274	27	0	1	274	1	274	0.0	507
MDB2514845.1	QIZ21388.1	90.794	315	29	0	1	315	1	315	0.0	602
MDB2514846.1	QIZ21358.1	86.857	350	46	0	1	350	1	350	0.0	616
MDB2514850.1	QIZ20323.1	69.110	191	59	0	1	191	1	191	2.43e-89	258
MDB2514851.1	QIZ20322.1	83.077	195	33	0	1	195	1	195	7.90e-111	310
MDB2514852.1	QIZ20321.1	89.231	585	59	1	1	581	1	585	0.0	1087
MDB2514853.1	QIZ20320.1	64.740	173	61	0	1	173	1	173	7.63e-74	215
MDB2514854.1	QIZ20319.1	90.385	156	15	0	1	156	1	156	9.12e-104	289
MDB2514855.1	QIZ20318.1	82.594	293	51	0	1	293	1	293	0.0	513
MDB2514856.1	QIZ20317.1	78.983	747	129	2	1	747	18	736	0.0	1202
MDB2514857.1	QIZ20316.1	94.724	417	22	0	2	418	1	417	0.0	827
MDB2514858.1	QIZ20315.1	91.011	89	8	0	1	89	1	89	2.50e-63	182
MDB2514859.1	QIZ20314.1	82.236	1002	177	1	1	1001	1	1002	0.0	1768
MDB2514860.1	QIZ20313.1	61.497	187	72	0	1	187	1	187	6.70e-89	254
MDB2514861.1	QIZ20312.1	94.510	255	14	0	6	260	1	255	2.33e-171	469
MDB2514862.1	QIZ20311.1	94.309	246	14	0	1	246	1	246	8.83e-141	390
MDB2514863.1	QIZ20310.1	83.908	87	14	0	1	87	1	87	4.78e-53	156
MDB2514865.1	QIZ21538.1	51.064	235	115	0	1	235	1	235	2.53e-74	221
MDB2514866.1	QIZ20306.1	77.707	157	35	0	1	157	1	157	1.27e-93	264
MDB2514867.1	QIZ20305.1	85.746	456	65	0	1	456	1	456	0.0	790
MDB2514868.1	QIZ20304.1	89.000	300	33	0	1	300	1	300	0.0	542
MDB2514869.1	QIZ20303.1	90.741	216	20	0	1	216	1	216	6.07e-145	398
MDB2514870.1	QIZ20302.1	96.130	491	19	0	1	491	1	491	0.0	950
MDB2514871.1	QIZ20301.1	93.402	485	32	0	1	485	1	485	0.0	907
MDB2514872.1	QIZ20300.1	81.053	95	18	0	1	95	1	95	1.21e-50	150
MDB2514873.1	QIZ20299.1	85.430	151	22	0	1	151	1	151	1.43e-94	266
MDB2514874.1	QIZ20298.1	93.291	313	21	0	1	313	1	313	0.0	607
MDB2514875.1	QIZ20742.1	27.586	406	265	12	30	423	27	415	2.40e-37	136
MDB2514876.1	QIZ20297.1	77.487	191	43	0	1	191	1	191	9.86e-103	290
MDB2514877.1	QIZ20296.1	89.789	852	86	1	1	851	1	852	0.0	1525
MDB2514879.1	QIZ20294.1	81.046	153	29	0	1	153	1	153	2.12e-92	260
MDB2514880.1	QIZ20293.1	81.713	432	79	0	1	432	1	432	0.0	708
MDB2514881.1	QIZ20292.1	79.336	271	56	0	1	271	1	271	1.26e-151	420
MDB2514882.1	QIZ20291.1	62.278	281	105	1	1	281	1	280	1.67e-116	332
MDB2514883.1	QIZ20290.1	93.217	457	31	0	1	457	1	457	0.0	862
MDB2514884.1	QIZ20289.1	74.272	206	53	0	1	206	1	206	6.33e-112	314
MDB2514885.1	QIZ20288.1	90.789	304	28	0	1	304	1	304	0.0	556
MDB2514886.1	QIZ20287.1	95.172	145	7	0	1	145	1	145	1.33e-100	280
MDB2514887.1	QIZ20286.1	96.491	342	12	0	1	342	1	342	0.0	666
MDB2514888.1	QIZ20285.1	94.667	150	8	0	1	150	1	150	3.83e-80	229
MDB2514889.1	QIZ20284.1	97.638	127	3	0	1	127	1	127	9.60e-90	251
MDB2514890.1	QIZ20283.1	78.873	213	45	0	1	213	1	213	3.73e-126	350
MDB2514891.1	QIZ20282.1	95.540	426	19	0	1	426	1	426	0.0	818
MDB2514892.1	QIZ20281.1	81.046	153	26	2	1	150	1	153	2.24e-71	207
MDB2514893.1	QIZ20280.1	94.118	170	10	0	1	170	1	170	9.27e-116	321
MDB2514894.1	QIZ20279.1	84.746	118	18	0	1	118	1	118	2.64e-69	199
MDB2514895.1	QIZ20278.1	87.709	179	22	0	1	179	1	179	2.60e-112	313
MDB2514896.1	QIZ20277.1	93.130	131	9	0	1	131	1	131	2.42e-89	251
MDB2514897.1	QIZ20276.1	94.059	101	6	0	1	101	1	101	2.27e-67	193
MDB2514898.1	QIZ20275.1	92.391	184	14	0	1	184	1	184	7.30e-127	350
MDB2514899.1	QIZ20274.1	90.000	70	7	0	1	70	1	70	1.05e-40	124
MDB2514900.1	QIZ20273.1	95.902	122	5	0	1	122	1	122	4.69e-83	234
MDB2514901.1	QIZ20272.1	92.308	78	6	0	1	78	1	78	1.34e-40	124
MDB2514902.1	QIZ20271.1	92.063	63	5	0	1	63	1	63	9.80e-37	113
MDB2514903.1	QIZ20270.1	97.037	135	4	0	1	135	1	135	1.21e-95	267
MDB2514904.1	QIZ20269.1	96.460	226	8	0	1	226	1	226	4.45e-165	450
MDB2514905.1	QIZ20268.1	87.879	132	16	0	1	132	1	132	2.39e-83	236
MDB2514906.1	QIZ20267.1	95.402	87	4	0	1	87	1	87	3.99e-59	172
MDB2514907.1	QIZ20266.1	92.857	280	19	1	1	279	1	280	0.0	511
MDB2514908.1	QIZ20265.1	91.753	97	8	0	1	97	1	97	5.02e-60	174
MDB2514909.1	QIZ20264.1	94.203	207	12	0	1	207	1	207	7.55e-140	385
MDB2514910.1	QIZ20263.1	92.070	227	18	0	1	227	1	227	4.79e-156	428
MDB2514911.1	QIZ20262.1	97.059	102	3	0	1	102	1	102	2.20e-70	201
MDB2514912.1	QIZ20261.1	98.699	692	9	0	1	692	1	692	0.0	1418
MDB2514913.1	QIZ20260.1	96.154	156	6	0	1	156	1	156	8.26e-110	305
MDB2514914.1	QIZ20259.1	99.187	123	1	0	1	123	1	123	4.33e-87	244
MDB2514915.1	QIZ20258.1	95.032	1389	69	0	1	1389	1	1389	0.0	2733
MDB2514916.1	QIZ20257.1	93.250	1363	92	0	1	1363	1	1363	0.0	2627
MDB2514917.1	QIZ20256.1	94.262	122	6	1	1	122	1	121	1.04e-61	180
MDB2514918.1	QIZ20255.1	87.349	166	21	0	1	166	1	166	9.87e-109	303
MDB2514919.1	QIZ20254.1	88.646	229	26	0	1	229	1	229	1.03e-150	414
MDB2514920.1	QIZ20253.1	95.035	141	7	0	1	141	1	141	4.12e-97	271
MDB2514921.1	QIZ20252.1	98.295	176	3	0	1	176	1	176	1.93e-126	348
MDB2514922.1	QIZ20251.1	92.063	63	5	0	1	63	1	63	5.87e-39	118
MDB2514923.1	QIZ20250.1	95.707	396	17	0	1	396	1	396	0.0	749
MDB2514924.1	QIZ20249.1	90.612	245	23	0	1	245	1	245	2.21e-170	465
MDB2514925.1	QIZ20506.1	65.347	202	70	0	1	202	1	202	9.67e-96	273
MDB2514926.1	QIZ20507.1	81.364	220	41	0	1	220	1	220	3.14e-131	364
MDB2514927.1	QIZ20508.1	72.189	845	234	1	1	844	17	861	0.0	1172
MDB2514928.1	QIZ20189.1	94.990	499	25	0	1	499	1	499	0.0	929
MDB2514929.1	QIZ20188.1	89.744	156	16	0	1	156	1	156	2.93e-101	283
MDB2514930.1	QIZ20187.1	88.957	326	36	0	1	326	1	326	0.0	566
MDB2514931.1	QIZ20185.1	75.209	359	87	1	1	359	1	357	5.40e-169	471
MDB2514933.1	QIZ20952.1	90.686	408	38	0	1	408	278	685	0.0	773
MDB2514934.1	QIZ20951.1	79.108	426	89	0	1	426	1	426	0.0	669
MDB2514935.1	QIZ20950.1	81.395	602	112	0	1	602	1	602	0.0	979
MDB2514936.1	QIZ20949.1	92.901	324	23	0	1	324	1	324	0.0	637
MDB2514937.1	QIZ20948.1	88.571	175	20	0	1	175	1	175	7.70e-119	329
MDB2514938.1	QIZ20947.1	74.118	85	22	0	1	85	10	94	1.18e-39	122
MDB2514939.1	QIZ20946.1	73.370	368	98	0	1	368	1	368	0.0	516
MDB2514940.1	QIZ20945.1	71.687	166	47	0	5	170	5	170	1.47e-82	237
MDB2514942.1	QIZ20944.1	67.918	586	188	0	1	586	1	586	0.0	774
MDB2514943.1	QIZ20943.1	86.628	172	23	0	1	172	1	172	3.62e-111	309
MDB2514944.1	QIZ20942.1	68.387	310	98	0	1	310	1	310	1.17e-155	433
MDB2514945.1	QIZ20941.1	78.862	246	52	0	1	246	1	246	2.31e-148	409
MDB2514946.1	QIZ20940.1	91.195	159	14	0	1	159	1	159	3.75e-108	301
MDB2514947.1	QIZ20939.1	80.906	309	59	0	1	309	1	309	0.0	542
MDB2514948.1	QIZ21069.1	70.968	62	18	0	1	62	1	62	2.87e-28	91.7
MDB2514949.1	QIZ20937.1	85.417	384	56	0	1	384	1	384	0.0	687
MDB2514950.1	QIZ20936.1	74.638	276	69	1	1	276	1	275	1.03e-157	436
MDB2514951.1	QIZ20935.1	87.387	222	28	0	1	222	1	222	1.05e-144	398
MDB2514952.1	QIZ20934.1	86.458	288	39	0	1	288	1	288	1.01e-178	490
MDB2514953.1	QIZ20933.1	88.889	558	62	0	1	558	1	558	0.0	1037
MDB2514954.1	QIZ20932.1	66.265	83	25	1	1	80	1	83	2.54e-36	113
MDB2514955.1	QIZ20931.1	78.070	114	25	0	1	114	1	114	5.54e-59	173
MDB2514957.1	QIZ20929.1	76.569	239	56	0	1	239	1	239	2.32e-133	371
MDB2514959.1	QIZ20927.1	53.804	184	82	3	1	181	1	184	1.53e-70	207
MDB2514960.1	QIZ20926.1	87.050	417	53	1	1	416	1	417	0.0	734
MDB2514961.1	QIZ20925.1	76.562	128	29	1	1	127	1	128	3.06e-67	195
MDB2514962.1	QIZ20924.1	83.178	428	72	0	1	428	1	428	0.0	706
MDB2514963.1	QIZ20923.1	97.183	71	2	0	1	71	1	71	3.17e-49	145
MDB2514964.1	QIZ21496.1	72.308	65	18	0	3	67	2	66	8.63e-32	101
MDB2514965.1	QIZ20922.1	70.236	467	135	3	1	465	1	465	0.0	647
MDB2514966.1	QIZ20921.1	46.724	351	182	3	1	350	1	347	6.76e-110	320
MDB2514967.1	QIZ20920.1	51.528	229	110	1	1	229	1	228	3.94e-78	230
MDB2514970.1	QIZ20910.1	80.531	113	22	0	13	125	13	125	2.23e-69	200
MDB2514971.1	QIZ20911.1	77.419	186	42	0	1	186	1	186	1.79e-111	311
MDB2514980.1	QIZ20908.1	53.712	229	100	3	1	223	1	229	9.29e-77	227
MDB2514981.1	QIZ20898.1	37.605	476	286	7	3	474	4	472	1.02e-101	308
MDB2514983.1	QIZ20896.1	50.118	425	205	6	1	421	1	422	6.46e-144	412
MDB2514984.1	QIZ20895.1	81.818	308	56	0	1	308	1	308	0.0	543
MDB2514985.1	QIZ20894.1	85.606	264	38	0	1	264	1	264	5.77e-155	428
MDB2514986.1	QIZ20893.1	93.171	410	28	0	2	411	1	410	0.0	788
MDB2514987.1	QIZ20892.1	80.402	199	39	0	3	201	5	203	1.10e-115	323
MDB2514988.1	QIZ20891.1	38.261	230	134	5	1	224	1	228	3.61e-38	128
MDB2514989.1	QIZ20890.1	86.316	95	13	0	1	95	1	95	6.18e-59	171
MDB2514990.1	QIZ20889.1	91.883	579	44	1	1	579	1	576	0.0	1077
MDB2514991.1	QIZ20888.1	81.068	206	39	0	12	217	12	217	5.45e-117	328
MDB2514992.1	QIZ20887.1	70.755	424	124	0	19	442	19	442	0.0	579
MDB2514993.1	QIZ20886.1	77.132	258	59	0	1	258	1	258	7.58e-147	407
MDB2514994.1	QIZ20885.1	45.714	140	76	0	52	191	51	190	2.47e-35	119
MDB2514995.1	QIZ20884.1	78.710	310	66	0	13	322	13	322	7.89e-175	483
MDB2514996.1	QIZ20883.1	86.207	203	28	0	1	203	1	203	9.69e-134	369
MDB2514997.1	QIZ20882.1	81.931	321	58	0	1	321	1	321	0.0	554
MDB2514998.1	QIZ20881.1	78.313	166	34	2	1	164	1	166	5.84e-95	268
MDB2514999.1	QIZ20880.1	85.926	270	38	0	1	270	1	270	2.28e-155	429
MDB2515000.1	QIZ20879.1	87.629	388	48	0	1	388	1	388	0.0	667
MDB2515001.1	QIZ20878.1	82.201	309	55	0	1	309	1	309	0.0	531
MDB2515002.1	QIZ20877.1	80.447	179	35	0	1	179	11	189	6.17e-108	302
MDB2515003.1	QIZ20876.1	73.469	245	65	0	1	245	1	245	2.41e-122	343
MDB2515004.1	QIZ20875.1	86.957	276	36	0	1	276	1	276	0.0	498
MDB2515005.1	QIZ20874.1	80.501	559	107	1	1	559	1	557	0.0	878
MDB2515006.1	QIZ20873.1	90.476	105	10	0	1	105	1	105	2.27e-66	191
MDB2515007.1	QIZ20872.1	93.103	203	14	0	1	203	1	203	9.09e-142	389
MDB2515008.1	QIZ20871.1	83.769	727	108	2	1	717	4	730	0.0	1286
MDB2515009.1	QIZ20870.1	93.382	272	18	0	1	272	1	272	0.0	526
MDB2515010.1	QIZ21200.1	91.235	502	44	0	1	502	1	502	0.0	943
MDB2515011.1	QIZ21199.1	85.761	309	43	1	1	308	1	309	0.0	537
MDB2515012.1	QIZ21198.1	77.596	183	41	0	1	183	1	183	4.98e-99	280
MDB2515013.1	QIZ21197.1	93.048	187	13	0	1	187	1	187	6.50e-129	355
MDB2515014.1	QIZ21196.1	84.694	392	60	0	1	392	1	392	0.0	704
MDB2515015.1	QIZ21195.1	90.751	346	32	0	1	346	1	346	0.0	637
MDB2515016.1	QIZ21194.1	93.127	291	20	0	19	309	1	291	0.0	540
MDB2515017.1	QIZ21193.1	84.153	183	29	0	1	183	1	183	2.73e-111	311
MDB2515018.1	QIZ21192.1	93.617	94	6	0	1	94	1	94	8.04e-52	154
MDB2515019.1	QIZ21191.1	81.143	350	66	0	1	350	1	350	0.0	570
MDB2515020.1	QIZ21190.1	89.615	520	54	0	1	520	6	525	0.0	956
MDB2515021.1	QIZ21189.1	90.021	481	48	0	1	481	1	481	0.0	805
MDB2515022.1	QIZ21188.1	83.368	481	57	2	1	481	1	458	0.0	744
MDB2515023.1	QIZ21187.1	71.774	248	69	1	1	247	1	248	2.00e-122	344
MDB2515024.1	QIZ21186.1	72.819	298	81	0	1	298	1	298	8.29e-158	438
MDB2515025.1	QIZ21185.1	76.944	360	83	0	1	360	1	360	0.0	568
MDB2515026.1	QIZ21184.1	87.332	371	47	0	1	371	1	371	0.0	678
MDB2515027.1	QIZ21183.1	75.127	197	49	0	1	197	1	197	4.02e-110	309
MDB2515028.1	QIZ21182.1	77.406	239	54	0	1	239	1	239	3.96e-141	390
MDB2515029.1	QIZ21181.1	88.806	134	15	0	1	134	1	134	2.35e-84	239
MDB2515030.1	QIZ21180.1	97.619	84	2	0	1	84	1	84	1.07e-55	162
MDB2515031.1	QIZ21179.1	89.297	327	35	0	1	327	1	327	0.0	572
MDB2515032.1	QIZ21178.1	88.043	368	44	0	1	368	1	368	0.0	651
MDB2515033.1	QIZ21177.1	80.340	412	81	0	1	412	5	416	0.0	671
MDB2515034.1	QIZ21176.1	77.778	180	40	0	1	180	1	180	1.93e-98	278
MDB2515035.1	QIZ21175.1	91.379	116	10	0	1	116	1	116	8.25e-74	210
MDB2515036.1	QIZ21174.1	89.751	361	37	0	17	377	19	379	0.0	668
MDB2515037.1	QIZ21173.1	82.278	158	28	0	1	158	1	158	6.89e-97	272
MDB2515038.1	QIZ21172.1	90.769	130	12	0	1	130	1	130	1.96e-81	231
MDB2515039.1	QIZ21171.1	98.517	472	7	0	1	472	1	472	0.0	944
MDB2515040.1	QIZ21170.1	94.502	291	16	0	1	291	1	291	0.0	565
MDB2515041.1	QIZ21169.1	95.695	511	22	0	1	511	1	511	0.0	998
MDB2515042.1	QIZ21168.1	78.378	185	40	0	1	185	1	185	1.24e-100	284
MDB2515043.1	QIZ21167.1	88.479	651	75	0	1	651	1	651	0.0	1194
MDB2515044.1	QIZ21166.1	88.841	466	52	0	1	466	1	466	0.0	865
MDB2515045.1	QIZ21165.1	85.211	426	58	2	1	422	1	425	0.0	721
MDB2515046.1	QIZ21163.1	92.784	291	21	0	1	291	1	291	0.0	518
MDB2515047.1	QIZ21162.1	88.083	386	46	0	1	386	1	386	0.0	688
MDB2515048.1	QIZ21161.1	95.000	320	16	0	1	320	1	320	0.0	608
MDB2515049.1	QIZ21160.1	96.579	497	17	0	1	497	1	497	0.0	994
MDB2515050.1	QIZ21159.1	92.208	231	18	0	1	231	27	257	8.45e-164	448
MDB2515051.1	QIZ21158.1	93.232	591	39	1	1	591	1	590	0.0	1158
MDB2515052.1	QIZ21157.1	87.963	108	13	0	1	108	1	108	2.83e-58	171
MDB2515053.1	QIZ21156.1	88.189	127	15	0	1	127	1	127	5.92e-80	227
MDB2515054.1	QIZ21155.1	89.790	333	34	0	1	333	1	333	0.0	612
MDB2515055.1	QIZ21154.1	92.412	369	28	0	1	369	1	369	0.0	695
MDB2515056.1	QIZ21153.1	83.333	258	43	0	1	258	1	258	3.16e-165	453
MDB2515057.1	QIZ21152.1	91.697	542	45	0	1	542	1	542	0.0	1030
MDB2515058.1	QIZ21151.1	94.361	532	30	0	1	532	56	587	0.0	1046
MDB2515059.1	QIZ20879.1	28.144	334	216	8	45	372	17	332	2.32e-29	114
MDB2515060.1	QIZ20742.1	91.475	434	37	0	1	434	1	434	0.0	834
MDB2515061.1	QIZ20743.1	87.415	294	37	0	1	294	1	294	0.0	522
MDB2515062.1	QIZ20744.1	96.049	329	13	0	1	329	1	329	0.0	657
MDB2515063.1	QIZ20745.1	88.809	277	31	0	1	277	1	277	0.0	496
MDB2515064.1	QIZ20746.1	91.761	886	73	0	1	886	1	886	0.0	1695
MDB2515065.1	QIZ20747.1	80.814	688	132	0	1	688	1	688	0.0	1118
MDB2515066.1	QIZ20748.1	91.781	292	24	0	1	292	1	292	0.0	574
MDB2515067.1	QIZ20749.1	92.910	268	19	0	1	268	1	268	1.76e-168	462
MDB2515068.1	QIZ20750.1	87.834	337	41	0	19	355	1	337	0.0	614
MDB2515069.1	QIZ20751.1	79.327	208	43	0	1	208	1	208	1.24e-125	349
MDB2515070.1	QIZ20752.1	93.056	360	25	0	1	360	1	360	0.0	679
MDB2515071.1	QIZ20753.1	88.836	636	71	0	3	638	2	637	0.0	1194
MDB2515072.1	QIZ20754.1	78.621	290	62	0	1	290	1	290	6.10e-162	447
MDB2515073.1	QIZ20755.1	75.309	81	20	0	1	81	1	81	1.76e-35	111
MDB2515074.1	QIZ20756.1	74.516	310	79	0	1	310	1	310	1.39e-169	468
MDB2515075.1	QIZ20886.1	33.182	220	142	3	9	223	23	242	3.26e-34	119
MDB2515078.1	QIZ20497.1	36.100	241	152	2	3	241	11	251	2.29e-42	140
MDB2515082.1	QIZ20757.1	90.184	326	32	0	1	326	1	326	0.0	586
MDB2515083.1	QIZ20758.1	92.833	293	21	0	5	297	1	293	0.0	563
MDB2515084.1	QIZ20759.1	94.651	430	23	0	1	430	1	430	0.0	833
MDB2515085.1	QIZ20760.1	82.222	270	48	0	1	270	1	270	2.66e-165	454
MDB2515086.1	QIZ20761.1	85.779	443	63	0	1	443	1	443	0.0	768
MDB2515087.1	QIZ20762.1	73.714	350	92	0	1	350	1	350	1.51e-176	489
MDB2515088.1	QIZ20763.1	92.675	628	45	1	3	629	1	628	0.0	1136
MDB2515089.1	QIZ20764.1	66.472	343	115	0	1	343	1	343	1.83e-167	466
MDB2515090.1	QIZ20765.1	78.419	329	66	1	1	329	1	324	0.0	526
MDB2515091.1	QIZ20766.1	88.050	159	19	0	10	168	1	159	2.32e-98	276
MDB2515092.1	QIZ20767.1	93.735	431	27	0	25	455	16	446	0.0	840
MDB2515093.1	QIZ20768.1	86.617	269	36	0	1	269	1	269	1.55e-145	404
MDB2515094.1	QIZ20769.1	97.101	138	4	0	1	138	1	138	3.68e-96	269
MDB2515095.1	QIZ20770.1	90.625	224	21	0	1	224	1	224	5.70e-150	412
MDB2515096.1	QIZ20771.1	92.683	164	12	0	1	164	1	164	2.27e-115	319
MDB2515097.1	QIZ20772.1	87.500	240	30	0	1	240	1	240	3.40e-159	436
MDB2515098.1	QIZ20773.1	86.194	268	37	0	1	268	1	268	3.55e-176	482
MDB2515099.1	QIZ20774.1	76.033	121	29	0	1	121	61	181	1.92e-65	192
MDB2515100.1	QIZ20587.1	87.500	144	18	0	1	144	1	144	6.82e-88	251
MDB2515101.1	QIZ20588.1	82.143	280	50	0	1	280	1	280	4.62e-177	485
MDB2515102.1	QIZ20606.1	87.917	480	58	0	1	480	1	480	0.0	897
MDB2515103.1	QIZ20607.1	88.889	108	12	0	1	108	1	108	3.46e-62	181
MDB2515104.1	QIZ20608.1	87.956	274	33	0	1	274	1	274	1.79e-180	493
MDB2515105.1	QIZ20609.1	87.879	330	40	0	1	330	1	330	0.0	597
MDB2515106.1	QIZ20610.1	90.608	181	17	0	1	181	1	181	3.34e-121	336
MDB2515107.1	QIZ20611.1	77.381	84	19	0	1	84	1	84	6.23e-38	118
MDB2515108.1	QIZ20612.1	82.759	145	25	0	1	145	1	145	1.77e-79	228
MDB2515109.1	QIZ20615.1	86.087	115	16	0	1	115	1	115	3.14e-75	214
MDB2515110.1	QIZ20616.1	93.617	517	33	0	66	582	65	581	0.0	1014
MDB2515111.1	QIZ20617.1	86.420	81	11	0	1	81	1	81	1.55e-51	151
MDB2515112.1	QIZ20618.1	90.361	166	16	0	1	166	1	166	7.27e-104	290
MDB2515113.1	QIZ20619.1	70.445	247	73	0	1	247	1	247	2.79e-104	298
MDB2515114.1	QIZ20620.1	78.571	196	42	0	1	196	1	196	9.11e-103	290
MDB2515115.1	QIZ20621.1	66.225	302	100	2	1	301	1	301	9.84e-141	395
MDB2515117.1	QIZ20622.1	86.505	289	39	0	1	289	1	289	2.46e-174	479
MDB2515118.1	QIZ20623.1	80.503	159	31	0	1	159	1	159	3.69e-87	248
MDB2515119.1	QIZ20624.1	97.009	468	14	0	1	468	1	468	0.0	950
MDB2515121.1	QIZ20625.1	96.364	110	4	0	1	110	1	110	1.34e-76	217
MDB2515122.1	QIZ20626.1	94.898	98	5	0	1	98	1	98	4.47e-65	187
MDB2515123.1	QIZ20627.1	94.231	156	9	0	1	156	1	156	2.58e-111	308
MDB2515124.1	QIZ20628.1	95.567	406	18	0	1	406	1	406	0.0	805
MDB2515125.1	QIZ20629.1	93.494	415	27	0	1	415	1	415	0.0	751
MDB2515126.1	QIZ20630.1	97.541	244	6	0	1	244	1	244	6.56e-173	471
MDB2515127.1	QIZ20631.1	97.708	480	11	0	1	480	1	480	0.0	980
MDB2515128.1	QIZ20632.1	89.286	140	15	0	1	140	1	140	1.07e-90	255
MDB2515129.1	QIZ20633.1	91.284	218	19	0	1	218	1	218	1.11e-145	400
MDB2515130.1	QIZ20634.1	49.604	379	172	6	1	364	1	375	8.50e-117	339
MDB2515131.1	QIZ20635.1	78.676	408	86	1	1	407	1	408	0.0	654
MDB2515132.1	QIZ21494.1	72.566	113	31	0	6	118	3	115	3.36e-62	181
MDB2515133.1	QIZ21493.1	80.972	247	47	0	1	247	1	247	2.37e-140	389
MDB2515134.1	QIZ21492.1	74.658	146	37	0	1	146	1	146	5.76e-78	223
MDB2515135.1	QIZ21491.1	49.515	103	45	1	1	96	1	103	1.63e-24	84.7
MDB2515136.1	QIZ21490.1	79.152	283	59	0	1	283	1	283	9.93e-165	454
MDB2515137.1	QIZ21489.1	66.154	195	66	0	1	195	1	195	2.04e-97	276
MDB2515138.1	QIZ21488.1	90.381	998	96	0	1	998	1	998	0.0	1890
MDB2515139.1	QIZ21487.1	93.023	86	6	0	1	86	1	86	5.56e-61	176
MDB2515140.1	QIZ21486.1	95.694	418	18	0	1	418	1	418	0.0	827
MDB2515141.1	QIZ21485.1	96.078	561	22	0	1	561	1	561	0.0	1099
MDB2515142.1	QIZ21484.1	41.985	262	151	1	1	262	1	261	4.61e-71	215
MDB2515143.1	QIZ21483.1	83.204	387	65	0	1	387	1	387	0.0	684
MDB2515144.1	QIZ21481.1	84.795	342	52	0	1	342	1	342	0.0	590
MDB2515145.1	QIZ21480.1	91.910	445	36	0	1	445	1	445	0.0	866
MDB2515146.1	QIZ21009.1	82.114	123	22	0	1	123	1	123	1.58e-75	216
MDB2515147.1	QIZ21479.1	92.061	655	52	0	1	655	63	717	0.0	1216
MDB2515148.1	QIZ20247.1	83.178	107	16	1	1	105	1	107	1.33e-61	180
MDB2515149.1	QIZ20246.1	86.345	249	34	0	1	249	1	249	9.81e-161	441
MDB2515150.1	QIZ20245.1	82.569	218	38	0	1	218	1	218	6.18e-136	377
MDB2515151.1	QIZ20244.1	90.625	256	24	0	1	256	1	256	0.0	497
MDB2515152.1	QIZ20243.1	89.767	430	44	0	1	430	1	430	0.0	814
MDB2515153.1	QIZ20242.1	91.506	259	22	0	1	259	1	259	7.53e-178	485
MDB2515154.1	QIZ20241.1	85.000	80	12	0	1	80	1	80	7.13e-46	137
MDB2515155.1	QIZ20240.1	77.533	227	51	0	1	227	1	227	2.42e-135	375
MDB2515156.1	QIZ20239.1	86.264	728	100	0	1	728	1	728	0.0	1315
MDB2515157.1	QIZ20238.1	86.842	76	10	0	1	76	1	76	2.87e-47	140
MDB2515158.1	QIZ20237.1	87.273	110	14	0	1	110	1	110	1.26e-71	204
MDB2515159.1	QIZ20236.1	91.707	205	17	0	1	205	1	205	3.61e-144	395
MDB2515160.1	QIZ20235.1	84.388	237	37	0	1	237	1	237	1.45e-146	404
MDB2515161.1	QIZ20234.1	90.056	533	53	0	1	533	1	533	0.0	1004
MDB2515162.1	QIZ20233.1	76.600	453	106	0	1	453	1	453	0.0	730
MDB2515163.1	QIZ20232.1	82.857	245	42	0	1	245	1	245	2.64e-157	432
MDB2515164.1	QIZ20231.1	93.246	459	31	0	1	459	1	459	0.0	908
MDB2515165.1	QIZ20230.1	89.109	606	66	0	1	606	1	606	0.0	1132
MDB2515166.1	QIZ20229.1	82.609	207	36	0	1	207	1	207	3.34e-122	340
MDB2515167.1	QIZ20228.1	86.900	229	30	0	1	229	1	229	1.41e-152	419
MDB2515168.1	QIZ20227.1	91.600	500	42	0	1	500	1	500	0.0	950
MDB2515169.1	QIZ20226.1	93.289	298	20	0	1	298	1	298	0.0	577
MDB2515170.1	QIZ20225.1	90.909	374	34	0	1	374	1	374	0.0	708
MDB2515171.1	QIZ20224.1	67.213	183	52	2	2	184	33	207	1.20e-82	239
MDB2515172.1	QIZ20222.1	93.275	342	23	0	1	342	1	342	0.0	680
MDB2515173.1	QIZ20221.1	93.333	645	43	0	1	645	1	645	0.0	1261
MDB2515174.1	QIZ20220.1	86.570	484	65	0	1	484	1	484	0.0	855
MDB2515176.1	QIZ20218.1	83.684	380	62	0	1	380	1	380	0.0	670
MDB2515177.1	QIZ20510.1	75.115	434	108	0	1	434	1	434	0.0	687
MDB2515178.1	QIZ20805.1	38.386	409	211	9	193	586	2	384	1.02e-83	263
MDB2515182.1	QIZ20511.1	95.447	593	27	0	1	593	1	593	0.0	1183
MDB2515183.1	QIZ20512.1	92.553	94	7	0	1	94	1	94	9.09e-61	176
MDB2515184.1	QIZ20513.1	97.680	388	9	0	1	388	1	388	0.0	791
MDB2515185.1	QIZ20514.1	86.246	349	48	0	8	356	8	356	0.0	597
MDB2515186.1	QIZ20516.1	77.095	358	82	0	1	358	1	358	0.0	503
MDB2515188.1	QIZ20517.1	90.517	116	11	0	1	116	1	116	5.77e-77	218
MDB2515189.1	QIZ20518.1	98.378	370	6	0	1	370	250	619	0.0	773
MDB2515190.1	QIZ21206.1	71.233	146	42	0	2	147	84	229	9.95e-71	208
MDB2515191.1	QIZ21207.1	80.252	238	47	0	1	238	1	238	2.43e-150	414
MDB2515192.1	QIZ21208.1	66.957	115	38	0	12	126	9	123	6.12e-53	159
MDB2515193.1	QIZ21209.1	81.910	199	36	0	1	199	1	199	2.11e-126	350
MDB2515194.1	QIZ21210.1	87.212	1040	133	0	1	1040	1	1040	0.0	1786
MDB2515195.1	QIZ21211.1	56.747	289	125	0	1	289	1	289	1.17e-119	341
MDB2515196.1	QIZ21212.1	73.234	269	72	0	1	269	1	269	1.79e-152	422
MDB2515197.1	QIZ21213.1	80.272	147	29	0	1	147	1	147	4.12e-88	249
MDB2515198.1	QIZ21214.1	67.347	294	96	0	1	294	1	294	6.02e-151	420
MDB2515199.1	QIZ21215.1	82.938	211	36	0	1	211	1	211	5.75e-130	360
MDB2515200.1	QIZ21216.1	44.681	94	52	0	1	94	1	94	1.76e-23	82.0
MDB2515201.1	QIZ20953.1	39.863	291	147	6	2	290	3	267	3.77e-58	183
MDB2515202.1	QIZ21217.1	91.573	178	15	0	1	178	1	178	3.24e-123	340
MDB2515203.1	QIZ21218.1	87.385	436	55	0	1	436	1	436	0.0	765
MDB2515204.1	QIZ21219.1	83.168	101	17	0	1	101	1	101	1.19e-59	174
MDB2515206.1	QIZ21220.1	87.120	691	89	0	1	691	1	691	0.0	1256
MDB2515207.1	QIZ21221.1	80.838	167	32	0	1	167	1	167	2.58e-90	256
MDB2515208.1	QIZ21222.1	26.837	313	213	7	1	312	1	298	3.71e-26	101
MDB2515209.1	QIZ21223.1	80.612	294	57	0	1	294	1	294	1.23e-179	493
MDB2515210.1	QIZ21224.1	87.879	396	48	0	1	396	1	396	0.0	736
MDB2515212.1	QIZ21225.1	74.251	167	43	0	15	181	14	180	7.65e-90	256
MDB2515213.1	QIZ21526.1	62.963	81	30	0	16	96	16	96	5.46e-35	111
MDB2515214.1	QIZ21226.1	76.106	113	27	0	1	113	1	113	1.60e-61	179
MDB2515215.1	QIZ21228.1	92.553	470	35	0	1	470	1	470	0.0	893
MDB2515216.1	QIZ21229.1	86.591	440	58	1	1	440	1	439	0.0	733
MDB2515217.1	QIZ21231.1	64.317	227	80	1	1	227	1	226	9.68e-106	300
MDB2515218.1	QIZ21232.1	83.721	215	35	0	1	215	1	215	8.76e-128	355
MDB2515219.1	QIZ21233.1	95.724	608	26	0	1	608	1	608	0.0	1195
MDB2515220.1	QIZ21234.1	72.771	617	93	8	1	545	1	614	0.0	833
MDB2515221.1	QIZ20787.1	57.078	219	93	1	2	220	6	223	8.06e-84	244
MDB2515223.1	QIZ21235.1	96.577	555	19	0	1	555	1	555	0.0	1069
MDB2515224.1	QIZ21236.1	97.917	96	2	0	1	96	1	96	9.13e-64	183
MDB2515225.1	QIZ21237.1	80.147	272	54	0	1	272	1	272	4.41e-168	461
MDB2515226.1	QIZ21238.1	81.518	303	56	0	1	303	1	303	3.69e-180	495
MDB2515227.1	QIZ21239.1	86.379	903	123	0	1	903	1	903	0.0	1608
MDB2515228.1	QIZ21240.1	50.909	165	80	1	1	164	1	165	2.52e-46	145
MDB2515230.1	QIZ20981.1	69.792	96	29	0	1	96	1	96	6.02e-44	145
MDB2515231.1	QIZ20958.1	33.514	185	108	4	8	189	39	211	3.63e-27	99.4
MDB2515232.1	QIZ20982.1	77.778	198	44	0	1	198	1	198	3.73e-112	314
MDB2515233.1	QIZ20983.1	61.392	158	61	0	4	161	2	159	1.64e-65	193
MDB2515234.1	QIZ20984.1	89.831	177	18	0	1	177	1	177	7.02e-108	301
MDB2515235.1	QIZ20985.1	91.489	188	16	0	1	188	1	188	1.22e-130	360
MDB2515236.1	QIZ20986.1	78.899	218	46	0	1	218	1	218	1.14e-131	365
MDB2515237.1	QIZ20987.1	83.582	67	11	0	1	67	1	67	1.41e-28	92.8
MDB2515238.1	QIZ20988.1	71.345	171	49	0	1	171	1	171	1.58e-91	259
MDB2515239.1	QIZ20989.1	85.588	451	65	0	1	451	1	451	0.0	770
MDB2515240.1	QIZ20990.1	80.693	404	78	0	1	404	1	404	0.0	674
MDB2515241.1	QIZ20991.1	79.399	233	48	0	1	233	1	233	8.59e-128	357
MDB2515242.1	QIZ20992.1	92.703	370	27	0	1	370	1	370	0.0	694
MDB2515243.1	QIZ20993.1	90.042	472	43	2	1	470	1	470	0.0	863
MDB2515244.1	QIZ20994.1	89.535	86	9	0	1	86	1	86	2.44e-47	141
MDB2515245.1	QIZ20995.1	74.913	287	72	0	1	287	1	287	2.85e-152	423
MDB2515246.1	QIZ20996.1	82.051	234	42	0	1	234	1	234	1.13e-148	409
MDB2515247.1	QIZ20997.1	88.506	522	60	0	1	522	1	522	0.0	919
MDB2515248.1	QIZ20998.1	81.297	401	75	0	1	401	1	401	0.0	667
MDB2515249.1	QIZ20999.1	74.483	145	37	0	1	145	1	145	7.60e-82	233
MDB2515250.1	QIZ21000.1	82.800	250	43	0	1	250	1	250	2.36e-148	410
MDB2515251.1	QIZ21001.1	74.324	148	38	0	1	148	2	149	2.25e-77	222
MDB2515252.1	QIZ21002.1	81.218	197	37	0	1	197	1	197	1.12e-117	328
MDB2515253.1	QIZ21003.1	96.840	443	14	0	1	443	1	443	0.0	897
MDB2515254.1	QIZ21004.1	98.551	138	2	0	1	138	1	138	4.64e-100	278
MDB2515255.1	QIZ21005.1	86.525	141	19	0	2	142	1	141	3.37e-90	254
MDB2515256.1	QIZ21006.1	84.940	166	25	0	1	166	1	166	1.16e-104	292
MDB2515257.1	QIZ21007.1	86.600	403	54	0	1	403	1	403	0.0	743
MDB2515258.1	QIZ21008.1	97.318	261	7	0	1	261	1	261	0.0	521
MDB2515259.1	QIZ20195.1	71.429	259	74	0	1	259	1	259	9.01e-140	389
MDB2515260.1	QIZ21010.1	97.101	690	20	0	1	690	1	690	0.0	1365
MDB2515261.1	QIZ21011.1	89.024	82	9	0	1	82	1	82	8.23e-49	145
MDB2515262.1	QIZ21012.1	91.803	122	10	0	1	122	1	122	1.05e-80	228
MDB2515263.1	QIZ21013.1	89.959	737	73	1	1	737	1	736	0.0	1312
MDB2515264.1	QIZ21014.1	93.810	517	32	0	1	517	14	530	0.0	957
MDB2515265.1	QIZ21015.1	90.488	389	37	0	1	389	1	389	0.0	714
MDB2515266.1	QIZ21016.1	67.512	434	141	0	1	434	84	517	0.0	574
MDB2515268.1	QIZ21043.1	68.551	849	262	2	1	849	1	844	0.0	1222
MDB2515269.1	QIZ21042.1	45.625	160	85	2	14	171	5	164	4.74e-46	146
MDB2515270.1	QIZ21041.1	32.153	367	185	15	10	350	1	329	2.89e-29	110
MDB2515272.1	QIZ21040.1	52.247	178	81	2	1	176	1	176	4.82e-53	163
MDB2515273.1	QIZ21039.1	55.405	222	92	3	1	221	1	216	3.29e-82	240
MDB2515274.1	QIZ21038.1	67.901	162	52	0	1	162	1	162	7.03e-77	222
MDB2515275.1	QIZ21037.1	58.462	195	70	3	4	190	2	193	5.76e-67	199
MDB2515277.1	QIZ21036.1	75.000	308	77	0	1	308	1	308	2.31e-170	470
MDB2515278.1	QIZ21035.1	86.636	217	29	0	1	217	1	217	1.04e-134	372
MDB2515279.1	QIZ21034.1	82.946	258	44	0	1	258	1	258	2.40e-159	438
MDB2515280.1	QIZ21033.1	92.246	374	27	2	1	373	1	373	0.0	684
MDB2515281.1	QIZ21032.1	93.631	628	40	0	1	628	1	628	0.0	1192
MDB2515282.1	QIZ21031.1	71.564	211	59	1	1	210	1	211	6.91e-105	296
MDB2515283.1	QIZ21030.1	80.000	200	39	1	1	199	1	200	4.61e-107	301
MDB2515284.1	QIZ21029.1	73.890	383	97	2	1	380	1	383	0.0	547
MDB2515285.1	QIZ21028.1	77.003	287	66	0	1	287	1	287	2.34e-153	426
MDB2515286.1	QIZ21027.1	85.787	197	28	0	1	197	1	197	9.81e-124	343
MDB2515287.1	QIZ21026.1	83.486	327	54	0	1	327	434	760	0.0	555
MDB2515288.1	QIZ21025.1	77.210	509	115	1	1	509	1	508	0.0	768
MDB2515289.1	QIZ21024.1	84.384	333	52	0	1	333	1	333	0.0	584
MDB2515290.1	QIZ21023.1	83.333	180	30	0	1	180	1	180	1.55e-109	306
MDB2515292.1	QIZ21022.1	71.733	329	92	1	2	330	5	332	0.0	500
MDB2515293.1	QIZ21021.1	79.688	128	26	0	1	128	1	128	3.84e-73	210
MDB2515294.1	QIZ21020.1	91.852	135	11	0	1	135	1	135	4.51e-90	253
MDB2515295.1	QIZ21019.1	82.637	455	79	0	1	455	1	455	0.0	754
MDB2515296.1	QIZ21018.1	92.492	333	25	0	1	333	1	333	0.0	632
MDB2515297.1	QIZ21017.1	74.038	104	27	0	1	104	1	104	2.91e-41	129
MDB2515298.1	QIZ20869.1	83.608	848	139	0	1	848	1	848	0.0	1466
MDB2515299.1	QIZ20868.1	74.463	419	106	1	2	420	16	433	0.0	651
MDB2515300.1	QIZ20866.1	84.583	240	37	0	1	240	1	240	1.01e-150	415
MDB2515301.1	QIZ20865.1	84.615	403	62	0	1	403	1	403	0.0	700
MDB2515302.1	QIZ20864.1	90.164	366	36	0	1	366	1	366	0.0	679
MDB2515303.1	QIZ20863.1	89.916	357	36	0	1	357	1	357	0.0	627
MDB2515304.1	QIZ20862.1	76.071	280	67	0	1	280	1	280	1.37e-151	421
MDB2515305.1	QIZ20861.1	65.517	145	34	4	1	130	1	144	1.33e-55	167
MDB2515306.1	QIZ20860.1	80.000	400	80	0	33	432	33	432	0.0	670
MDB2515313.1	QIZ20844.1	32.493	357	212	10	26	377	30	362	5.48e-36	130
MDB2515317.1	QIZ21059.1	60.215	93	37	0	1	93	1	93	2.92e-34	112
MDB2515318.1	QIZ21058.1	61.069	262	102	0	2	263	3	264	2.68e-112	320
MDB2515319.1	QIZ21057.1	77.083	192	44	0	1	192	1	192	1.02e-105	297
MDB2515320.1	QIZ21056.1	83.577	274	45	0	1	274	1	274	8.90e-174	476
MDB2515321.1	QIZ21055.1	83.784	333	54	0	1	333	1	333	0.0	580
MDB2515322.1	QIZ21054.1	35.952	331	189	8	16	328	11	336	1.28e-57	186
MDB2515324.1	QIZ21052.1	96.209	422	16	0	1	422	1	422	0.0	828
MDB2515325.1	QIZ21590.1	40.930	215	117	6	1	212	1	208	3.72e-40	135
MDB2515326.1	QIZ21050.1	83.521	443	73	0	1	443	1	443	0.0	751
MDB2515327.1	QIZ21049.1	87.258	620	79	0	1	620	1	620	0.0	1108
MDB2515328.1	QIZ21048.1	61.502	213	82	0	1	213	1	213	1.34e-96	276
MDB2515329.1	QIZ21047.1	85.606	264	38	0	1	264	1	264	2.27e-171	469
MDB2515330.1	QIZ21046.1	80.851	282	54	0	1	282	1	282	3.87e-167	460
MDB2515331.1	QIZ21045.1	56.716	268	116	0	2	269	64	331	1.12e-99	290
MDB2515332.1	QIZ21264.1	63.594	217	79	0	1	217	1	217	1.13e-90	261
MDB2515333.1	QIZ21263.1	80.608	263	50	1	1	263	1	262	8.79e-150	414
MDB2515334.1	QIZ21262.1	76.836	177	41	0	2	178	1	177	2.94e-105	295
MDB2515335.1	QIZ21259.1	95.580	543	24	0	1	543	1	543	0.0	1009
MDB2515336.1	QIZ21258.1	83.395	271	45	0	1	271	1	271	4.21e-165	454
MDB2515337.1	QIZ21257.1	86.266	233	31	1	1	232	1	233	3.01e-141	390
MDB2515338.1	QIZ21256.1	94.009	217	13	0	1	217	1	217	2.07e-141	390
MDB2515340.1	QIZ21255.1	96.639	119	4	0	1	119	1	119	4.67e-83	234
MDB2515341.1	QIZ21254.1	92.405	79	6	0	1	79	1	79	8.05e-54	157
MDB2515343.1	QIZ21253.1	86.022	279	39	0	1	279	1	279	0.0	504
MDB2515344.1	QIZ21252.1	85.449	323	47	0	1	323	1	323	0.0	573
MDB2515345.1	QIZ21251.1	88.806	134	15	0	1	134	1	134	3.49e-89	251
MDB2515346.1	QIZ21250.1	76.655	287	67	0	1	287	1	287	5.30e-161	445
MDB2515347.1	QIZ21249.1	70.557	557	164	0	1	557	1	557	0.0	811
MDB2515348.1	QIZ20775.1	93.750	64	4	0	1	64	1	64	1.26e-40	125
MDB2515349.1	QIZ20776.1	81.308	107	20	0	1	107	1	107	9.65e-53	156
MDB2515350.1	QIZ20777.1	87.883	652	79	0	1	652	1	652	0.0	1200
MDB2515351.1	QIZ20778.1	88.955	335	37	0	1	335	1	335	0.0	622
MDB2515352.1	QIZ20779.1	80.102	392	78	0	1	392	1	392	0.0	631
MDB2515353.1	QIZ20780.1	80.952	336	64	0	1	336	1	336	0.0	565
MDB2515354.1	QIZ20781.1	76.329	207	49	0	1	207	1	207	9.33e-100	283
MDB2515355.1	QIZ20782.1	94.086	186	11	0	1	186	1	186	1.96e-132	364
MDB2515356.1	QIZ20783.1	88.618	246	28	0	1	246	1	246	2.11e-164	450
MDB2515357.1	QIZ20784.1	97.368	76	2	0	1	76	1	76	8.04e-53	154
MDB2515358.1	QIZ20785.1	86.857	175	23	0	1	175	1	175	2.86e-117	327
MDB2515359.1	QIZ20786.1	100.000	63	0	0	6	68	2	64	2.90e-38	117
MDB2515360.1	QIZ20853.1	53.448	232	108	0	1	232	7	238	1.28e-85	250
MDB2515361.1	QIZ20788.1	93.103	464	32	0	2	465	1	464	0.0	879
MDB2515362.1	QIZ20789.1	92.632	95	7	0	1	95	1	95	7.63e-59	171
MDB2515363.1	QIZ20790.1	83.673	294	48	0	1	294	69	362	0.0	498
MDB2515364.1	QIZ20684.1	81.356	118	22	0	1	118	298	415	1.23e-66	202
MDB2515365.1	QIZ20683.1	86.379	301	41	0	1	301	1	301	0.0	499
MDB2515366.1	QIZ20682.1	92.593	405	30	0	1	405	1	405	0.0	786
MDB2515367.1	QIZ20681.1	97.283	368	10	0	4	371	3	370	0.0	751
MDB2515368.1	QIZ20680.1	77.616	344	77	0	4	347	3	346	0.0	571
MDB2515369.1	QIZ21307.1	27.820	266	184	6	9	269	9	271	5.56e-29	108
MDB2515370.1	QIZ20679.1	94.667	75	4	0	4	78	1	75	3.19e-51	150
MDB2515371.1	QIZ20675.1	63.235	68	25	0	1	68	1	68	3.73e-27	89.4
MDB2515372.1	QIZ20674.1	80.407	393	77	0	1	393	1	393	0.0	671
MDB2515375.1	QIZ20735.1	55.866	179	77	1	2	180	80	256	1.26e-54	169
MDB2515377.1	QIZ20311.1	36.364	165	104	1	14	177	40	204	3.38e-25	95.1
MDB2515378.1	QIZ20311.1	33.136	169	112	1	51	218	74	242	5.07e-25	94.4
MDB2515379.1	QIZ20416.1	46.983	232	111	2	9	240	3	222	2.23e-71	214
MDB2515380.1	QIZ21459.1	75.000	380	95	0	1	380	1	380	0.0	594
MDB2515381.1	QIZ21460.1	93.424	441	29	0	1	441	1	441	0.0	871
MDB2515382.1	QIZ21461.1	98.416	442	7	0	1	442	1	442	0.0	892
MDB2515383.1	QIZ21462.1	96.476	227	8	0	1	227	1	227	1.87e-164	449
MDB2515384.1	QIZ21463.1	95.578	294	13	0	1	294	1	294	0.0	560
MDB2515385.1	QIZ21464.1	94.595	74	4	0	1	74	1	74	1.25e-48	144
MDB2515386.1	QIZ21465.1	97.210	466	13	0	1	466	1	466	0.0	914
MDB2515387.1	QIZ21466.1	94.017	117	7	0	19	135	17	133	1.76e-83	236
MDB2515388.1	QIZ21467.1	97.257	474	12	1	1	473	1	474	0.0	956
MDB2515389.1	QIZ21468.1	96.831	284	9	0	1	284	1	284	0.0	564
MDB2515390.1	QIZ21469.1	97.771	314	7	0	1	314	1	314	0.0	638
MDB2515391.1	QIZ21470.1	93.525	278	11	1	1	271	183	460	0.0	542
MDB2515392.1	QIZ21447.1	98.119	319	6	0	1	319	1	319	0.0	650
MDB2515393.1	QIZ21448.1	97.908	478	10	0	1	478	1	478	0.0	966
MDB2515394.1	QIZ20485.1	32.454	493	301	6	6	482	9	485	1.34e-88	275
MDB2515398.1	QIZ21449.1	92.424	396	30	0	1	396	1	396	0.0	756
MDB2515399.1	QIZ21450.1	86.726	113	15	0	1	113	1	113	4.00e-73	208
MDB2515400.1	QIZ21451.1	74.490	196	49	1	1	195	1	196	3.76e-93	266
MDB2515401.1	QIZ21452.1	91.114	889	79	0	1	889	1	889	0.0	1683
MDB2515403.1	QIZ20973.1	54.478	134	61	0	1	134	1	134	2.66e-38	129
MDB2515404.1	QIZ20974.1	93.281	1012	68	0	1	1012	1	1012	0.0	1977
MDB2515405.1	QIZ20975.1	88.608	395	45	0	1	395	1	395	0.0	729
MDB2515406.1	QIZ20976.1	97.163	141	4	0	1	141	1	141	7.47e-101	281
MDB2515411.1	QIZ21085.1	25.366	410	284	9	1	396	271	672	7.68e-33	125
MDB2515412.1	QIZ20698.1	85.099	302	45	0	1	302	91	392	0.0	539
MDB2515413.1	QIZ20697.1	63.793	174	59	2	3	175	12	182	1.09e-76	223
MDB2515415.1	QIZ20696.1	77.328	247	56	0	1	247	1	247	1.20e-145	403
MDB2515416.1	QIZ20695.1	77.419	155	35	0	1	155	1	155	2.35e-69	202
MDB2515417.1	QIZ20694.1	92.098	367	29	0	1	367	1	367	0.0	686
MDB2515419.1	QIZ20692.1	70.208	480	143	0	4	483	12	491	0.0	722
MDB2515420.1	QIZ20691.1	98.482	922	14	0	1	922	1	922	0.0	1908
MDB2515421.1	QIZ20690.1	97.514	523	13	0	1	523	30	552	0.0	1045
MDB2515427.1	QIZ21080.1	32.093	215	144	1	3	217	2	214	4.46e-38	127
MDB2515432.1	QIZ20501.1	28.428	299	198	6	273	568	23	308	1.84e-27	108
MDB2515440.1	QIZ21117.1	90.339	383	37	0	1	383	1	383	0.0	668
MDB2515441.1	QIZ21116.1	88.406	138	16	0	1	138	1	138	1.33e-88	249
MDB2515442.1	QIZ21115.1	82.667	75	13	0	1	75	1	75	2.75e-42	127
MDB2515443.1	QIZ21114.1	88.983	236	26	0	1	236	1	236	1.75e-157	432
MDB2515444.1	QIZ21113.1	96.226	106	4	0	1	106	1	106	2.33e-75	214
MDB2515445.1	QIZ21112.1	88.398	181	21	0	1	181	1	181	6.22e-120	332
MDB2515446.1	QIZ21111.1	86.087	115	15	1	1	115	1	114	1.95e-68	197
MDB2515447.1	QIZ21110.1	93.281	253	17	0	1	253	1	253	4.05e-174	475
MDB2515448.1	QIZ21109.1	82.029	345	62	0	1	345	1	345	0.0	614
MDB2515449.1	QIZ21108.1	76.331	169	39	1	1	169	1	168	9.52e-98	275
MDB2515450.1	QIZ21107.1	90.609	394	37	0	1	394	1	394	0.0	741
MDB2515451.1	QIZ21105.1	92.105	152	10	1	1	150	1	152	7.07e-91	256
MDB2515452.1	QIZ21104.1	96.032	126	5	0	1	126	1	126	7.18e-84	237
MDB2515453.1	QIZ21103.1	93.511	262	17	0	1	262	1	262	0.0	513
MDB2515454.1	QIZ21073.1	72.727	121	33	0	1	121	1	121	1.40e-64	187
MDB2515455.1	QIZ21072.1	48.913	92	44	2	1	90	1	91	1.87e-21	76.6
MDB2515456.1	QIZ21071.1	88.446	251	29	0	1	251	1	251	1.99e-167	458
MDB2515457.1	QIZ21070.1	88.750	240	26	1	1	240	1	239	5.56e-156	428
MDB2515459.1	QIZ21068.1	88.462	208	24	0	1	208	1	208	1.09e-136	377
MDB2515460.1	QIZ21067.1	94.388	196	11	0	1	196	1	196	3.93e-140	385
MDB2515461.1	QIZ21066.1	97.076	171	5	0	1	171	1	171	1.33e-120	333
MDB2515462.1	QIZ21065.1	93.187	455	31	0	1	455	1	455	0.0	837
MDB2515463.1	QIZ21064.1	75.188	133	33	0	7	139	38	170	1.59e-68	200
MDB2515464.1	QIZ21063.1	81.218	197	37	0	1	197	1	197	2.61e-117	327
MDB2515465.1	QIZ21062.1	82.143	140	25	0	1	140	1	140	1.20e-72	209
MDB2515466.1	QIZ21061.1	60.145	138	55	0	4	141	3	140	1.25e-58	174
MDB2515467.1	QIZ21060.1	79.821	223	45	0	1	223	1	223	4.70e-133	369
MDB2515469.1	QIZ20734.1	76.667	180	42	0	1	180	1	180	1.09e-95	271
MDB2515470.1	QIZ20736.1	82.212	208	37	0	1	208	1	208	1.97e-134	371
MDB2515471.1	QIZ20737.1	89.349	338	36	0	1	338	1	338	0.0	603
MDB2515472.1	QIZ20738.1	86.792	106	14	0	1	106	1	106	1.52e-70	201
MDB2515473.1	QIZ20739.1	86.719	256	34	0	1	256	1	256	2.08e-165	453
MDB2515474.1	QIZ20740.1	94.929	631	32	0	1	631	1	631	0.0	1248
MDB2515475.1	QIZ20741.1	70.642	109	32	0	1	109	1	109	1.92e-53	159
MDB2515477.1	QIZ21387.1	92.191	461	36	0	1	461	1	461	0.0	858
MDB2515482.1	QIZ21259.1	39.854	547	303	7	38	577	4	531	1.77e-123	372
MDB2515486.1	QIZ21260.1	74.797	246	58	1	10	255	18	259	9.29e-136	380
MDB2515487.1	QIZ21205.1	66.978	321	106	0	1	321	1	321	5.65e-154	430
MDB2515488.1	QIZ21204.1	71.711	152	43	0	1	152	1	152	1.41e-76	221
MDB2515489.1	QIZ21203.1	93.224	428	29	0	1	428	1	428	0.0	814
MDB2515490.1	QIZ21202.1	84.344	511	80	0	1	511	1	511	0.0	823
MDB2515491.1	QIZ21201.1	94.468	235	13	0	1	235	1	235	2.88e-164	449
MDB2515492.1	QIZ21200.1	89.489	352	37	0	1	352	573	924	0.0	654
MDB2515493.1	QIZ21374.1	75.776	322	78	0	1	322	53	374	1.25e-162	454
MDB2515494.1	QIZ21375.1	61.798	356	134	1	1	354	1	356	1.17e-158	444
MDB2515495.1	QIZ21376.1	83.190	464	78	0	1	464	1	464	0.0	797
MDB2515496.1	QIZ21377.1	75.000	312	78	0	1	312	1	312	5.01e-167	462
MDB2515497.1	QIZ20732.1	93.500	200	13	0	147	346	227	426	1.57e-134	385
MDB2515498.1	QIZ21095.1	81.467	259	47	1	1	259	105	362	5.84e-157	436
MDB2515499.1	QIZ20326.1	85.185	135	20	0	1	135	88	222	5.09e-82	236
MDB2515500.1	QIZ20327.1	80.531	226	44	0	1	226	1	226	3.46e-126	352
MDB2515501.1	QIZ20328.1	87.538	329	41	0	1	329	1	329	0.0	604
MDB2515502.1	QIZ20329.1	92.488	213	16	0	1	213	1	213	1.34e-154	422
MDB2515503.1	QIZ20330.1	85.816	141	20	0	1	141	1	141	5.21e-88	248
MDB2515504.1	QIZ20331.1	92.431	436	33	0	1	436	1	436	0.0	837
MDB2515505.1	QIZ20332.1	95.395	152	7	0	1	152	1	152	4.42e-107	297
MDB2515507.1	QIZ21272.1	67.669	133	43	0	1	133	1	133	9.30e-52	161
MDB2515508.1	QIZ21273.1	84.156	486	76	1	1	486	1	485	0.0	840
MDB2515509.1	QIZ21274.1	80.000	165	33	0	1	165	4	168	1.75e-92	262
MDB2515510.1	QIZ21275.1	78.090	178	39	0	18	195	1	178	2.06e-98	278
MDB2515511.1	QIZ21276.1	100.000	75	0	0	1	75	1	75	1.79e-46	138
MDB2515512.1	QIZ21277.1	94.262	244	14	0	1	244	1	244	5.29e-170	464
MDB2515513.1	QIZ21278.1	92.308	91	7	0	1	91	1	91	8.36e-57	166
MDB2515514.1	QIZ21279.1	93.281	253	17	0	1	253	605	857	1.29e-166	478
MDB2515515.1	QIZ21270.1	62.162	148	46	1	1	138	164	311	1.52e-53	166
MDB2515516.1	QIZ21269.1	83.439	314	52	0	1	314	1	314	0.0	544
MDB2515517.1	QIZ21268.1	70.000	320	96	0	1	320	1	320	6.20e-167	463
MDB2515518.1	QIZ21267.1	77.857	140	31	0	1	140	1	140	5.67e-75	215
MDB2515519.1	QIZ21266.1	71.875	160	45	0	1	160	1	160	3.79e-89	253
MDB2515520.1	QIZ21265.1	77.729	458	102	0	1	458	1	458	0.0	732
MDB2515522.1	QIZ21134.1	95.405	370	15	2	1	369	1	369	0.0	697
MDB2515523.1	QIZ21125.1	89.590	317	33	0	1	317	1	317	0.0	584
MDB2515524.1	QIZ21124.1	97.374	457	12	0	1	457	1	457	0.0	920
MDB2515525.1	QIZ21123.1	95.161	372	18	0	1	372	17	388	0.0	723
MDB2515526.1	QIZ20702.1	89.655	203	21	0	1	203	166	368	6.68e-133	373
MDB2515527.1	QIZ20701.1	82.540	126	22	0	1	126	1	126	1.11e-78	224
MDB2515528.1	QIZ20700.1	96.954	952	29	0	1	952	1	952	0.0	1938
MDB2515529.1	QIZ20699.1	91.566	83	7	0	1	83	1	83	2.87e-48	153
MDB2515530.1	QIZ21511.1	95.429	175	8	0	1	175	15	189	6.59e-126	347
MDB2515531.1	QIZ21512.1	84.733	131	20	0	1	131	36	166	1.64e-83	238
MDB2515532.1	QIZ21513.1	98.025	810	16	0	1	810	1	810	0.0	1645
MDB2515533.1	QIZ21514.1	95.960	99	4	0	1	99	1	99	1.09e-62	186
MDB2515534.1	QIZ21242.1	77.812	320	71	0	1	320	60	379	0.0	502
MDB2515535.1	QIZ21243.1	77.005	187	43	0	1	187	1	187	2.64e-89	255
MDB2515536.1	QIZ21244.1	78.622	421	90	0	1	421	1	421	0.0	681
MDB2515537.1	QIZ21245.1	81.967	61	11	0	1	61	1	61	2.34e-35	109
MDB2515538.1	QIZ21246.1	62.009	229	87	0	2	230	58	286	2.34e-105	301
MDB2515540.1	QIZ21503.1	87.845	181	22	0	1	181	1	181	4.23e-117	325
MDB2515541.1	QIZ21504.1	96.681	452	15	0	1	452	1	452	0.0	919
MDB2515542.1	QIZ21505.1	90.496	242	23	0	1	242	1	242	5.66e-167	456
MDB2515543.1	QIZ21506.1	73.881	134	35	0	1	134	1	134	1.07e-69	210
MDB2515544.1	QIZ21102.1	98.010	201	4	0	1	201	1	201	7.75e-138	379
MDB2515546.1	QIZ21101.1	93.724	239	15	0	1	239	1	239	1.00e-170	466
MDB2515547.1	QIZ21100.1	87.681	138	17	0	4	141	1	138	8.85e-84	238
MDB2515548.1	QIZ21099.1	95.000	40	2	0	1	40	1	40	4.61e-23	77.0
MDB2515549.1	QIZ21097.1	96.000	375	15	0	1	375	121	495	0.0	749
MDB2515550.1	QIZ21097.1	93.182	44	3	0	1	44	1	44	5.48e-25	89.7
MDB2515551.1	QIZ21096.1	95.339	236	11	0	1	236	1	236	1.15e-167	457
MDB2515554.1	QIZ21093.1	95.730	281	12	0	1	281	1	281	0.0	544
MDB2515555.1	QIZ21092.1	71.875	96	27	0	1	96	1	96	2.53e-47	142
MDB2515556.1	QIZ21091.1	87.970	266	32	0	1	266	96	361	1.25e-170	471
MDB2515558.1	QIZ21088.1	86.555	357	48	0	1	357	1	357	0.0	636
MDB2515559.1	QIZ21089.1	70.684	307	87	1	1	304	1	307	2.04e-156	435
MDB2515560.1	QIZ21090.1	75.610	164	40	0	1	164	1	164	1.26e-91	262
MDB2515561.1	QIZ20585.1	82.609	92	16	0	1	92	177	268	1.09e-53	164
MDB2515562.1	QIZ20584.1	82.065	184	33	0	6	189	3	186	4.60e-114	318
MDB2515563.1	QIZ20583.1	79.464	112	23	0	1	112	1	112	4.98e-66	191
MDB2515564.1	QIZ20581.1	73.333	75	20	0	1	75	1	75	2.08e-36	113
MDB2515565.1	QIZ20579.1	90.909	110	10	0	1	110	1	110	2.12e-67	194
MDB2515566.1	QIZ20578.1	94.118	68	4	0	1	68	1	68	3.37e-44	132
MDB2515567.1	QIZ20577.1	91.509	106	9	0	1	106	1	106	9.39e-71	202
MDB2515568.1	QIZ20576.1	96.939	98	3	0	1	98	1	98	4.62e-65	187
MDB2515569.1	QIZ20574.1	85.714	84	12	0	1	84	39	122	2.44e-51	152
MDB2515570.1	QIZ21368.1	81.690	497	85	3	1	493	1	495	0.0	744
MDB2515571.1	QIZ21367.1	89.032	155	17	0	1	155	1	155	9.00e-106	294
MDB2515572.1	QIZ21083.1	70.115	87	25	1	1	87	1	86	6.13e-41	125
MDB2515573.1	QIZ21082.1	85.880	602	85	0	1	602	1	602	0.0	1011
MDB2515574.1	QIZ21081.1	78.161	87	19	0	1	87	29	115	2.26e-46	140
MDB2515575.1	QIZ21080.1	85.484	186	27	0	1	186	1	186	9.58e-117	326
MDB2515577.1	QIZ20851.1	31.611	329	185	10	4	327	6	299	4.21e-33	120
MDB2515578.1	QIZ20858.1	34.328	335	195	9	5	333	29	344	1.29e-29	112
MDB2515580.1	QIZ20248.1	69.804	255	77	0	1	255	1	255	6.27e-120	338
MDB2515583.1	QIZ21122.1	90.358	363	35	0	1	363	1	363	0.0	701
MDB2515584.1	QIZ21121.1	96.073	382	15	0	1	382	1	382	0.0	768
MDB2515585.1	QIZ21120.1	67.143	140	45	1	33	172	31	169	1.42e-65	194
MDB2515586.1	QIZ21119.1	81.176	85	16	0	1	85	38	122	6.16e-41	126
MDB2515587.1	QIZ20970.1	86.221	479	66	0	1	479	1	479	0.0	850
MDB2515588.1	QIZ20969.1	88.808	411	46	0	1	411	1	411	0.0	775
MDB2515589.1	QIZ21383.1	79.725	582	118	0	2	583	95	676	0.0	944
MDB2515590.1	QIZ21384.1	73.618	398	105	0	2	399	167	564	0.0	596
MDB2515591.1	QIZ21135.1	89.444	180	19	0	1	180	16	195	1.50e-124	344
MDB2515592.1	QIZ21136.1	95.585	453	20	0	1	453	1	453	0.0	833
MDB2515593.1	QIZ21137.1	72.656	256	70	0	1	256	1	256	2.61e-129	369
MDB2515598.1	QIZ20337.1	64.545	110	39	0	1	110	210	319	2.87e-36	121
MDB2515599.1	QIZ20338.1	95.292	701	33	0	1	701	1	701	0.0	1283
MDB2515600.1	QIZ20347.1	80.100	201	40	0	1	201	26	226	1.70e-106	305
MDB2515602.1	QIZ20341.1	95.000	60	3	0	1	60	1	60	2.31e-39	119
MDB2515603.1	QIZ20342.1	86.826	334	44	0	1	334	1	334	0.0	595
MDB2515604.1	QIZ20350.1	90.972	144	13	0	3	146	6	149	6.56e-97	271
MDB2515605.1	QIZ20349.1	92.157	153	12	0	1	153	1	153	7.73e-107	297
MDB2515606.1	QIZ20348.1	85.202	446	61	1	1	446	1	441	0.0	783
MDB2515607.1	QIZ20645.1	91.860	258	21	0	1	258	16	273	1.21e-178	488
MDB2515608.1	QIZ20646.1	90.236	594	58	0	1	594	1	594	0.0	1117
MDB2515609.1	QIZ20203.1	98.715	389	5	0	1	389	55	443	0.0	762
MDB2515610.1	QIZ20204.1	94.801	327	17	0	7	333	1	327	0.0	654
MDB2515611.1	QIZ20205.1	88.119	101	12	0	1	101	1	101	3.99e-42	135
MDB2515612.1	QIZ20636.1	77.976	168	37	0	1	168	563	730	1.69e-91	277
MDB2515613.1	QIZ21496.1	98.529	68	1	0	1	68	1	68	8.57e-47	139
MDB2515614.1	QIZ21497.1	79.870	154	31	0	1	154	1	154	5.49e-92	259
MDB2515615.1	QIZ21094.1	79.000	300	62	1	4	302	49	348	5.43e-180	496
MDB2515616.1	QIZ20977.1	88.487	747	86	0	1	747	3	749	0.0	1365
MDB2515617.1	QIZ20198.1	91.250	80	7	0	1	80	1	80	2.32e-34	116
MDB2515618.1	QIZ20197.1	87.421	159	20	0	1	159	1	159	8.17e-105	297
MDB2515619.1	QIZ20197.1	90.000	130	13	0	1	130	160	289	2.09e-84	244
MDB2515620.1	QIZ20196.1	66.332	199	67	0	1	199	1	199	4.80e-105	296
MDB2515621.1	QIZ20192.1	83.832	167	27	0	1	167	1	167	2.04e-103	290
MDB2515622.1	QIZ21384.1	68.687	99	31	0	1	99	1	99	2.20e-42	140
MDB2515623.1	QIZ21385.1	89.233	678	73	0	1	678	1	678	0.0	1267
MDB2515624.1	QIZ20673.1	88.783	419	47	0	1	419	1	419	0.0	729
MDB2515625.1	QIZ20672.1	90.210	286	28	0	7	292	1	286	0.0	526
MDB2515626.1	QIZ21380.1	58.642	162	65	1	2	163	210	369	2.34e-60	187
MDB2515627.1	QIZ21381.1	76.471	306	72	0	1	306	1	306	8.13e-174	479
MDB2515628.1	QIZ21382.1	57.333	225	96	0	17	241	19	243	2.32e-95	276
MDB2515630.1	QIZ20642.1	94.369	444	25	0	1	444	1	444	0.0	865
MDB2515631.1	QIZ20641.1	85.106	141	21	0	1	141	1	141	1.75e-83	237
MDB2515632.1	QIZ20640.1	84.677	124	19	0	1	124	21	144	1.30e-76	219
MDB2515633.1	QIZ20689.1	78.862	246	52	0	1	246	1	246	1.16e-144	401
MDB2515634.1	QIZ20687.1	96.273	161	6	0	1	161	1	161	7.62e-108	300
MDB2515635.1	QIZ20686.1	87.500	136	14	1	1	133	1	136	1.20e-85	242
MDB2515636.1	QIZ20685.1	92.361	144	11	0	1	144	1	144	9.58e-99	278
MDB2515637.1	QIZ20557.1	94.375	320	18	0	1	320	1	320	0.0	622
MDB2515639.1	QIZ20556.1	84.375	288	45	0	1	288	61	348	0.0	498
MDB2515640.1	QIZ20863.1	43.946	223	118	4	99	318	105	323	3.09e-54	177
