MDC0468810.1	QIZ20718.1	60.606	99	39	0	1	99	47	145	1.76e-39	124
MDC0468811.1	QIZ20717.1	79.463	521	105	2	1	519	1	521	0.0	834
MDC0468812.1	QIZ20716.1	79.856	139	28	0	1	139	1	139	7.30e-86	243
MDC0468813.1	QIZ20715.1	67.059	255	84	0	2	256	3	257	9.83e-122	343
MDC0468816.1	QIZ21131.1	29.151	271	175	6	10	266	14	281	1.30e-34	122
MDC0468818.1	QIZ21133.1	49.861	359	172	4	15	367	1	357	1.51e-123	356
MDC0468819.1	QIZ21132.1	39.216	357	208	3	1	353	1	352	4.76e-79	242
MDC0468822.1	QIZ21438.1	76.518	247	58	0	1	247	1	247	1.02e-139	388
MDC0468823.1	QIZ21439.1	79.639	388	79	0	1	388	1	388	0.0	659
MDC0468824.1	QIZ21440.1	84.807	362	54	1	1	361	1	362	0.0	643
MDC0468825.1	QIZ21441.1	73.829	363	89	4	13	371	13	373	0.0	549
MDC0468826.1	QIZ21442.1	69.082	414	128	0	4	417	2	415	0.0	613
MDC0468827.1	QIZ21443.1	86.972	284	37	0	1	284	1	284	1.58e-171	471
MDC0468828.1	QIZ20975.1	37.626	396	219	6	1	374	5	394	1.40e-73	229
MDC0468829.1	QIZ21444.1	84.730	740	113	0	1	740	1	740	0.0	1292
MDC0468830.1	QIZ21445.1	69.953	213	64	0	1	213	1	213	3.61e-112	315
MDC0468831.1	QIZ21446.1	57.965	226	90	1	18	238	18	243	2.08e-90	263
MDC0468832.1	QIZ21447.1	92.453	318	24	0	1	318	1	318	0.0	617
MDC0468833.1	QIZ21448.1	75.314	478	118	0	1	478	1	478	0.0	761
MDC0468834.1	QIZ21449.1	72.868	387	105	0	7	393	10	396	0.0	611
MDC0468835.1	QIZ21450.1	90.265	113	11	0	1	113	1	113	2.96e-75	214
MDC0468836.1	QIZ21451.1	73.469	196	51	1	1	195	1	196	3.96e-96	273
MDC0468837.1	QIZ21452.1	86.502	889	120	0	1	889	1	889	0.0	1603
MDC0468838.1	QIZ21453.1	55.607	214	95	0	1	214	1	214	9.00e-71	211
MDC0468839.1	QIZ21454.1	43.541	418	234	2	17	434	18	433	2.68e-121	355
MDC0468840.1	QIZ21455.1	80.142	141	28	0	1	141	1	141	5.30e-83	236
MDC0468841.1	QIZ21456.1	59.195	348	139	2	1	345	1	348	2.63e-133	380
MDC0468842.1	QIZ21457.1	70.504	139	41	0	1	139	1	139	2.06e-75	216
MDC0468843.1	QIZ21458.1	69.068	472	145	1	1	472	1	471	0.0	682
MDC0468844.1	QIZ21459.1	65.789	380	130	0	1	380	1	380	0.0	511
MDC0468845.1	QIZ21472.1	79.279	111	23	0	9	119	5	115	8.14e-63	183
MDC0468846.1	QIZ21471.1	79.091	440	91	1	2	440	3	442	0.0	741
MDC0468847.1	QIZ21481.1	64.327	342	120	2	1	340	1	342	1.71e-159	446
MDC0468848.1	QIZ21484.1	36.502	263	148	4	4	253	6	262	1.75e-52	167
MDC0468849.1	QIZ21485.1	89.127	561	61	0	1	561	1	561	0.0	1034
MDC0468850.1	QIZ21486.1	85.407	418	61	0	1	418	1	418	0.0	759
MDC0468851.1	QIZ21487.1	68.182	88	28	0	1	88	1	88	2.37e-46	139
MDC0468852.1	QIZ21488.1	75.852	998	241	0	1	998	1	998	0.0	1637
MDC0468853.1	QIZ21489.1	52.821	195	91	1	1	194	1	195	5.37e-72	212
MDC0468854.1	QIZ21490.1	74.912	283	71	0	1	283	1	283	4.97e-155	429
MDC0468856.1	QIZ21492.1	50.685	146	71	1	1	145	1	146	2.69e-51	156
MDC0468857.1	QIZ21493.1	72.874	247	67	0	1	247	1	247	3.46e-119	336
MDC0468858.1	QIZ21494.1	67.257	113	37	0	1	113	1	113	3.44e-55	163
MDC0468859.1	QIZ21495.1	56.175	251	110	0	1	251	1	251	1.93e-103	296
MDC0468860.1	QIZ21496.1	98.529	68	1	0	1	68	1	68	8.57e-47	139
MDC0468861.1	QIZ21497.1	73.377	154	41	0	1	154	1	154	7.20e-84	239
MDC0468862.1	QIZ21498.1	73.494	332	87	1	16	347	16	346	0.0	503
MDC0468863.1	QIZ21499.1	78.528	163	35	0	1	163	1	163	1.13e-89	254
MDC0468864.1	QIZ21500.1	79.439	321	66	0	1	321	1	321	0.0	551
MDC0468865.1	QIZ21501.1	77.091	550	126	0	1	550	1	550	0.0	887
MDC0468866.1	QIZ21502.1	57.143	203	87	0	1	203	1	203	6.31e-84	243
MDC0468868.1	QIZ21503.1	84.444	180	28	0	1	180	1	180	2.52e-112	313
MDC0468869.1	QIZ21504.1	92.035	452	36	0	1	452	1	452	0.0	874
MDC0468870.1	QIZ21505.1	82.231	242	43	0	1	242	1	242	7.66e-153	421
MDC0468871.1	QIZ21506.1	72.280	386	107	0	16	401	11	396	0.0	621
MDC0468872.1	QIZ21507.1	75.373	134	33	0	1	134	1	134	1.29e-75	216
MDC0468873.1	QIZ21508.1	88.710	124	14	0	1	124	1	124	3.61e-85	240
MDC0468874.1	QIZ21509.1	82.422	256	45	0	2	257	6	261	1.19e-158	437
MDC0468875.1	QIZ21510.1	52.713	129	61	0	4	132	10	138	7.32e-47	144
MDC0468879.1	QIZ21511.1	83.069	189	32	0	1	189	1	189	3.51e-119	331
MDC0468880.1	QIZ21512.1	62.411	141	53	0	19	159	26	166	2.44e-61	182
MDC0468881.1	QIZ21513.1	88.765	810	91	0	1	810	1	810	0.0	1503
MDC0468882.1	QIZ21514.1	83.936	249	40	0	1	249	1	249	3.07e-158	435
MDC0468883.1	QIZ21515.1	83.281	317	53	0	1	317	1	317	0.0	553
MDC0468884.1	QIZ21516.1	89.425	539	57	0	1	539	1	539	0.0	1021
MDC0468885.1	QIZ21519.1	82.258	124	22	0	1	124	1	124	4.36e-78	222
MDC0468886.1	QIZ21520.1	89.032	155	17	0	1	155	1	155	7.38e-107	297
MDC0468887.1	QIZ21521.1	87.129	202	24	1	1	200	1	202	1.82e-135	373
MDC0468888.1	QIZ21522.1	69.670	333	101	0	1	333	1	333	0.0	506
MDC0468889.1	QIZ21523.1	93.559	295	19	0	1	295	1	295	0.0	577
MDC0468890.1	QIZ21527.1	65.487	339	116	1	1	338	1	339	1.18e-171	476
MDC0468891.1	QIZ21530.1	74.859	533	134	0	3	535	4	536	0.0	785
MDC0468892.1	QIZ21531.1	81.662	349	64	0	3	351	4	352	0.0	561
MDC0468893.1	QIZ21532.1	58.411	214	88	1	1	213	1	214	9.65e-82	239
MDC0468894.1	QIZ21533.1	54.902	102	46	0	1	102	1	102	4.07e-36	114
MDC0468895.1	QIZ21214.1	30.877	285	178	5	12	289	8	280	1.34e-32	117
MDC0468896.1	QIZ20557.1	85.938	320	45	0	1	320	1	320	0.0	578
MDC0468897.1	QIZ20556.1	77.616	344	77	0	10	353	5	348	0.0	544
MDC0468898.1	QIZ20555.1	73.453	501	133	0	1	501	1	501	0.0	753
MDC0468903.1	QIZ20609.1	70.000	330	99	0	1	330	1	330	1.81e-177	490
MDC0468904.1	QIZ20610.1	86.740	181	24	0	1	181	1	181	1.05e-116	324
MDC0468906.1	QIZ20611.1	58.228	79	33	0	1	79	1	79	2.52e-29	96.3
MDC0468907.1	QIZ20612.1	76.712	146	34	0	1	146	1	146	4.18e-76	219
MDC0468908.1	QIZ21536.1	72.000	225	63	0	1	225	1	225	3.78e-123	349
MDC0468909.1	QIZ20215.1	75.862	145	35	0	1	145	1	145	3.69e-82	234
MDC0468910.1	QIZ21434.1	25.478	471	329	10	521	978	3	464	8.80e-37	141
MDC0468911.1	QIZ21430.1	59.383	389	154	2	3	390	2	387	1.68e-157	444
MDC0468913.1	QIZ21537.1	72.115	312	87	0	6	317	6	317	6.83e-155	432
MDC0468914.1	QIZ21538.1	55.856	222	95	2	1	220	1	221	4.60e-72	215
MDC0468918.1	QIZ21539.1	58.286	175	73	0	1	175	6	180	1.31e-63	189
MDC0468919.1	QIZ21540.1	54.167	144	66	0	12	155	4	147	1.03e-61	182
MDC0468920.1	QIZ21513.1	41.451	813	466	7	4	809	1	810	0.0	642
MDC0468922.1	QIZ20544.1	58.857	175	66	1	1	175	1	169	1.45e-74	217
MDC0468923.1	QIZ20589.1	28.070	285	199	5	1	283	1	281	1.17e-24	95.9
MDC0468925.1	QIZ20589.1	61.754	285	109	0	3	287	4	288	4.43e-131	369
MDC0468926.1	QIZ20213.1	74.000	150	39	0	21	170	28	177	5.40e-77	223
MDC0468927.1	QIZ20211.1	76.042	96	23	0	1	96	1	96	1.79e-51	152
MDC0468928.1	QIZ20542.1	49.370	476	237	2	1	473	1	475	4.22e-154	443
MDC0468934.1	QIZ20541.1	75.563	311	76	0	1	311	1	311	1.88e-178	491
MDC0468935.1	QIZ20540.1	81.569	255	47	0	1	255	1	255	1.69e-155	428
MDC0468936.1	QIZ20218.1	81.383	376	70	0	4	379	5	380	0.0	647
MDC0468937.1	QIZ21525.1	92.941	425	29	1	1	424	1	425	0.0	828
MDC0468938.1	QIZ20508.1	72.222	342	95	0	2	343	518	859	4.01e-180	518
MDC0468939.1	QIZ20507.1	85.000	220	33	0	1	220	1	220	4.13e-137	379
MDC0468940.1	QIZ20506.1	69.697	198	60	0	1	198	1	198	6.04e-101	286
MDC0468941.1	QIZ21102.1	52.000	200	96	0	1	200	1	200	4.83e-61	185
MDC0468944.1	QIZ21225.1	47.134	157	81	2	28	183	25	180	1.56e-45	144
MDC0468945.1	QIZ21460.1	73.696	441	116	0	1	441	1	441	0.0	693
MDC0468949.1	QIZ20203.1	32.808	381	253	3	61	440	61	439	2.70e-63	206
MDC0468950.1	QIZ21434.1	26.304	441	312	6	3	435	25	460	3.76e-55	187
MDC0468951.1	QIZ21483.1	85.455	385	56	0	3	387	2	386	0.0	690
MDC0468952.1	QIZ21484.1	68.199	261	83	0	2	262	3	263	9.18e-137	382
MDC0468953.1	QIZ20674.1	73.214	392	105	0	1	392	1	392	0.0	603
MDC0468954.1	QIZ21358.1	67.164	335	110	0	17	351	17	351	8.65e-164	457
MDC0468960.1	QIZ20416.1	33.766	231	140	5	1	229	5	224	1.84e-40	135
MDC0468962.1	QIZ20579.1	48.624	109	56	0	1	109	1	109	3.32e-33	107
MDC0468963.1	QIZ20411.1	86.293	321	44	0	1	321	1	321	0.0	572
MDC0468964.1	QIZ20409.1	91.667	72	6	0	1	72	1	72	5.00e-44	132
MDC0468968.1	QIZ21234.1	57.921	606	165	12	2	519	3	606	0.0	626
MDC0468969.1	QIZ20533.1	69.291	127	39	0	1	127	1	127	3.25e-64	187
MDC0468971.1	QIZ21315.1	80.405	148	29	0	1	148	1	148	9.21e-93	261
MDC0468976.1	QIZ21343.1	36.905	252	137	4	427	661	497	743	4.74e-42	158
MDC0468980.1	QIZ21320.1	52.188	320	152	1	11	329	11	330	4.54e-116	335
MDC0468990.1	QIZ21333.1	31.679	524	290	15	6	475	9	518	2.58e-67	220
MDC0468991.1	QIZ21334.1	41.952	584	311	7	1	560	2	581	2.34e-154	450
MDC0468992.1	QIZ21335.1	40.338	414	242	2	1	414	1	409	3.25e-98	295
MDC0468994.1	QIZ21328.1	31.064	235	152	3	1	228	1	232	3.47e-35	122
MDC0469004.1	QIZ20216.1	87.066	317	41	0	1	317	2	318	0.0	569
MDC0469005.1	QIZ21106.1	73.659	205	54	0	1	205	1	205	6.15e-113	317
MDC0469007.1	QIZ20539.1	78.919	370	78	0	1	370	1	370	0.0	602
MDC0469008.1	QIZ20538.1	93.407	91	6	0	1	91	1	91	4.29e-60	174
MDC0469009.1	QIZ20537.1	65.589	433	149	0	1	433	1	433	0.0	522
MDC0469010.1	QIZ20536.1	79.739	153	31	0	1	153	1	153	4.18e-67	196
MDC0469012.1	QIZ20532.1	57.292	192	80	1	1	192	1	190	3.64e-75	220
MDC0469013.1	QIZ20531.1	56.688	157	68	0	1	157	1	157	1.77e-69	203
MDC0469014.1	QIZ20530.1	76.630	184	43	0	4	187	1	184	7.00e-108	302
MDC0469015.1	QIZ20529.1	62.903	248	89	2	7	253	7	252	1.23e-112	320
MDC0469016.1	QIZ20528.1	70.909	55	16	0	1	55	13	67	5.89e-25	83.2
MDC0469017.1	QIZ20527.1	74.255	369	93	2	5	372	4	371	0.0	563
MDC0469019.1	QIZ20526.1	82.353	391	69	0	1	391	1	391	0.0	680
MDC0469020.1	QIZ20525.1	84.236	406	64	0	1	406	1	406	0.0	670
MDC0469021.1	QIZ20524.1	66.495	388	124	5	1	384	1	386	8.72e-175	488
MDC0469022.1	QIZ20523.1	71.892	185	52	0	1	185	1	185	2.08e-84	243
MDC0469023.1	QIZ20522.1	52.778	252	119	0	1	252	1	252	2.19e-86	253
MDC0469024.1	QIZ20521.1	76.336	131	31	0	1	131	1	131	4.13e-74	213
MDC0469025.1	QIZ20520.1	76.894	264	61	0	1	264	1	264	9.40e-160	440
MDC0469026.1	QIZ20519.1	91.026	156	14	0	1	156	1	156	4.24e-109	303
MDC0469027.1	QIZ20518.1	94.669	619	33	0	1	619	1	619	0.0	1226
MDC0469028.1	QIZ20517.1	72.414	116	32	0	1	116	1	116	2.33e-60	176
MDC0469030.1	QIZ20516.1	83.099	355	60	0	1	355	1	355	0.0	545
MDC0469031.1	QIZ20661.1	34.413	247	139	7	2	233	9	247	2.85e-37	127
MDC0469033.1	QIZ20460.1	54.321	81	37	0	1	81	1	81	2.13e-25	89.0
MDC0469034.1	QIZ20461.1	76.907	472	108	1	1	472	1	471	0.0	686
MDC0469035.1	QIZ20462.1	83.878	490	77	1	1	490	1	488	0.0	835
MDC0469036.1	QIZ20463.1	81.476	637	114	1	1	633	1	637	0.0	1068
MDC0469037.1	QIZ20464.1	85.437	103	15	0	1	103	1	103	3.27e-49	147
MDC0469038.1	QIZ20465.1	78.947	209	44	0	1	209	2	210	2.59e-123	343
MDC0469039.1	QIZ20466.1	91.304	161	14	0	1	161	1	161	1.56e-113	315
MDC0469040.1	QIZ20467.1	93.373	332	22	0	1	332	1	332	0.0	623
MDC0469041.1	QIZ20468.1	72.647	680	182	2	1	677	1	679	0.0	1036
MDC0469042.1	QIZ20469.1	84.318	440	69	0	1	440	1	440	0.0	790
MDC0469043.1	QIZ20470.1	77.723	202	45	0	1	202	1	202	1.58e-125	348
MDC0469044.1	QIZ20471.1	94.629	391	21	0	1	391	1	391	0.0	773
MDC0469045.1	QIZ20472.1	81.683	202	36	1	1	201	1	202	6.17e-124	344
MDC0469046.1	QIZ20473.1	91.813	171	14	0	1	171	3	173	9.92e-123	338
MDC0469047.1	QIZ20474.1	91.803	122	10	0	1	122	1	122	1.37e-77	221
MDC0469048.1	QIZ20475.1	88.398	793	91	1	1	792	2	794	0.0	1409
MDC0469049.1	QIZ20476.1	93.365	422	28	0	1	422	1	422	0.0	820
MDC0469050.1	QIZ20477.1	85.714	196	28	0	6	201	7	202	1.18e-128	356
MDC0469051.1	QIZ20478.1	72.634	486	113	2	1	466	1	486	0.0	689
MDC0469052.1	QIZ20479.1	76.250	80	19	0	1	80	1	80	7.67e-44	132
MDC0469055.1	QIZ20480.1	60.959	146	57	0	35	180	35	180	4.15e-62	186
MDC0469056.1	QIZ20481.1	67.556	225	73	0	1	225	1	225	1.72e-108	307
MDC0469057.1	QIZ20482.1	73.381	139	37	0	1	139	1	139	3.67e-76	218
MDC0469058.1	QIZ20483.1	64.953	214	74	1	1	213	2	215	3.83e-98	280
MDC0469059.1	QIZ20484.1	75.918	245	59	0	6	250	4	248	4.56e-139	386
MDC0469060.1	QIZ20485.1	63.711	485	176	0	1	485	1	485	0.0	592
MDC0469061.1	QIZ20487.1	77.221	439	100	0	4	442	2	440	0.0	651
MDC0469062.1	QIZ20488.1	51.442	208	83	3	16	208	15	219	1.99e-70	209
MDC0469063.1	QIZ20489.1	62.192	365	136	1	1	365	1	363	1.35e-167	468
MDC0469064.1	QIZ20495.1	70.896	536	151	2	1	536	1	531	0.0	830
MDC0469065.1	QIZ20496.1	81.865	193	35	0	1	193	1	193	5.35e-102	288
MDC0469066.1	QIZ20497.1	87.698	252	31	0	1	252	1	252	9.35e-152	419
MDC0469067.1	QIZ20498.1	63.806	268	91	3	1	266	1	264	1.95e-110	315
MDC0469068.1	QIZ20499.1	78.682	258	55	0	1	258	1	258	5.09e-153	422
MDC0469069.1	QIZ20510.1	71.429	434	124	0	1	434	1	434	0.0	643
MDC0469070.1	QIZ20511.1	92.761	594	43	0	1	594	1	594	0.0	1152
MDC0469071.1	QIZ20512.1	92.553	94	7	0	1	94	1	94	2.58e-60	174
MDC0469072.1	QIZ20513.1	93.814	388	24	0	1	388	1	388	0.0	764
MDC0469073.1	QIZ20514.1	65.909	352	119	1	1	351	1	352	7.54e-165	461
MDC0469076.1	QIZ20501.1	35.202	321	196	5	3	315	2	318	3.37e-59	188
MDC0469077.1	QIZ20513.1	33.226	310	204	3	1	307	69	378	4.32e-43	148
MDC0469079.1	QIZ20550.1	29.870	308	208	3	113	412	10	317	9.26e-34	125
MDC0469083.1	QIZ20503.1	43.659	481	262	5	22	498	23	498	1.46e-116	348
MDC0469084.1	QIZ20685.1	54.717	106	48	0	1	106	1	106	4.57e-38	122
MDC0469085.1	QIZ20686.1	62.500	136	47	1	1	132	1	136	6.21e-60	177
MDC0469086.1	QIZ20687.1	61.438	153	59	0	5	157	6	158	9.46e-59	176
MDC0469087.1	QIZ20689.1	62.319	276	104	0	1	276	1	276	8.47e-129	362
MDC0469088.1	QIZ20690.1	86.232	552	75	1	1	551	1	552	0.0	983
MDC0469089.1	QIZ20691.1	89.468	921	97	0	1	921	1	921	0.0	1765
MDC0469090.1	QIZ20692.1	65.833	480	164	0	4	483	12	491	0.0	683
MDC0469091.1	QIZ20694.1	86.104	367	51	0	1	367	1	367	0.0	644
MDC0469092.1	QIZ20695.1	72.258	155	43	0	1	155	1	155	5.03e-64	189
MDC0469093.1	QIZ20696.1	56.911	246	106	0	3	248	4	249	3.56e-102	293
MDC0469094.1	QIZ20697.1	63.736	182	66	0	1	182	1	182	1.36e-83	240
MDC0469095.1	QIZ20698.1	71.939	392	110	0	1	392	1	392	0.0	575
MDC0469097.1	QIZ20699.1	72.048	415	115	1	1	415	1	414	0.0	620
MDC0469098.1	QIZ20700.1	86.450	952	129	0	1	952	1	952	0.0	1724
MDC0469099.1	QIZ20701.1	87.302	126	16	0	1	126	1	126	9.08e-82	231
MDC0469100.1	QIZ20702.1	68.665	367	115	0	1	367	1	367	0.0	525
MDC0469101.1	QIZ20703.1	65.188	293	98	1	1	289	1	293	4.06e-133	375
MDC0469102.1	QIZ20704.1	56.190	315	136	2	1	313	1	315	9.02e-121	345
MDC0469103.1	QIZ20705.1	62.389	226	81	1	1	222	1	226	1.79e-100	286
MDC0469104.1	QIZ20706.1	76.265	257	61	0	1	257	9	265	1.64e-147	409
MDC0469105.1	QIZ20707.1	65.868	167	52	3	1	166	1	163	1.32e-73	214
MDC0469106.1	QIZ20714.1	64.706	204	71	1	1	203	1	204	4.48e-92	264
MDC0469107.1	QIZ21433.1	57.895	285	120	0	1	285	1	285	3.56e-116	331
MDC0469108.1	QIZ21432.1	86.967	399	49	2	1	398	1	397	0.0	667
MDC0469109.1	QIZ21429.1	83.296	443	74	0	14	456	1	443	0.0	740
MDC0469110.1	QIZ21428.1	89.583	336	35	0	1	336	1	336	0.0	612
MDC0469111.1	QIZ21427.1	88.085	235	28	0	1	235	1	235	1.52e-145	401
MDC0469112.1	QIZ21426.1	82.558	258	45	0	2	259	4	261	7.71e-157	432
MDC0469115.1	QIZ21425.1	72.757	301	82	0	1	301	1	301	3.56e-160	444
MDC0469116.1	QIZ21424.1	71.429	105	30	0	1	105	1	105	6.09e-50	149
MDC0469117.1	QIZ21423.1	78.448	232	50	0	1	232	1	232	1.70e-141	391
MDC0469118.1	QIZ21422.1	88.889	261	29	0	1	261	1	261	2.61e-172	471
MDC0469119.1	QIZ21421.1	82.927	246	42	0	1	246	1	246	5.68e-156	429
MDC0469120.1	QIZ21420.1	72.286	350	96	1	1	349	1	350	0.0	523
MDC0469121.1	QIZ21419.1	83.838	297	48	0	1	297	1	297	0.0	508
MDC0469122.1	QIZ21418.1	87.167	413	53	0	1	413	1	413	0.0	753
MDC0469123.1	QIZ21417.1	72.059	204	57	0	1	204	1	204	6.65e-97	276
MDC0469124.1	QIZ21416.1	80.612	98	19	0	1	98	1	98	1.23e-56	166
MDC0469125.1	QIZ21415.1	84.524	84	13	0	1	84	1	84	1.05e-53	157
MDC0469126.1	QIZ21414.1	80.488	123	23	1	1	122	1	123	9.83e-73	208
MDC0469127.1	QIZ21413.1	78.788	297	63	0	1	297	1	297	1.25e-176	485
MDC0469128.1	QIZ21412.1	84.177	316	50	0	1	316	1	316	0.0	567
MDC0469129.1	QIZ21411.1	74.411	297	76	0	4	300	3	299	1.97e-164	454
MDC0469130.1	QIZ21410.1	82.567	413	72	0	1	413	1	413	0.0	717
MDC0469143.1	QIZ20837.1	28.292	562	386	5	1	549	29	586	1.06e-63	215
MDC0469147.1	QIZ20858.1	34.627	335	199	9	17	348	32	349	3.46e-37	135
MDC0469155.1	QIZ20484.1	28.736	261	156	5	7	256	5	246	1.17e-23	91.7
MDC0469161.1	QIZ20860.1	67.000	400	130	2	30	427	33	432	0.0	547
MDC0469162.1	QIZ20861.1	67.010	97	20	2	4	100	16	100	1.95e-37	121
MDC0469163.1	QIZ20862.1	54.643	280	127	0	1	280	1	280	4.49e-105	303
MDC0469164.1	QIZ20863.1	91.667	240	20	0	1	240	118	357	3.36e-166	459
MDC0469165.1	QIZ20754.1	68.790	157	49	0	1	157	1	157	3.38e-80	234
MDC0469166.1	QIZ20755.1	56.790	81	35	0	1	81	1	81	2.81e-21	75.5
MDC0469167.1	QIZ20756.1	63.226	310	114	0	1	310	1	310	9.18e-143	401
MDC0469168.1	QIZ20541.1	35.965	228	144	2	4	230	5	231	3.49e-35	123
MDC0469170.1	QIZ20757.1	71.118	322	93	0	1	322	1	322	1.26e-164	457
MDC0469171.1	QIZ20758.1	91.809	293	24	0	1	293	1	293	0.0	557
MDC0469172.1	QIZ20759.1	90.233	430	42	0	1	430	1	430	0.0	805
MDC0469173.1	QIZ20760.1	70.741	270	79	0	1	270	1	270	4.85e-135	378
MDC0469174.1	QIZ20761.1	72.210	439	118	1	2	436	4	442	0.0	627
MDC0469175.1	QIZ20762.1	55.241	353	153	2	1	352	1	349	8.19e-130	371
MDC0469176.1	QIZ20763.1	90.924	628	56	1	3	629	1	628	0.0	1126
MDC0469177.1	QIZ20764.1	46.667	330	174	1	12	339	14	343	4.38e-101	297
MDC0469178.1	QIZ20765.1	73.313	326	79	4	3	325	4	324	6.13e-173	478
MDC0469179.1	QIZ20766.1	88.679	159	18	0	1	159	1	159	1.70e-100	281
MDC0469180.1	QIZ20767.1	89.717	389	40	0	20	408	16	404	0.0	734
MDC0469181.1	QIZ20768.1	78.439	269	58	0	1	269	1	269	2.63e-134	376
MDC0469182.1	QIZ20769.1	95.652	138	6	0	1	138	1	138	1.20e-95	267
MDC0469183.1	QIZ20770.1	81.696	224	41	0	1	224	1	224	1.06e-135	376
MDC0469184.1	QIZ20771.1	85.366	164	24	0	1	164	1	164	3.82e-105	293
MDC0469185.1	QIZ20772.1	77.593	241	54	0	1	241	1	241	4.82e-144	398
MDC0469186.1	QIZ20773.1	77.528	267	60	0	1	267	1	267	1.18e-161	445
MDC0469187.1	QIZ20774.1	49.444	180	91	0	1	180	1	180	2.01e-60	182
MDC0469188.1	QIZ20775.1	72.917	144	39	0	1	144	1	144	4.20e-71	206
MDC0469189.1	QIZ20776.1	59.434	106	43	0	1	106	1	106	1.57e-33	108
MDC0469190.1	QIZ20777.1	75.422	651	160	0	1	651	1	651	0.0	1041
MDC0469191.1	QIZ20778.1	78.378	333	72	0	1	333	1	333	0.0	548
MDC0469192.1	QIZ20779.1	67.602	392	127	0	1	392	1	392	0.0	540
MDC0469193.1	QIZ20780.1	74.551	334	85	0	1	334	1	334	0.0	527
MDC0469194.1	QIZ20781.1	66.000	200	67	1	6	204	8	207	9.65e-81	235
MDC0469195.1	QIZ20782.1	76.344	186	44	0	1	186	1	186	7.13e-113	315
MDC0469196.1	QIZ20783.1	80.081	246	49	0	1	246	1	246	8.69e-148	408
MDC0469197.1	QIZ20784.1	90.789	76	7	0	1	76	1	76	9.77e-51	149
MDC0469198.1	QIZ20785.1	84.000	175	28	0	1	175	1	175	6.54e-111	310
MDC0469199.1	QIZ20786.1	95.312	64	3	0	1	64	1	64	1.09e-37	115
MDC0469200.1	QIZ20853.1	54.783	230	104	0	2	231	9	238	8.03e-87	253
MDC0469204.1	QIZ20788.1	90.948	464	42	0	1	464	1	464	0.0	860
MDC0469205.1	QIZ20789.1	85.263	95	14	0	1	95	1	95	1.93e-53	158
MDC0469206.1	QIZ20790.1	76.243	362	86	0	1	362	1	362	0.0	560
MDC0469208.1	QIZ20792.1	97.561	41	1	0	1	41	1	41	2.86e-23	77.4
MDC0469209.1	QIZ20198.1	76.757	370	83	2	1	368	34	402	0.0	533
MDC0469210.1	QIZ20199.1	73.143	175	47	0	1	175	1	175	2.66e-90	257
MDC0469211.1	QIZ20204.1	56.875	320	138	0	1	320	1	320	4.65e-143	403
MDC0469212.1	QIZ20205.1	49.231	260	131	1	3	261	18	277	1.91e-60	188
MDC0469213.1	QIZ20208.1	73.077	130	35	0	1	130	1	130	5.06e-64	187
MDC0469214.1	QIZ20220.1	83.678	484	79	0	1	484	1	484	0.0	832
MDC0469215.1	QIZ20221.1	89.767	645	65	1	1	644	1	645	0.0	1223
MDC0469216.1	QIZ20222.1	83.965	343	48	2	1	337	1	342	0.0	614
MDC0469217.1	QIZ20225.1	85.294	374	55	0	1	374	1	374	0.0	667
MDC0469218.1	QIZ20226.1	92.953	298	21	0	1	298	1	298	0.0	576
MDC0469219.1	QIZ20227.1	88.000	500	60	0	1	500	1	500	0.0	922
MDC0469220.1	QIZ20228.1	78.603	229	49	0	1	229	1	229	1.80e-142	393
MDC0469221.1	QIZ20229.1	80.193	207	41	0	1	207	1	207	3.71e-116	325
MDC0469222.1	QIZ20230.1	80.693	606	117	0	1	606	1	606	0.0	1031
MDC0469223.1	QIZ20231.1	86.275	459	63	0	1	459	1	459	0.0	840
MDC0469224.1	QIZ20232.1	83.265	245	41	0	1	245	1	245	5.50e-157	431
MDC0469225.1	QIZ20233.1	73.951	453	114	2	1	449	1	453	0.0	696
MDC0469226.1	QIZ20234.1	81.203	532	100	0	1	532	1	532	0.0	912
MDC0469228.1	QIZ20235.1	73.305	236	63	0	1	236	1	236	9.65e-125	349
MDC0469229.1	QIZ20236.1	85.366	205	30	0	1	205	1	205	1.86e-137	379
MDC0469231.1	QIZ20237.1	88.182	110	13	0	1	110	1	110	2.53e-71	204
MDC0469232.1	QIZ20238.1	86.842	76	10	0	1	76	1	76	1.40e-47	141
MDC0469233.1	QIZ20239.1	86.301	730	100	0	1	730	1	730	0.0	1326
MDC0469234.1	QIZ20240.1	78.855	227	48	0	1	227	1	227	5.83e-137	379
MDC0469235.1	QIZ20241.1	82.500	80	14	0	1	80	1	80	4.00e-45	135
MDC0469236.1	QIZ20242.1	91.154	260	23	0	1	260	1	260	7.44e-178	485
MDC0469237.1	QIZ20243.1	89.535	430	45	0	1	430	1	430	0.0	815
MDC0469238.1	QIZ20244.1	85.156	256	38	0	1	256	1	256	6.80e-170	465
MDC0469239.1	QIZ20245.1	77.523	218	49	0	1	218	1	218	1.93e-124	348
MDC0469240.1	QIZ20246.1	86.517	89	12	0	1	89	1	89	7.51e-50	153
MDC0469242.1	QIZ20952.1	86.715	685	91	0	1	685	1	685	0.0	1234
MDC0469243.1	QIZ20951.1	63.146	426	157	0	1	426	1	426	0.0	548
MDC0469244.1	QIZ20950.1	70.100	602	178	2	1	600	1	602	0.0	850
MDC0469245.1	QIZ20949.1	90.741	324	30	0	1	324	1	324	0.0	629
MDC0469246.1	QIZ20948.1	79.429	175	36	0	1	175	1	175	6.40e-105	294
MDC0469247.1	QIZ20947.1	66.279	86	29	0	1	86	10	95	1.54e-33	107
MDC0469248.1	QIZ20946.1	64.481	366	130	0	1	366	1	366	9.18e-154	433
MDC0469249.1	QIZ20945.1	66.071	168	57	0	1	168	1	168	7.38e-76	220
MDC0469251.1	QIZ20944.1	54.132	593	264	3	1	592	1	586	0.0	620
MDC0469252.1	QIZ20943.1	80.814	172	33	0	1	172	1	172	1.80e-103	290
MDC0469253.1	QIZ20942.1	64.516	310	110	0	1	310	1	310	5.85e-148	414
MDC0469254.1	QIZ20941.1	66.260	246	83	0	1	246	1	246	1.16e-123	347
MDC0469255.1	QIZ20940.1	81.935	155	28	0	1	155	1	155	2.96e-96	270
MDC0469256.1	QIZ20939.1	79.288	309	64	0	1	309	1	309	0.0	517
MDC0469257.1	QIZ20937.1	77.604	384	86	0	1	384	1	384	0.0	622
MDC0469258.1	QIZ20936.1	75.273	275	65	1	1	272	1	275	4.94e-162	446
MDC0469259.1	QIZ20935.1	85.520	221	32	0	1	221	1	221	2.13e-144	397
MDC0469260.1	QIZ20934.1	67.014	288	95	0	1	288	1	288	4.99e-138	387
MDC0469261.1	QIZ20933.1	72.987	559	150	1	1	559	1	558	0.0	875
MDC0469262.1	QIZ20932.1	68.675	83	26	0	1	83	1	83	6.25e-37	115
MDC0469263.1	QIZ20931.1	75.439	114	27	1	1	113	1	114	3.05e-55	163
MDC0469264.1	QIZ20930.1	84.000	50	8	0	1	50	1	50	2.07e-23	78.6
MDC0469265.1	QIZ20929.1	65.690	239	82	0	1	239	1	239	2.95e-118	333
MDC0469266.1	QIZ20928.1	87.879	66	6	2	1	65	1	65	3.51e-26	86.7
MDC0469267.1	QIZ20927.1	75.676	185	44	1	1	184	1	185	5.60e-99	280
MDC0469268.1	QIZ20926.1	79.616	417	85	0	1	417	1	417	0.0	655
MDC0469269.1	QIZ20925.1	67.969	128	41	0	1	128	1	128	8.83e-63	184
MDC0469270.1	QIZ20924.1	80.562	427	83	0	1	427	1	427	0.0	684
MDC0469271.1	QIZ20923.1	83.099	71	12	0	1	71	1	71	3.10e-41	125
MDC0469272.1	QIZ21496.1	73.846	65	17	0	3	67	2	66	1.06e-31	100
MDC0469273.1	QIZ20922.1	66.809	467	151	3	1	465	1	465	0.0	610
MDC0469274.1	QIZ20921.1	47.851	349	177	3	1	348	1	345	1.46e-111	324
MDC0469275.1	QIZ20920.1	51.643	213	102	1	1	213	1	212	3.12e-73	217
MDC0469277.1	QIZ20974.1	86.404	1015	132	4	1	1012	1	1012	0.0	1847
MDC0469278.1	QIZ20973.1	69.535	430	123	4	1	429	1	423	0.0	589
MDC0469279.1	QIZ20972.1	76.271	295	70	0	1	295	1	295	5.98e-165	456
MDC0469280.1	QIZ20971.1	64.167	240	85	1	1	239	1	240	1.24e-107	307
MDC0469281.1	QIZ20970.1	85.177	479	71	0	1	479	1	479	0.0	833
MDC0469282.1	QIZ20969.1	82.345	1501	265	0	1	1501	1	1501	0.0	2617
MDC0469283.1	QIZ20967.1	71.311	244	70	0	2	245	3	246	3.19e-116	328
MDC0469284.1	QIZ20966.1	74.740	384	97	0	1	384	1	384	0.0	594
MDC0469285.1	QIZ20965.1	87.147	638	82	0	1	638	1	638	0.0	1186
MDC0469286.1	QIZ20964.1	89.503	181	19	0	1	181	1	181	1.45e-122	339
MDC0469287.1	QIZ20963.1	95.588	68	3	0	1	68	1	68	1.54e-42	128
MDC0469288.1	QIZ20962.1	94.915	118	6	0	1	118	1	118	2.63e-81	229
MDC0469289.1	QIZ20961.1	84.789	355	54	0	1	355	1	355	0.0	629
MDC0469290.1	QIZ20960.1	69.950	802	241	0	1	802	1	802	0.0	1125
MDC0469291.1	QIZ20959.1	88.462	598	69	0	1	598	4	601	0.0	1108
MDC0469292.1	QIZ20953.1	41.091	275	136	6	2	262	3	265	3.68e-57	180
MDC0469294.1	QIZ21196.1	77.809	356	77	1	3	358	39	392	0.0	586
MDC0469295.1	QIZ21195.1	90.173	346	34	0	1	346	1	346	0.0	636
MDC0469296.1	QIZ21194.1	88.966	290	32	0	1	290	1	290	0.0	514
MDC0469297.1	QIZ21193.1	78.333	180	39	0	1	180	1	180	3.48e-102	288
MDC0469298.1	QIZ21192.1	85.981	107	12	1	1	104	1	107	3.30e-51	152
MDC0469299.1	QIZ21191.1	69.741	347	105	0	1	347	1	347	1.99e-177	491
MDC0469300.1	QIZ21190.1	84.808	520	79	0	1	520	6	525	0.0	909
MDC0469301.1	QIZ21189.1	82.174	230	41	0	1	230	1	230	5.26e-125	358
MDC0469302.1	QIZ21189.1	77.273	242	53	1	1	240	240	481	2.58e-122	352
MDC0469303.1	QIZ21188.1	81.619	457	84	0	1	457	1	457	0.0	706
MDC0469304.1	QIZ21187.1	55.102	245	106	2	4	247	6	247	4.93e-88	257
MDC0469305.1	QIZ21186.1	70.805	298	87	0	1	298	1	298	5.54e-155	431
MDC0469306.1	QIZ21185.1	65.278	360	125	0	1	360	1	360	2.51e-178	495
MDC0469307.1	QIZ21184.1	78.846	364	77	0	6	369	6	369	0.0	610
MDC0469308.1	QIZ21183.1	75.127	197	49	0	1	197	1	197	7.91e-108	303
MDC0469309.1	QIZ21182.1	67.364	239	78	0	1	239	1	239	2.07e-120	338
MDC0469310.1	QIZ21181.1	85.600	125	18	0	1	125	1	125	2.86e-76	218
MDC0469311.1	QIZ21180.1	94.048	84	5	0	1	84	1	84	7.25e-54	157
MDC0469312.1	QIZ21179.1	79.511	327	67	0	1	327	1	327	0.0	515
MDC0469313.1	QIZ21178.1	73.098	368	99	0	1	368	1	368	0.0	535
MDC0469314.1	QIZ21177.1	66.346	416	140	0	1	416	1	416	0.0	548
MDC0469315.1	QIZ21176.1	57.803	173	73	0	1	173	8	180	3.72e-67	198
MDC0469316.1	QIZ21175.1	85.345	116	17	0	1	116	1	116	1.02e-69	200
MDC0469317.1	QIZ21174.1	83.565	359	58	1	21	378	21	379	0.0	612
MDC0469318.1	QIZ21173.1	78.146	151	33	0	7	157	7	157	1.62e-89	254
MDC0469319.1	QIZ21172.1	76.154	130	31	0	1	130	1	130	8.05e-70	201
MDC0469320.1	QIZ21171.1	95.763	472	20	0	1	472	1	472	0.0	920
MDC0469321.1	QIZ21170.1	85.911	291	41	0	1	291	1	291	0.0	516
MDC0469322.1	QIZ21169.1	92.784	388	28	0	1	388	122	509	0.0	746
MDC0469327.1	QIZ21518.1	36.986	292	171	6	34	319	31	315	4.29e-45	152
MDC0469328.1	QIZ21344.1	59.011	283	115	1	1	283	1	282	5.49e-119	338
MDC0469329.1	QIZ21541.1	65.675	807	277	0	1	807	1	807	0.0	1134
MDC0469330.1	QIZ20851.1	29.326	341	193	13	1	329	1	305	1.59e-25	100
MDC0469331.1	QIZ20545.1	90.000	370	37	0	1	370	1	370	0.0	646
MDC0469332.1	QIZ20546.1	91.071	448	40	0	1	448	1	448	0.0	850
MDC0469333.1	QIZ20547.1	85.669	314	44	1	1	313	1	314	0.0	546
MDC0469334.1	QIZ20548.1	89.773	264	27	0	1	264	1	264	2.17e-178	487
MDC0469335.1	QIZ20549.1	69.938	642	186	3	1	640	1	637	0.0	939
MDC0469336.1	QIZ20793.1	68.182	286	90	1	1	285	5	290	1.99e-143	400
MDC0469337.1	QIZ20953.1	36.120	299	163	7	2	298	3	275	7.08e-49	159
MDC0469338.1	QIZ20550.1	77.177	333	75	1	1	332	1	333	0.0	513
MDC0469339.1	QIZ20552.1	84.488	303	47	0	1	303	1	303	0.0	522
MDC0469340.1	QIZ20553.1	89.019	428	47	0	1	428	1	428	0.0	782
MDC0469342.1	QIZ20554.1	69.652	201	61	0	1	201	1	201	3.07e-95	271
MDC0469343.1	QIZ20564.1	33.878	245	136	8	2	226	4	242	2.22e-25	96.3
MDC0469344.1	QIZ20565.1	56.552	290	125	1	3	291	2	291	1.48e-118	338
MDC0469345.1	QIZ20567.1	94.030	134	8	0	1	134	1	134	1.33e-97	272
MDC0469346.1	QIZ20568.1	82.105	190	33	1	1	189	1	190	5.62e-113	316
MDC0469347.1	QIZ20569.1	89.189	333	36	0	1	333	1	333	0.0	614
MDC0469348.1	QIZ20585.1	71.901	242	68	0	1	242	26	267	4.47e-132	369
MDC0469349.1	QIZ20653.1	38.924	316	179	4	1	305	1	313	1.03e-69	217
MDC0469350.1	QIZ20652.1	80.000	485	97	0	1	485	1	485	0.0	803
MDC0469351.1	QIZ20651.1	87.500	136	17	0	1	136	1	136	3.34e-76	218
MDC0469352.1	QIZ20650.1	62.105	190	72	0	1	190	1	190	1.43e-79	231
MDC0469353.1	QIZ20649.1	78.070	342	75	0	1	342	1	342	0.0	518
MDC0469354.1	QIZ20648.1	40.704	199	116	1	6	202	12	210	2.57e-45	149
MDC0469355.1	QIZ20648.1	39.869	153	92	0	6	158	207	359	3.50e-30	108
MDC0469356.1	QIZ20647.1	68.349	218	69	0	1	218	5	222	2.14e-96	276
MDC0469357.1	QIZ20646.1	83.305	593	99	0	3	595	2	594	0.0	1046
MDC0469358.1	QIZ20645.1	81.522	276	44	3	1	272	1	273	1.11e-164	453
MDC0469359.1	QIZ20644.1	73.333	120	31	1	1	120	1	119	7.87e-63	183
MDC0469360.1	QIZ20643.1	59.794	97	39	0	39	135	36	132	6.02e-43	134
MDC0469361.1	QIZ20642.1	92.584	445	33	0	1	445	1	445	0.0	855
MDC0469362.1	QIZ20641.1	71.528	144	38	1	1	144	1	141	1.52e-72	209
MDC0469363.1	QIZ20640.1	72.059	136	38	0	10	145	10	145	7.64e-75	216
MDC0469365.1	QIZ20638.1	86.719	256	34	0	1	256	2	257	6.83e-165	452
MDC0469366.1	QIZ20637.1	77.909	593	125	2	1	592	1	588	0.0	908
MDC0469368.1	QIZ20863.1	41.564	243	134	5	103	341	104	342	3.31e-53	175
MDC0469369.1	QIZ20636.1	41.011	178	104	1	20	196	19	196	1.81e-32	118
MDC0469370.1	QIZ20314.1	87.524	521	65	0	4	524	482	1002	0.0	974
MDC0469371.1	QIZ20313.1	57.754	187	77	1	1	185	1	187	4.03e-82	237
MDC0469372.1	QIZ20312.1	86.667	255	34	0	1	255	1	255	1.97e-157	433
MDC0469373.1	QIZ20311.1	87.654	243	30	0	1	243	1	243	2.94e-130	363
MDC0469374.1	QIZ20306.1	64.780	159	53	2	1	158	1	157	1.70e-71	208
MDC0469375.1	QIZ20305.1	82.456	456	80	0	1	456	1	456	0.0	756
MDC0469376.1	QIZ20304.1	67.550	302	97	1	1	302	1	301	2.30e-154	429
MDC0469377.1	QIZ20303.1	74.537	216	55	0	1	216	1	216	3.50e-121	338
MDC0469378.1	QIZ20302.1	89.002	491	54	0	1	491	1	491	0.0	879
MDC0469379.1	QIZ20301.1	87.010	485	63	0	1	485	1	485	0.0	858
MDC0469380.1	QIZ20300.1	82.105	95	17	0	1	95	1	95	2.53e-53	157
MDC0469381.1	QIZ20299.1	74.172	151	39	0	1	151	1	151	6.17e-78	224
MDC0469382.1	QIZ20298.1	91.054	313	28	0	1	313	1	313	0.0	594
MDC0469383.1	QIZ20742.1	26.877	413	259	12	30	423	27	415	1.17e-35	132
MDC0469384.1	QIZ20297.1	70.833	192	55	1	1	192	1	191	1.77e-95	271
MDC0469385.1	QIZ20296.1	82.629	852	145	1	1	849	1	852	0.0	1432
MDC0469386.1	QIZ20294.1	69.935	153	46	0	1	153	1	153	2.75e-78	225
MDC0469387.1	QIZ20293.1	76.566	431	101	0	1	431	1	431	0.0	670
MDC0469388.1	QIZ20292.1	69.828	116	35	0	1	116	155	270	1.89e-55	169
MDC0469389.1	QIZ20829.1	42.903	310	165	4	15	321	21	321	7.61e-68	213
MDC0469397.1	QIZ20851.1	32.051	312	184	9	5	310	6	295	3.24e-33	121
MDC0469399.1	QIZ20958.1	48.918	231	115	3	4	232	6	235	7.57e-76	225
MDC0469400.1	QIZ21591.1	80.571	175	34	0	1	175	1	175	9.68e-95	268
MDC0469404.1	QIZ21593.1	85.549	346	50	0	1	346	1	346	0.0	596
MDC0469405.1	QIZ20180.1	77.778	288	59	2	1	288	1	283	3.73e-164	453
MDC0469406.1	QIZ20181.1	90.435	230	22	0	1	230	1	230	3.14e-153	421
MDC0469407.1	QIZ20182.1	83.408	223	37	0	1	223	1	223	1.02e-134	373
MDC0469410.1	QIZ21237.1	70.221	272	81	0	4	275	1	272	1.28e-145	405
MDC0469411.1	QIZ21236.1	92.708	96	7	0	1	96	1	96	2.09e-61	177
MDC0469412.1	QIZ21235.1	90.548	529	50	0	1	529	1	529	0.0	961
MDC0469416.1	QIZ21233.1	89.404	604	64	0	1	604	1	604	0.0	1124
MDC0469417.1	QIZ21232.1	76.744	215	50	0	1	215	1	215	4.35e-117	328
MDC0469418.1	QIZ21231.1	64.474	228	78	2	1	227	1	226	1.82e-110	312
MDC0469419.1	QIZ21230.1	66.978	321	106	0	1	321	1	321	5.58e-155	432
MDC0469420.1	QIZ21229.1	67.882	439	140	1	1	438	1	439	0.0	580
MDC0469421.1	QIZ21228.1	84.255	470	74	0	1	470	1	470	0.0	830
MDC0469422.1	QIZ21226.1	70.796	113	33	0	1	113	1	113	1.05e-56	167
MDC0469423.1	QIZ21526.1	58.025	81	34	0	6	86	16	96	2.26e-31	101
MDC0469425.1	QIZ20459.1	62.295	183	69	0	1	183	65	247	1.32e-72	215
MDC0469426.1	QIZ20458.1	81.341	552	102	1	1	552	1	551	0.0	959
MDC0469427.1	QIZ20457.1	86.250	80	11	0	1	80	1	80	1.17e-39	121
MDC0469428.1	QIZ20456.1	80.180	444	88	0	1	444	1	444	0.0	747
MDC0469429.1	QIZ20455.1	73.415	410	108	1	1	409	1	410	0.0	573
MDC0469430.1	QIZ20454.1	60.177	226	90	0	1	226	1	226	9.92e-97	277
MDC0469431.1	QIZ20453.1	77.700	1139	253	1	1	1139	1	1138	0.0	1817
MDC0469433.1	QIZ20452.1	72.085	283	79	0	1	283	1	283	1.27e-150	418
MDC0469434.1	QIZ20451.1	79.191	173	36	0	1	173	11	183	8.48e-99	278
MDC0469435.1	QIZ20450.1	62.222	225	84	1	1	224	1	225	1.10e-92	267
MDC0469436.1	QIZ20449.1	45.614	171	70	4	55	221	66	217	4.24e-36	122
MDC0469437.1	QIZ20448.1	58.419	291	119	1	3	291	2	292	2.15e-113	328
MDC0469438.1	QIZ21021.1	72.368	76	21	0	3	78	53	128	4.74e-39	121
MDC0469439.1	QIZ21020.1	91.176	136	12	0	1	136	1	136	1.93e-89	251
MDC0469440.1	QIZ21019.1	72.870	446	117	1	1	442	10	455	0.0	672
MDC0469441.1	QIZ21018.1	88.182	330	39	0	1	330	1	330	0.0	598
MDC0469442.1	QIZ21017.1	64.474	152	54	0	1	152	1	152	1.05e-57	172
MDC0469443.1	QIZ21016.1	56.539	497	215	1	16	511	19	515	0.0	524
MDC0469444.1	QIZ21015.1	88.689	389	44	0	1	389	1	389	0.0	699
MDC0469445.1	QIZ21014.1	90.943	530	48	0	1	530	1	530	0.0	956
MDC0469446.1	QIZ21013.1	79.865	740	144	3	1	739	1	736	0.0	1170
MDC0469447.1	QIZ21012.1	84.426	122	19	0	1	122	1	122	2.17e-74	213
MDC0469448.1	QIZ21011.1	85.366	82	12	0	1	82	1	82	1.27e-46	139
MDC0469449.1	QIZ21010.1	93.623	690	44	0	1	690	1	690	0.0	1321
MDC0469451.1	QIZ20864.1	86.813	364	48	0	1	364	1	364	0.0	655
MDC0469452.1	QIZ20865.1	73.317	401	105	1	1	401	5	403	0.0	599
MDC0469453.1	QIZ20866.1	73.333	240	64	0	1	240	1	240	6.67e-130	362
MDC0469454.1	QIZ20867.1	62.238	143	53	1	1	142	1	143	7.81e-52	157
MDC0469455.1	QIZ20868.1	68.116	414	132	0	3	416	20	433	0.0	587
MDC0469456.1	QIZ20869.1	76.230	854	196	2	1	853	1	848	0.0	1336
MDC0469457.1	QIZ20870.1	77.869	366	76	3	1	362	1	365	0.0	580
MDC0469458.1	QIZ20871.1	77.671	730	160	2	1	727	4	733	0.0	1207
MDC0469459.1	QIZ20872.1	83.744	203	33	0	1	203	1	203	3.21e-128	355
MDC0469460.1	QIZ20873.1	80.000	105	21	0	1	105	1	105	3.10e-58	170
MDC0469461.1	QIZ20874.1	62.108	351	116	4	1	339	207	552	4.85e-135	392
MDC0469462.1	QIZ20264.1	89.130	92	10	0	1	92	1	92	4.44e-59	175
MDC0469463.1	QIZ20263.1	86.344	227	31	0	1	227	1	227	1.39e-146	404
MDC0469464.1	QIZ20262.1	96.078	102	4	0	1	102	1	102	8.75e-70	199
MDC0469465.1	QIZ20261.1	92.775	692	50	0	1	692	1	692	0.0	1338
MDC0469466.1	QIZ20260.1	90.385	156	15	0	1	156	1	156	6.85e-104	290
MDC0469467.1	QIZ20259.1	94.309	123	7	0	1	123	1	123	9.67e-82	231
MDC0469468.1	QIZ20258.1	90.863	1390	122	3	1	1386	1	1389	0.0	2615
MDC0469469.1	QIZ20257.1	91.648	1305	109	0	1	1305	59	1363	0.0	2480
MDC0469470.1	QIZ20886.1	68.966	174	54	0	12	185	85	258	1.60e-84	246
MDC0469471.1	QIZ20887.1	67.303	419	137	0	19	437	19	437	0.0	534
MDC0469472.1	QIZ20889.1	85.764	576	81	1	1	575	1	576	0.0	1012
MDC0469473.1	QIZ20890.1	82.979	94	16	0	1	94	1	94	9.24e-55	160
MDC0469474.1	QIZ20891.1	38.261	230	134	6	1	224	2	229	1.45e-38	129
MDC0469475.1	QIZ20892.1	70.732	205	60	0	3	207	5	209	4.76e-101	287
MDC0469476.1	QIZ20893.1	81.818	110	20	0	1	110	1	110	3.35e-62	191
MDC0469477.1	QIZ20894.1	85.507	69	10	0	4	72	2	70	1.14e-39	127
MDC0469478.1	QIZ20893.1	70.352	398	91	5	54	434	21	408	0.0	550
MDC0469479.1	QIZ20876.1	64.198	243	87	0	2	244	3	245	2.29e-106	303
MDC0469480.1	QIZ20877.1	71.823	181	47	2	1	179	11	189	8.41e-96	271
MDC0469481.1	QIZ20878.1	81.553	309	57	0	1	309	1	309	0.0	519
MDC0469482.1	QIZ20879.1	78.295	387	84	0	1	387	1	387	0.0	604
MDC0469483.1	QIZ20881.1	76.506	166	37	2	1	164	1	166	4.11e-94	266
MDC0469484.1	QIZ20882.1	72.414	203	56	0	1	203	116	318	3.00e-112	319
MDC0469485.1	QIZ20719.1	82.067	329	59	0	1	329	1	329	0.0	531
MDC0469486.1	QIZ20720.1	74.384	203	52	0	1	203	1	203	1.19e-108	305
MDC0469487.1	QIZ20721.1	76.412	301	71	0	1	301	1	301	1.86e-174	480
MDC0469488.1	QIZ20722.1	68.284	268	84	1	1	268	1	267	1.75e-128	361
MDC0469489.1	QIZ20723.1	78.605	215	46	0	1	215	1	215	7.52e-131	363
MDC0469490.1	QIZ20724.1	87.871	404	49	0	1	404	1	404	0.0	760
MDC0469491.1	QIZ20725.1	75.901	888	214	0	1	888	1	888	0.0	1399
MDC0469492.1	QIZ20726.1	88.556	367	41	1	2	368	18	383	0.0	664
MDC0469493.1	QIZ20727.1	58.993	417	166	2	19	430	15	431	5.12e-166	469
MDC0469494.1	QIZ21054.1	35.692	325	184	9	14	319	11	329	1.14e-60	194
MDC0469496.1	QIZ21052.1	94.076	422	25	0	1	422	1	422	0.0	811
MDC0469497.1	QIZ21590.1	58.904	219	88	2	1	217	1	219	9.38e-91	265
MDC0469498.1	QIZ21050.1	80.135	443	88	0	1	443	1	443	0.0	719
MDC0469499.1	QIZ21049.1	87.319	623	79	0	1	623	1	623	0.0	1123
MDC0469500.1	QIZ21048.1	60.377	212	84	0	3	214	2	213	8.30e-92	264
MDC0469501.1	QIZ21047.1	83.333	264	44	0	1	264	1	264	2.64e-166	456
MDC0469502.1	QIZ21046.1	71.326	279	80	0	2	280	4	282	1.23e-144	403
MDC0469503.1	QIZ21045.1	40.113	177	106	0	1	177	149	325	6.70e-32	112
MDC0469504.1	QIZ21300.1	60.079	253	101	0	1	253	1	253	3.69e-93	270
MDC0469505.1	QIZ21299.1	90.968	310	28	0	1	310	1	310	0.0	544
MDC0469506.1	QIZ21298.1	67.873	221	70	1	1	221	1	220	3.38e-98	281
MDC0469507.1	QIZ21297.1	81.183	186	35	0	1	186	1	186	1.51e-112	314
MDC0469508.1	QIZ21296.1	87.115	357	46	0	1	357	1	357	0.0	652
MDC0469509.1	QIZ21295.1	75.385	260	61	2	1	258	1	259	9.92e-142	394
MDC0469510.1	QIZ21294.1	92.601	419	31	0	1	419	1	419	0.0	776
MDC0469511.1	QIZ21293.1	86.391	169	23	0	1	169	1	169	8.70e-106	295
MDC0469512.1	QIZ21292.1	73.973	146	38	0	14	159	6	151	8.76e-81	231
MDC0469513.1	QIZ21291.1	71.533	274	78	0	1	274	1	274	2.24e-149	414
MDC0469514.1	QIZ21290.1	86.709	158	21	0	1	158	1	158	4.73e-99	278
MDC0469515.1	QIZ21289.1	60.734	354	139	0	1	354	70	423	9.94e-158	445
MDC0469516.1	QIZ21250.1	75.000	188	47	0	1	188	1	188	1.95e-104	297
MDC0469517.1	QIZ21251.1	87.218	133	17	0	1	133	1	133	1.66e-87	246
MDC0469518.1	QIZ21252.1	84.211	323	51	0	1	323	1	323	0.0	570
MDC0469519.1	QIZ21253.1	79.928	279	55	1	1	278	1	279	2.60e-169	465
MDC0469520.1	QIZ21254.1	76.923	78	18	0	1	78	1	78	1.24e-44	134
MDC0469521.1	QIZ21256.1	83.636	220	36	0	1	220	1	220	1.98e-127	355
MDC0469522.1	QIZ21257.1	70.259	232	69	0	1	232	1	232	1.29e-114	323
MDC0469523.1	QIZ21258.1	77.122	271	62	0	1	271	1	271	2.54e-154	427
MDC0469524.1	QIZ21259.1	94.669	544	29	0	1	544	1	544	0.0	994
MDC0469525.1	QIZ21260.1	83.389	301	50	0	4	304	3	303	0.0	514
MDC0469526.1	QIZ21262.1	80.682	176	34	0	2	177	1	176	3.37e-110	307
MDC0469527.1	QIZ21263.1	88.550	262	30	0	1	262	1	262	3.29e-169	464
MDC0469529.1	QIZ21288.1	51.601	281	135	1	1	280	1	281	1.34e-86	256
MDC0469530.1	QIZ21287.1	57.038	547	234	1	16	561	15	561	0.0	619
MDC0469531.1	QIZ21286.1	60.581	241	91	1	1	237	1	241	3.90e-95	274
MDC0469532.1	QIZ21285.1	70.270	185	55	0	1	185	1	185	1.23e-91	261
MDC0469533.1	QIZ21284.1	88.202	356	42	0	1	356	1	356	0.0	661
MDC0469534.1	QIZ21283.1	48.958	384	194	2	1	383	1	383	1.65e-132	380
MDC0469535.1	QIZ21282.1	63.385	325	119	0	1	325	1	325	5.84e-146	410
MDC0469536.1	QIZ21281.1	77.160	162	37	0	1	162	1	162	1.11e-82	236
MDC0469537.1	QIZ21280.1	66.667	105	34	1	1	104	1	105	4.52e-44	137
MDC0469538.1	QIZ21097.1	88.636	44	5	0	1	44	1	44	4.26e-24	87.4
MDC0469539.1	QIZ21096.1	87.288	236	30	0	1	236	1	236	7.94e-155	425
MDC0469540.1	QIZ21095.1	69.061	362	111	1	1	361	1	362	0.0	510
MDC0469543.1	QIZ21093.1	86.786	280	37	0	1	280	1	280	0.0	495
MDC0469544.1	QIZ21092.1	84.375	96	15	0	1	96	1	96	3.67e-56	164
MDC0469545.1	QIZ21091.1	82.825	361	62	0	1	361	1	361	0.0	570
MDC0469546.1	QIZ21090.1	66.379	232	78	0	1	232	1	232	1.12e-117	331
MDC0469547.1	QIZ21089.1	64.169	307	109	1	1	306	1	307	1.89e-138	389
MDC0469548.1	QIZ21088.1	78.431	357	76	1	1	356	1	357	0.0	593
MDC0469549.1	QIZ21086.1	84.762	105	16	0	1	105	1	105	2.36e-65	189
MDC0469550.1	QIZ21381.1	68.493	73	23	0	3	75	234	306	4.52e-34	113
MDC0469551.1	QIZ21382.1	54.202	238	109	0	16	253	19	256	5.78e-96	280
MDC0469552.1	QIZ21383.1	67.012	676	223	0	1	676	1	676	0.0	923
MDC0469553.1	QIZ21384.1	59.928	559	224	0	5	563	6	564	0.0	667
MDC0469554.1	QIZ21385.1	83.529	680	109	2	1	679	1	678	0.0	1194
MDC0469556.1	QIZ20636.1	51.972	431	204	3	1	429	301	730	1.62e-133	397
MDC0469557.1	QIZ20635.1	76.716	408	95	0	1	408	1	408	0.0	644
MDC0469558.1	QIZ20634.1	47.507	381	191	4	3	381	2	375	2.08e-119	347
MDC0469559.1	QIZ20633.1	88.532	218	25	0	1	218	1	218	3.83e-143	394
MDC0469560.1	QIZ20632.1	77.143	140	32	0	1	140	1	140	4.44e-80	228
MDC0469561.1	QIZ20631.1	92.083	480	38	0	1	480	1	480	0.0	930
MDC0469562.1	QIZ20630.1	80.247	243	48	0	1	243	1	243	2.46e-141	392
MDC0469563.1	QIZ20629.1	56.204	274	120	0	1	274	142	415	2.78e-106	310
MDC0469564.1	QIZ20628.1	87.376	404	51	0	1	404	1	404	0.0	756
MDC0469565.1	QIZ20627.1	81.818	154	28	0	1	154	1	154	4.15e-92	260
MDC0469566.1	QIZ20626.1	75.510	98	24	0	1	98	1	98	6.91e-52	154
MDC0469567.1	QIZ20625.1	86.364	110	15	0	1	110	1	110	4.44e-70	201
MDC0469569.1	QIZ20624.1	92.094	468	37	0	1	468	1	468	0.0	915
MDC0469570.1	QIZ20623.1	65.409	159	55	0	1	159	1	159	1.72e-70	206
MDC0469571.1	QIZ20622.1	80.756	291	56	0	1	291	1	291	7.92e-165	457
MDC0469572.1	QIZ21387.1	88.961	462	51	0	1	462	1	462	0.0	824
MDC0469574.1	QIZ20745.1	74.368	277	71	0	1	277	1	277	1.70e-144	402
MDC0469575.1	QIZ20744.1	87.234	329	42	0	1	329	1	329	0.0	608
MDC0469576.1	QIZ20743.1	71.088	294	85	0	1	294	1	294	1.40e-154	429
MDC0469577.1	QIZ20742.1	84.491	432	67	0	1	432	1	432	0.0	768
MDC0469578.1	QIZ21066.1	87.037	108	14	0	1	108	64	171	1.91e-67	196
MDC0469579.1	QIZ21065.1	86.871	457	56	3	1	455	1	455	0.0	780
MDC0469580.1	QIZ21064.1	62.687	134	49	1	4	136	35	168	4.90e-56	169
MDC0469581.1	QIZ21063.1	74.747	198	49	1	1	198	1	197	6.62e-107	301
MDC0469582.1	QIZ21062.1	66.667	141	46	1	1	141	1	140	9.27e-56	167
MDC0469583.1	QIZ21061.1	59.286	140	57	0	2	141	1	140	1.81e-59	176
MDC0469584.1	QIZ21060.1	73.543	223	57	2	1	221	1	223	2.19e-119	334
MDC0469585.1	QIZ21059.1	59.884	172	69	0	1	172	1	172	3.68e-66	197
MDC0469586.1	QIZ21058.1	53.612	263	121	1	1	262	1	263	1.03e-98	285
MDC0469587.1	QIZ21057.1	73.810	126	33	0	2	127	66	191	2.65e-65	192
MDC0469588.1	QIZ20390.1	78.140	430	94	0	1	430	88	517	0.0	674
MDC0469589.1	QIZ20389.1	75.254	295	73	0	1	295	1	295	9.62e-160	442
MDC0469590.1	QIZ20388.1	78.500	200	40	1	1	200	1	197	2.75e-114	320
MDC0469591.1	QIZ20387.1	88.725	949	106	1	1	949	1	948	0.0	1755
MDC0469593.1	QIZ20446.1	83.333	144	24	0	3	146	2	145	5.39e-90	254
MDC0469594.1	QIZ20445.1	70.245	326	97	0	1	326	1	326	2.32e-164	457
MDC0469595.1	QIZ20444.1	66.795	259	85	1	1	258	1	259	2.02e-125	352
MDC0469596.1	QIZ20443.1	56.274	263	112	1	1	263	1	260	2.91e-85	251
MDC0469597.1	QIZ20442.1	75.000	196	49	0	1	196	1	196	6.90e-102	295
MDC0469598.1	QIZ21378.1	65.789	304	104	0	1	304	1	304	2.54e-132	374
MDC0469599.1	QIZ21377.1	60.927	302	118	0	1	302	11	312	9.61e-126	357
MDC0469600.1	QIZ21376.1	68.172	465	148	0	1	465	1	465	0.0	668
MDC0469601.1	QIZ21375.1	49.860	357	172	3	2	354	3	356	9.03e-122	351
MDC0469602.1	QIZ21374.1	62.810	363	135	0	12	374	12	374	4.26e-151	427
MDC0469603.1	QIZ21373.1	55.072	69	30	1	1	68	362	430	7.00e-21	79.3
MDC0469604.1	QIZ21080.1	79.769	173	35	0	1	173	1	173	7.69e-99	280
MDC0469605.1	QIZ21081.1	83.051	118	20	0	1	118	1	118	1.14e-72	207
MDC0469606.1	QIZ21082.1	89.018	601	66	0	1	601	1	601	0.0	1048
MDC0469607.1	QIZ21083.1	76.744	86	20	0	1	86	1	86	5.37e-48	143
MDC0469608.1	QIZ21084.1	75.845	207	50	0	1	207	1	207	1.92e-116	325
MDC0469609.1	QIZ21085.1	90.104	576	57	0	1	576	105	680	0.0	1092
MDC0469611.1	QIZ20680.1	79.251	347	72	0	1	347	1	347	0.0	598
MDC0469612.1	QIZ20681.1	94.278	367	21	0	5	371	4	370	0.0	735
MDC0469613.1	QIZ20682.1	87.407	405	51	0	1	405	1	405	0.0	756
MDC0469614.1	QIZ20683.1	77.741	301	67	0	1	301	1	301	1.80e-167	462
MDC0469615.1	QIZ20684.1	64.348	115	41	0	2	116	296	410	1.74e-50	160
MDC0469616.1	QIZ20976.1	79.856	139	28	0	5	143	3	141	5.08e-85	241
MDC0469617.1	QIZ20977.1	78.723	799	170	0	1	799	3	801	0.0	1307
MDC0469618.1	QIZ20978.1	60.741	135	53	0	1	135	4	138	3.60e-53	160
MDC0469619.1	QIZ20979.1	86.111	108	15	0	1	108	1	108	3.91e-67	193
MDC0469620.1	QIZ20980.1	76.393	305	63	5	1	297	1	304	1.55e-143	402
MDC0469621.1	QIZ21132.1	83.270	263	44	0	1	263	1	263	3.30e-160	445
MDC0469622.1	QIZ21131.1	94.681	282	15	0	1	282	1	282	0.0	531
MDC0469623.1	QIZ21130.1	95.804	286	12	0	1	286	1	286	0.0	525
MDC0469624.1	QIZ21129.1	94.727	512	26	1	1	512	1	511	0.0	1002
MDC0469625.1	QIZ21128.1	88.328	317	37	0	1	317	37	353	0.0	569
MDC0469627.1	QIZ21043.1	67.258	846	273	4	1	844	1	844	0.0	1167
MDC0469628.1	QIZ21042.1	55.932	177	73	4	10	186	10	181	1.88e-64	192
MDC0469629.1	QIZ21041.1	37.278	338	173	14	1	308	1	329	1.70e-44	150
MDC0469630.1	QIZ21040.1	63.780	127	46	0	3	129	49	175	1.69e-50	154
MDC0469631.1	QIZ21318.1	80.556	108	21	0	1	108	1	108	4.04e-60	182
MDC0469632.1	QIZ21317.1	91.720	314	26	0	1	314	1	314	0.0	606
MDC0469633.1	QIZ21314.1	75.628	398	93	1	1	394	1	398	0.0	640
MDC0469634.1	QIZ21313.1	91.277	642	56	0	1	642	1	642	0.0	1236
MDC0469635.1	QIZ21110.1	83.190	232	39	0	1	232	22	253	2.12e-139	387
MDC0469636.1	QIZ21109.1	75.072	345	86	0	1	345	1	345	0.0	572
MDC0469637.1	QIZ21108.1	64.286	168	58	1	1	168	3	168	7.75e-78	225
MDC0469638.1	QIZ21107.1	85.279	394	58	0	1	394	1	394	0.0	703
MDC0469639.1	QIZ21103.1	80.833	240	46	0	1	240	1	240	1.96e-147	412
MDC0469640.1	QIZ21137.1	75.439	228	56	0	1	228	1	228	2.34e-116	335
MDC0469641.1	QIZ21136.1	88.079	453	54	0	1	453	1	453	0.0	776
MDC0469642.1	QIZ21135.1	81.633	196	35	1	1	196	1	195	1.04e-122	340
MDC0469643.1	QIZ21134.1	87.565	386	47	1	1	386	1	385	0.0	695
MDC0469645.1	QIZ20256.1	86.364	88	12	0	1	88	1	88	1.37e-40	125
MDC0469646.1	QIZ20255.1	82.530	166	29	0	1	166	1	166	4.12e-100	281
MDC0469647.1	QIZ20254.1	82.533	229	40	0	1	229	1	229	1.65e-139	386
MDC0469648.1	QIZ20253.1	84.892	139	21	0	5	143	3	141	3.38e-86	244
MDC0469649.1	QIZ20252.1	92.045	176	14	0	1	176	1	176	4.68e-120	332
MDC0469650.1	QIZ20251.1	92.063	63	5	0	1	63	1	63	7.42e-38	115
MDC0469651.1	QIZ20250.1	91.919	396	32	0	1	396	1	396	0.0	728
MDC0469652.1	QIZ20657.1	60.947	169	66	0	1	169	151	319	6.87e-71	213
MDC0469653.1	QIZ20658.1	64.615	260	92	0	2	261	3	262	6.24e-122	344
MDC0469654.1	QIZ20659.1	79.524	210	43	0	1	210	1	210	2.03e-124	346
MDC0469655.1	QIZ20660.1	93.671	79	5	0	1	79	1	79	6.00e-47	140
MDC0469656.1	QIZ20661.1	82.857	245	41	1	1	244	3	247	5.08e-149	411
MDC0469657.1	QIZ20662.1	68.506	308	97	0	1	308	1	308	1.70e-148	415
MDC0469658.1	QIZ20663.1	79.570	93	19	0	1	93	1	93	1.22e-54	161
MDC0469659.1	QIZ20430.1	82.574	373	65	0	1	373	1	373	0.0	615
MDC0469660.1	QIZ20431.1	87.912	273	33	0	1	273	1	273	3.17e-177	485
MDC0469661.1	QIZ20432.1	86.803	538	71	0	1	538	1	538	0.0	962
MDC0469662.1	QIZ20433.1	80.808	99	19	0	1	99	1	99	2.75e-55	162
MDC0469665.1	QIZ21359.1	86.792	848	112	0	1	848	227	1074	0.0	1534
MDC0469665.1	QIZ21359.1	30.326	399	251	7	333	710	8	400	1.16e-52	194
MDC0469666.1	QIZ21238.1	71.006	169	49	0	2	170	137	305	3.48e-82	241
MDC0469667.1	QIZ21239.1	81.637	904	165	1	1	903	1	904	0.0	1518
MDC0469668.1	QIZ21240.1	44.156	154	86	0	9	162	7	160	3.52e-35	116
MDC0469669.1	QIZ20667.1	79.968	634	126	1	1	634	1	633	0.0	1028
MDC0469670.1	QIZ20666.1	84.534	472	73	0	1	472	1	472	0.0	838
MDC0469671.1	QIZ20665.1	77.692	130	29	0	1	130	23	152	1.49e-62	184
MDC0469673.1	QIZ20277.1	87.023	131	17	0	1	131	1	131	1.37e-82	234
MDC0469674.1	QIZ20278.1	82.682	179	31	0	1	179	1	179	2.26e-105	295
MDC0469675.1	QIZ20279.1	82.203	118	21	0	1	118	1	118	2.71e-66	192
MDC0469676.1	QIZ20280.1	87.574	169	21	0	3	171	2	170	1.95e-105	295
MDC0469677.1	QIZ20281.1	75.658	152	34	2	3	151	2	153	8.02e-66	193
MDC0469678.1	QIZ20282.1	89.906	426	43	0	1	426	1	426	0.0	775
MDC0469679.1	QIZ20197.1	85.971	278	39	0	1	278	12	289	0.0	502
MDC0469680.1	QIZ20196.1	71.981	207	50	1	1	207	1	199	4.16e-114	319
MDC0469681.1	QIZ20192.1	82.635	167	29	0	1	167	1	167	1.85e-101	285
MDC0469682.1	QIZ20191.1	69.613	181	55	0	1	181	1	181	2.43e-97	275
MDC0469683.1	QIZ20190.1	72.702	359	98	0	1	359	1	359	0.0	550
MDC0469684.1	QIZ20733.1	58.824	170	70	0	2	171	121	290	2.34e-67	202
MDC0469685.1	QIZ20732.1	82.118	425	76	0	1	425	1	425	0.0	729
MDC0469686.1	QIZ20731.1	79.389	131	27	0	1	131	1	131	2.69e-79	226
MDC0469687.1	QIZ21069.1	72.581	62	17	0	1	62	1	62	3.37e-32	101
MDC0469688.1	QIZ20729.1	79.167	120	25	0	1	120	1	120	1.84e-74	213
MDC0469689.1	QIZ20728.1	65.873	252	86	0	1	252	1	252	8.55e-122	345
MDC0469690.1	QIZ21246.1	59.574	235	95	0	2	236	52	286	1.86e-100	289
MDC0469691.1	QIZ21245.1	67.742	62	20	0	1	62	1	62	2.37e-28	92.0
MDC0469692.1	QIZ21244.1	63.895	421	151	1	1	420	1	421	0.0	549
MDC0469693.1	QIZ21243.1	61.364	88	34	0	1	88	1	88	2.07e-34	113
MDC0469694.1	QIZ21242.1	63.469	271	98	1	1	271	106	375	1.90e-118	340
MDC0469695.1	QIZ20655.1	35.152	825	483	20	1	789	1	809	5.64e-130	403
MDC0469696.1	QIZ20654.1	46.980	298	157	1	1	298	61	357	3.43e-75	230
MDC0469698.1	QIZ20586.1	88.542	192	22	0	1	192	1	192	3.05e-127	352
MDC0469699.1	QIZ20587.1	73.191	235	63	0	1	235	1	235	2.55e-120	338
MDC0469700.1	QIZ20588.1	72.954	281	76	0	1	281	1	281	8.56e-161	444
MDC0469701.1	QIZ20606.1	88.321	137	16	0	1	137	344	480	8.18e-89	262
MDC0469703.1	QIZ20908.1	47.391	230	114	3	1	223	1	230	2.74e-68	205
MDC0469704.1	QIZ20898.1	36.481	466	281	6	4	466	5	458	1.36e-101	308
MDC0469705.1	QIZ21369.1	66.176	204	69	0	1	204	1	204	1.16e-97	283
MDC0469706.1	QIZ21368.1	76.892	502	100	6	1	493	1	495	0.0	696
MDC0469707.1	QIZ21367.1	89.032	155	17	0	1	155	1	155	1.18e-105	294
MDC0469708.1	QIZ20442.1	65.306	98	34	0	1	98	280	377	1.17e-36	123
MDC0469709.1	QIZ20441.1	81.974	466	84	0	1	466	1	466	0.0	792
MDC0469710.1	QIZ20440.1	92.000	225	18	0	1	225	1	225	1.21e-153	421
MDC0469711.1	QIZ20439.1	81.818	176	32	0	3	178	88	263	5.38e-103	292
MDC0469712.1	QIZ21005.1	77.551	98	22	0	1	98	1	98	6.60e-54	160
MDC0469713.1	QIZ21006.1	89.157	166	18	0	1	166	1	166	3.86e-110	306
MDC0469714.1	QIZ21007.1	94.541	403	22	0	1	403	1	403	0.0	799
MDC0469715.1	QIZ21008.1	88.696	230	26	0	1	230	1	230	3.49e-158	434
MDC0469716.1	QIZ20983.1	49.020	153	75	2	4	154	2	153	7.68e-44	138
MDC0469717.1	QIZ20982.1	67.677	198	64	0	1	198	1	198	1.76e-96	275
MDC0469718.1	QIZ20981.1	66.105	475	158	1	1	472	1	475	0.0	632
MDC0469719.1	QIZ21265.1	68.192	459	145	1	1	459	1	458	0.0	647
MDC0469720.1	QIZ21266.1	72.671	161	44	0	1	161	1	161	3.11e-89	253
MDC0469721.1	QIZ21267.1	69.504	141	43	0	1	141	1	141	6.83e-72	207
MDC0469722.1	QIZ21268.1	63.235	68	25	0	2	69	253	320	1.27e-27	97.1
MDC0469724.1	QIZ20436.1	88.716	257	29	0	1	257	228	484	3.15e-169	472
MDC0469725.1	QIZ20437.1	81.915	188	34	0	1	188	1	188	2.47e-113	316
MDC0469726.1	QIZ20438.1	79.934	304	61	0	1	304	1	304	0.0	504
MDC0469731.1	QIZ21097.1	88.255	298	35	0	1	298	198	495	0.0	560
MDC0469732.1	QIZ21224.1	80.556	396	76	1	1	395	1	396	0.0	675
MDC0469733.1	QIZ21223.1	66.327	294	99	0	1	294	1	294	1.17e-148	414
MDC0469735.1	QIZ20383.1	84.615	143	22	0	2	144	42	184	3.46e-89	253
MDC0469736.1	QIZ20382.1	80.811	370	71	0	1	370	1	370	0.0	635
MDC0469737.1	QIZ20381.1	77.826	230	51	0	1	230	45	274	1.09e-141	393
MDC0469739.1	QIZ20741.1	73.636	110	29	0	1	110	1	110	8.04e-57	167
MDC0469740.1	QIZ20740.1	87.102	597	77	0	1	597	35	631	0.0	1095
MDC0469741.1	QIZ21200.1	83.467	375	58	2	1	373	1	373	0.0	627
MDC0469742.1	QIZ21198.1	64.481	183	65	0	1	183	1	183	5.00e-85	244
MDC0469743.1	QIZ21197.1	90.110	182	18	0	6	187	6	187	1.06e-121	337
MDC0469744.1	QIZ20419.1	94.798	346	18	0	1	346	1	346	0.0	687
MDC0469745.1	QIZ20418.1	70.031	327	98	0	4	330	2	328	5.73e-158	443
MDC0469746.1	QIZ20737.1	71.565	313	89	0	1	313	1	313	8.39e-172	475
MDC0469747.1	QIZ20738.1	80.189	106	21	0	1	106	1	106	2.35e-63	183
MDC0469748.1	QIZ20739.1	84.190	253	40	0	1	253	1	253	3.24e-156	430
MDC0469749.1	QIZ21249.1	63.763	574	208	0	2	575	5	578	0.0	751
MDC0469750.1	QIZ21248.1	52.991	117	55	0	1	117	1	117	9.76e-31	108
