MDC0960813.1	QIZ21137.1	72.887	284	77	0	1	284	1	284	1.26e-145	412
MDC0960814.1	QIZ21136.1	95.806	453	19	0	1	453	1	453	0.0	833
MDC0960815.1	QIZ21135.1	85.567	194	28	0	1	194	2	195	3.87e-128	354
MDC0960816.1	QIZ21134.1	93.264	386	24	2	1	385	1	385	0.0	717
MDC0960817.1	QIZ21133.1	85.434	357	52	0	1	357	1	357	0.0	642
MDC0960818.1	QIZ21132.1	81.894	359	65	0	1	359	1	359	0.0	596
MDC0960819.1	QIZ21131.1	94.326	282	16	0	1	282	1	282	0.0	529
MDC0960820.1	QIZ21130.1	96.853	286	9	0	1	286	1	286	0.0	550
MDC0960821.1	QIZ21129.1	94.727	512	26	1	1	512	1	511	0.0	1000
MDC0960822.1	QIZ21128.1	92.068	353	28	0	1	353	1	353	0.0	665
MDC0960823.1	QIZ21127.1	70.718	362	104	1	1	362	1	360	0.0	504
MDC0960824.1	QIZ21126.1	76.559	401	91	1	1	401	1	398	0.0	568
MDC0960825.1	QIZ21125.1	89.905	317	32	0	1	317	1	317	0.0	583
MDC0960828.1	QIZ21124.1	33.732	418	270	5	57	471	41	454	4.03e-77	245
MDC0960829.1	QIZ21123.1	90.415	386	37	0	1	386	1	386	0.0	710
MDC0960830.1	QIZ21122.1	88.251	383	45	0	1	383	1	383	0.0	729
MDC0960831.1	QIZ21120.1	62.069	145	55	0	22	166	25	169	3.12e-65	193
MDC0960832.1	QIZ21119.1	63.866	119	41	1	1	117	1	119	9.06e-47	142
MDC0960833.1	QIZ21118.1	50.867	173	84	1	1	172	1	173	1.25e-61	184
MDC0960834.1	QIZ21117.1	68.320	625	197	1	1	624	1	625	0.0	835
MDC0960835.1	QIZ21116.1	78.986	138	29	0	1	138	1	138	1.53e-78	224
MDC0960836.1	QIZ21115.1	67.568	74	24	0	1	74	1	74	3.57e-34	107
MDC0960837.1	QIZ21114.1	82.627	236	40	1	1	235	1	236	2.19e-144	399
MDC0960838.1	QIZ21113.1	95.283	106	5	0	1	106	1	106	1.34e-73	209
MDC0960839.1	QIZ21112.1	90.110	182	18	0	1	182	1	182	1.65e-122	339
MDC0960840.1	QIZ21111.1	83.929	112	18	0	1	112	1	112	2.32e-67	194
MDC0960841.1	QIZ21110.1	81.423	253	47	0	1	253	1	253	1.38e-149	413
MDC0960842.1	QIZ21109.1	75.072	345	86	0	1	345	1	345	0.0	571
MDC0960843.1	QIZ21108.1	66.667	171	54	2	1	171	1	168	2.36e-82	236
MDC0960844.1	QIZ21107.1	87.848	395	48	0	1	395	1	395	0.0	714
MDC0960845.1	QIZ21106.1	69.756	205	62	0	1	205	1	205	4.94e-101	286
MDC0960846.1	QIZ21105.1	93.421	152	10	0	1	152	1	152	7.15e-95	266
MDC0960847.1	QIZ21104.1	90.476	126	12	0	1	126	1	126	9.00e-81	229
MDC0960848.1	QIZ21103.1	86.316	380	52	0	1	380	1	380	0.0	677
MDC0960849.1	QIZ21102.1	96.020	201	8	0	1	201	1	201	1.71e-134	371
MDC0960851.1	QIZ21069.1	82.258	62	11	0	1	62	1	62	5.61e-35	108
MDC0960852.1	QIZ21101.1	89.540	239	25	0	1	239	1	239	1.40e-163	447
MDC0960853.1	QIZ21100.1	89.855	138	14	0	1	138	1	138	3.78e-87	246
MDC0960854.1	QIZ21099.1	97.500	40	1	0	1	40	1	40	2.97e-23	77.4
MDC0960855.1	QIZ21097.1	89.899	495	50	0	1	495	1	495	0.0	910
MDC0960856.1	QIZ21096.1	88.559	236	27	0	1	236	1	236	5.34e-159	436
MDC0960857.1	QIZ21095.1	80.886	361	68	1	1	360	2	362	0.0	595
MDC0960858.1	QIZ21094.1	76.149	348	81	1	1	346	1	348	0.0	564
MDC0960863.1	QIZ21093.1	89.680	281	29	0	1	281	1	281	0.0	518
MDC0960864.1	QIZ21092.1	86.458	96	13	0	1	96	1	96	4.80e-58	169
MDC0960865.1	QIZ21091.1	83.934	361	58	0	1	361	1	361	0.0	572
MDC0960866.1	QIZ21090.1	71.552	232	66	0	1	232	1	232	2.40e-125	350
MDC0960867.1	QIZ21089.1	66.776	304	100	1	3	305	4	307	1.24e-142	400
MDC0960868.1	QIZ21088.1	80.672	357	69	0	1	357	1	357	0.0	607
MDC0960869.1	QIZ21086.1	85.401	137	20	0	1	137	1	137	2.98e-87	246
MDC0960870.1	QIZ21085.1	88.318	642	75	0	36	677	39	680	0.0	1191
MDC0960871.1	QIZ21084.1	87.923	207	25	0	1	207	1	207	5.22e-135	372
MDC0960872.1	QIZ21083.1	96.471	85	3	0	1	85	1	85	7.54e-59	170
MDC0960873.1	QIZ21082.1	96.844	602	19	0	1	602	1	602	0.0	1176
MDC0960874.1	QIZ21081.1	96.610	118	4	0	1	118	1	118	1.09e-81	231
MDC0960875.1	QIZ21080.1	82.028	217	39	0	1	217	1	217	3.83e-128	356
MDC0960877.1	QIZ21079.1	75.937	507	118	2	7	511	14	518	0.0	761
MDC0960880.1	QIZ21087.1	44.561	285	151	4	1	285	1	278	5.49e-70	214
MDC0960881.1	QIZ21078.1	70.093	214	63	1	1	214	1	213	1.12e-105	299
MDC0960882.1	QIZ21077.1	50.000	364	177	4	1	359	14	377	1.14e-113	331
MDC0960883.1	QIZ21076.1	76.724	696	160	2	1	694	1	696	0.0	1021
MDC0960884.1	QIZ21075.1	53.804	184	83	1	1	182	1	184	6.68e-65	193
MDC0960885.1	QIZ21074.1	61.818	165	63	0	1	165	1	165	4.38e-76	220
MDC0960886.1	QIZ21073.1	76.860	121	28	0	1	121	1	121	3.40e-67	194
MDC0960887.1	QIZ21072.1	51.087	92	42	2	1	90	1	91	1.87e-22	79.3
MDC0960888.1	QIZ21071.1	88.446	251	29	0	1	251	1	251	2.30e-167	458
MDC0960889.1	QIZ21070.1	88.382	241	26	1	1	241	1	239	1.55e-154	425
MDC0960890.1	QIZ21068.1	87.981	208	25	0	1	208	1	208	2.50e-135	374
MDC0960891.1	QIZ21067.1	92.857	196	14	0	1	196	1	196	3.00e-136	375
MDC0960892.1	QIZ21066.1	87.719	171	21	0	1	171	1	171	1.66e-111	310
MDC0960893.1	QIZ21065.1	88.403	457	51	2	1	457	1	455	0.0	800
MDC0960894.1	QIZ21087.1	44.014	284	147	7	1	278	1	278	3.32e-63	196
MDC0960895.1	QIZ21064.1	62.406	133	48	2	8	139	39	170	3.12e-54	164
MDC0960896.1	QIZ21063.1	71.357	199	54	2	1	198	1	197	7.24e-101	285
MDC0960897.1	QIZ21062.1	63.121	141	51	1	1	141	1	140	1.39e-50	154
MDC0960898.1	QIZ21061.1	57.857	140	59	0	1	140	1	140	5.61e-58	172
MDC0960899.1	QIZ21060.1	77.778	225	42	3	1	220	1	222	8.85e-128	355
MDC0960900.1	QIZ21059.1	61.582	177	67	1	1	176	1	177	5.15e-65	194
MDC0960901.1	QIZ21058.1	60.687	262	103	0	2	263	3	264	1.70e-113	323
MDC0960902.1	QIZ21057.1	69.231	195	60	0	1	195	1	195	3.63e-96	273
MDC0960903.1	QIZ21056.1	77.289	273	62	0	1	273	1	273	1.61e-161	445
MDC0960904.1	QIZ21055.1	73.874	333	87	0	1	333	1	333	0.0	522
MDC0960907.1	QIZ21052.1	95.972	422	17	0	1	422	1	422	0.0	823
MDC0960908.1	QIZ21050.1	81.490	443	82	0	1	443	1	443	0.0	736
MDC0960909.1	QIZ21049.1	88.443	623	72	0	1	623	1	623	0.0	1131
MDC0960910.1	QIZ21048.1	60.190	211	84	0	3	213	2	212	4.85e-93	267
MDC0960911.1	QIZ21047.1	87.500	264	33	0	1	264	1	264	9.73e-175	478
MDC0960912.1	QIZ21046.1	73.759	282	74	0	1	282	1	282	9.95e-154	426
MDC0960913.1	QIZ21045.1	49.547	331	165	1	1	329	1	331	2.34e-98	290
MDC0960915.1	QIZ21043.1	71.124	845	239	3	1	842	1	843	0.0	1255
MDC0960916.1	QIZ21042.1	62.791	172	62	2	4	175	4	173	3.91e-73	214
MDC0960917.1	QIZ21041.1	37.612	335	190	10	1	322	1	329	2.36e-50	166
MDC0960918.1	QIZ21040.1	63.953	172	61	1	1	172	5	175	3.75e-73	214
MDC0960919.1	QIZ21039.1	60.274	219	84	1	1	219	1	216	1.15e-93	269
MDC0960920.1	QIZ21038.1	54.601	163	72	2	1	163	1	161	5.73e-51	156
MDC0960921.1	QIZ21037.1	44.271	192	99	2	3	186	1	192	1.83e-44	142
MDC0960922.1	QIZ21036.1	69.579	309	93	1	1	309	1	308	4.05e-160	444
MDC0960923.1	QIZ21035.1	85.000	200	30	0	18	217	18	217	9.24e-130	360
MDC0960924.1	QIZ21034.1	82.490	257	45	0	1	257	1	257	6.02e-159	437
MDC0960925.1	QIZ21033.1	86.133	375	50	1	1	375	1	373	0.0	643
MDC0960926.1	QIZ21032.1	93.471	628	41	0	1	628	1	628	0.0	1185
MDC0960927.1	QIZ21031.1	74.762	210	49	3	1	208	1	208	6.97e-106	299
MDC0960928.1	QIZ21030.1	68.367	196	62	0	3	198	5	200	4.72e-89	256
MDC0960929.1	QIZ21029.1	60.000	385	151	2	15	398	1	383	2.55e-157	444
MDC0960930.1	QIZ21028.1	62.937	286	106	0	1	286	1	286	7.61e-118	335
MDC0960931.1	QIZ21027.1	74.490	196	50	0	1	196	1	196	1.59e-109	307
MDC0960932.1	QIZ21026.1	85.940	761	106	1	1	761	1	760	0.0	1333
MDC0960933.1	QIZ21025.1	71.316	509	145	1	1	509	1	508	0.0	705
MDC0960934.1	QIZ21024.1	79.279	333	69	0	1	333	1	333	0.0	549
MDC0960935.1	QIZ21023.1	75.556	180	43	1	1	179	1	180	1.49e-99	281
MDC0960937.1	QIZ21022.1	62.462	333	124	1	6	338	1	332	1.68e-152	427
MDC0960938.1	QIZ21021.1	52.344	128	61	0	1	128	1	128	1.47e-48	147
MDC0960939.1	QIZ21020.1	88.235	136	16	0	1	136	1	136	5.57e-88	248
MDC0960940.1	QIZ21019.1	72.422	446	119	1	1	442	10	455	0.0	662
MDC0960941.1	QIZ21018.1	87.805	328	40	0	1	328	1	328	0.0	594
MDC0960942.1	QIZ21017.1	60.526	152	60	0	1	152	1	152	1.11e-52	160
MDC0960943.1	QIZ21016.1	58.491	477	198	0	16	492	19	495	0.0	549
MDC0960944.1	QIZ21015.1	88.175	389	46	0	1	389	1	389	0.0	699
MDC0960945.1	QIZ21014.1	91.132	530	47	0	1	530	1	530	0.0	961
MDC0960946.1	QIZ21013.1	81.682	737	130	2	3	738	4	736	0.0	1197
MDC0960947.1	QIZ21012.1	83.607	122	20	0	1	122	1	122	2.17e-73	210
MDC0960948.1	QIZ21011.1	86.585	82	11	0	1	82	1	82	4.01e-47	140
MDC0960949.1	QIZ21010.1	96.522	690	24	0	1	690	1	690	0.0	1357
MDC0960950.1	QIZ21008.1	92.337	261	20	0	1	261	1	261	0.0	505
MDC0960951.1	QIZ21007.1	95.533	403	18	0	1	403	1	403	0.0	805
MDC0960952.1	QIZ21006.1	89.157	166	18	0	1	166	1	166	1.07e-111	310
MDC0960953.1	QIZ21005.1	78.519	135	29	0	7	141	7	141	1.53e-78	224
MDC0960954.1	QIZ21004.1	96.350	137	5	0	1	137	1	137	6.15e-97	271
MDC0960955.1	QIZ21003.1	88.036	443	53	0	1	443	1	443	0.0	828
MDC0960956.1	QIZ21002.1	73.469	196	52	0	1	196	1	196	2.16e-112	315
MDC0960957.1	QIZ21001.1	65.734	143	49	0	4	146	6	148	6.01e-70	203
MDC0960958.1	QIZ21000.1	65.600	250	86	0	1	250	1	250	3.01e-121	341
MDC0960959.1	QIZ20999.1	78.621	145	31	0	1	145	1	145	3.19e-84	239
MDC0960960.1	QIZ20998.1	72.818	401	107	1	1	399	1	401	0.0	608
MDC0960961.1	QIZ20997.1	82.375	522	92	0	1	522	1	522	0.0	880
MDC0960962.1	QIZ20996.1	81.116	233	44	0	1	233	1	233	6.54e-144	397
MDC0960963.1	QIZ20995.1	62.718	287	107	0	1	287	1	287	1.10e-115	330
MDC0960964.1	QIZ20994.1	83.721	86	14	0	1	86	1	86	1.18e-47	142
MDC0960965.1	QIZ20993.1	82.189	466	79	2	9	474	9	470	0.0	784
MDC0960966.1	QIZ20992.1	92.703	370	27	0	1	370	1	370	0.0	699
MDC0960967.1	QIZ20991.1	73.391	233	62	0	1	233	1	233	6.30e-121	339
MDC0960968.1	QIZ20990.1	70.792	404	118	0	1	404	1	404	0.0	572
MDC0960969.1	QIZ20989.1	82.040	451	81	0	1	451	1	451	0.0	751
MDC0960970.1	QIZ20988.1	59.649	171	67	1	1	169	1	171	3.97e-70	205
MDC0960971.1	QIZ20987.1	79.104	67	14	0	1	67	1	67	4.60e-26	86.7
MDC0960972.1	QIZ20986.1	66.981	212	70	0	1	212	1	212	1.22e-111	314
MDC0960973.1	QIZ20985.1	87.634	186	23	0	4	189	3	188	7.26e-126	348
MDC0960974.1	QIZ20984.1	84.181	177	28	0	1	177	1	177	6.23e-102	286
MDC0960975.1	QIZ20983.1	57.718	149	63	0	12	160	10	158	3.43e-56	169
MDC0960976.1	QIZ20982.1	66.667	198	66	0	1	198	1	198	8.47e-95	270
MDC0960977.1	QIZ20981.1	59.099	577	225	4	1	576	1	567	0.0	642
MDC0960978.1	QIZ20980.1	87.273	220	25	1	81	297	85	304	1.99e-138	389
MDC0960979.1	QIZ20979.1	84.259	108	17	0	1	108	1	108	3.76e-65	188
MDC0960980.1	QIZ20978.1	60.741	135	52	1	2	135	4	138	6.47e-52	157
MDC0960981.1	QIZ20977.1	80.375	800	156	1	1	800	3	801	0.0	1330
MDC0960982.1	QIZ21314.1	28.457	376	239	12	1	354	3	370	9.67e-44	152
MDC0960985.1	QIZ20976.1	90.780	141	13	0	1	141	1	141	2.00e-96	270
MDC0960986.1	QIZ20974.1	92.292	1012	77	1	1	1011	1	1012	0.0	1969
MDC0960987.1	QIZ20973.1	69.374	431	114	3	1	421	1	423	0.0	613
MDC0960988.1	QIZ20972.1	75.593	295	72	0	1	295	1	295	2.03e-162	449
MDC0960989.1	QIZ20971.1	64.167	240	85	1	1	239	1	240	1.52e-110	315
MDC0960990.1	QIZ20970.1	85.804	479	68	0	1	479	1	479	0.0	840
MDC0960991.1	QIZ20969.1	81.533	1500	277	0	1	1500	1	1500	0.0	2590
MDC0960992.1	QIZ20967.1	71.545	246	70	0	1	246	1	246	8.36e-120	337
MDC0960993.1	QIZ20966.1	77.083	384	88	0	1	384	1	384	0.0	600
MDC0960994.1	QIZ20965.1	87.618	638	79	0	1	638	1	638	0.0	1191
MDC0960995.1	QIZ20964.1	91.160	181	16	0	1	181	1	181	1.24e-124	344
MDC0960996.1	QIZ20963.1	98.529	68	1	0	1	68	1	68	3.34e-44	132
MDC0960997.1	QIZ20962.1	94.068	118	7	0	1	118	1	118	3.36e-80	227
MDC0960998.1	QIZ20961.1	86.479	355	48	0	1	355	1	355	0.0	651
MDC0960999.1	QIZ20960.1	72.569	802	220	0	1	802	1	802	0.0	1152
MDC0961000.1	QIZ20959.1	91.973	598	48	0	1	598	4	601	0.0	1138
MDC0961004.1	QIZ20952.1	88.484	686	78	1	1	686	1	685	0.0	1253
MDC0961005.1	QIZ20951.1	68.075	426	136	0	1	426	1	426	0.0	580
MDC0961006.1	QIZ20950.1	69.040	604	180	4	1	599	1	602	0.0	832
MDC0961007.1	QIZ20949.1	91.975	324	26	0	1	324	1	324	0.0	634
MDC0961008.1	QIZ20948.1	78.857	175	37	0	1	175	1	175	1.91e-106	298
MDC0961009.1	QIZ20947.1	68.605	86	27	0	1	86	10	95	4.19e-36	113
MDC0961010.1	QIZ20946.1	66.393	366	123	0	1	366	1	366	1.95e-163	457
MDC0961011.1	QIZ20945.1	62.353	170	64	0	1	170	1	170	3.37e-74	216
MDC0961013.1	QIZ20944.1	56.176	591	250	4	1	587	1	586	0.0	617
MDC0961014.1	QIZ20943.1	81.395	172	31	1	1	171	1	172	1.17e-102	288
MDC0961015.1	QIZ20942.1	68.852	305	95	0	1	305	1	305	6.90e-158	439
MDC0961016.1	QIZ20941.1	70.325	246	73	0	1	246	1	246	9.61e-132	367
MDC0961017.1	QIZ20940.1	83.226	155	26	0	1	155	1	155	4.92e-98	275
MDC0961018.1	QIZ20939.1	80.583	309	60	0	1	309	1	309	0.0	530
MDC0961019.1	QIZ20937.1	78.385	384	83	0	1	384	1	384	0.0	637
MDC0961020.1	QIZ20936.1	74.638	276	69	1	1	276	1	275	1.75e-158	437
MDC0961021.1	QIZ20935.1	85.973	221	31	0	1	221	1	221	5.07e-146	402
MDC0961022.1	QIZ20934.1	70.486	288	85	0	1	288	1	288	1.92e-146	408
MDC0961023.1	QIZ20933.1	74.194	558	143	1	1	557	1	558	0.0	894
MDC0961024.1	QIZ20932.1	66.265	83	28	0	1	83	1	83	6.98e-36	112
MDC0961025.1	QIZ20931.1	78.947	114	23	1	1	113	1	114	1.35e-56	167
MDC0961027.1	QIZ20929.1	66.667	240	79	1	1	240	1	239	1.28e-112	318
MDC0961028.1	QIZ20928.1	87.692	65	8	0	1	65	1	65	6.81e-29	93.6
MDC0961029.1	QIZ20927.1	75.676	185	44	1	1	184	1	185	6.61e-99	280
MDC0961030.1	QIZ20926.1	80.336	417	82	0	1	417	1	417	0.0	671
MDC0961031.1	QIZ20925.1	72.093	129	36	0	1	129	1	129	1.32e-65	191
MDC0961032.1	QIZ20924.1	82.436	427	75	0	1	427	2	428	0.0	699
MDC0961033.1	QIZ20923.1	84.507	71	11	0	1	71	1	71	1.79e-41	125
MDC0961034.1	QIZ21496.1	67.692	65	21	0	3	67	2	66	1.17e-29	95.9
MDC0961035.1	QIZ20922.1	64.668	467	160	4	1	464	1	465	0.0	593
MDC0961036.1	QIZ20921.1	47.429	350	179	3	1	349	1	346	7.42e-113	328
MDC0961037.1	QIZ20920.1	51.092	229	111	1	1	229	1	228	6.75e-78	229
MDC0961046.1	QIZ20911.1	73.770	183	47	1	1	182	1	183	2.14e-104	293
MDC0961047.1	QIZ20910.1	50.893	112	55	0	13	124	13	124	1.21e-41	130
MDC0961048.1	QIZ20908.1	48.052	231	113	3	1	224	1	231	8.01e-69	207
MDC0961050.1	QIZ20898.1	34.161	483	303	6	4	485	5	473	8.11e-94	288
MDC0961052.1	QIZ20897.1	58.879	107	41	2	1	105	1	106	5.82e-41	127
MDC0961053.1	QIZ20896.1	48.592	426	211	7	1	422	1	422	2.31e-138	398
MDC0961054.1	QIZ20895.1	73.701	308	81	0	1	308	1	308	0.0	499
MDC0961055.1	QIZ20894.1	82.510	263	46	0	3	265	2	264	1.04e-152	422
MDC0961056.1	QIZ20893.1	86.275	408	56	0	1	408	1	408	0.0	743
MDC0961057.1	QIZ20892.1	68.966	203	63	0	1	203	1	203	1.49e-99	283
MDC0961058.1	QIZ20891.1	84.348	230	36	0	1	230	1	230	7.01e-144	397
MDC0961059.1	QIZ20890.1	89.474	95	10	0	1	95	1	95	1.86e-59	172
MDC0961060.1	QIZ20889.1	84.201	576	90	1	1	575	1	576	0.0	997
MDC0961061.1	QIZ20888.1	71.078	204	59	0	13	216	12	215	1.70e-100	286
MDC0961062.1	QIZ20887.1	66.110	419	139	2	20	436	20	437	0.0	531
MDC0961063.1	QIZ20886.1	78.210	257	56	0	1	257	1	257	4.59e-149	412
MDC0961064.1	QIZ20885.1	43.158	190	106	2	1	190	1	188	7.52e-43	138
MDC0961065.1	QIZ20884.1	73.548	310	81	1	12	320	13	322	2.01e-165	459
MDC0961066.1	QIZ20883.1	84.236	203	32	0	1	203	1	203	2.14e-131	363
MDC0961067.1	QIZ20882.1	75.710	317	77	0	1	317	1	317	0.0	516
MDC0961068.1	QIZ20881.1	80.120	166	31	1	1	164	1	166	2.38e-97	274
MDC0961069.1	QIZ20879.1	82.812	384	66	0	1	384	1	384	0.0	629
MDC0961070.1	QIZ20878.1	78.641	309	66	0	1	309	1	309	0.0	499
MDC0961071.1	QIZ20877.1	73.184	179	48	0	1	179	11	189	7.49e-100	282
MDC0961072.1	QIZ20876.1	67.623	244	77	1	2	243	3	246	2.34e-111	316
MDC0961073.1	QIZ20875.1	80.797	276	53	0	1	276	1	276	1.58e-171	471
MDC0961074.1	QIZ20874.1	72.321	560	145	4	1	553	1	557	0.0	789
MDC0961075.1	QIZ20873.1	83.810	105	17	0	1	105	1	105	1.13e-60	176
MDC0961076.1	QIZ20872.1	86.207	203	28	0	1	203	1	203	5.20e-129	357
MDC0961077.1	QIZ20871.1	77.534	730	154	2	1	720	4	733	0.0	1183
MDC0961078.1	QIZ20870.1	78.649	370	71	3	1	364	1	368	0.0	592
MDC0961079.1	QIZ20869.1	78.538	848	179	1	1	845	1	848	0.0	1351
MDC0961080.1	QIZ20868.1	70.208	433	129	0	1	433	1	433	0.0	630
MDC0961081.1	QIZ20867.1	61.379	145	51	2	1	142	1	143	1.52e-53	161
MDC0961082.1	QIZ20866.1	72.803	239	65	0	1	239	1	239	2.25e-129	361
MDC0961083.1	QIZ20865.1	75.434	403	99	0	1	403	1	403	0.0	628
MDC0961084.1	QIZ20864.1	89.071	366	40	0	1	366	1	366	0.0	671
MDC0961085.1	QIZ20863.1	85.714	357	51	0	1	357	1	357	0.0	602
MDC0961086.1	QIZ20862.1	60.714	280	110	0	1	280	1	280	7.85e-118	335
MDC0961087.1	QIZ20861.1	53.947	152	53	4	1	142	1	145	6.91e-37	120
MDC0961088.1	QIZ20860.1	78.505	214	46	0	1	214	219	432	1.04e-126	360
MDC0961093.1	QIZ20846.1	33.210	271	164	6	13	282	17	271	5.45e-34	123
MDC0961096.1	QIZ20817.1	45.946	148	67	2	322	463	137	277	8.70e-31	115
MDC0961099.1	QIZ20831.1	52.586	116	53	2	1	116	1	114	2.45e-35	114
MDC0961100.1	QIZ20795.1	53.353	343	150	4	1	340	1	336	3.80e-120	346
MDC0961102.1	QIZ20796.1	41.479	311	168	4	6	315	7	304	6.77e-82	246
MDC0961103.1	QIZ20837.1	29.739	575	367	7	22	574	26	585	1.04e-74	245
MDC0961110.1	QIZ20804.1	28.947	190	129	4	27	215	10	194	8.07e-21	85.1
MDC0961122.1	QIZ21235.1	92.250	529	41	0	1	529	1	529	0.0	984
MDC0961123.1	QIZ21236.1	95.833	96	4	0	1	96	1	96	1.53e-63	183
MDC0961124.1	QIZ21237.1	71.324	272	78	0	1	272	1	272	1.84e-147	409
MDC0961125.1	QIZ21238.1	73.115	305	82	0	2	306	1	305	9.19e-166	458
MDC0961126.1	QIZ21239.1	83.075	904	153	0	1	904	1	904	0.0	1561
MDC0961127.1	QIZ21240.1	47.368	152	80	0	8	159	7	158	1.11e-43	138
MDC0961129.1	QIZ21242.1	60.582	378	148	1	8	384	3	380	5.07e-144	409
MDC0961130.1	QIZ21243.1	61.081	185	72	0	1	185	1	185	5.79e-72	211
MDC0961131.1	QIZ21244.1	67.143	420	138	0	1	420	1	420	0.0	590
MDC0961132.1	QIZ21245.1	73.333	60	16	0	1	60	1	60	2.75e-29	94.4
MDC0961133.1	QIZ21246.1	54.167	288	127	2	1	285	1	286	1.18e-99	289
MDC0961134.1	QIZ21247.1	44.695	311	162	5	1	304	1	308	3.05e-77	234
MDC0961135.1	QIZ21248.1	48.020	404	204	3	1	400	1	402	9.79e-119	348
MDC0961136.1	QIZ21249.1	63.448	580	211	1	1	580	1	579	0.0	749
MDC0961137.1	QIZ21250.1	65.734	286	98	0	1	286	1	286	1.77e-136	383
MDC0961138.1	QIZ21251.1	85.821	134	19	0	1	134	1	134	2.82e-85	241
MDC0961139.1	QIZ21252.1	55.108	323	145	0	1	323	1	323	5.39e-127	362
MDC0961140.1	QIZ21253.1	83.871	279	44	1	1	278	1	279	1.03e-175	481
MDC0961141.1	QIZ21254.1	83.544	79	13	0	25	103	1	79	4.87e-49	146
MDC0961142.1	QIZ21255.1	78.151	119	26	0	1	119	1	119	2.57e-69	199
MDC0961144.1	QIZ21256.1	87.558	217	27	0	1	217	1	217	4.36e-133	369
MDC0961145.1	QIZ21257.1	80.687	233	45	0	1	233	1	233	1.44e-137	381
MDC0961146.1	QIZ21258.1	83.395	271	45	0	1	271	1	271	1.71e-164	452
MDC0961147.1	QIZ21259.1	95.956	544	22	0	1	544	1	544	0.0	1014
MDC0961148.1	QIZ21260.1	85.479	303	44	0	1	303	1	303	0.0	533
MDC0961149.1	QIZ21262.1	82.386	176	31	0	1	176	1	176	1.51e-114	318
MDC0961150.1	QIZ21263.1	86.260	262	36	0	1	262	1	262	1.90e-166	457
MDC0961151.1	QIZ21264.1	66.359	217	73	0	1	217	1	217	4.83e-98	280
MDC0961152.1	QIZ21265.1	71.242	459	131	1	1	459	1	458	0.0	687
MDC0961153.1	QIZ21266.1	71.429	161	46	0	1	161	1	161	5.21e-91	258
MDC0961154.1	QIZ21267.1	71.631	141	40	0	1	141	1	141	2.47e-74	214
MDC0961155.1	QIZ21268.1	64.688	320	112	1	1	319	1	320	1.17e-145	409
MDC0961156.1	QIZ21269.1	75.796	314	76	0	1	314	1	314	0.0	501
MDC0961157.1	QIZ21270.1	58.521	311	129	0	1	311	1	311	4.03e-120	343
MDC0961158.1	QIZ21271.1	68.362	354	112	0	1	354	1	354	1.04e-177	493
MDC0961159.1	QIZ21272.1	61.484	283	109	0	1	283	1	283	2.42e-117	334
MDC0961160.1	QIZ21273.1	81.481	486	89	1	1	486	1	485	0.0	816
MDC0961161.1	QIZ21274.1	79.394	165	34	0	1	165	4	168	8.37e-91	258
MDC0961162.1	QIZ21275.1	77.095	179	41	0	18	196	1	179	2.44e-97	276
MDC0961163.1	QIZ21276.1	100.000	75	0	0	1	75	1	75	1.79e-46	138
MDC0961164.1	QIZ21277.1	92.623	244	18	0	1	244	1	244	8.40e-167	456
MDC0961165.1	QIZ21278.1	79.121	91	19	0	1	91	1	91	1.49e-49	147
MDC0961166.1	QIZ21279.1	83.081	857	145	0	1	857	1	857	0.0	1451
MDC0961167.1	QIZ21280.1	68.182	176	56	0	17	192	21	196	5.47e-89	255
MDC0961168.1	QIZ21281.1	73.457	162	43	0	1	162	1	162	4.45e-78	225
MDC0961169.1	QIZ21282.1	63.636	319	116	0	6	324	6	324	1.67e-149	419
MDC0961170.1	QIZ21283.1	54.167	384	174	2	1	383	1	383	2.69e-140	400
MDC0961171.1	QIZ21284.1	88.764	356	40	0	1	356	1	356	0.0	664
MDC0961172.1	QIZ21285.1	79.781	183	37	0	1	183	1	183	1.44e-103	291
MDC0961173.1	QIZ21286.1	65.021	243	81	1	1	239	1	243	9.77e-107	304
MDC0961174.1	QIZ21287.1	58.000	200	83	1	16	214	15	214	3.83e-67	211
MDC0961175.1	QIZ21287.1	72.174	115	32	0	1	115	447	561	3.73e-58	183
MDC0961176.1	QIZ21288.1	55.516	281	125	0	1	281	1	281	1.22e-99	289
MDC0961177.1	QIZ21289.1	63.033	422	156	0	1	422	1	422	0.0	556
MDC0961178.1	QIZ21290.1	86.709	158	21	0	1	158	1	158	1.23e-99	279
MDC0961179.1	QIZ21291.1	76.277	274	65	0	1	274	1	274	1.38e-159	440
MDC0961180.1	QIZ21292.1	76.027	146	35	0	8	153	3	148	2.63e-82	235
MDC0961181.1	QIZ21293.1	88.166	169	20	0	1	169	1	169	4.31e-107	299
MDC0961182.1	QIZ21294.1	94.272	419	24	0	1	419	1	419	0.0	786
MDC0961183.1	QIZ21295.1	80.385	260	49	2	1	259	1	259	2.06e-149	413
MDC0961184.1	QIZ21296.1	88.515	357	41	0	1	357	1	357	0.0	660
MDC0961185.1	QIZ21297.1	81.622	185	34	0	1	185	1	185	3.48e-112	313
MDC0961186.1	QIZ21298.1	72.768	224	55	2	1	222	1	220	4.69e-105	299
MDC0961187.1	QIZ21299.1	92.903	310	22	0	1	310	1	310	0.0	556
MDC0961188.1	QIZ21300.1	60.870	253	97	2	1	251	1	253	8.39e-87	254
MDC0961189.1	QIZ21301.1	55.233	344	153	1	4	347	5	347	9.94e-128	365
MDC0961190.1	QIZ21302.1	67.323	254	83	0	1	254	1	254	4.60e-124	349
MDC0961191.1	QIZ21303.1	71.429	70	20	0	1	70	1	70	3.29e-30	98.2
MDC0961192.1	QIZ21304.1	66.970	439	145	0	1	439	1	439	0.0	625
MDC0961193.1	QIZ21305.1	80.000	225	45	0	1	225	1	225	8.64e-131	363
MDC0961194.1	QIZ21306.1	81.944	144	26	0	1	144	1	144	2.54e-84	239
MDC0961195.1	QIZ21307.1	89.310	290	31	0	1	290	1	290	0.0	562
MDC0961196.1	QIZ21308.1	89.637	193	20	0	1	193	1	193	1.92e-128	355
MDC0961197.1	QIZ21309.1	90.344	611	59	0	1	611	1	611	0.0	1154
MDC0961198.1	QIZ21310.1	90.071	141	14	0	1	141	1	141	1.11e-87	248
MDC0961199.1	QIZ21312.1	78.400	250	54	0	1	250	1	250	3.29e-144	399
MDC0961200.1	QIZ21313.1	91.725	713	59	0	1	713	1	713	0.0	1370
MDC0961201.1	QIZ21314.1	93.985	399	24	0	1	399	1	399	0.0	780
MDC0961202.1	QIZ21249.1	31.707	533	339	11	65	586	57	575	4.42e-77	251
MDC0961203.1	QIZ21316.1	77.064	218	50	0	1	218	1	218	3.05e-118	331
MDC0961205.1	QIZ20493.1	44.118	102	54	2	24	123	11	111	1.72e-22	82.0
MDC0961206.1	QIZ21317.1	95.223	314	15	0	1	314	1	314	0.0	626
MDC0961207.1	QIZ21318.1	84.395	314	49	0	1	314	1	314	0.0	549
MDC0961208.1	QIZ21319.1	91.324	219	19	0	1	219	1	219	7.73e-154	421
MDC0961209.1	QIZ21358.1	79.772	351	71	0	1	351	1	351	0.0	564
MDC0961210.1	QIZ21359.1	88.734	1074	121	0	1	1074	1	1074	0.0	1971
MDC0961211.1	QIZ21360.1	84.416	385	59	1	1	384	1	385	0.0	668
MDC0961212.1	QIZ21361.1	75.658	152	37	0	1	152	1	152	1.50e-73	213
MDC0961213.1	QIZ21362.1	76.650	591	138	0	1	591	1	591	0.0	911
MDC0961214.1	QIZ21363.1	92.434	608	45	1	1	608	1	607	0.0	1145
MDC0961215.1	QIZ21364.1	66.258	163	55	0	1	163	35	197	3.95e-74	216
MDC0961216.1	QIZ21365.1	57.955	264	108	2	2	265	1	261	7.75e-112	318
MDC0961217.1	QIZ21366.1	67.234	235	77	0	6	240	8	242	7.48e-107	305
MDC0961218.1	QIZ21367.1	89.677	155	16	0	1	155	1	155	3.74e-106	295
MDC0961219.1	QIZ21368.1	77.264	497	106	3	1	492	1	495	0.0	705
MDC0961220.1	QIZ21369.1	72.024	336	94	0	1	336	1	336	1.38e-177	491
MDC0961221.1	QIZ21370.1	51.042	96	46	1	1	96	1	95	9.60e-25	85.5
MDC0961222.1	QIZ21371.1	61.717	559	207	2	5	561	6	559	0.0	708
MDC0961223.1	QIZ21372.1	57.097	944	402	1	1	944	1	941	0.0	1007
MDC0961225.1	QIZ21373.1	55.294	425	186	3	8	430	8	430	2.68e-150	429
MDC0961226.1	QIZ21374.1	68.800	375	115	2	1	374	1	374	6.33e-170	474
MDC0961227.1	QIZ21375.1	48.596	356	182	1	1	355	1	356	2.83e-120	347
MDC0961228.1	QIZ21376.1	74.784	464	117	0	1	464	1	464	0.0	726
MDC0961229.1	QIZ21377.1	65.979	291	99	0	9	299	22	312	4.39e-134	378
MDC0961230.1	QIZ21378.1	76.974	304	70	0	1	304	1	304	4.20e-158	439
MDC0961231.1	QIZ21379.1	35.242	227	130	6	1	214	1	223	1.06e-33	116
MDC0961233.1	QIZ21381.1	67.647	306	99	0	1	306	1	306	1.19e-144	405
MDC0961234.1	QIZ21382.1	61.597	263	99	1	18	278	19	281	4.05e-113	323
MDC0961235.1	QIZ21383.1	65.680	676	232	0	1	676	1	676	0.0	908
MDC0961236.1	QIZ21384.1	62.478	557	208	1	8	564	9	564	0.0	685
MDC0961237.1	QIZ21385.1	86.578	678	91	0	1	678	1	678	0.0	1231
MDC0961238.1	QIZ21386.1	29.067	461	312	8	41	496	33	483	1.62e-36	136
MDC0961239.1	QIZ21387.1	88.528	462	53	0	1	462	1	462	0.0	826
MDC0961241.1	QIZ20745.1	77.617	277	62	0	1	277	1	277	1.58e-157	435
MDC0961242.1	QIZ20744.1	89.666	329	34	0	1	329	1	329	0.0	621
MDC0961243.1	QIZ20743.1	73.810	294	77	0	1	294	1	294	9.57e-164	452
MDC0961244.1	QIZ20742.1	86.636	434	58	0	1	434	1	434	0.0	798
MDC0961245.1	QIZ20741.1	74.074	108	28	0	1	108	1	108	8.69e-55	162
MDC0961246.1	QIZ20740.1	89.683	630	65	0	8	637	1	630	0.0	1188
MDC0961247.1	QIZ20739.1	83.794	253	41	0	1	253	1	253	1.89e-156	431
MDC0961249.1	QIZ20738.1	80.189	106	21	0	1	106	1	106	8.58e-63	182
MDC0961250.1	QIZ20737.1	72.781	338	92	0	1	338	1	338	0.0	510
MDC0961251.1	QIZ20736.1	75.362	207	51	0	1	207	1	207	1.65e-120	336
MDC0961255.1	QIZ20735.1	56.538	260	109	2	1	260	1	256	7.65e-87	254
MDC0961256.1	QIZ20734.1	70.175	171	36	1	3	173	25	180	6.15e-84	241
MDC0961258.1	QIZ20733.1	54.483	290	132	0	1	290	1	290	2.46e-109	314
MDC0961263.1	QIZ20203.1	31.767	447	275	9	1	430	1	434	2.69e-62	204
MDC0961265.1	QIZ20588.1	35.185	216	139	1	67	281	65	280	2.67e-46	152
MDC0961270.1	QIZ20732.1	81.840	424	77	0	1	424	1	424	0.0	730
MDC0961271.1	QIZ20731.1	80.916	131	25	0	1	131	1	131	3.20e-80	228
MDC0961272.1	QIZ20575.1	84.483	116	18	0	1	116	1	116	1.13e-75	215
MDC0961273.1	QIZ20729.1	83.333	120	20	0	1	120	1	120	1.63e-76	218
MDC0961274.1	QIZ20728.1	68.182	308	98	0	1	308	1	308	2.00e-150	420
MDC0961275.1	QIZ20727.1	53.494	415	191	2	18	430	18	432	2.81e-144	414
MDC0961276.1	QIZ20726.1	93.963	381	23	0	1	381	1	381	0.0	734
MDC0961277.1	QIZ20725.1	76.577	888	208	0	1	888	1	888	0.0	1424
MDC0961278.1	QIZ20724.1	88.366	404	47	0	1	404	1	404	0.0	767
MDC0961279.1	QIZ20723.1	73.488	215	57	0	1	215	1	215	2.32e-122	341
MDC0961280.1	QIZ20722.1	67.164	268	87	1	1	268	1	267	5.12e-128	360
MDC0961281.1	QIZ20721.1	56.146	301	128	2	1	297	1	301	5.35e-125	355
MDC0961283.1	QIZ20720.1	70.936	203	59	0	1	203	1	203	7.20e-105	296
MDC0961284.1	QIZ20719.1	83.799	358	58	0	1	358	1	358	0.0	578
MDC0961285.1	QIZ20718.1	54.483	145	66	0	1	145	1	145	1.80e-53	161
MDC0961286.1	QIZ20717.1	74.913	287	71	1	1	286	1	287	1.87e-148	422
MDC0961287.1	QIZ21456.1	66.176	68	23	0	1	68	281	348	3.30e-22	82.8
MDC0961288.1	QIZ21458.1	70.339	472	140	0	1	472	1	472	0.0	704
MDC0961289.1	QIZ21459.1	57.260	365	156	0	10	374	10	374	2.12e-161	453
MDC0961290.1	QIZ21460.1	82.086	441	79	0	1	441	1	441	0.0	767
MDC0961291.1	QIZ21461.1	75.587	426	104	0	10	435	14	439	0.0	600
MDC0961292.1	QIZ21462.1	70.507	217	63	1	11	226	11	227	1.70e-111	315
MDC0961293.1	QIZ21463.1	71.233	292	84	0	1	292	1	292	6.68e-157	435
MDC0961295.1	QIZ21464.1	85.135	74	11	0	1	74	1	74	9.13e-46	136
MDC0961296.1	QIZ21465.1	94.206	466	27	0	1	466	1	466	0.0	898
MDC0961297.1	QIZ21466.1	93.162	117	8	0	21	137	17	133	3.73e-82	233
MDC0961298.1	QIZ21467.1	96.514	459	16	0	11	469	16	474	0.0	929
MDC0961299.1	QIZ21468.1	94.366	284	16	0	1	284	1	284	0.0	551
MDC0961300.1	QIZ21469.1	95.860	314	13	0	1	314	1	314	0.0	627
MDC0961301.1	QIZ21470.1	94.479	489	27	0	1	489	1	489	0.0	986
MDC0961302.1	QIZ21471.1	88.462	442	51	0	1	442	1	442	0.0	832
MDC0961303.1	QIZ21472.1	84.821	112	17	0	5	116	4	115	6.14e-68	196
MDC0961304.1	QIZ21473.1	89.935	775	78	0	1	775	1	775	0.0	1476
MDC0961305.1	QIZ21474.1	93.949	314	19	0	1	314	1	314	0.0	616
MDC0961306.1	QIZ21475.1	66.667	147	49	0	1	147	1	147	6.71e-67	196
MDC0961307.1	QIZ21476.1	73.600	125	32	1	1	125	1	124	3.07e-64	187
MDC0961308.1	QIZ21477.1	75.281	178	44	0	15	192	6	183	6.54e-87	249
MDC0961309.1	QIZ21478.1	89.474	342	36	0	1	342	1	342	0.0	630
MDC0961310.1	QIZ21479.1	89.540	717	75	0	1	717	1	717	0.0	1296
MDC0961311.1	QIZ21480.1	87.359	443	56	0	1	443	1	443	0.0	823
MDC0961313.1	QIZ21481.1	78.070	342	75	0	1	342	1	342	0.0	553
MDC0961314.1	QIZ21483.1	90.956	387	35	0	1	387	1	387	0.0	731
MDC0961315.1	QIZ21484.1	86.692	263	35	0	1	263	1	263	3.96e-174	476
MDC0961316.1	QIZ21485.1	95.187	561	27	0	1	561	1	561	0.0	1093
MDC0961317.1	QIZ21486.1	95.215	418	20	0	1	418	1	418	0.0	826
MDC0961318.1	QIZ21487.1	90.909	88	8	0	1	88	1	88	7.73e-61	176
MDC0961319.1	QIZ21488.1	91.082	998	89	0	1	998	1	998	0.0	1918
MDC0961320.1	QIZ21489.1	62.051	195	74	0	1	195	1	195	7.21e-91	260
MDC0961321.1	QIZ21490.1	76.950	282	65	0	1	282	1	282	8.46e-159	439
MDC0961323.1	QIZ21492.1	61.111	144	56	0	1	144	1	144	5.02e-61	181
MDC0961324.1	QIZ21493.1	74.194	248	64	0	1	248	1	248	6.73e-127	355
MDC0961325.1	QIZ21494.1	68.696	115	36	0	1	115	1	115	1.99e-60	177
MDC0961326.1	QIZ21496.1	98.529	68	1	0	1	68	1	68	8.57e-47	139
MDC0961327.1	QIZ21497.1	79.866	149	30	0	1	149	1	149	6.25e-88	249
MDC0961328.1	QIZ21498.1	77.477	333	74	1	16	348	16	347	0.0	532
MDC0961329.1	QIZ21499.1	80.368	163	32	0	1	163	1	163	7.12e-91	257
MDC0961330.1	QIZ21500.1	80.685	321	62	0	1	321	1	321	0.0	557
MDC0961331.1	QIZ21501.1	78.324	549	119	0	1	549	1	549	0.0	903
MDC0961332.1	QIZ21502.1	55.172	203	91	0	1	203	1	203	9.84e-80	232
MDC0961334.1	QIZ21503.1	86.188	181	25	0	1	181	1	181	4.49e-113	315
MDC0961335.1	QIZ21504.1	96.018	452	18	0	1	452	1	452	0.0	909
MDC0961336.1	QIZ21505.1	86.777	242	32	0	1	242	1	242	1.46e-159	437
MDC0961337.1	QIZ21506.1	74.227	388	100	0	9	396	10	397	0.0	638
MDC0961338.1	QIZ21507.1	77.612	134	30	0	1	134	1	134	1.44e-77	221
MDC0961339.1	QIZ21508.1	88.710	124	14	0	1	124	1	124	5.47e-85	239
MDC0961340.1	QIZ21509.1	83.658	257	42	0	3	259	5	261	1.13e-161	444
MDC0961341.1	QIZ21482.1	77.049	61	14	0	10	70	3	63	2.79e-32	102
MDC0961342.1	QIZ21510.1	52.308	130	62	0	5	134	11	140	1.43e-46	144
MDC0961346.1	QIZ21511.1	91.534	189	16	0	1	189	1	189	1.04e-130	360
MDC0961347.1	QIZ21512.1	62.500	136	51	0	22	157	31	166	6.56e-60	179
MDC0961348.1	QIZ21513.1	89.506	810	84	1	1	809	1	810	0.0	1507
MDC0961349.1	QIZ21514.1	83.936	249	40	0	1	249	1	249	5.37e-158	434
MDC0961350.1	QIZ21515.1	83.596	317	52	0	1	317	1	317	0.0	558
MDC0961351.1	QIZ21516.1	91.280	539	47	0	1	539	1	539	0.0	1040
MDC0961352.1	QIZ21519.1	83.065	124	21	0	1	124	1	124	9.95e-77	218
MDC0961353.1	QIZ21520.1	90.323	155	15	0	1	155	1	155	3.77e-108	300
MDC0961354.1	QIZ21521.1	87.065	201	26	0	1	201	1	201	8.48e-137	377
MDC0961355.1	QIZ21522.1	87.387	333	42	0	1	333	1	333	0.0	606
MDC0961356.1	QIZ21523.1	92.203	295	23	0	1	295	1	295	0.0	569
MDC0961357.1	QIZ21527.1	88.791	339	38	0	1	339	1	339	0.0	633
MDC0961359.1	QIZ21530.1	84.601	539	80	1	1	539	1	536	0.0	875
MDC0961360.1	QIZ21531.1	87.216	352	45	0	1	352	1	352	0.0	604
MDC0961361.1	QIZ21532.1	53.953	215	98	1	1	214	1	215	2.24e-76	226
MDC0961362.1	QIZ21533.1	60.194	103	41	0	1	103	1	103	3.68e-41	127
MDC0961363.1	QIZ21536.1	76.991	226	52	0	1	226	1	226	3.67e-133	369
MDC0961365.1	QIZ20495.1	42.663	368	208	3	1	365	164	531	1.31e-90	277
MDC0961366.1	QIZ20216.1	59.306	317	128	1	1	316	1	317	5.85e-130	369
MDC0961368.1	QIZ21437.1	75.835	389	93	1	1	389	1	388	0.0	645
MDC0961369.1	QIZ20511.1	29.585	578	378	10	7	562	3	573	2.67e-73	241
MDC0961371.1	QIZ21436.1	91.282	195	17	0	1	195	1	195	1.92e-134	370
MDC0961372.1	QIZ21435.1	51.681	238	112	2	22	256	21	258	1.92e-86	254
MDC0961373.1	QIZ21434.1	76.626	492	115	0	1	492	1	492	0.0	807
MDC0961374.1	QIZ21433.1	58.596	285	118	0	1	285	1	285	8.01e-115	328
MDC0961375.1	QIZ21432.1	89.924	397	39	1	1	396	1	397	0.0	688
MDC0961376.1	QIZ21431.1	78.968	252	53	0	1	252	1	252	1.57e-138	385
MDC0961377.1	QIZ21429.1	91.196	443	39	0	14	456	1	443	0.0	793
MDC0961378.1	QIZ21428.1	97.024	336	10	0	1	336	1	336	0.0	650
MDC0961379.1	QIZ21427.1	91.915	235	19	0	1	235	1	235	5.66e-154	423
MDC0961380.1	QIZ21426.1	93.182	264	18	0	1	264	1	264	0.0	501
MDC0961382.1	QIZ21425.1	92.079	303	24	0	1	303	1	303	0.0	568
MDC0961383.1	QIZ21424.1	93.458	107	7	0	1	107	1	107	1.97e-67	194
MDC0961384.1	QIZ21423.1	93.590	234	15	0	1	234	1	234	1.56e-164	449
MDC0961385.1	QIZ21422.1	95.019	261	13	0	1	261	1	261	0.0	506
MDC0961386.1	QIZ21421.1	84.146	246	39	0	1	246	1	246	7.98e-157	431
MDC0961387.1	QIZ21420.1	71.920	349	97	1	3	350	2	350	0.0	520
MDC0961388.1	QIZ21419.1	85.859	297	42	0	1	297	1	297	0.0	517
MDC0961389.1	QIZ21418.1	85.230	413	59	1	1	411	1	413	0.0	743
MDC0961390.1	QIZ21417.1	87.255	204	26	0	1	204	1	204	2.87e-118	330
MDC0961391.1	QIZ21416.1	90.816	98	9	0	1	98	1	98	6.37e-64	184
MDC0961392.1	QIZ21415.1	85.714	84	12	0	1	84	1	84	1.34e-53	157
MDC0961393.1	QIZ21414.1	87.805	123	15	0	1	123	1	123	6.88e-81	229
MDC0961394.1	QIZ21413.1	90.236	297	29	0	1	297	1	297	0.0	560
MDC0961395.1	QIZ21412.1	85.489	317	46	0	1	317	1	317	0.0	568
MDC0961396.1	QIZ21411.1	46.309	298	160	0	1	298	2	299	1.61e-98	287
MDC0961397.1	QIZ21410.1	85.680	412	59	0	1	412	1	412	0.0	747
MDC0961398.1	QIZ21409.1	68.548	372	117	0	3	374	2	373	1.09e-178	497
MDC0961399.1	QIZ21408.1	66.208	654	201	3	1	634	1	654	0.0	915
MDC0961400.1	QIZ21407.1	48.193	166	86	0	1	166	1	166	7.45e-42	134
MDC0961401.1	QIZ21406.1	44.211	285	149	3	1	276	1	284	1.69e-74	229
MDC0961402.1	QIZ21405.1	90.533	338	32	0	7	344	8	345	0.0	627
MDC0961403.1	QIZ21404.1	83.174	523	85	2	1	523	1	520	0.0	908
MDC0961404.1	QIZ20556.1	38.627	233	128	6	318	545	40	262	8.93e-42	149
MDC0961404.1	QIZ20556.1	32.157	255	151	6	19	270	41	276	1.31e-33	126
MDC0961408.1	QIZ21403.1	85.588	340	48	1	1	340	1	339	0.0	610
MDC0961409.1	QIZ21402.1	88.462	182	21	0	1	182	1	182	9.61e-119	329
MDC0961410.1	QIZ21401.1	92.517	588	44	0	1	588	1	588	0.0	1102
MDC0961411.1	QIZ21400.1	60.201	299	119	0	1	299	1	299	4.86e-114	327
MDC0961412.1	QIZ21399.1	75.264	473	111	4	1	469	1	471	0.0	684
MDC0961413.1	QIZ21398.1	85.246	61	9	0	1	61	1	61	5.89e-34	105
MDC0961414.1	QIZ21397.1	90.657	289	27	0	1	289	1	289	0.0	522
MDC0961415.1	QIZ21396.1	91.281	367	31	1	1	367	1	366	0.0	645
MDC0961416.1	QIZ21395.1	95.255	274	13	0	1	274	1	274	0.0	530
MDC0961417.1	QIZ21388.1	89.841	315	32	0	1	315	1	315	0.0	602
MDC0961420.1	QIZ20746.1	87.797	885	108	0	1	885	1	885	0.0	1617
MDC0961421.1	QIZ20747.1	69.287	687	211	0	1	687	1	687	0.0	947
MDC0961422.1	QIZ20748.1	88.396	293	34	0	1	293	1	293	0.0	553
MDC0961423.1	QIZ20749.1	86.194	268	37	0	1	268	1	268	1.20e-156	432
MDC0961424.1	QIZ20750.1	81.306	337	63	0	1	337	1	337	0.0	558
MDC0961425.1	QIZ20751.1	73.077	208	56	0	1	208	1	208	1.90e-117	328
MDC0961426.1	QIZ20752.1	90.833	360	33	0	1	360	1	360	0.0	671
MDC0961427.1	QIZ20753.1	88.383	637	74	0	1	637	1	637	0.0	1183
MDC0961428.1	QIZ20754.1	75.862	290	70	0	1	290	1	290	1.11e-154	429
MDC0961429.1	QIZ20755.1	71.795	78	22	0	1	78	1	78	8.46e-33	104
MDC0961430.1	QIZ20756.1	72.515	171	47	0	1	171	1	171	1.66e-88	257
MDC0961431.1	QIZ21234.1	94.832	387	20	0	1	387	1	387	0.0	758
MDC0961432.1	QIZ21233.1	95.364	604	28	0	1	604	1	604	0.0	1190
MDC0961433.1	QIZ21232.1	64.186	215	77	0	1	215	1	215	1.01e-91	264
MDC0961434.1	QIZ21231.1	79.204	226	47	0	1	226	1	226	1.82e-136	378
MDC0961435.1	QIZ21230.1	70.405	321	95	0	1	321	1	321	9.49e-164	455
MDC0961436.1	QIZ21229.1	71.526	439	124	1	1	438	1	439	0.0	610
MDC0961437.1	QIZ21228.1	83.617	470	77	0	1	470	1	470	0.0	828
MDC0961438.1	QIZ21226.1	75.221	113	28	0	1	113	1	113	9.83e-63	182
MDC0961439.1	QIZ21526.1	57.692	78	33	0	16	93	16	93	1.10e-30	100
MDC0961441.1	QIZ21224.1	82.828	396	68	0	1	396	1	396	0.0	707
MDC0961442.1	QIZ21223.1	71.769	294	83	0	1	294	1	294	1.91e-159	441
MDC0961443.1	QIZ21221.1	66.467	167	55	1	1	166	1	167	3.24e-69	203
MDC0961444.1	QIZ21220.1	81.187	691	130	0	1	691	1	691	0.0	1172
MDC0961446.1	QIZ21219.1	73.469	98	21	1	4	101	9	101	4.45e-49	147
MDC0961447.1	QIZ21218.1	91.743	436	36	0	1	436	1	436	0.0	800
MDC0961448.1	QIZ21217.1	88.136	177	21	0	1	177	1	177	3.61e-118	327
MDC0961449.1	QIZ21216.1	63.265	98	36	0	1	98	1	98	1.37e-46	140
MDC0961450.1	QIZ21215.1	86.256	211	29	0	1	211	1	211	8.32e-137	377
MDC0961451.1	QIZ21214.1	72.789	294	79	1	1	293	1	294	1.14e-152	424
MDC0961452.1	QIZ21213.1	79.592	147	30	0	1	147	1	147	4.58e-91	256
MDC0961453.1	QIZ21212.1	67.658	269	87	0	1	269	1	269	1.22e-138	387
MDC0961454.1	QIZ21211.1	60.797	301	118	0	1	301	1	301	3.66e-131	372
MDC0961455.1	QIZ21210.1	80.462	1039	203	0	1	1039	1	1039	0.0	1659
MDC0961456.1	QIZ21209.1	75.377	199	49	0	1	199	1	199	7.44e-116	323
MDC0961457.1	QIZ21207.1	70.588	238	69	1	1	237	1	238	6.74e-125	349
MDC0961458.1	QIZ21206.1	60.177	226	90	0	1	226	1	226	2.26e-93	269
MDC0961459.1	QIZ21205.1	55.195	308	134	3	8	312	9	315	1.51e-107	312
MDC0961460.1	QIZ21204.1	50.000	150	74	1	1	150	1	149	3.62e-47	146
MDC0961461.1	QIZ21203.1	89.486	428	45	0	1	428	1	428	0.0	784
MDC0961462.1	QIZ21202.1	67.360	481	154	2	1	480	34	512	0.0	591
MDC0961463.1	QIZ21201.1	92.340	235	18	0	1	235	1	235	1.14e-160	440
MDC0961464.1	QIZ21200.1	85.823	924	131	0	1	924	1	924	0.0	1622
MDC0961465.1	QIZ21198.1	62.842	183	68	0	1	183	1	183	1.20e-81	236
MDC0961466.1	QIZ21197.1	90.055	181	18	0	7	187	7	187	1.08e-120	335
MDC0961467.1	QIZ21196.1	81.472	394	71	1	1	394	1	392	0.0	672
MDC0961468.1	QIZ21195.1	89.914	347	35	0	1	347	1	347	0.0	635
MDC0961469.1	QIZ21194.1	93.471	291	19	0	1	291	1	291	0.0	536
MDC0961470.1	QIZ21193.1	80.000	180	36	0	1	180	1	180	2.25e-102	288
MDC0961471.1	QIZ21192.1	86.598	97	13	0	1	97	1	97	4.60e-49	147
MDC0961472.1	QIZ21191.1	69.164	347	107	0	1	347	1	347	4.65e-178	493
MDC0961473.1	QIZ21190.1	84.423	520	81	0	1	520	6	525	0.0	905
MDC0961474.1	QIZ21189.1	80.042	481	94	1	1	479	1	481	0.0	733
MDC0961475.1	QIZ21188.1	88.865	458	51	0	1	458	1	458	0.0	769
MDC0961476.1	QIZ21187.1	68.548	248	78	0	1	248	1	248	9.64e-117	330
MDC0961477.1	QIZ21186.1	70.805	298	87	0	1	298	1	298	9.87e-154	427
MDC0961478.1	QIZ21185.1	68.889	360	112	0	1	360	1	360	0.0	527
MDC0961479.1	QIZ21184.1	75.946	370	89	0	1	370	1	370	0.0	608
MDC0961480.1	QIZ21183.1	74.619	197	50	0	1	197	1	197	4.73e-108	303
MDC0961481.1	QIZ21182.1	69.874	239	72	0	5	243	1	239	1.38e-126	354
MDC0961482.1	QIZ21181.1	79.851	134	24	1	1	131	1	134	3.36e-77	221
MDC0961483.1	QIZ21180.1	95.238	84	4	0	1	84	1	84	4.89e-54	158
MDC0961484.1	QIZ21179.1	77.676	327	73	0	1	327	1	327	0.0	511
MDC0961485.1	QIZ21178.1	75.543	368	90	0	1	368	1	368	0.0	563
MDC0961486.1	QIZ21177.1	79.087	416	87	0	1	416	1	416	0.0	650
MDC0961487.1	QIZ21441.1	92.798	361	26	0	13	373	13	373	0.0	698
MDC0961488.1	QIZ21442.1	87.470	415	52	0	1	415	1	415	0.0	750
MDC0961489.1	QIZ21443.1	93.310	284	19	0	1	284	1	284	0.0	507
MDC0961490.1	QIZ21307.1	64.931	288	101	0	4	291	2	289	1.79e-148	414
MDC0961491.1	QIZ20975.1	35.969	392	219	6	5	371	9	393	2.14e-69	219
MDC0961492.1	QIZ21154.1	46.154	377	193	4	3	379	2	368	1.58e-123	357
MDC0961494.1	QIZ21401.1	24.721	538	366	14	8	530	7	520	1.06e-36	139
MDC0961495.1	QIZ21121.1	32.258	372	241	4	8	369	4	374	3.25e-63	203
MDC0961498.1	QIZ20218.1	36.471	340	201	8	60	388	43	378	1.06e-60	197
MDC0961502.1	QIZ20556.1	33.333	243	144	6	28	266	47	275	2.86e-33	126
MDC0961502.1	QIZ20556.1	32.143	224	144	5	376	597	45	262	3.12e-31	120
MDC0961503.1	QIZ21444.1	84.865	740	112	0	1	740	1	740	0.0	1286
MDC0961504.1	QIZ21445.1	70.561	214	63	0	1	214	1	214	5.93e-111	312
MDC0961505.1	QIZ21446.1	66.079	227	72	1	19	240	19	245	1.15e-106	304
MDC0961506.1	QIZ21447.1	97.806	319	7	0	1	319	1	319	0.0	648
MDC0961507.1	QIZ21448.1	93.096	478	33	0	1	478	1	478	0.0	909
MDC0961508.1	QIZ21449.1	92.172	396	31	0	1	396	1	396	0.0	757
MDC0961509.1	QIZ21450.1	87.611	113	14	0	1	113	1	113	2.44e-73	209
MDC0961510.1	QIZ21451.1	54.315	197	89	1	1	197	1	196	3.67e-72	213
MDC0961511.1	QIZ21452.1	88.864	889	99	0	1	889	1	889	0.0	1644
MDC0961512.1	QIZ21453.1	53.271	214	100	0	1	214	1	214	4.76e-68	204
MDC0961513.1	QIZ21454.1	44.712	416	230	0	17	432	18	433	1.31e-114	338
MDC0961514.1	QIZ21455.1	82.394	142	25	0	1	142	1	142	2.17e-86	244
MDC0961515.1	QIZ21456.1	83.750	80	13	0	1	80	1	80	2.39e-38	125
MDC0961516.1	QIZ21152.1	77.347	490	111	0	1	490	48	537	0.0	817
MDC0961517.1	QIZ21153.1	68.217	258	82	0	1	258	1	258	1.16e-138	386
MDC0961518.1	QIZ21154.1	82.385	369	65	0	1	369	1	369	0.0	633
MDC0961519.1	QIZ21155.1	75.988	329	79	0	1	329	1	329	0.0	521
MDC0961520.1	QIZ21156.1	69.291	127	39	0	1	127	1	127	4.98e-64	187
MDC0961521.1	QIZ21157.1	60.185	108	43	0	1	108	1	108	2.87e-37	117
MDC0961522.1	QIZ21158.1	91.540	591	49	1	1	591	1	590	0.0	1145
MDC0961523.1	QIZ21159.1	87.549	257	32	0	1	257	1	257	3.09e-175	478
MDC0961524.1	QIZ21160.1	92.958	497	35	0	1	497	1	497	0.0	968
MDC0961525.1	QIZ21161.1	94.375	320	18	0	1	320	1	320	0.0	607
MDC0961526.1	QIZ21162.1	88.860	386	43	0	1	386	1	386	0.0	701
MDC0961527.1	QIZ21163.1	91.409	291	25	0	1	291	1	291	0.0	512
MDC0961528.1	QIZ21164.1	82.425	973	162	4	1	969	1	968	0.0	1695
MDC0961529.1	QIZ21165.1	81.093	439	69	4	1	439	1	425	0.0	706
MDC0961530.1	QIZ21166.1	85.408	466	68	0	1	466	1	466	0.0	818
MDC0961531.1	QIZ21167.1	82.028	651	117	0	1	651	1	651	0.0	1112
MDC0961532.1	QIZ21168.1	72.973	185	50	0	1	185	1	185	9.67e-93	264
MDC0961533.1	QIZ21169.1	93.738	511	32	0	1	511	1	511	0.0	983
MDC0961534.1	QIZ21170.1	87.285	291	37	0	1	291	1	291	0.0	525
MDC0961535.1	QIZ21171.1	95.127	472	23	0	1	472	1	472	0.0	916
MDC0961536.1	QIZ21172.1	80.000	130	26	0	1	130	1	130	2.11e-72	208
MDC0961537.1	QIZ21173.1	72.152	158	44	0	1	158	1	158	9.70e-85	241
MDC0961538.1	QIZ21174.1	82.073	357	64	0	23	379	23	379	0.0	605
MDC0961539.1	QIZ21175.1	81.034	116	22	0	1	116	1	116	5.89e-66	191
MDC0961541.1	QIZ20648.1	41.615	322	188	0	1	322	22	343	1.58e-82	249
MDC0961542.1	QIZ20649.1	77.778	342	75	1	1	342	1	341	0.0	513
MDC0961543.1	QIZ20650.1	69.271	192	58	1	1	191	1	192	1.19e-85	246
MDC0961544.1	QIZ20651.1	92.647	136	10	0	1	136	1	136	9.63e-82	232
MDC0961545.1	QIZ20652.1	88.660	485	55	0	1	485	1	485	0.0	881
MDC0961546.1	QIZ20653.1	48.549	379	180	4	1	368	1	375	4.71e-119	345
MDC0961547.1	QIZ20654.1	49.020	357	182	0	1	357	1	357	1.47e-108	317
MDC0961548.1	QIZ20655.1	41.230	764	428	7	124	886	63	806	0.0	563
MDC0961549.1	QIZ20656.1	48.485	297	151	2	11	305	6	302	4.74e-85	254
MDC0961550.1	QIZ20657.1	54.711	329	128	5	1	318	1	319	1.86e-105	306
MDC0961551.1	QIZ20658.1	63.846	260	94	0	2	261	3	262	1.41e-122	345
MDC0961552.1	QIZ20659.1	76.667	210	49	0	1	210	1	210	3.08e-122	340
MDC0961553.1	QIZ20660.1	92.405	79	6	0	1	79	1	79	1.04e-46	139
MDC0961554.1	QIZ20661.1	82.857	245	42	0	1	245	3	247	1.39e-150	415
MDC0961555.1	QIZ20662.1	70.066	304	91	0	1	304	1	304	3.81e-148	414
MDC0961556.1	QIZ20663.1	81.731	104	19	0	1	104	1	104	2.87e-62	181
MDC0961557.1	QIZ20664.1	95.714	70	3	0	21	90	1	70	7.74e-46	137
MDC0961558.1	QIZ20665.1	79.605	152	31	0	1	152	1	152	1.67e-78	225
MDC0961559.1	QIZ20666.1	86.229	472	65	0	1	472	1	472	0.0	856
MDC0961560.1	QIZ20667.1	81.078	798	146	3	1	797	1	794	0.0	1250
MDC0961561.1	QIZ20668.1	68.508	181	57	0	1	181	1	181	2.45e-85	245
MDC0961562.1	QIZ20669.1	87.292	480	61	0	14	493	14	493	0.0	886
MDC0961564.1	QIZ20670.1	75.878	427	103	0	1	427	1	427	0.0	688
MDC0961565.1	QIZ20450.1	70.886	79	23	0	1	79	1	79	6.41e-37	119
MDC0961566.1	QIZ20451.1	79.235	183	38	0	1	183	1	183	3.08e-106	298
MDC0961567.1	QIZ20452.1	77.032	283	65	0	1	283	1	283	6.86e-161	444
MDC0961569.1	QIZ20453.1	78.383	1138	246	0	1	1138	1	1138	0.0	1863
MDC0961570.1	QIZ20454.1	64.000	225	81	0	1	225	1	225	4.95e-105	298
MDC0961571.1	QIZ20455.1	72.993	411	110	1	1	411	1	410	0.0	577
MDC0961572.1	QIZ20456.1	80.856	444	85	0	1	444	1	444	0.0	753
MDC0961573.1	QIZ20457.1	83.951	81	13	0	1	81	1	81	1.45e-38	119
MDC0961574.1	QIZ20458.1	87.296	551	70	0	1	551	1	551	0.0	1014
MDC0961575.1	QIZ20459.1	67.339	248	81	0	1	248	1	248	1.15e-108	309
MDC0961576.1	QIZ20460.1	58.427	178	74	0	1	178	1	178	8.12e-65	193
MDC0961577.1	QIZ20461.1	78.390	472	101	1	1	472	1	471	0.0	709
MDC0961578.1	QIZ20462.1	84.490	490	74	1	1	490	1	488	0.0	846
MDC0961579.1	QIZ20463.1	84.144	637	101	0	1	637	1	637	0.0	1092
MDC0961580.1	QIZ20464.1	85.437	103	15	0	1	103	1	103	6.31e-50	149
MDC0961581.1	QIZ20465.1	80.000	210	42	0	1	210	1	210	6.28e-124	345
MDC0961582.1	QIZ20466.1	90.062	161	16	0	1	161	1	161	1.73e-110	307
MDC0961583.1	QIZ20467.1	93.976	332	20	0	1	332	1	332	0.0	630
MDC0961584.1	QIZ20468.1	77.713	682	146	3	1	679	1	679	0.0	1103
MDC0961585.1	QIZ20469.1	90.272	257	25	0	1	257	187	443	1.49e-177	491
MDC0961587.1	QIZ20332.1	96.053	152	6	0	1	152	1	152	2.70e-107	298
MDC0961588.1	QIZ20331.1	90.575	435	41	0	1	435	1	435	0.0	823
MDC0961589.1	QIZ20330.1	81.560	141	26	0	1	141	1	141	1.06e-84	240
MDC0961590.1	QIZ20329.1	85.915	213	30	0	1	213	1	213	4.36e-147	404
MDC0961591.1	QIZ20328.1	77.508	329	74	0	1	329	1	329	0.0	535
MDC0961592.1	QIZ20327.1	65.652	230	71	2	1	226	1	226	1.77e-99	284
MDC0961593.1	QIZ20326.1	69.863	219	66	0	1	219	1	219	1.96e-105	299
MDC0961594.1	QIZ20325.1	70.661	242	71	0	3	244	2	243	2.63e-131	366
MDC0961595.1	QIZ20324.1	65.079	126	44	0	1	126	1	126	3.29e-53	159
MDC0961596.1	QIZ20323.1	71.186	236	68	0	1	236	1	236	2.45e-112	318
MDC0961597.1	QIZ20322.1	81.538	195	36	0	1	195	1	195	3.53e-106	299
MDC0961598.1	QIZ20321.1	79.487	585	116	1	1	581	1	585	0.0	981
MDC0961599.1	QIZ20320.1	56.069	173	73	1	1	170	1	173	2.73e-59	178
MDC0961600.1	QIZ20319.1	90.385	156	15	0	1	156	1	156	1.20e-105	294
MDC0961601.1	QIZ20318.1	80.887	293	56	0	1	293	1	293	2.89e-179	491
MDC0961602.1	QIZ20317.1	71.833	742	203	2	1	742	1	736	0.0	1089
MDC0961603.1	QIZ20316.1	95.444	417	19	0	1	417	1	417	0.0	834
MDC0961604.1	QIZ20315.1	89.888	89	9	0	1	89	1	89	2.90e-62	179
MDC0961605.1	QIZ20314.1	81.038	1002	189	1	1	1001	1	1002	0.0	1731
MDC0961606.1	QIZ20313.1	57.219	187	80	0	1	187	1	187	8.50e-85	244
MDC0961607.1	QIZ20312.1	85.882	255	36	0	1	255	1	255	9.67e-160	439
MDC0961608.1	QIZ20311.1	89.222	167	18	0	1	167	1	167	3.32e-91	261
MDC0961609.1	QIZ20636.1	48.552	449	219	7	96	540	290	730	2.50e-125	380
MDC0961610.1	QIZ20635.1	76.716	408	95	0	1	408	1	408	0.0	650
MDC0961611.1	QIZ20634.1	51.309	382	174	6	4	382	3	375	1.19e-133	383
MDC0961612.1	QIZ20633.1	90.826	218	20	0	1	218	1	218	1.72e-146	402
MDC0961613.1	QIZ20632.1	78.571	140	30	0	1	140	1	140	9.91e-82	233
MDC0961614.1	QIZ20631.1	93.542	480	31	0	1	480	1	480	0.0	945
MDC0961615.1	QIZ20630.1	79.098	244	51	0	1	244	1	244	1.55e-139	387
MDC0961616.1	QIZ20629.1	51.559	417	195	5	1	412	1	415	7.12e-137	394
MDC0961617.1	QIZ20628.1	90.640	406	38	0	1	406	1	406	0.0	775
MDC0961618.1	QIZ20627.1	88.235	153	18	0	1	153	1	153	2.05e-100	281
MDC0961619.1	QIZ20626.1	77.778	99	21	1	1	99	1	98	1.57e-51	153
MDC0961620.1	QIZ20625.1	84.545	110	17	0	1	110	1	110	3.98e-70	201
MDC0961622.1	QIZ20624.1	93.162	468	32	0	1	468	1	468	0.0	924
MDC0961623.1	QIZ20623.1	66.242	157	53	0	4	160	3	159	1.21e-71	208
MDC0961624.1	QIZ20622.1	83.618	293	48	0	1	293	1	293	2.03e-170	469
MDC0961625.1	QIZ20621.1	70.861	302	87	1	1	301	1	302	9.98e-149	415
MDC0961627.1	QIZ20863.1	40.741	243	136	5	98	336	104	342	8.85e-54	176
MDC0961629.1	QIZ20637.1	78.209	592	113	1	1	576	1	592	0.0	909
MDC0961630.1	QIZ20638.1	89.105	257	28	0	1	257	1	257	3.01e-171	468
MDC0961632.1	QIZ20640.1	77.941	136	30	0	10	145	10	145	1.10e-78	225
MDC0961633.1	QIZ20641.1	73.050	141	38	0	1	141	1	141	1.42e-72	209
MDC0961634.1	QIZ20642.1	90.337	445	43	0	1	445	1	445	0.0	833
MDC0961635.1	QIZ20643.1	73.469	98	26	0	38	135	35	132	1.56e-51	155
MDC0961636.1	QIZ20644.1	76.271	118	28	0	1	118	1	118	3.49e-65	189
MDC0961637.1	QIZ20645.1	84.672	274	41	1	1	274	1	273	3.57e-171	469
MDC0961638.1	QIZ20646.1	83.502	594	98	0	1	594	1	594	0.0	1039
MDC0961639.1	QIZ20647.1	79.268	82	17	0	2	83	143	224	5.14e-31	104
MDC0961641.1	QIZ20290.1	89.278	457	49	0	1	457	1	457	0.0	832
MDC0961642.1	QIZ20289.1	66.990	206	67	1	1	205	1	206	2.54e-95	272
MDC0961643.1	QIZ20288.1	78.218	303	66	0	1	303	1	303	1.05e-171	473
MDC0961644.1	QIZ20287.1	89.116	147	14	1	1	147	1	145	4.72e-93	261
MDC0961645.1	QIZ20286.1	92.982	342	24	0	1	342	1	342	0.0	645
MDC0961646.1	QIZ20285.1	87.333	150	18	1	1	149	1	150	5.40e-79	226
MDC0961647.1	QIZ20284.1	94.488	127	7	0	1	127	1	127	7.33e-88	247
MDC0961648.1	QIZ20283.1	69.014	213	66	0	1	213	1	213	1.38e-108	306
MDC0961649.1	QIZ20282.1	92.019	426	34	0	1	426	1	426	0.0	793
MDC0961650.1	QIZ20281.1	83.660	153	22	2	1	150	1	153	5.36e-75	216
MDC0961651.1	QIZ20280.1	88.757	169	19	0	3	171	2	170	5.33e-107	299
MDC0961652.1	QIZ20279.1	77.966	118	26	0	1	118	1	118	6.82e-64	186
MDC0961653.1	QIZ20278.1	84.358	179	28	0	1	179	1	179	6.70e-107	299
MDC0961654.1	QIZ20277.1	87.023	131	17	0	1	131	1	131	2.47e-84	238
MDC0961655.1	QIZ20276.1	90.099	101	10	0	1	101	1	101	1.05e-64	186
MDC0961656.1	QIZ20275.1	84.239	184	29	0	1	184	1	184	4.50e-117	325
MDC0961657.1	QIZ20274.1	91.429	70	6	0	1	70	1	70	2.81e-41	125
MDC0961658.1	QIZ20273.1	95.902	122	5	0	1	122	1	122	8.88e-82	231
MDC0961659.1	QIZ20272.1	87.179	78	10	0	1	78	1	78	2.52e-38	118
MDC0961660.1	QIZ20271.1	82.540	63	11	0	1	63	1	63	2.98e-33	104
MDC0961661.1	QIZ20270.1	88.971	136	15	0	1	136	1	136	3.59e-89	251
MDC0961662.1	QIZ20269.1	94.475	181	10	0	1	181	46	226	2.93e-126	350
MDC0961663.1	QIZ20594.1	74.882	211	53	0	1	211	43	253	5.21e-123	344
MDC0961665.1	QIZ20834.1	28.736	348	216	8	9	342	1	330	2.09e-29	111
MDC0961667.1	QIZ20513.1	27.919	394	257	8	105	492	7	379	1.98e-36	134
MDC0961668.1	QIZ20593.1	80.169	590	117	0	5	594	2	591	0.0	1009
MDC0961669.1	QIZ21125.1	45.955	309	157	2	4	306	3	307	2.63e-91	270
MDC0961672.1	QIZ20487.1	34.853	307	193	4	20	321	21	325	7.04e-48	162
MDC0961673.1	QIZ20805.1	30.982	397	244	8	208	578	1	393	8.73e-48	167
MDC0961682.1	QIZ20259.1	95.935	123	5	0	1	123	1	123	2.14e-83	235
MDC0961683.1	QIZ20260.1	88.889	135	15	0	1	135	22	156	1.52e-89	253
MDC0961684.1	QIZ20261.1	94.509	692	38	0	1	692	1	692	0.0	1362
MDC0961685.1	QIZ20262.1	99.020	102	1	0	1	102	1	102	2.31e-71	203
MDC0961686.1	QIZ20263.1	88.106	227	27	0	1	227	1	227	2.00e-147	406
MDC0961687.1	QIZ20264.1	83.575	207	34	0	1	207	1	207	5.41e-127	352
MDC0961688.1	QIZ20265.1	88.660	97	11	0	1	97	1	97	2.17e-58	170
MDC0961689.1	QIZ20266.1	86.071	280	38	1	1	279	1	280	9.55e-176	481
MDC0961690.1	QIZ20267.1	86.207	87	12	0	1	87	1	87	9.79e-55	161
MDC0961691.1	QIZ20268.1	82.857	105	18	0	1	105	1	105	8.85e-61	177
MDC0961692.1	QIZ20339.1	56.204	137	60	0	6	142	15	151	3.48e-55	166
MDC0961693.1	QIZ20338.1	90.442	701	67	0	1	701	1	701	0.0	1239
MDC0961694.1	QIZ20337.1	63.636	319	116	0	1	319	1	319	2.89e-137	387
MDC0961695.1	QIZ20336.1	63.433	134	49	0	1	134	1	134	8.90e-63	184
MDC0961696.1	QIZ20335.1	81.250	128	24	0	1	128	1	128	5.04e-73	209
MDC0961697.1	QIZ20334.1	91.803	366	30	0	1	366	1	366	0.0	645
MDC0961698.1	QIZ20333.1	76.301	173	41	0	1	173	25	197	1.25e-97	276
MDC0961699.1	QIZ20846.1	33.921	227	138	3	2	228	51	265	4.56e-33	120
MDC0961705.1	QIZ20210.1	86.517	534	72	0	8	541	3	536	0.0	921
MDC0961706.1	QIZ20674.1	70.681	191	56	0	1	191	1	191	4.07e-99	288
MDC0961707.1	QIZ20537.1	82.271	361	61	1	1	358	1	361	0.0	549
MDC0961708.1	QIZ20537.1	65.589	433	149	0	1	433	1	433	0.0	528
MDC0961709.1	QIZ20589.1	70.588	289	85	0	1	289	1	289	1.83e-152	424
MDC0961710.1	QIZ20592.1	91.093	247	22	0	1	247	1	247	2.85e-172	470
MDC0961711.1	QIZ20591.1	77.419	279	63	0	1	279	1	279	3.11e-166	457
MDC0961712.1	QIZ20605.1	31.926	379	214	9	26	390	43	391	3.30e-48	164
MDC0961713.1	QIZ20590.1	65.052	289	101	0	4	292	3	291	1.40e-115	331
MDC0961715.1	QIZ20296.1	79.403	670	136	1	1	668	183	852	0.0	1083
MDC0961717.1	QIZ20294.1	75.817	153	37	0	1	153	1	153	3.51e-88	250
MDC0961718.1	QIZ20293.1	77.262	431	98	0	1	431	1	431	0.0	658
MDC0961719.1	QIZ20292.1	72.989	174	47	0	1	174	97	270	6.64e-90	259
MDC0961720.1	QIZ20292.1	94.340	53	3	0	1	53	1	53	2.23e-31	105
MDC0961721.1	QIZ20291.1	56.780	118	49	2	1	118	11	126	4.01e-35	117
MDC0961722.1	QIZ20485.1	68.493	73	23	0	1	73	1	73	1.10e-30	107
MDC0961723.1	QIZ20486.1	77.966	295	65	0	2	296	1	295	9.07e-171	471
MDC0961724.1	QIZ20487.1	88.209	441	52	0	1	441	1	441	0.0	744
MDC0961725.1	QIZ20488.1	83.105	219	36	1	1	218	1	219	3.96e-125	348
MDC0961726.1	QIZ20489.1	88.889	351	39	0	1	351	12	362	0.0	655
MDC0961729.1	QIZ20416.1	31.602	231	149	4	6	235	5	227	1.68e-30	109
MDC0961731.1	QIZ20620.1	59.821	112	45	0	1	112	1	112	2.30e-35	115
MDC0961732.1	QIZ20619.1	60.163	246	98	0	1	246	1	246	9.11e-83	243
MDC0961733.1	QIZ20618.1	89.157	166	18	0	1	166	1	166	7.28e-102	285
MDC0961734.1	QIZ20617.1	81.481	81	15	0	1	81	1	81	5.18e-48	142
MDC0961735.1	QIZ20614.1	63.102	187	69	0	1	187	1	187	4.49e-82	237
MDC0961736.1	QIZ20613.1	77.741	301	67	0	1	301	1	301	0.0	499
MDC0961737.1	QIZ20612.1	73.154	149	40	0	1	149	1	149	1.81e-73	212
MDC0961738.1	QIZ20611.1	59.494	79	31	1	1	78	1	79	6.27e-29	95.1
MDC0961739.1	QIZ20782.1	78.641	103	22	0	1	103	84	186	8.30e-61	179
MDC0961740.1	QIZ20783.1	66.260	246	83	0	1	246	1	246	7.14e-117	330
MDC0961741.1	QIZ20784.1	85.526	76	11	0	1	76	1	76	3.05e-48	143
MDC0961742.1	QIZ20785.1	84.615	195	30	0	1	195	1	195	5.51e-116	323
MDC0961743.1	QIZ20786.1	95.312	64	3	0	1	64	1	64	1.09e-37	115
MDC0961744.1	QIZ20853.1	53.879	232	107	0	1	232	7	238	5.15e-87	253
MDC0961745.1	QIZ20788.1	94.795	365	19	0	1	365	100	464	0.0	707
MDC0961746.1	QIZ20439.1	81.761	159	29	0	1	159	105	263	3.50e-93	267
MDC0961747.1	QIZ20440.1	92.889	225	16	0	1	225	1	225	4.60e-155	425
MDC0961748.1	QIZ20441.1	88.197	466	55	0	1	466	1	466	0.0	846
MDC0961749.1	QIZ20442.1	84.615	377	58	0	1	377	1	377	0.0	622
MDC0961750.1	QIZ20443.1	86.207	58	8	0	1	58	204	261	9.61e-30	100
MDC0961751.1	QIZ20699.1	71.196	184	53	0	1	184	1	184	1.84e-88	261
MDC0961752.1	QIZ20700.1	86.555	952	128	0	1	952	1	952	0.0	1718
MDC0961753.1	QIZ20701.1	83.333	126	21	0	1	126	1	126	7.25e-79	224
MDC0961755.1	QIZ20485.1	66.667	108	36	0	1	108	378	485	7.42e-46	149
MDC0961757.1	QIZ20483.1	67.925	212	63	3	5	215	7	214	3.29e-100	285
MDC0961759.1	QIZ20482.1	75.000	140	35	0	1	140	1	140	2.73e-78	224
MDC0961760.1	QIZ20481.1	71.429	224	64	0	1	224	1	224	8.77e-119	333
MDC0961761.1	QIZ20480.1	58.580	169	70	0	13	181	13	181	1.00e-68	203
MDC0961766.1	QIZ21440.1	42.712	295	161	3	6	292	8	302	2.18e-81	248
MDC0961767.1	QIZ20551.1	78.613	346	74	0	4	349	35	380	0.0	576
MDC0961768.1	QIZ20711.1	89.575	259	27	0	1	259	78	336	9.57e-169	465
MDC0961769.1	QIZ20710.1	90.833	240	22	0	1	240	1	240	2.19e-161	442
MDC0961770.1	QIZ20709.1	88.085	235	28	0	1	235	1	235	5.07e-155	426
MDC0961771.1	QIZ20708.1	93.103	261	18	0	1	261	1	261	0.0	510
MDC0961772.1	QIZ20707.1	83.051	118	20	0	4	121	46	163	5.98e-69	200
MDC0961773.1	QIZ20704.1	54.248	153	66	3	1	150	48	199	3.75e-44	143
MDC0961776.1	QIZ21344.1	59.929	282	112	1	1	281	1	282	5.70e-118	335
MDC0961777.1	QIZ20388.1	84.000	200	29	1	1	200	1	197	9.09e-121	336
MDC0961778.1	QIZ20387.1	92.920	678	48	0	1	678	271	948	0.0	1311
MDC0961779.1	QIZ20691.1	89.573	844	88	0	1	844	1	844	0.0	1622
MDC0961780.1	QIZ20690.1	88.636	44	5	0	1	44	509	552	3.46e-23	84.7
MDC0961781.1	QIZ20298.1	92.258	310	24	0	2	311	4	313	0.0	602
MDC0961782.1	QIZ20742.1	27.578	417	261	11	25	423	22	415	1.40e-38	140
MDC0961783.1	QIZ20297.1	73.494	83	22	0	1	83	1	83	1.77e-41	130
MDC0961784.1	QIZ20692.1	66.042	480	162	1	2	480	12	491	0.0	674
MDC0961785.1	QIZ20694.1	92.901	324	23	0	1	324	44	367	0.0	638
MDC0961786.1	QIZ20385.1	78.448	116	21	1	3	118	737	848	3.00e-47	157
MDC0961787.1	QIZ20384.1	85.976	164	23	0	1	164	1	164	1.17e-102	287
MDC0961788.1	QIZ20383.1	78.261	184	40	0	1	184	1	184	3.05e-108	303
MDC0961789.1	QIZ20382.1	81.737	334	61	0	1	334	1	334	0.0	580
MDC0961790.1	QIZ20446.1	83.898	118	19	0	1	118	29	146	5.87e-73	209
MDC0961791.1	QIZ20445.1	75.460	326	80	0	1	326	1	326	6.48e-177	488
MDC0961792.1	QIZ20444.1	87.308	260	33	0	1	260	1	260	8.65e-169	462
MDC0961793.1	QIZ20443.1	83.099	71	12	0	1	71	1	71	5.08e-34	112
MDC0961794.1	QIZ20302.1	84.483	116	18	0	1	116	337	452	7.54e-64	197
MDC0961795.1	QIZ20301.1	88.360	378	44	0	1	378	108	485	0.0	682
MDC0961796.1	QIZ20792.1	95.122	41	2	0	1	41	1	41	3.81e-23	77.4
MDC0961797.1	QIZ20793.1	75.258	291	72	0	1	291	1	291	1.46e-162	449
MDC0961799.1	QIZ20698.1	75.926	162	39	0	1	162	231	392	1.46e-86	254
MDC0961800.1	QIZ20697.1	64.835	182	64	0	1	182	1	182	1.29e-85	246
MDC0961801.1	QIZ20696.1	57.724	246	104	0	3	248	4	249	1.88e-103	296
MDC0961802.1	QIZ20695.1	68.750	128	40	0	1	128	1	128	6.59e-56	167
MDC0961803.1	QIZ20491.1	91.631	466	39	0	2	467	40	505	0.0	893
MDC0961804.1	QIZ20490.1	85.200	250	37	0	1	250	1	250	1.41e-161	446
MDC0961805.1	QIZ20492.1	87.391	230	29	0	1	230	1	230	9.37e-151	415
MDC0961806.1	QIZ20493.1	56.716	134	48	1	5	138	11	134	2.29e-49	150
MDC0961807.1	QIZ20494.1	71.371	248	67	3	1	244	1	248	1.38e-130	365
