MDB9826702.1	QIZ20966.1	93.564	202	13	0	1	202	183	384	4.53e-140	392
MDB9826703.1	QIZ20965.1	97.806	638	14	0	1	638	1	638	0.0	1294
MDB9826704.1	QIZ20964.1	95.580	181	8	0	1	181	1	181	5.73e-129	355
MDB9826705.1	QIZ20963.1	97.059	68	2	0	1	68	1	68	8.87e-44	131
MDB9826706.1	QIZ20962.1	100.000	118	0	0	1	118	1	118	1.11e-85	241
MDB9826707.1	QIZ20961.1	95.775	355	15	0	1	355	1	355	0.0	706
MDB9826708.1	QIZ20960.1	82.419	802	141	0	1	802	1	802	0.0	1316
MDB9826709.1	QIZ20959.1	98.495	598	9	0	1	598	4	601	0.0	1207
MDB9826710.1	QIZ20953.1	40.493	284	143	8	2	273	3	272	4.05e-61	190
MDB9826715.1	QIZ20952.1	98.540	685	10	0	1	685	1	685	0.0	1376
MDB9826716.1	QIZ20951.1	88.967	426	47	0	1	426	1	426	0.0	739
MDB9826717.1	QIZ20950.1	95.515	602	27	0	1	602	1	602	0.0	1122
MDB9826718.1	QIZ20949.1	98.457	324	5	0	1	324	1	324	0.0	667
MDB9826719.1	QIZ20948.1	100.000	175	0	0	1	175	1	175	4.07e-131	360
MDB9826720.1	QIZ20947.1	91.860	86	7	0	1	86	10	95	1.19e-51	152
MDB9826721.1	QIZ20946.1	90.489	368	35	0	1	368	1	368	0.0	642
MDB9826722.1	QIZ20945.1	95.294	170	8	0	1	170	1	170	5.40e-117	324
MDB9826724.1	QIZ20944.1	91.809	586	48	0	1	586	1	586	0.0	1053
MDB9826725.1	QIZ20943.1	97.674	172	4	0	1	172	1	172	8.09e-124	341
MDB9826726.1	QIZ20942.1	90.323	310	30	0	1	310	1	310	0.0	571
MDB9826727.1	QIZ20941.1	94.309	246	14	0	1	246	1	246	7.74e-173	471
MDB9826728.1	QIZ20940.1	90.566	159	15	0	1	159	1	159	5.75e-108	300
MDB9826729.1	QIZ20939.1	95.469	309	14	0	1	309	1	309	0.0	615
MDB9826730.1	QIZ21069.1	70.968	62	18	0	1	62	1	62	4.27e-31	99.0
MDB9826731.1	QIZ20937.1	97.396	384	10	0	1	384	1	384	0.0	758
MDB9826732.1	QIZ20936.1	86.545	275	34	1	1	272	1	275	8.99e-180	491
MDB9826733.1	QIZ20935.1	98.206	223	4	0	1	223	1	223	2.17e-162	443
MDB9826734.1	QIZ20934.1	84.722	288	44	0	1	288	1	288	4.52e-174	478
MDB9826735.1	QIZ20933.1	95.520	558	25	0	1	558	1	558	0.0	1095
MDB9826736.1	QIZ20932.1	98.795	83	1	0	1	83	1	83	4.03e-57	166
MDB9826737.1	QIZ20931.1	93.860	114	7	0	1	114	1	114	7.31e-72	205
MDB9826738.1	QIZ20930.1	100.000	54	0	0	1	54	1	54	3.72e-33	103
MDB9826739.1	QIZ20929.1	79.079	239	50	0	1	239	1	239	6.26e-137	380
MDB9826740.1	QIZ20846.1	34.646	254	161	4	25	277	20	269	1.82e-34	124
MDB9826744.1	QIZ20928.1	100.000	65	0	0	1	65	1	65	3.04e-43	129
MDB9826745.1	QIZ20926.1	95.444	417	19	0	1	417	1	417	0.0	794
MDB9826746.1	QIZ20925.1	94.656	131	7	0	1	131	1	131	1.13e-87	247
MDB9826747.1	QIZ20924.1	95.946	296	12	0	1	296	1	296	0.0	545
MDB9826748.1	QIZ20924.1	98.347	121	2	0	1	121	308	428	1.14e-81	241
MDB9826749.1	QIZ20923.1	100.000	71	0	0	1	71	1	71	2.42e-50	147
MDB9826750.1	QIZ20922.1	70.664	467	133	3	1	465	1	465	0.0	645
MDB9826751.1	QIZ20921.1	48.117	239	120	2	1	238	1	236	3.39e-74	225
MDB9826753.1	QIZ20920.1	52.838	229	107	1	1	229	1	228	3.42e-80	236
MDB9826756.1	QIZ20908.1	54.585	229	97	3	1	222	1	229	6.61e-78	230
MDB9826757.1	QIZ20898.1	35.639	477	296	7	3	475	4	473	1.40e-98	300
MDB9826758.1	QIZ20897.1	75.701	107	23	2	1	105	1	106	4.34e-58	170
MDB9826759.1	QIZ20896.1	49.061	426	209	6	1	422	1	422	1.23e-142	409
MDB9826760.1	QIZ20895.1	90.260	308	30	0	1	308	1	308	0.0	593
MDB9826761.1	QIZ20894.1	98.491	265	4	0	1	265	1	265	0.0	520
MDB9826762.1	QIZ20893.1	96.829	410	13	0	1	410	1	410	0.0	821
MDB9826763.1	QIZ20892.1	91.866	209	17	0	1	209	1	209	9.59e-141	387
MDB9826764.1	QIZ20891.1	92.140	229	18	0	1	229	2	230	2.91e-155	426
MDB9826765.1	QIZ20890.1	98.947	95	1	0	1	95	1	95	3.45e-66	189
MDB9826766.1	QIZ20889.1	98.090	576	11	0	1	576	1	576	0.0	1144
MDB9826767.1	QIZ20888.1	75.243	206	51	0	12	217	12	217	4.43e-107	303
MDB9826768.1	QIZ20887.1	84.798	421	64	0	19	439	19	439	0.0	696
MDB9826769.1	QIZ20886.1	90.698	258	24	0	1	258	1	258	4.67e-175	478
MDB9826771.1	QIZ20885.1	61.538	91	33	1	1	91	1	89	9.44e-32	106
MDB9826772.1	QIZ20884.1	96.141	311	12	0	13	323	13	323	0.0	591
MDB9826773.1	QIZ20883.1	98.522	203	3	0	1	203	1	203	2.72e-149	408
MDB9826774.1	QIZ20882.1	88.961	154	17	0	1	154	1	154	2.83e-98	282
MDB9826775.1	QIZ20882.1	93.506	154	10	0	1	154	169	322	1.14e-105	300
MDB9826776.1	QIZ20881.1	90.964	166	15	0	1	166	1	166	1.78e-114	317
MDB9826777.1	QIZ20880.1	98.889	270	3	0	1	270	1	270	0.0	525
MDB9826778.1	QIZ20879.1	96.134	388	15	0	1	388	1	388	0.0	729
MDB9826779.1	QIZ20878.1	95.469	309	14	0	1	309	1	309	0.0	603
MDB9826780.1	QIZ20877.1	94.972	179	9	0	1	179	11	189	4.39e-126	348
MDB9826781.1	QIZ20876.1	94.715	246	13	0	1	246	1	246	1.29e-161	443
MDB9826782.1	QIZ20875.1	97.826	276	6	0	1	276	1	276	0.0	556
MDB9826783.1	QIZ20874.1	95.153	557	27	0	1	557	1	557	0.0	1040
MDB9826784.1	QIZ20873.1	98.095	105	2	0	1	105	1	105	3.12e-70	201
MDB9826785.1	QIZ20872.1	98.030	203	4	0	1	203	1	203	4.24e-146	400
MDB9826786.1	QIZ20871.1	96.053	152	6	0	1	152	582	733	5.57e-106	314
MDB9826787.1	QIZ20871.1	91.786	560	44	1	1	558	1	560	0.0	1071
MDB9826788.1	QIZ20870.1	95.380	368	17	0	1	368	1	368	0.0	719
MDB9826789.1	QIZ20869.1	93.567	855	47	3	1	854	1	848	0.0	1613
MDB9826790.1	QIZ20868.1	91.224	433	38	0	1	433	1	433	0.0	801
MDB9826791.1	QIZ20867.1	92.308	143	11	0	1	143	1	143	1.01e-86	245
MDB9826792.1	QIZ20866.1	96.454	141	5	0	2	142	100	240	7.26e-94	267
MDB9826793.1	QIZ20866.1	94.231	104	6	0	1	104	1	104	8.61e-69	202
MDB9826794.1	QIZ20865.1	95.533	403	18	0	1	403	1	403	0.0	780
MDB9826795.1	QIZ20864.1	99.454	366	2	0	1	366	1	366	0.0	730
MDB9826796.1	QIZ20863.1	98.193	332	6	0	1	332	1	332	0.0	658
MDB9826797.1	QIZ21443.1	83.451	284	47	0	1	284	1	284	2.69e-166	458
MDB9826798.1	QIZ21442.1	69.065	417	127	1	1	417	1	415	0.0	610
MDB9826799.1	QIZ21441.1	73.118	372	89	1	13	384	13	373	0.0	561
MDB9826800.1	QIZ21440.1	86.188	362	50	0	1	362	1	362	0.0	655
MDB9826801.1	QIZ21439.1	94.072	388	23	0	1	388	1	388	0.0	766
MDB9826802.1	QIZ20715.1	84.436	257	40	0	1	257	1	257	9.25e-161	442
MDB9826803.1	QIZ20716.1	94.964	139	7	0	1	139	1	139	2.29e-101	282
MDB9826804.1	QIZ20717.1	93.474	521	34	0	1	521	1	521	0.0	979
MDB9826805.1	QIZ20718.1	93.103	145	10	0	1	145	1	145	1.11e-94	265
MDB9826806.1	QIZ20719.1	97.486	358	9	0	1	358	1	358	0.0	687
MDB9826807.1	QIZ20720.1	98.030	203	4	0	1	203	1	203	1.49e-143	394
MDB9826808.1	QIZ20721.1	86.093	302	42	0	1	302	1	302	0.0	544
MDB9826809.1	QIZ20722.1	97.753	267	6	0	1	267	1	267	0.0	520
MDB9826810.1	QIZ20723.1	94.884	215	11	0	1	215	1	215	7.64e-155	423
MDB9826811.1	QIZ20724.1	98.020	404	8	0	1	404	1	404	0.0	822
MDB9826812.1	QIZ20725.1	93.251	889	60	0	1	889	1	889	0.0	1697
MDB9826814.1	QIZ20726.1	98.956	383	4	0	1	383	1	383	0.0	764
MDB9826815.1	QIZ20727.1	66.435	432	144	1	1	431	1	432	0.0	538
MDB9826816.1	QIZ20728.1	92.532	308	23	0	1	308	1	308	0.0	563
MDB9826817.1	QIZ20729.1	97.500	120	3	0	1	120	1	120	2.82e-86	242
MDB9826818.1	QIZ20730.1	90.476	189	18	0	1	189	1	189	1.27e-124	345
MDB9826819.1	QIZ20731.1	96.947	131	4	0	1	131	1	131	2.83e-92	258
MDB9826820.1	QIZ20732.1	94.366	426	24	0	1	426	1	426	0.0	829
MDB9826822.1	QIZ20733.1	66.207	290	98	0	1	290	1	290	1.84e-142	398
MDB9826824.1	QIZ20734.1	86.111	180	25	0	1	180	1	180	1.87e-106	298
MDB9826826.1	QIZ20416.1	47.244	254	122	2	6	259	3	244	2.20e-80	238
MDB9826827.1	QIZ20181.1	30.332	211	135	3	15	213	13	223	1.14e-23	90.5
MDB9826828.1	QIZ20311.1	33.939	165	108	1	14	177	40	204	1.41e-24	93.2
MDB9826830.1	QIZ20735.1	57.087	254	105	2	1	254	1	250	8.07e-84	247
MDB9826832.1	QIZ20736.1	81.250	208	39	0	1	208	1	208	1.03e-131	364
MDB9826833.1	QIZ20737.1	94.379	338	19	0	1	338	1	338	0.0	633
MDB9826834.1	QIZ20738.1	95.283	106	5	0	1	106	1	106	1.66e-74	211
MDB9826835.1	QIZ20739.1	96.094	256	10	0	1	256	1	256	2.26e-177	484
MDB9826836.1	QIZ20740.1	97.623	631	15	0	1	631	1	631	0.0	1275
MDB9826837.1	QIZ20741.1	95.455	44	2	0	1	44	20	63	8.94e-25	83.6
MDB9826838.1	QIZ20742.1	93.318	434	29	0	1	434	1	434	0.0	845
MDB9826839.1	QIZ20743.1	93.537	294	19	0	1	294	1	294	0.0	553
MDB9826840.1	QIZ20744.1	96.789	218	7	0	1	218	1	218	1.17e-157	435
MDB9826841.1	QIZ20744.1	96.581	117	4	0	3	119	213	329	2.64e-81	237
MDB9826842.1	QIZ20745.1	93.863	277	17	0	1	277	1	277	0.0	523
MDB9826843.1	QIZ20746.1	97.632	887	21	0	1	887	1	887	0.0	1782
MDB9826844.1	QIZ20747.1	95.349	688	32	0	1	688	1	688	0.0	1302
MDB9826845.1	QIZ20748.1	97.279	294	8	0	1	294	1	294	0.0	607
MDB9826846.1	QIZ20749.1	98.507	268	4	0	1	268	1	268	0.0	520
MDB9826847.1	QIZ20750.1	97.923	337	7	0	1	337	1	337	0.0	665
MDB9826848.1	QIZ20751.1	94.712	208	11	0	1	208	1	208	2.52e-148	406
MDB9826849.1	QIZ20752.1	98.611	360	5	0	1	360	1	360	0.0	731
MDB9826850.1	QIZ20753.1	96.703	637	21	0	1	637	1	637	0.0	1275
MDB9826851.1	QIZ20754.1	94.483	290	16	0	1	290	1	290	0.0	528
MDB9826852.1	QIZ20755.1	91.358	81	7	0	1	81	1	81	6.76e-47	140
MDB9826853.1	QIZ20756.1	94.516	310	17	0	1	310	1	310	0.0	580
MDB9826854.1	QIZ20757.1	92.025	326	26	0	1	326	1	326	0.0	595
MDB9826855.1	QIZ20758.1	97.952	293	6	0	1	293	1	293	0.0	588
MDB9826856.1	QIZ20759.1	98.372	430	7	0	1	430	1	430	0.0	862
MDB9826857.1	QIZ20760.1	97.778	270	6	0	1	270	1	270	0.0	522
MDB9826858.1	QIZ20761.1	95.260	443	21	0	1	443	1	443	0.0	844
MDB9826859.1	QIZ20762.1	92.857	350	25	0	1	350	1	350	0.0	585
MDB9826860.1	QIZ20763.1	98.726	628	8	0	3	630	1	628	0.0	1266
MDB9826861.1	QIZ20764.1	91.168	351	31	0	1	351	1	351	0.0	645
MDB9826862.1	QIZ20765.1	98.611	144	2	0	1	144	181	324	6.64e-105	298
MDB9826865.1	QIZ21121.1	31.551	374	247	3	8	372	4	377	1.34e-63	204
MDB9826866.1	QIZ21401.1	24.765	533	372	14	8	530	7	520	8.40e-37	140
MDB9826868.1	QIZ21154.1	45.013	371	201	3	1	371	1	368	2.08e-121	351
MDB9826869.1	QIZ20975.1	35.459	392	221	6	5	371	9	393	1.05e-65	209
MDB9826870.1	QIZ21307.1	68.056	288	92	0	4	291	2	289	1.08e-155	432
MDB9826871.1	QIZ21150.1	97.011	368	11	0	1	368	1	368	0.0	733
MDB9826872.1	QIZ21149.1	98.522	203	3	0	1	203	9	211	1.17e-147	404
MDB9826873.1	QIZ21148.1	97.645	467	11	0	1	467	1	467	0.0	947
MDB9826874.1	QIZ21146.1	97.807	228	5	0	1	228	1	228	5.06e-167	455
MDB9826875.1	QIZ21144.1	98.009	452	9	0	1	452	1	452	0.0	890
MDB9826876.1	QIZ21143.1	92.701	274	20	0	1	274	1	274	1.39e-178	488
MDB9826877.1	QIZ21142.1	96.393	305	11	0	1	305	1	305	0.0	586
MDB9826878.1	QIZ21141.1	95.722	187	8	0	1	187	1	187	1.72e-131	362
MDB9826879.1	QIZ21140.1	94.094	254	15	0	19	272	19	272	4.27e-177	484
MDB9826880.1	QIZ21139.1	93.515	293	19	0	1	293	1	293	0.0	514
MDB9826881.1	QIZ21138.1	86.441	59	8	0	1	59	1	59	1.49e-33	104
MDB9826882.1	QIZ21137.1	86.742	445	59	0	1	445	1	445	0.0	773
MDB9826883.1	QIZ21136.1	98.455	453	7	0	6	458	1	453	0.0	882
MDB9826884.1	QIZ21135.1	95.385	195	9	0	1	195	1	195	5.75e-142	389
MDB9826885.1	QIZ21134.1	85.570	395	46	3	1	394	1	385	0.0	690
MDB9826886.1	QIZ21133.1	91.597	357	30	0	1	357	1	357	0.0	682
MDB9826887.1	QIZ21132.1	94.429	359	20	0	1	359	1	359	0.0	682
MDB9826888.1	QIZ21131.1	98.582	282	4	0	1	282	1	282	0.0	550
MDB9826889.1	QIZ21130.1	96.853	286	9	0	1	286	1	286	0.0	549
MDB9826890.1	QIZ21129.1	98.826	511	6	0	1	511	1	511	0.0	1044
MDB9826891.1	QIZ21128.1	99.150	353	3	0	1	353	1	353	0.0	707
MDB9826892.1	QIZ21127.1	94.986	359	18	0	1	359	1	359	0.0	656
MDB9826893.1	QIZ21126.1	86.173	405	53	1	1	405	1	402	0.0	638
MDB9826894.1	QIZ21125.1	91.798	317	26	0	1	317	1	317	0.0	600
MDB9826897.1	QIZ21124.1	33.333	420	273	5	57	473	41	456	3.06e-74	237
MDB9826898.1	QIZ21123.1	97.150	386	11	0	1	386	1	386	0.0	782
MDB9826899.1	QIZ21122.1	90.862	383	35	0	1	383	1	383	0.0	744
MDB9826900.1	QIZ21120.1	46.897	145	75	1	20	164	27	169	2.82e-44	139
MDB9826901.1	QIZ21119.1	79.661	118	24	0	1	118	1	118	2.33e-59	174
MDB9826902.1	QIZ21118.1	91.329	173	15	0	1	173	1	173	1.54e-116	323
MDB9826903.1	QIZ21117.1	94.071	624	37	0	1	624	1	624	0.0	1109
MDB9826904.1	QIZ21116.1	94.203	138	8	0	1	138	1	138	2.72e-93	261
MDB9826905.1	QIZ21115.1	92.000	75	6	0	1	75	1	75	5.37e-48	142
MDB9826906.1	QIZ21114.1	96.610	236	8	0	1	236	1	236	3.69e-167	456
MDB9826907.1	QIZ21113.1	100.000	106	0	0	1	106	1	106	1.12e-77	219
MDB9826908.1	QIZ21112.1	97.268	183	5	0	1	183	1	183	3.76e-131	361
MDB9826909.1	QIZ21111.1	96.491	114	4	0	1	114	1	114	3.75e-76	216
MDB9826911.1	QIZ21110.1	92.885	253	18	0	1	253	1	253	3.84e-173	473
MDB9826912.1	QIZ21109.1	90.725	345	32	0	1	345	1	345	0.0	667
MDB9826913.1	QIZ21108.1	85.119	168	25	0	1	168	1	168	9.19e-108	300
MDB9826914.1	QIZ21107.1	96.709	395	13	0	1	395	1	395	0.0	785
MDB9826915.1	QIZ21106.1	95.122	205	10	0	1	205	1	205	9.56e-145	397
MDB9826916.1	QIZ21105.1	100.000	152	0	0	1	152	1	152	2.15e-110	306
MDB9826917.1	QIZ21104.1	100.000	126	0	0	1	126	1	126	7.68e-88	247
MDB9826918.1	QIZ21103.1	93.140	379	26	0	1	379	1	379	0.0	728
MDB9826919.1	QIZ20958.1	36.634	202	110	5	32	228	32	220	1.16e-35	122
MDB9826920.1	QIZ21102.1	96.517	201	7	0	1	201	1	201	1.83e-136	376
MDB9826921.1	QIZ21101.1	94.583	240	13	0	1	240	1	240	1.46e-172	470
MDB9826924.1	QIZ21100.1	83.212	137	23	0	4	140	1	137	6.63e-79	225
MDB9826925.1	QIZ21099.1	95.000	40	2	0	1	40	1	40	3.02e-22	74.7
MDB9826926.1	QIZ21098.1	90.909	77	7	0	1	77	33	109	5.48e-51	151
MDB9826927.1	QIZ21223.1	83.333	294	49	0	1	294	1	294	0.0	498
MDB9826928.1	QIZ21222.1	28.840	319	212	7	1	316	1	307	6.98e-30	111
MDB9826929.1	QIZ21221.1	86.826	167	22	0	1	167	1	167	2.53e-93	264
MDB9826930.1	QIZ21220.1	95.224	691	33	0	1	691	1	691	0.0	1359
MDB9826931.1	QIZ21219.1	93.069	101	7	0	1	101	1	101	1.60e-67	193
MDB9826932.1	QIZ21218.1	100.000	436	0	0	1	436	1	436	0.0	855
MDB9826933.1	QIZ21217.1	96.629	178	6	0	1	178	1	178	9.52e-128	352
MDB9826934.1	QIZ20953.1	40.741	297	148	7	2	296	3	273	8.72e-59	185
MDB9826935.1	QIZ21216.1	69.388	98	30	0	1	98	1	98	7.81e-51	151
MDB9826936.1	QIZ21215.1	92.417	211	16	0	1	211	1	211	2.08e-144	397
MDB9826937.1	QIZ21214.1	66.327	294	99	0	1	294	1	294	4.67e-147	410
MDB9826938.1	QIZ21213.1	93.878	147	9	0	1	147	1	147	1.31e-103	288
MDB9826939.1	QIZ21212.1	88.148	270	32	0	1	270	1	270	0.0	499
MDB9826940.1	QIZ21211.1	60.208	289	115	0	1	289	1	289	3.47e-122	347
MDB9826941.1	QIZ21210.1	89.519	1040	109	0	1	1040	1	1040	0.0	1819
MDB9826942.1	QIZ21209.1	92.462	199	15	0	1	199	1	199	8.95e-139	381
MDB9826943.1	QIZ21208.1	79.231	130	22	1	4	133	1	125	3.13e-67	195
MDB9826944.1	QIZ21207.1	92.017	238	19	0	1	238	1	238	9.14e-170	463
MDB9826945.1	QIZ21206.1	92.140	229	18	0	1	229	1	229	1.41e-151	416
MDB9826946.1	QIZ21205.1	90.031	321	32	0	1	321	1	321	0.0	571
MDB9826947.1	QIZ21204.1	94.118	153	9	0	1	153	1	153	8.58e-104	289
MDB9826948.1	QIZ21203.1	98.364	428	7	0	1	428	1	428	0.0	867
MDB9826949.1	QIZ21202.1	96.094	512	20	0	1	512	1	512	0.0	920
MDB9826950.1	QIZ21201.1	96.596	235	8	0	1	235	1	235	5.24e-167	456
MDB9826951.1	QIZ21200.1	98.052	924	18	0	1	924	1	924	0.0	1839
MDB9826952.1	QIZ21199.1	93.851	309	19	0	1	309	1	309	0.0	586
MDB9826953.1	QIZ21198.1	97.268	183	5	0	1	183	1	183	1.04e-123	342
MDB9826954.1	QIZ21197.1	95.187	187	9	0	1	187	1	187	9.72e-132	363
MDB9826955.1	QIZ21196.1	92.347	392	30	0	1	392	1	392	0.0	746
MDB9826956.1	QIZ21195.1	99.135	347	3	0	1	347	1	347	0.0	716
MDB9826957.1	QIZ21194.1	98.969	291	3	0	1	291	1	291	0.0	585
MDB9826958.1	QIZ21193.1	96.196	184	7	0	1	184	1	184	1.28e-126	349
MDB9826959.1	QIZ21191.1	84.857	350	53	0	1	350	1	350	0.0	603
MDB9826960.1	QIZ21190.1	93.333	525	35	0	1	525	1	525	0.0	1006
MDB9826961.1	QIZ21189.1	94.802	481	25	0	1	481	1	481	0.0	840
MDB9826962.1	QIZ21188.1	96.288	458	17	0	1	458	1	458	0.0	881
MDB9826963.1	QIZ21187.1	88.710	248	28	0	1	248	1	248	2.88e-156	430
MDB9826964.1	QIZ21186.1	94.966	298	15	0	1	298	1	298	0.0	562
MDB9826965.1	QIZ21185.1	94.167	360	21	0	1	360	1	360	0.0	684
MDB9826966.1	QIZ21184.1	96.505	372	13	0	1	372	1	372	0.0	746
MDB9826967.1	QIZ21183.1	95.960	198	8	0	1	198	1	198	2.40e-140	385
MDB9826968.1	QIZ21182.1	91.213	239	21	0	1	239	1	239	2.06e-166	454
MDB9826969.1	QIZ21181.1	93.893	131	8	0	1	131	1	131	2.66e-87	246
MDB9826970.1	QIZ21180.1	96.429	84	3	0	1	84	1	84	8.16e-55	160
MDB9826971.1	QIZ21179.1	97.554	327	8	0	1	327	1	327	0.0	645
MDB9826972.1	QIZ21178.1	96.467	368	13	0	1	368	1	368	0.0	707
MDB9826973.1	QIZ21177.1	92.548	416	31	0	1	416	1	416	0.0	771
MDB9826974.1	QIZ21176.1	92.063	63	5	0	1	63	1	63	4.95e-37	117
MDB9826975.1	QIZ20258.1	97.783	1308	29	0	1	1308	82	1389	0.0	2626
MDB9826976.1	QIZ20259.1	95.935	123	5	0	1	123	1	123	1.39e-84	238
MDB9826977.1	QIZ20260.1	97.436	156	4	0	1	156	1	156	9.51e-111	307
MDB9826978.1	QIZ20261.1	94.798	692	36	0	1	692	1	692	0.0	1371
MDB9826979.1	QIZ20262.1	99.020	102	1	0	1	102	1	102	2.94e-71	203
MDB9826980.1	QIZ20263.1	92.070	227	18	0	1	227	1	227	1.99e-154	424
MDB9826981.1	QIZ20264.1	90.338	207	20	0	1	207	1	207	2.61e-137	378
MDB9826982.1	QIZ20265.1	90.722	97	9	0	1	97	1	97	1.70e-59	173
MDB9826983.1	QIZ20266.1	90.747	281	26	0	1	281	1	281	0.0	514
MDB9826984.1	QIZ20267.1	98.851	87	1	0	1	87	1	87	1.36e-60	176
MDB9826985.1	QIZ20268.1	97.727	132	3	0	1	132	1	132	3.15e-92	258
MDB9826986.1	QIZ20269.1	95.575	226	10	0	1	226	1	226	4.37e-163	445
MDB9826987.1	QIZ20270.1	98.529	136	2	0	1	136	1	136	1.16e-97	272
MDB9826988.1	QIZ20271.1	90.476	63	6	0	1	63	1	63	1.51e-35	110
MDB9826989.1	QIZ20272.1	96.154	78	3	0	1	78	1	78	2.58e-51	150
MDB9826990.1	QIZ20273.1	93.443	122	8	0	1	122	1	122	8.32e-82	231
MDB9826991.1	QIZ20274.1	95.714	70	3	0	1	70	1	70	2.13e-42	129
MDB9826992.1	QIZ20275.1	95.109	184	9	0	1	184	1	184	1.55e-127	352
MDB9826993.1	QIZ20276.1	96.040	101	4	0	1	101	1	101	3.63e-68	195
MDB9826994.1	QIZ20277.1	90.840	131	12	0	1	131	1	131	2.74e-87	246
MDB9826995.1	QIZ20278.1	90.503	179	17	0	1	179	1	179	1.29e-115	321
MDB9826996.1	QIZ20279.1	83.051	118	20	0	1	118	1	118	5.10e-69	198
MDB9826997.1	QIZ20280.1	97.647	170	4	0	1	170	1	170	1.38e-118	328
MDB9826998.1	QIZ20281.1	91.503	153	13	0	1	153	1	153	1.34e-90	256
MDB9826999.1	QIZ20282.1	97.887	426	9	0	1	426	1	426	0.0	833
MDB9827000.1	QIZ20283.1	92.958	213	15	0	1	213	1	213	2.44e-146	402
MDB9827001.1	QIZ20284.1	98.425	127	2	0	1	127	1	127	8.06e-90	252
MDB9827002.1	QIZ20285.1	96.000	150	6	0	1	150	1	150	2.70e-81	232
MDB9827003.1	QIZ20286.1	97.953	342	7	0	1	342	1	342	0.0	677
MDB9827004.1	QIZ20287.1	98.621	145	2	0	1	145	1	145	2.60e-103	287
MDB9827005.1	QIZ20288.1	98.026	304	6	0	1	304	1	304	0.0	612
MDB9827006.1	QIZ20289.1	90.777	206	19	0	1	206	1	206	1.48e-135	374
MDB9827007.1	QIZ20290.1	98.031	457	9	0	1	457	1	457	0.0	902
MDB9827008.1	QIZ20291.1	85.714	280	40	0	1	280	1	280	6.58e-170	467
MDB9827009.1	QIZ20292.1	93.727	271	17	0	1	271	1	271	1.40e-178	488
MDB9827010.1	QIZ20293.1	91.898	432	35	0	1	432	1	432	0.0	781
MDB9827011.1	QIZ20294.1	94.118	153	9	0	1	153	1	153	8.18e-106	294
MDB9827012.1	QIZ20296.1	96.756	863	27	1	1	862	1	863	0.0	1711
MDB9827013.1	QIZ20297.1	95.812	191	8	0	1	191	1	191	1.62e-123	342
MDB9827014.1	QIZ20742.1	24.877	406	280	10	28	423	25	415	3.44e-33	125
MDB9827015.1	QIZ20298.1	99.042	313	3	0	1	313	1	313	0.0	639
MDB9827016.1	QIZ20299.1	98.013	151	3	0	1	151	1	151	6.04e-106	295
MDB9827017.1	QIZ20300.1	94.737	95	5	0	1	95	1	95	1.83e-60	175
MDB9827018.1	QIZ20301.1	96.907	485	15	0	1	485	1	485	0.0	963
MDB9827019.1	QIZ20302.1	97.963	491	10	0	1	491	1	491	0.0	987
MDB9827020.1	QIZ20303.1	96.296	216	8	0	1	216	1	216	7.64e-155	423
MDB9827021.1	QIZ20304.1	90.365	301	29	0	1	301	1	301	0.0	547
MDB9827022.1	QIZ20305.1	97.588	456	11	0	1	456	1	456	0.0	876
MDB9827023.1	QIZ20306.1	92.357	157	12	0	1	157	1	157	9.54e-109	302
MDB9827025.1	QIZ20310.1	88.095	84	10	0	1	84	1	84	3.18e-52	154
MDB9827026.1	QIZ20311.1	98.374	246	4	0	1	246	1	246	2.50e-171	468
MDB9827027.1	QIZ20312.1	97.255	255	7	0	1	255	1	255	0.0	503
MDB9827028.1	QIZ20313.1	93.583	187	12	0	1	187	1	187	3.41e-128	353
MDB9827029.1	QIZ20314.1	94.611	1002	54	0	1	1002	1	1002	0.0	1996
MDB9827030.1	QIZ20315.1	97.802	91	2	0	1	91	1	91	3.21e-67	192
MDB9827031.1	QIZ20316.1	97.281	331	9	0	1	331	87	417	0.0	674
MDB9827032.1	QIZ20346.1	95.833	96	4	0	1	96	1	96	3.02e-59	172
MDB9827033.1	QIZ20347.1	86.310	336	46	0	1	336	1	336	0.0	546
MDB9827034.1	QIZ20348.1	87.760	433	53	0	1	433	1	433	0.0	785
MDB9827035.1	QIZ20349.1	95.425	153	7	0	1	153	1	153	6.13e-108	300
MDB9827036.1	QIZ20350.1	96.644	149	5	0	1	149	1	149	9.98e-108	299
MDB9827037.1	QIZ20351.1	91.471	340	29	0	1	340	1	340	0.0	630
MDB9827038.1	QIZ20352.1	93.243	74	5	0	1	74	1	74	6.26e-47	139
MDB9827039.1	QIZ20353.1	98.372	430	7	0	1	430	1	430	0.0	834
MDB9827040.1	QIZ20354.1	94.000	300	18	0	1	300	1	300	0.0	556
MDB9827041.1	QIZ20355.1	96.809	282	9	0	1	282	1	282	0.0	551
MDB9827042.1	QIZ20356.1	94.565	92	5	0	1	92	4	95	8.17e-61	176
MDB9827043.1	QIZ20357.1	88.966	145	16	0	1	145	1	145	1.08e-97	273
MDB9827045.1	QIZ20359.1	83.502	297	49	0	23	319	8	304	0.0	514
MDB9827050.1	QIZ20958.1	31.356	236	143	7	17	247	4	225	8.78e-31	110
MDB9827052.1	QIZ20360.1	44.793	701	365	13	1	691	7	695	4.06e-178	521
MDB9827053.1	QIZ20361.1	62.963	81	30	0	1	81	1	81	1.87e-32	103
MDB9827054.1	QIZ20362.1	83.865	564	91	0	1	564	1	564	0.0	957
MDB9827055.1	QIZ20363.1	90.476	315	30	0	1	315	1	315	0.0	582
MDB9827056.1	QIZ20364.1	96.364	330	12	0	1	330	1	330	0.0	647
MDB9827057.1	QIZ20365.1	95.699	93	4	0	1	93	1	93	8.62e-62	178
MDB9827058.1	QIZ20366.1	70.930	172	46	2	1	172	1	168	5.07e-78	225
MDB9827059.1	QIZ20367.1	97.179	390	11	0	1	390	1	390	0.0	740
MDB9827060.1	QIZ20368.1	90.588	170	16	0	1	170	1	170	4.86e-115	319
MDB9827061.1	QIZ20369.1	91.440	257	22	0	1	257	1	257	4.75e-177	483
MDB9827062.1	QIZ20370.1	92.913	254	18	0	1	254	1	254	6.03e-170	465
MDB9827063.1	QIZ20371.1	93.762	513	32	0	1	513	1	513	0.0	994
MDB9827064.1	QIZ20372.1	95.161	310	15	0	1	310	1	310	0.0	566
MDB9827065.1	QIZ20373.1	94.089	203	12	0	1	203	1	203	1.05e-126	351
MDB9827066.1	QIZ20374.1	95.300	383	18	0	1	383	1	383	0.0	740
MDB9827067.1	QIZ20375.1	83.730	252	41	0	1	252	1	252	1.20e-139	388
MDB9827068.1	QIZ20376.1	89.308	318	34	0	16	333	16	333	0.0	580
MDB9827069.1	QIZ20377.1	96.246	293	11	0	1	293	1	293	0.0	509
MDB9827070.1	QIZ20378.1	93.182	88	6	0	1	88	1	88	4.52e-46	138
MDB9827071.1	QIZ20379.1	95.168	683	33	0	1	683	1	683	0.0	1283
MDB9827072.1	QIZ20380.1	98.039	204	4	0	1	204	1	204	2.13e-144	396
MDB9827073.1	QIZ20381.1	91.636	275	23	0	1	275	1	275	0.0	536
MDB9827074.1	QIZ20382.1	95.405	370	17	0	1	370	1	370	0.0	733
MDB9827075.1	QIZ20383.1	98.370	184	3	0	1	184	1	184	4.60e-134	368
MDB9827076.1	QIZ20384.1	96.951	164	5	0	1	164	1	164	8.47e-115	318
MDB9827077.1	QIZ20385.1	96.702	849	28	0	1	849	1	849	0.0	1652
MDB9827078.1	QIZ20674.1	95.628	366	16	0	1	366	28	393	0.0	721
MDB9827079.1	QIZ20673.1	93.007	429	28	1	1	429	1	427	0.0	769
MDB9827080.1	QIZ20672.1	96.154	286	11	0	7	292	1	286	0.0	552
MDB9827081.1	QIZ20671.1	90.615	309	29	0	1	309	1	309	0.0	569
MDB9827082.1	QIZ20670.1	97.680	431	10	0	1	431	1	431	0.0	865
MDB9827083.1	QIZ20669.1	97.769	493	11	0	1	493	1	493	0.0	986
MDB9827084.1	QIZ20668.1	95.028	181	9	0	1	181	1	181	9.06e-112	311
MDB9827085.1	QIZ20667.1	96.474	794	28	0	1	794	1	794	0.0	1529
MDB9827086.1	QIZ20666.1	89.530	468	49	0	1	468	1	468	0.0	874
MDB9827087.1	QIZ20665.1	96.053	152	6	0	1	152	1	152	7.33e-101	281
MDB9827088.1	QIZ20664.1	98.571	70	1	0	23	92	1	70	6.03e-47	140
MDB9827089.1	QIZ20663.1	100.000	121	0	0	1	121	1	121	8.72e-86	241
MDB9827090.1	QIZ20662.1	96.129	310	12	0	1	310	1	310	0.0	592
MDB9827091.1	QIZ20661.1	96.735	245	8	0	1	245	3	247	2.74e-175	478
MDB9827092.1	QIZ20660.1	93.671	79	5	0	1	79	1	79	2.02e-47	141
MDB9827093.1	QIZ20659.1	89.048	210	23	0	1	210	1	210	9.69e-140	385
MDB9827094.1	QIZ20658.1	76.336	262	62	0	1	262	1	262	2.88e-149	413
MDB9827095.1	QIZ20657.1	64.062	320	115	0	1	320	1	320	8.72e-132	374
MDB9827096.1	QIZ20656.1	46.975	281	141	3	28	304	24	300	1.19e-66	207
MDB9827097.1	QIZ20655.1	39.461	816	463	14	1	792	1	809	2.44e-175	520
MDB9827098.1	QIZ20653.1	41.799	378	204	4	1	372	1	368	1.10e-82	253
MDB9827099.1	QIZ20652.1	75.238	210	52	0	1	210	1	210	1.22e-107	314
MDB9827100.1	QIZ20652.1	92.647	272	20	0	1	272	214	485	0.0	523
MDB9827101.1	QIZ20650.1	89.005	191	21	0	1	191	1	191	2.18e-118	329
MDB9827102.1	QIZ20649.1	91.813	342	28	0	1	342	1	342	0.0	597
MDB9827103.1	QIZ20648.1	92.201	359	28	0	1	359	1	359	0.0	632
MDB9827104.1	QIZ20647.1	97.727	220	5	0	1	220	5	224	2.83e-151	415
MDB9827105.1	QIZ20646.1	96.465	594	21	0	1	594	1	594	0.0	1184
MDB9827106.1	QIZ20645.1	98.901	273	3	0	1	273	1	273	0.0	549
MDB9827107.1	QIZ20644.1	94.958	119	6	0	1	119	1	119	2.62e-82	232
MDB9827108.1	QIZ20643.1	87.121	132	17	0	1	132	1	132	2.78e-76	218
MDB9827109.1	QIZ20642.1	96.629	445	15	0	1	445	1	445	0.0	898
MDB9827110.1	QIZ20641.1	94.326	141	8	0	1	141	1	141	4.01e-94	264
MDB9827111.1	QIZ20640.1	92.701	137	10	0	15	151	10	146	6.13e-93	261
MDB9827112.1	QIZ21479.1	91.489	376	32	0	1	376	342	717	0.0	680
MDB9827112.1	QIZ21479.1	30.317	221	153	1	154	374	172	391	6.22e-27	107
MDB9827115.1	QIZ20216.1	58.675	317	130	1	1	316	1	317	1.36e-128	365
MDB9827116.1	QIZ20495.1	43.182	528	297	3	3	527	4	531	4.99e-143	418
MDB9827118.1	QIZ20579.1	43.119	109	62	0	1	109	1	109	6.49e-28	94.4
MDB9827123.1	QIZ20592.1	32.937	252	155	5	6	256	5	243	1.34e-38	131
MDB9827124.1	QIZ20556.1	44.606	343	186	2	2	340	3	345	3.88e-103	303
MDB9827125.1	QIZ20555.1	43.145	248	137	3	74	321	253	496	3.73e-57	189
MDB9827130.1	QIZ21448.1	63.025	476	175	1	1	475	1	476	0.0	607
MDB9827131.1	QIZ20490.1	26.766	269	190	1	3	264	5	273	2.04e-27	104
MDB9827132.1	QIZ21009.1	87.805	123	15	0	1	123	1	123	7.24e-80	226
MDB9827133.1	QIZ21480.1	91.236	445	39	0	1	445	1	445	0.0	868
MDB9827134.1	QIZ21481.1	92.982	342	24	0	1	342	1	342	0.0	645
MDB9827135.1	QIZ21482.1	96.875	64	2	0	1	64	1	64	4.43e-41	124
MDB9827137.1	QIZ20203.1	29.954	434	297	6	11	441	6	435	5.70e-64	208
MDB9827139.1	QIZ20661.1	37.751	249	139	7	5	247	6	244	2.21e-40	135
MDB9827140.1	QIZ20491.1	28.713	404	283	4	37	435	74	477	3.35e-55	187
MDB9827141.1	QIZ21483.1	88.601	386	44	0	3	388	2	387	0.0	714
MDB9827142.1	QIZ21484.1	94.297	263	15	0	1	263	1	263	0.0	509
MDB9827143.1	QIZ21485.1	95.208	480	23	0	70	549	82	561	0.0	916
MDB9827144.1	QIZ21485.1	97.802	91	2	0	1	91	1	91	7.24e-58	181
MDB9827147.1	QIZ21517.1	69.444	72	21	1	1	71	1	72	6.84e-31	99.0
MDB9827148.1	QIZ21516.1	97.217	539	15	0	1	539	1	539	0.0	1095
MDB9827149.1	QIZ21515.1	98.107	317	6	0	1	317	1	317	0.0	639
MDB9827150.1	QIZ21514.1	95.582	249	11	0	1	249	1	249	1.80e-173	473
MDB9827151.1	QIZ21513.1	98.519	810	12	0	1	810	1	810	0.0	1660
MDB9827152.1	QIZ21512.1	65.060	166	58	0	1	166	1	166	7.90e-74	214
MDB9827153.1	QIZ21511.1	86.243	189	26	0	1	189	1	189	6.39e-124	343
MDB9827155.1	QIZ21510.1	77.536	138	31	0	1	138	1	138	2.41e-79	226
MDB9827156.1	QIZ21509.1	98.084	261	5	0	1	261	1	261	0.0	518
MDB9827157.1	QIZ21508.1	98.387	124	2	0	1	124	1	124	1.16e-91	256
MDB9827158.1	QIZ21507.1	73.134	134	36	0	1	134	1	134	1.49e-71	206
MDB9827160.1	QIZ21506.1	73.367	398	106	0	1	398	1	398	0.0	636
MDB9827161.1	QIZ21505.1	98.760	242	3	0	1	242	1	242	9.76e-179	486
MDB9827162.1	QIZ21504.1	97.788	452	10	0	1	452	1	452	0.0	926
MDB9827163.1	QIZ21503.1	98.895	181	2	0	1	181	1	181	6.20e-127	350
MDB9827165.1	QIZ20622.1	94.198	293	17	0	1	293	1	293	0.0	513
MDB9827166.1	QIZ20623.1	81.761	159	29	0	1	159	1	159	7.36e-88	249
MDB9827167.1	QIZ20624.1	98.291	468	8	0	1	468	1	468	0.0	960
MDB9827169.1	QIZ20625.1	100.000	110	0	0	1	110	1	110	5.67e-78	221
MDB9827170.1	QIZ20626.1	97.959	98	2	0	1	98	1	98	6.65e-68	194
MDB9827171.1	QIZ20627.1	82.353	153	27	0	1	153	1	153	5.37e-94	265
MDB9827172.1	QIZ20628.1	82.178	404	72	0	1	404	1	404	0.0	723
MDB9827173.1	QIZ20629.1	57.041	419	167	3	2	413	3	415	1.57e-166	469
MDB9827174.1	QIZ20630.1	80.247	243	48	0	1	243	1	243	2.71e-140	389
MDB9827175.1	QIZ20631.1	92.083	480	38	0	1	480	1	480	0.0	927
MDB9827176.1	QIZ20632.1	96.454	141	5	0	1	141	1	141	2.03e-99	277
MDB9827177.1	QIZ20633.1	97.706	218	5	0	1	218	1	218	5.43e-163	444
MDB9827178.1	QIZ20634.1	88.000	375	45	0	1	375	1	375	0.0	666
MDB9827179.1	QIZ20635.1	92.910	409	29	0	1	409	1	409	0.0	754
MDB9827180.1	QIZ20636.1	94.595	185	10	0	1	185	546	730	4.47e-120	352
MDB9827181.1	QIZ20435.1	88.535	314	36	0	1	314	160	473	0.0	538
MDB9827182.1	QIZ20436.1	92.562	484	36	0	1	484	1	484	0.0	868
MDB9827183.1	QIZ20437.1	92.632	190	14	0	1	190	1	190	4.92e-130	358
MDB9827184.1	QIZ20438.1	93.030	330	23	0	1	330	1	330	0.0	620
MDB9827185.1	QIZ20439.1	90.494	263	25	0	1	263	1	263	2.29e-162	446
MDB9827186.1	QIZ20440.1	96.000	225	9	0	1	225	1	225	1.82e-160	438
MDB9827187.1	QIZ20441.1	85.870	460	65	0	1	460	1	460	0.0	815
MDB9827188.1	QIZ20442.1	67.473	372	121	0	1	372	1	372	1.24e-175	489
MDB9827189.1	QIZ20443.1	61.597	263	99	1	1	263	1	261	2.49e-95	276
MDB9827190.1	QIZ20444.1	65.637	259	89	0	1	259	1	259	2.97e-124	350
MDB9827191.1	QIZ20445.1	66.258	326	110	0	1	326	1	326	7.60e-155	432
MDB9827192.1	QIZ20446.1	84.138	145	23	0	5	149	2	146	1.14e-92	261
MDB9827195.1	QIZ20448.1	63.212	386	141	1	4	388	3	388	5.30e-169	473
MDB9827196.1	QIZ20449.1	63.470	219	70	4	1	212	1	216	1.01e-77	228
MDB9827197.1	QIZ20450.1	62.222	225	85	0	1	225	1	225	1.86e-92	266
MDB9827198.1	QIZ20451.1	87.283	173	22	0	1	173	11	183	5.35e-110	307
MDB9827199.1	QIZ20452.1	96.466	283	10	0	1	283	1	283	0.0	540
MDB9827201.1	QIZ20453.1	96.249	1093	41	0	1	1093	46	1138	0.0	2144
MDB9827202.1	QIZ21401.1	97.598	333	8	0	1	333	1	333	0.0	673
MDB9827203.1	QIZ21400.1	89.389	311	33	0	1	311	1	311	0.0	497
MDB9827204.1	QIZ21399.1	90.021	471	46	1	1	470	1	471	0.0	837
MDB9827205.1	QIZ21398.1	98.361	61	1	0	1	61	1	61	5.08e-38	116
MDB9827206.1	QIZ21397.1	99.308	289	2	0	1	289	1	289	0.0	571
MDB9827207.1	QIZ21396.1	97.541	366	9	0	1	366	1	366	0.0	728
MDB9827208.1	QIZ21395.1	98.175	274	5	0	1	274	1	274	0.0	542
MDB9827210.1	QIZ21388.1	90.159	315	31	0	1	315	1	315	0.0	602
MDB9827215.1	QIZ21387.1	95.671	462	20	0	1	462	1	462	0.0	887
MDB9827216.1	QIZ21386.1	77.433	483	109	0	1	483	1	483	0.0	693
MDB9827217.1	QIZ21385.1	96.903	678	21	0	1	678	1	678	0.0	1346
MDB9827218.1	QIZ21384.1	92.021	564	45	0	1	564	1	564	0.0	1045
MDB9827219.1	QIZ21383.1	93.939	627	38	0	1	627	50	676	0.0	1180
MDB9827222.1	QIZ21401.1	31.974	613	363	15	7	605	8	580	1.30e-85	275
MDB9827223.1	QIZ20846.1	32.806	253	145	6	32	283	36	264	2.97e-27	105
MDB9827226.1	QIZ20804.1	37.563	197	113	5	2	191	8	201	1.14e-27	102
MDB9827228.1	QIZ20501.1	30.719	306	184	8	277	572	22	309	1.13e-29	115
MDB9827234.1	QIZ20846.1	35.714	238	145	2	16	252	40	270	7.17e-41	140
MDB9827235.1	QIZ21408.1	88.406	621	71	1	1	620	1	621	0.0	1142
MDB9827236.1	QIZ21407.1	88.439	173	20	0	1	173	1	173	6.29e-98	276
MDB9827237.1	QIZ21406.1	75.534	421	95	2	1	420	1	414	0.0	617
MDB9827238.1	QIZ21405.1	97.681	345	8	0	1	345	1	345	0.0	683
MDB9827239.1	QIZ21404.1	96.154	520	20	0	1	520	1	520	0.0	1039
MDB9827240.1	QIZ20556.1	36.214	243	142	4	318	556	40	273	2.53e-43	153
MDB9827240.1	QIZ20556.1	32.824	262	144	6	19	272	41	278	4.20e-34	128
MDB9827244.1	QIZ21403.1	99.115	339	3	0	1	339	1	339	0.0	688
MDB9827245.1	QIZ21402.1	94.505	182	10	0	1	182	1	182	4.37e-126	348
MDB9827246.1	QIZ21401.1	96.809	188	6	0	1	188	401	588	1.18e-135	387
MDB9827247.1	QIZ21234.1	92.671	614	12	1	1	581	1	614	0.0	1125
MDB9827248.1	QIZ21233.1	98.355	608	10	0	1	608	1	608	0.0	1218
MDB9827249.1	QIZ21232.1	97.209	215	6	0	1	215	1	215	2.85e-146	402
MDB9827250.1	QIZ21231.1	96.460	226	8	0	1	226	1	226	8.54e-162	442
MDB9827251.1	QIZ21230.1	92.570	323	24	0	1	323	1	323	0.0	600
MDB9827252.1	QIZ21229.1	94.533	439	24	0	1	439	1	439	0.0	798
MDB9827253.1	QIZ21228.1	98.936	470	5	0	1	470	1	470	0.0	952
MDB9827254.1	QIZ21227.1	96.667	120	4	0	1	120	1	120	1.04e-84	238
MDB9827255.1	QIZ21226.1	98.261	115	2	0	1	115	1	115	3.10e-80	226
MDB9827256.1	QIZ21225.1	93.333	180	12	0	1	180	1	180	7.34e-117	324
MDB9827259.1	QIZ21164.1	92.975	968	67	1	1	967	1	968	0.0	1885
MDB9827260.1	QIZ21163.1	98.282	291	5	0	1	291	1	291	0.0	575
MDB9827261.1	QIZ21161.1	98.438	320	5	0	1	320	1	320	0.0	630
MDB9827262.1	QIZ21160.1	97.586	497	12	0	1	497	1	497	0.0	1000
MDB9827263.1	QIZ21159.1	94.805	231	12	0	1	231	27	257	7.61e-167	456
MDB9827264.1	QIZ21158.1	97.966	590	12	0	1	590	1	590	0.0	1216
MDB9827265.1	QIZ21157.1	81.053	95	18	0	1	95	14	108	6.85e-46	139
MDB9827266.1	QIZ21320.1	100.000	216	0	0	1	216	122	337	1.12e-158	438
MDB9827267.1	QIZ21321.1	93.574	249	16	0	1	249	1	249	2.94e-175	478
MDB9827268.1	QIZ21322.1	74.667	225	30	2	1	198	1	225	2.16e-116	326
MDB9827269.1	QIZ21323.1	86.817	311	41	0	1	311	1	311	0.0	565
MDB9827270.1	QIZ21324.1	80.545	257	31	2	1	238	1	257	1.84e-142	395
MDB9827271.1	QIZ21325.1	78.161	174	38	0	1	174	1	174	2.21e-97	275
MDB9827272.1	QIZ21326.1	68.060	1603	472	16	1	1589	1	1577	0.0	2152
MDB9827273.1	QIZ21014.1	98.721	469	6	0	1	469	62	530	0.0	931
MDB9827274.1	QIZ21013.1	96.065	737	25	2	1	734	1	736	0.0	1401
MDB9827275.1	QIZ21012.1	92.623	122	9	0	1	122	1	122	3.24e-81	229
MDB9827276.1	QIZ21011.1	92.188	64	5	0	1	64	1	64	2.13e-38	117
MDB9827277.1	QIZ21010.1	97.529	688	17	0	1	688	1	688	0.0	1369
MDB9827279.1	QIZ21008.1	97.318	261	7	0	1	261	1	261	0.0	524
MDB9827280.1	QIZ21007.1	87.080	387	50	0	1	387	17	403	0.0	712
MDB9827281.1	QIZ20454.1	93.035	201	14	0	1	201	1	201	4.05e-134	371
MDB9827282.1	QIZ20455.1	93.902	410	25	0	1	410	1	410	0.0	724
MDB9827283.1	QIZ20456.1	95.721	444	19	0	1	444	1	444	0.0	871
MDB9827284.1	QIZ20457.1	97.531	81	2	0	1	81	1	81	7.37e-54	157
MDB9827285.1	QIZ20458.1	98.548	551	8	0	1	551	1	551	0.0	1122
MDB9827286.1	QIZ20459.1	91.935	248	20	0	1	248	1	248	3.82e-150	414
MDB9827287.1	QIZ20460.1	82.888	187	32	0	1	187	1	187	2.48e-110	308
MDB9827288.1	QIZ20461.1	86.200	471	65	0	1	471	1	471	0.0	778
MDB9827289.1	QIZ20462.1	90.476	336	32	0	1	336	162	497	0.0	617
MDB9827294.1	QIZ20795.1	39.349	338	183	2	2	322	4	336	6.00e-80	243
MDB9827297.1	QIZ21390.1	57.919	221	91	2	1	221	1	219	6.77e-87	252
MDB9827299.1	QIZ20636.1	82.709	347	60	0	1	347	1	347	1.22e-178	509
MDB9827300.1	QIZ20863.1	41.975	243	133	5	104	342	104	342	2.72e-54	177
MDB9827302.1	QIZ20637.1	94.147	598	27	1	1	590	1	598	0.0	1083
MDB9827303.1	QIZ20638.1	97.490	239	6	0	1	239	19	257	2.16e-173	473
MDB9827304.1	QIZ21176.1	91.111	45	4	0	1	45	136	180	7.04e-24	83.2
MDB9827305.1	QIZ21175.1	94.828	116	6	0	1	116	1	116	1.34e-76	218
MDB9827306.1	QIZ21174.1	96.306	379	14	0	1	379	1	379	0.0	735
MDB9827307.1	QIZ21173.1	95.570	158	7	0	1	158	1	158	6.12e-111	308
MDB9827308.1	QIZ21172.1	97.692	130	3	0	1	130	1	130	4.40e-87	245
MDB9827309.1	QIZ21171.1	98.941	472	5	0	1	472	1	472	0.0	947
MDB9827310.1	QIZ21170.1	98.625	291	4	0	1	291	1	291	0.0	581
MDB9827311.1	QIZ21169.1	99.217	511	4	0	1	511	1	511	0.0	1027
MDB9827312.1	QIZ21168.1	98.000	50	1	0	1	50	136	185	3.85e-31	102
MDB9827313.1	QIZ21437.1	97.165	388	11	0	1	388	1	388	0.0	800
MDB9827314.1	QIZ21436.1	98.974	195	2	0	1	195	1	195	5.19e-144	394
MDB9827315.1	QIZ21435.1	89.615	260	27	0	1	260	1	260	1.92e-174	477
MDB9827316.1	QIZ21434.1	96.146	493	19	0	1	493	1	493	0.0	979
MDB9827317.1	QIZ21433.1	53.333	285	133	0	1	285	1	285	1.04e-102	297
MDB9827318.1	QIZ21432.1	95.213	376	15	1	1	373	1	376	0.0	690
MDB9827319.1	QIZ21451.1	60.256	78	31	0	2	79	25	102	4.13e-27	93.2
MDB9827321.1	QIZ21450.1	97.345	113	3	0	1	113	1	113	1.28e-78	222
MDB9827322.1	QIZ21449.1	97.980	396	8	0	1	396	1	396	0.0	796
MDB9827323.1	QIZ21448.1	98.745	478	6	0	1	478	1	478	0.0	976
MDB9827324.1	QIZ21447.1	93.730	319	20	0	1	319	1	319	0.0	627
MDB9827325.1	QIZ21446.1	57.826	230	91	2	18	243	18	245	1.54e-91	265
MDB9827326.1	QIZ21445.1	70.561	214	63	0	1	214	1	214	2.32e-108	306
MDB9827327.1	QIZ20795.1	50.147	341	163	3	1	341	1	334	2.12e-114	331
MDB9827328.1	QIZ20796.1	58.280	314	127	2	2	315	1	310	1.85e-128	365
MDB9827329.1	QIZ20793.1	69.178	292	90	0	1	292	1	292	1.21e-149	417
MDB9827330.1	QIZ20792.1	100.000	41	0	0	1	41	1	41	1.01e-23	78.6
MDB9827332.1	QIZ20790.1	93.094	362	25	0	1	362	1	362	0.0	678
MDB9827333.1	QIZ20789.1	98.039	102	2	0	1	102	1	102	5.06e-70	200
MDB9827334.1	QIZ20788.1	96.310	271	10	0	1	271	1	271	0.0	502
MDB9827335.1	QIZ20257.1	98.758	161	2	0	1	161	1	161	8.59e-108	330
MDB9827336.1	QIZ20256.1	96.694	121	4	0	1	121	1	121	4.04e-77	219
MDB9827337.1	QIZ20255.1	87.349	166	21	0	1	166	1	166	1.49e-108	302
MDB9827338.1	QIZ20254.1	89.956	229	23	0	1	229	1	229	3.29e-149	410
MDB9827339.1	QIZ20253.1	95.035	141	7	0	1	141	1	141	3.13e-97	271
MDB9827340.1	QIZ20252.1	97.727	176	4	0	1	176	1	176	3.31e-125	345
MDB9827341.1	QIZ20251.1	100.000	63	0	0	1	63	1	63	8.54e-41	123
MDB9827342.1	QIZ20250.1	95.729	398	15	1	1	398	1	396	0.0	756
MDB9827344.1	QIZ20829.1	31.549	355	219	6	30	382	36	368	2.76e-44	153
MDB9827349.1	QIZ21255.1	96.875	64	2	0	1	64	1	64	1.72e-41	127
MDB9827350.1	QIZ21254.1	100.000	79	0	0	1	79	1	79	5.85e-57	165
MDB9827351.1	QIZ21253.1	88.172	279	33	0	1	279	1	279	0.0	514
MDB9827352.1	QIZ21252.1	96.914	324	10	0	1	324	1	324	0.0	638
MDB9827353.1	QIZ21251.1	91.045	134	12	0	1	134	1	134	4.65e-93	260
MDB9827354.1	QIZ21250.1	74.566	173	44	0	1	173	1	173	6.75e-96	275
MDB9827355.1	QIZ21369.1	95.906	171	7	0	1	171	1	171	2.16e-120	339
MDB9827356.1	QIZ21368.1	95.758	495	21	0	1	495	1	495	0.0	892
MDB9827357.1	QIZ21367.1	96.774	155	5	0	1	155	1	155	2.65e-113	313
MDB9827359.1	QIZ21235.1	98.739	555	7	0	1	555	1	555	0.0	1088
MDB9827360.1	QIZ21236.1	98.958	96	1	0	1	96	1	96	6.62e-65	186
MDB9827361.1	QIZ20257.1	97.426	1010	26	0	1	1010	349	1358	0.0	2014
MDB9827362.1	QIZ21167.1	96.439	337	12	0	1	337	1	337	0.0	659
MDB9827364.1	QIZ21366.1	89.062	64	7	0	1	64	1	64	4.89e-38	122
MDB9827365.1	QIZ21365.1	85.441	261	38	0	1	261	1	261	2.55e-175	479
MDB9827366.1	QIZ21364.1	89.848	197	20	0	1	197	1	197	1.22e-128	355
MDB9827368.1	QIZ21430.1	91.941	273	22	0	1	273	1	273	4.01e-173	479
MDB9827369.1	QIZ21429.1	94.582	443	24	0	1	443	1	443	0.0	816
MDB9827370.1	QIZ21382.1	57.456	228	97	0	18	245	19	246	1.17e-96	280
MDB9827371.1	QIZ21381.1	80.392	306	60	0	1	306	1	306	1.89e-180	496
MDB9827372.1	QIZ21380.1	79.141	163	34	0	1	163	207	369	6.41e-85	249
MDB9827373.1	QIZ21016.1	88.608	316	36	0	1	316	202	517	0.0	539
MDB9827374.1	QIZ21015.1	95.681	301	13	0	1	301	1	301	0.0	574
MDB9827375.1	QIZ21015.1	94.681	94	5	0	1	94	296	389	7.96e-62	188
MDB9827376.1	QIZ21259.1	99.117	453	4	0	1	453	1	453	0.0	892
MDB9827377.1	QIZ21258.1	93.852	244	15	0	1	244	28	271	3.91e-169	463
MDB9827378.1	QIZ20218.1	94.474	380	21	0	1	380	1	380	0.0	743
MDB9827379.1	QIZ20220.1	100.000	60	0	0	1	60	425	484	8.07e-37	123
