MDB2485245.1	QIZ21029.1	93.393	333	22	0	1	333	1	333	0.0	610
MDB2485246.1	QIZ21028.1	92.683	287	21	0	1	287	1	287	0.0	516
MDB2485247.1	QIZ21027.1	94.416	197	11	0	1	197	1	197	6.92e-135	371
MDB2485248.1	QIZ21026.1	96.452	761	27	0	1	761	1	761	0.0	1509
MDB2485249.1	QIZ21025.1	91.929	508	41	0	1	508	1	508	0.0	902
MDB2485250.1	QIZ21024.1	94.595	333	18	0	1	333	1	333	0.0	645
MDB2485251.1	QIZ21023.1	93.889	180	11	0	1	180	1	180	4.97e-122	337
MDB2485253.1	QIZ21022.1	89.759	332	34	0	1	332	1	332	0.0	617
MDB2485254.1	QIZ21021.1	93.750	128	8	0	1	128	1	128	2.72e-84	238
MDB2485255.1	QIZ21020.1	99.265	136	1	0	1	136	1	136	2.04e-97	271
MDB2485256.1	QIZ21019.1	95.067	446	22	0	1	446	10	455	0.0	840
MDB2485257.1	QIZ21018.1	98.489	331	5	0	1	331	1	331	0.0	659
MDB2485258.1	QIZ21017.1	91.503	153	13	0	1	153	1	153	1.02e-87	248
MDB2485259.1	QIZ21016.1	90.581	499	47	0	16	514	19	517	0.0	853
MDB2485260.1	QIZ21015.1	97.938	388	8	0	1	388	1	388	0.0	789
MDB2485261.1	QIZ21014.1	99.245	530	4	0	1	530	1	530	0.0	1054
MDB2485262.1	QIZ21013.1	97.151	737	17	2	1	734	1	736	0.0	1432
MDB2485263.1	QIZ21012.1	96.721	122	4	0	1	122	1	122	4.51e-85	239
MDB2485264.1	QIZ21011.1	100.000	82	0	0	1	82	1	82	9.37e-56	162
MDB2485265.1	QIZ21010.1	97.536	690	17	0	1	690	1	690	0.0	1373
MDB2485266.1	QIZ21009.1	89.600	125	13	0	1	125	1	125	2.70e-84	238
MDB2485267.1	QIZ21008.1	97.701	261	6	0	1	261	1	261	0.0	525
MDB2485268.1	QIZ21007.1	87.841	403	49	0	1	403	1	403	0.0	748
MDB2485269.1	QIZ21006.1	98.193	166	3	0	1	166	1	166	1.31e-120	333
MDB2485270.1	QIZ21005.1	95.035	141	7	0	1	141	1	141	1.88e-98	275
MDB2485271.1	QIZ21004.1	98.551	138	2	0	1	138	1	138	4.64e-100	278
MDB2485272.1	QIZ21003.1	98.194	443	8	0	1	443	1	443	0.0	909
MDB2485273.1	QIZ21002.1	94.416	197	11	0	1	197	1	197	9.67e-139	381
MDB2485274.1	QIZ21001.1	93.289	149	10	0	1	149	1	149	2.64e-98	275
MDB2485275.1	QIZ21000.1	96.414	251	9	0	1	251	1	251	2.31e-175	478
MDB2485276.1	QIZ20999.1	95.172	145	7	0	1	145	1	145	1.40e-101	283
MDB2485277.1	QIZ20998.1	93.017	401	28	0	1	401	1	401	0.0	765
MDB2485278.1	QIZ20997.1	97.701	522	12	0	1	522	1	522	0.0	1033
MDB2485279.1	QIZ20996.1	96.581	234	8	0	1	234	1	234	8.91e-172	468
MDB2485280.1	QIZ20995.1	94.425	287	16	0	1	287	1	287	0.0	509
MDB2485281.1	QIZ20994.1	100.000	86	0	0	1	86	1	86	4.66e-55	160
MDB2485282.1	QIZ20993.1	97.447	470	12	0	1	470	1	470	0.0	925
MDB2485283.1	QIZ20992.1	98.649	370	5	0	1	370	1	370	0.0	728
MDB2485284.1	QIZ20991.1	93.133	233	16	0	1	233	1	233	4.04e-150	413
MDB2485285.1	QIZ20990.1	94.802	404	21	0	1	404	1	404	0.0	767
MDB2485286.1	QIZ20988.1	92.982	171	12	0	1	171	1	171	3.33e-117	325
MDB2485287.1	QIZ20987.1	86.567	67	9	0	1	67	1	67	4.33e-28	91.7
MDB2485288.1	QIZ20986.1	87.037	216	28	0	1	216	1	216	2.27e-146	402
MDB2485289.1	QIZ20985.1	96.809	188	6	0	1	188	1	188	8.31e-140	383
MDB2485290.1	QIZ20984.1	98.305	177	3	0	1	177	1	177	1.09e-124	344
MDB2485291.1	QIZ20983.1	92.453	159	12	0	1	159	1	159	8.92e-99	277
MDB2485292.1	QIZ20982.1	94.949	198	10	0	1	198	1	198	6.61e-136	374
MDB2485293.1	QIZ20981.1	96.831	568	18	0	1	568	1	568	0.0	1107
MDB2485294.1	QIZ20980.1	91.776	304	25	0	1	304	1	304	0.0	499
MDB2485295.1	QIZ20979.1	99.074	108	1	0	1	108	1	108	3.71e-75	213
MDB2485296.1	QIZ20978.1	92.199	141	11	0	1	141	1	141	3.90e-91	256
MDB2485297.1	QIZ20977.1	94.994	799	40	0	1	799	3	801	0.0	1552
MDB2485298.1	QIZ21085.1	25.155	644	439	17	30	648	55	680	2.39e-46	170
MDB2485299.1	QIZ21314.1	28.158	380	235	16	1	354	3	370	2.29e-34	127
MDB2485302.1	QIZ20976.1	96.454	141	5	0	1	141	1	141	4.47e-100	279
MDB2485303.1	QIZ20975.1	93.924	395	24	0	1	395	1	395	0.0	767
MDB2485304.1	QIZ20974.1	97.826	1012	22	0	1	1012	1	1012	0.0	2063
MDB2485305.1	QIZ20973.1	93.853	423	26	0	1	423	1	423	0.0	800
MDB2485306.1	QIZ20972.1	97.288	295	8	0	1	295	1	295	0.0	573
MDB2485307.1	QIZ20971.1	92.083	240	19	0	1	240	1	240	3.80e-154	425
MDB2485308.1	QIZ20970.1	98.121	479	9	0	1	479	1	479	0.0	966
MDB2485309.1	QIZ20969.1	97.935	1501	31	0	1	1501	1	1501	0.0	3046
MDB2485310.1	QIZ20968.1	91.753	291	24	0	1	291	1	291	0.0	531
MDB2485311.1	QIZ20967.1	91.633	251	21	0	1	251	1	251	9.08e-160	439
MDB2485312.1	QIZ20966.1	93.750	384	24	0	1	384	1	384	0.0	711
MDB2485313.1	QIZ20965.1	98.433	638	10	0	1	638	1	638	0.0	1300
MDB2485314.1	QIZ20964.1	99.448	181	1	0	1	181	1	181	5.56e-133	365
MDB2485315.1	QIZ20963.1	98.529	68	1	0	1	68	1	68	1.82e-44	132
MDB2485316.1	QIZ20962.1	97.458	118	3	0	1	118	1	118	5.33e-84	236
MDB2485317.1	QIZ20961.1	94.648	355	19	0	1	355	1	355	0.0	701
MDB2485318.1	QIZ20960.1	82.793	802	138	0	1	802	1	802	0.0	1319
MDB2485319.1	QIZ20959.1	98.997	598	6	0	1	598	4	601	0.0	1210
MDB2485320.1	QIZ20952.1	98.686	685	9	0	1	685	1	685	0.0	1379
MDB2485321.1	QIZ20951.1	90.845	426	39	0	1	426	1	426	0.0	744
MDB2485322.1	QIZ20950.1	97.342	602	16	0	1	602	1	602	0.0	1179
MDB2485323.1	QIZ20949.1	99.074	324	3	0	1	324	1	324	0.0	669
MDB2485324.1	QIZ20948.1	98.857	175	2	0	1	175	1	175	9.61e-130	357
MDB2485325.1	QIZ20947.1	96.512	86	3	0	1	86	10	95	2.85e-54	159
MDB2485326.1	QIZ20946.1	94.565	368	20	0	1	368	1	368	0.0	653
MDB2485327.1	QIZ20945.1	97.647	170	4	0	1	170	1	170	3.54e-120	332
MDB2485328.1	QIZ20944.1	93.345	586	39	0	1	586	1	586	0.0	1069
MDB2485329.1	QIZ20943.1	97.674	172	4	0	1	172	1	172	5.63e-124	342
MDB2485330.1	QIZ20942.1	95.484	310	14	0	1	310	1	310	0.0	601
MDB2485331.1	QIZ20941.1	94.715	246	13	0	1	246	1	246	4.09e-174	474
MDB2485332.1	QIZ20940.1	97.484	159	4	0	1	159	1	159	7.47e-115	318
MDB2485333.1	QIZ20939.1	94.822	309	16	0	1	309	1	309	0.0	613
MDB2485334.1	QIZ21069.1	70.968	62	18	0	1	62	1	62	5.32e-31	98.6
MDB2485335.1	QIZ20937.1	97.656	384	9	0	1	384	1	384	0.0	759
MDB2485336.1	QIZ20936.1	99.636	275	1	0	1	275	1	275	0.0	563
MDB2485337.1	QIZ20935.1	98.655	223	3	0	1	223	1	223	4.27e-163	445
MDB2485338.1	QIZ20934.1	84.722	288	44	0	1	288	1	288	1.31e-173	477
MDB2485339.1	QIZ20933.1	96.774	558	18	0	1	558	1	558	0.0	1110
MDB2485340.1	QIZ20932.1	97.590	83	2	0	1	83	1	83	7.54e-57	165
MDB2485341.1	QIZ20931.1	94.737	114	6	0	1	114	1	114	2.41e-72	206
MDB2485342.1	QIZ20930.1	100.000	54	0	0	1	54	1	54	3.72e-33	103
MDB2485343.1	QIZ20929.1	80.753	239	46	0	1	239	1	239	8.45e-143	395
MDB2485344.1	QIZ20928.1	100.000	65	0	0	10	74	1	65	4.74e-43	129
MDB2485345.1	QIZ20927.1	97.297	185	5	0	1	185	1	185	4.31e-133	366
MDB2485346.1	QIZ20926.1	95.683	417	18	0	1	417	1	417	0.0	795
MDB2485347.1	QIZ20925.1	97.710	131	3	0	1	131	1	131	1.63e-90	254
MDB2485348.1	QIZ20924.1	96.729	428	14	0	1	428	1	428	0.0	827
MDB2485349.1	QIZ20923.1	100.000	71	0	0	1	71	1	71	2.42e-50	147
MDB2485350.1	QIZ21496.1	75.385	65	16	0	3	67	2	66	5.04e-32	101
MDB2485351.1	QIZ20922.1	70.021	467	136	3	1	465	1	465	0.0	643
MDB2485352.1	QIZ20921.1	46.991	349	180	3	1	348	1	345	8.28e-111	322
MDB2485353.1	QIZ20920.1	51.528	229	110	1	1	229	1	228	1.43e-77	229
MDB2485355.1	QIZ20910.1	76.991	113	25	1	13	124	13	125	1.25e-63	185
MDB2485356.1	QIZ20911.1	70.899	189	50	2	1	187	1	186	5.30e-99	280
MDB2485365.1	QIZ20758.1	25.670	261	158	10	36	277	25	268	2.89e-21	87.0
MDB2485369.1	QIZ20908.1	54.148	229	98	3	1	222	1	229	1.76e-77	229
MDB2485370.1	QIZ20898.1	36.059	477	294	7	3	475	4	473	2.30e-100	305
MDB2485371.1	QIZ20897.1	59.813	107	40	2	1	105	1	106	6.38e-43	132
MDB2485372.1	QIZ20896.1	47.887	426	214	6	1	422	1	422	2.58e-138	398
MDB2485373.1	QIZ20895.1	90.260	308	30	0	1	308	1	308	0.0	591
MDB2485374.1	QIZ20894.1	99.245	265	2	0	1	265	1	265	0.0	525
MDB2485375.1	QIZ20893.1	97.805	410	9	0	1	410	1	410	0.0	827
MDB2485376.1	QIZ20892.1	94.258	209	12	0	1	209	1	209	5.83e-144	395
MDB2485377.1	QIZ20891.1	93.913	230	14	0	1	230	1	230	1.77e-157	431
MDB2485378.1	QIZ20890.1	97.895	95	2	0	1	95	1	95	1.91e-65	187
MDB2485379.1	QIZ20889.1	98.785	576	7	0	1	576	1	576	0.0	1152
MDB2485380.1	QIZ20888.1	95.146	206	10	0	12	217	12	217	1.55e-136	377
MDB2485381.1	QIZ20887.1	93.853	423	26	0	19	441	19	441	0.0	771
MDB2485382.1	QIZ20886.1	89.922	258	26	0	1	258	1	258	1.34e-173	474
MDB2485383.1	QIZ20885.1	88.144	194	23	0	1	194	1	194	1.36e-119	332
MDB2485384.1	QIZ20884.1	97.214	323	9	0	1	323	1	323	0.0	618
MDB2485385.1	QIZ20883.1	96.552	203	7	0	1	203	1	203	2.27e-146	401
MDB2485386.1	QIZ20882.1	95.031	322	16	0	1	322	1	322	0.0	634
MDB2485387.1	QIZ20881.1	95.181	166	8	0	1	166	1	166	7.05e-118	326
MDB2485388.1	QIZ20880.1	92.222	270	21	0	1	270	1	270	4.22e-167	459
MDB2485389.1	QIZ20879.1	97.165	388	11	0	1	388	1	388	0.0	768
MDB2485390.1	QIZ20878.1	97.087	309	9	0	1	309	1	309	0.0	610
MDB2485391.1	QIZ20877.1	94.972	179	9	0	1	179	11	189	4.53e-126	348
MDB2485392.1	QIZ20876.1	94.309	246	14	0	1	246	1	246	3.01e-160	439
MDB2485393.1	QIZ20875.1	96.739	276	9	0	1	276	1	276	0.0	551
MDB2485394.1	QIZ20874.1	96.948	557	17	0	1	557	1	557	0.0	1079
MDB2485395.1	QIZ20873.1	97.143	105	3	0	1	105	1	105	2.68e-69	198
MDB2485396.1	QIZ20872.1	99.015	203	2	0	1	203	1	203	1.26e-148	407
MDB2485397.1	QIZ20871.1	93.014	730	43	1	1	722	4	733	0.0	1417
MDB2485398.1	QIZ20870.1	94.565	368	20	0	1	368	1	368	0.0	716
MDB2485399.1	QIZ20869.1	73.214	112	22	3	1	111	744	848	4.59e-47	156
MDB2485400.1	QIZ20636.1	94.297	263	15	0	1	263	468	730	9.34e-174	493
MDB2485401.1	QIZ20635.1	96.333	409	15	0	1	409	1	409	0.0	796
MDB2485402.1	QIZ20634.1	90.400	375	36	0	1	375	1	375	0.0	691
MDB2485403.1	QIZ20633.1	100.000	218	0	0	1	218	1	218	1.53e-167	456
MDB2485404.1	QIZ20632.1	95.745	141	6	0	1	141	1	141	4.78e-99	276
MDB2485405.1	QIZ20631.1	91.875	480	39	0	1	480	1	480	0.0	927
MDB2485406.1	QIZ20630.1	79.424	243	50	0	1	243	1	243	6.80e-140	388
MDB2485407.1	QIZ20629.1	60.644	404	158	1	1	403	12	415	1.08e-166	469
MDB2485408.1	QIZ20628.1	82.426	404	71	0	1	404	1	404	0.0	727
MDB2485409.1	QIZ20627.1	85.897	156	22	0	1	156	1	156	2.11e-98	276
MDB2485410.1	QIZ20626.1	98.980	98	1	0	1	98	1	98	4.33e-68	194
MDB2485411.1	QIZ20625.1	99.091	110	1	0	1	110	1	110	8.51e-78	220
MDB2485413.1	QIZ20624.1	99.573	468	2	0	1	468	1	468	0.0	969
MDB2485414.1	QIZ20623.1	88.679	159	18	0	1	159	1	159	5.52e-95	267
MDB2485415.1	QIZ20622.1	97.627	295	7	0	1	295	1	295	0.0	563
MDB2485416.1	QIZ20621.1	93.046	302	21	0	1	302	1	302	0.0	560
MDB2485417.1	QIZ20620.1	93.878	196	12	0	1	196	1	196	6.33e-126	348
MDB2485418.1	QIZ20619.1	92.339	248	19	0	1	248	1	248	1.38e-139	387
MDB2485419.1	QIZ20618.1	95.181	166	8	0	1	166	1	166	2.72e-109	304
MDB2485420.1	QIZ20617.1	97.531	81	2	0	1	81	1	81	2.93e-57	166
MDB2485421.1	QIZ20616.1	97.115	520	15	0	57	576	62	581	0.0	1044
MDB2485422.1	QIZ20615.1	94.783	115	6	0	1	115	1	115	2.25e-81	229
MDB2485423.1	QIZ20614.1	98.413	189	3	0	1	189	1	189	1.47e-133	367
MDB2485424.1	QIZ20613.1	98.007	301	6	0	1	301	1	301	0.0	605
MDB2485425.1	QIZ20612.1	94.000	150	9	0	1	150	1	150	6.04e-93	261
MDB2485426.1	QIZ20611.1	78.571	84	18	0	1	84	1	84	2.40e-38	119
MDB2485429.1	QIZ20739.1	41.810	232	135	0	2	233	25	256	9.04e-73	218
MDB2485438.1	QIZ21483.1	34.595	370	198	12	37	387	34	378	9.44e-56	184
MDB2485444.1	QIZ20642.1	45.618	445	236	5	2	446	3	441	5.56e-124	375
MDB2485445.1	QIZ20706.1	33.476	233	153	2	4	234	13	245	1.69e-45	149
MDB2485453.1	QIZ20579.1	44.954	109	60	0	1	109	1	109	5.62e-30	99.8
MDB2485454.1	QIZ20610.1	95.028	181	9	0	1	181	1	181	1.26e-127	352
MDB2485455.1	QIZ20609.1	96.667	330	11	0	1	330	1	330	0.0	654
MDB2485456.1	QIZ20608.1	94.946	277	14	0	1	277	1	277	0.0	521
MDB2485457.1	QIZ20607.1	99.074	108	1	0	1	108	1	108	2.49e-76	216
MDB2485458.1	QIZ20606.1	98.542	480	7	0	1	480	1	480	0.0	977
MDB2485459.1	QIZ20605.1	98.977	391	4	0	1	391	1	391	0.0	806
MDB2485460.1	QIZ20604.1	100.000	331	0	0	1	331	1	331	0.0	664
MDB2485461.1	QIZ20603.1	100.000	323	0	0	1	323	1	323	0.0	656
MDB2485462.1	QIZ20602.1	99.408	169	1	0	1	169	1	169	4.61e-114	317
MDB2485463.1	QIZ20601.1	99.596	495	2	0	1	495	1	495	0.0	962
MDB2485464.1	QIZ20600.1	97.177	248	7	0	1	248	1	248	0.0	497
MDB2485465.1	QIZ20599.1	98.667	300	4	0	1	300	1	300	0.0	610
MDB2485466.1	QIZ20598.1	100.000	419	0	0	1	419	1	419	0.0	855
MDB2485467.1	QIZ20597.1	100.000	290	0	0	1	290	1	290	0.0	580
MDB2485468.1	QIZ20596.1	99.000	300	3	0	1	300	1	300	0.0	596
MDB2485469.1	QIZ20595.1	98.361	366	6	0	1	366	1	366	0.0	736
MDB2485470.1	QIZ20594.1	98.814	253	3	0	1	253	1	253	0.0	519
MDB2485471.1	QIZ20593.1	97.970	591	12	0	1	591	1	591	0.0	1204
MDB2485472.1	QIZ20592.1	95.951	247	10	0	1	247	1	247	0.0	493
MDB2485473.1	QIZ20591.1	96.071	280	11	0	1	280	1	280	0.0	556
MDB2485474.1	QIZ20590.1	94.198	293	17	0	1	293	1	293	7.10e-180	493
MDB2485475.1	QIZ20589.1	94.810	289	15	0	1	289	1	289	0.0	557
MDB2485476.1	QIZ20588.1	92.143	280	22	0	1	280	1	280	0.0	538
MDB2485478.1	QIZ20587.1	99.149	235	2	0	1	235	1	235	6.93e-162	443
MDB2485479.1	QIZ20586.1	100.000	193	0	0	1	193	1	193	1.49e-142	390
MDB2485480.1	QIZ20585.1	95.149	268	13	0	1	268	1	268	0.0	515
MDB2485481.1	QIZ20584.1	90.323	186	18	0	1	186	1	186	2.33e-125	346
MDB2485482.1	QIZ20583.1	87.826	115	14	0	1	115	1	115	1.27e-74	213
MDB2485483.1	QIZ20581.1	72.000	75	21	0	1	75	1	75	1.93e-35	110
MDB2485484.1	QIZ20579.1	99.091	110	1	0	1	110	1	110	1.19e-72	207
MDB2485485.1	QIZ20577.1	86.792	106	14	0	1	106	1	106	9.57e-68	194
MDB2485486.1	QIZ20576.1	97.959	98	2	0	1	98	1	98	2.31e-66	190
MDB2485488.1	QIZ20563.1	46.316	285	145	5	27	306	13	294	1.09e-77	236
MDB2485489.1	QIZ20575.1	99.138	116	1	0	1	116	1	116	1.55e-84	238
MDB2485490.1	QIZ20574.1	98.113	106	2	0	17	122	17	122	4.50e-76	217
MDB2485491.1	QIZ20573.1	95.789	95	4	0	1	95	1	95	1.92e-67	193
MDB2485492.1	QIZ20572.1	100.000	127	0	0	1	127	1	127	1.81e-95	266
MDB2485493.1	QIZ20571.1	98.958	96	1	0	9	104	1	96	4.48e-68	195
MDB2485494.1	QIZ20570.1	97.101	138	4	0	1	138	1	138	1.29e-99	277
MDB2485495.1	QIZ20569.1	97.598	333	8	0	1	333	1	333	0.0	655
MDB2485496.1	QIZ20568.1	91.667	192	16	0	1	192	1	192	3.38e-132	364
MDB2485497.1	QIZ20567.1	87.407	135	17	0	1	135	1	135	1.26e-92	259
MDB2485498.1	QIZ20566.1	87.975	158	19	0	1	158	1	158	5.03e-103	288
MDB2485499.1	QIZ20565.1	97.251	291	8	0	1	291	1	291	0.0	580
MDB2485500.1	QIZ20564.1	44.615	260	117	8	1	240	1	253	1.84e-54	171
MDB2485501.1	QIZ20309.1	34.456	386	221	12	13	384	17	384	1.33e-61	201
MDB2485503.1	QIZ20563.1	96.066	305	12	0	16	320	1	305	0.0	591
MDB2485504.1	QIZ20562.1	98.377	493	8	0	1	493	1	493	0.0	995
MDB2485505.1	QIZ20561.1	97.688	346	8	0	1	346	1	346	0.0	697
MDB2485506.1	QIZ20560.1	99.297	427	3	0	1	427	1	427	0.0	811
MDB2485507.1	QIZ20559.1	99.338	151	1	0	1	151	19	169	1.33e-109	304
MDB2485508.1	QIZ20557.1	99.375	320	2	0	1	320	1	320	0.0	653
MDB2485509.1	QIZ20556.1	96.286	350	13	0	1	350	1	350	0.0	681
MDB2485510.1	QIZ20555.1	96.407	501	18	0	1	501	1	501	0.0	984
MDB2485511.1	QIZ20554.1	82.000	200	36	0	1	200	1	200	7.73e-115	321
MDB2485513.1	QIZ21162.1	47.680	388	199	2	1	386	1	386	5.98e-128	369
MDB2485514.1	QIZ21163.1	50.512	293	140	2	1	292	1	289	4.33e-99	288
MDB2485515.1	QIZ20553.1	90.187	428	42	0	1	428	1	428	0.0	791
MDB2485516.1	QIZ20552.1	96.700	303	10	0	1	303	1	303	0.0	587
MDB2485517.1	QIZ20551.1	90.789	380	35	0	1	380	1	380	0.0	709
MDB2485518.1	QIZ20550.1	93.155	336	23	0	1	336	1	336	0.0	616
MDB2485519.1	QIZ20549.1	97.802	637	14	0	1	637	1	637	0.0	1261
MDB2485520.1	QIZ20548.1	99.623	265	1	0	1	265	1	265	0.0	537
MDB2485521.1	QIZ20547.1	100.000	314	0	0	1	314	1	314	0.0	631
MDB2485522.1	QIZ20546.1	98.884	448	5	0	1	448	1	448	0.0	929
MDB2485523.1	QIZ20545.1	97.027	370	11	0	1	370	1	370	0.0	727
MDB2485524.1	QIZ20544.1	95.808	167	7	0	1	167	1	167	3.24e-118	327
MDB2485525.1	QIZ20542.1	50.422	474	232	1	3	473	2	475	5.24e-159	456
MDB2485526.1	QIZ20541.1	85.852	311	44	0	1	311	1	311	0.0	542
MDB2485527.1	QIZ20540.1	92.157	255	20	0	1	255	1	255	3.26e-172	471
MDB2485528.1	QIZ20539.1	97.082	377	11	0	1	377	1	377	0.0	743
MDB2485529.1	QIZ20538.1	100.000	91	0	0	1	91	1	91	2.32e-63	182
MDB2485530.1	QIZ20537.1	64.896	433	152	0	1	433	1	433	0.0	527
MDB2485531.1	QIZ20536.1	87.500	152	19	0	1	152	1	152	4.91e-75	217
MDB2485533.1	QIZ21139.1	99.163	239	2	0	1	239	21	259	6.13e-170	466
MDB2485534.1	QIZ21138.1	98.305	59	1	0	1	59	1	59	9.04e-38	115
MDB2485535.1	QIZ21137.1	99.101	445	4	0	1	445	1	445	0.0	910
MDB2485536.1	QIZ21136.1	100.000	453	0	0	1	453	1	453	0.0	894
MDB2485537.1	QIZ21135.1	97.436	195	5	0	1	195	1	195	7.62e-144	394
MDB2485538.1	QIZ21134.1	99.481	385	2	0	1	385	1	385	0.0	795
MDB2485540.1	QIZ21133.1	91.597	357	30	0	1	357	1	357	0.0	681
MDB2485541.1	QIZ21132.1	95.543	359	16	0	1	359	1	359	0.0	690
MDB2485542.1	QIZ21131.1	99.291	282	2	0	1	282	1	282	0.0	551
MDB2485543.1	QIZ21130.1	98.252	286	5	0	1	286	1	286	0.0	562
MDB2485544.1	QIZ21129.1	98.826	511	6	0	1	511	1	511	0.0	1045
MDB2485545.1	QIZ21128.1	99.433	353	2	0	1	353	1	353	0.0	708
MDB2485546.1	QIZ21127.1	90.608	362	32	1	1	362	1	360	0.0	636
MDB2485547.1	QIZ21126.1	92.840	405	26	1	1	405	1	402	0.0	682
MDB2485548.1	QIZ21125.1	91.798	317	26	0	1	317	1	317	0.0	601
MDB2485551.1	QIZ21124.1	33.492	421	271	6	57	473	41	456	5.31e-74	237
MDB2485552.1	QIZ21123.1	97.150	386	11	0	1	386	1	386	0.0	783
MDB2485553.1	QIZ21122.1	90.601	383	36	0	1	383	1	383	0.0	743
MDB2485554.1	QIZ21120.1	61.151	139	54	0	19	157	31	169	3.12e-62	185
MDB2485555.1	QIZ21119.1	89.831	118	12	0	1	118	1	118	5.56e-66	191
MDB2485556.1	QIZ21118.1	90.173	173	17	0	1	173	1	173	2.15e-115	320
MDB2485557.1	QIZ21117.1	95.200	625	30	0	1	625	1	625	0.0	1118
MDB2485558.1	QIZ21116.1	96.377	138	5	0	1	138	1	138	2.86e-95	266
MDB2485559.1	QIZ21115.1	94.667	75	4	0	1	75	1	75	2.30e-49	145
MDB2485560.1	QIZ21114.1	96.186	236	9	0	1	236	1	236	7.43e-168	458
MDB2485561.1	QIZ21113.1	100.000	106	0	0	1	106	1	106	1.12e-77	219
MDB2485562.1	QIZ21112.1	96.175	183	7	0	1	183	1	183	1.62e-127	352
MDB2485563.1	QIZ21111.1	98.246	114	2	0	1	114	1	114	8.11e-79	223
MDB2485564.1	QIZ21110.1	96.047	253	10	0	1	253	1	253	1.32e-177	484
MDB2485565.1	QIZ21109.1	95.072	345	17	0	1	345	1	345	0.0	691
MDB2485566.1	QIZ21108.1	80.952	168	32	0	1	168	1	168	3.18e-104	291
MDB2485567.1	QIZ21107.1	97.722	395	9	0	1	395	1	395	0.0	790
MDB2485568.1	QIZ21106.1	90.244	205	20	0	1	205	1	205	3.84e-138	380
MDB2485569.1	QIZ21105.1	96.053	152	6	0	1	152	1	152	1.05e-106	296
MDB2485570.1	QIZ21104.1	98.413	126	2	0	1	126	1	126	1.79e-86	243
MDB2485571.1	QIZ21103.1	89.737	380	39	0	1	380	1	380	0.0	709
MDB2485573.1	QIZ21101.1	94.561	239	13	0	1	239	1	239	4.78e-173	471
MDB2485574.1	QIZ21102.1	84.577	201	31	0	1	201	1	201	6.98e-105	296
MDB2485575.1	QIZ21100.1	89.706	136	14	0	1	136	1	136	2.00e-84	239
MDB2485576.1	QIZ21099.1	95.000	40	2	0	1	40	1	40	4.61e-23	77.0
MDB2485577.1	QIZ21097.1	97.374	495	13	0	1	495	1	495	0.0	989
MDB2485578.1	QIZ21096.1	95.339	236	11	0	1	236	1	236	6.45e-168	458
MDB2485579.1	QIZ21095.1	92.837	363	26	0	1	363	1	363	0.0	665
MDB2485580.1	QIZ21094.1	93.939	330	20	0	1	330	21	350	0.0	649
MDB2485581.1	QIZ21093.1	98.221	281	5	0	1	281	1	281	0.0	552
MDB2485582.1	QIZ21092.1	97.917	96	2	0	1	96	1	96	2.42e-63	182
MDB2485583.1	QIZ21091.1	87.812	361	44	0	1	361	1	361	0.0	592
MDB2485584.1	QIZ21090.1	93.534	232	15	0	1	232	1	232	6.35e-162	442
MDB2485585.1	QIZ21089.1	93.811	307	19	0	1	307	1	307	0.0	580
MDB2485586.1	QIZ21088.1	97.199	357	10	0	1	357	1	357	0.0	707
MDB2485587.1	QIZ21086.1	94.161	137	8	0	1	137	1	137	5.31e-95	266
MDB2485588.1	QIZ21085.1	95.794	642	27	0	40	681	39	680	0.0	1277
MDB2485589.1	QIZ21084.1	96.135	207	8	0	1	207	1	207	2.27e-145	399
MDB2485590.1	QIZ21083.1	98.837	86	1	0	1	86	1	86	1.07e-61	177
MDB2485591.1	QIZ21082.1	98.173	602	11	0	1	602	1	602	0.0	1186
MDB2485592.1	QIZ21081.1	98.305	118	2	0	1	118	1	118	1.04e-82	233
MDB2485593.1	QIZ21080.1	95.890	219	9	0	1	219	1	219	1.84e-151	415
MDB2485595.1	QIZ21079.1	94.851	505	26	0	7	511	14	518	0.0	948
MDB2485597.1	QIZ21078.1	92.019	213	17	0	1	213	1	213	3.29e-145	399
MDB2485598.1	QIZ21077.1	89.560	364	38	0	1	364	14	377	0.0	641
MDB2485599.1	QIZ21076.1	88.372	129	15	0	1	129	1	129	2.69e-64	202
MDB2485602.1	QIZ21425.1	85.809	303	43	0	1	303	1	303	0.0	531
MDB2485603.1	QIZ21424.1	89.720	107	11	0	1	107	1	107	3.09e-66	191
MDB2485604.1	QIZ21423.1	95.299	234	11	0	1	234	1	234	5.41e-168	458
MDB2485605.1	QIZ21422.1	96.935	261	8	0	1	261	1	261	0.0	516
MDB2485606.1	QIZ21421.1	98.780	246	3	0	1	246	1	246	0.0	493
MDB2485607.1	QIZ21420.1	98.286	350	6	0	1	350	1	350	0.0	686
MDB2485608.1	QIZ21419.1	99.663	297	1	0	1	297	1	297	0.0	592
MDB2485609.1	QIZ21418.1	100.000	413	0	0	1	413	1	413	0.0	852
MDB2485610.1	QIZ21417.1	94.608	204	11	0	1	204	1	204	2.97e-123	343
MDB2485611.1	QIZ21416.1	100.000	98	0	0	1	98	1	98	2.56e-68	195
MDB2485612.1	QIZ21415.1	90.476	84	8	0	1	84	1	84	2.62e-56	164
MDB2485613.1	QIZ21414.1	95.935	123	5	0	1	123	1	123	5.61e-88	247
MDB2485614.1	QIZ21413.1	94.613	297	16	0	1	297	1	297	0.0	569
MDB2485615.1	QIZ21412.1	95.899	317	13	0	1	317	1	317	0.0	628
MDB2485616.1	QIZ21411.1	98.328	299	5	0	1	299	1	299	0.0	582
MDB2485617.1	QIZ21410.1	96.602	412	14	0	1	412	1	412	0.0	823
MDB2485618.1	QIZ21409.1	94.370	373	21	0	1	373	1	373	0.0	656
MDB2485619.1	QIZ21408.1	87.939	655	77	2	1	654	1	654	0.0	1183
MDB2485620.1	QIZ21407.1	73.410	173	46	0	1	173	1	173	8.83e-78	225
MDB2485621.1	QIZ21406.1	59.930	287	109	2	1	281	1	287	4.12e-110	320
MDB2485622.1	QIZ21405.1	97.391	345	9	0	1	345	1	345	0.0	682
MDB2485623.1	QIZ21404.1	98.846	520	6	0	1	520	1	520	0.0	1058
MDB2485624.1	QIZ21403.1	99.705	339	1	0	1	339	1	339	0.0	691
MDB2485625.1	QIZ21402.1	91.758	182	15	0	1	182	1	182	6.51e-123	340
MDB2485626.1	QIZ21401.1	97.619	588	14	0	1	588	1	588	0.0	1204
MDB2485627.1	QIZ21400.1	93.248	311	21	0	1	311	1	311	0.0	518
MDB2485628.1	QIZ21399.1	97.028	471	14	0	1	471	1	471	0.0	907
MDB2485629.1	QIZ21398.1	95.082	61	3	0	1	61	1	61	2.70e-37	114
MDB2485630.1	QIZ21397.1	99.654	289	1	0	1	289	1	289	0.0	573
MDB2485631.1	QIZ21396.1	98.087	366	7	0	1	366	1	366	0.0	729
MDB2485632.1	QIZ21395.1	98.540	274	4	0	1	274	1	274	0.0	545
MDB2485633.1	QIZ21388.1	93.651	315	20	0	1	315	1	315	0.0	620
MDB2485635.1	QIZ20307.1	68.125	160	50	1	1	159	1	160	5.79e-78	224
MDB2485637.1	QIZ21387.1	97.186	462	13	0	1	462	1	462	0.0	920
MDB2485638.1	QIZ21386.1	78.468	483	104	0	1	483	1	483	0.0	715
MDB2485639.1	QIZ21385.1	97.935	678	14	0	1	678	1	678	0.0	1358
MDB2485640.1	QIZ21384.1	92.553	564	42	0	1	564	1	564	0.0	1048
MDB2485641.1	QIZ21383.1	93.639	676	43	0	1	676	1	676	0.0	1280
MDB2485642.1	QIZ21382.1	95.094	265	13	0	18	282	18	282	0.0	507
MDB2485643.1	QIZ21381.1	96.405	306	11	0	1	306	1	306	0.0	595
MDB2485644.1	QIZ21380.1	91.870	369	30	0	1	369	1	369	0.0	671
MDB2485645.1	QIZ21379.1	88.444	225	26	0	1	225	1	225	8.85e-133	369
MDB2485646.1	QIZ21378.1	93.092	304	21	0	1	304	1	304	0.0	539
MDB2485647.1	QIZ21377.1	94.231	312	18	0	1	312	1	312	0.0	553
MDB2485648.1	QIZ21376.1	96.989	465	14	0	1	465	1	465	0.0	917
MDB2485649.1	QIZ21375.1	95.225	356	17	0	1	356	1	356	0.0	672
MDB2485650.1	QIZ21374.1	97.808	365	8	0	1	365	10	374	0.0	689
MDB2485651.1	QIZ21373.1	93.968	431	26	0	1	431	1	431	0.0	753
MDB2485653.1	QIZ21372.1	91.971	137	11	0	1	137	812	948	9.46e-78	243
MDB2485654.1	QIZ20183.1	93.798	129	8	0	1	129	1	129	8.14e-83	234
MDB2485655.1	QIZ20184.1	97.419	310	8	0	1	310	1	310	0.0	620
MDB2485656.1	QIZ20185.1	97.759	357	8	0	1	357	1	357	0.0	686
MDB2485657.1	QIZ20186.1	96.983	232	7	0	1	232	1	232	4.97e-165	451
MDB2485658.1	QIZ20187.1	99.387	326	2	0	1	326	1	326	0.0	657
MDB2485659.1	QIZ20188.1	98.718	156	2	0	1	156	1	156	1.74e-110	306
MDB2485660.1	QIZ20189.1	99.000	500	5	0	1	500	1	500	0.0	977
MDB2485661.1	QIZ20190.1	95.556	360	16	0	1	360	1	360	0.0	704
MDB2485662.1	QIZ20191.1	88.043	184	22	0	1	184	1	184	2.79e-123	341
MDB2485663.1	QIZ20192.1	94.012	167	10	0	1	167	1	167	3.55e-116	322
MDB2485664.1	QIZ20195.1	90.000	260	26	0	1	260	1	260	1.98e-177	484
MDB2485665.1	QIZ20196.1	92.965	199	14	0	1	199	1	199	2.69e-142	390
MDB2485666.1	QIZ20197.1	96.853	286	9	0	3	288	4	289	0.0	571
MDB2485667.1	QIZ20198.1	90.796	402	37	0	1	402	1	402	0.0	650
MDB2485668.1	QIZ20199.1	96.000	175	7	0	1	175	1	175	3.56e-120	332
MDB2485669.1	QIZ20200.1	97.900	381	8	0	1	381	1	381	0.0	769
MDB2485670.1	QIZ20201.1	92.560	336	25	0	1	336	1	336	0.0	658
MDB2485671.1	QIZ20202.1	87.805	164	20	0	1	164	1	164	2.23e-105	294
MDB2485672.1	QIZ20203.1	95.485	443	20	0	1	443	1	443	0.0	842
MDB2485673.1	QIZ20204.1	98.154	325	6	0	7	331	1	325	0.0	665
MDB2485677.1	QIZ20548.1	42.661	218	123	2	1	216	1	218	4.46e-57	179
MDB2485679.1	QIZ20588.1	33.010	206	114	7	29	219	74	270	3.16e-29	106
MDB2485680.1	QIZ20205.1	91.336	277	24	0	3	279	2	278	4.90e-155	429
MDB2485682.1	QIZ21152.1	30.263	380	239	11	136	497	166	537	2.50e-41	151
MDB2485683.1	QIZ20206.1	82.488	434	76	0	1	434	1	434	0.0	752
MDB2485684.1	QIZ20207.1	100.000	66	0	0	1	66	1	66	5.61e-44	131
MDB2485685.1	QIZ20208.1	84.091	132	21	0	1	132	1	132	3.92e-75	215
MDB2485686.1	QIZ20210.1	89.163	526	57	0	11	536	11	536	0.0	928
MDB2485687.1	QIZ20211.1	94.845	97	5	0	1	97	1	97	2.56e-66	190
MDB2485688.1	QIZ20212.1	96.296	162	6	0	1	162	1	162	5.67e-119	328
MDB2485689.1	QIZ20213.1	95.425	153	7	0	13	165	25	177	3.33e-105	294
MDB2485691.1	QIZ20214.1	95.238	294	14	0	1	294	1	294	0.0	502
MDB2485693.1	QIZ20215.1	88.276	145	17	0	1	145	1	145	7.39e-97	271
MDB2485694.1	QIZ20216.1	98.107	317	6	0	1	317	2	318	0.0	624
MDB2485695.1	QIZ20218.1	93.947	380	23	0	1	380	1	380	0.0	739
MDB2485696.1	QIZ20787.1	54.795	219	98	1	2	220	6	223	5.27e-77	227
MDB2485697.1	QIZ20220.1	97.521	484	12	0	1	484	1	484	0.0	971
MDB2485698.1	QIZ20221.1	99.380	645	4	0	1	645	1	645	0.0	1339
MDB2485699.1	QIZ20222.1	98.538	342	5	0	1	342	1	342	0.0	711
MDB2485700.1	QIZ20224.1	89.904	208	21	0	1	208	1	208	4.97e-140	385
MDB2485701.1	QIZ20225.1	97.861	374	8	0	1	374	1	374	0.0	758
MDB2485702.1	QIZ20226.1	97.987	298	6	0	1	298	1	298	0.0	602
MDB2485703.1	QIZ20227.1	97.600	500	12	0	1	500	1	500	0.0	1005
MDB2485704.1	QIZ20228.1	96.943	229	7	0	1	229	1	229	3.60e-168	458
MDB2485705.1	QIZ20229.1	94.686	207	11	0	1	207	1	207	1.10e-137	379
MDB2485706.1	QIZ20230.1	95.875	606	25	0	1	606	1	606	0.0	1203
MDB2485707.1	QIZ20231.1	96.264	455	17	0	1	455	1	455	0.0	920
MDB2485708.1	QIZ20754.1	98.881	268	3	0	1	268	23	290	0.0	524
MDB2485709.1	QIZ20753.1	97.331	637	17	0	1	637	1	637	0.0	1281
MDB2485710.1	QIZ20752.1	98.056	360	7	0	1	360	1	360	0.0	731
MDB2485711.1	QIZ20751.1	92.788	208	15	0	1	208	1	208	3.79e-146	401
MDB2485712.1	QIZ20750.1	96.142	337	13	0	1	337	1	337	0.0	655
MDB2485713.1	QIZ20749.1	98.881	268	3	0	1	268	1	268	0.0	521
MDB2485714.1	QIZ20748.1	98.299	294	5	0	1	294	1	294	0.0	613
MDB2485715.1	QIZ20747.1	92.006	688	55	0	1	688	1	688	0.0	1254
MDB2485716.1	QIZ20746.1	97.745	887	20	0	1	887	1	887	0.0	1788
MDB2485717.1	QIZ20745.1	92.419	277	21	0	1	277	1	277	0.0	513
MDB2485718.1	QIZ20744.1	96.960	329	10	0	1	329	1	329	0.0	661
MDB2485719.1	QIZ20743.1	94.178	292	17	0	1	292	3	294	0.0	555
MDB2485720.1	QIZ20742.1	95.622	434	19	0	1	434	1	434	0.0	862
MDB2485721.1	QIZ20741.1	99.091	110	1	0	1	110	1	110	2.82e-72	206
MDB2485722.1	QIZ20740.1	98.732	631	8	0	1	631	1	631	0.0	1283
MDB2485723.1	QIZ20739.1	96.875	256	8	0	1	256	1	256	4.56e-178	485
MDB2485724.1	QIZ20738.1	94.340	106	6	0	1	106	1	106	6.34e-74	210
MDB2485725.1	QIZ20737.1	94.379	338	19	0	1	338	1	338	0.0	632
MDB2485726.1	QIZ20736.1	87.440	207	26	0	1	207	1	207	9.89e-143	392
MDB2485728.1	QIZ20735.1	56.420	257	108	2	1	257	1	253	1.23e-84	249
MDB2485730.1	QIZ20311.1	33.333	165	109	1	14	177	40	204	9.31e-25	93.6
MDB2485731.1	QIZ20181.1	30.332	211	135	3	15	213	13	223	3.43e-24	92.0
MDB2485732.1	QIZ20416.1	46.640	253	124	2	9	261	3	244	3.81e-79	235
MDB2485733.1	QIZ20734.1	91.667	180	15	0	1	180	1	180	4.35e-112	312
MDB2485735.1	QIZ20733.1	84.775	289	44	0	1	289	1	289	3.14e-176	484
MDB2485738.1	QIZ20732.1	94.118	425	25	0	1	425	1	425	0.0	828
MDB2485739.1	QIZ20731.1	96.947	131	4	0	1	131	1	131	1.33e-91	256
MDB2485740.1	QIZ20730.1	85.185	189	28	0	1	189	1	189	7.48e-119	330
MDB2485741.1	QIZ20729.1	93.333	120	8	0	1	120	1	120	4.13e-83	234
MDB2485742.1	QIZ20728.1	93.831	308	19	0	1	308	1	308	0.0	567
MDB2485743.1	QIZ20727.1	67.130	432	141	1	1	431	1	432	0.0	542
MDB2485744.1	QIZ20726.1	96.606	383	12	1	1	382	1	383	0.0	744
MDB2485745.1	QIZ20725.1	93.588	889	57	0	1	889	1	889	0.0	1701
MDB2485746.1	QIZ20724.1	89.109	404	44	0	1	404	1	404	0.0	760
MDB2485747.1	QIZ20723.1	93.953	215	13	0	1	215	1	215	3.59e-154	422
MDB2485748.1	QIZ20722.1	92.509	267	20	0	1	267	1	267	3.67e-171	469
MDB2485749.1	QIZ20721.1	95.695	302	13	0	1	302	1	302	0.0	590
MDB2485750.1	QIZ20720.1	98.030	203	4	0	1	203	1	203	6.97e-144	395
MDB2485751.1	QIZ20719.1	97.486	358	9	0	1	358	1	358	0.0	686
MDB2485752.1	QIZ20718.1	86.897	145	19	0	1	145	1	145	4.13e-90	254
MDB2485753.1	QIZ20717.1	94.818	521	27	0	1	521	1	521	0.0	984
MDB2485754.1	QIZ20716.1	95.489	133	6	0	1	133	7	139	2.40e-97	271
MDB2485755.1	QIZ20715.1	93.868	212	13	0	1	212	1	212	6.83e-146	402
MDB2485756.1	QIZ21238.1	96.319	163	6	0	1	163	143	305	7.99e-110	310
MDB2485757.1	QIZ21239.1	96.796	905	29	0	1	905	1	905	0.0	1815
MDB2485758.1	QIZ21240.1	92.169	166	13	0	1	166	1	166	8.60e-99	278
MDB2485759.1	QIZ21241.1	79.630	108	21	1	1	108	1	107	7.85e-47	143
MDB2485760.1	QIZ21242.1	94.723	379	20	0	1	379	1	379	0.0	676
MDB2485761.1	QIZ21243.1	87.166	187	24	0	1	187	1	187	2.67e-107	301
MDB2485762.1	QIZ21244.1	92.637	421	31	0	1	421	1	421	0.0	790
MDB2485763.1	QIZ21245.1	98.387	62	1	0	1	62	1	62	1.55e-41	125
MDB2485764.1	QIZ21246.1	91.608	286	24	0	1	286	1	286	0.0	528
MDB2485765.1	QIZ21247.1	92.038	314	25	0	1	314	1	314	0.0	575
MDB2485766.1	QIZ21248.1	92.857	420	30	0	1	420	1	420	0.0	732
MDB2485767.1	QIZ21249.1	95.337	579	27	0	1	579	1	579	0.0	1116
MDB2485768.1	QIZ21250.1	93.031	287	20	0	1	287	1	287	0.0	536
MDB2485769.1	QIZ21251.1	91.791	134	11	0	1	134	1	134	1.29e-93	262
MDB2485770.1	QIZ21252.1	97.840	324	7	0	1	324	1	324	0.0	640
MDB2485771.1	QIZ21253.1	96.774	279	9	0	1	279	1	279	0.0	553
MDB2485773.1	QIZ21254.1	93.671	79	5	0	1	79	1	79	1.62e-54	159
MDB2485774.1	QIZ21255.1	96.639	119	4	0	1	119	1	119	4.73e-83	234
MDB2485776.1	QIZ21256.1	94.931	217	11	0	1	217	1	217	1.36e-143	395
MDB2485777.1	QIZ21257.1	93.991	233	14	0	1	233	1	233	2.03e-159	436
MDB2485778.1	QIZ21258.1	94.465	271	15	0	1	271	1	271	0.0	511
MDB2485779.1	QIZ21259.1	98.529	544	8	0	1	544	1	544	0.0	1078
MDB2485780.1	QIZ21260.1	94.389	303	17	0	1	303	1	303	0.0	577
MDB2485781.1	QIZ21262.1	95.506	178	8	0	1	178	1	178	9.22e-128	352
MDB2485782.1	QIZ21263.1	98.855	262	3	0	1	262	1	262	0.0	525
MDB2485783.1	QIZ21264.1	84.332	217	34	0	1	217	1	217	3.79e-124	346
MDB2485784.1	QIZ21265.1	89.520	458	48	0	1	458	1	458	0.0	850
MDB2485785.1	QIZ21266.1	88.820	161	18	0	1	161	1	161	1.04e-110	307
MDB2485786.1	QIZ21267.1	94.326	141	8	0	1	141	1	141	1.57e-95	267
MDB2485787.1	QIZ21268.1	90.994	322	29	0	1	322	1	322	0.0	597
MDB2485788.1	QIZ21269.1	92.675	314	23	0	1	314	1	314	0.0	600
MDB2485789.1	QIZ21270.1	89.711	311	32	0	1	311	1	311	0.0	546
MDB2485790.1	QIZ21271.1	91.011	356	31	1	1	356	1	355	0.0	643
MDB2485791.1	QIZ21272.1	87.986	283	34	0	1	283	1	283	2.32e-172	473
MDB2485792.1	QIZ21273.1	97.732	485	11	0	1	485	1	485	0.0	972
MDB2485793.1	QIZ21274.1	96.429	168	6	0	1	168	1	168	8.75e-112	311
MDB2485794.1	QIZ21275.1	93.296	179	12	0	18	196	1	179	9.81e-119	330
MDB2485795.1	QIZ21276.1	100.000	75	0	0	1	75	1	75	1.79e-46	138
MDB2485796.1	QIZ21277.1	100.000	244	0	0	1	244	1	244	1.29e-176	481
MDB2485797.1	QIZ21278.1	97.802	91	2	0	1	91	1	91	3.58e-61	176
MDB2485798.1	QIZ21279.1	98.600	857	12	0	1	857	1	857	0.0	1687
MDB2485799.1	QIZ21280.1	94.388	196	11	0	1	196	1	196	5.77e-131	361
MDB2485800.1	QIZ21281.1	96.914	162	5	0	1	162	1	162	1.89e-114	317
MDB2485801.1	QIZ21282.1	96.012	326	13	0	1	326	1	326	0.0	627
MDB2485802.1	QIZ21283.1	93.734	383	24	0	1	383	1	383	0.0	717
MDB2485803.1	QIZ21284.1	98.876	356	4	0	1	356	1	356	0.0	727
MDB2485804.1	QIZ21285.1	96.774	186	6	0	1	186	1	186	3.63e-130	358
MDB2485805.1	QIZ21286.1	94.650	243	13	0	1	243	1	243	6.92e-162	443
MDB2485806.1	QIZ21287.1	95.455	528	24	0	1	528	34	561	0.0	991
MDB2485807.1	QIZ21288.1	92.171	281	22	0	1	281	1	281	2.11e-176	483
MDB2485808.1	QIZ21289.1	93.160	424	29	0	1	424	1	424	0.0	791
MDB2485809.1	QIZ21290.1	98.101	158	3	0	1	158	1	158	1.17e-111	310
MDB2485810.1	QIZ21291.1	93.689	206	13	0	1	206	70	275	9.95e-147	405
MDB2485811.1	QIZ21516.1	99.390	164	1	0	1	164	1	164	2.81e-115	332
MDB2485812.1	QIZ21515.1	97.476	317	8	0	1	317	1	317	0.0	630
MDB2485813.1	QIZ21514.1	97.189	249	7	0	1	249	1	249	1.72e-175	478
MDB2485814.1	QIZ21513.1	99.136	810	7	0	1	810	1	810	0.0	1667
MDB2485815.1	QIZ21512.1	88.415	164	19	0	4	167	3	166	1.73e-100	282
MDB2485816.1	QIZ21511.1	86.243	189	26	0	1	189	1	189	9.68e-125	345
MDB2485820.1	QIZ21510.1	51.880	133	64	0	1	133	6	138	8.29e-47	144
MDB2485821.1	QIZ21509.1	96.935	261	8	0	1	261	1	261	0.0	514
MDB2485822.1	QIZ21508.1	95.968	124	5	0	15	138	1	124	5.03e-90	253
MDB2485823.1	QIZ21506.1	74.055	397	103	0	1	397	1	397	0.0	641
MDB2485824.1	QIZ21505.1	97.521	242	6	0	1	242	1	242	1.01e-176	481
MDB2485825.1	QIZ21504.1	98.451	452	7	0	1	452	1	452	0.0	933
MDB2485826.1	QIZ21503.1	99.448	181	1	0	1	181	1	181	1.57e-127	352
MDB2485828.1	QIZ21502.1	97.537	203	5	0	1	203	1	203	4.17e-143	393
MDB2485829.1	QIZ21501.1	96.909	550	17	0	1	550	1	550	0.0	1100
MDB2485830.1	QIZ21500.1	95.031	322	16	0	1	322	1	322	0.0	638
MDB2485831.1	QIZ21499.1	92.638	163	12	0	1	163	1	163	2.30e-109	304
MDB2485832.1	QIZ21498.1	94.253	348	20	0	1	348	1	348	0.0	651
MDB2485833.1	QIZ21497.1	94.194	155	9	0	1	155	1	155	2.90e-108	301
MDB2485834.1	QIZ21496.1	100.000	68	0	0	1	68	1	68	2.29e-47	140
MDB2485835.1	QIZ21495.1	89.286	252	27	0	1	252	1	252	2.73e-172	471
MDB2485836.1	QIZ21494.1	93.043	115	8	0	1	115	1	115	8.25e-80	226
MDB2485837.1	QIZ21493.1	90.323	248	24	0	1	248	1	248	6.76e-161	441
MDB2485838.1	QIZ21492.1	95.205	146	7	0	1	146	1	146	1.94e-101	283
MDB2485839.1	QIZ21491.1	85.437	103	15	0	1	103	1	103	2.65e-47	142
MDB2485840.1	QIZ21490.1	95.053	283	14	0	1	283	1	283	0.0	533
MDB2485841.1	QIZ21489.1	87.692	195	24	0	1	195	1	195	1.47e-127	353
MDB2485842.1	QIZ21488.1	96.794	998	32	0	1	998	1	998	0.0	2009
MDB2485843.1	QIZ21487.1	97.727	88	2	0	1	88	1	88	2.10e-64	184
MDB2485844.1	QIZ21486.1	97.368	418	11	0	1	418	1	418	0.0	854
MDB2485845.1	QIZ21485.1	97.861	561	12	0	1	561	1	561	0.0	1129
MDB2485846.1	QIZ21484.1	90.114	263	26	0	1	263	1	263	5.32e-178	486
MDB2485847.1	QIZ21483.1	87.565	386	48	0	3	388	2	387	0.0	709
MDB2485848.1	QIZ20491.1	28.741	421	261	8	37	435	74	477	1.02e-52	181
MDB2485849.1	QIZ20661.1	38.095	252	136	8	4	247	5	244	9.18e-42	139
MDB2485851.1	QIZ20203.1	29.954	434	297	6	11	441	6	435	4.71e-64	209
MDB2485853.1	QIZ21482.1	93.651	63	4	0	1	63	1	63	2.53e-39	119
MDB2485854.1	QIZ21481.1	92.398	342	26	0	1	342	1	342	0.0	641
MDB2485855.1	QIZ21480.1	91.910	445	36	0	1	445	1	445	0.0	871
MDB2485856.1	QIZ21479.1	99.442	717	4	0	1	717	1	717	0.0	1438
MDB2485857.1	QIZ21478.1	98.542	343	5	0	1	343	1	343	0.0	690
MDB2485858.1	QIZ21477.1	93.296	179	12	0	1	179	5	183	5.07e-109	305
MDB2485859.1	QIZ21476.1	98.387	124	2	0	1	124	1	124	4.09e-87	244
MDB2485860.1	QIZ21076.1	95.758	495	21	0	1	495	202	696	0.0	954
MDB2485861.1	QIZ21075.1	91.848	184	15	0	1	184	1	184	2.49e-119	331
MDB2485862.1	QIZ21074.1	92.216	167	13	0	1	167	1	167	2.32e-114	317
MDB2485863.1	QIZ21073.1	93.388	121	8	0	1	121	1	121	4.60e-83	234
MDB2485864.1	QIZ21072.1	96.040	101	4	0	1	101	1	101	1.87e-66	191
MDB2485865.1	QIZ21071.1	96.016	251	10	0	1	251	1	251	0.0	496
MDB2485866.1	QIZ21070.1	92.050	239	19	0	1	239	1	239	4.66e-163	446
MDB2485867.1	QIZ21068.1	93.750	208	13	0	1	208	1	208	5.65e-143	393
MDB2485868.1	QIZ21067.1	100.000	196	0	0	1	196	1	196	4.14e-147	402
MDB2485869.1	QIZ21066.1	99.415	171	1	0	1	171	1	171	7.26e-123	339
MDB2485870.1	QIZ21065.1	99.341	455	3	0	1	455	1	455	0.0	902
MDB2485871.1	QIZ21064.1	91.329	173	15	0	1	173	1	173	4.28e-99	279
MDB2485872.1	QIZ21063.1	97.970	197	4	0	1	197	1	197	6.15e-141	387
MDB2485873.1	QIZ21062.1	95.683	139	6	0	1	139	1	139	8.14e-84	238
MDB2485874.1	QIZ21061.1	90.000	140	14	0	1	140	1	140	5.79e-92	258
MDB2485875.1	QIZ21060.1	94.170	223	13	0	1	223	1	223	1.41e-154	423
MDB2485876.1	QIZ21059.1	93.785	177	11	0	1	177	1	177	1.63e-114	319
MDB2485877.1	QIZ21058.1	92.830	265	19	0	1	265	1	265	0.0	495
MDB2485878.1	QIZ21057.1	94.845	194	10	0	1	194	1	194	1.72e-134	370
MDB2485879.1	QIZ21056.1	95.985	274	11	0	1	274	1	274	0.0	537
MDB2485880.1	QIZ21055.1	87.087	333	43	0	1	333	1	333	0.0	604
MDB2485883.1	QIZ21052.1	99.526	422	2	0	1	422	1	422	0.0	847
MDB2485884.1	QIZ21050.1	93.679	443	28	0	1	443	1	443	0.0	824
MDB2485885.1	QIZ21049.1	95.506	623	28	0	1	623	1	623	0.0	1212
MDB2485886.1	QIZ21048.1	83.568	213	35	0	1	213	1	213	7.14e-132	365
MDB2485887.1	QIZ21047.1	92.424	264	20	0	1	264	1	264	0.0	503
MDB2485888.1	QIZ21046.1	88.652	282	32	0	1	282	1	282	0.0	504
MDB2485889.1	QIZ21045.1	83.384	331	55	0	1	331	1	331	0.0	547
MDB2485890.1	QIZ21044.1	67.857	140	45	0	15	154	17	156	1.28e-63	188
MDB2485891.1	QIZ21043.1	87.825	846	101	1	1	846	1	844	0.0	1539
MDB2485892.1	QIZ21042.1	67.647	170	54	1	5	174	5	173	4.86e-81	234
MDB2485893.1	QIZ21041.1	39.521	334	175	9	1	312	1	329	1.92e-62	197
MDB2485894.1	QIZ21040.1	75.429	175	43	0	1	175	1	175	1.10e-92	263
MDB2485895.1	QIZ21039.1	83.721	215	35	0	1	215	1	215	1.77e-131	364
MDB2485896.1	QIZ21038.1	80.769	156	30	0	3	158	7	162	1.74e-87	248
MDB2485897.1	QIZ21037.1	59.375	192	78	0	4	195	2	193	2.99e-72	213
MDB2485898.1	QIZ21036.1	83.819	309	50	0	1	309	1	309	0.0	536
MDB2485899.1	QIZ21035.1	94.500	200	11	0	18	217	18	217	1.00e-145	400
MDB2485900.1	QIZ21034.1	91.860	258	21	0	1	258	1	258	2.55e-176	481
MDB2485901.1	QIZ21033.1	96.247	373	13	1	1	372	1	373	0.0	731
MDB2485902.1	QIZ21032.1	97.689	649	15	0	1	649	1	649	0.0	1268
MDB2485903.1	QIZ21031.1	85.782	211	23	1	1	204	1	211	4.34e-126	350
MDB2485904.1	QIZ21030.1	91.351	185	16	0	1	185	1	185	1.01e-113	317
MDB2485906.1	QIZ20332.1	98.026	152	3	0	1	152	1	152	7.06e-109	302
MDB2485907.1	QIZ20331.1	98.624	436	6	0	1	436	1	436	0.0	892
MDB2485908.1	QIZ20330.1	94.326	141	8	0	1	141	1	141	1.95e-98	275
MDB2485909.1	QIZ20329.1	90.610	213	20	0	1	213	1	213	2.71e-152	417
MDB2485910.1	QIZ20328.1	97.264	329	9	0	1	329	1	329	0.0	654
MDB2485911.1	QIZ20327.1	96.460	226	8	0	1	226	1	226	5.40e-159	435
MDB2485912.1	QIZ20326.1	96.396	222	8	0	1	222	1	222	1.13e-154	424
MDB2485913.1	QIZ20325.1	94.262	244	14	0	1	244	1	244	8.74e-172	469
MDB2485914.1	QIZ20324.1	92.969	128	9	0	1	128	1	128	1.37e-80	228
MDB2485915.1	QIZ20323.1	94.979	239	12	0	1	239	1	239	2.01e-155	427
MDB2485916.1	QIZ20322.1	97.949	195	4	0	1	195	1	195	1.44e-137	378
MDB2485917.1	QIZ20321.1	98.632	585	8	0	1	585	1	585	0.0	1179
MDB2485918.1	QIZ20320.1	93.064	173	12	0	1	173	1	173	1.34e-114	318
MDB2485919.1	QIZ20319.1	97.436	156	4	0	1	156	1	156	1.40e-110	306
MDB2485920.1	QIZ20318.1	95.222	293	14	0	1	293	1	293	0.0	576
MDB2485921.1	QIZ20317.1	94.429	736	41	0	1	736	1	736	0.0	1418
MDB2485922.1	QIZ20316.1	98.801	417	5	0	1	417	1	417	0.0	853
MDB2485923.1	QIZ20315.1	97.802	91	2	0	1	91	1	91	1.03e-66	191
MDB2485924.1	QIZ20314.1	95.309	1002	47	0	1	1002	1	1002	0.0	2010
MDB2485925.1	QIZ20313.1	91.979	187	15	0	1	187	1	187	8.13e-126	348
MDB2485926.1	QIZ20312.1	95.294	255	12	0	1	255	1	255	2.01e-174	476
MDB2485927.1	QIZ20311.1	97.967	246	5	0	1	246	1	246	2.17e-171	468
MDB2485928.1	QIZ20310.1	91.111	90	8	0	1	90	1	90	7.52e-57	166
MDB2485930.1	QIZ20306.1	90.062	161	16	0	1	161	1	161	6.19e-108	300
MDB2485931.1	QIZ20305.1	90.570	456	43	0	1	456	1	456	0.0	831
MDB2485932.1	QIZ20304.1	89.701	301	31	0	1	301	1	301	0.0	558
MDB2485933.1	QIZ20303.1	94.444	216	12	0	1	216	1	216	4.90e-150	411
MDB2485934.1	QIZ20302.1	97.556	491	12	0	1	491	1	491	0.0	982
MDB2485935.1	QIZ20301.1	97.938	485	10	0	1	485	1	485	0.0	972
MDB2485936.1	QIZ20300.1	94.737	95	5	0	1	95	1	95	5.96e-61	176
MDB2485937.1	QIZ20299.1	98.675	151	2	0	1	151	1	151	4.16e-106	295
MDB2485938.1	QIZ20298.1	97.444	313	8	0	1	313	1	313	0.0	632
MDB2485939.1	QIZ20742.1	25.616	406	277	10	28	423	25	415	4.05e-35	130
MDB2485940.1	QIZ20297.1	95.812	191	8	0	1	191	1	191	2.68e-123	342
MDB2485941.1	QIZ20296.1	96.752	862	28	0	1	862	1	862	0.0	1709
MDB2485943.1	QIZ20294.1	95.425	153	7	0	1	153	1	153	4.05e-106	295
MDB2485944.1	QIZ20293.1	93.750	432	27	0	1	432	1	432	0.0	788
MDB2485945.1	QIZ20292.1	95.294	170	8	0	1	170	102	271	2.81e-117	328
MDB2485946.1	QIZ20495.1	96.905	517	16	0	1	517	15	531	0.0	1053
MDB2485947.1	QIZ20496.1	97.959	196	4	0	1	196	1	196	1.28e-134	370
MDB2485948.1	QIZ20497.1	96.429	252	9	0	1	252	1	252	0.0	495
MDB2485949.1	QIZ20498.1	95.865	266	11	0	1	266	1	266	2.19e-168	462
MDB2485950.1	QIZ20499.1	94.961	258	13	0	1	258	1	258	2.09e-177	484
MDB2485951.1	QIZ20500.1	95.300	383	18	0	1	383	1	383	0.0	773
MDB2485952.1	QIZ21307.1	25.940	266	189	6	8	268	9	271	6.76e-27	102
MDB2485954.1	QIZ20506.1	89.706	204	21	0	1	204	1	204	7.51e-135	372
MDB2485955.1	QIZ20507.1	98.190	221	4	0	1	221	1	221	1.45e-158	433
MDB2485956.1	QIZ20508.1	95.976	845	34	0	1	845	17	861	0.0	1532
MDB2485957.1	QIZ20510.1	91.475	434	37	0	1	434	1	434	0.0	816
MDB2485958.1	QIZ20511.1	99.495	594	3	0	1	594	1	594	0.0	1226
MDB2485959.1	QIZ20512.1	97.872	94	2	0	1	94	1	94	1.96e-63	182
MDB2485960.1	QIZ20513.1	99.227	388	3	0	1	388	1	388	0.0	800
MDB2485961.1	QIZ20514.1	62.581	155	58	0	1	155	1	155	2.01e-52	166
MDB2485962.1	QIZ20514.1	67.317	205	65	1	3	205	154	358	1.43e-99	288
MDB2485963.1	QIZ20516.1	96.657	359	12	0	1	359	1	359	0.0	678
MDB2485965.1	QIZ20517.1	96.552	116	4	0	1	116	1	116	1.88e-81	230
MDB2485966.1	QIZ20518.1	99.192	619	5	0	1	619	1	619	0.0	1296
MDB2485967.1	QIZ20519.1	98.077	156	3	0	1	156	1	156	2.16e-117	324
MDB2485968.1	QIZ20520.1	95.817	263	11	0	1	263	2	264	0.0	523
MDB2485969.1	QIZ20521.1	86.364	132	18	0	1	132	1	132	2.86e-86	243
MDB2485970.1	QIZ20522.1	91.406	256	22	0	1	256	1	256	5.84e-167	457
MDB2485971.1	QIZ20523.1	95.676	185	8	0	1	185	1	185	5.71e-120	333
MDB2485972.1	QIZ20524.1	93.282	387	26	0	1	387	1	387	0.0	689
MDB2485973.1	QIZ20525.1	98.522	406	6	0	1	406	1	406	0.0	790
MDB2485974.1	QIZ20526.1	97.187	391	11	0	1	391	1	391	0.0	783
MDB2485975.1	QIZ20527.1	97.305	371	10	0	1	371	1	371	0.0	736
MDB2485976.1	QIZ20528.1	98.529	68	1	0	1	68	1	68	6.82e-44	131
MDB2485977.1	QIZ20529.1	94.531	256	14	0	1	256	1	256	3.61e-180	491
MDB2485979.1	QIZ20530.1	96.739	184	6	0	1	184	1	184	1.64e-128	354
MDB2485980.1	QIZ20531.1	94.483	145	8	0	1	145	13	157	1.54e-97	273
MDB2485981.1	QIZ20532.1	86.458	192	26	0	1	192	1	192	2.65e-123	342
MDB2485982.1	QIZ20534.1	61.923	260	99	0	1	260	1	260	2.08e-117	333
MDB2485983.1	QIZ20533.1	82.609	115	20	0	1	115	12	126	1.01e-69	201
MDB2485985.1	QIZ20291.1	92.857	280	20	0	1	280	1	280	0.0	499
MDB2485986.1	QIZ20290.1	98.687	457	6	0	1	457	1	457	0.0	905
MDB2485987.1	QIZ20289.1	93.204	206	14	0	1	206	1	206	5.81e-138	380
MDB2485988.1	QIZ20288.1	98.680	303	4	0	1	303	1	303	0.0	616
MDB2485989.1	QIZ20287.1	96.644	149	1	1	1	149	1	145	1.04e-101	283
MDB2485990.1	QIZ20286.1	99.415	342	2	0	1	342	1	342	0.0	688
MDB2485991.1	QIZ20285.1	98.667	150	2	0	1	150	1	150	6.79e-108	299
MDB2485992.1	QIZ20284.1	100.000	127	0	0	1	127	1	127	9.87e-92	256
MDB2485993.1	QIZ20283.1	97.183	213	6	0	1	213	1	213	4.76e-155	424
MDB2485994.1	QIZ20282.1	99.765	426	1	0	1	426	1	426	0.0	843
MDB2485995.1	QIZ20281.1	98.039	153	3	0	1	153	1	153	3.72e-105	293
MDB2485996.1	QIZ20280.1	98.824	170	2	0	1	170	1	170	6.19e-121	334
MDB2485997.1	QIZ20279.1	99.153	118	1	0	1	118	1	118	2.60e-81	229
MDB2485998.1	QIZ20278.1	96.648	179	6	0	1	179	1	179	4.55e-123	340
MDB2485999.1	QIZ20277.1	98.473	131	2	0	1	131	1	131	2.08e-93	261
MDB2486000.1	QIZ20276.1	99.010	101	1	0	1	101	1	101	1.03e-70	201
MDB2486001.1	QIZ20275.1	99.457	184	1	0	1	184	1	184	1.18e-133	367
MDB2486002.1	QIZ20274.1	97.561	82	1	1	1	81	1	82	3.91e-49	145
MDB2486003.1	QIZ20273.1	99.180	122	1	0	1	122	1	122	2.52e-85	240
MDB2486004.1	QIZ20272.1	98.718	78	1	0	1	78	1	78	2.07e-52	153
MDB2486005.1	QIZ20271.1	98.413	63	1	0	1	63	1	63	1.62e-39	120
MDB2486006.1	QIZ20270.1	98.529	136	2	0	1	136	1	136	8.56e-98	273
MDB2486007.1	QIZ20269.1	100.000	225	0	0	1	225	1	225	6.79e-168	457
MDB2486008.1	QIZ20268.1	99.242	132	1	0	1	132	1	132	1.15e-93	262
MDB2486009.1	QIZ20267.1	100.000	97	0	0	1	97	1	97	2.41e-67	192
MDB2486010.1	QIZ20266.1	98.932	281	3	0	1	281	1	281	0.0	569
MDB2486011.1	QIZ20265.1	98.969	97	1	0	1	97	1	97	5.23e-65	187
MDB2486012.1	QIZ20264.1	97.101	207	6	0	1	207	1	207	3.98e-144	395
MDB2486013.1	QIZ20263.1	99.153	236	2	0	1	236	1	236	1.27e-170	465
MDB2486014.1	QIZ20262.1	100.000	102	0	0	1	102	1	102	9.82e-72	204
MDB2486015.1	QIZ20261.1	98.555	692	10	0	1	692	1	692	0.0	1415
MDB2486016.1	QIZ20260.1	100.000	156	0	0	1	156	1	156	4.84e-114	315
MDB2486017.1	QIZ20259.1	100.000	123	0	0	1	123	1	123	2.65e-87	245
MDB2486018.1	QIZ20258.1	98.560	1389	20	0	1	1389	1	1389	0.0	2817
MDB2486019.1	QIZ20257.1	98.753	1363	17	0	1	1363	1	1363	0.0	2753
MDB2486020.1	QIZ20256.1	96.694	121	4	0	1	121	1	121	1.05e-77	221
MDB2486021.1	QIZ20255.1	95.783	166	7	0	1	166	1	166	1.81e-117	325
MDB2486022.1	QIZ20254.1	95.197	229	11	0	1	229	1	229	3.06e-158	433
MDB2486023.1	QIZ20253.1	99.291	141	1	0	1	141	1	141	5.20e-101	281
MDB2486024.1	QIZ20252.1	98.295	176	3	0	1	176	1	176	4.64e-126	347
MDB2486025.1	QIZ20251.1	100.000	63	0	0	1	63	1	63	8.54e-41	123
MDB2486026.1	QIZ20250.1	98.232	396	7	0	1	396	1	396	0.0	795
MDB2486027.1	QIZ20356.1	93.478	92	6	0	1	92	4	95	1.99e-59	172
MDB2486028.1	QIZ20357.1	86.897	145	19	0	1	145	1	145	4.95e-94	264
MDB2486030.1	QIZ20359.1	64.151	318	101	2	1	318	1	305	5.71e-155	432
MDB2486032.1	QIZ20360.1	43.182	704	380	10	1	695	7	699	3.94e-170	500
MDB2486033.1	QIZ20361.1	58.333	84	35	0	1	84	1	84	7.92e-32	102
MDB2486034.1	QIZ20362.1	88.121	564	67	0	1	564	1	564	0.0	995
MDB2486035.1	QIZ20363.1	89.841	315	32	0	1	315	1	315	0.0	578
MDB2486036.1	QIZ20364.1	92.705	329	24	0	1	329	1	329	0.0	624
MDB2486037.1	QIZ20365.1	95.699	93	4	0	1	93	1	93	9.80e-63	181
MDB2486038.1	QIZ20366.1	77.193	171	35	2	1	171	1	167	3.23e-87	249
MDB2486039.1	QIZ20367.1	96.154	390	15	0	1	390	1	390	0.0	734
MDB2486040.1	QIZ20368.1	89.412	170	18	0	15	184	1	170	2.93e-114	318
MDB2486041.1	QIZ20369.1	90.661	257	24	0	1	257	1	257	3.06e-176	481
MDB2486042.1	QIZ20370.1	92.913	254	18	0	1	254	1	254	1.97e-168	461
MDB2486043.1	QIZ20371.1	92.982	513	36	0	1	513	1	513	0.0	995
MDB2486044.1	QIZ20372.1	90.968	310	28	0	1	310	1	310	0.0	536
MDB2486045.1	QIZ20373.1	92.118	203	16	0	1	203	1	203	1.27e-124	346
MDB2486046.1	QIZ20374.1	93.995	383	23	0	1	383	1	383	0.0	735
MDB2486047.1	QIZ20375.1	87.698	252	31	0	1	252	1	252	9.97e-150	414
MDB2486048.1	QIZ20376.1	91.824	318	26	0	16	333	16	333	0.0	597
MDB2486049.1	QIZ20377.1	96.587	293	10	0	1	293	1	293	0.0	557
MDB2486050.1	QIZ20378.1	87.500	88	11	0	1	88	1	88	4.54e-43	130
MDB2486051.1	QIZ20379.1	95.900	683	28	0	1	683	1	683	0.0	1291
MDB2486052.1	QIZ20380.1	97.549	204	5	0	1	204	1	204	3.16e-144	395
MDB2486053.1	QIZ20381.1	97.091	275	8	0	1	275	1	275	0.0	561
MDB2486054.1	QIZ20689.1	92.063	252	20	0	1	252	1	252	3.55e-173	474
MDB2486055.1	QIZ20687.1	98.137	161	3	0	1	161	1	161	1.30e-110	307
MDB2486056.1	QIZ20686.1	97.794	136	3	0	1	136	1	136	1.43e-97	272
MDB2486057.1	QIZ20685.1	97.525	202	5	0	1	202	1	202	1.28e-145	399
MDB2486058.1	QIZ20684.1	93.494	415	27	0	1	415	1	415	0.0	741
MDB2486059.1	QIZ20683.1	98.007	301	6	0	1	301	1	301	0.0	576
MDB2486060.1	QIZ20682.1	97.778	405	9	0	1	405	1	405	0.0	825
MDB2486061.1	QIZ20681.1	97.297	370	10	0	1	370	1	370	0.0	754
MDB2486062.1	QIZ20680.1	78.198	344	75	0	4	347	3	346	0.0	573
MDB2486064.1	QIZ20679.1	97.333	75	2	0	1	75	1	75	6.35e-53	154
MDB2486067.1	QIZ20676.1	96.273	161	6	0	1	161	1	161	1.16e-111	310
MDB2486068.1	QIZ20675.1	89.706	68	7	0	1	68	1	68	1.99e-41	125
MDB2486069.1	QIZ20674.1	95.165	393	19	0	1	393	1	393	0.0	775
MDB2486070.1	QIZ20673.1	96.074	433	17	0	1	433	1	433	0.0	814
MDB2486071.1	QIZ20672.1	97.902	286	6	0	1	286	1	286	0.0	556
MDB2486072.1	QIZ20671.1	93.204	309	21	0	1	309	1	309	0.0	580
MDB2486073.1	QIZ20670.1	96.752	431	14	0	1	431	1	431	0.0	857
MDB2486074.1	QIZ20669.1	98.783	493	6	0	1	493	1	493	0.0	994
MDB2486075.1	QIZ20668.1	94.475	181	10	0	1	181	1	181	3.49e-111	310
MDB2486076.1	QIZ20667.1	94.591	795	42	1	1	795	1	794	0.0	1446
MDB2486077.1	QIZ20666.1	98.941	472	5	0	1	472	1	472	0.0	954
MDB2486078.1	QIZ20665.1	96.591	88	3	0	6	93	65	152	3.74e-56	166
MDB2486079.1	QIZ20772.1	100.000	201	0	0	1	201	1	201	7.29e-150	411
MDB2486080.1	QIZ20773.1	95.149	268	13	0	1	268	1	268	0.0	527
MDB2486081.1	QIZ20774.1	93.956	182	10	1	1	182	1	181	3.64e-121	335
MDB2486082.1	QIZ20775.1	97.297	148	4	0	1	148	1	148	7.88e-101	281
MDB2486083.1	QIZ20776.1	99.065	107	1	0	1	107	1	107	8.64e-68	194
MDB2486084.1	QIZ20777.1	96.472	652	23	0	1	652	1	652	0.0	1291
MDB2486085.1	QIZ20778.1	96.418	335	12	0	1	335	1	335	0.0	664
MDB2486086.1	QIZ20779.1	90.816	392	36	0	1	392	1	392	0.0	709
MDB2486087.1	QIZ20780.1	89.881	336	34	0	1	336	1	336	0.0	629
MDB2486088.1	QIZ20781.1	92.271	207	16	0	1	207	1	207	2.03e-119	333
MDB2486089.1	QIZ20782.1	98.925	186	2	0	1	186	1	186	1.17e-138	380
MDB2486090.1	QIZ20783.1	98.374	246	4	0	1	246	1	246	0.0	493
MDB2486091.1	QIZ20784.1	98.684	76	1	0	1	76	1	76	1.48e-53	156
MDB2486092.1	QIZ20785.1	96.923	195	6	0	1	195	1	195	5.52e-140	384
MDB2486093.1	QIZ20786.1	100.000	64	0	0	1	64	1	64	4.42e-39	119
MDB2486094.1	QIZ20853.1	53.043	230	108	0	3	232	9	238	1.12e-82	242
MDB2486095.1	QIZ20788.1	97.414	464	12	0	1	464	1	464	0.0	907
MDB2486096.1	QIZ20789.1	98.039	102	2	0	1	102	1	102	4.73e-70	200
MDB2486097.1	QIZ20790.1	91.436	362	31	0	1	362	1	362	0.0	664
MDB2486098.1	QIZ20791.1	94.444	36	2	0	1	36	1	36	8.28e-21	70.9
MDB2486099.1	QIZ20792.1	100.000	41	0	0	1	41	1	41	1.01e-23	78.6
MDB2486101.1	QIZ20800.1	57.265	234	90	3	3	231	6	234	1.60e-87	254
MDB2486102.1	QIZ20801.1	37.255	408	226	13	123	518	1	390	7.02e-55	186
MDB2486104.1	QIZ20858.1	33.731	335	198	11	8	334	31	349	6.30e-35	129
MDB2486109.1	QIZ21167.1	96.006	651	26	0	1	651	1	651	0.0	1279
MDB2486110.1	QIZ21168.1	98.378	185	3	0	1	185	1	185	4.01e-131	361
MDB2486111.1	QIZ21169.1	99.413	511	3	0	1	511	1	511	0.0	1028
MDB2486112.1	QIZ21170.1	100.000	291	0	0	1	291	1	291	0.0	590
MDB2486113.1	QIZ21171.1	99.576	472	2	0	1	472	1	472	0.0	951
MDB2486114.1	QIZ21172.1	100.000	130	0	0	1	130	1	130	1.19e-89	251
MDB2486115.1	QIZ21173.1	94.304	158	9	0	1	158	1	158	1.46e-109	304
MDB2486116.1	QIZ21174.1	98.681	379	5	0	1	379	1	379	0.0	748
MDB2486117.1	QIZ21175.1	98.276	116	2	0	1	116	1	116	4.56e-79	224
MDB2486118.1	QIZ21176.1	97.778	180	4	0	1	180	1	180	4.24e-125	345
MDB2486119.1	QIZ21177.1	94.231	416	24	0	1	416	1	416	0.0	776
MDB2486120.1	QIZ21178.1	96.739	368	12	0	1	368	1	368	0.0	719
MDB2486121.1	QIZ21179.1	98.165	327	6	0	1	327	1	327	0.0	652
MDB2486122.1	QIZ21180.1	100.000	84	0	0	1	84	1	84	2.62e-56	164
MDB2486123.1	QIZ21181.1	99.254	134	1	0	1	134	1	134	7.36e-94	263
MDB2486124.1	QIZ21182.1	95.397	239	11	0	1	239	1	239	1.29e-172	470
MDB2486125.1	QIZ21183.1	98.485	198	3	0	1	198	1	198	2.33e-144	395
MDB2486126.1	QIZ21184.1	97.849	372	8	0	1	372	1	372	0.0	751
MDB2486127.1	QIZ21185.1	95.385	195	9	0	1	195	1	195	6.88e-133	373
MDB2486128.1	QIZ21185.1	98.802	167	2	0	4	170	194	360	3.24e-117	332
MDB2486129.1	QIZ21186.1	96.309	298	11	0	1	298	1	298	0.0	572
MDB2486130.1	QIZ21187.1	92.473	93	7	0	1	93	156	248	3.53e-50	154
MDB2486131.1	QIZ21362.1	98.261	115	2	0	1	115	1	115	1.25e-78	238
MDB2486132.1	QIZ21361.1	97.386	153	4	0	1	153	1	153	3.60e-105	293
MDB2486133.1	QIZ21360.1	96.364	385	14	0	1	385	1	385	0.0	762
MDB2486134.1	QIZ21359.1	97.486	1074	27	0	1	1074	1	1074	0.0	2151
MDB2486136.1	QIZ21358.1	95.442	351	16	0	1	351	1	351	0.0	673
MDB2486137.1	QIZ21319.1	83.105	219	37	0	1	219	1	219	5.55e-143	394
MDB2486138.1	QIZ21318.1	59.936	312	124	1	1	311	1	312	8.70e-140	394
MDB2486139.1	QIZ21317.1	95.208	313	15	0	1	313	1	313	0.0	618
MDB2486141.1	QIZ20493.1	43.137	102	55	2	11	110	11	111	6.82e-23	82.4
MDB2486144.1	QIZ21316.1	82.569	218	38	0	1	218	1	218	2.03e-124	347
MDB2486145.1	QIZ21315.1	96.644	149	5	0	1	149	1	149	8.28e-108	299
MDB2486146.1	QIZ21249.1	31.887	530	342	11	49	570	57	575	1.39e-75	246
MDB2486147.1	QIZ21314.1	97.995	399	8	0	1	399	1	399	0.0	805
MDB2486148.1	QIZ21313.1	98.340	723	12	0	1	723	1	723	0.0	1472
MDB2486149.1	QIZ21312.1	95.349	43	2	0	1	43	15	57	2.36e-24	85.9
MDB2486150.1	QIZ20355.1	98.582	282	4	0	1	282	1	282	0.0	553
MDB2486151.1	QIZ20354.1	94.333	300	17	0	1	300	1	300	0.0	556
MDB2486152.1	QIZ20353.1	98.140	430	8	0	1	430	1	430	0.0	829
MDB2486153.1	QIZ20352.1	93.243	74	5	0	1	74	1	74	2.49e-47	140
MDB2486154.1	QIZ20351.1	93.824	340	21	0	1	340	1	340	0.0	642
MDB2486155.1	QIZ20350.1	97.987	149	3	0	1	149	1	149	6.15e-109	302
MDB2486156.1	QIZ20349.1	97.386	153	4	0	1	153	1	153	6.03e-110	305
MDB2486157.1	QIZ20348.1	98.190	442	8	0	1	442	1	442	0.0	897
MDB2486158.1	QIZ20347.1	90.179	336	33	0	1	336	1	336	0.0	568
MDB2486159.1	QIZ20346.1	97.917	96	2	0	1	96	1	96	3.39e-61	177
MDB2486160.1	QIZ20345.1	100.000	63	0	0	1	63	1	63	4.14e-41	124
MDB2486161.1	QIZ20344.1	97.600	125	3	0	1	125	1	125	4.11e-84	237
MDB2486162.1	QIZ20343.1	96.000	100	4	0	1	100	1	100	5.88e-66	189
MDB2486163.1	QIZ20342.1	94.012	334	20	0	1	334	1	334	0.0	639
MDB2486164.1	QIZ20341.1	100.000	60	0	0	1	60	1	60	7.22e-42	125
MDB2486165.1	QIZ20340.1	95.139	144	7	0	12	155	12	155	7.05e-86	244
MDB2486166.1	QIZ20339.1	84.967	153	23	0	1	153	1	153	1.69e-87	248
MDB2486167.1	QIZ20338.1	98.146	701	13	0	1	701	1	701	0.0	1346
MDB2486168.1	QIZ20337.1	91.223	319	28	0	1	319	1	319	0.0	547
MDB2486169.1	QIZ20336.1	97.761	134	3	0	1	134	1	134	2.15e-94	264
MDB2486170.1	QIZ20335.1	98.438	128	2	0	1	128	1	128	3.34e-90	253
MDB2486171.1	QIZ20334.1	98.361	366	6	0	1	366	1	366	0.0	710
MDB2486172.1	QIZ20333.1	96.447	197	7	0	1	197	1	197	2.11e-136	375
MDB2486174.1	QIZ21189.1	99.200	250	2	0	1	250	1	250	3.83e-174	484
MDB2486175.1	QIZ21190.1	97.308	520	14	0	1	520	6	525	0.0	1030
MDB2486176.1	QIZ21191.1	98.000	350	7	0	1	350	1	350	0.0	679
MDB2486177.1	QIZ21193.1	97.826	184	4	0	1	184	1	184	5.36e-128	353
MDB2486178.1	QIZ21194.1	97.938	291	6	0	1	291	1	291	0.0	583
MDB2486179.1	QIZ21195.1	98.847	347	4	0	1	347	1	347	0.0	716
MDB2486180.1	QIZ21196.1	98.214	392	7	0	1	392	1	392	0.0	785
MDB2486181.1	QIZ21197.1	96.791	187	6	0	1	187	1	187	3.09e-134	369
MDB2486182.1	QIZ21198.1	97.268	183	5	0	1	183	1	183	4.38e-124	343
MDB2486183.1	QIZ21199.1	95.146	309	15	0	1	309	1	309	0.0	589
MDB2486184.1	QIZ21200.1	97.619	924	22	0	1	924	1	924	0.0	1830
MDB2486185.1	QIZ21201.1	97.447	235	6	0	1	235	1	235	2.43e-168	459
MDB2486186.1	QIZ21202.1	97.656	512	12	0	1	512	1	512	0.0	985
MDB2486187.1	QIZ21203.1	98.832	428	5	0	1	428	1	428	0.0	872
MDB2486188.1	QIZ21204.1	95.876	97	4	0	1	97	1	97	1.07e-65	190
MDB2486189.1	QIZ20398.1	95.819	287	12	0	1	287	30	316	0.0	553
MDB2486190.1	QIZ20397.1	98.374	246	4	0	1	246	1	246	4.45e-177	482
MDB2486191.1	QIZ20396.1	96.186	236	6	1	1	233	1	236	5.29e-167	456
MDB2486192.1	QIZ20395.1	97.059	68	2	0	1	68	1	68	2.04e-44	132
MDB2486193.1	QIZ20394.1	94.521	73	4	0	1	73	1	73	2.31e-39	120
MDB2486194.1	QIZ20393.1	97.222	252	7	0	1	252	1	252	4.77e-179	488
MDB2486195.1	QIZ20392.1	97.613	419	10	0	1	419	1	419	0.0	840
MDB2486196.1	QIZ20391.1	97.872	94	2	0	1	94	1	94	3.33e-63	182
MDB2486197.1	QIZ20390.1	94.004	517	31	0	1	517	1	517	0.0	974
MDB2486198.1	QIZ20389.1	97.288	295	8	0	1	295	1	295	0.0	564
MDB2486199.1	QIZ20388.1	96.954	197	6	0	1	197	1	197	1.54e-141	388
MDB2486200.1	QIZ20387.1	97.810	959	21	0	1	959	1	959	0.0	1927
MDB2486201.1	QIZ20386.1	96.078	153	5	1	1	152	1	153	5.17e-107	297
MDB2486202.1	QIZ20385.1	97.644	849	20	0	1	849	1	849	0.0	1662
MDB2486203.1	QIZ20384.1	93.902	164	10	0	1	164	1	164	4.08e-112	311
MDB2486204.1	QIZ20383.1	97.826	184	4	0	1	184	1	184	4.51e-133	366
MDB2486205.1	QIZ20382.1	95.562	338	15	0	1	338	1	338	0.0	669
MDB2486206.1	QIZ21205.1	92.857	308	22	0	1	308	14	321	0.0	559
MDB2486207.1	QIZ21206.1	92.140	229	18	0	1	229	1	229	5.81e-150	412
MDB2486208.1	QIZ21207.1	94.958	238	12	0	1	238	1	238	1.04e-173	473
MDB2486209.1	QIZ21208.1	62.903	124	46	0	1	124	1	124	4.15e-50	151
MDB2486210.1	QIZ21209.1	90.452	199	19	0	1	199	1	199	3.95e-135	372
MDB2486211.1	QIZ21210.1	90.769	1040	96	0	1	1040	1	1040	0.0	1844
MDB2486212.1	QIZ21211.1	93.688	301	19	0	1	301	1	301	0.0	556
MDB2486213.1	QIZ21212.1	87.778	270	33	0	1	270	1	270	0.0	499
MDB2486214.1	QIZ21213.1	93.878	147	9	0	1	147	1	147	7.19e-104	289
MDB2486215.1	QIZ21214.1	96.599	294	10	0	1	294	1	294	0.0	566
MDB2486216.1	QIZ21215.1	95.735	211	9	0	1	211	1	211	1.26e-149	410
MDB2486217.1	QIZ21216.1	94.898	98	5	0	1	98	1	98	2.05e-69	198
MDB2486218.1	QIZ21217.1	98.876	178	2	0	1	178	1	178	3.80e-132	363
MDB2486219.1	QIZ21218.1	99.541	436	2	0	1	436	1	436	0.0	853
MDB2486220.1	QIZ21219.1	92.079	101	8	0	1	101	1	101	5.71e-67	192
MDB2486221.1	QIZ21220.1	95.376	519	24	0	1	519	173	691	0.0	1023
MDB2486222.1	QIZ21390.1	44.000	225	120	3	1	225	1	219	1.81e-58	180
MDB2486223.1	QIZ20232.1	87.347	245	31	0	1	245	1	245	5.80e-163	446
MDB2486224.1	QIZ20233.1	94.923	453	23	0	1	453	1	453	0.0	874
MDB2486225.1	QIZ20234.1	97.749	533	12	0	1	533	1	533	0.0	1076
MDB2486226.1	QIZ20235.1	96.624	237	8	0	1	237	1	237	1.42e-166	455
MDB2486227.1	QIZ20236.1	97.561	205	5	0	1	205	1	205	1.44e-150	412
MDB2486228.1	QIZ21224.1	82.785	395	68	0	1	395	1	395	0.0	704
MDB2486229.1	QIZ20237.1	95.455	110	5	0	1	110	1	110	5.19e-78	221
MDB2486230.1	QIZ20238.1	97.368	76	2	0	1	76	1	76	4.53e-51	150
MDB2486231.1	QIZ20239.1	98.219	730	13	0	1	730	1	730	0.0	1479
MDB2486232.1	QIZ20240.1	95.154	227	11	0	1	227	1	227	1.07e-163	447
MDB2486233.1	QIZ20241.1	97.500	80	2	0	1	80	1	80	2.83e-53	155
MDB2486234.1	QIZ20242.1	98.462	260	4	0	1	260	1	260	0.0	513
MDB2486235.1	QIZ20243.1	97.907	430	9	0	1	430	1	430	0.0	872
MDB2486236.1	QIZ20244.1	98.047	256	5	0	1	256	1	256	0.0	530
MDB2486237.1	QIZ20245.1	94.118	51	3	0	1	51	168	218	3.49e-30	101
MDB2486238.1	QIZ21470.1	100.000	117	0	0	1	117	373	489	2.66e-83	247
MDB2486239.1	QIZ21469.1	99.045	314	3	0	1	314	1	314	0.0	642
MDB2486240.1	QIZ21468.1	96.479	284	10	0	1	284	1	284	0.0	563
MDB2486241.1	QIZ21467.1	98.523	474	7	0	1	474	1	474	0.0	971
MDB2486242.1	QIZ21466.1	97.744	133	3	0	1	133	1	133	1.19e-96	270
MDB2486243.1	QIZ21465.1	97.639	466	11	0	1	466	1	466	0.0	918
MDB2486244.1	QIZ21464.1	95.946	74	3	0	1	74	1	74	2.64e-49	145
MDB2486245.1	QIZ21463.1	97.619	294	7	0	1	294	1	294	0.0	590
MDB2486246.1	QIZ21462.1	99.119	227	2	0	1	227	1	227	1.99e-167	456
MDB2486247.1	QIZ21461.1	100.000	442	0	0	1	442	1	442	0.0	905
MDB2486248.1	QIZ21460.1	98.866	441	5	0	1	441	1	441	0.0	910
MDB2486249.1	QIZ21459.1	97.368	380	10	0	1	380	1	380	0.0	753
MDB2486250.1	QIZ21458.1	94.926	473	24	0	1	473	1	473	0.0	922
MDB2486251.1	QIZ21457.1	96.403	139	5	0	1	139	1	139	6.67e-99	276
MDB2486252.1	QIZ21456.1	97.248	218	6	0	1	218	135	352	2.40e-150	417
MDB2486253.1	QIZ21456.1	100.000	66	0	0	1	66	1	66	5.26e-40	129
MDB2486254.1	QIZ21455.1	96.479	142	5	0	1	142	1	142	7.71e-101	281
MDB2486255.1	QIZ21454.1	91.627	418	35	0	15	432	16	433	0.0	729
MDB2486256.1	QIZ21453.1	94.860	214	11	0	1	214	1	214	4.42e-120	335
MDB2486257.1	QIZ21452.1	98.088	889	17	0	1	889	1	889	0.0	1796
MDB2486258.1	QIZ21451.1	99.490	196	1	0	1	196	1	196	2.08e-140	385
MDB2486259.1	QIZ21450.1	97.345	113	3	0	1	113	1	113	4.56e-78	221
MDB2486260.1	QIZ21449.1	88.636	396	45	0	1	396	1	396	0.0	739
MDB2486261.1	QIZ21448.1	98.954	478	5	0	1	478	1	478	0.0	977
MDB2486262.1	QIZ21447.1	99.687	319	1	0	1	319	1	319	0.0	657
MDB2486263.1	QIZ21446.1	92.982	228	16	0	18	245	18	245	1.04e-156	431
MDB2486264.1	QIZ21445.1	92.523	214	16	0	1	214	1	214	8.16e-146	400
MDB2486266.1	QIZ21435.1	82.209	163	29	0	1	163	1	163	4.64e-103	292
MDB2486267.1	QIZ21436.1	95.897	195	8	0	1	195	1	195	3.02e-139	382
MDB2486268.1	QIZ21437.1	94.072	388	23	0	1	388	1	388	0.0	783
MDB2486269.1	QIZ21438.1	92.308	247	19	0	1	247	1	247	2.17e-170	465
MDB2486270.1	QIZ21439.1	95.876	388	16	0	1	388	1	388	0.0	780
MDB2486271.1	QIZ21440.1	98.066	362	7	0	1	362	1	362	0.0	736
MDB2486272.1	QIZ21441.1	94.460	361	20	0	13	373	13	373	0.0	704
MDB2486273.1	QIZ21442.1	95.422	415	19	0	1	415	1	415	0.0	809
MDB2486274.1	QIZ21443.1	98.239	284	5	0	1	284	1	284	0.0	561
MDB2486275.1	QIZ21444.1	94.598	722	39	0	1	722	1	722	0.0	1397
MDB2486277.1	QIZ20182.1	98.661	224	3	0	1	224	1	224	1.86e-160	438
MDB2486278.1	QIZ20181.1	98.261	230	4	0	1	230	1	230	1.24e-164	449
MDB2486279.1	QIZ20180.1	95.760	283	12	0	1	283	1	283	0.0	555
MDB2486280.1	QIZ21593.1	87.283	346	44	0	1	346	1	346	0.0	608
MDB2486284.1	QIZ21591.1	96.000	175	7	0	1	175	1	175	1.06e-114	318
MDB2486285.1	QIZ21542.1	86.667	75	10	0	1	75	1	75	4.36e-42	127
MDB2486286.1	QIZ21541.1	94.595	814	44	0	1	814	1	814	0.0	1590
MDB2486287.1	QIZ21540.1	93.684	95	6	0	1	95	53	147	2.87e-65	189
MDB2486288.1	QIZ21362.1	97.800	409	9	0	1	409	183	591	0.0	810
MDB2486289.1	QIZ21363.1	98.682	607	8	0	1	607	1	607	0.0	1212
MDB2486290.1	QIZ21364.1	76.768	198	45	1	1	198	1	197	2.87e-106	299
MDB2486291.1	QIZ21365.1	64.906	265	88	2	1	264	1	261	4.11e-129	362
MDB2486292.1	QIZ21366.1	73.279	247	66	0	1	247	1	247	1.65e-129	362
MDB2486293.1	QIZ21367.1	97.419	155	4	0	1	155	1	155	2.60e-113	313
MDB2486294.1	QIZ21368.1	94.949	495	25	0	1	495	1	495	0.0	882
MDB2486295.1	QIZ21369.1	96.418	335	12	0	1	335	2	336	0.0	651
MDB2486296.1	QIZ21370.1	93.443	61	4	0	1	61	1	61	8.48e-35	109
MDB2486297.1	QIZ20649.1	92.105	342	27	0	1	342	1	342	0.0	598
MDB2486298.1	QIZ20648.1	92.361	288	22	0	1	288	72	359	0.0	503
MDB2486299.1	QIZ20647.1	98.182	220	4	0	1	220	5	224	2.48e-153	420
MDB2486300.1	QIZ20646.1	96.465	594	21	0	1	594	1	594	0.0	1184
MDB2486301.1	QIZ20645.1	98.535	273	4	0	1	273	1	273	0.0	545
MDB2486302.1	QIZ20644.1	97.479	119	3	0	1	119	1	119	1.90e-83	235
MDB2486303.1	QIZ20643.1	94.697	132	7	0	1	132	1	132	2.50e-82	233
MDB2486304.1	QIZ20642.1	98.876	445	5	0	1	445	1	445	0.0	914
MDB2486305.1	QIZ20641.1	95.035	141	7	0	1	141	1	141	1.15e-94	265
MDB2486306.1	QIZ20640.1	96.575	146	5	0	1	146	1	146	1.13e-101	283
MDB2486307.1	QIZ21237.1	95.588	272	12	0	1	272	1	272	0.0	533
MDB2486308.1	QIZ21236.1	100.000	96	0	0	1	96	1	96	1.33e-65	188
MDB2486309.1	QIZ21235.1	99.459	555	3	0	1	555	1	555	0.0	1093
MDB2486310.1	QIZ21234.1	92.671	614	13	1	1	582	1	614	0.0	1127
MDB2486311.1	QIZ21233.1	99.836	608	1	0	1	608	1	608	0.0	1236
MDB2486312.1	QIZ21232.1	92.558	215	16	0	1	215	1	215	9.46e-138	380
MDB2486313.1	QIZ21231.1	96.460	226	8	0	1	226	1	226	3.36e-162	443
MDB2486314.1	QIZ21230.1	94.783	115	6	0	1	115	209	323	3.37e-76	224
MDB2486315.1	QIZ20690.1	97.802	546	12	0	1	546	7	552	0.0	1095
MDB2486316.1	QIZ20691.1	99.349	922	6	0	1	922	1	922	0.0	1922
MDB2486317.1	QIZ20692.1	89.002	491	54	0	1	491	1	491	0.0	926
MDB2486318.1	QIZ20694.1	97.275	367	10	0	1	367	1	367	0.0	741
MDB2486319.1	QIZ20695.1	78.065	155	34	0	1	155	1	155	1.31e-70	206
MDB2486320.1	QIZ20696.1	91.129	248	22	0	1	248	1	248	2.69e-172	470
MDB2486321.1	QIZ20638.1	98.246	228	4	0	1	228	30	257	1.14e-166	456
MDB2486322.1	QIZ20637.1	96.488	598	21	0	1	598	1	598	0.0	1122
MDB2486324.1	QIZ20863.1	41.975	243	133	5	104	342	104	342	1.76e-54	178
MDB2486325.1	QIZ20636.1	89.655	348	36	0	1	348	1	348	0.0	539
MDB2486328.1	QIZ21142.1	96.066	305	12	0	1	305	1	305	0.0	590
MDB2486329.1	QIZ21143.1	93.066	274	19	0	1	274	1	274	3.43e-178	487
MDB2486330.1	QIZ21144.1	97.345	452	12	0	1	452	1	452	0.0	887
MDB2486331.1	QIZ21145.1	98.131	107	2	0	1	107	1	107	2.08e-74	217
MDB2486332.1	QIZ21146.1	96.930	228	7	0	1	228	1	228	4.54e-166	453
MDB2486333.1	QIZ21148.1	98.715	467	6	0	1	467	1	467	0.0	957
MDB2486334.1	QIZ21149.1	98.837	86	1	0	1	86	9	94	5.58e-60	177
MDB2486335.1	QIZ21292.1	98.039	153	3	0	1	153	1	153	6.54e-113	312
MDB2486336.1	QIZ21293.1	98.225	169	3	0	1	169	1	169	1.36e-126	348
MDB2486337.1	QIZ21294.1	99.284	419	3	0	1	419	1	419	0.0	837
MDB2486338.1	QIZ21295.1	97.297	259	7	0	1	259	1	259	0.0	525
MDB2486339.1	QIZ21296.1	98.039	357	7	0	1	357	1	357	0.0	718
MDB2486340.1	QIZ21297.1	97.312	186	5	0	1	186	1	186	3.14e-132	364
MDB2486341.1	QIZ21298.1	88.636	220	24	1	1	219	1	220	4.15e-137	380
MDB2486342.1	QIZ21299.1	97.097	310	9	0	1	310	1	310	0.0	603
MDB2486344.1	QIZ21426.1	98.106	264	5	0	1	264	1	264	0.0	522
MDB2486345.1	QIZ21427.1	96.170	235	9	0	1	235	1	235	1.53e-158	434
MDB2486346.1	QIZ21428.1	98.512	336	5	0	1	336	1	336	0.0	654
MDB2486347.1	QIZ21429.1	97.517	443	11	0	14	456	1	443	0.0	863
MDB2486348.1	QIZ21430.1	98.266	346	6	0	1	346	1	346	0.0	679
MDB2486349.1	QIZ20492.1	97.071	239	7	0	1	239	20	258	1.96e-172	471
MDB2486350.1	QIZ20491.1	97.628	506	12	0	1	506	1	506	0.0	1021
MDB2486351.1	QIZ20490.1	98.377	308	5	0	1	308	1	308	0.0	618
MDB2486352.1	QIZ20489.1	98.898	363	4	0	1	363	1	363	0.0	743
MDB2486353.1	QIZ20488.1	97.512	201	5	0	1	201	1	201	2.83e-147	404
MDB2486354.1	QIZ20487.1	98.795	166	2	0	1	166	1	166	1.41e-109	315
MDB2486355.1	QIZ20867.1	89.510	143	15	0	1	143	1	143	4.13e-84	239
MDB2486356.1	QIZ20866.1	95.417	240	11	0	1	240	1	240	1.13e-166	455
MDB2486357.1	QIZ20865.1	96.278	403	15	0	1	403	1	403	0.0	784
MDB2486358.1	QIZ20864.1	99.727	366	1	0	1	366	1	366	0.0	731
MDB2486359.1	QIZ20863.1	97.479	357	9	0	1	357	1	357	0.0	703
MDB2486360.1	QIZ20862.1	93.689	206	13	0	1	206	1	206	3.89e-138	383
MDB2486361.1	QIZ21474.1	99.363	314	2	0	1	314	1	314	0.0	640
MDB2486362.1	QIZ21473.1	96.000	775	31	0	1	775	1	775	0.0	1560
MDB2486363.1	QIZ21472.1	93.043	115	8	0	1	115	1	115	1.58e-79	225
MDB2486364.1	QIZ21471.1	93.017	401	28	0	1	401	1	401	0.0	787
MDB2486365.1	QIZ20663.1	97.297	74	2	0	1	74	1	74	7.39e-50	148
MDB2486366.1	QIZ20662.1	97.097	310	9	0	1	310	1	310	0.0	602
MDB2486367.1	QIZ20661.1	100.000	245	0	0	1	245	3	247	3.39e-180	490
MDB2486368.1	QIZ20660.1	100.000	79	0	0	1	79	1	79	1.08e-50	149
MDB2486369.1	QIZ20659.1	95.714	210	9	0	1	210	1	210	4.50e-149	408
MDB2486370.1	QIZ20658.1	88.931	262	29	0	1	262	1	262	1.01e-170	468
MDB2486371.1	QIZ20657.1	83.438	320	53	0	1	320	1	320	0.0	508
MDB2486372.1	QIZ20656.1	71.287	101	29	0	1	101	204	304	8.82e-50	155
MDB2486373.1	QIZ20760.1	96.842	95	3	0	1	95	176	270	1.62e-64	191
MDB2486374.1	QIZ20759.1	99.070	430	4	0	1	430	1	430	0.0	865
MDB2486375.1	QIZ20758.1	97.952	293	6	0	1	293	1	293	0.0	586
MDB2486376.1	QIZ20757.1	97.239	326	9	0	1	326	1	326	0.0	647
MDB2486377.1	QIZ20756.1	96.129	310	12	0	1	310	1	310	0.0	590
MDB2486378.1	QIZ20407.1	98.068	207	4	0	1	207	45	251	1.60e-151	416
MDB2486379.1	QIZ20406.1	98.502	267	4	0	1	267	1	267	0.0	503
MDB2486380.1	QIZ20405.1	99.248	133	1	0	1	133	1	133	4.38e-96	268
MDB2486381.1	QIZ20404.1	98.193	332	6	0	1	332	1	332	0.0	659
MDB2486382.1	QIZ20403.1	97.674	258	6	0	1	258	1	258	0.0	519
MDB2486383.1	QIZ20402.1	100.000	105	0	0	1	105	1	105	1.52e-73	209
MDB2486384.1	QIZ20401.1	98.000	200	4	0	1	200	1	200	3.02e-144	402
MDB2486385.1	QIZ20771.1	99.242	132	1	0	1	132	33	164	3.23e-95	267
MDB2486386.1	QIZ20770.1	97.321	224	6	0	1	224	1	224	5.95e-161	439
MDB2486387.1	QIZ20769.1	99.275	138	1	0	1	138	1	138	6.63e-98	273
MDB2486388.1	QIZ20768.1	97.398	269	7	0	1	269	1	269	0.0	522
MDB2486389.1	QIZ20767.1	97.085	446	13	0	1	446	1	446	0.0	888
MDB2486390.1	QIZ20766.1	94.410	161	7	1	1	161	1	159	7.82e-103	287
MDB2486393.1	QIZ20800.1	45.652	230	118	5	1	225	4	231	5.17e-55	172
MDB2486402.1	QIZ21165.1	99.167	240	2	0	1	240	186	425	3.44e-179	494
MDB2486403.1	QIZ21166.1	96.781	466	15	0	1	466	1	466	0.0	925
MDB2486408.1	QIZ20408.1	91.447	304	14	2	1	292	57	360	0.0	552
MDB2486409.1	QIZ20409.1	100.000	73	0	0	1	73	1	73	7.03e-47	139
MDB2486410.1	QIZ20410.1	98.605	215	3	0	1	215	1	215	8.08e-154	421
MDB2486411.1	QIZ20411.1	100.000	319	0	0	1	319	3	321	0.0	639
MDB2486414.1	QIZ21372.1	97.802	91	2	0	1	91	602	692	7.92e-57	182
MDB2486415.1	QIZ21372.1	93.428	563	37	0	1	563	1	563	0.0	1017
MDB2486416.1	QIZ21371.1	94.942	514	26	0	1	514	47	560	0.0	978
MDB2486417.1	QIZ21230.1	91.463	82	7	0	1	82	1	82	9.95e-49	152
MDB2486418.1	QIZ21229.1	95.216	439	21	0	1	439	1	439	0.0	801
MDB2486419.1	QIZ21228.1	98.298	470	8	0	1	470	1	470	0.0	949
MDB2486420.1	QIZ21227.1	95.833	120	5	0	1	120	1	120	5.67e-84	236
MDB2486421.1	QIZ21159.1	96.104	231	9	0	1	231	27	257	5.65e-169	461
MDB2486422.1	QIZ21160.1	98.299	294	5	0	1	294	1	294	0.0	594
MDB2486423.1	QIZ20795.1	52.035	344	158	3	1	343	1	338	2.98e-118	341
MDB2486425.1	QIZ20802.1	32.197	264	157	8	3	258	10	259	9.17e-23	90.9
MDB2486426.1	QIZ20869.1	97.059	680	20	0	1	680	1	680	0.0	1352
MDB2486427.1	QIZ20868.1	95.640	344	15	0	1	344	1	344	0.0	666
MDB2486434.1	QIZ21214.1	32.778	180	117	2	4	181	103	280	2.89e-24	92.4
MDB2486437.1	QIZ21536.1	91.630	227	19	0	1	227	1	227	7.36e-157	429
MDB2486438.1	QIZ21537.1	92.614	176	13	0	1	176	142	317	7.43e-113	319
MDB2486442.1	QIZ20806.1	55.000	60	27	0	2	61	3	62	1.50e-21	76.3
MDB2486446.1	QIZ20655.1	72.260	739	201	1	1	735	76	814	0.0	1103
MDB2486447.1	QIZ21300.1	94.326	141	8	0	1	141	13	153	3.40e-87	250
MDB2486448.1	QIZ21301.1	94.813	347	18	0	1	347	1	347	0.0	635
MDB2486449.1	QIZ21302.1	94.841	252	13	0	1	252	3	254	7.05e-176	479
MDB2486450.1	QIZ20763.1	99.363	628	4	0	3	630	1	628	0.0	1270
MDB2486451.1	QIZ21309.1	99.454	183	1	0	1	183	429	611	3.15e-129	371
MDB2486452.1	QIZ21308.1	98.454	194	3	0	1	194	1	194	3.38e-139	382
MDB2486453.1	QIZ21307.1	96.897	290	9	0	1	290	1	290	0.0	590
