MDC0364660.1	QIZ20846.1	37.327	217	120	5	13	222	10	217	2.57e-32	118
MDC0364670.1	QIZ20851.1	30.606	330	202	11	4	326	6	315	4.54e-27	104
MDC0364672.1	QIZ21394.1	40.283	283	150	5	1	270	1	277	4.37e-59	185
MDC0364675.1	QIZ21390.1	52.941	221	102	1	1	221	1	219	1.09e-79	234
MDC0364676.1	QIZ20796.1	57.003	307	132	0	3	309	1	307	1.39e-123	352
MDC0364677.1	QIZ20795.1	51.734	346	159	3	1	345	1	339	1.02e-117	340
MDC0364680.1	QIZ20844.1	26.738	374	233	12	38	406	24	361	4.67e-21	89.4
MDC0364681.1	QIZ21390.1	46.847	222	114	2	1	222	1	218	3.40e-70	210
MDC0364682.1	QIZ20793.1	66.096	292	99	0	1	292	1	292	7.99e-144	402
MDC0364683.1	QIZ20792.1	95.122	41	2	0	1	41	1	41	3.81e-23	77.4
MDC0364685.1	QIZ20790.1	81.492	362	67	0	1	362	1	362	0.0	597
MDC0364686.1	QIZ20789.1	91.579	95	8	0	1	95	1	95	6.35e-58	169
MDC0364687.1	QIZ20788.1	92.672	464	34	0	2	465	1	464	0.0	876
MDC0364688.1	QIZ20853.1	53.448	232	108	0	1	232	7	238	7.41e-84	245
MDC0364689.1	QIZ20786.1	95.312	64	3	0	1	64	1	64	1.09e-37	115
MDC0364690.1	QIZ20785.1	84.103	195	31	0	1	195	1	195	1.67e-114	320
MDC0364691.1	QIZ20784.1	86.842	76	10	0	1	76	1	76	1.03e-48	144
MDC0364692.1	QIZ20783.1	64.407	236	84	0	1	236	11	246	6.78e-111	314
MDC0364693.1	QIZ20782.1	80.645	186	36	0	1	186	1	186	5.78e-116	323
MDC0364694.1	QIZ20781.1	66.500	200	66	1	6	204	8	207	2.41e-83	242
MDC0364695.1	QIZ20780.1	78.274	336	73	0	1	336	1	336	0.0	544
MDC0364696.1	QIZ20779.1	72.449	392	108	0	1	392	1	392	0.0	575
MDC0364697.1	QIZ20778.1	85.672	335	48	0	1	335	1	335	0.0	602
MDC0364698.1	QIZ20777.1	83.871	651	105	0	1	651	1	651	0.0	1140
MDC0364699.1	QIZ20776.1	63.551	107	39	0	1	107	1	107	5.40e-37	117
MDC0364700.1	QIZ20775.1	72.973	148	40	0	1	148	1	148	1.72e-72	209
MDC0364701.1	QIZ20774.1	55.801	181	80	0	1	181	1	181	7.07e-67	198
MDC0364702.1	QIZ20773.1	77.528	267	60	0	1	267	1	267	4.98e-160	441
MDC0364703.1	QIZ20772.1	83.750	240	39	0	1	240	1	240	1.82e-155	427
MDC0364704.1	QIZ20771.1	87.195	164	21	0	1	164	1	164	8.21e-107	298
MDC0364705.1	QIZ20770.1	83.929	224	36	0	1	224	1	224	3.17e-139	385
MDC0364706.1	QIZ20769.1	92.754	138	10	0	1	138	1	138	5.19e-94	263
MDC0364707.1	QIZ20768.1	81.333	75	14	0	1	75	1	75	7.56e-27	96.3
MDC0364708.1	QIZ21097.1	91.821	379	31	0	1	379	117	495	0.0	736
MDC0364709.1	QIZ21099.1	97.500	40	1	0	1	40	1	40	2.97e-23	77.4
MDC0364710.1	QIZ21100.1	89.130	138	15	0	1	138	1	138	8.16e-87	245
MDC0364711.1	QIZ21101.1	91.213	239	21	0	1	239	1	239	9.50e-168	458
MDC0364714.1	QIZ21102.1	96.020	201	8	0	1	201	1	201	1.71e-134	371
MDC0364715.1	QIZ21103.1	86.316	380	52	0	1	380	1	380	0.0	677
MDC0364716.1	QIZ21104.1	90.476	126	12	0	1	126	1	126	4.66e-81	229
MDC0364717.1	QIZ21105.1	94.079	152	9	0	1	152	1	152	5.37e-95	267
MDC0364718.1	QIZ21106.1	69.268	205	63	0	1	205	1	205	2.44e-99	282
MDC0364719.1	QIZ21107.1	87.595	395	49	0	1	395	1	395	0.0	714
MDC0364720.1	QIZ21108.1	68.235	170	52	1	1	170	1	168	1.10e-86	247
MDC0364721.1	QIZ21109.1	75.652	345	84	0	1	345	1	345	0.0	576
MDC0364722.1	QIZ21110.1	81.423	253	47	0	1	253	1	253	7.91e-150	414
MDC0364723.1	QIZ21111.1	83.929	112	18	0	1	112	1	112	1.11e-67	195
MDC0364724.1	QIZ21112.1	88.462	182	21	0	1	182	1	182	3.23e-120	333
MDC0364725.1	QIZ21113.1	94.340	106	6	0	1	106	1	106	3.63e-73	208
MDC0364726.1	QIZ21114.1	81.356	236	43	1	1	235	1	236	7.64e-145	400
MDC0364727.1	QIZ21115.1	66.216	74	25	0	1	74	1	74	1.68e-33	105
MDC0364728.1	QIZ21116.1	73.529	136	36	0	1	136	1	136	8.76e-72	207
MDC0364729.1	QIZ21117.1	70.673	624	182	1	1	623	1	624	0.0	848
MDC0364730.1	QIZ21118.1	52.023	173	82	1	1	172	1	173	6.25e-63	187
MDC0364731.1	QIZ21119.1	62.245	98	37	0	5	102	25	122	2.11e-37	118
MDC0364732.1	QIZ21120.1	74.830	147	37	0	24	170	23	169	8.12e-83	238
MDC0364733.1	QIZ21122.1	87.263	369	47	0	12	380	15	383	0.0	695
MDC0364734.1	QIZ21123.1	90.933	386	35	0	1	386	1	386	0.0	714
MDC0364735.1	QIZ21124.1	31.808	459	303	7	19	473	4	456	5.21e-75	239
MDC0364738.1	QIZ21125.1	82.022	89	16	0	1	89	1	89	8.20e-48	150
MDC0364739.1	QIZ21125.1	92.417	211	16	0	1	211	107	317	1.35e-147	409
MDC0364740.1	QIZ20490.1	63.487	304	110	1	1	304	1	303	9.04e-142	398
MDC0364741.1	QIZ21127.1	71.191	361	102	1	1	361	1	359	1.25e-180	501
MDC0364742.1	QIZ21128.1	92.068	353	28	0	1	353	1	353	0.0	665
MDC0364743.1	QIZ21129.1	94.727	512	26	1	1	512	1	511	0.0	1000
MDC0364744.1	QIZ21130.1	96.853	286	9	0	1	286	1	286	0.0	550
MDC0364745.1	QIZ21131.1	94.681	282	15	0	1	282	1	282	0.0	531
MDC0364746.1	QIZ21132.1	82.730	359	62	0	1	359	1	359	0.0	598
MDC0364747.1	QIZ21133.1	84.594	357	55	0	1	357	1	357	0.0	638
MDC0364748.1	QIZ21134.1	31.700	347	234	2	1	344	1	347	1.06e-42	149
MDC0364750.1	QIZ20487.1	32.258	310	156	5	2	309	6	263	8.73e-37	137
MDC0364752.1	QIZ20730.1	65.027	183	62	1	3	185	1	181	6.50e-86	247
MDC0364755.1	QIZ20594.1	43.254	252	142	1	3	253	1	252	1.46e-67	205
MDC0364756.1	QIZ20310.1	69.048	84	26	0	1	84	1	84	6.86e-40	122
MDC0364757.1	QIZ21524.1	88.819	474	53	0	1	474	1	474	0.0	883
MDC0364759.1	QIZ21525.1	89.882	425	42	1	1	424	1	425	0.0	810
MDC0364760.1	QIZ20218.1	79.255	376	78	0	4	379	5	380	0.0	634
MDC0364761.1	QIZ20540.1	81.961	255	46	0	1	255	1	255	8.55e-154	424
MDC0364762.1	QIZ20541.1	77.170	311	71	0	1	311	1	311	1.84e-179	494
MDC0364763.1	QIZ21534.1	72.951	122	33	0	1	122	1	122	2.14e-58	172
MDC0364764.1	QIZ20542.1	47.510	482	248	3	3	479	2	483	2.73e-146	423
MDC0364765.1	QIZ20211.1	67.708	96	31	0	1	96	1	96	5.13e-47	141
MDC0364766.1	QIZ20213.1	63.816	152	55	0	18	169	26	177	1.74e-64	191
MDC0364767.1	QIZ20834.1	32.075	265	158	6	8	265	1	250	1.88e-27	105
MDC0364768.1	QIZ20594.1	60.159	251	100	0	1	251	1	251	4.22e-104	298
MDC0364769.1	QIZ20595.1	76.776	366	82	1	1	363	1	366	0.0	577
MDC0364770.1	QIZ20596.1	77.667	300	67	0	1	300	1	300	3.23e-169	467
MDC0364771.1	QIZ20597.1	87.241	290	37	0	1	290	1	290	0.0	528
MDC0364772.1	QIZ20598.1	86.395	294	40	0	3	296	113	406	0.0	534
MDC0364774.1	QIZ20590.1	65.744	289	99	0	4	292	3	291	1.92e-117	335
MDC0364775.1	QIZ20605.1	33.333	372	204	9	33	390	50	391	6.45e-49	166
MDC0364776.1	QIZ20591.1	75.627	279	68	0	1	279	1	279	4.16e-162	447
MDC0364777.1	QIZ20592.1	91.093	247	22	0	1	247	1	247	2.50e-172	470
MDC0364778.1	QIZ20589.1	71.181	288	83	0	3	290	2	289	4.32e-156	432
MDC0364779.1	QIZ20487.1	32.381	420	280	2	9	425	12	430	3.08e-69	222
MDC0364781.1	QIZ20489.1	27.134	328	206	10	2	310	1	314	1.81e-24	97.8
MDC0364782.1	QIZ21125.1	46.129	310	163	1	4	313	3	308	6.97e-95	280
MDC0364783.1	QIZ20593.1	78.173	591	129	0	1	591	1	591	0.0	991
MDC0364784.1	QIZ20513.1	28.680	394	254	8	105	492	7	379	1.02e-37	138
MDC0364786.1	QIZ20589.1	30.208	288	189	7	1	283	1	281	8.28e-25	96.3
MDC0364787.1	QIZ20544.1	62.791	172	58	1	1	172	1	166	1.28e-76	222
MDC0364788.1	QIZ21540.1	62.411	141	53	0	15	155	7	147	2.48e-64	189
MDC0364789.1	QIZ21539.1	54.545	110	50	0	1	110	6	115	2.53e-32	107
MDC0364791.1	QIZ20342.1	78.078	333	73	0	1	333	1	333	0.0	529
MDC0364792.1	QIZ20343.1	73.196	97	26	0	2	98	3	99	5.53e-49	146
MDC0364793.1	QIZ20344.1	65.323	124	42	1	1	123	2	125	1.51e-51	155
MDC0364794.1	QIZ20345.1	98.413	63	1	0	1	63	1	63	1.62e-40	122
MDC0364795.1	QIZ20346.1	78.125	96	21	0	1	96	1	96	8.77e-46	138
MDC0364796.1	QIZ20347.1	50.599	334	161	2	1	332	1	332	1.16e-100	296
MDC0364797.1	QIZ20348.1	94.118	442	26	0	1	442	1	442	0.0	842
MDC0364798.1	QIZ20349.1	78.431	153	32	1	1	152	1	153	2.08e-91	258
MDC0364799.1	QIZ20350.1	79.562	137	28	0	9	145	13	149	4.45e-82	234
MDC0364800.1	QIZ20351.1	74.174	333	86	0	1	333	1	333	0.0	502
MDC0364802.1	QIZ20353.1	85.514	428	62	0	1	428	1	428	0.0	701
MDC0364803.1	QIZ20354.1	62.542	299	111	1	1	298	1	299	3.14e-135	380
MDC0364804.1	QIZ20355.1	66.548	281	94	0	1	281	1	281	8.18e-133	373
MDC0364805.1	QIZ20356.1	93.478	92	6	0	1	92	4	95	1.86e-60	175
MDC0364806.1	QIZ20357.1	81.379	145	27	0	1	145	1	145	5.33e-88	249
MDC0364807.1	QIZ20359.1	62.264	318	107	2	1	318	1	305	2.80e-152	425
MDC0364809.1	QIZ20360.1	73.258	617	162	2	3	616	90	706	0.0	915
MDC0364810.1	QIZ20667.1	83.286	353	57	1	1	353	444	794	0.0	542
MDC0364811.1	QIZ20668.1	69.061	181	56	0	1	181	1	181	7.58e-86	246
MDC0364812.1	QIZ20669.1	88.958	480	53	0	14	493	14	493	0.0	900
MDC0364813.1	QIZ20670.1	77.262	431	98	0	1	431	1	431	0.0	697
MDC0364814.1	QIZ20671.1	74.110	309	79	1	1	308	1	309	6.21e-170	469
MDC0364815.1	QIZ20672.1	82.867	286	49	0	1	286	1	286	6.60e-179	490
MDC0364816.1	QIZ20673.1	79.128	436	85	1	1	436	1	430	0.0	685
MDC0364818.1	QIZ20679.1	80.000	75	15	0	1	75	1	75	2.43e-43	130
MDC0364819.1	QIZ20680.1	79.827	347	70	0	1	347	1	347	0.0	594
MDC0364820.1	QIZ20681.1	94.851	369	19	0	3	371	2	370	0.0	740
MDC0364821.1	QIZ20682.1	88.642	405	46	0	1	405	1	405	0.0	762
MDC0364822.1	QIZ20683.1	77.741	301	67	0	1	301	1	301	7.83e-168	463
MDC0364823.1	QIZ20684.1	64.407	413	144	1	1	413	1	410	7.68e-179	501
MDC0364824.1	QIZ20706.1	78.689	183	39	0	1	183	82	264	4.03e-107	303
MDC0364825.1	QIZ20707.1	69.325	163	48	1	2	162	1	163	5.53e-77	222
MDC0364826.1	QIZ20714.1	87.255	204	26	0	1	204	1	204	1.51e-122	341
MDC0364827.1	QIZ20715.1	68.482	257	81	0	1	257	1	257	6.80e-131	366
MDC0364828.1	QIZ20716.1	82.014	139	25	0	1	139	1	139	2.38e-88	249
MDC0364829.1	QIZ20717.1	80.806	521	99	1	1	520	1	521	0.0	860
MDC0364830.1	QIZ20718.1	54.483	145	66	0	1	145	1	145	6.46e-53	160
MDC0364831.1	QIZ20719.1	83.520	358	59	0	1	358	1	358	0.0	580
MDC0364832.1	QIZ20720.1	73.399	203	54	0	1	203	1	203	4.97e-106	299
MDC0364833.1	QIZ20721.1	77.741	301	67	0	1	301	1	301	3.46e-179	492
MDC0364834.1	QIZ20722.1	67.293	266	79	2	1	259	1	265	6.79e-124	349
MDC0364835.1	QIZ20723.1	73.023	215	58	0	1	215	1	215	1.45e-123	344
MDC0364836.1	QIZ20724.1	89.109	404	44	0	1	404	1	404	0.0	764
MDC0364837.1	QIZ20725.1	76.577	888	208	0	1	888	1	888	0.0	1418
MDC0364838.1	QIZ20726.1	90.909	363	32	1	5	366	21	383	0.0	674
MDC0364840.1	QIZ21387.1	88.503	461	53	0	1	461	1	461	0.0	825
MDC0364842.1	QIZ20745.1	76.534	277	65	0	1	277	1	277	4.77e-155	429
MDC0364843.1	QIZ20744.1	89.362	329	35	0	1	329	1	329	0.0	621
MDC0364845.1	QIZ20743.1	74.490	294	75	0	1	294	1	294	5.24e-164	453
MDC0364846.1	QIZ20742.1	87.097	434	56	0	1	434	1	434	0.0	800
MDC0364848.1	QIZ20515.1	39.877	326	194	2	1	324	1	326	3.19e-74	228
MDC0364849.1	QIZ20741.1	78.182	110	24	0	1	110	1	110	1.23e-59	174
MDC0364850.1	QIZ20740.1	89.683	630	65	0	1	630	1	630	0.0	1181
MDC0364851.1	QIZ20739.1	84.585	253	39	0	1	253	1	253	4.70e-157	432
MDC0364852.1	QIZ20738.1	76.415	106	25	0	1	106	1	106	7.48e-60	174
MDC0364853.1	QIZ20737.1	72.866	328	89	0	1	328	1	328	1.46e-179	496
MDC0364854.1	QIZ21513.1	90.298	773	74	1	1	772	1	773	0.0	1451
MDC0364855.1	QIZ21512.1	58.710	155	63	1	4	157	12	166	8.26e-60	179
MDC0364856.1	QIZ21511.1	83.598	189	31	0	1	189	1	189	9.52e-119	330
MDC0364859.1	QIZ21510.1	53.488	129	60	0	4	132	10	138	4.29e-47	145
MDC0364860.1	QIZ21482.1	78.689	61	13	0	5	65	3	63	9.03e-33	103
MDC0364861.1	QIZ21509.1	85.214	257	38	0	3	259	5	261	5.26e-163	447
MDC0364862.1	QIZ21508.1	89.516	124	13	0	1	124	1	124	7.04e-85	239
MDC0364863.1	QIZ21507.1	76.119	134	32	0	1	134	1	134	2.38e-76	218
MDC0364864.1	QIZ21506.1	72.292	397	110	0	8	404	1	397	0.0	630
MDC0364865.1	QIZ21505.1	86.364	242	33	0	1	242	1	242	1.48e-159	437
MDC0364866.1	QIZ21504.1	95.354	452	21	0	1	452	1	452	0.0	903
MDC0364868.1	QIZ20606.1	78.288	479	104	0	1	479	1	479	0.0	802
MDC0364869.1	QIZ20511.1	23.420	538	351	14	64	569	49	557	2.09e-24	103
MDC0364872.1	QIZ20710.1	33.884	242	149	5	8	247	3	235	1.78e-33	117
MDC0364875.1	QIZ20424.1	52.151	186	88	1	2	186	182	367	9.85e-53	168
MDC0364876.1	QIZ20425.1	42.949	156	88	1	1	156	2	156	8.88e-37	120
MDC0364877.1	QIZ20426.1	62.774	137	51	0	18	154	16	152	1.71e-57	172
MDC0364878.1	QIZ20427.1	68.667	150	42	1	1	150	1	145	3.71e-71	206
MDC0364879.1	QIZ20428.1	83.007	306	52	0	1	306	3	308	0.0	521
MDC0364880.1	QIZ20429.1	71.717	99	28	0	1	99	1	99	3.02e-44	134
MDC0364881.1	QIZ20430.1	83.254	418	70	0	1	418	1	418	0.0	691
MDC0364882.1	QIZ20431.1	90.741	270	25	0	5	274	5	274	2.12e-179	490
MDC0364883.1	QIZ20432.1	86.803	538	71	0	1	538	1	538	0.0	964
MDC0364884.1	QIZ20433.1	79.798	99	20	0	1	99	1	99	1.32e-54	160
MDC0364885.1	QIZ20434.1	65.041	246	86	0	1	246	1	246	1.29e-120	339
MDC0364886.1	QIZ21251.1	85.714	133	19	0	1	133	1	133	2.29e-85	241
MDC0364887.1	QIZ21252.1	54.938	324	146	0	1	324	1	324	5.46e-128	364
MDC0364888.1	QIZ21253.1	83.513	279	45	1	1	278	1	279	4.93e-174	477
MDC0364889.1	QIZ21254.1	82.278	79	14	0	25	103	1	79	3.01e-48	144
MDC0364890.1	QIZ21255.1	80.672	119	23	0	1	119	1	119	7.20e-71	203
MDC0364891.1	QIZ21256.1	86.364	220	30	0	1	220	1	220	1.86e-134	372
MDC0364892.1	QIZ21257.1	81.116	233	44	0	1	233	1	233	1.26e-137	381
MDC0364893.1	QIZ21258.1	82.657	271	47	0	1	271	1	271	1.06e-163	450
MDC0364894.1	QIZ21259.1	94.485	544	30	0	1	544	1	544	0.0	999
MDC0364895.1	QIZ21260.1	85.246	244	36	0	1	244	1	244	1.80e-155	430
MDC0364896.1	QIZ21050.1	79.387	359	74	0	1	359	1	359	0.0	582
MDC0364897.1	QIZ21052.1	94.787	422	22	0	1	422	1	422	0.0	813
MDC0364900.1	QIZ21055.1	74.474	333	85	0	1	333	1	333	0.0	523
MDC0364901.1	QIZ21056.1	76.952	269	62	0	1	269	1	269	1.14e-159	441
MDC0364902.1	QIZ21057.1	73.822	191	50	0	1	191	1	191	5.51e-97	275
MDC0364903.1	QIZ21058.1	52.143	140	67	0	2	141	3	142	5.21e-46	146
MDC0364904.1	QIZ21058.1	54.795	146	66	0	5	150	120	265	1.25e-56	174
MDC0364905.1	QIZ21059.1	58.095	105	44	0	1	105	1	105	1.81e-37	120
MDC0364906.1	QIZ20692.1	68.836	292	91	0	4	295	12	303	6.74e-152	430
MDC0364907.1	QIZ20691.1	90.022	922	92	0	1	922	1	922	0.0	1774
MDC0364908.1	QIZ20690.1	84.058	552	87	1	1	551	1	552	0.0	953
MDC0364909.1	QIZ20689.1	63.768	276	100	0	1	276	1	276	1.03e-135	380
MDC0364910.1	QIZ20687.1	58.974	156	64	0	1	156	1	156	6.99e-58	174
MDC0364911.1	QIZ20686.1	59.124	137	50	2	1	132	1	136	2.38e-54	162
MDC0364912.1	QIZ20685.1	52.344	128	61	0	1	128	1	128	1.55e-47	147
MDC0364913.1	QIZ20700.1	86.450	952	129	0	1	952	1	952	0.0	1716
MDC0364914.1	QIZ20701.1	83.333	126	21	0	1	126	1	126	7.33e-79	224
MDC0364915.1	QIZ20702.1	68.937	367	114	0	1	367	1	367	0.0	525
MDC0364916.1	QIZ20703.1	75.768	293	67	1	1	289	1	293	1.18e-153	427
MDC0364917.1	QIZ20704.1	54.921	315	140	2	1	313	1	315	5.00e-122	348
MDC0364918.1	QIZ20705.1	67.105	228	71	1	1	224	1	228	5.17e-111	313
MDC0364919.1	QIZ20231.1	90.736	421	39	0	1	421	39	459	0.0	805
MDC0364920.1	QIZ20232.1	82.449	245	43	0	1	245	1	245	4.72e-155	426
MDC0364921.1	QIZ20233.1	75.276	453	108	2	1	449	1	453	0.0	705
MDC0364922.1	QIZ20234.1	81.989	533	96	0	1	533	1	533	0.0	925
MDC0364923.1	QIZ20235.1	77.542	236	53	0	1	236	1	236	1.27e-131	367
MDC0364924.1	QIZ20236.1	89.268	205	22	0	1	205	1	205	2.84e-141	388
MDC0364926.1	QIZ21299.1	90.338	207	20	0	1	207	104	310	9.52e-135	376
MDC0364927.1	QIZ21298.1	68.000	225	67	2	1	225	1	220	2.32e-105	300
MDC0364928.1	QIZ21297.1	83.333	186	31	0	1	186	1	186	1.57e-115	322
MDC0364929.1	QIZ21296.1	87.955	357	43	0	1	357	1	357	0.0	658
MDC0364930.1	QIZ21295.1	76.718	262	55	2	1	259	1	259	6.11e-143	397
MDC0364931.1	QIZ21294.1	94.272	419	24	0	1	419	1	419	0.0	793
MDC0364932.1	QIZ21293.1	89.941	169	17	0	1	169	1	169	5.41e-109	303
MDC0364933.1	QIZ21292.1	75.000	148	37	0	1	148	1	148	4.44e-83	237
MDC0364934.1	QIZ21291.1	67.769	121	39	0	1	121	1	121	8.85e-57	173
MDC0364936.1	QIZ20674.1	72.265	393	109	0	1	393	1	393	0.0	601
MDC0364937.1	QIZ21225.1	48.408	157	79	2	26	181	25	180	1.41e-47	149
MDC0364938.1	QIZ20506.1	68.844	199	62	0	1	199	1	199	3.17e-99	282
MDC0364939.1	QIZ20507.1	83.636	220	36	0	1	220	1	220	1.21e-135	375
MDC0364940.1	QIZ20508.1	70.605	347	102	0	1	347	17	363	1.22e-165	479
MDC0364941.1	QIZ21096.1	88.559	236	27	0	1	236	1	236	2.15e-160	439
MDC0364942.1	QIZ21095.1	80.939	362	68	1	1	361	1	362	0.0	593
MDC0364943.1	QIZ21094.1	81.515	330	59	1	1	328	21	350	0.0	567
MDC0364947.1	QIZ20958.1	39.024	164	88	5	28	189	32	185	1.67e-28	103
MDC0364948.1	QIZ21093.1	89.231	65	7	0	1	65	217	281	2.02e-38	124
MDC0364949.1	QIZ20367.1	75.070	357	89	0	1	357	1	357	0.0	504
MDC0364950.1	QIZ20366.1	38.922	167	99	1	1	164	1	167	2.50e-33	112
MDC0364951.1	QIZ20365.1	70.968	93	27	0	1	93	1	93	3.76e-45	136
MDC0364952.1	QIZ20364.1	88.450	329	38	0	1	329	1	329	0.0	600
MDC0364953.1	QIZ20363.1	74.921	315	79	0	1	315	1	315	2.90e-179	493
MDC0364954.1	QIZ20556.1	37.826	230	128	6	1	225	43	262	2.15e-42	143
MDC0364955.1	QIZ21404.1	83.556	523	83	2	1	523	1	520	0.0	909
MDC0364956.1	QIZ21405.1	91.900	321	26	0	6	326	7	327	0.0	598
MDC0364957.1	QIZ20227.1	91.111	225	20	0	1	225	1	225	3.98e-153	430
MDC0364958.1	QIZ20228.1	81.938	227	41	0	1	227	1	227	3.54e-145	400
MDC0364959.1	QIZ20229.1	80.488	205	40	0	1	205	1	205	1.26e-116	326
MDC0364960.1	QIZ20230.1	82.373	590	104	0	1	590	1	590	0.0	1028
MDC0364962.1	QIZ20753.1	29.642	307	207	8	4	304	323	626	4.21e-29	112
MDC0364963.1	QIZ20777.1	27.778	234	157	5	32	255	27	258	2.69e-21	88.6
MDC0364965.1	QIZ21229.1	67.893	299	95	1	1	298	1	299	2.27e-134	384
MDC0364966.1	QIZ21228.1	83.830	470	76	0	1	470	1	470	0.0	826
MDC0364967.1	QIZ21226.1	79.646	113	23	0	1	113	1	113	1.60e-65	189
MDC0364968.1	QIZ21526.1	57.692	78	33	0	16	93	16	93	3.07e-30	99.4
MDC0364970.1	QIZ20329.1	86.441	118	16	0	1	118	96	213	1.51e-78	226
MDC0364971.1	QIZ20330.1	85.106	141	21	0	1	141	1	141	2.39e-87	247
MDC0364972.1	QIZ20331.1	90.575	435	41	0	1	435	1	435	0.0	822
MDC0364973.1	QIZ20332.1	94.737	152	8	0	1	152	1	152	2.45e-106	295
MDC0364975.1	QIZ20487.1	76.993	439	101	0	4	442	2	440	0.0	655
MDC0364976.1	QIZ20488.1	54.854	206	79	2	16	208	15	219	4.52e-66	199
MDC0364977.1	QIZ20489.1	65.596	218	75	0	1	218	146	363	5.06e-105	303
MDC0364979.1	QIZ20587.1	75.463	216	53	0	1	216	1	216	1.89e-116	327
MDC0364980.1	QIZ20577.1	87.755	98	12	0	1	98	9	106	1.23e-63	184
MDC0364981.1	QIZ20579.1	90.000	110	11	0	1	110	1	110	2.76e-67	193
MDC0364982.1	QIZ20582.1	75.676	111	27	0	1	111	1	111	5.26e-48	145
MDC0364983.1	QIZ20583.1	62.609	115	43	0	1	115	1	115	1.97e-52	156
MDC0364984.1	QIZ20584.1	71.585	183	52	0	5	187	4	186	1.00e-98	279
MDC0364985.1	QIZ20585.1	73.134	268	72	0	1	268	1	268	5.46e-150	416
MDC0364986.1	QIZ21210.1	81.492	697	129	0	1	697	343	1039	0.0	1118
MDC0364987.1	QIZ21209.1	74.874	199	50	0	1	199	1	199	9.37e-117	326
MDC0364988.1	QIZ20250.1	94.444	396	22	0	1	396	1	396	0.0	741
MDC0364989.1	QIZ20251.1	87.302	63	8	0	1	63	1	63	4.27e-36	111
MDC0364990.1	QIZ20252.1	93.750	176	11	0	1	176	1	176	9.41e-123	339
MDC0364991.1	QIZ20253.1	85.321	109	16	0	1	109	1	109	1.38e-65	190
MDC0364992.1	QIZ21538.1	61.589	151	58	0	1	151	1	151	3.81e-61	184
MDC0364993.1	QIZ20215.1	76.552	145	34	0	1	145	1	145	8.95e-85	240
MDC0364994.1	QIZ21536.1	76.549	226	53	0	1	226	1	226	1.28e-133	370
MDC0364995.1	QIZ21533.1	59.223	103	42	0	1	103	1	103	4.98e-39	122
MDC0364996.1	QIZ21532.1	54.419	215	97	1	1	214	1	215	1.48e-76	226
MDC0364997.1	QIZ20296.1	92.727	110	8	0	1	110	743	852	3.11e-68	215
MDC0364998.1	QIZ20294.1	75.163	153	38	0	1	153	1	153	5.16e-86	244
MDC0364999.1	QIZ20293.1	76.815	427	99	0	1	427	5	431	0.0	648
MDC0365000.1	QIZ20292.1	62.162	111	42	0	2	112	160	270	5.83e-48	150
MDC0365002.1	QIZ20660.1	92.405	79	6	0	1	79	1	79	9.21e-47	139
MDC0365003.1	QIZ20659.1	77.143	210	48	0	1	210	1	210	1.96e-123	343
MDC0365004.1	QIZ20658.1	66.538	260	87	0	2	261	3	262	1.52e-127	358
MDC0365005.1	QIZ20657.1	63.776	196	71	0	1	196	125	320	1.74e-84	248
MDC0365006.1	QIZ21516.1	91.633	251	21	0	1	251	1	251	3.50e-172	481
MDC0365007.1	QIZ21515.1	83.912	317	51	0	1	317	1	317	0.0	567
MDC0365008.1	QIZ21514.1	84.018	219	35	0	1	219	31	249	5.96e-137	380
MDC0365009.1	QIZ21448.1	96.375	469	17	0	1	469	1	469	0.0	940
MDC0365010.1	QIZ21447.1	96.721	305	10	0	1	305	15	319	0.0	614
MDC0365011.1	QIZ20969.1	85.770	773	110	0	2	774	650	1422	0.0	1386
MDC0365012.1	QIZ20338.1	91.571	700	59	0	1	700	1	700	0.0	1249
MDC0365013.1	QIZ21284.1	93.011	186	13	0	1	186	1	186	7.85e-131	367
MDC0365014.1	QIZ21285.1	78.142	183	40	0	1	183	1	183	4.97e-101	285
MDC0365015.1	QIZ21286.1	62.140	243	88	1	1	239	1	243	1.12e-103	296
MDC0365016.1	QIZ21287.1	64.516	62	22	0	16	77	15	76	1.76e-23	87.4
MDC0365018.1	QIZ20695.1	69.032	155	48	0	1	155	1	155	3.31e-61	182
MDC0365019.1	QIZ20694.1	92.643	367	27	0	18	384	1	367	0.0	699
MDC0365020.1	QIZ20692.1	57.851	121	50	1	1	120	371	491	1.16e-44	147
MDC0365021.1	QIZ20500.1	86.147	231	32	0	1	231	153	383	8.24e-156	433
MDC0365022.1	QIZ20510.1	75.346	434	107	0	1	434	1	434	0.0	694
MDC0365023.1	QIZ21212.1	77.320	97	22	0	1	97	174	270	2.27e-54	166
MDC0365024.1	QIZ21211.1	60.797	301	118	0	1	301	1	301	5.61e-132	373
MDC0365025.1	QIZ21210.1	79.239	289	60	0	1	289	1	289	1.34e-165	482
