MDC1344549.1	QIZ21043.1	89.561	843	88	0	1	843	1	843	0.0	1555
MDC1344550.1	QIZ21042.1	70.520	173	49	2	3	175	1	171	5.86e-88	251
MDC1344551.1	QIZ21041.1	39.820	334	179	10	1	317	1	329	5.11e-54	175
MDC1344552.1	QIZ21040.1	75.429	175	42	1	1	175	1	174	2.97e-91	259
MDC1344553.1	QIZ21039.1	82.407	216	38	0	1	216	1	216	4.74e-131	363
MDC1344554.1	QIZ21038.1	82.716	162	28	0	1	162	1	162	1.16e-92	262
MDC1344555.1	QIZ21037.1	78.646	192	40	1	1	191	1	192	2.80e-98	278
MDC1344556.1	QIZ21036.1	82.848	309	53	0	1	309	1	309	0.0	539
MDC1344557.1	QIZ21035.1	95.500	200	9	0	18	217	18	217	7.46e-146	401
MDC1344558.1	QIZ21034.1	93.798	258	16	0	1	258	1	258	2.28e-180	491
MDC1344559.1	QIZ21033.1	96.277	376	11	1	1	376	1	373	0.0	730
MDC1344560.1	QIZ21032.1	96.764	649	19	1	1	647	1	649	0.0	1253
MDC1344561.1	QIZ21031.1	90.047	211	21	0	1	211	1	211	1.51e-136	377
MDC1344562.1	QIZ21030.1	95.000	200	10	0	1	200	1	200	3.29e-129	357
MDC1344563.1	QIZ21029.1	89.295	383	41	0	1	383	1	383	0.0	673
MDC1344564.1	QIZ21028.1	92.334	287	22	0	1	287	1	287	0.0	510
MDC1344565.1	QIZ21027.1	96.954	197	6	0	1	197	1	197	1.03e-137	379
MDC1344566.1	QIZ21026.1	90.551	762	71	1	1	762	1	761	0.0	1402
MDC1344567.1	QIZ21025.1	82.874	508	87	0	1	508	1	508	0.0	827
MDC1344568.1	QIZ21024.1	85.886	333	47	0	1	333	1	333	0.0	588
MDC1344569.1	QIZ21023.1	94.444	180	10	0	1	180	1	180	1.81e-124	343
MDC1344571.1	QIZ21022.1	88.554	332	38	0	1	332	1	332	0.0	613
MDC1344572.1	QIZ21021.1	92.188	128	10	0	1	128	1	128	3.69e-85	240
MDC1344573.1	QIZ21020.1	100.000	136	0	0	1	136	1	136	1.23e-97	272
MDC1344574.1	QIZ21019.1	94.725	455	24	0	1	455	1	455	0.0	860
MDC1344575.1	QIZ21018.1	97.898	333	7	0	1	333	1	333	0.0	658
MDC1344576.1	QIZ21017.1	91.503	153	13	0	1	153	1	153	7.99e-89	251
MDC1344577.1	QIZ21016.1	91.383	499	43	0	16	514	19	517	0.0	855
MDC1344578.1	QIZ21015.1	97.429	389	10	0	1	389	1	389	0.0	788
MDC1344579.1	QIZ21014.1	99.623	530	2	0	1	530	1	530	0.0	1057
MDC1344580.1	QIZ21013.1	97.286	737	15	3	1	733	1	736	0.0	1436
MDC1344581.1	QIZ21012.1	98.361	122	2	0	1	122	1	122	8.14e-86	241
MDC1344582.1	QIZ21011.1	98.780	82	1	0	1	82	1	82	7.23e-55	160
MDC1344583.1	QIZ21010.1	97.971	690	14	0	1	690	1	690	0.0	1376
MDC1344584.1	QIZ21009.1	89.683	126	13	0	1	126	1	126	3.52e-84	238
MDC1344585.1	QIZ21008.1	96.552	261	9	0	1	261	1	261	0.0	520
MDC1344586.1	QIZ21007.1	87.841	403	49	0	1	403	1	403	0.0	749
MDC1344587.1	QIZ21006.1	97.590	166	4	0	1	166	1	166	5.96e-120	331
MDC1344588.1	QIZ21005.1	92.958	142	10	0	1	142	1	142	6.31e-97	271
MDC1344589.1	QIZ21004.1	99.275	138	1	0	1	138	1	138	2.86e-101	281
MDC1344590.1	QIZ21003.1	96.840	443	14	0	1	443	1	443	0.0	901
MDC1344591.1	QIZ21002.1	88.832	197	22	0	1	197	1	197	2.13e-131	362
MDC1344592.1	QIZ21001.1	89.933	149	15	0	1	149	1	149	2.08e-96	270
MDC1344593.1	QIZ21000.1	93.625	251	16	0	1	251	1	251	1.05e-171	469
MDC1344594.1	QIZ20999.1	95.172	145	7	0	1	145	1	145	3.15e-101	282
MDC1344595.1	QIZ20998.1	93.017	401	28	0	1	401	1	401	0.0	763
MDC1344596.1	QIZ20997.1	97.510	522	13	0	1	522	1	522	0.0	1030
MDC1344597.1	QIZ20996.1	97.436	234	6	0	1	234	1	234	6.69e-173	471
MDC1344598.1	QIZ20995.1	93.031	287	20	0	1	287	1	287	0.0	511
MDC1344599.1	QIZ20994.1	98.837	86	1	0	1	86	1	86	1.23e-54	160
MDC1344600.1	QIZ20993.1	97.660	470	11	0	1	470	1	470	0.0	928
MDC1344601.1	QIZ20992.1	98.378	370	6	0	1	370	1	370	0.0	728
MDC1344602.1	QIZ20991.1	92.704	233	17	0	1	233	1	233	3.99e-148	408
MDC1344603.1	QIZ20990.1	94.802	404	21	0	1	404	1	404	0.0	764
MDC1344604.1	QIZ20989.1	97.831	461	10	0	1	461	1	461	0.0	916
MDC1344605.1	QIZ20988.1	90.643	171	16	0	1	171	1	171	3.58e-113	314
MDC1344606.1	QIZ20987.1	95.522	67	3	0	1	67	1	67	4.49e-31	99.0
MDC1344607.1	QIZ20986.1	93.578	218	14	0	1	218	1	218	6.84e-155	424
MDC1344608.1	QIZ20985.1	97.872	188	4	0	1	188	1	188	1.45e-139	382
MDC1344609.1	QIZ20984.1	97.175	177	5	0	1	177	1	177	9.08e-124	342
MDC1344610.1	QIZ20983.1	92.453	159	12	0	1	159	1	159	9.04e-96	270
MDC1344611.1	QIZ20982.1	95.455	198	9	0	1	198	1	198	6.97e-137	377
MDC1344612.1	QIZ20981.1	95.775	568	24	0	1	568	1	568	0.0	1028
MDC1344613.1	QIZ20980.1	92.105	304	24	0	1	304	1	304	0.0	501
MDC1344614.1	QIZ20979.1	99.074	108	1	0	1	108	1	108	3.71e-75	213
MDC1344615.1	QIZ20978.1	90.780	141	13	0	1	141	1	141	4.97e-91	256
MDC1344616.1	QIZ20977.1	94.869	799	41	0	1	799	3	801	0.0	1557
MDC1344619.1	QIZ20976.1	97.872	141	3	0	1	141	1	141	6.05e-102	283
MDC1344620.1	QIZ20975.1	94.177	395	23	0	1	395	1	395	0.0	768
MDC1344621.1	QIZ20974.1	98.024	1012	20	0	1	1012	1	1012	0.0	2066
MDC1344622.1	QIZ20973.1	91.489	423	36	0	1	423	1	423	0.0	785
MDC1344623.1	QIZ20972.1	95.932	295	12	0	1	295	1	295	0.0	562
MDC1344624.1	QIZ20971.1	93.333	240	16	0	1	240	1	240	5.28e-156	430
MDC1344625.1	QIZ20970.1	97.495	479	12	0	1	479	1	479	0.0	960
MDC1344626.1	QIZ20969.1	97.735	1501	34	0	1	1501	1	1501	0.0	3039
MDC1344627.1	QIZ20968.1	89.003	291	32	0	1	291	1	291	0.0	517
MDC1344628.1	QIZ20967.1	92.829	251	18	0	1	251	1	251	1.33e-161	443
MDC1344629.1	QIZ20966.1	94.531	384	21	0	1	384	1	384	0.0	722
MDC1344630.1	QIZ20965.1	98.276	638	11	0	1	638	1	638	0.0	1300
MDC1344631.1	QIZ20964.1	99.448	181	1	0	1	181	1	181	5.56e-133	365
MDC1344632.1	QIZ20963.1	98.529	68	1	0	1	68	1	68	1.82e-44	132
MDC1344633.1	QIZ20962.1	98.305	118	2	0	1	118	1	118	1.40e-84	238
MDC1344634.1	QIZ20961.1	94.366	355	20	0	1	355	1	355	0.0	696
MDC1344635.1	QIZ20960.1	83.416	802	133	0	1	802	1	802	0.0	1329
MDC1344636.1	QIZ20959.1	98.161	598	11	0	1	598	4	601	0.0	1202
MDC1344638.1	QIZ20534.1	33.202	253	149	8	9	253	4	244	2.98e-23	91.3
MDC1344639.1	QIZ20952.1	98.978	685	7	0	1	685	1	685	0.0	1381
MDC1344640.1	QIZ20951.1	91.315	426	37	0	1	426	1	426	0.0	746
MDC1344641.1	QIZ20950.1	96.346	602	22	0	1	602	1	602	0.0	1169
MDC1344642.1	QIZ20949.1	99.074	324	3	0	1	324	1	324	0.0	669
MDC1344643.1	QIZ20948.1	100.000	175	0	0	1	175	1	175	4.07e-131	360
MDC1344644.1	QIZ20947.1	86.047	86	12	0	1	86	10	95	3.97e-48	144
MDC1344645.1	QIZ20946.1	88.587	368	42	0	1	368	1	368	0.0	631
MDC1344646.1	QIZ20945.1	89.412	170	18	0	1	170	1	170	7.34e-110	306
MDC1344648.1	QIZ20944.1	90.614	586	55	0	1	586	1	586	0.0	1045
MDC1344649.1	QIZ20943.1	97.093	172	5	0	1	172	1	172	1.22e-121	336
MDC1344650.1	QIZ20942.1	87.097	310	40	0	1	310	1	310	0.0	551
MDC1344651.1	QIZ20941.1	96.748	246	8	0	1	246	1	246	2.21e-176	480
MDC1344652.1	QIZ20940.1	96.855	159	5	0	1	159	1	159	9.63e-114	315
MDC1344653.1	QIZ20939.1	94.498	309	17	0	1	309	1	309	0.0	609
MDC1344654.1	QIZ21069.1	69.355	62	19	0	1	62	1	62	3.67e-30	96.7
MDC1344655.1	QIZ20937.1	97.135	384	11	0	1	384	1	384	0.0	758
MDC1344656.1	QIZ20936.1	98.545	275	4	0	1	275	1	275	0.0	557
MDC1344657.1	QIZ20935.1	97.758	223	5	0	1	223	1	223	2.70e-162	443
MDC1344658.1	QIZ20934.1	85.417	288	42	0	1	288	1	288	1.73e-175	482
MDC1344659.1	QIZ20933.1	96.057	558	22	0	1	558	1	558	0.0	1103
MDC1344660.1	QIZ20932.1	96.386	83	3	0	1	83	1	83	1.22e-56	164
MDC1344661.1	QIZ20931.1	92.982	114	8	0	1	114	1	114	1.28e-71	205
MDC1344662.1	QIZ20930.1	100.000	54	0	0	1	54	1	54	3.72e-33	103
MDC1344663.1	QIZ20929.1	81.172	239	45	0	1	239	1	239	3.09e-144	399
MDC1344664.1	QIZ20928.1	100.000	65	0	0	1	65	1	65	3.04e-43	129
MDC1344665.1	QIZ20927.1	97.838	185	4	0	1	185	1	185	7.96e-134	368
MDC1344666.1	QIZ20926.1	95.923	417	17	0	1	417	1	417	0.0	798
MDC1344667.1	QIZ20925.1	96.947	131	4	0	1	131	1	131	2.75e-90	253
MDC1344668.1	QIZ20924.1	96.495	428	15	0	1	428	1	428	0.0	819
MDC1344669.1	QIZ20923.1	100.000	71	0	0	1	71	1	71	2.42e-50	147
MDC1344670.1	QIZ21496.1	75.385	65	16	0	3	67	2	66	5.04e-32	101
MDC1344671.1	QIZ20922.1	67.836	171	54	1	1	170	1	171	4.28e-77	233
MDC1344672.1	QIZ21468.1	98.008	251	5	0	1	251	1	251	0.0	503
MDC1344673.1	QIZ21469.1	97.134	314	9	0	1	314	1	314	0.0	629
MDC1344674.1	QIZ21470.1	97.546	489	12	0	1	489	1	489	0.0	1011
MDC1344675.1	QIZ21471.1	87.557	442	55	0	1	442	1	442	0.0	823
MDC1344676.1	QIZ21472.1	83.333	114	19	0	3	116	2	115	4.88e-67	193
MDC1344677.1	QIZ21473.1	93.161	775	53	0	1	775	1	775	0.0	1520
MDC1344678.1	QIZ21474.1	95.541	314	14	0	1	314	1	314	0.0	624
MDC1344679.1	QIZ21475.1	69.388	147	45	0	7	153	1	147	2.02e-67	197
MDC1344680.1	QIZ21476.1	77.600	125	27	1	1	125	1	124	7.46e-68	196
MDC1344681.1	QIZ21477.1	72.159	176	49	0	3	178	8	183	4.67e-80	231
MDC1344682.1	QIZ21478.1	88.824	340	38	0	1	340	1	340	0.0	620
MDC1344683.1	QIZ21479.1	89.944	716	72	0	1	716	1	716	0.0	1295
MDC1344684.1	QIZ21480.1	93.454	443	29	0	1	443	1	443	0.0	874
MDC1344685.1	QIZ21481.1	94.152	342	20	0	1	342	1	342	0.0	648
MDC1344686.1	QIZ21482.1	95.312	64	3	0	1	64	1	64	1.12e-40	123
MDC1344688.1	QIZ20203.1	29.724	434	298	6	11	441	6	435	6.59e-63	206
MDC1344690.1	QIZ20661.1	37.652	247	142	6	5	247	6	244	3.14e-40	135
MDC1344691.1	QIZ20491.1	27.229	415	297	4	26	435	63	477	7.12e-53	181
MDC1344692.1	QIZ21483.1	88.860	386	43	0	3	388	2	387	0.0	712
MDC1344693.1	QIZ21484.1	91.255	263	23	0	1	263	1	263	3.86e-180	491
MDC1344694.1	QIZ21485.1	98.930	561	6	0	1	561	1	561	0.0	1141
MDC1344695.1	QIZ21486.1	97.129	418	12	0	1	418	1	418	0.0	853
MDC1344696.1	QIZ21487.1	98.864	88	1	0	1	88	1	88	2.75e-65	187
MDC1344697.1	QIZ21488.1	96.393	998	36	0	1	998	1	998	0.0	2002
MDC1344698.1	QIZ21489.1	87.692	195	24	0	1	195	1	195	1.74e-127	352
MDC1344699.1	QIZ21490.1	94.346	283	16	0	1	283	1	283	0.0	531
MDC1344700.1	QIZ21491.1	79.612	103	21	0	1	103	1	103	5.59e-45	137
MDC1344701.1	QIZ21492.1	58.904	146	60	0	1	146	1	146	1.75e-58	174
MDC1344702.1	QIZ21493.1	81.048	248	47	0	1	248	1	248	3.11e-141	392
MDC1344703.1	QIZ21494.1	79.130	115	24	0	1	115	1	115	1.06e-68	197
MDC1344704.1	QIZ21495.1	90.873	252	23	0	1	252	1	252	5.32e-176	480
MDC1344705.1	QIZ21496.1	100.000	68	0	0	1	68	1	68	2.29e-47	140
MDC1344706.1	QIZ21497.1	96.129	155	6	0	1	155	1	155	2.40e-109	303
MDC1344707.1	QIZ21498.1	92.816	348	25	0	1	348	1	348	0.0	637
MDC1344708.1	QIZ21499.1	95.092	163	8	0	1	163	1	163	4.14e-111	308
MDC1344709.1	QIZ21500.1	96.285	323	12	0	1	323	1	323	0.0	651
MDC1344710.1	QIZ21501.1	97.091	550	16	0	1	550	1	550	0.0	1103
MDC1344711.1	QIZ21502.1	97.537	203	5	0	1	203	1	203	7.69e-144	394
MDC1344713.1	QIZ21503.1	97.790	181	4	0	1	181	1	181	1.82e-125	346
MDC1344716.1	QIZ21504.1	96.903	452	14	0	1	452	1	452	0.0	918
MDC1344717.1	QIZ21505.1	98.347	242	4	0	1	242	1	242	1.24e-178	486
MDC1344718.1	QIZ21506.1	73.804	397	104	0	1	397	1	397	0.0	643
MDC1344719.1	QIZ21507.1	73.881	134	35	0	1	134	1	134	2.36e-73	211
MDC1344720.1	QIZ21508.1	96.774	124	4	0	1	124	1	124	9.23e-91	254
MDC1344721.1	QIZ21509.1	95.785	261	11	0	1	261	1	261	0.0	506
MDC1344722.1	QIZ21510.1	51.128	133	65	0	1	133	6	138	3.05e-45	140
MDC1344726.1	QIZ21511.1	86.772	189	25	0	1	189	1	189	1.10e-125	347
MDC1344727.1	QIZ21512.1	71.304	115	33	0	1	115	52	166	4.45e-61	180
MDC1344728.1	QIZ21513.1	94.568	810	44	0	1	810	1	810	0.0	1582
MDC1344729.1	QIZ21514.1	87.149	249	32	0	1	249	1	249	6.46e-162	444
MDC1344730.1	QIZ21515.1	89.905	317	32	0	1	317	1	317	0.0	597
MDC1344731.1	QIZ21516.1	96.475	539	19	0	1	539	1	539	0.0	1087
MDC1344732.1	QIZ21344.1	62.766	282	105	0	1	282	1	282	3.25e-127	359
MDC1344733.1	QIZ21519.1	95.968	124	5	0	1	124	1	124	4.65e-89	249
MDC1344734.1	QIZ21520.1	97.419	155	4	0	1	155	1	155	1.19e-114	317
MDC1344735.1	QIZ21521.1	88.614	202	23	0	1	202	1	202	4.98e-141	387
MDC1344736.1	QIZ21522.1	72.372	333	92	0	1	333	1	333	0.0	520
MDC1344737.1	QIZ21523.1	97.627	295	7	0	1	295	1	295	0.0	597
MDC1344738.1	QIZ21524.1	90.126	476	47	0	1	476	1	476	0.0	896
MDC1344740.1	QIZ21525.1	98.118	425	7	1	1	424	1	425	0.0	868
MDC1344741.1	QIZ21527.1	76.331	338	80	0	1	338	1	338	0.0	561
MDC1344742.1	QIZ21530.1	84.544	537	78	2	3	538	4	536	0.0	870
MDC1344743.1	QIZ21531.1	89.205	352	38	0	1	352	1	352	0.0	620
MDC1344744.1	QIZ21532.1	88.362	232	27	0	1	232	1	232	1.49e-135	376
MDC1344745.1	QIZ21533.1	77.451	102	23	0	1	102	1	102	8.18e-57	167
MDC1344746.1	QIZ21214.1	27.758	281	192	3	13	290	8	280	6.78e-28	105
MDC1344747.1	QIZ21534.1	49.038	104	52	1	18	121	18	120	7.58e-33	107
MDC1344749.1	QIZ21536.1	71.556	225	64	0	1	225	1	225	4.97e-122	346
MDC1344751.1	QIZ21537.1	93.038	316	22	0	1	316	1	316	0.0	561
MDC1344752.1	QIZ21538.1	85.232	237	35	0	1	237	1	237	2.98e-139	386
MDC1344754.1	QIZ21539.1	79.444	180	37	0	1	180	1	180	3.66e-92	262
MDC1344755.1	QIZ21540.1	87.755	147	18	0	1	147	1	147	6.77e-95	266
MDC1344756.1	QIZ21513.1	42.085	796	451	7	21	809	18	810	0.0	645
MDC1344758.1	QIZ21541.1	83.767	807	131	0	1	807	1	807	0.0	1408
MDC1344762.1	QIZ20706.1	96.109	257	10	0	1	257	9	265	0.0	507
MDC1344763.1	QIZ20707.1	90.184	163	16	0	1	163	1	163	6.81e-108	300
MDC1344764.1	QIZ20708.1	97.701	261	6	0	1	261	1	261	0.0	532
MDC1344765.1	QIZ20709.1	98.298	235	4	0	1	235	1	235	1.14e-169	462
MDC1344766.1	QIZ20710.1	98.750	240	3	0	1	240	1	240	3.50e-174	474
MDC1344767.1	QIZ20711.1	97.917	336	7	0	1	336	1	336	0.0	652
MDC1344768.1	QIZ20712.1	97.917	288	6	0	1	288	1	288	0.0	558
MDC1344769.1	QIZ20713.1	98.325	418	7	0	1	418	1	418	0.0	852
MDC1344770.1	QIZ20714.1	99.020	204	2	0	1	204	1	204	2.02e-141	389
MDC1344771.1	QIZ20715.1	88.327	257	30	0	1	257	1	257	5.52e-171	468
MDC1344772.1	QIZ20716.1	96.403	139	5	0	1	139	1	139	2.07e-102	285
MDC1344773.1	QIZ20717.1	94.434	521	29	0	1	521	1	521	0.0	987
MDC1344774.1	QIZ20718.1	88.276	145	17	0	1	145	1	145	1.61e-90	255
MDC1344775.1	QIZ20719.1	97.486	358	9	0	1	358	1	358	0.0	688
MDC1344776.1	QIZ20720.1	98.522	203	3	0	1	203	1	203	5.47e-145	397
MDC1344777.1	QIZ20721.1	94.040	302	18	0	1	302	1	302	0.0	580
MDC1344778.1	QIZ20722.1	92.884	267	19	0	1	267	1	267	6.78e-173	473
MDC1344779.1	QIZ20723.1	93.488	215	14	0	1	215	1	215	6.93e-154	421
MDC1344780.1	QIZ20724.1	89.604	404	42	0	1	404	1	404	0.0	764
MDC1344781.1	QIZ20725.1	94.151	889	52	0	1	889	1	889	0.0	1708
MDC1344783.1	QIZ20726.1	98.956	383	4	0	1	383	1	383	0.0	766
MDC1344784.1	QIZ20727.1	97.685	432	10	0	1	432	1	432	0.0	828
MDC1344785.1	QIZ20728.1	96.429	308	11	0	1	308	1	308	0.0	605
MDC1344786.1	QIZ20729.1	98.333	120	2	0	1	120	1	120	1.94e-87	245
MDC1344787.1	QIZ20730.1	91.005	189	17	0	1	189	1	189	5.91e-125	345
MDC1344788.1	QIZ20731.1	97.710	131	3	0	1	131	1	131	9.35e-93	259
MDC1344789.1	QIZ20732.1	96.948	426	13	0	1	426	1	426	0.0	849
MDC1344790.1	QIZ20733.1	91.034	290	26	0	1	290	1	290	0.0	513
MDC1344792.1	QIZ20734.1	90.000	180	18	0	1	180	1	180	3.50e-111	310
MDC1344793.1	QIZ20735.1	90.625	256	24	0	1	256	1	256	6.14e-153	422
MDC1344794.1	QIZ20736.1	87.019	208	27	0	1	208	1	208	1.59e-142	392
MDC1344795.1	QIZ20737.1	75.444	338	83	0	1	338	1	338	0.0	532
MDC1344796.1	QIZ20738.1	93.396	106	7	0	1	106	1	106	3.15e-73	208
MDC1344797.1	QIZ20739.1	86.166	253	35	0	1	253	1	253	1.22e-159	439
MDC1344798.1	QIZ20740.1	93.185	631	43	0	1	631	1	631	0.0	1230
MDC1344799.1	QIZ20741.1	87.273	110	14	0	1	110	1	110	3.94e-65	188
MDC1344800.1	QIZ20742.1	92.857	434	31	0	1	434	1	434	0.0	839
MDC1344801.1	QIZ20743.1	82.993	294	50	0	1	294	1	294	1.17e-180	495
MDC1344802.1	QIZ20744.1	91.793	329	27	0	1	329	1	329	0.0	630
MDC1344803.1	QIZ20745.1	87.726	277	34	0	1	277	1	277	0.0	500
MDC1344804.1	QIZ20746.1	95.265	887	42	0	1	887	1	887	0.0	1754
MDC1344805.1	QIZ20747.1	88.372	688	80	0	1	688	1	688	0.0	1207
MDC1344806.1	QIZ20748.1	95.918	294	12	0	1	294	1	294	0.0	600
MDC1344807.1	QIZ20749.1	98.134	268	5	0	1	268	1	268	0.0	519
MDC1344808.1	QIZ20750.1	97.329	337	9	0	1	337	1	337	0.0	665
MDC1344809.1	QIZ20751.1	95.673	208	9	0	1	208	1	208	3.90e-150	411
MDC1344810.1	QIZ20752.1	98.333	360	6	0	1	360	1	360	0.0	732
MDC1344811.1	QIZ20753.1	96.546	637	22	0	1	637	1	637	0.0	1272
MDC1344812.1	QIZ20754.1	94.483	290	16	0	1	290	1	290	0.0	529
MDC1344813.1	QIZ20755.1	88.889	81	9	0	1	81	1	81	3.90e-44	133
MDC1344814.1	QIZ20756.1	94.839	310	16	0	1	310	1	310	0.0	580
MDC1344815.1	QIZ20757.1	97.239	326	9	0	1	326	1	326	0.0	647
MDC1344816.1	QIZ20758.1	98.976	293	3	0	1	293	1	293	0.0	593
MDC1344817.1	QIZ20759.1	98.605	430	6	0	1	430	1	430	0.0	861
MDC1344818.1	QIZ20760.1	97.778	270	6	0	1	270	1	270	0.0	526
MDC1344819.1	QIZ20761.1	95.485	443	20	0	1	443	1	443	0.0	846
MDC1344820.1	QIZ20762.1	94.286	350	20	0	1	350	1	350	0.0	592
MDC1344821.1	QIZ20763.1	99.204	628	5	0	3	630	1	628	0.0	1273
MDC1344822.1	QIZ20764.1	91.453	351	30	0	1	351	1	351	0.0	637
MDC1344823.1	QIZ20765.1	94.444	324	18	0	1	324	1	324	0.0	629
MDC1344824.1	QIZ20766.1	95.092	163	4	1	22	184	1	159	4.08e-113	314
MDC1344825.1	QIZ20767.1	98.206	446	8	0	1	446	1	446	0.0	900
MDC1344826.1	QIZ20768.1	97.026	269	8	0	1	269	1	269	0.0	523
MDC1344827.1	QIZ20769.1	98.551	138	2	0	1	138	1	138	9.97e-97	270
MDC1344828.1	QIZ20770.1	99.554	224	1	0	1	224	1	224	1.96e-163	446
MDC1344829.1	QIZ20771.1	100.000	105	0	0	1	105	60	164	1.13e-75	216
MDC1344830.1	QIZ20362.1	85.782	211	30	0	1	211	1	211	5.36e-131	375
MDC1344831.1	QIZ20363.1	91.746	315	26	0	1	315	1	315	0.0	588
MDC1344832.1	QIZ20364.1	77.879	330	73	0	1	330	1	330	0.0	551
MDC1344833.1	QIZ20365.1	97.849	93	2	0	1	93	1	93	1.89e-63	182
MDC1344834.1	QIZ20366.1	73.964	169	42	1	1	169	1	167	1.14e-83	239
MDC1344835.1	QIZ20367.1	94.872	390	20	0	1	390	1	390	0.0	668
MDC1344836.1	QIZ20368.1	91.176	170	15	0	1	170	1	170	1.73e-116	323
MDC1344837.1	QIZ20369.1	87.259	259	33	0	1	259	1	259	7.26e-170	465
MDC1344838.1	QIZ20370.1	90.945	254	23	0	1	254	1	254	2.13e-164	451
MDC1344839.1	QIZ20371.1	92.398	513	39	0	1	513	1	513	0.0	981
MDC1344840.1	QIZ20372.1	90.000	310	31	0	1	310	1	310	0.0	537
MDC1344841.1	QIZ20373.1	90.148	203	20	0	1	203	1	203	4.57e-121	337
MDC1344842.1	QIZ20374.1	94.256	383	22	0	1	383	1	383	0.0	734
MDC1344843.1	QIZ20375.1	86.905	252	33	0	1	252	1	252	3.79e-148	409
MDC1344844.1	QIZ20376.1	90.881	318	29	0	16	333	16	333	0.0	585
MDC1344845.1	QIZ20377.1	95.904	293	12	0	1	293	1	293	0.0	507
MDC1344846.1	QIZ20378.1	89.773	88	9	0	1	88	1	88	1.16e-44	135
MDC1344847.1	QIZ20379.1	95.315	683	32	0	1	683	1	683	0.0	1279
MDC1344848.1	QIZ20380.1	97.549	204	5	0	1	204	1	204	5.53e-144	395
MDC1344849.1	QIZ20381.1	96.727	275	9	0	1	275	1	275	0.0	558
MDC1344850.1	QIZ20382.1	94.054	370	22	0	1	370	1	370	0.0	727
MDC1344851.1	QIZ20383.1	96.196	184	7	0	1	184	1	184	2.31e-132	364
MDC1344852.1	QIZ20384.1	95.732	164	7	0	1	164	1	164	7.44e-114	315
MDC1344853.1	QIZ20385.1	97.173	849	24	0	1	849	1	849	0.0	1658
MDC1344854.1	QIZ20386.1	98.039	153	2	1	1	152	1	153	2.11e-109	303
MDC1344855.1	QIZ20387.1	98.853	959	11	0	1	959	1	959	0.0	1943
MDC1344856.1	QIZ20388.1	96.447	197	7	0	1	197	1	197	2.98e-141	387
MDC1344857.1	QIZ20389.1	95.254	295	14	0	1	295	1	295	0.0	555
MDC1344858.1	QIZ20390.1	93.037	517	36	0	1	517	1	517	0.0	969
MDC1344859.1	QIZ20391.1	98.936	94	1	0	1	94	1	94	1.03e-63	183
MDC1344860.1	QIZ20392.1	93.317	419	28	0	1	419	1	419	0.0	810
MDC1344861.1	QIZ20393.1	96.032	252	10	0	1	252	1	252	3.26e-177	483
MDC1344862.1	QIZ20394.1	94.521	73	4	0	1	73	1	73	2.58e-39	120
MDC1344863.1	QIZ20395.1	94.118	68	2	1	1	66	1	68	1.15e-40	123
MDC1344864.1	QIZ20396.1	95.111	225	11	0	9	233	12	236	7.81e-162	442
MDC1344865.1	QIZ20397.1	97.967	246	5	0	1	246	1	246	5.20e-176	479
MDC1344866.1	QIZ20398.1	90.823	316	29	0	1	316	1	316	0.0	575
MDC1344867.1	QIZ20399.1	88.506	87	10	0	1	87	1	87	1.01e-49	147
MDC1344868.1	QIZ20400.1	94.801	577	30	0	1	577	1	577	0.0	1110
MDC1344869.1	QIZ20401.1	94.609	371	20	0	1	371	1	371	0.0	686
MDC1344870.1	QIZ20402.1	99.048	105	1	0	1	105	1	105	2.83e-73	208
MDC1344871.1	QIZ20403.1	96.124	258	10	0	1	258	1	258	0.0	513
MDC1344872.1	QIZ20404.1	96.687	332	11	0	1	332	1	332	0.0	648
MDC1344875.1	QIZ20409.1	100.000	72	0	0	1	72	1	72	2.66e-46	137
MDC1344876.1	QIZ20412.1	94.015	401	24	0	1	401	1	401	0.0	736
MDC1344877.1	QIZ20413.1	98.776	572	7	0	1	572	1	572	0.0	1160
MDC1344878.1	QIZ20414.1	94.743	875	46	0	1	875	1	875	0.0	1706
MDC1344879.1	QIZ20415.1	95.935	123	5	0	1	123	1	123	6.79e-83	234
MDC1344880.1	QIZ20416.1	97.500	240	6	0	1	240	5	244	8.06e-177	481
MDC1344881.1	QIZ20417.1	96.244	426	16	0	1	426	1	426	0.0	827
MDC1344882.1	QIZ20418.1	96.325	381	14	0	1	381	1	381	0.0	733
MDC1344883.1	QIZ20419.1	100.000	346	0	0	1	346	1	346	0.0	714
MDC1344884.1	QIZ20420.1	94.017	117	7	0	1	117	353	469	5.68e-65	199
MDC1344885.1	QIZ21417.1	93.902	82	5	0	1	82	123	204	1.57e-42	133
MDC1344886.1	QIZ21418.1	95.157	413	20	0	1	413	1	413	0.0	815
MDC1344887.1	QIZ21419.1	95.623	297	13	0	1	297	1	297	0.0	578
MDC1344888.1	QIZ21420.1	94.286	350	20	0	1	350	1	350	0.0	664
MDC1344889.1	QIZ21421.1	96.748	246	8	0	1	246	1	246	8.88e-177	481
MDC1344890.1	QIZ21422.1	95.019	261	13	0	1	261	1	261	0.0	506
MDC1344891.1	QIZ21423.1	96.581	234	8	0	1	234	1	234	2.35e-169	461
MDC1344892.1	QIZ21424.1	89.623	106	11	0	1	106	1	106	4.21e-65	188
MDC1344893.1	QIZ21425.1	87.129	303	39	0	1	303	1	303	0.0	540
MDC1344895.1	QIZ21426.1	94.697	264	14	0	1	264	1	264	0.0	504
MDC1344896.1	QIZ21427.1	95.745	235	10	0	1	235	1	235	7.10e-159	435
MDC1344897.1	QIZ21428.1	95.536	336	15	0	1	336	1	336	0.0	637
MDC1344898.1	QIZ21429.1	94.808	443	23	0	14	456	1	443	0.0	821
MDC1344899.1	QIZ21430.1	93.798	387	24	0	1	387	1	387	0.0	701
MDC1344900.1	QIZ21431.1	86.166	253	35	0	1	253	1	253	9.33e-150	414
MDC1344901.1	QIZ21432.1	94.207	397	20	1	1	394	1	397	0.0	724
MDC1344902.1	QIZ21433.1	51.228	285	139	0	1	285	1	285	1.20e-99	289
MDC1344903.1	QIZ21434.1	91.684	493	41	0	1	493	1	493	0.0	944
MDC1344904.1	QIZ21435.1	77.992	259	57	0	1	259	1	259	3.00e-154	426
MDC1344905.1	QIZ21436.1	94.872	195	10	0	1	195	1	195	3.81e-138	379
MDC1344906.1	QIZ21437.1	95.103	388	19	0	1	388	1	388	0.0	784
MDC1344907.1	QIZ21438.1	84.490	245	38	0	1	245	1	245	4.90e-156	429
MDC1344908.1	QIZ21439.1	81.186	388	73	0	1	388	1	388	0.0	677
MDC1344909.1	QIZ21440.1	97.514	362	9	0	1	362	1	362	0.0	730
MDC1344910.1	QIZ21441.1	94.460	361	20	0	13	373	13	373	0.0	705
MDC1344911.1	QIZ21442.1	85.060	415	62	0	1	415	1	415	0.0	727
MDC1344912.1	QIZ21443.1	96.479	284	10	0	1	284	1	284	0.0	555
MDC1344913.1	QIZ21444.1	93.649	740	47	0	1	740	1	740	0.0	1426
MDC1344914.1	QIZ21445.1	92.991	214	15	0	1	214	1	214	2.66e-147	404
MDC1344915.1	QIZ21446.1	90.351	228	22	0	18	245	18	245	4.67e-152	419
MDC1344916.1	QIZ21447.1	95.283	318	15	0	1	318	1	318	0.0	634
MDC1344917.1	QIZ21448.1	94.561	478	26	0	1	478	1	478	0.0	918
MDC1344918.1	QIZ21449.1	88.131	396	47	0	1	396	1	396	0.0	738
MDC1344919.1	QIZ21450.1	90.265	113	11	0	1	113	1	113	1.25e-74	212
MDC1344920.1	QIZ21451.1	77.041	196	44	1	1	195	1	196	2.21e-99	281
MDC1344921.1	QIZ21452.1	97.188	889	25	0	1	889	1	889	0.0	1781
MDC1344922.1	QIZ21453.1	88.785	214	24	0	1	214	1	214	7.42e-114	320
MDC1344923.1	QIZ21454.1	89.474	418	44	0	15	432	16	433	0.0	713
MDC1344924.1	QIZ21455.1	93.571	140	9	0	1	140	1	140	2.96e-97	272
MDC1344925.1	QIZ21456.1	88.352	352	41	0	1	352	1	352	0.0	593
MDC1344926.1	QIZ21457.1	90.647	139	13	0	1	139	1	139	5.52e-95	266
MDC1344927.1	QIZ21458.1	91.966	473	38	0	1	473	1	473	0.0	898
MDC1344928.1	QIZ21459.1	85.263	380	56	0	1	380	1	380	0.0	678
MDC1344929.1	QIZ21460.1	81.859	441	80	0	1	441	1	441	0.0	767
MDC1344930.1	QIZ21461.1	76.513	413	97	0	1	413	27	439	0.0	587
MDC1344931.1	QIZ21303.1	92.857	70	5	0	1	70	1	70	1.07e-40	124
MDC1344932.1	QIZ21302.1	94.094	254	15	0	1	254	1	254	4.15e-177	483
MDC1344933.1	QIZ21301.1	91.354	347	30	0	1	347	1	347	0.0	610
MDC1344934.1	QIZ21300.1	94.048	252	15	0	1	252	2	253	7.47e-147	406
MDC1344935.1	QIZ21299.1	98.065	310	6	0	1	310	1	310	0.0	607
MDC1344936.1	QIZ21298.1	89.498	219	21	1	1	217	1	219	7.28e-135	374
MDC1344937.1	QIZ21297.1	97.312	186	5	0	1	186	1	186	3.66e-132	363
MDC1344938.1	QIZ21296.1	97.759	357	8	0	1	357	1	357	0.0	717
MDC1344939.1	QIZ21295.1	91.892	259	21	0	1	259	1	259	3.29e-176	481
MDC1344940.1	QIZ21294.1	99.284	419	3	0	1	419	1	419	0.0	836
MDC1344941.1	QIZ21293.1	99.408	169	1	0	1	169	1	169	2.41e-127	350
MDC1344942.1	QIZ21292.1	96.732	153	5	0	1	153	1	153	1.78e-110	306
MDC1344943.1	QIZ21291.1	93.455	275	18	0	1	275	1	275	0.0	530
MDC1344944.1	QIZ21290.1	98.101	158	3	0	1	158	1	158	3.17e-111	308
MDC1344945.1	QIZ21289.1	92.925	424	30	0	1	424	1	424	0.0	794
MDC1344946.1	QIZ21288.1	90.391	281	27	0	1	281	1	281	6.74e-175	479
MDC1344947.1	QIZ21287.1	93.371	528	35	0	1	528	34	561	0.0	973
MDC1344948.1	QIZ21286.1	92.181	243	19	0	1	243	1	243	6.93e-157	431
MDC1344949.1	QIZ21285.1	96.237	186	7	0	1	186	1	186	2.05e-130	359
MDC1344950.1	QIZ21284.1	98.485	264	4	0	1	264	1	264	0.0	537
MDC1344951.1	QIZ21284.1	98.649	74	1	0	1	74	283	356	1.39e-49	155
MDC1344952.1	QIZ21283.1	91.123	383	34	0	1	383	1	383	0.0	702
MDC1344953.1	QIZ21282.1	96.319	326	12	0	1	326	1	326	0.0	628
MDC1344954.1	QIZ21281.1	96.296	162	6	0	1	162	1	162	2.28e-113	314
MDC1344955.1	QIZ21280.1	93.878	196	12	0	1	196	1	196	2.89e-130	360
MDC1344956.1	QIZ21279.1	97.200	857	24	0	1	857	1	857	0.0	1665
MDC1344957.1	QIZ21278.1	96.703	91	3	0	1	91	1	91	9.42e-61	176
MDC1344958.1	QIZ21277.1	99.590	244	1	0	1	244	1	244	3.20e-176	480
MDC1344959.1	QIZ21276.1	100.000	75	0	0	1	75	1	75	1.79e-46	138
MDC1344960.1	QIZ21275.1	93.855	179	11	0	18	196	1	179	2.23e-120	334
MDC1344961.1	QIZ21274.1	97.619	168	4	0	1	168	1	168	4.73e-113	314
MDC1344962.1	QIZ21273.1	97.113	485	14	0	1	485	1	485	0.0	968
MDC1344963.1	QIZ21272.1	71.731	283	80	0	1	283	1	283	4.55e-136	381
MDC1344964.1	QIZ21271.1	73.521	355	94	0	1	355	1	355	0.0	534
MDC1344965.1	QIZ21270.1	72.638	307	84	0	6	312	5	311	1.13e-150	421
MDC1344966.1	QIZ21269.1	87.540	313	39	0	1	313	1	313	0.0	566
MDC1344967.1	QIZ21268.1	75.776	322	78	0	1	322	1	322	0.0	502
MDC1344968.1	QIZ21267.1	83.688	141	23	0	1	141	1	141	3.09e-84	239
MDC1344969.1	QIZ21266.1	84.472	161	25	0	1	161	1	161	3.16e-103	288
MDC1344970.1	QIZ21265.1	79.476	458	94	0	1	458	1	458	0.0	764
MDC1344971.1	QIZ21264.1	80.645	217	42	0	1	217	1	217	1.03e-118	332
MDC1344972.1	QIZ21263.1	98.473	262	4	0	1	262	1	262	0.0	525
MDC1344973.1	QIZ21262.1	93.258	178	12	0	1	178	1	178	1.30e-126	349
MDC1344974.1	QIZ21260.1	94.719	303	16	0	1	303	1	303	0.0	577
MDC1344975.1	QIZ21259.1	97.978	544	11	0	1	544	1	544	0.0	1073
MDC1344976.1	QIZ21258.1	90.037	271	27	0	1	271	1	271	7.39e-179	489
MDC1344977.1	QIZ21257.1	89.700	233	24	0	1	233	1	233	1.81e-150	414
MDC1344978.1	QIZ21256.1	95.455	220	10	0	1	220	1	220	7.44e-148	406
MDC1344979.1	QIZ21255.1	98.319	119	2	0	1	119	1	119	9.31e-84	236
MDC1344980.1	QIZ21254.1	97.468	79	2	0	1	79	1	79	8.35e-56	162
MDC1344981.1	QIZ21253.1	97.133	279	8	0	1	279	1	279	0.0	554
MDC1344982.1	QIZ21252.1	97.840	324	7	0	1	324	1	324	0.0	642
MDC1344983.1	QIZ21251.1	97.761	134	3	0	1	134	1	134	1.05e-97	272
MDC1344984.1	QIZ21250.1	92.683	287	21	0	1	287	1	287	0.0	535
MDC1344985.1	QIZ21249.1	89.127	561	61	0	1	561	1	561	0.0	1015
MDC1344986.1	QIZ20524.1	90.476	84	8	0	1	84	1	84	2.54e-45	145
MDC1344987.1	QIZ20525.1	95.813	406	17	0	1	406	1	406	0.0	750
MDC1344988.1	QIZ20526.1	97.187	391	11	0	1	391	1	391	0.0	783
MDC1344989.1	QIZ20527.1	96.496	371	13	0	1	371	1	371	0.0	731
MDC1344990.1	QIZ20528.1	100.000	68	0	0	1	68	1	68	1.86e-44	132
MDC1344991.1	QIZ20529.1	96.875	256	8	0	1	256	1	256	0.0	507
MDC1344993.1	QIZ20530.1	98.370	184	3	0	1	184	1	184	2.70e-131	361
MDC1344994.1	QIZ20531.1	95.862	145	6	0	1	145	13	157	6.35e-98	274
MDC1344995.1	QIZ20532.1	91.237	194	17	0	1	194	1	194	6.17e-132	363
MDC1344996.1	QIZ20533.1	85.827	127	18	0	1	127	1	127	3.50e-79	225
MDC1344997.1	QIZ20536.1	88.079	151	18	0	1	151	2	152	4.63e-77	222
MDC1344998.1	QIZ20537.1	64.896	433	152	0	1	433	1	433	0.0	524
MDC1344999.1	QIZ20538.1	100.000	91	0	0	1	91	1	91	2.32e-63	182
MDC1345000.1	QIZ20539.1	96.552	377	13	0	1	377	1	377	0.0	739
MDC1345002.1	QIZ20540.1	92.941	255	18	0	1	255	1	255	4.24e-172	470
MDC1345003.1	QIZ20541.1	87.781	311	38	0	1	311	1	311	0.0	556
MDC1345004.1	QIZ20542.1	50.422	474	232	1	3	473	2	475	4.57e-158	454
MDC1345005.1	QIZ20544.1	94.611	167	9	0	1	167	1	167	1.38e-116	323
MDC1345006.1	QIZ20545.1	95.946	370	15	0	1	370	1	370	0.0	691
MDC1345007.1	QIZ20546.1	97.545	448	11	0	1	448	1	448	0.0	920
MDC1345008.1	QIZ20547.1	92.357	314	23	1	1	313	1	314	0.0	580
MDC1345009.1	QIZ20548.1	96.981	265	8	0	1	265	1	265	0.0	525
MDC1345010.1	QIZ20549.1	87.284	637	81	0	1	637	1	637	0.0	1152
MDC1345011.1	QIZ20550.1	95.238	336	16	0	1	336	1	336	0.0	632
MDC1345012.1	QIZ20551.1	85.526	380	55	0	1	380	1	380	0.0	687
MDC1345013.1	QIZ20552.1	93.729	303	19	0	1	303	1	303	0.0	575
MDC1345014.1	QIZ20553.1	89.953	428	43	0	1	428	1	428	0.0	789
MDC1345015.1	QIZ20554.1	71.642	201	57	0	1	201	1	201	3.16e-97	276
MDC1345016.1	QIZ20555.1	94.212	501	29	0	1	501	1	501	0.0	965
MDC1345017.1	QIZ20556.1	95.415	349	16	0	1	349	1	349	0.0	671
MDC1345018.1	QIZ20557.1	95.312	320	15	0	1	320	1	320	0.0	625
MDC1345019.1	QIZ20562.1	93.699	492	31	0	1	492	1	492	0.0	960
MDC1345020.1	QIZ20567.1	88.148	135	16	0	1	135	1	135	6.16e-93	260
MDC1345021.1	QIZ20568.1	93.194	191	13	0	1	191	1	191	6.52e-133	366
MDC1345022.1	QIZ20569.1	96.697	333	11	0	1	333	1	333	0.0	652
MDC1345024.1	QIZ20579.1	49.541	109	55	0	1	109	1	109	3.40e-36	115
MDC1345025.1	QIZ20579.1	87.273	110	14	0	1	110	1	110	3.46e-64	186
MDC1345026.1	QIZ20583.1	88.596	114	13	0	1	114	1	114	8.97e-74	210
MDC1345027.1	QIZ20584.1	82.609	184	32	0	6	189	3	186	2.63e-112	313
MDC1345028.1	QIZ20585.1	84.328	268	42	0	1	268	1	268	5.50e-172	471
MDC1345029.1	QIZ20586.1	77.083	192	44	0	1	192	1	192	4.28e-112	313
MDC1345030.1	QIZ20587.1	91.064	235	21	0	1	235	1	235	9.37e-153	420
MDC1345032.1	QIZ21120.1	95.858	169	7	0	1	169	1	169	1.18e-104	293
MDC1345033.1	QIZ21122.1	91.906	383	31	0	1	383	1	383	0.0	752
MDC1345034.1	QIZ21123.1	87.565	386	48	0	1	386	1	386	0.0	699
MDC1345035.1	QIZ21124.1	33.492	421	271	6	57	473	41	456	5.36e-74	237
MDC1345040.1	QIZ21125.1	85.393	89	13	0	1	89	1	89	2.01e-49	154
MDC1345041.1	QIZ21125.1	96.209	211	8	0	1	211	107	317	2.85e-154	426
MDC1345042.1	QIZ21126.1	82.569	327	54	1	1	327	1	324	0.0	506
MDC1345043.1	QIZ21127.1	89.444	360	38	0	1	360	1	360	0.0	623
MDC1345044.1	QIZ21128.1	99.433	353	2	0	1	353	1	353	0.0	708
MDC1345045.1	QIZ21129.1	98.043	511	10	0	1	511	1	511	0.0	1036
MDC1345046.1	QIZ21130.1	98.951	286	3	0	1	286	1	286	0.0	564
MDC1345047.1	QIZ21131.1	99.645	282	1	0	1	282	1	282	0.0	552
MDC1345048.1	QIZ21132.1	97.772	359	8	0	1	359	1	359	0.0	703
MDC1345049.1	QIZ21133.1	90.196	357	35	0	1	357	1	357	0.0	674
MDC1345052.1	QIZ21134.1	93.005	386	26	1	1	386	1	385	0.0	728
MDC1345053.1	QIZ21135.1	93.299	194	13	0	1	194	2	195	3.27e-140	385
MDC1345054.1	QIZ21136.1	97.130	453	13	0	1	453	1	453	0.0	869
MDC1345055.1	QIZ21137.1	85.618	445	64	0	1	445	1	445	0.0	763
MDC1345056.1	QIZ21138.1	89.831	59	6	0	1	59	1	59	2.00e-34	107
MDC1345057.1	QIZ21139.1	92.833	293	21	0	1	293	1	293	0.0	518
MDC1345058.1	QIZ21141.1	75.401	187	46	0	1	187	1	187	1.97e-103	291
MDC1345059.1	QIZ21142.1	96.393	305	11	0	1	305	1	305	0.0	588
MDC1345060.1	QIZ21143.1	91.606	274	23	0	1	274	1	274	1.16e-177	486
MDC1345061.1	QIZ21144.1	96.460	452	16	0	1	452	1	452	0.0	879
MDC1345062.1	QIZ21146.1	96.930	228	7	0	1	228	1	228	1.52e-165	451
MDC1345063.1	QIZ21148.1	98.715	467	6	0	1	467	1	467	0.0	955
MDC1345064.1	QIZ21149.1	99.507	203	1	0	1	203	9	211	6.41e-149	407
MDC1345065.1	QIZ21151.1	98.637	587	8	0	1	587	1	587	0.0	1197
MDC1345066.1	QIZ21152.1	97.417	542	14	0	1	542	1	542	0.0	1103
MDC1345067.1	QIZ21153.1	90.698	258	24	0	1	258	1	258	1.63e-178	487
MDC1345068.1	QIZ21154.1	95.664	369	16	0	1	369	1	369	0.0	717
MDC1345069.1	QIZ21155.1	94.895	333	17	0	1	333	1	333	0.0	650
MDC1345070.1	QIZ21156.1	90.909	77	7	0	1	77	1	77	6.22e-48	144
MDC1345071.1	QIZ20317.1	70.661	242	70	1	1	242	1	241	4.01e-118	349
MDC1345072.1	QIZ20318.1	93.857	293	18	0	1	293	1	293	0.0	572
MDC1345073.1	QIZ20319.1	98.718	156	2	0	1	156	1	156	4.17e-112	310
MDC1345074.1	QIZ20320.1	87.861	173	21	0	1	173	1	173	1.15e-105	295
MDC1345075.1	QIZ20321.1	87.179	585	71	1	1	581	1	585	0.0	1064
MDC1345076.1	QIZ20322.1	97.436	195	5	0	1	195	1	195	7.07e-136	374
MDC1345077.1	QIZ20323.1	91.213	239	21	0	1	239	1	239	2.62e-149	411
MDC1345078.1	QIZ20324.1	93.750	128	8	0	1	128	1	128	5.16e-82	232
MDC1345079.1	QIZ20325.1	95.082	244	12	0	1	244	1	244	1.17e-172	471
MDC1345080.1	QIZ20326.1	95.946	222	9	0	1	222	1	222	3.22e-153	420
MDC1345081.1	QIZ20327.1	96.460	226	8	0	1	226	1	226	4.48e-159	435
MDC1345082.1	QIZ20328.1	95.745	329	14	0	1	329	1	329	0.0	646
MDC1345083.1	QIZ20329.1	89.671	213	22	0	1	213	1	213	5.40e-152	416
MDC1345084.1	QIZ20330.1	93.617	141	9	0	1	141	1	141	4.07e-97	271
MDC1345085.1	QIZ20331.1	97.477	436	11	0	1	436	1	436	0.0	884
MDC1345086.1	QIZ20332.1	98.684	152	2	0	1	152	1	152	8.68e-110	304
MDC1345088.1	QIZ20333.1	93.909	197	12	0	1	197	1	197	9.51e-135	371
MDC1345089.1	QIZ20334.1	97.814	366	8	0	1	366	1	366	0.0	706
MDC1345090.1	QIZ20335.1	96.875	128	4	0	1	128	1	128	5.86e-89	249
MDC1345091.1	QIZ20336.1	98.507	134	2	0	1	134	1	134	6.09e-95	265
MDC1345092.1	QIZ20337.1	90.909	319	29	0	1	319	1	319	0.0	549
MDC1345093.1	QIZ20338.1	98.573	701	10	0	1	701	1	701	0.0	1349
MDC1345094.1	QIZ20339.1	90.850	153	14	0	1	153	1	153	1.40e-94	266
MDC1345095.1	QIZ20340.1	94.444	144	8	0	12	155	12	155	1.73e-85	243
MDC1345096.1	QIZ20341.1	100.000	60	0	0	1	60	1	60	7.22e-42	125
MDC1345097.1	QIZ20342.1	92.216	334	25	1	1	333	1	334	0.0	623
MDC1345098.1	QIZ20343.1	96.000	100	4	0	1	100	1	100	1.86e-65	188
MDC1345099.1	QIZ20344.1	96.000	125	5	0	1	125	1	125	1.24e-82	233
MDC1345100.1	QIZ20345.1	100.000	63	0	0	1	63	1	63	4.14e-41	124
MDC1345101.1	QIZ20346.1	98.958	96	1	0	1	96	1	96	2.66e-61	177
MDC1345102.1	QIZ20347.1	91.964	336	27	0	1	336	1	336	0.0	575
MDC1345103.1	QIZ20348.1	90.724	442	41	0	1	442	1	442	0.0	815
MDC1345104.1	QIZ20349.1	98.039	153	3	0	1	153	1	153	1.18e-110	306
MDC1345105.1	QIZ20350.1	95.973	149	6	0	1	149	1	149	5.02e-106	295
MDC1345106.1	QIZ20351.1	92.647	340	25	0	1	340	1	340	0.0	634
MDC1345107.1	QIZ20352.1	89.189	74	8	0	1	74	1	74	1.95e-44	133
MDC1345108.1	QIZ20353.1	95.581	430	19	0	1	430	1	430	0.0	792
MDC1345109.1	QIZ20354.1	85.667	300	43	0	1	300	1	300	0.0	517
MDC1345110.1	QIZ20355.1	96.085	281	11	0	1	281	1	281	0.0	540
MDC1345111.1	QIZ20356.1	94.565	92	5	0	1	92	4	95	8.17e-61	176
MDC1345112.1	QIZ20357.1	86.207	145	20	0	1	145	1	145	2.37e-94	265
MDC1345113.1	QIZ20359.1	62.460	309	103	2	1	309	1	296	4.06e-149	416
MDC1345114.1	QIZ20692.1	68.308	325	103	0	4	328	12	336	1.11e-173	487
MDC1345115.1	QIZ20691.1	96.204	922	35	0	1	922	1	922	0.0	1869
MDC1345116.1	QIZ20690.1	94.203	552	32	0	1	552	1	552	0.0	1050
MDC1345117.1	QIZ20689.1	75.000	276	69	0	1	276	1	276	3.24e-155	429
MDC1345118.1	QIZ20687.1	60.127	158	63	0	1	158	1	158	4.00e-58	174
MDC1345119.1	QIZ20686.1	62.500	136	47	1	1	132	1	136	2.86e-57	170
MDC1345120.1	QIZ20685.1	73.000	200	54	0	1	200	1	200	1.85e-107	303
MDC1345121.1	QIZ20684.1	77.349	415	94	0	1	415	1	415	0.0	627
MDC1345122.1	QIZ20683.1	96.346	301	11	0	1	301	1	301	0.0	574
MDC1345123.1	QIZ20682.1	96.543	405	14	0	1	405	1	405	0.0	816
MDC1345124.1	QIZ20681.1	95.946	370	15	0	1	370	1	370	0.0	748
MDC1345125.1	QIZ20680.1	77.233	347	79	0	1	347	1	347	0.0	588
MDC1345126.1	QIZ20679.1	90.667	75	7	0	1	75	1	75	5.14e-48	142
MDC1345129.1	QIZ20676.1	92.547	161	12	0	1	161	1	161	6.61e-99	278
MDC1345130.1	QIZ20675.1	91.176	68	6	0	1	68	1	68	3.84e-42	127
MDC1345131.1	QIZ20674.1	95.674	393	17	0	1	393	1	393	0.0	778
MDC1345132.1	QIZ20673.1	79.677	433	88	0	1	433	1	433	0.0	695
MDC1345133.1	QIZ20672.1	97.552	286	7	0	1	286	1	286	0.0	555
MDC1345134.1	QIZ20671.1	94.822	309	16	0	1	309	1	309	0.0	588
MDC1345135.1	QIZ20670.1	96.056	431	17	0	1	431	1	431	0.0	853
MDC1345136.1	QIZ20669.1	92.276	479	37	0	15	493	15	493	0.0	919
MDC1345137.1	QIZ20668.1	92.818	181	13	0	1	181	1	181	3.45e-110	308
MDC1345138.1	QIZ20667.1	96.474	794	28	0	1	794	1	794	0.0	1524
MDC1345139.1	QIZ20666.1	98.941	472	5	0	1	472	1	472	0.0	954
MDC1345140.1	QIZ20665.1	98.026	152	3	0	1	152	1	152	6.40e-103	287
MDC1345141.1	QIZ20664.1	98.571	70	1	0	23	92	1	70	6.03e-47	140
MDC1345142.1	QIZ20663.1	100.000	121	0	0	1	121	1	121	8.72e-86	241
MDC1345143.1	QIZ20662.1	97.742	310	7	0	1	310	1	310	0.0	603
MDC1345144.1	QIZ20661.1	100.000	245	0	0	1	245	3	247	3.39e-180	490
MDC1345145.1	QIZ20660.1	100.000	79	0	0	1	79	1	79	1.08e-50	149
MDC1345146.1	QIZ20659.1	96.190	210	8	0	1	210	1	210	1.17e-149	410
MDC1345147.1	QIZ20658.1	90.076	262	26	0	1	262	1	262	1.78e-172	472
MDC1345148.1	QIZ20657.1	89.000	200	22	0	1	200	121	320	1.28e-126	355
MDC1345149.1	QIZ21200.1	96.660	479	16	0	1	479	1	479	0.0	946
MDC1345150.1	QIZ21199.1	95.469	309	14	0	1	309	1	309	0.0	591
MDC1345151.1	QIZ21198.1	96.175	183	7	0	1	183	1	183	5.28e-123	340
MDC1345152.1	QIZ21197.1	97.861	187	4	0	1	187	1	187	2.20e-135	372
MDC1345153.1	QIZ21196.1	92.347	392	30	0	1	392	1	392	0.0	751
MDC1345154.1	QIZ21195.1	98.271	347	6	0	1	347	1	347	0.0	711
MDC1345155.1	QIZ21194.1	97.595	291	7	0	1	291	1	291	0.0	579
MDC1345156.1	QIZ21193.1	94.565	184	10	0	1	184	1	184	1.63e-124	344
MDC1345157.1	QIZ21191.1	96.000	350	14	0	1	350	1	350	0.0	665
MDC1345158.1	QIZ21190.1	96.346	520	19	0	1	520	6	525	0.0	1021
MDC1345159.1	QIZ21189.1	98.960	481	5	0	1	481	1	481	0.0	925
MDC1345160.1	QIZ21188.1	96.507	458	16	0	1	458	1	458	0.0	885
MDC1345161.1	QIZ21187.1	88.710	248	28	0	1	248	1	248	4.71e-154	424
MDC1345162.1	QIZ21186.1	97.315	298	8	0	1	298	1	298	0.0	577
MDC1345163.1	QIZ21185.1	96.111	360	14	0	1	360	1	360	0.0	692
MDC1345164.1	QIZ21184.1	98.387	372	6	0	1	372	1	372	0.0	758
MDC1345165.1	QIZ21183.1	98.485	198	3	0	1	198	1	198	2.23e-144	395
MDC1345166.1	QIZ21182.1	91.632	239	20	0	1	239	1	239	1.66e-166	455
MDC1345167.1	QIZ21181.1	97.015	134	4	0	1	134	1	134	9.19e-93	260
MDC1345168.1	QIZ21180.1	100.000	84	0	0	1	84	1	84	2.62e-56	164
MDC1345169.1	QIZ21179.1	98.471	327	5	0	1	327	1	327	0.0	652
MDC1345170.1	QIZ21178.1	97.011	368	11	0	1	368	1	368	0.0	721
MDC1345171.1	QIZ21177.1	93.269	416	28	0	1	416	1	416	0.0	771
MDC1345172.1	QIZ21176.1	95.556	180	8	0	1	180	1	180	1.13e-123	342
MDC1345173.1	QIZ21175.1	97.414	116	3	0	1	116	1	116	1.07e-78	223
MDC1345174.1	QIZ21174.1	97.889	379	8	0	1	379	1	379	0.0	746
MDC1345175.1	QIZ21173.1	94.937	158	8	0	1	158	1	158	3.82e-110	306
MDC1345176.1	QIZ21172.1	98.462	130	2	0	1	130	1	130	3.77e-88	248
MDC1345177.1	QIZ21171.1	99.576	472	2	0	1	472	1	472	0.0	951
MDC1345178.1	QIZ21170.1	99.656	291	1	0	1	291	1	291	0.0	588
MDC1345179.1	QIZ21169.1	99.413	511	3	0	1	511	1	511	0.0	1027
MDC1345180.1	QIZ21168.1	97.838	185	4	0	1	185	1	185	1.08e-130	360
MDC1345181.1	QIZ21167.1	95.181	249	12	0	1	249	403	651	2.31e-173	488
MDC1345182.1	QIZ20234.1	95.122	369	18	0	1	369	1	369	0.0	739
MDC1345183.1	QIZ20233.1	92.715	453	33	0	1	453	1	453	0.0	858
MDC1345184.1	QIZ20232.1	93.469	245	16	0	1	245	1	245	9.19e-176	479
MDC1345185.1	QIZ20231.1	98.257	459	8	0	1	459	1	459	0.0	943
MDC1345186.1	QIZ20230.1	96.205	606	23	0	1	606	1	606	0.0	1202
MDC1345187.1	QIZ20229.1	93.237	207	14	0	1	207	1	207	1.65e-138	381
MDC1345188.1	QIZ20228.1	97.380	229	6	0	1	229	1	229	8.92e-170	462
MDC1345189.1	QIZ20227.1	98.200	500	9	0	1	500	1	500	0.0	1011
MDC1345190.1	QIZ20226.1	96.980	298	9	0	1	298	1	298	0.0	594
MDC1345191.1	QIZ20225.1	96.791	374	12	0	1	374	1	374	0.0	751
MDC1345192.1	QIZ20224.1	91.346	208	18	0	1	208	1	208	1.11e-140	387
MDC1345193.1	QIZ20222.1	97.953	342	7	0	1	342	1	342	0.0	709
MDC1345194.1	QIZ20221.1	98.450	645	10	0	1	645	1	645	0.0	1328
MDC1345195.1	QIZ20220.1	96.281	484	18	0	1	484	1	484	0.0	939
MDC1345196.1	QIZ20219.1	86.667	90	12	0	1	90	1	90	6.84e-56	163
MDC1345197.1	QIZ20218.1	94.474	380	21	0	1	380	1	380	0.0	750
MDC1345200.1	QIZ20565.1	29.577	213	134	5	111	314	77	282	2.33e-23	93.6
MDC1345205.1	QIZ20910.1	89.815	108	11	0	13	120	13	120	1.88e-73	210
MDC1345206.1	QIZ20911.1	70.588	187	54	1	1	187	1	186	2.35e-97	276
MDC1345207.1	QIZ20915.1	30.844	924	503	29	110	924	122	1018	1.13e-97	328
MDC1345208.1	QIZ21131.1	28.881	277	180	6	4	266	8	281	2.39e-35	124
MDC1345209.1	QIZ21130.1	28.621	290	197	5	1	284	1	286	2.39e-21	87.0
MDC1345210.1	QIZ21133.1	49.162	358	176	3	1	353	1	357	2.32e-123	355
MDC1345211.1	QIZ21132.1	38.375	357	211	4	1	353	1	352	1.30e-76	236
MDC1345214.1	QIZ20228.1	66.812	229	66	2	1	221	1	227	2.98e-114	322
MDC1345216.1	QIZ20615.1	96.522	115	4	0	1	115	1	115	3.79e-83	234
MDC1345218.1	QIZ20617.1	92.593	81	6	0	1	81	1	81	1.08e-53	157
MDC1345219.1	QIZ20618.1	98.193	166	3	0	1	166	1	166	8.56e-120	331
MDC1345220.1	QIZ20619.1	91.532	248	21	0	1	248	1	248	1.01e-135	378
MDC1345221.1	QIZ20620.1	94.359	195	11	0	1	195	1	195	2.97e-125	347
MDC1345222.1	QIZ20621.1	78.146	302	66	0	1	302	1	302	2.52e-172	475
MDC1345223.1	QIZ20622.1	87.119	295	38	0	1	295	1	295	5.89e-180	493
MDC1345224.1	QIZ20623.1	84.277	159	25	0	1	159	1	159	1.66e-89	253
MDC1345225.1	QIZ20624.1	98.077	468	9	0	1	468	1	468	0.0	960
MDC1345227.1	QIZ20625.1	99.091	110	1	0	1	110	1	110	1.26e-77	219
MDC1345228.1	QIZ20626.1	97.959	98	2	0	1	98	1	98	3.61e-67	192
MDC1345229.1	QIZ20627.1	85.897	156	22	0	1	156	1	156	2.11e-98	276
MDC1345230.1	QIZ20628.1	82.921	404	69	0	1	404	1	404	0.0	731
MDC1345231.1	QIZ20629.1	59.036	415	169	1	1	414	1	415	4.08e-168	473
MDC1345232.1	QIZ20630.1	80.658	243	47	0	1	243	1	243	1.39e-141	392
MDC1345233.1	QIZ20631.1	92.083	480	38	0	1	480	1	480	0.0	928
MDC1345234.1	QIZ20632.1	96.454	141	5	0	1	141	1	141	9.53e-100	278
MDC1345235.1	QIZ20633.1	99.541	218	1	0	1	218	1	218	1.25e-166	453
MDC1345236.1	QIZ20634.1	92.000	375	30	0	1	375	1	375	0.0	696
MDC1345237.1	QIZ20635.1	95.355	409	19	0	1	409	1	409	0.0	770
MDC1345238.1	QIZ20636.1	96.429	196	7	0	2	197	535	730	1.18e-131	382
MDC1345241.1	QIZ20500.1	95.822	383	16	0	1	383	1	383	0.0	779
MDC1345242.1	QIZ20499.1	93.411	258	17	0	1	258	1	258	5.39e-175	478
MDC1345243.1	QIZ20498.1	94.361	266	15	0	1	266	1	266	1.03e-167	460
MDC1345244.1	QIZ20497.1	96.825	252	8	0	1	252	1	252	0.0	496
MDC1345245.1	QIZ20496.1	98.469	196	3	0	1	196	1	196	2.31e-135	372
MDC1345246.1	QIZ20495.1	95.480	531	24	0	1	531	1	531	0.0	1075
MDC1345247.1	QIZ20489.1	62.637	364	135	1	1	364	1	363	1.14e-168	471
MDC1345248.1	QIZ20488.1	55.825	206	77	2	19	211	15	219	1.23e-70	210
MDC1345249.1	QIZ20487.1	77.904	439	97	0	4	442	2	440	0.0	664
MDC1345250.1	QIZ20485.1	70.722	485	142	0	1	485	1	485	0.0	679
MDC1345251.1	QIZ20484.1	87.500	248	31	0	1	248	1	248	1.11e-164	451
MDC1345252.1	QIZ20483.1	76.636	214	49	1	1	213	2	215	2.42e-114	321
MDC1345254.1	QIZ20482.1	78.571	140	30	0	1	140	1	140	9.47e-83	235
MDC1345255.1	QIZ20481.1	73.756	221	58	0	1	221	1	221	1.24e-121	340
MDC1345256.1	QIZ20480.1	65.294	170	59	0	13	182	13	182	6.90e-80	231
MDC1345260.1	QIZ20479.1	80.000	80	16	0	1	80	1	80	1.31e-46	139
MDC1345261.1	QIZ20478.1	91.332	473	24	2	1	460	1	469	0.0	837
MDC1345262.1	QIZ20477.1	95.567	203	9	0	1	203	1	203	4.87e-148	405
MDC1345263.1	QIZ20476.1	99.526	422	2	0	1	422	1	422	0.0	862
MDC1345264.1	QIZ20475.1	97.985	794	16	0	1	794	1	794	0.0	1577
MDC1345265.1	QIZ20474.1	98.361	122	2	0	1	122	1	122	2.15e-84	238
MDC1345266.1	QIZ20473.1	98.413	63	1	0	1	63	1	63	1.03e-43	134
MDC1345267.1	QIZ21304.1	92.652	313	23	0	1	313	5	317	0.0	597
MDC1345268.1	QIZ21305.1	96.850	127	4	0	11	137	99	225	3.15e-84	242
MDC1345269.1	QIZ21306.1	98.621	145	2	0	1	145	1	145	1.45e-99	278
MDC1345270.1	QIZ21307.1	88.966	290	32	0	1	290	1	290	0.0	552
MDC1345271.1	QIZ21308.1	99.485	194	1	0	1	194	1	194	1.22e-139	383
MDC1345272.1	QIZ21309.1	97.218	611	17	0	1	611	1	611	0.0	1223
MDC1345273.1	QIZ21310.1	94.326	141	8	0	1	141	1	141	2.30e-92	259
MDC1345274.1	QIZ21312.1	96.000	250	10	0	1	250	1	250	5.50e-176	479
MDC1345275.1	QIZ21313.1	97.372	723	19	0	1	723	1	723	0.0	1463
MDC1345276.1	QIZ21314.1	97.494	399	10	0	1	399	1	399	0.0	803
MDC1345277.1	QIZ21315.1	96.644	149	5	0	1	149	1	149	1.47e-107	298
MDC1345278.1	QIZ21316.1	81.651	218	40	0	1	218	1	218	1.29e-123	345
MDC1345281.1	QIZ20493.1	43.137	102	55	2	11	110	11	111	8.84e-23	82.0
MDC1345283.1	QIZ21317.1	93.610	313	20	0	1	313	1	313	0.0	609
MDC1345284.1	QIZ21318.1	81.529	314	58	0	1	314	1	314	0.0	519
MDC1345285.1	QIZ21319.1	88.584	219	25	0	1	219	1	219	6.44e-150	411
MDC1345286.1	QIZ21358.1	93.447	351	23	0	1	351	1	351	0.0	664
MDC1345287.1	QIZ21359.1	97.579	1074	26	0	1	1074	1	1074	0.0	2152
MDC1345288.1	QIZ21360.1	96.104	385	15	0	1	385	1	385	0.0	758
MDC1345289.1	QIZ21361.1	98.039	153	3	0	1	153	1	153	1.31e-105	294
MDC1345290.1	QIZ21362.1	100.000	72	0	0	1	72	1	72	4.24e-46	150
MDC1345291.1	QIZ21380.1	93.450	229	15	0	1	229	141	369	3.10e-152	423
MDC1345292.1	QIZ21381.1	95.098	306	15	0	1	306	1	306	0.0	569
MDC1345293.1	QIZ21382.1	95.472	265	12	0	18	282	18	282	0.0	508
MDC1345294.1	QIZ21383.1	93.481	675	44	0	1	675	1	675	0.0	1275
MDC1345295.1	QIZ21384.1	91.135	564	50	0	1	564	1	564	0.0	1029
MDC1345296.1	QIZ21385.1	97.640	678	16	0	1	678	1	678	0.0	1357
MDC1345297.1	QIZ21386.1	77.226	483	110	0	1	483	1	483	0.0	703
MDC1345298.1	QIZ21387.1	97.403	462	12	0	1	462	1	462	0.0	924
MDC1345300.1	QIZ21388.1	93.016	315	22	0	1	315	1	315	0.0	616
MDC1345301.1	QIZ21395.1	98.540	274	4	0	18	291	1	274	0.0	546
MDC1345302.1	QIZ21396.1	91.257	366	32	0	1	366	1	366	0.0	640
MDC1345303.1	QIZ21397.1	91.667	288	24	0	1	288	1	288	0.0	518
MDC1345304.1	QIZ21398.1	95.082	61	3	0	1	61	1	61	2.17e-37	114
MDC1345305.1	QIZ21399.1	90.021	471	46	1	1	470	1	471	0.0	838
MDC1345306.1	QIZ21400.1	86.817	311	41	0	1	311	1	311	9.57e-175	482
MDC1345307.1	QIZ21401.1	92.007	588	47	0	1	588	1	588	0.0	1096
MDC1345308.1	QIZ21402.1	92.308	182	14	0	1	182	1	182	4.07e-122	338
MDC1345309.1	QIZ21403.1	97.583	331	8	0	1	331	1	331	0.0	666
MDC1345310.1	QIZ20875.1	94.203	276	16	0	1	276	1	276	0.0	543
MDC1345311.1	QIZ20874.1	94.794	557	29	0	1	557	1	557	0.0	1035
MDC1345312.1	QIZ20873.1	98.095	105	2	0	1	105	1	105	3.60e-70	200
MDC1345313.1	QIZ20872.1	99.507	203	1	0	1	203	1	203	2.23e-149	409
MDC1345314.1	QIZ20871.1	94.247	730	40	1	1	728	4	733	0.0	1438
MDC1345315.1	QIZ20870.1	95.380	368	17	0	1	368	1	368	0.0	721
MDC1345316.1	QIZ20869.1	93.684	855	46	3	1	854	1	848	0.0	1620
MDC1345317.1	QIZ20868.1	90.762	433	40	0	1	433	1	433	0.0	803
MDC1345318.1	QIZ20867.1	89.510	143	15	0	1	143	1	143	1.41e-84	240
MDC1345319.1	QIZ20866.1	95.417	240	11	0	1	240	1	240	2.46e-167	457
MDC1345320.1	QIZ20865.1	97.022	403	12	0	1	403	1	403	0.0	791
MDC1345321.1	QIZ20864.1	99.454	366	2	0	1	366	1	366	0.0	731
MDC1345322.1	QIZ20863.1	98.039	357	7	0	1	357	1	357	0.0	710
MDC1345324.1	QIZ21591.1	94.286	175	10	0	1	175	1	175	2.56e-113	315
MDC1345328.1	QIZ21593.1	91.040	346	31	0	1	346	1	346	0.0	644
MDC1345329.1	QIZ20217.1	95.652	276	12	0	1	276	1	276	0.0	546
MDC1345332.1	QIZ21513.1	35.970	809	505	6	1	803	1	802	7.49e-167	499
MDC1345335.1	QIZ20411.1	98.754	321	4	0	1	321	1	321	0.0	638
MDC1345337.1	QIZ20216.1	94.953	317	16	0	1	317	2	318	0.0	616
MDC1345341.1	QIZ20215.1	92.414	145	11	0	1	145	1	145	1.10e-101	283
MDC1345343.1	QIZ20214.1	96.599	294	10	0	1	294	1	294	0.0	566
MDC1345344.1	QIZ20213.1	94.350	177	10	0	1	177	1	177	4.72e-112	312
MDC1345345.1	QIZ20212.1	96.667	90	3	0	4	93	73	162	4.56e-64	186
MDC1345346.1	QIZ20211.1	73.333	75	20	0	1	75	1	75	5.47e-38	117
MDC1345347.1	QIZ21097.1	97.342	301	8	0	1	301	195	495	0.0	613
MDC1345348.1	QIZ21098.1	56.481	108	47	0	1	108	1	108	2.81e-45	138
MDC1345349.1	QIZ21099.1	95.000	40	2	0	1	40	1	40	1.92e-22	75.5
MDC1345350.1	QIZ21100.1	89.706	136	14	0	1	136	1	136	6.17e-85	240
MDC1345351.1	QIZ21102.1	84.080	201	32	0	1	201	1	201	1.12e-104	295
MDC1345352.1	QIZ21101.1	93.724	239	15	0	1	239	1	239	3.80e-172	469
MDC1345354.1	QIZ21103.1	90.526	380	36	0	1	380	1	380	0.0	713
MDC1345355.1	QIZ21104.1	98.413	126	2	0	1	126	1	126	4.31e-86	242
MDC1345356.1	QIZ21105.1	96.053	152	6	0	1	152	1	152	1.05e-106	296
MDC1345357.1	QIZ21106.1	89.756	205	21	0	1	205	1	205	1.53e-137	379
MDC1345358.1	QIZ21107.1	97.975	395	8	0	1	395	1	395	0.0	791
MDC1345359.1	QIZ21108.1	72.619	168	46	0	1	168	1	168	3.97e-92	261
MDC1345360.1	QIZ21109.1	96.232	345	13	0	1	345	1	345	0.0	696
MDC1345361.1	QIZ21110.1	96.443	253	9	0	1	253	1	253	1.10e-177	484
MDC1345362.1	QIZ21111.1	99.123	114	1	0	1	114	1	114	1.95e-79	224
MDC1345363.1	QIZ21112.1	94.536	183	10	0	1	183	1	183	1.29e-126	349
MDC1345364.1	QIZ21113.1	100.000	106	0	0	1	106	1	106	1.12e-77	219
MDC1345365.1	QIZ21114.1	97.034	236	7	0	1	236	1	236	8.20e-169	460
MDC1345366.1	QIZ21115.1	93.333	75	5	0	1	75	1	75	1.39e-48	144
MDC1345367.1	QIZ21116.1	94.203	138	8	0	1	138	1	138	1.81e-94	265
MDC1345368.1	QIZ21117.1	95.252	337	16	0	1	337	1	337	0.0	607
MDC1345369.1	QIZ21077.1	91.824	159	13	0	1	159	165	323	2.56e-103	296
MDC1345370.1	QIZ21077.1	90.000	50	5	0	3	52	328	377	6.61e-25	89.4
MDC1345371.1	QIZ21078.1	91.549	213	18	0	1	213	1	213	1.25e-144	397
MDC1345373.1	QIZ21079.1	95.248	505	24	0	7	511	14	518	0.0	950
MDC1345375.1	QIZ21080.1	95.890	219	9	0	1	219	1	219	1.42e-151	416
MDC1345376.1	QIZ21081.1	97.458	118	3	0	1	118	1	118	1.67e-82	233
MDC1345377.1	QIZ21082.1	97.010	602	18	0	1	602	1	602	0.0	1177
MDC1345378.1	QIZ21083.1	100.000	86	0	0	1	86	1	86	4.81e-62	178
MDC1345379.1	QIZ21084.1	93.237	207	14	0	1	207	1	207	1.77e-142	391
MDC1345380.1	QIZ21085.1	95.016	642	32	0	40	681	39	680	0.0	1271
MDC1345381.1	QIZ21086.1	92.701	137	10	0	1	137	1	137	2.64e-94	264
MDC1345382.1	QIZ21060.1	92.825	223	16	0	1	223	1	223	1.43e-153	421
MDC1345383.1	QIZ21061.1	90.714	140	13	0	1	140	1	140	1.32e-92	260
MDC1345384.1	QIZ21062.1	95.714	140	6	0	1	140	1	140	1.79e-85	242
MDC1345385.1	QIZ21063.1	96.954	197	6	0	1	197	1	197	2.83e-138	380
MDC1345386.1	QIZ21064.1	88.372	172	20	0	1	172	1	172	2.51e-96	272
MDC1345387.1	QIZ21087.1	40.141	284	152	5	1	272	1	278	2.03e-57	181
MDC1345388.1	QIZ21065.1	97.582	455	11	0	1	455	1	455	0.0	888
MDC1345389.1	QIZ21066.1	99.415	171	1	0	1	171	1	171	6.65e-123	339
MDC1345390.1	QIZ21067.1	100.000	196	0	0	1	196	1	196	4.14e-147	402
MDC1345391.1	QIZ21068.1	92.308	208	16	0	1	208	1	208	4.96e-142	390
MDC1345392.1	QIZ21070.1	93.724	239	15	0	1	239	1	239	5.13e-166	454
MDC1345393.1	QIZ21071.1	96.414	251	9	0	1	251	1	251	0.0	497
MDC1345394.1	QIZ21072.1	96.040	101	4	0	1	101	1	101	5.91e-67	192
MDC1345395.1	QIZ21073.1	93.388	121	8	0	1	121	1	121	8.23e-83	234
MDC1345396.1	QIZ21074.1	92.216	167	13	0	1	167	1	167	7.65e-115	318
MDC1345397.1	QIZ21075.1	85.326	184	27	0	1	184	1	184	7.15e-113	315
MDC1345398.1	QIZ21076.1	96.545	492	17	0	1	492	205	696	0.0	975
MDC1345399.1	QIZ21234.1	99.483	387	2	0	1	387	1	387	0.0	793
MDC1345400.1	QIZ21233.1	98.520	608	9	0	1	608	1	608	0.0	1220
MDC1345401.1	QIZ21232.1	88.837	215	24	0	1	215	1	215	1.65e-137	379
MDC1345402.1	QIZ21231.1	93.805	226	14	0	1	226	1	226	5.84e-158	432
MDC1345403.1	QIZ21230.1	90.712	323	30	0	1	323	1	323	0.0	588
MDC1345404.1	QIZ21229.1	96.355	439	16	0	1	439	1	439	0.0	811
MDC1345405.1	QIZ21228.1	98.298	470	8	0	1	470	1	470	0.0	947
MDC1345406.1	QIZ21227.1	96.667	120	4	0	1	120	1	120	1.18e-84	238
MDC1345407.1	QIZ21226.1	99.130	115	1	0	1	115	1	115	4.96e-81	229
MDC1345408.1	QIZ21225.1	94.444	180	10	0	1	180	1	180	1.80e-118	328
MDC1345410.1	QIZ20804.1	39.720	214	126	1	4	217	7	217	2.07e-38	130
MDC1345411.1	QIZ20795.1	52.395	334	156	2	2	334	3	334	1.08e-116	337
MDC1345412.1	QIZ20796.1	47.436	312	154	3	2	312	1	303	1.46e-90	268
MDC1345415.1	QIZ20802.1	37.421	318	190	4	9	323	16	327	1.67e-55	179
MDC1345416.1	QIZ20805.1	47.368	399	200	4	184	579	1	392	1.62e-130	383
MDC1345418.1	QIZ20787.1	44.118	170	89	3	3	170	59	224	1.12e-38	127
MDC1345421.1	QIZ20853.1	53.448	232	108	0	1	232	7	238	9.20e-86	250
MDC1345422.1	QIZ20788.1	91.595	464	39	0	2	465	1	464	0.0	870
MDC1345423.1	QIZ20789.1	91.579	95	8	0	1	95	1	95	1.84e-58	171
MDC1345424.1	QIZ20790.1	85.083	362	54	0	1	362	1	362	0.0	615
MDC1345426.1	QIZ20792.1	100.000	41	0	0	1	41	1	41	1.01e-23	78.6
MDC1345427.1	QIZ20793.1	65.753	292	100	0	1	292	1	292	1.26e-139	391
MDC1345428.1	QIZ20801.1	35.309	405	229	12	122	515	1	383	2.68e-49	171
MDC1345429.1	QIZ20800.1	45.690	232	122	3	1	229	4	234	9.18e-60	184
MDC1345431.1	QIZ20565.1	40.891	247	144	2	1	247	47	291	4.59e-69	210
MDC1345433.1	QIZ20196.1	92.965	199	14	0	1	199	1	199	9.82e-143	391
MDC1345434.1	QIZ20197.1	89.860	286	29	0	3	288	4	289	0.0	537
MDC1345435.1	QIZ20198.1	90.704	398	37	0	1	398	5	402	0.0	645
MDC1345436.1	QIZ20199.1	93.714	175	10	1	1	174	1	175	6.16e-115	319
MDC1345437.1	QIZ20200.1	96.850	381	12	0	1	381	1	381	0.0	762
MDC1345438.1	QIZ20201.1	92.560	336	25	0	1	336	1	336	0.0	658
MDC1345439.1	QIZ20202.1	87.805	164	20	0	1	164	1	164	2.23e-105	294
MDC1345440.1	QIZ20203.1	95.711	443	19	0	1	443	1	443	0.0	842
MDC1345441.1	QIZ20204.1	97.872	141	3	0	1	141	1	141	1.02e-101	290
MDC1345447.1	QIZ20837.1	30.515	485	325	7	97	575	107	585	2.43e-59	204
MDC1345448.1	QIZ20858.1	26.741	359	222	10	1	345	27	358	3.35e-24	99.4
MDC1345450.1	QIZ20886.1	97.287	258	7	0	1	258	1	258	0.0	504
MDC1345451.1	QIZ20885.1	88.144	194	23	0	1	194	1	194	2.86e-119	332
MDC1345452.1	QIZ20884.1	95.833	312	13	0	12	323	12	323	0.0	589
MDC1345453.1	QIZ20883.1	97.537	203	5	0	1	203	1	203	6.13e-149	407
MDC1345454.1	QIZ20882.1	96.584	322	11	0	1	322	1	322	0.0	640
MDC1345455.1	QIZ20881.1	95.181	166	8	0	1	166	1	166	3.16e-118	327
MDC1345456.1	QIZ20880.1	92.222	270	21	0	1	270	1	270	1.54e-166	457
MDC1345457.1	QIZ20879.1	95.361	388	18	0	1	388	1	388	0.0	719
MDC1345458.1	QIZ20878.1	95.146	309	15	0	1	309	1	309	0.0	599
MDC1345459.1	QIZ20877.1	87.709	179	22	0	1	179	11	189	2.86e-117	326
MDC1345460.1	QIZ20876.1	89.535	86	9	0	1	86	1	86	3.86e-53	161
MDC1345461.1	QIZ21164.1	87.970	133	16	0	1	133	1	133	1.35e-74	234
MDC1345462.1	QIZ21163.1	97.251	291	8	0	1	291	1	291	0.0	572
MDC1345463.1	QIZ21162.1	94.041	386	23	0	1	386	1	386	0.0	731
MDC1345464.1	QIZ21161.1	99.375	320	2	0	1	320	1	320	0.0	635
MDC1345465.1	QIZ21160.1	98.390	497	8	0	1	497	1	497	0.0	1009
MDC1345466.1	QIZ21159.1	95.671	231	10	0	1	231	27	257	5.41e-168	459
MDC1345467.1	QIZ21158.1	98.475	590	9	0	1	590	1	590	0.0	1220
MDC1345468.1	QIZ20804.1	35.556	180	108	4	5	177	9	187	6.18e-26	96.7
MDC1345476.1	QIZ21052.1	99.526	422	2	0	1	422	1	422	0.0	847
MDC1345477.1	QIZ21051.1	39.469	527	275	14	47	557	56	554	2.21e-93	292
MDC1345478.1	QIZ21050.1	92.325	443	34	0	1	443	1	443	0.0	811
MDC1345479.1	QIZ21049.1	93.740	623	39	0	1	623	1	623	0.0	1193
MDC1345480.1	QIZ21048.1	85.088	114	17	0	1	114	1	114	5.46e-67	196
MDC1345481.1	QIZ20638.1	99.038	208	2	0	1	208	50	257	2.55e-153	421
MDC1345482.1	QIZ20637.1	94.314	598	34	0	1	598	1	598	0.0	1095
MDC1345484.1	QIZ20863.1	41.975	243	133	5	104	342	104	342	2.50e-54	178
MDC1345485.1	QIZ20636.1	85.156	128	19	0	1	128	1	128	1.34e-58	188
MDC1345486.1	QIZ20517.1	95.690	116	5	0	1	116	1	116	7.03e-81	228
MDC1345487.1	QIZ20518.1	99.354	619	4	0	1	619	1	619	0.0	1297
MDC1345488.1	QIZ20519.1	98.077	156	3	0	1	156	1	156	2.16e-117	324
MDC1345489.1	QIZ20520.1	91.667	264	22	0	1	264	1	264	0.0	506
MDC1345490.1	QIZ20521.1	88.636	132	15	0	13	144	1	132	2.18e-88	249
MDC1345491.1	QIZ20522.1	89.453	256	27	0	1	256	1	256	3.02e-163	448
MDC1345492.1	QIZ20523.1	93.514	185	12	0	1	185	1	185	1.62e-116	324
MDC1345493.1	QIZ20524.1	97.044	203	6	0	1	203	185	387	4.58e-142	397
MDC1345494.1	QIZ20298.1	99.425	174	1	0	1	174	140	313	2.62e-130	363
MDC1345495.1	QIZ20742.1	25.564	399	276	10	36	423	27	415	1.09e-34	129
MDC1345496.1	QIZ20297.1	95.812	191	8	0	1	191	1	191	7.04e-123	340
MDC1345497.1	QIZ20296.1	97.335	863	23	0	1	863	1	863	0.0	1724
MDC1345498.1	QIZ20295.1	92.000	100	8	0	1	100	1	100	1.89e-59	173
MDC1345499.1	QIZ20294.1	96.732	153	5	0	1	153	1	153	3.91e-108	300
MDC1345500.1	QIZ20516.1	93.353	346	23	0	1	346	14	359	0.0	593
MDC1345501.1	QIZ20514.1	65.181	359	121	2	1	356	1	358	1.43e-156	439
MDC1345502.1	QIZ20513.1	95.103	388	19	0	1	388	1	388	0.0	775
MDC1345503.1	QIZ20512.1	96.809	94	3	0	1	94	1	94	7.50e-63	181
MDC1345504.1	QIZ20511.1	98.990	594	6	0	1	594	1	594	0.0	1222
MDC1345505.1	QIZ20510.1	90.625	64	6	0	1	64	1	64	6.93e-37	122
MDC1345509.1	QIZ20837.1	30.634	284	179	7	288	560	306	582	7.13e-32	125
MDC1345511.1	QIZ20190.1	95.906	171	7	0	1	171	190	360	1.19e-119	338
MDC1345512.1	QIZ20184.1	89.355	310	33	0	1	310	1	310	0.0	553
MDC1345513.1	QIZ20183.1	96.124	129	5	0	1	129	1	129	2.17e-86	243
MDC1345514.1	QIZ20182.1	98.214	224	4	0	1	224	1	224	1.77e-158	433
MDC1345515.1	QIZ20181.1	98.261	230	4	0	1	230	1	230	1.70e-164	449
MDC1345516.1	QIZ20180.1	95.760	283	12	0	1	283	1	283	0.0	560
MDC1345517.1	QIZ20180.1	52.747	273	116	4	30	298	20	283	1.66e-95	279
MDC1345518.1	QIZ21058.1	92.830	265	19	0	1	265	1	265	0.0	498
MDC1345519.1	QIZ21057.1	90.769	195	18	0	1	195	1	195	5.13e-129	356
MDC1345520.1	QIZ21056.1	93.431	274	18	0	1	274	1	274	0.0	526
MDC1345521.1	QIZ21055.1	86.486	333	45	0	1	333	1	333	0.0	604
MDC1345524.1	QIZ20441.1	91.815	281	23	0	1	281	1	281	0.0	543
MDC1345525.1	QIZ20440.1	98.222	225	4	0	1	225	1	225	1.41e-163	446
MDC1345526.1	QIZ20439.1	96.578	263	9	0	1	263	1	263	0.0	493
MDC1345527.1	QIZ20438.1	95.758	330	14	0	1	330	1	330	0.0	638
MDC1345528.1	QIZ20437.1	90.576	191	18	0	1	191	1	191	7.25e-127	350
MDC1345529.1	QIZ20436.1	95.238	210	10	0	1	210	275	484	6.62e-146	410
MDC1345530.1	QIZ20253.1	98.582	141	2	0	1	141	1	141	4.05e-100	279
MDC1345531.1	QIZ20252.1	99.432	176	1	0	1	176	1	176	6.44e-127	350
MDC1345532.1	QIZ20251.1	100.000	63	0	0	1	63	1	63	8.54e-41	123
MDC1345533.1	QIZ20250.1	97.222	396	11	0	1	396	1	396	0.0	787
MDC1345534.1	QIZ20249.1	99.190	247	2	0	1	247	1	247	0.0	502
MDC1345535.1	QIZ20248.1	94.595	259	14	0	1	259	1	259	4.04e-178	486
MDC1345536.1	QIZ21365.1	90.295	237	23	0	1	237	25	261	3.67e-165	452
MDC1345537.1	QIZ21364.1	93.401	197	13	0	1	197	1	197	2.37e-133	367
MDC1345538.1	QIZ21363.1	99.012	607	6	0	1	607	1	607	0.0	1217
MDC1345539.1	QIZ21362.1	98.333	300	5	0	1	300	292	591	0.0	590
MDC1345540.1	QIZ21088.1	97.107	242	7	0	1	242	1	242	5.94e-174	478
MDC1345541.1	QIZ21089.1	94.788	307	16	0	1	307	1	307	0.0	585
MDC1345542.1	QIZ21090.1	93.966	232	14	0	1	232	1	232	7.08e-163	445
MDC1345543.1	QIZ21091.1	87.812	361	44	0	1	361	1	361	0.0	592
MDC1345544.1	QIZ21092.1	97.917	96	2	0	1	96	1	96	2.42e-63	182
MDC1345545.1	QIZ21093.1	99.412	170	1	0	1	170	1	170	2.58e-121	339
MDC1345547.1	QIZ21235.1	98.739	555	6	1	1	554	1	555	0.0	1080
MDC1345548.1	QIZ21236.1	97.917	96	2	0	1	96	1	96	9.13e-64	183
MDC1345549.1	QIZ21237.1	83.929	168	27	0	1	168	1	168	2.61e-103	293
MDC1345550.1	QIZ20921.1	46.602	309	163	2	1	308	39	346	2.12e-99	292
MDC1345551.1	QIZ20920.1	52.838	229	107	1	1	229	1	228	2.07e-79	233
MDC1345553.1	QIZ20908.1	54.585	229	98	3	1	223	1	229	2.00e-79	234
MDC1345554.1	QIZ20898.1	33.835	133	87	1	3	134	4	136	4.95e-23	88.6
MDC1345557.1	QIZ21165.1	98.582	282	4	0	1	282	144	425	0.0	573
MDC1345558.1	QIZ21166.1	97.639	466	11	0	1	466	1	466	0.0	930
MDC1345559.1	QIZ21167.1	96.439	337	12	0	1	337	1	337	0.0	659
MDC1345560.1	QIZ20243.1	98.072	363	7	0	1	363	1	363	0.0	734
MDC1345561.1	QIZ20244.1	96.484	256	9	0	1	256	1	256	0.0	523
MDC1345562.1	QIZ20245.1	94.495	218	12	0	1	218	1	218	7.46e-150	412
MDC1345563.1	QIZ20246.1	95.652	184	8	0	1	184	1	184	1.12e-132	367
MDC1345564.1	QIZ21379.1	88.660	194	22	0	1	194	1	194	9.52e-110	309
MDC1345565.1	QIZ21378.1	93.421	304	20	0	1	304	1	304	0.0	542
MDC1345566.1	QIZ21377.1	96.154	312	12	0	1	312	1	312	0.0	593
MDC1345567.1	QIZ21376.1	99.329	149	1	0	1	149	316	464	2.51e-107	309
MDC1345570.1	QIZ20510.1	89.769	303	31	0	1	303	132	434	0.0	568
MDC1345571.1	QIZ20508.1	96.134	569	22	0	1	569	293	861	0.0	1077
MDC1345572.1	QIZ21462.1	70.922	141	41	0	11	151	11	151	1.37e-72	213
MDC1345573.1	QIZ21463.1	71.918	292	82	0	1	292	1	292	4.16e-156	433
MDC1345574.1	QIZ21464.1	94.595	74	4	0	1	74	1	74	1.44e-49	146
MDC1345575.1	QIZ21465.1	96.958	263	8	0	1	263	204	466	0.0	521
MDC1345576.1	QIZ20360.1	43.174	586	303	13	1	573	127	695	5.20e-136	408
MDC1345578.1	QIZ20782.1	97.312	186	5	0	1	186	1	186	6.08e-137	375
MDC1345579.1	QIZ20783.1	97.967	246	5	0	1	246	1	246	1.24e-180	491
MDC1345580.1	QIZ20784.1	97.368	76	2	0	1	76	1	76	6.18e-53	154
MDC1345581.1	QIZ20785.1	96.923	195	6	0	1	195	1	195	3.97e-140	384
MDC1345582.1	QIZ20786.1	100.000	64	0	0	1	64	1	64	4.42e-39	119
MDC1345583.1	QIZ20430.1	94.410	322	18	0	1	322	1	322	0.0	596
MDC1345584.1	QIZ20431.1	97.445	274	7	0	1	274	1	274	0.0	556
MDC1345585.1	QIZ20432.1	96.218	238	9	0	1	238	301	538	6.90e-168	470
MDC1345586.1	QIZ20643.1	84.375	96	15	0	1	96	37	132	2.28e-59	174
MDC1345587.1	QIZ20642.1	97.748	444	10	0	1	444	1	444	0.0	907
MDC1345588.1	QIZ20641.1	93.617	141	9	0	1	141	1	141	1.20e-93	263
MDC1345589.1	QIZ20640.1	94.505	91	5	0	1	91	55	145	3.81e-59	174
MDC1345591.1	QIZ20286.1	98.538	342	5	0	1	342	1	342	0.0	682
MDC1345592.1	QIZ20287.1	99.310	145	1	0	1	145	1	145	3.03e-104	290
MDC1345593.1	QIZ20288.1	97.908	239	5	0	1	239	1	239	5.17e-176	481
MDC1345594.1	QIZ20646.1	95.593	590	26	0	1	590	5	594	0.0	1165
MDC1345595.1	QIZ20645.1	98.802	167	2	0	1	167	107	273	1.58e-119	334
MDC1345596.1	QIZ20589.1	91.003	289	26	0	1	289	1	289	0.0	543
MDC1345597.1	QIZ20588.1	89.324	281	30	0	1	281	1	281	0.0	528
