MDA9813392.1	QIZ21371.1	61.923	520	195	1	1	520	43	559	0.0	658
MDA9813393.1	QIZ21372.1	57.839	944	395	1	1	944	1	941	0.0	1021
MDA9813395.1	QIZ21373.1	55.427	433	187	4	1	430	1	430	1.47e-149	428
MDA9813396.1	QIZ21374.1	69.067	375	114	2	1	374	1	374	1.60e-170	476
MDA9813397.1	QIZ21375.1	48.315	356	183	1	1	355	1	356	1.41e-119	345
MDA9813398.1	QIZ21376.1	74.353	464	119	0	1	464	1	464	0.0	719
MDA9813399.1	QIZ21377.1	64.948	291	102	0	9	299	22	312	3.23e-132	374
MDA9813400.1	QIZ21378.1	75.987	304	73	0	1	304	1	304	1.88e-157	437
MDA9813401.1	QIZ21379.1	33.945	218	136	3	5	215	7	223	6.65e-34	117
MDA9813403.1	QIZ21381.1	68.954	306	95	0	1	306	1	306	3.53e-148	414
MDA9813404.1	QIZ21382.1	59.833	239	96	0	18	256	19	257	9.34e-106	304
MDA9813405.1	QIZ21383.1	65.089	676	236	0	1	676	1	676	0.0	902
MDA9813406.1	QIZ21384.1	62.118	557	210	1	8	564	9	564	0.0	691
MDA9813407.1	QIZ21385.1	86.136	678	94	0	1	678	1	678	0.0	1226
MDA9813408.1	QIZ21386.1	29.348	460	304	9	1	452	37	483	8.96e-34	128
MDA9813409.1	QIZ21387.1	88.961	462	51	0	1	462	1	462	0.0	830
MDA9813411.1	QIZ20745.1	75.812	277	67	0	1	277	1	277	4.47e-156	432
MDA9813412.1	QIZ20744.1	89.666	329	34	0	1	329	1	329	0.0	621
MDA9813413.1	QIZ20743.1	74.150	294	76	0	1	294	1	294	9.34e-163	450
MDA9813414.1	QIZ20742.1	86.406	434	59	0	1	434	1	434	0.0	797
MDA9813415.1	QIZ20741.1	73.148	108	29	0	1	108	1	108	1.94e-54	161
MDA9813416.1	QIZ20740.1	89.048	630	69	0	8	637	1	630	0.0	1181
MDA9813417.1	QIZ20739.1	83.794	253	41	0	1	253	1	253	1.89e-156	431
MDA9813419.1	QIZ20738.1	81.132	106	20	0	1	106	1	106	8.85e-64	184
MDA9813420.1	QIZ20737.1	73.373	338	90	0	1	338	1	338	0.0	515
MDA9813421.1	QIZ20736.1	75.362	207	51	0	1	207	1	207	7.83e-121	337
MDA9813425.1	QIZ20734.1	70.175	171	36	1	3	173	25	180	7.01e-84	241
MDA9813427.1	QIZ20733.1	55.517	290	129	0	1	290	1	290	1.03e-108	313
MDA9813434.1	QIZ20732.1	81.882	425	77	0	1	425	1	425	0.0	728
MDA9813435.1	QIZ20731.1	80.916	131	25	0	1	131	1	131	3.20e-80	228
MDA9813436.1	QIZ21069.1	79.688	64	13	0	1	64	1	64	1.99e-35	109
MDA9813437.1	QIZ20729.1	73.950	119	30	1	2	120	3	120	9.24e-67	193
MDA9813438.1	QIZ20728.1	67.532	308	100	0	1	308	1	308	1.88e-149	417
MDA9813439.1	QIZ20727.1	53.494	415	191	2	18	430	18	432	2.87e-144	414
MDA9813440.1	QIZ20726.1	93.963	381	23	0	1	381	1	381	0.0	734
MDA9813441.1	QIZ20725.1	76.689	888	207	0	1	888	1	888	0.0	1427
MDA9813442.1	QIZ20724.1	89.109	404	44	0	1	404	1	404	0.0	769
MDA9813443.1	QIZ20723.1	73.023	215	58	0	1	215	1	215	1.03e-122	342
MDA9813444.1	QIZ20722.1	67.164	268	87	1	1	268	1	267	6.30e-128	360
MDA9813445.1	QIZ20721.1	56.954	302	124	3	1	297	1	301	2.06e-125	356
MDA9813446.1	QIZ20720.1	71.921	203	57	0	1	203	1	203	8.88e-106	298
MDA9813447.1	QIZ20719.1	84.637	358	55	0	1	358	1	358	0.0	583
MDA9813448.1	QIZ20718.1	54.483	145	66	0	1	145	1	145	8.22e-53	160
MDA9813449.1	QIZ20717.1	80.998	521	98	1	1	520	1	521	0.0	862
MDA9813450.1	QIZ20716.1	82.734	139	24	0	1	139	1	139	3.80e-89	251
MDA9813451.1	QIZ20715.1	68.872	257	80	0	1	257	1	257	3.30e-131	367
MDA9813452.1	QIZ20714.1	87.255	204	26	0	1	204	1	204	1.51e-122	341
MDA9813453.1	QIZ20713.1	95.933	418	17	0	1	418	1	418	0.0	816
MDA9813454.1	QIZ20712.1	94.444	288	16	0	1	288	1	288	0.0	543
MDA9813455.1	QIZ20711.1	89.254	335	36	0	3	337	2	336	0.0	600
MDA9813456.1	QIZ20710.1	90.833	240	22	0	1	240	1	240	2.19e-161	442
MDA9813457.1	QIZ20709.1	88.085	235	28	0	1	235	1	235	5.07e-155	426
MDA9813458.1	QIZ20708.1	92.720	261	19	0	1	261	1	261	0.0	511
MDA9813459.1	QIZ20707.1	74.390	164	37	2	3	162	1	163	7.18e-83	237
MDA9813460.1	QIZ20706.1	80.077	261	52	0	6	266	4	264	2.53e-159	439
MDA9813461.1	QIZ20705.1	63.596	228	79	1	1	224	1	228	2.94e-106	301
MDA9813462.1	QIZ20704.1	56.013	316	135	3	1	313	1	315	8.69e-124	353
MDA9813463.1	QIZ20703.1	75.768	293	67	1	1	289	1	293	3.57e-153	426
MDA9813464.1	QIZ20702.1	68.937	367	114	0	1	367	1	367	0.0	523
MDA9813465.1	QIZ20701.1	82.540	126	22	0	1	126	1	126	1.28e-78	223
MDA9813466.1	QIZ20700.1	86.555	952	128	0	1	952	1	952	0.0	1718
MDA9813467.1	QIZ20699.1	71.014	414	120	0	1	414	1	414	0.0	608
MDA9813469.1	QIZ20698.1	73.724	392	103	0	1	392	1	392	0.0	593
MDA9813470.1	QIZ20697.1	64.835	182	64	0	1	182	1	182	7.89e-86	246
MDA9813471.1	QIZ20696.1	57.724	246	104	0	3	248	4	249	1.88e-103	296
MDA9813472.1	QIZ20695.1	71.875	128	36	0	1	128	28	155	5.80e-49	149
MDA9813473.1	QIZ20694.1	92.916	367	26	0	1	367	1	367	0.0	699
MDA9813474.1	QIZ20692.1	66.667	480	159	1	4	482	12	491	0.0	675
MDA9813475.1	QIZ20691.1	89.913	922	93	0	1	922	1	922	0.0	1772
MDA9813476.1	QIZ20690.1	84.420	552	85	1	1	551	1	552	0.0	957
MDA9813477.1	QIZ20689.1	64.130	276	99	0	1	276	1	276	7.53e-137	383
MDA9813478.1	QIZ20687.1	58.333	156	65	0	1	156	1	156	5.87e-58	174
MDA9813479.1	QIZ20686.1	59.124	137	50	2	1	132	1	136	4.56e-55	164
MDA9813480.1	QIZ20685.1	56.716	201	86	1	1	200	1	201	4.88e-79	231
MDA9813481.1	QIZ20684.1	64.165	413	145	1	1	413	1	410	3.17e-179	501
MDA9813482.1	QIZ20683.1	77.076	301	69	0	1	301	1	301	3.95e-166	459
MDA9813483.1	QIZ20682.1	88.642	405	46	0	1	405	1	405	0.0	759
MDA9813484.1	QIZ20681.1	95.095	367	18	0	5	371	4	370	0.0	741
MDA9813485.1	QIZ20680.1	78.963	347	73	0	1	347	1	347	0.0	593
MDA9813486.1	QIZ20679.1	85.333	75	11	0	1	75	1	75	1.23e-45	136
MDA9813488.1	QIZ21307.1	27.969	261	180	6	8	263	9	266	3.59e-28	105
MDA9813489.1	QIZ20676.1	81.988	161	29	0	1	161	1	161	8.07e-87	247
MDA9813491.1	QIZ20673.1	81.087	423	80	0	1	423	1	423	0.0	684
MDA9813492.1	QIZ20672.1	70.629	286	84	0	1	286	1	286	1.03e-154	429
MDA9813493.1	QIZ20671.1	73.139	309	82	1	1	308	1	309	1.32e-168	466
MDA9813494.1	QIZ20670.1	75.638	431	105	0	1	431	1	431	0.0	696
MDA9813496.1	QIZ20669.1	87.708	480	59	0	14	493	14	493	0.0	888
MDA9813497.1	QIZ20668.1	67.403	181	59	0	1	181	1	181	5.10e-85	244
MDA9813498.1	QIZ20667.1	81.579	798	143	2	1	798	1	794	0.0	1254
MDA9813499.1	QIZ20666.1	86.229	472	65	0	1	472	1	472	0.0	859
MDA9813500.1	QIZ20665.1	79.605	152	31	0	1	152	1	152	3.02e-78	224
MDA9813501.1	QIZ20664.1	94.286	70	4	0	21	90	1	70	3.02e-45	135
MDA9813502.1	QIZ20663.1	81.731	104	19	0	1	104	1	104	2.69e-62	182
MDA9813503.1	QIZ20662.1	69.156	308	95	0	1	308	1	308	2.88e-149	417
MDA9813504.1	QIZ20661.1	83.673	245	40	0	1	245	3	247	5.97e-152	419
MDA9813505.1	QIZ20660.1	92.405	79	6	0	1	79	1	79	1.04e-46	139
MDA9813506.1	QIZ20659.1	74.286	210	54	0	1	210	1	210	3.07e-118	330
MDA9813507.1	QIZ20658.1	66.538	260	87	0	2	261	3	262	3.39e-128	360
MDA9813508.1	QIZ20657.1	57.500	320	135	1	1	319	1	320	4.77e-109	316
MDA9813509.1	QIZ20656.1	45.246	305	164	1	2	306	3	304	6.81e-73	223
MDA9813510.1	QIZ20655.1	41.816	892	424	12	1	883	1	806	0.0	627
MDA9813511.1	QIZ20654.1	50.000	356	178	0	3	358	2	357	1.28e-107	315
MDA9813512.1	QIZ20653.1	43.570	381	206	3	1	377	1	376	5.84e-97	290
MDA9813513.1	QIZ20652.1	88.041	485	58	0	1	485	1	485	0.0	871
MDA9813514.1	QIZ20651.1	92.647	136	10	0	1	136	1	136	9.63e-82	232
MDA9813515.1	QIZ20650.1	69.271	192	58	1	1	191	1	192	1.70e-85	246
MDA9813516.1	QIZ20649.1	77.485	342	76	1	1	342	1	341	0.0	506
MDA9813517.1	QIZ20648.1	41.716	338	197	0	1	338	22	359	1.39e-88	266
MDA9813518.1	QIZ20647.1	67.273	220	72	0	1	220	5	224	3.73e-94	270
MDA9813519.1	QIZ20646.1	83.838	594	96	0	1	594	1	594	0.0	1044
MDA9813520.1	QIZ20645.1	85.036	274	40	1	1	274	1	273	1.67e-171	470
MDA9813521.1	QIZ20644.1	75.424	118	29	0	1	118	1	118	2.65e-64	187
MDA9813522.1	QIZ20643.1	72.449	98	27	0	38	135	35	132	2.47e-51	155
MDA9813523.1	QIZ20642.1	90.337	445	43	0	1	445	1	445	0.0	834
MDA9813524.1	QIZ20641.1	72.340	141	39	0	1	141	1	141	4.41e-72	208
MDA9813525.1	QIZ20640.1	77.941	136	30	0	10	145	10	145	8.64e-79	226
MDA9813527.1	QIZ20638.1	89.883	257	26	0	1	257	1	257	9.71e-173	472
MDA9813528.1	QIZ20637.1	78.209	592	113	1	1	576	1	592	0.0	909
MDA9813530.1	QIZ20863.1	41.564	243	134	5	98	336	104	342	4.93e-54	177
MDA9813531.1	QIZ20636.1	49.220	449	216	7	363	807	290	730	6.99e-124	385
MDA9813531.1	QIZ20636.1	31.343	335	214	3	20	345	19	346	6.46e-36	140
MDA9813532.1	QIZ20635.1	76.716	408	95	0	1	408	1	408	0.0	650
MDA9813533.1	QIZ20634.1	52.356	382	170	5	4	382	3	375	8.58e-138	394
MDA9813534.1	QIZ20633.1	90.367	218	21	0	1	218	1	218	8.79e-146	400
MDA9813535.1	QIZ20632.1	77.143	140	32	0	1	140	1	140	4.45e-81	231
MDA9813536.1	QIZ20631.1	93.542	480	31	0	1	480	1	480	0.0	945
MDA9813537.1	QIZ20630.1	79.098	244	51	0	1	244	1	244	1.55e-139	387
MDA9813538.1	QIZ20629.1	51.559	417	195	5	1	412	1	415	3.38e-136	392
MDA9813539.1	QIZ20628.1	90.640	406	38	0	1	406	1	406	0.0	775
MDA9813540.1	QIZ20627.1	88.889	153	17	0	1	153	1	153	8.17e-101	282
MDA9813541.1	QIZ20626.1	77.778	99	21	1	1	99	1	98	1.57e-51	153
MDA9813542.1	QIZ20625.1	83.636	110	18	0	1	110	1	110	2.65e-69	199
MDA9813544.1	QIZ20624.1	93.376	468	31	0	1	468	1	468	0.0	925
MDA9813545.1	QIZ20623.1	66.242	157	53	0	4	160	3	159	4.46e-71	207
MDA9813546.1	QIZ20622.1	84.300	293	46	0	1	293	1	293	1.57e-171	472
MDA9813547.1	QIZ20621.1	70.199	302	89	1	1	301	1	302	2.10e-148	414
MDA9813548.1	QIZ20620.1	68.367	196	62	0	1	196	1	196	3.46e-89	256
MDA9813549.1	QIZ20619.1	60.976	246	96	0	1	246	1	246	2.26e-84	248
MDA9813550.1	QIZ20618.1	89.697	165	17	0	1	165	1	165	1.15e-101	285
MDA9813551.1	QIZ20617.1	81.481	81	15	0	1	81	1	81	5.18e-48	142
MDA9813552.1	QIZ20614.1	62.567	187	70	0	1	187	1	187	1.58e-81	236
MDA9813553.1	QIZ20613.1	78.073	301	66	0	1	301	1	301	0.0	500
MDA9813554.1	QIZ20612.1	73.154	149	40	0	1	149	1	149	1.81e-73	212
MDA9813555.1	QIZ20611.1	59.494	79	31	1	1	78	1	79	4.82e-29	95.5
MDA9813556.1	QIZ20610.1	85.635	181	26	0	1	181	1	181	2.95e-115	320
MDA9813557.1	QIZ20609.1	70.606	330	97	0	1	330	1	330	2.72e-178	492
MDA9813560.1	QIZ20492.1	29.297	256	169	6	12	266	2	246	9.59e-25	95.5
MDA9813564.1	QIZ20710.1	28.163	245	168	2	1	244	1	238	6.43e-32	113
MDA9813567.1	QIZ20501.1	48.428	318	162	1	6	321	3	320	2.87e-106	309
MDA9813569.1	QIZ20560.1	39.050	379	231	0	46	424	46	424	6.05e-90	275
MDA9813570.1	QIZ20561.1	28.502	207	144	3	54	260	56	258	7.97e-23	93.2
MDA9813574.1	QIZ20501.1	32.857	280	176	5	35	307	35	309	1.94e-38	134
MDA9813575.1	QIZ20355.1	29.032	279	190	4	17	291	8	282	3.04e-23	92.4
MDA9813581.1	QIZ20715.1	31.797	217	131	5	43	255	53	256	3.62e-24	93.6
MDA9813583.1	QIZ20606.1	77.871	479	106	0	1	479	1	479	0.0	800
MDA9813584.1	QIZ20511.1	23.704	540	347	14	64	569	49	557	1.05e-25	107
MDA9813586.1	QIZ20594.1	54.582	251	114	0	1	251	1	251	2.84e-98	283
MDA9813587.1	QIZ20604.1	78.154	325	71	0	5	329	4	328	6.48e-175	484
MDA9813588.1	QIZ20603.1	95.031	322	16	0	1	322	1	322	0.0	629
MDA9813589.1	QIZ20602.1	76.331	169	39	1	1	168	1	169	1.77e-80	231
MDA9813590.1	QIZ20601.1	95.021	482	24	0	1	482	1	482	0.0	845
MDA9813591.1	QIZ20600.1	74.502	251	59	2	1	249	1	248	2.39e-136	379
MDA9813592.1	QIZ20599.1	73.000	300	81	0	1	300	1	300	9.81e-171	471
MDA9813595.1	QIZ20416.1	31.602	231	149	4	6	235	5	227	1.68e-30	109
MDA9813596.1	QIZ20594.1	79.447	253	52	0	1	253	1	253	3.14e-146	405
MDA9813598.1	QIZ20834.1	27.874	348	219	8	9	342	1	330	9.53e-27	103
MDA9813600.1	QIZ20513.1	28.173	394	256	8	105	492	7	379	5.71e-38	139
MDA9813601.1	QIZ20593.1	80.339	590	116	0	5	594	2	591	0.0	1013
MDA9813602.1	QIZ21125.1	46.926	309	160	1	4	312	3	307	3.01e-96	283
MDA9813603.1	QIZ20489.1	28.254	315	186	11	3	294	2	299	3.50e-24	97.1
MDA9813605.1	QIZ20487.1	34.867	413	261	5	20	427	21	430	2.53e-72	230
MDA9813606.1	QIZ20589.1	70.588	289	85	0	1	289	1	289	2.49e-153	426
MDA9813607.1	QIZ20592.1	91.903	247	20	0	1	247	1	247	1.21e-173	473
MDA9813608.1	QIZ20591.1	77.778	279	62	0	1	279	1	279	1.21e-166	459
MDA9813609.1	QIZ20605.1	32.718	379	211	9	26	390	43	391	9.58e-50	168
MDA9813610.1	QIZ20590.1	67.010	291	96	0	4	294	3	293	4.47e-120	342
MDA9813612.1	QIZ20587.1	75.319	235	58	0	1	235	1	235	8.23e-125	349
MDA9813613.1	QIZ20586.1	89.583	192	20	0	1	192	1	192	3.80e-129	357
MDA9813614.1	QIZ21150.1	31.092	357	212	13	1	337	4	346	8.25e-40	140
MDA9813615.1	QIZ20213.1	61.842	152	58	0	18	169	26	177	3.59e-63	188
MDA9813616.1	QIZ20211.1	69.792	96	29	0	1	96	1	96	1.92e-47	142
MDA9813617.1	QIZ21109.1	28.324	346	211	12	13	329	1	338	1.02e-27	106
MDA9813618.1	QIZ20542.1	49.174	484	241	3	1	480	1	483	1.43e-151	437
MDA9813619.1	QIZ21534.1	77.273	110	25	0	13	122	13	122	8.63e-61	178
MDA9813620.1	QIZ20541.1	77.170	311	71	0	1	311	1	311	5.39e-180	495
MDA9813621.1	QIZ20540.1	83.137	255	43	0	1	255	1	255	6.37e-156	429
MDA9813622.1	QIZ20218.1	80.851	376	72	0	4	379	5	380	0.0	646
MDA9813623.1	QIZ21525.1	89.882	425	42	1	1	424	1	425	0.0	813
MDA9813625.1	QIZ21524.1	89.030	474	52	0	1	474	1	474	0.0	877
MDA9813626.1	QIZ20310.1	60.976	82	32	0	1	82	1	82	4.71e-33	105
MDA9813629.1	QIZ20730.1	66.486	185	60	1	3	187	1	183	5.44e-90	257
MDA9813631.1	QIZ20508.1	71.124	845	244	0	1	845	17	861	0.0	1177
MDA9813632.1	QIZ20507.1	84.091	220	35	0	1	220	1	220	1.38e-135	375
MDA9813633.1	QIZ20506.1	71.859	199	56	0	1	199	1	199	5.08e-103	291
MDA9813634.1	QIZ21225.1	45.912	159	84	2	24	181	23	180	9.19e-46	144
MDA9813635.1	QIZ20210.1	86.517	534	72	0	8	541	3	536	0.0	919
MDA9813636.1	QIZ20674.1	74.555	393	100	0	1	393	1	393	0.0	617
MDA9813640.1	QIZ20217.1	86.161	448	61	1	1	448	1	447	0.0	805
MDA9813641.1	QIZ21315.1	77.181	149	34	0	1	149	1	149	7.00e-90	254
MDA9813643.1	QIZ20539.1	80.217	369	73	0	1	369	1	369	0.0	606
MDA9813644.1	QIZ20538.1	95.604	91	4	0	1	91	1	91	1.81e-61	177
MDA9813645.1	QIZ20537.1	65.589	433	149	0	1	433	1	433	0.0	528
MDA9813646.1	QIZ20537.1	79.720	429	87	0	2	430	5	433	0.0	655
MDA9813647.1	QIZ20536.1	78.431	153	33	0	1	153	1	153	2.74e-66	194
MDA9813648.1	QIZ20533.1	63.780	127	46	0	1	127	1	127	1.52e-57	170
MDA9813649.1	QIZ20532.1	58.115	191	78	1	1	191	1	189	7.90e-78	227
MDA9813650.1	QIZ20531.1	64.968	157	55	0	1	157	1	157	1.91e-72	210
MDA9813651.1	QIZ20530.1	73.913	184	48	0	4	187	1	184	2.00e-104	293
MDA9813653.1	QIZ20529.1	62.151	251	94	1	4	254	7	256	1.05e-107	307
MDA9813655.1	QIZ20528.1	87.037	54	7	0	1	54	13	66	1.69e-30	97.4
MDA9813656.1	QIZ20527.1	75.881	369	87	2	4	371	3	370	0.0	571
MDA9813657.1	QIZ20526.1	81.586	391	72	0	1	391	1	391	0.0	684
MDA9813658.1	QIZ20525.1	86.700	406	54	0	1	406	1	406	0.0	696
MDA9813659.1	QIZ20524.1	69.509	387	118	0	1	387	1	387	0.0	520
MDA9813660.1	QIZ20523.1	73.514	185	49	0	1	185	1	185	7.03e-88	251
MDA9813661.1	QIZ20522.1	61.569	255	98	0	1	255	1	255	6.50e-112	318
MDA9813662.1	QIZ20521.1	80.303	132	26	0	1	132	1	132	1.73e-80	229
MDA9813663.1	QIZ20520.1	73.864	264	69	0	1	264	1	264	2.40e-154	426
MDA9813664.1	QIZ20519.1	94.872	156	8	0	1	156	1	156	1.67e-113	314
MDA9813665.1	QIZ20518.1	96.769	619	20	0	1	619	1	619	0.0	1272
MDA9813666.1	QIZ20517.1	77.982	109	24	0	3	111	8	116	3.25e-62	181
MDA9813668.1	QIZ20516.1	86.908	359	47	0	1	359	1	359	0.0	578
MDA9813669.1	QIZ20514.1	65.084	358	123	2	1	356	1	358	1.57e-161	452
MDA9813670.1	QIZ20513.1	96.392	388	14	0	1	388	1	388	0.0	781
MDA9813671.1	QIZ20512.1	87.234	94	12	0	1	94	1	94	1.08e-56	166
MDA9813672.1	QIZ20511.1	96.115	592	23	0	1	592	1	592	0.0	1185
MDA9813675.1	QIZ20805.1	38.537	410	211	7	192	586	1	384	1.95e-83	263
MDA9813676.1	QIZ20510.1	76.037	434	104	0	1	434	1	434	0.0	695
MDA9813678.1	QIZ20500.1	86.945	383	50	0	1	383	1	383	0.0	717
MDA9813679.1	QIZ20499.1	79.457	258	53	0	1	258	1	258	9.72e-153	422
MDA9813680.1	QIZ20498.1	61.423	267	98	2	1	266	1	263	1.93e-109	313
MDA9813681.1	QIZ20497.1	89.683	252	26	0	1	252	1	252	3.03e-157	432
MDA9813682.1	QIZ20496.1	90.769	195	18	0	1	195	1	195	4.21e-116	324
MDA9813683.1	QIZ20495.1	87.571	531	66	0	1	531	1	531	0.0	999
MDA9813686.1	QIZ20494.1	71.371	248	67	3	1	244	1	248	1.38e-130	365
MDA9813687.1	QIZ20493.1	56.716	134	48	1	5	138	11	134	2.50e-49	150
MDA9813688.1	QIZ20492.1	88.760	258	29	0	1	258	1	258	9.97e-172	469
MDA9813689.1	QIZ20491.1	89.505	505	53	0	1	505	1	505	0.0	944
MDA9813690.1	QIZ20490.1	85.621	306	44	0	1	306	1	306	0.0	549
MDA9813691.1	QIZ20489.1	88.398	362	42	0	1	362	1	362	0.0	673
MDA9813692.1	QIZ20488.1	83.105	219	36	1	1	218	1	219	1.31e-124	347
MDA9813693.1	QIZ20487.1	88.435	441	51	0	1	441	1	441	0.0	747
MDA9813694.1	QIZ20486.1	77.627	295	66	0	2	296	1	295	3.06e-170	469
MDA9813695.1	QIZ20485.1	64.742	485	171	0	1	485	1	485	0.0	608
MDA9813697.1	QIZ20483.1	67.453	212	64	3	4	214	6	213	7.09e-100	284
MDA9813699.1	QIZ20482.1	75.714	140	34	0	1	140	1	140	9.63e-79	225
MDA9813700.1	QIZ20481.1	71.429	224	64	0	1	224	1	224	2.86e-118	332
MDA9813701.1	QIZ20480.1	57.988	169	71	0	13	181	13	181	1.21e-68	203
MDA9813704.1	QIZ20479.1	76.250	80	19	0	1	80	1	80	1.07e-42	129
MDA9813705.1	QIZ20478.1	75.460	489	111	4	1	483	1	486	0.0	702
MDA9813706.1	QIZ20477.1	86.700	203	27	0	1	203	1	203	8.30e-135	372
MDA9813707.1	QIZ20476.1	93.839	422	26	0	1	422	1	422	0.0	820
MDA9813708.1	QIZ20475.1	89.001	791	86	1	1	790	2	792	0.0	1417
MDA9813713.1	QIZ20247.1	81.679	131	24	0	1	131	1	131	4.37e-76	218
MDA9813714.1	QIZ20246.1	83.133	249	42	0	1	249	1	249	2.16e-156	430
MDA9813715.1	QIZ20245.1	80.275	218	43	0	1	218	1	218	7.16e-130	362
MDA9813716.1	QIZ20244.1	85.938	256	36	0	1	256	1	256	1.14e-171	469
MDA9813717.1	QIZ20243.1	88.605	430	49	0	1	430	1	430	0.0	811
MDA9813718.1	QIZ20242.1	91.154	260	23	0	1	260	1	260	1.75e-177	484
MDA9813719.1	QIZ20241.1	85.000	80	12	0	1	80	1	80	1.60e-46	139
MDA9813720.1	QIZ20240.1	81.498	227	42	0	1	227	1	227	4.15e-141	390
MDA9813721.1	QIZ20239.1	87.912	728	88	0	1	728	1	728	0.0	1338
MDA9813722.1	QIZ20238.1	86.842	76	10	0	1	76	1	76	8.41e-47	139
MDA9813723.1	QIZ20237.1	81.651	109	20	0	1	109	1	109	9.30e-66	190
MDA9813724.1	QIZ20236.1	88.293	205	24	0	1	205	1	205	2.07e-140	386
MDA9813725.1	QIZ20235.1	76.695	236	55	0	1	236	1	236	6.11e-133	370
MDA9813726.1	QIZ20234.1	81.801	533	97	0	1	533	1	533	0.0	926
MDA9813727.1	QIZ20233.1	75.497	453	107	2	1	449	1	453	0.0	706
MDA9813728.1	QIZ20232.1	83.265	245	41	0	1	245	1	245	7.40e-155	426
MDA9813729.1	QIZ20231.1	90.175	458	45	0	3	460	2	459	0.0	867
MDA9813731.1	QIZ20230.1	82.343	606	107	0	1	606	1	606	0.0	1051
MDA9813732.1	QIZ20229.1	81.951	205	37	0	1	205	1	205	4.51e-118	330
MDA9813733.1	QIZ20228.1	79.295	227	47	0	1	227	1	227	8.90e-141	389
MDA9813734.1	QIZ20227.1	88.400	500	58	0	1	500	1	500	0.0	928
MDA9813735.1	QIZ20226.1	93.624	298	19	0	1	298	1	298	0.0	579
MDA9813736.1	QIZ20225.1	86.898	374	49	0	1	374	1	374	0.0	679
MDA9813737.1	QIZ20222.1	91.642	335	28	0	4	338	8	342	0.0	657
MDA9813738.1	QIZ20221.1	89.457	645	68	0	1	645	1	645	0.0	1223
MDA9813739.1	QIZ20220.1	89.256	484	52	0	1	484	1	484	0.0	879
MDA9813740.1	QIZ20219.1	57.778	90	38	0	1	90	1	90	1.47e-34	110
MDA9813741.1	QIZ20208.1	68.939	132	41	0	1	132	1	132	1.58e-62	183
MDA9813742.1	QIZ20205.1	47.710	262	136	1	1	261	16	277	8.29e-60	186
MDA9813743.1	QIZ20204.1	58.125	320	134	0	1	320	1	320	5.72e-148	415
MDA9813744.1	QIZ20199.1	76.970	165	38	0	1	165	1	165	7.63e-90	256
MDA9813745.1	QIZ20198.1	69.925	399	119	1	1	398	1	399	0.0	512
MDA9813746.1	QIZ20197.1	69.550	289	88	0	1	289	1	289	2.19e-157	436
MDA9813747.1	QIZ20196.1	84.103	195	31	0	7	201	5	199	1.49e-127	353
MDA9813748.1	QIZ20675.1	61.765	68	26	0	1	68	1	68	7.56e-24	80.9
MDA9813749.1	QIZ20309.1	55.015	329	137	5	82	407	84	404	9.96e-125	363
MDA9813751.1	QIZ20599.1	41.806	299	168	2	5	302	1	294	1.22e-75	229
MDA9813752.1	QIZ20192.1	80.838	167	32	0	1	167	1	167	2.04e-102	287
MDA9813753.1	QIZ20191.1	72.928	181	49	0	1	181	1	181	1.64e-101	286
MDA9813754.1	QIZ20190.1	80.833	360	69	0	1	360	1	360	0.0	605
MDA9813755.1	QIZ20355.1	34.286	280	174	3	11	285	3	277	5.07e-37	129
MDA9813756.1	QIZ21214.1	37.023	262	158	4	29	286	29	287	2.90e-41	140
MDA9813757.1	QIZ20189.1	94.790	499	26	0	1	499	1	499	0.0	921
MDA9813758.1	QIZ20188.1	89.744	156	16	0	1	156	1	156	2.87e-100	280
MDA9813759.1	QIZ20187.1	89.571	326	34	0	1	326	1	326	0.0	572
MDA9813760.1	QIZ20186.1	70.000	220	66	0	1	220	1	220	1.27e-111	315
MDA9813761.1	QIZ20185.1	81.449	345	64	0	3	347	10	354	0.0	506
MDA9813762.1	QIZ20184.1	70.779	308	90	0	1	308	1	308	2.40e-159	443
MDA9813763.1	QIZ20183.1	89.147	129	14	0	1	129	1	129	4.02e-79	225
MDA9813764.1	QIZ20608.1	26.909	275	179	7	3	260	5	274	1.89e-22	89.4
MDA9813765.1	QIZ20182.1	87.054	224	29	0	1	224	1	224	8.64e-145	399
MDA9813766.1	QIZ20181.1	93.478	230	15	0	1	230	1	230	5.07e-156	427
MDA9813767.1	QIZ20180.1	92.580	283	21	0	1	283	1	283	0.0	538
MDA9813768.1	QIZ21593.1	84.393	346	54	0	1	346	1	346	0.0	593
MDA9813772.1	QIZ21591.1	85.714	175	25	0	1	175	1	175	1.63e-101	285
MDA9813775.1	QIZ21541.1	79.678	807	164	0	1	807	1	807	0.0	1349
MDA9813776.1	QIZ20545.1	88.798	366	41	0	1	366	1	366	0.0	631
MDA9813777.1	QIZ20546.1	95.759	448	19	0	1	448	1	448	0.0	890
MDA9813778.1	QIZ20547.1	89.172	314	33	1	1	313	1	314	0.0	564
MDA9813779.1	QIZ20548.1	93.208	265	18	0	1	265	1	265	0.0	504
MDA9813780.1	QIZ20549.1	78.964	637	133	1	1	636	1	637	0.0	1044
MDA9813781.1	QIZ20550.1	79.279	333	68	1	1	332	1	333	0.0	516
MDA9813784.1	QIZ21518.1	61.635	318	122	0	1	318	1	318	2.74e-139	392
MDA9813785.1	QIZ21344.1	59.929	282	112	1	1	281	1	282	1.55e-118	337
MDA9813788.1	QIZ21440.1	42.034	295	167	2	6	296	8	302	9.79e-81	246
MDA9813789.1	QIZ20551.1	75.526	380	93	0	1	380	1	380	0.0	606
MDA9813790.1	QIZ20552.1	87.129	303	39	0	1	303	1	303	0.0	535
MDA9813791.1	QIZ20553.1	89.720	428	44	0	1	428	1	428	0.0	785
MDA9813792.1	QIZ21495.1	57.430	249	106	0	1	249	1	249	1.95e-109	311
MDA9813794.1	QIZ20554.1	73.134	201	54	0	1	201	1	201	3.12e-96	274
MDA9813796.1	QIZ20555.1	85.828	501	71	0	1	501	1	501	0.0	899
MDA9813797.1	QIZ20556.1	83.333	348	58	0	6	353	3	350	0.0	595
MDA9813798.1	QIZ20557.1	95.938	320	13	0	1	320	1	320	0.0	629
MDA9813799.1	QIZ20562.1	88.032	493	59	0	1	493	1	493	0.0	902
MDA9813800.1	QIZ20563.1	95.410	305	14	0	16	320	1	305	0.0	588
MDA9813801.1	QIZ20309.1	34.367	387	220	13	13	384	17	384	2.45e-60	197
MDA9813802.1	QIZ20564.1	37.209	258	134	10	1	235	1	253	1.16e-37	128
MDA9813803.1	QIZ20565.1	95.533	291	13	0	1	291	1	291	0.0	568
MDA9813804.1	QIZ20566.1	91.026	156	14	0	1	156	1	156	8.17e-106	295
MDA9813805.1	QIZ20567.1	96.296	135	5	0	1	135	1	135	1.68e-100	280
MDA9813806.1	QIZ20568.1	81.771	192	35	0	33	224	1	192	1.47e-115	323
MDA9813807.1	QIZ20569.1	89.790	333	34	0	1	333	1	333	0.0	614
MDA9813808.1	QIZ20570.1	81.022	137	26	0	1	137	1	137	4.03e-84	238
MDA9813809.1	QIZ20571.1	94.792	96	5	0	9	104	1	96	2.41e-66	190
MDA9813810.1	QIZ20574.1	78.333	120	26	0	1	120	1	120	4.06e-62	181
MDA9813812.1	QIZ20577.1	86.792	106	14	0	1	106	1	106	2.62e-68	196
MDA9813813.1	QIZ20579.1	91.818	110	9	0	1	110	1	110	4.62e-68	196
MDA9813814.1	QIZ20582.1	74.775	111	28	0	1	111	1	111	2.97e-46	140
MDA9813815.1	QIZ20583.1	61.261	111	43	0	1	111	1	111	5.23e-47	142
MDA9813816.1	QIZ20584.1	70.879	182	53	0	5	186	4	185	8.90e-98	276
MDA9813817.1	QIZ20585.1	70.149	268	80	0	1	268	1	268	7.97e-147	407
MDA9813821.1	QIZ20544.1	59.763	169	66	1	1	169	1	167	6.42e-72	210
MDA9813822.1	QIZ21540.1	57.447	141	60	0	15	155	7	147	6.67e-62	183
MDA9813823.1	QIZ21539.1	54.857	175	79	0	1	175	6	180	3.41e-57	173
MDA9813824.1	QIZ21538.1	51.695	236	114	0	1	236	1	236	2.08e-74	221
MDA9813826.1	QIZ21430.1	57.841	389	162	1	2	390	1	387	6.84e-152	430
MDA9813827.1	QIZ20215.1	82.069	145	26	0	1	145	1	145	5.69e-89	251
MDA9813829.1	QIZ21536.1	77.434	226	51	0	1	226	1	226	1.61e-133	370
MDA9813830.1	QIZ21533.1	60.194	103	41	0	1	103	1	103	3.68e-41	127
MDA9813831.1	QIZ21532.1	53.488	215	99	1	1	214	1	215	8.21e-76	224
MDA9813832.1	QIZ21531.1	86.932	352	46	0	1	352	1	352	0.0	603
MDA9813833.1	QIZ21530.1	84.787	539	79	1	1	539	1	536	0.0	879
MDA9813835.1	QIZ21527.1	88.496	339	39	0	1	339	1	339	0.0	631
MDA9813836.1	QIZ21523.1	92.203	295	23	0	1	295	1	295	0.0	569
MDA9813837.1	QIZ21522.1	87.688	333	41	0	1	333	1	333	0.0	608
MDA9813838.1	QIZ21521.1	87.065	201	26	0	1	201	1	201	2.99e-137	378
MDA9813839.1	QIZ21520.1	90.968	155	14	0	1	155	1	155	4.48e-109	303
MDA9813840.1	QIZ21519.1	83.065	124	21	0	1	124	1	124	9.95e-77	218
MDA9813841.1	QIZ21516.1	91.095	539	48	0	1	539	1	539	0.0	1038
MDA9813842.1	QIZ21515.1	83.596	317	52	0	1	317	1	317	0.0	558
MDA9813843.1	QIZ21514.1	84.337	249	39	0	1	249	1	249	1.46e-158	436
MDA9813844.1	QIZ21513.1	89.506	810	84	1	1	809	1	810	0.0	1508
MDA9813845.1	QIZ21512.1	62.500	136	51	0	22	157	31	166	6.56e-60	179
MDA9813846.1	QIZ21511.1	91.534	189	16	0	1	189	1	189	1.04e-130	360
MDA9813850.1	QIZ21510.1	52.308	130	62	0	5	134	11	140	1.52e-46	144
MDA9813851.1	QIZ21482.1	77.049	61	14	0	10	70	3	63	2.79e-32	102
MDA9813852.1	QIZ21509.1	84.047	257	41	0	3	259	5	261	3.07e-163	448
MDA9813853.1	QIZ21508.1	87.903	124	15	0	1	124	1	124	3.20e-84	237
MDA9813854.1	QIZ21507.1	76.119	134	32	0	1	134	1	134	6.98e-77	220
MDA9813855.1	QIZ21506.1	75.258	388	96	0	9	396	10	397	0.0	644
MDA9813856.1	QIZ21505.1	86.777	242	32	0	1	242	1	242	2.34e-159	437
MDA9813857.1	QIZ21504.1	96.018	452	18	0	1	452	1	452	0.0	909
MDA9813858.1	QIZ21503.1	85.635	181	26	0	1	181	1	181	5.71e-113	315
MDA9813860.1	QIZ21502.1	55.665	203	90	0	1	203	1	203	1.47e-80	234
MDA9813861.1	QIZ21501.1	78.506	549	118	0	1	549	1	549	0.0	906
MDA9813862.1	QIZ21500.1	80.997	321	61	0	1	321	1	321	0.0	559
MDA9813863.1	QIZ21499.1	80.368	163	32	0	1	163	1	163	1.32e-90	257
MDA9813864.1	QIZ21498.1	78.078	333	72	1	16	348	16	347	0.0	536
MDA9813865.1	QIZ21497.1	79.866	149	30	0	1	149	1	149	6.25e-88	249
MDA9813866.1	QIZ21496.1	98.529	68	1	0	1	68	1	68	8.57e-47	139
MDA9813867.1	QIZ21494.1	68.696	115	36	0	1	115	1	115	1.99e-60	177
MDA9813868.1	QIZ21493.1	75.403	248	61	0	1	248	1	248	1.57e-128	360
MDA9813869.1	QIZ21492.1	61.111	144	56	0	1	144	1	144	4.91e-61	181
MDA9813871.1	QIZ21490.1	75.532	282	69	0	1	282	1	282	5.26e-157	434
MDA9813873.1	QIZ21489.1	62.051	195	74	0	1	195	1	195	2.93e-90	258
MDA9813874.1	QIZ21488.1	90.681	998	93	0	1	998	1	998	0.0	1913
MDA9813875.1	QIZ21487.1	90.909	88	8	0	1	88	1	88	1.43e-61	177
MDA9813876.1	QIZ21486.1	95.455	418	19	0	1	418	1	418	0.0	828
MDA9813877.1	QIZ21485.1	95.187	561	27	0	1	561	1	561	0.0	1093
MDA9813878.1	QIZ21484.1	87.452	263	33	0	1	263	1	263	6.63e-176	481
MDA9813879.1	QIZ21483.1	91.473	387	33	0	1	387	1	387	0.0	736
MDA9813880.1	QIZ21481.1	78.655	342	73	0	1	342	1	342	0.0	555
MDA9813882.1	QIZ21480.1	87.810	443	54	0	1	443	1	443	0.0	827
MDA9813883.1	QIZ21479.1	89.679	717	74	0	1	717	1	717	0.0	1296
MDA9813884.1	QIZ21478.1	89.474	342	36	0	1	342	1	342	0.0	630
MDA9813885.1	QIZ21477.1	75.281	178	44	0	6	183	6	183	7.06e-87	249
MDA9813886.1	QIZ21476.1	73.600	125	32	1	1	125	1	124	3.07e-64	187
MDA9813887.1	QIZ21475.1	66.667	147	49	0	1	147	1	147	9.31e-67	195
MDA9813888.1	QIZ21474.1	94.268	314	18	0	1	314	1	314	0.0	617
MDA9813889.1	QIZ21473.1	89.548	775	81	0	1	775	1	775	0.0	1469
MDA9813890.1	QIZ21472.1	84.821	112	17	0	5	116	4	115	6.14e-68	196
MDA9813891.1	QIZ21471.1	88.462	442	51	0	1	442	1	442	0.0	832
MDA9813892.1	QIZ21470.1	94.479	489	27	0	1	489	1	489	0.0	986
MDA9813893.1	QIZ21469.1	95.860	314	13	0	1	314	1	314	0.0	627
MDA9813894.1	QIZ21468.1	94.366	284	16	0	1	284	1	284	0.0	551
MDA9813895.1	QIZ21467.1	96.514	459	16	0	11	469	16	474	0.0	929
MDA9813896.1	QIZ21466.1	93.162	117	8	0	21	137	17	133	5.24e-82	233
MDA9813897.1	QIZ21465.1	94.206	466	27	0	1	466	1	466	0.0	898
MDA9813898.1	QIZ21464.1	85.135	74	11	0	1	74	1	74	9.13e-46	136
MDA9813900.1	QIZ21463.1	71.233	292	84	0	1	292	1	292	5.19e-157	435
MDA9813901.1	QIZ21462.1	70.507	217	63	1	11	226	11	227	2.05e-111	315
MDA9813902.1	QIZ21461.1	75.587	426	104	0	10	435	14	439	0.0	600
MDA9813903.1	QIZ21460.1	82.313	441	78	0	1	441	1	441	0.0	770
MDA9813904.1	QIZ21459.1	57.260	365	156	0	10	374	10	374	1.34e-161	454
MDA9813905.1	QIZ21458.1	70.551	472	139	0	1	472	1	472	0.0	704
MDA9813906.1	QIZ21456.1	74.713	348	88	0	1	348	1	348	1.35e-173	482
MDA9813907.1	QIZ21455.1	80.986	142	27	0	1	142	1	142	2.37e-85	242
MDA9813908.1	QIZ21454.1	50.000	418	207	1	15	430	16	433	5.05e-131	380
MDA9813909.1	QIZ21453.1	53.271	214	100	0	1	214	1	214	1.42e-67	202
MDA9813910.1	QIZ21452.1	88.751	889	100	0	1	889	1	889	0.0	1644
MDA9813911.1	QIZ21451.1	55.838	197	86	1	1	197	1	196	5.92e-73	214
MDA9813912.1	QIZ21450.1	88.496	113	13	0	1	113	1	113	1.59e-74	212
MDA9813913.1	QIZ21449.1	92.929	396	28	0	1	396	1	396	0.0	762
MDA9813914.1	QIZ21448.1	93.515	478	31	0	1	478	1	478	0.0	912
MDA9813915.1	QIZ21447.1	97.806	319	7	0	1	319	1	319	0.0	648
MDA9813916.1	QIZ21446.1	66.079	227	72	1	12	233	19	245	5.79e-107	304
MDA9813917.1	QIZ21445.1	70.093	214	64	0	1	214	1	214	9.09e-111	312
MDA9813918.1	QIZ21444.1	88.649	740	84	0	1	740	1	740	0.0	1348
MDA9813919.1	QIZ20975.1	37.209	387	221	6	5	371	9	393	4.49e-71	223
MDA9813920.1	QIZ21443.1	92.958	284	20	0	1	284	1	284	0.0	508
MDA9813921.1	QIZ21442.1	82.410	415	73	0	1	415	1	415	0.0	709
MDA9813922.1	QIZ21441.1	93.629	361	23	0	13	373	13	373	0.0	700
MDA9813923.1	QIZ21440.1	86.630	359	48	0	3	361	4	362	0.0	657
MDA9813924.1	QIZ21439.1	82.474	388	68	0	10	397	1	388	0.0	684
MDA9813925.1	QIZ21438.1	65.975	241	82	0	5	245	5	245	2.68e-119	336
MDA9813926.1	QIZ20490.1	28.261	276	177	3	3	264	5	273	2.40e-30	112
MDA9813927.1	QIZ21448.1	62.185	476	179	1	1	475	1	476	0.0	596
MDA9813932.1	QIZ20555.1	41.509	265	151	3	57	321	236	496	6.45e-58	191
MDA9813933.1	QIZ20556.1	45.994	337	178	2	2	334	3	339	2.07e-108	316
MDA9813934.1	QIZ20592.1	33.992	253	151	6	6	256	5	243	1.43e-41	139
MDA9813941.1	QIZ20495.1	43.561	528	295	3	3	527	4	531	1.95e-146	427
MDA9813942.1	QIZ20216.1	58.991	317	129	1	1	316	1	317	4.09e-129	367
MDA9813944.1	QIZ21437.1	75.835	389	93	1	1	389	1	388	0.0	645
MDA9813945.1	QIZ20511.1	30.000	580	373	11	7	562	3	573	5.47e-75	245
MDA9813947.1	QIZ21436.1	90.256	195	19	0	1	195	1	195	3.26e-133	367
MDA9813948.1	QIZ21435.1	50.602	249	117	3	12	257	14	259	1.75e-87	256
MDA9813949.1	QIZ21434.1	76.220	492	117	0	1	492	1	492	0.0	804
MDA9813950.1	QIZ21433.1	84.211	285	45	0	1	285	1	285	4.68e-172	473
MDA9813951.1	QIZ21432.1	86.400	375	50	1	35	408	23	397	0.0	625
MDA9813952.1	QIZ21431.1	79.365	252	52	0	1	252	1	252	5.66e-137	381
MDA9813953.1	QIZ21429.1	90.068	443	44	0	14	456	1	443	0.0	781
MDA9813954.1	QIZ21428.1	96.726	336	11	0	1	336	1	336	0.0	646
MDA9813955.1	QIZ21427.1	91.915	235	19	0	1	235	1	235	5.66e-154	423
MDA9813956.1	QIZ21426.1	93.561	264	17	0	1	264	1	264	0.0	503
MDA9813958.1	QIZ21425.1	92.079	303	24	0	1	303	1	303	0.0	568
MDA9813959.1	QIZ21424.1	93.458	107	7	0	1	107	1	107	1.97e-67	194
MDA9813960.1	QIZ21423.1	93.590	234	15	0	1	234	1	234	1.56e-164	449
MDA9813961.1	QIZ21422.1	95.019	261	13	0	1	261	1	261	0.0	506
MDA9813962.1	QIZ21421.1	84.146	246	39	0	1	246	1	246	7.98e-157	431
MDA9813963.1	QIZ21420.1	71.920	349	97	1	3	350	2	350	0.0	520
MDA9813964.1	QIZ21419.1	85.859	297	42	0	1	297	1	297	0.0	517
MDA9813965.1	QIZ21418.1	85.230	413	59	1	1	411	1	413	0.0	743
MDA9813966.1	QIZ21417.1	87.255	204	26	0	1	204	1	204	2.87e-118	330
MDA9813967.1	QIZ21416.1	90.816	98	9	0	1	98	1	98	6.37e-64	184
MDA9813968.1	QIZ21415.1	85.714	84	12	0	1	84	1	84	1.34e-53	157
MDA9813969.1	QIZ21414.1	86.992	123	16	0	1	123	1	123	2.80e-80	228
MDA9813970.1	QIZ21413.1	89.899	297	30	0	1	297	1	297	0.0	558
MDA9813971.1	QIZ21412.1	85.489	317	46	0	1	317	1	317	0.0	568
MDA9813972.1	QIZ21411.1	44.966	298	164	0	1	298	2	299	2.36e-96	282
MDA9813973.1	QIZ21410.1	85.922	412	58	0	1	412	1	412	0.0	749
MDA9813974.1	QIZ21409.1	68.548	372	117	0	3	374	2	373	1.84e-179	499
MDA9813975.1	QIZ21408.1	66.208	654	201	3	1	634	1	654	0.0	915
MDA9813976.1	QIZ21407.1	48.193	166	86	0	1	166	1	166	1.52e-42	135
MDA9813977.1	QIZ21406.1	43.509	285	151	3	1	276	1	284	4.33e-74	228
MDA9813978.1	QIZ21405.1	90.828	338	31	0	7	344	8	345	0.0	629
MDA9813979.1	QIZ21404.1	83.174	523	85	2	1	523	1	520	0.0	906
MDA9813980.1	QIZ20556.1	38.627	233	128	6	318	545	40	262	8.32e-42	149
MDA9813980.1	QIZ20556.1	31.765	255	152	6	19	270	41	276	5.79e-33	125
MDA9813984.1	QIZ21403.1	85.588	340	48	1	1	340	1	339	0.0	610
MDA9813985.1	QIZ21402.1	87.912	182	22	0	1	182	1	182	3.01e-118	328
MDA9813986.1	QIZ21401.1	92.857	588	42	0	1	588	1	588	0.0	1107
MDA9813987.1	QIZ21400.1	60.870	299	117	0	1	299	1	299	1.16e-114	329
MDA9813988.1	QIZ21399.1	75.264	473	111	4	1	469	1	471	0.0	684
MDA9813989.1	QIZ21398.1	85.246	61	9	0	1	61	1	61	1.99e-34	107
MDA9813990.1	QIZ21397.1	91.003	289	26	0	1	289	1	289	0.0	523
MDA9813991.1	QIZ21396.1	91.553	367	30	1	1	367	1	366	0.0	646
MDA9813992.1	QIZ21395.1	94.758	248	13	0	1	248	1	248	8.56e-174	475
MDA9813994.1	QIZ21369.1	71.726	336	95	0	1	336	1	336	6.14e-175	484
MDA9813995.1	QIZ21368.1	76.660	497	110	3	1	493	1	495	0.0	703
MDA9813996.1	QIZ21367.1	89.032	155	17	0	1	155	1	155	9.83e-106	294
MDA9813997.1	QIZ21366.1	66.667	237	79	0	4	240	6	242	1.20e-108	309
MDA9813998.1	QIZ21365.1	58.333	264	107	2	2	265	1	261	3.55e-113	322
MDA9813999.1	QIZ21364.1	64.103	195	68	1	1	193	3	197	3.58e-84	243
MDA9814006.1	QIZ21363.1	92.434	608	45	1	1	608	1	607	0.0	1145
MDA9814007.1	QIZ21362.1	76.988	591	136	0	1	591	1	591	0.0	914
MDA9814008.1	QIZ21361.1	75.658	152	37	0	1	152	1	152	1.78e-72	210
MDA9814009.1	QIZ21360.1	84.156	385	60	1	1	384	1	385	0.0	667
MDA9814010.1	QIZ21359.1	88.827	1074	120	0	1	1074	1	1074	0.0	1976
MDA9814011.1	QIZ21358.1	80.342	351	69	0	1	351	1	351	0.0	568
MDA9814012.1	QIZ21319.1	91.781	219	18	0	1	219	1	219	6.62e-155	424
MDA9814013.1	QIZ21318.1	84.076	314	50	0	1	314	1	314	0.0	545
MDA9814014.1	QIZ21317.1	95.541	314	14	0	1	314	1	314	0.0	628
MDA9814016.1	QIZ21316.1	77.982	218	48	0	1	218	1	218	4.63e-119	333
MDA9814017.1	QIZ21249.1	31.144	533	342	11	65	586	57	575	8.01e-75	245
MDA9814018.1	QIZ21314.1	94.221	398	23	0	1	398	1	398	0.0	780
MDA9814019.1	QIZ21313.1	91.585	713	60	0	1	713	1	713	0.0	1367
MDA9814020.1	QIZ21312.1	79.600	250	51	0	1	250	1	250	8.65e-147	406
MDA9814021.1	QIZ21310.1	90.780	141	13	0	1	141	1	141	2.88e-88	249
MDA9814022.1	QIZ21309.1	90.507	611	58	0	1	611	1	611	0.0	1156
MDA9814023.1	QIZ21308.1	90.155	193	19	0	1	193	1	193	1.52e-128	355
MDA9814024.1	QIZ21307.1	89.655	290	30	0	1	290	1	290	0.0	561
MDA9814025.1	QIZ21306.1	81.944	144	26	0	1	144	1	144	2.54e-84	239
MDA9814026.1	QIZ21305.1	79.111	225	47	0	1	225	1	225	1.56e-129	360
MDA9814027.1	QIZ21304.1	66.515	439	147	0	1	439	1	439	0.0	623
MDA9814028.1	QIZ21303.1	71.429	70	20	0	1	70	1	70	3.29e-30	98.2
MDA9814029.1	QIZ21302.1	66.929	254	84	0	1	254	1	254	2.65e-123	347
MDA9814030.1	QIZ21301.1	54.651	344	155	1	4	347	5	347	9.19e-126	360
MDA9814031.1	QIZ21300.1	62.451	253	93	2	1	251	1	253	2.39e-89	261
MDA9814032.1	QIZ21299.1	93.226	310	21	0	1	310	1	310	0.0	559
MDA9814033.1	QIZ21298.1	71.875	224	57	2	1	222	1	220	1.87e-103	295
MDA9814034.1	QIZ21297.1	81.081	185	35	0	1	185	1	185	7.18e-112	312
MDA9814035.1	QIZ21296.1	88.515	357	41	0	1	357	1	357	0.0	661
MDA9814036.1	QIZ21295.1	78.378	259	56	0	1	259	1	259	2.56e-148	410
MDA9814037.1	QIZ21294.1	94.272	419	24	0	1	419	1	419	0.0	786
MDA9814038.1	QIZ21293.1	88.166	169	20	0	1	169	1	169	3.57e-107	299
MDA9814039.1	QIZ21292.1	72.297	148	41	0	1	148	1	148	1.89e-79	228
MDA9814040.1	QIZ21291.1	76.642	274	64	0	1	274	1	274	1.66e-160	442
MDA9814041.1	QIZ21290.1	86.709	158	21	0	1	158	1	158	1.23e-99	279
MDA9814042.1	QIZ21289.1	62.796	422	157	0	1	422	1	422	0.0	554
MDA9814043.1	QIZ21288.1	55.160	281	126	0	1	281	1	281	1.16e-99	289
MDA9814044.1	QIZ21287.1	59.963	547	218	1	16	561	15	561	0.0	656
MDA9814045.1	QIZ21286.1	64.609	243	82	1	1	239	1	243	1.25e-105	301
MDA9814046.1	QIZ21285.1	79.235	183	38	0	1	183	1	183	7.39e-103	290
MDA9814047.1	QIZ21284.1	89.888	356	36	0	1	356	1	356	0.0	669
MDA9814048.1	QIZ21283.1	54.688	384	172	2	1	383	1	383	1.15e-142	406
MDA9814049.1	QIZ21282.1	63.009	319	118	0	6	324	6	324	2.66e-148	416
MDA9814050.1	QIZ21281.1	73.457	162	43	0	1	162	1	162	1.17e-78	226
MDA9814051.1	QIZ21280.1	68.182	176	56	0	17	192	21	196	4.20e-89	255
MDA9814052.1	QIZ21279.1	83.081	857	145	0	1	857	1	857	0.0	1449
MDA9814053.1	QIZ21278.1	78.022	91	20	0	1	91	1	91	7.23e-49	145
MDA9814054.1	QIZ21277.1	92.213	244	19	0	1	244	1	244	3.27e-166	454
MDA9814055.1	QIZ21276.1	100.000	75	0	0	1	75	1	75	1.79e-46	138
MDA9814056.1	QIZ21275.1	76.536	179	42	0	18	196	1	179	1.56e-96	274
MDA9814057.1	QIZ21274.1	78.571	168	36	0	9	176	1	168	1.92e-91	259
MDA9814058.1	QIZ21273.1	81.481	486	89	1	1	486	1	485	0.0	815
MDA9814059.1	QIZ21272.1	60.424	283	112	0	1	283	1	283	2.53e-116	332
MDA9814060.1	QIZ21271.1	68.644	354	111	0	1	354	1	354	5.95e-178	493
MDA9814061.1	QIZ21270.1	58.842	311	128	0	11	321	1	311	5.47e-120	343
MDA9814062.1	QIZ21269.1	74.841	314	79	0	1	314	1	314	5.56e-180	495
MDA9814063.1	QIZ21268.1	64.688	320	112	1	1	319	1	320	1.12e-145	409
MDA9814064.1	QIZ21267.1	73.050	141	38	0	1	141	1	141	7.22e-75	215
MDA9814065.1	QIZ21266.1	72.671	161	44	0	1	161	1	161	1.07e-91	259
MDA9814066.1	QIZ21265.1	71.895	459	128	1	1	459	1	458	0.0	693
MDA9814067.1	QIZ21264.1	65.438	217	75	0	1	217	1	217	4.92e-97	277
MDA9814068.1	QIZ21263.1	85.878	262	37	0	1	262	1	262	2.05e-166	456
MDA9814069.1	QIZ21262.1	82.386	176	31	0	2	177	1	176	1.78e-114	318
MDA9814070.1	QIZ21260.1	85.809	303	43	0	1	303	1	303	0.0	533
MDA9814071.1	QIZ21259.1	95.772	544	23	0	1	544	1	544	0.0	1013
MDA9814072.1	QIZ21258.1	83.026	271	46	0	1	271	1	271	4.80e-163	449
MDA9814073.1	QIZ21257.1	79.828	233	47	0	1	233	1	233	2.20e-135	375
MDA9814074.1	QIZ21256.1	86.818	220	29	0	1	220	1	220	2.36e-135	374
MDA9814075.1	QIZ21255.1	79.832	119	24	0	1	119	1	119	3.24e-70	202
MDA9814076.1	QIZ21254.1	84.615	78	12	0	1	78	1	78	3.34e-49	145
MDA9814078.1	QIZ21253.1	83.871	279	44	1	1	278	1	279	1.68e-175	481
MDA9814079.1	QIZ21252.1	54.489	323	147	0	1	323	1	323	7.48e-127	361
MDA9814080.1	QIZ21251.1	85.821	134	19	0	1	134	1	134	1.86e-86	244
MDA9814081.1	QIZ21250.1	65.734	286	98	0	1	286	1	286	1.06e-136	384
MDA9814082.1	QIZ21249.1	63.103	580	213	1	1	580	1	579	0.0	747
MDA9814083.1	QIZ21248.1	48.515	404	202	3	1	400	1	402	3.46e-120	352
MDA9814084.1	QIZ21247.1	45.338	311	160	5	1	304	1	308	5.15e-78	236
MDA9814085.1	QIZ21246.1	54.514	288	126	2	1	285	1	286	2.46e-100	291
MDA9814086.1	QIZ21245.1	71.667	60	17	0	1	60	1	60	3.47e-28	91.7
MDA9814087.1	QIZ21244.1	67.143	420	138	0	1	420	1	420	0.0	591
MDA9814088.1	QIZ21243.1	61.622	185	71	0	1	185	1	185	4.51e-72	212
MDA9814089.1	QIZ21242.1	60.847	378	147	1	8	384	3	380	4.12e-144	410
MDA9814091.1	QIZ21240.1	47.500	160	83	1	8	167	7	165	4.85e-44	139
MDA9814092.1	QIZ21239.1	82.854	904	155	0	1	904	1	904	0.0	1561
MDA9814093.1	QIZ21238.1	73.443	305	81	0	2	306	1	305	1.18e-166	461
MDA9814094.1	QIZ21237.1	71.324	272	78	0	1	272	1	272	1.84e-147	409
MDA9814095.1	QIZ21236.1	94.792	96	5	0	1	96	1	96	9.26e-63	181
MDA9814096.1	QIZ21235.1	91.871	529	43	0	1	529	1	529	0.0	981
MDA9814103.1	QIZ20846.1	36.607	224	128	4	36	258	42	252	3.27e-31	115
MDA9814104.1	QIZ20846.1	46.215	251	133	2	27	276	27	276	1.81e-64	202
MDA9814106.1	QIZ20851.1	34.161	322	195	7	1	318	1	309	8.08e-43	146
MDA9814107.1	QIZ20830.1	51.852	135	57	3	3	137	16	142	2.51e-37	121
MDA9814110.1	QIZ21388.1	86.984	315	41	0	1	315	1	315	0.0	586
MDA9814112.1	QIZ20846.1	27.891	294	174	7	12	297	13	276	9.94e-24	95.1
MDA9814124.1	QIZ20746.1	87.910	885	107	0	1	885	1	885	0.0	1618
MDA9814125.1	QIZ20747.1	69.432	687	210	0	1	687	1	687	0.0	949
MDA9814126.1	QIZ20748.1	88.055	293	35	0	1	293	1	293	0.0	550
MDA9814127.1	QIZ20749.1	86.567	268	36	0	1	268	1	268	9.44e-157	432
MDA9814128.1	QIZ20750.1	80.415	337	66	0	1	337	1	337	0.0	553
MDA9814129.1	QIZ20751.1	73.558	208	55	0	1	208	1	208	2.47e-117	328
MDA9814130.1	QIZ20752.1	90.556	360	34	0	1	360	1	360	0.0	666
MDA9814131.1	QIZ20753.1	88.226	637	75	0	1	637	1	637	0.0	1183
MDA9814132.1	QIZ20754.1	75.862	290	70	0	1	290	1	290	3.02e-156	433
MDA9814133.1	QIZ20755.1	71.795	78	22	0	1	78	1	78	5.58e-33	104
MDA9814134.1	QIZ20756.1	72.258	310	86	0	1	310	1	310	1.76e-160	446
MDA9814135.1	QIZ21199.1	31.278	227	146	3	3	222	5	228	3.36e-33	118
MDA9814137.1	QIZ20757.1	83.282	323	54	0	1	323	1	323	0.0	539
MDA9814138.1	QIZ20758.1	92.833	293	21	0	5	297	1	293	0.0	562
MDA9814139.1	QIZ20759.1	91.163	430	38	0	1	430	1	430	0.0	817
MDA9814140.1	QIZ20760.1	76.296	270	64	0	1	270	1	270	1.22e-148	412
MDA9814141.1	QIZ20761.1	81.038	443	84	0	1	443	1	443	0.0	732
MDA9814142.1	QIZ20762.1	68.768	349	109	0	1	349	1	349	2.69e-159	446
MDA9814143.1	QIZ20763.1	81.043	633	115	2	3	635	1	628	0.0	1010
MDA9814144.1	QIZ20764.1	52.478	343	161	2	1	341	1	343	1.37e-121	350
MDA9814145.1	QIZ20765.1	73.231	325	76	5	6	330	11	324	3.42e-173	479
MDA9814146.1	QIZ20766.1	84.146	164	21	1	1	164	1	159	1.98e-93	264
MDA9814147.1	QIZ20767.1	87.007	431	56	0	17	447	16	446	0.0	794
MDA9814148.1	QIZ20768.1	68.151	292	70	2	1	292	1	269	4.64e-123	348
MDA9814149.1	QIZ20769.1	92.029	138	11	0	1	138	1	138	9.52e-93	260
MDA9814150.1	QIZ20770.1	83.482	224	37	0	1	224	1	224	7.69e-139	384
MDA9814151.1	QIZ20771.1	84.146	164	26	0	1	164	1	164	1.27e-105	295
MDA9814152.1	QIZ20772.1	82.917	240	41	0	1	240	1	240	5.22e-153	421
MDA9814153.1	QIZ20773.1	76.119	268	64	0	1	268	1	268	1.77e-161	444
MDA9814154.1	QIZ20774.1	58.011	181	76	0	1	181	1	181	3.21e-70	206
MDA9814155.1	QIZ20775.1	76.351	148	35	0	1	148	1	148	2.38e-76	219
MDA9814156.1	QIZ20776.1	63.551	107	39	0	1	107	1	107	2.24e-36	115
MDA9814157.1	QIZ20777.1	83.871	651	105	0	1	651	1	651	0.0	1148
MDA9814158.1	QIZ20778.1	86.567	335	45	0	1	335	1	335	0.0	601
MDA9814159.1	QIZ20779.1	74.745	392	99	0	1	392	1	392	0.0	593
MDA9814160.1	QIZ20780.1	78.274	336	73	0	1	336	1	336	0.0	546
MDA9814161.1	QIZ20781.1	66.000	200	67	1	6	204	8	207	4.19e-82	238
MDA9814162.1	QIZ20782.1	80.541	185	36	0	1	185	1	185	4.96e-115	320
MDA9814163.1	QIZ20783.1	56.504	246	107	0	1	246	1	246	2.51e-103	295
MDA9814164.1	QIZ20784.1	80.263	76	15	0	1	76	1	76	1.56e-45	136
MDA9814165.1	QIZ20785.1	80.612	196	35	2	1	194	1	195	4.48e-109	306
MDA9814166.1	QIZ20786.1	95.312	64	3	0	1	64	1	64	1.09e-37	115
MDA9814168.1	QIZ20853.1	53.879	232	107	0	1	232	7	238	6.07e-87	253
MDA9814169.1	QIZ20788.1	93.103	464	32	0	2	465	1	464	0.0	875
MDA9814170.1	QIZ20789.1	92.632	95	7	0	1	95	1	95	1.17e-58	171
MDA9814171.1	QIZ20790.1	81.215	362	68	0	1	362	1	362	0.0	593
MDA9814173.1	QIZ20792.1	95.122	41	2	0	1	41	1	41	3.81e-23	77.4
MDA9814176.1	QIZ20793.1	57.045	291	125	0	4	294	2	292	4.24e-117	334
MDA9814178.1	QIZ20802.1	36.525	282	153	5	25	296	29	294	2.91e-50	166
MDA9814179.1	QIZ20851.1	28.308	325	193	8	4	318	6	300	5.32e-26	101
MDA9814181.1	QIZ20515.1	40.498	321	188	3	1	318	1	321	8.27e-71	218
MDA9814188.1	QIZ20355.1	67.399	273	89	0	1	273	1	273	8.79e-128	360
MDA9814189.1	QIZ20354.1	71.572	299	84	1	1	298	1	299	5.64e-157	436
MDA9814190.1	QIZ20353.1	86.279	430	59	0	1	430	1	430	0.0	706
MDA9814191.1	QIZ20352.1	54.930	71	32	0	5	75	4	74	9.63e-25	83.6
MDA9814192.1	QIZ20351.1	75.676	333	81	0	1	333	1	333	0.0	520
MDA9814193.1	QIZ20350.1	73.154	149	36	1	1	145	1	149	5.98e-81	231
MDA9814194.1	QIZ20349.1	79.085	153	31	1	1	152	1	153	8.46e-92	259
MDA9814195.1	QIZ20348.1	93.665	442	28	0	1	442	1	442	0.0	836
MDA9814196.1	QIZ20347.1	52.941	323	148	3	12	332	12	332	5.37e-101	296
MDA9814197.1	QIZ20346.1	75.000	96	24	0	1	96	1	96	2.94e-43	132
MDA9814198.1	QIZ20345.1	96.825	63	2	0	1	63	1	63	8.96e-40	120
MDA9814199.1	QIZ20344.1	67.742	124	39	1	1	123	2	125	2.49e-54	162
MDA9814200.1	QIZ20343.1	74.490	98	25	0	2	99	3	100	2.25e-48	145
MDA9814201.1	QIZ20342.1	79.580	333	68	0	1	333	1	333	0.0	538
MDA9814202.1	QIZ20341.1	86.667	60	8	0	1	60	1	60	1.61e-36	112
MDA9814203.1	QIZ20340.1	57.447	141	60	0	12	152	12	152	8.07e-43	135
MDA9814204.1	QIZ20339.1	56.934	137	59	0	17	153	17	153	2.42e-56	169
MDA9814205.1	QIZ20338.1	90.870	701	64	0	1	701	1	701	0.0	1241
MDA9814206.1	QIZ20337.1	64.263	319	114	0	1	319	1	319	4.43e-139	392
MDA9814207.1	QIZ20336.1	64.925	134	47	0	1	134	1	134	3.59e-64	187
MDA9814208.1	QIZ20335.1	81.250	128	24	0	1	128	1	128	1.25e-72	208
MDA9814209.1	QIZ20334.1	91.803	366	30	0	1	366	1	366	0.0	643
MDA9814210.1	QIZ20333.1	75.635	197	48	0	1	197	1	197	1.49e-110	310
MDA9814212.1	QIZ20332.1	96.053	152	6	0	1	152	1	152	2.70e-107	298
MDA9814213.1	QIZ20331.1	91.034	435	39	0	1	435	1	435	0.0	825
MDA9814214.1	QIZ20330.1	80.142	141	28	0	1	141	1	141	3.81e-83	236
MDA9814215.1	QIZ20329.1	86.854	213	28	0	1	213	1	213	2.04e-148	407
MDA9814216.1	QIZ20328.1	78.116	329	72	0	1	329	1	329	0.0	541
MDA9814217.1	QIZ20327.1	66.522	230	69	2	1	226	1	226	1.47e-101	290
MDA9814218.1	QIZ20326.1	69.863	219	66	0	1	219	1	219	2.66e-104	296
MDA9814219.1	QIZ20325.1	71.074	242	70	0	3	244	2	243	7.14e-132	368
MDA9814220.1	QIZ20324.1	65.079	126	44	0	1	126	1	126	1.08e-53	160
MDA9814221.1	QIZ20323.1	70.763	236	69	0	1	236	1	236	3.35e-111	315
MDA9814222.1	QIZ20322.1	81.538	195	36	0	1	195	1	195	3.81e-105	296
MDA9814223.1	QIZ20321.1	79.658	585	115	1	1	581	1	585	0.0	979
MDA9814224.1	QIZ20320.1	56.069	173	73	1	1	170	1	173	7.19e-60	179
MDA9814225.1	QIZ20319.1	90.385	156	15	0	1	156	1	156	1.20e-105	294
MDA9814226.1	QIZ20318.1	81.229	293	55	0	1	293	1	293	2.04e-180	494
MDA9814227.1	QIZ20317.1	71.833	742	203	2	1	742	1	736	0.0	1089
MDA9814234.1	QIZ20316.1	95.204	417	20	0	1	417	1	417	0.0	834
MDA9814235.1	QIZ20315.1	89.773	88	9	0	1	88	1	88	2.36e-61	177
MDA9814236.1	QIZ20314.1	81.138	1002	188	1	1	1001	1	1002	0.0	1733
MDA9814237.1	QIZ20313.1	56.684	187	81	0	1	187	1	187	3.89e-84	242
MDA9814238.1	QIZ20312.1	85.882	255	36	0	1	255	1	255	9.67e-160	439
MDA9814239.1	QIZ20311.1	89.712	243	25	0	1	243	1	243	1.59e-135	377
MDA9814240.1	QIZ20306.1	70.701	157	46	0	1	157	1	157	4.55e-86	245
MDA9814241.1	QIZ20305.1	89.693	456	47	0	1	456	1	456	0.0	822
MDA9814242.1	QIZ20304.1	73.510	302	79	1	1	302	1	301	7.08e-169	466
MDA9814243.1	QIZ20303.1	81.944	216	39	0	1	216	1	216	1.47e-133	370
MDA9814244.1	QIZ20302.1	92.668	491	36	0	1	491	1	491	0.0	915
MDA9814245.1	QIZ20301.1	85.773	485	69	0	1	485	1	485	0.0	853
MDA9814246.1	QIZ20300.1	85.263	95	14	0	1	95	1	95	3.61e-55	162
MDA9814247.1	QIZ20299.1	80.132	151	30	0	1	151	1	151	3.90e-85	242
MDA9814248.1	QIZ20298.1	92.971	313	22	0	1	313	1	313	0.0	608
MDA9814249.1	QIZ20742.1	27.818	417	260	11	25	423	22	415	2.58e-39	142
MDA9814250.1	QIZ20297.1	73.438	192	50	1	1	192	1	191	1.04e-95	272
MDA9814251.1	QIZ20296.1	82.160	852	150	1	1	850	1	852	0.0	1432
MDA9814252.1	QIZ20294.1	76.471	153	36	0	1	153	1	153	9.63e-89	251
MDA9814253.1	QIZ20293.1	76.566	431	101	0	1	431	1	431	0.0	655
MDA9814254.1	QIZ20292.1	78.889	270	57	0	1	270	1	270	3.46e-148	411
MDA9814255.1	QIZ20291.1	57.353	272	113	3	1	271	11	280	1.49e-90	265
MDA9814256.1	QIZ20290.1	89.278	457	49	0	1	457	1	457	0.0	832
MDA9814257.1	QIZ20289.1	67.476	206	66	1	1	205	1	206	1.91e-95	272
MDA9814258.1	QIZ20288.1	78.548	303	65	0	1	303	1	303	2.95e-172	475
MDA9814259.1	QIZ20287.1	89.796	147	13	1	1	147	1	145	6.47e-94	264
MDA9814260.1	QIZ20286.1	93.275	342	23	0	1	342	1	342	0.0	647
MDA9814261.1	QIZ20285.1	86.667	150	19	1	1	149	1	150	2.29e-78	224
MDA9814262.1	QIZ20284.1	94.488	127	7	0	1	127	1	127	7.33e-88	247
MDA9814263.1	QIZ20283.1	69.014	213	66	0	1	213	1	213	8.50e-109	307
MDA9814264.1	QIZ20282.1	92.019	426	34	0	1	426	1	426	0.0	793
MDA9814265.1	QIZ20281.1	83.007	153	23	2	1	150	1	153	2.18e-74	215
MDA9814266.1	QIZ20280.1	88.757	169	19	0	3	171	2	170	5.33e-107	299
MDA9814267.1	QIZ20279.1	77.966	118	26	0	1	118	1	118	6.82e-64	186
MDA9814268.1	QIZ20278.1	83.799	179	29	0	1	179	1	179	3.14e-106	297
MDA9814269.1	QIZ20277.1	87.023	131	17	0	1	131	1	131	2.47e-84	238
MDA9814270.1	QIZ20276.1	90.099	101	10	0	1	101	1	101	1.05e-64	186
MDA9814271.1	QIZ20275.1	83.696	184	30	0	1	184	1	184	1.04e-116	324
MDA9814272.1	QIZ20274.1	91.429	70	6	0	1	70	1	70	2.81e-41	125
MDA9814273.1	QIZ20273.1	95.902	122	5	0	1	122	1	122	8.88e-82	231
MDA9814274.1	QIZ20272.1	88.462	78	9	0	1	78	1	78	4.54e-39	120
MDA9814275.1	QIZ20271.1	82.540	63	11	0	1	63	1	63	2.20e-32	102
MDA9814276.1	QIZ20270.1	88.971	136	15	0	1	136	1	136	3.59e-89	251
MDA9814277.1	QIZ20269.1	94.690	226	12	0	1	226	1	226	2.95e-161	441
MDA9814278.1	QIZ20268.1	83.333	132	22	0	1	132	1	132	1.09e-80	229
MDA9814279.1	QIZ20267.1	86.207	87	12	0	1	87	1	87	9.79e-55	161
MDA9814280.1	QIZ20266.1	86.071	280	38	1	1	279	1	280	9.55e-176	481
MDA9814281.1	QIZ20265.1	87.640	89	11	0	1	89	9	97	7.95e-51	150
MDA9814282.1	QIZ20356.1	92.391	92	7	0	1	92	4	95	9.34e-60	173
MDA9814283.1	QIZ20357.1	84.138	145	23	0	13	157	1	145	9.72e-92	259
MDA9814285.1	QIZ20359.1	94.754	305	16	0	1	305	1	305	0.0	594
MDA9814288.1	QIZ20851.1	33.123	317	189	8	4	316	2	299	3.46e-41	142
MDA9814290.1	QIZ20846.1	38.384	198	119	2	16	213	20	214	3.89e-30	113
MDA9814295.1	QIZ20360.1	38.082	709	396	13	2	683	6	698	1.46e-127	390
MDA9814297.1	QIZ20362.1	58.865	564	232	0	1	564	1	564	0.0	657
MDA9814298.1	QIZ20363.1	71.429	315	90	0	1	315	1	315	1.46e-171	474
MDA9814299.1	QIZ20364.1	89.362	329	35	0	1	329	1	329	0.0	598
MDA9814300.1	QIZ20365.1	70.968	93	27	0	1	93	1	93	3.65e-44	134
MDA9814301.1	QIZ20366.1	39.181	171	93	5	1	164	1	167	2.80e-29	101
MDA9814302.1	QIZ20367.1	82.821	390	67	0	1	390	1	390	0.0	593
MDA9814303.1	QIZ20368.1	70.000	170	51	0	1	170	1	170	5.94e-86	245
MDA9814304.1	QIZ20369.1	60.547	256	100	1	1	256	3	257	1.75e-113	322
MDA9814305.1	QIZ20370.1	67.063	252	82	1	1	251	1	252	3.66e-117	331
MDA9814306.1	QIZ20371.1	77.973	513	113	0	1	513	1	513	0.0	837
MDA9814307.1	QIZ20372.1	51.613	310	147	2	1	307	1	310	1.00e-98	289
MDA9814308.1	QIZ20373.1	64.532	203	72	0	1	203	1	203	9.88e-87	250
MDA9814309.1	QIZ20374.1	73.368	383	102	0	1	383	1	383	0.0	584
MDA9814310.1	QIZ20375.1	51.152	217	102	3	37	252	38	251	1.83e-65	200
MDA9814311.1	QIZ20376.1	62.461	317	119	0	17	333	17	333	7.29e-146	410
MDA9814312.1	QIZ20377.1	69.072	291	90	0	2	292	3	293	9.33e-138	387
MDA9814313.1	QIZ20378.1	54.118	85	39	0	1	85	1	85	1.76e-21	76.3
MDA9814314.1	QIZ20379.1	72.035	683	191	0	1	683	1	683	0.0	984
MDA9814315.1	QIZ20380.1	69.000	200	62	0	6	205	5	204	1.50e-95	273
MDA9814316.1	QIZ20381.1	77.455	275	62	0	1	275	1	275	9.78e-167	458
MDA9814317.1	QIZ20382.1	81.892	370	67	0	1	370	1	370	0.0	646
MDA9814318.1	QIZ20383.1	78.804	184	39	0	1	184	1	184	2.08e-108	303
MDA9814319.1	QIZ20384.1	85.366	164	24	0	1	164	1	164	5.50e-102	285
MDA9814320.1	QIZ20385.1	85.897	858	111	2	1	858	1	848	0.0	1460
MDA9814321.1	QIZ20386.1	88.235	153	15	2	1	150	1	153	7.97e-92	259
MDA9814322.1	QIZ20387.1	93.249	948	64	0	1	948	1	948	0.0	1828
MDA9814323.1	QIZ20388.1	84.000	200	29	1	1	200	1	197	1.21e-120	335
MDA9814324.1	QIZ21085.1	25.938	640	423	19	35	645	56	673	2.33e-45	167
MDA9814325.1	QIZ20389.1	77.966	295	65	0	1	295	1	295	1.03e-167	462
MDA9814326.1	QIZ20390.1	76.015	517	124	0	1	517	1	517	0.0	792
MDA9814327.1	QIZ20391.1	83.696	92	15	0	4	95	3	94	3.01e-54	159
MDA9814328.1	QIZ20392.1	76.202	416	99	0	1	416	1	416	0.0	677
MDA9814329.1	QIZ20393.1	86.000	250	35	0	1	250	1	250	7.02e-160	439
MDA9814330.1	QIZ20394.1	66.154	65	19	1	1	65	1	62	1.89e-22	77.8
MDA9814331.1	QIZ20395.1	77.941	68	13	1	1	66	1	68	7.26e-34	106
MDA9814332.1	QIZ20396.1	79.730	222	45	0	10	231	13	234	7.13e-134	372
MDA9814333.1	QIZ20397.1	80.816	245	47	0	1	245	1	245	3.48e-137	381
MDA9814334.1	QIZ20398.1	63.608	316	115	0	1	316	1	316	1.46e-143	403
MDA9814335.1	QIZ20399.1	61.628	86	33	0	1	86	1	86	1.67e-32	104
MDA9814336.1	QIZ20400.1	72.964	577	156	0	1	577	1	577	0.0	869
MDA9814337.1	QIZ20401.1	70.845	367	107	0	1	367	1	367	0.0	510
MDA9814338.1	QIZ20402.1	83.810	105	17	0	1	105	1	105	1.90e-61	178
MDA9814339.1	QIZ20403.1	79.845	258	52	0	1	258	1	258	1.48e-161	444
MDA9814340.1	QIZ20404.1	80.120	332	66	0	1	332	1	332	0.0	563
MDA9814341.1	QIZ20405.1	80.153	131	26	0	2	132	3	133	5.54e-77	220
MDA9814342.1	QIZ20406.1	79.775	267	54	0	1	267	1	267	3.79e-153	423
MDA9814343.1	QIZ20407.1	72.358	246	68	0	1	246	3	248	9.81e-133	370
MDA9814344.1	QIZ20408.1	67.877	358	93	5	4	339	1	358	3.34e-174	484
MDA9814346.1	QIZ20409.1	97.222	72	2	0	1	72	1	72	6.05e-46	137
MDA9814348.1	QIZ20410.1	93.458	214	14	0	4	217	2	215	8.65e-146	400
MDA9814349.1	QIZ20411.1	89.028	319	35	0	1	319	3	321	0.0	580
MDA9814351.1	QIZ20412.1	86.000	400	56	0	1	400	1	400	0.0	679
MDA9814352.1	QIZ20413.1	93.706	572	36	0	1	572	1	572	0.0	1112
MDA9814353.1	QIZ20414.1	84.229	875	138	0	1	875	1	875	0.0	1541
MDA9814354.1	QIZ20415.1	87.705	122	15	0	1	122	1	122	1.66e-74	213
MDA9814355.1	QIZ20416.1	92.083	240	19	0	1	240	5	244	4.60e-168	459
MDA9814356.1	QIZ20417.1	83.568	426	67	1	1	423	1	426	0.0	721
MDA9814357.1	QIZ20418.1	85.039	381	57	0	1	381	1	381	0.0	617
MDA9814358.1	QIZ20419.1	95.087	346	17	0	1	346	1	346	0.0	691
MDA9814359.1	QIZ20420.1	72.754	334	91	0	1	334	135	468	1.53e-134	387
MDA9814360.1	QIZ21065.1	87.133	443	55	2	1	443	1	441	0.0	765
MDA9814361.1	QIZ21066.1	88.889	171	19	0	1	171	1	171	4.71e-113	314
MDA9814362.1	QIZ21067.1	91.837	196	16	0	1	196	1	196	1.94e-135	373
MDA9814363.1	QIZ21068.1	87.981	208	25	0	1	208	1	208	4.23e-136	375
MDA9814364.1	QIZ21070.1	90.041	241	22	1	1	241	1	239	1.18e-157	432
MDA9814365.1	QIZ21071.1	88.446	251	29	0	1	251	1	251	5.23e-168	459
MDA9814366.1	QIZ21072.1	51.087	92	42	2	1	90	1	91	6.62e-22	77.8
MDA9814367.1	QIZ21073.1	76.033	121	29	0	1	121	1	121	3.93e-66	191
MDA9814368.1	QIZ21074.1	61.818	165	63	0	1	165	1	165	9.19e-75	217
MDA9814369.1	QIZ21075.1	51.087	184	87	2	1	181	1	184	4.01e-60	181
MDA9814370.1	QIZ21076.1	77.443	696	155	2	1	694	1	696	0.0	1050
MDA9814371.1	QIZ21077.1	50.273	366	173	5	1	359	14	377	1.71e-114	333
MDA9814372.1	QIZ21078.1	66.512	215	70	1	1	215	1	213	1.35e-100	286
MDA9814374.1	QIZ21079.1	75.542	507	120	2	7	511	14	518	0.0	761
MDA9814376.1	QIZ21080.1	81.567	217	40	0	1	217	1	217	4.22e-127	353
MDA9814377.1	QIZ21081.1	96.610	118	4	0	1	118	1	118	2.72e-81	229
MDA9814378.1	QIZ21082.1	97.508	602	15	0	1	602	1	602	0.0	1179
MDA9814379.1	QIZ21083.1	95.294	85	4	0	1	85	1	85	1.64e-58	169
MDA9814380.1	QIZ21084.1	88.406	207	24	0	1	207	1	207	9.64e-136	374
MDA9814381.1	QIZ21085.1	85.202	642	95	0	36	677	39	680	0.0	1153
MDA9814382.1	QIZ21086.1	85.401	137	20	0	1	137	1	137	1.80e-87	246
MDA9814383.1	QIZ21088.1	80.392	357	70	0	1	357	1	357	0.0	606
MDA9814384.1	QIZ21089.1	66.776	304	100	1	3	305	4	307	9.73e-143	400
MDA9814385.1	QIZ21090.1	71.983	232	65	0	1	232	1	232	1.62e-125	350
MDA9814386.1	QIZ21091.1	83.934	361	58	0	1	361	1	361	0.0	572
MDA9814387.1	QIZ21092.1	86.458	96	13	0	1	96	1	96	4.80e-58	169
MDA9814388.1	QIZ21093.1	90.036	281	28	0	1	281	1	281	0.0	520
MDA9814392.1	QIZ21094.1	76.724	348	79	1	1	346	1	348	0.0	566
MDA9814393.1	QIZ21095.1	83.481	339	56	0	14	352	24	362	0.0	591
MDA9814394.1	QIZ21096.1	88.559	236	27	0	1	236	1	236	1.09e-159	437
MDA9814395.1	QIZ21097.1	89.899	495	50	0	1	495	1	495	0.0	909
MDA9814396.1	QIZ21099.1	97.500	40	1	0	1	40	1	40	2.97e-23	77.4
MDA9814397.1	QIZ21100.1	90.580	138	13	0	1	138	1	138	2.36e-87	246
MDA9814398.1	QIZ21101.1	92.017	238	19	0	1	238	1	238	1.43e-167	457
MDA9814401.1	QIZ21102.1	96.020	201	8	0	1	201	1	201	1.71e-134	371
MDA9814402.1	QIZ21103.1	86.579	380	51	0	1	380	1	380	0.0	678
MDA9814403.1	QIZ21104.1	90.476	126	12	0	1	126	1	126	9.00e-81	229
MDA9814404.1	QIZ21105.1	93.421	152	10	0	1	152	1	152	7.15e-95	266
MDA9814405.1	QIZ21106.1	70.244	205	61	0	1	205	1	205	3.84e-101	287
MDA9814406.1	QIZ21107.1	88.101	395	47	0	1	395	1	395	0.0	716
MDA9814407.1	QIZ21108.1	64.912	171	56	3	1	170	1	168	5.73e-79	228
MDA9814408.1	QIZ21109.1	75.942	345	83	0	1	345	1	345	0.0	577
MDA9814409.1	QIZ21110.1	81.423	253	47	0	1	253	1	253	1.19e-149	413
MDA9814411.1	QIZ21111.1	84.821	112	17	0	1	112	1	112	2.08e-68	196
MDA9814412.1	QIZ21112.1	90.110	182	18	0	1	182	1	182	9.95e-123	340
MDA9814413.1	QIZ21113.1	95.283	106	5	0	1	106	1	106	1.34e-73	209
MDA9814414.1	QIZ21114.1	83.051	236	39	1	1	235	1	236	2.64e-145	401
MDA9814415.1	QIZ21115.1	67.568	74	24	0	1	74	1	74	3.57e-34	107
MDA9814416.1	QIZ21116.1	78.986	138	29	0	1	138	1	138	1.53e-78	224
MDA9814417.1	QIZ21117.1	69.787	609	183	1	1	608	1	609	0.0	839
MDA9814418.1	QIZ21118.1	48.555	173	88	1	1	172	1	173	2.45e-58	176
MDA9814419.1	QIZ21119.1	59.016	122	48	1	1	120	1	122	7.07e-42	130
MDA9814420.1	QIZ21120.1	78.571	140	30	0	31	170	30	169	8.21e-83	238
MDA9814421.1	QIZ21122.1	88.251	383	45	0	1	383	1	383	0.0	730
MDA9814422.1	QIZ21123.1	90.674	386	36	0	1	386	1	386	0.0	713
MDA9814423.1	QIZ21124.1	33.493	418	271	5	57	471	41	454	4.79e-76	242
MDA9814426.1	QIZ21125.1	89.905	317	32	0	1	317	1	317	0.0	586
MDA9814427.1	QIZ21126.1	76.808	401	90	1	1	401	1	398	0.0	565
MDA9814428.1	QIZ21127.1	71.271	362	102	1	1	362	1	360	0.0	506
MDA9814429.1	QIZ21128.1	92.068	353	28	0	1	353	1	353	0.0	665
MDA9814430.1	QIZ21129.1	94.727	512	26	1	1	512	1	511	0.0	1000
MDA9814431.1	QIZ21130.1	96.853	286	9	0	1	286	1	286	0.0	550
MDA9814432.1	QIZ21131.1	94.681	282	15	0	1	282	1	282	0.0	531
MDA9814433.1	QIZ21132.1	83.008	359	61	0	1	359	1	359	0.0	600
MDA9814434.1	QIZ21133.1	85.154	357	53	0	1	357	1	357	0.0	634
MDA9814435.1	QIZ21134.1	92.746	386	26	2	1	385	1	385	0.0	713
MDA9814436.1	QIZ21135.1	85.128	195	29	0	1	195	1	195	7.78e-129	356
MDA9814437.1	QIZ21136.1	94.481	453	25	0	1	453	1	453	0.0	826
MDA9814438.1	QIZ21137.1	73.409	440	117	0	1	440	1	440	0.0	639
MDA9814439.1	QIZ21138.1	79.310	58	12	0	1	58	2	59	3.23e-30	96.3
MDA9814440.1	QIZ21139.1	79.211	279	58	0	1	279	14	292	5.42e-153	425
MDA9814441.1	QIZ21140.1	67.822	202	65	0	19	220	19	220	8.06e-108	307
MDA9814442.1	QIZ20947.1	64.516	62	22	0	1	62	10	71	1.25e-23	80.9
MDA9814443.1	QIZ20948.1	78.857	175	37	0	1	175	1	175	1.91e-106	298
MDA9814444.1	QIZ20949.1	91.975	324	26	0	1	324	1	324	0.0	634
MDA9814445.1	QIZ20950.1	69.205	604	179	4	1	599	1	602	0.0	832
MDA9814446.1	QIZ20951.1	68.310	426	135	0	1	426	1	426	0.0	582
MDA9814447.1	QIZ20952.1	88.776	686	76	1	1	686	1	685	0.0	1258
MDA9814448.1	QIZ20959.1	91.806	598	49	0	1	598	4	601	0.0	1137
MDA9814449.1	QIZ20960.1	72.195	802	223	0	1	802	1	802	0.0	1150
MDA9814450.1	QIZ20961.1	86.479	355	48	0	1	355	1	355	0.0	652
MDA9814451.1	QIZ20962.1	94.068	118	7	0	1	118	1	118	3.36e-80	227
MDA9814452.1	QIZ20963.1	98.529	68	1	0	1	68	1	68	3.34e-44	132
MDA9814453.1	QIZ20964.1	91.160	181	16	0	1	181	1	181	1.24e-124	344
MDA9814454.1	QIZ20965.1	87.461	638	80	0	1	638	1	638	0.0	1187
MDA9814455.1	QIZ20966.1	77.344	384	87	0	1	384	1	384	0.0	600
MDA9814456.1	QIZ20967.1	71.545	246	70	0	1	246	1	246	3.89e-120	338
MDA9814457.1	QIZ20969.1	81.667	1500	275	0	1	1500	1	1500	0.0	2592
MDA9814458.1	QIZ20970.1	86.013	479	67	0	1	479	1	479	0.0	843
MDA9814459.1	QIZ20971.1	65.417	240	82	1	1	239	1	240	3.45e-112	319
MDA9814460.1	QIZ20972.1	75.254	295	73	0	1	295	1	295	4.41e-161	446
MDA9814461.1	QIZ20973.1	69.838	431	112	3	1	421	1	423	0.0	616
MDA9814462.1	QIZ20974.1	92.391	1012	76	1	1	1011	1	1012	0.0	1974
MDA9814463.1	QIZ20976.1	92.199	141	11	0	1	141	1	141	1.73e-98	275
MDA9814466.1	QIZ21314.1	28.497	386	243	13	1	364	3	377	2.39e-42	149
MDA9814467.1	QIZ20977.1	80.125	800	158	1	1	800	3	801	0.0	1328
MDA9814468.1	QIZ20978.1	61.481	135	51	1	2	135	4	138	1.37e-53	161
MDA9814469.1	QIZ20979.1	84.259	108	17	0	1	108	1	108	3.76e-65	188
MDA9814470.1	QIZ20980.1	70.607	313	62	5	1	297	6	304	1.49e-137	387
MDA9814474.1	QIZ20248.1	69.841	252	76	0	4	255	5	256	1.70e-121	342
MDA9814480.1	QIZ20904.1	39.490	157	87	4	1	150	1	156	4.67e-23	84.7
MDA9814493.1	QIZ20249.1	88.664	247	28	0	1	247	1	247	2.83e-170	465
MDA9814494.1	QIZ20250.1	95.202	396	19	0	1	396	1	396	0.0	746
MDA9814495.1	QIZ20251.1	89.831	59	6	0	1	59	5	63	7.62e-33	103
MDA9814496.1	QIZ20252.1	93.750	176	11	0	1	176	1	176	1.58e-122	338
MDA9814497.1	QIZ20253.1	84.397	141	22	0	1	141	1	141	6.86e-87	246
MDA9814498.1	QIZ20254.1	87.336	229	29	0	1	229	1	229	1.17e-145	401
MDA9814499.1	QIZ20255.1	81.325	166	31	0	2	167	1	166	2.62e-97	274
MDA9814500.1	QIZ20256.1	88.430	121	14	0	1	121	1	121	3.65e-61	179
MDA9814501.1	QIZ20257.1	91.783	1363	110	2	1	1361	1	1363	0.0	2576
MDA9814502.1	QIZ20258.1	90.576	1390	129	2	1	1389	1	1389	0.0	2623
MDA9814503.1	QIZ20259.1	95.935	123	5	0	1	123	1	123	2.14e-83	235
MDA9814504.1	QIZ20260.1	89.103	156	17	0	1	156	1	156	3.59e-103	288
MDA9814505.1	QIZ20261.1	94.364	692	39	0	1	692	1	692	0.0	1360
MDA9814506.1	QIZ20262.1	99.020	102	1	0	1	102	1	102	2.31e-71	203
MDA9814507.1	QIZ20263.1	88.106	227	27	0	1	227	1	227	1.00e-147	407
MDA9814508.1	QIZ20264.1	82.500	80	14	0	1	80	1	80	1.32e-46	143
MDA9814509.1	QIZ21201.1	92.166	217	17	0	1	217	1	217	2.78e-145	400
MDA9814510.1	QIZ21200.1	85.606	924	133	0	1	924	1	924	0.0	1619
MDA9814511.1	QIZ21198.1	64.481	183	65	0	5	187	1	183	1.06e-82	238
MDA9814512.1	QIZ21197.1	89.503	181	19	0	7	187	7	187	6.02e-120	333
MDA9814513.1	QIZ21196.1	81.472	394	71	1	1	394	1	392	0.0	673
MDA9814514.1	QIZ21195.1	90.202	347	34	0	1	347	1	347	0.0	639
MDA9814515.1	QIZ21194.1	93.814	291	18	0	1	291	1	291	0.0	538
MDA9814516.1	QIZ21193.1	80.000	180	36	0	1	180	1	180	1.95e-102	288
MDA9814517.1	QIZ21192.1	86.598	97	13	0	1	97	1	97	4.60e-49	147
MDA9814518.1	QIZ21191.1	69.452	347	106	0	1	347	1	347	1.52e-178	494
MDA9814519.1	QIZ21190.1	85.000	520	78	0	1	520	6	525	0.0	911
MDA9814520.1	QIZ21189.1	79.834	481	95	1	1	479	1	481	0.0	733
MDA9814521.1	QIZ21188.1	88.646	458	52	0	1	458	1	458	0.0	766
MDA9814522.1	QIZ21187.1	68.952	248	77	0	1	248	1	248	5.67e-116	328
MDA9814523.1	QIZ21186.1	70.805	298	87	0	1	298	1	298	9.87e-154	427
MDA9814524.1	QIZ21185.1	69.444	360	110	0	1	360	1	360	0.0	530
MDA9814525.1	QIZ21184.1	76.216	370	88	0	1	370	1	370	0.0	611
MDA9814526.1	QIZ21183.1	74.619	197	50	0	1	197	1	197	4.73e-108	303
MDA9814527.1	QIZ21182.1	70.293	239	71	0	5	243	1	239	2.39e-128	358
MDA9814528.1	QIZ21181.1	79.851	134	24	1	1	131	1	134	3.36e-77	221
MDA9814529.1	QIZ21180.1	95.238	84	4	0	1	84	1	84	4.89e-54	158
MDA9814530.1	QIZ21179.1	77.982	327	72	0	1	327	1	327	0.0	511
MDA9814531.1	QIZ21178.1	75.272	368	91	0	1	368	1	368	0.0	563
MDA9814532.1	QIZ21177.1	79.327	416	86	0	1	416	1	416	0.0	652
MDA9814533.1	QIZ21176.1	65.896	173	59	0	1	173	8	180	9.62e-77	223
MDA9814534.1	QIZ21175.1	81.034	116	22	0	1	116	1	116	5.89e-66	191
MDA9814535.1	QIZ21174.1	82.073	357	64	0	23	379	23	379	0.0	605
MDA9814536.1	QIZ21173.1	72.785	158	43	0	1	158	1	158	2.18e-85	243
MDA9814537.1	QIZ21172.1	80.000	130	26	0	1	130	1	130	3.31e-72	207
MDA9814538.1	QIZ21171.1	95.127	472	23	0	1	472	1	472	0.0	916
MDA9814539.1	QIZ21170.1	86.942	291	38	0	1	291	1	291	0.0	523
MDA9814540.1	QIZ21169.1	93.933	511	31	0	1	511	1	511	0.0	986
MDA9814541.1	QIZ21168.1	86.441	59	8	0	2	60	127	185	5.02e-32	104
MDA9814542.1	QIZ20421.1	81.641	463	85	0	1	463	1	463	0.0	710
MDA9814543.1	QIZ20422.1	75.831	451	109	0	1	451	1	451	0.0	692
MDA9814544.1	QIZ20423.1	66.553	589	197	0	1	589	1	589	0.0	740
MDA9814545.1	QIZ20424.1	54.201	369	166	2	2	367	1	369	2.73e-112	328
MDA9814546.1	QIZ20425.1	43.506	154	86	1	1	154	2	154	7.88e-37	120
MDA9814547.1	QIZ20426.1	59.854	137	55	0	18	154	16	152	2.87e-54	164
MDA9814548.1	QIZ20427.1	70.345	145	43	0	1	145	1	145	6.33e-75	216
MDA9814549.1	QIZ20428.1	81.338	284	53	0	1	284	25	308	1.50e-173	477
MDA9814550.1	QIZ20429.1	71.000	100	29	0	1	100	1	100	2.22e-44	135
MDA9814551.1	QIZ20430.1	83.732	418	68	0	1	418	1	418	0.0	704
MDA9814552.1	QIZ20431.1	90.876	274	25	0	1	274	1	274	0.0	495
MDA9814553.1	QIZ20432.1	87.361	538	68	0	1	538	1	538	0.0	972
MDA9814554.1	QIZ20433.1	82.828	99	17	0	1	99	1	99	7.11e-57	166
MDA9814555.1	QIZ20434.1	68.699	246	77	0	1	246	1	246	3.51e-128	358
MDA9814556.1	QIZ20435.1	47.890	474	245	2	1	473	1	473	1.02e-132	388
MDA9814557.1	QIZ20436.1	82.062	485	86	1	2	486	1	484	0.0	770
MDA9814558.1	QIZ20437.1	79.255	188	39	0	1	188	1	188	4.46e-113	316
MDA9814559.1	QIZ20438.1	79.091	330	69	0	1	330	1	330	0.0	540
MDA9814560.1	QIZ20439.1	76.426	263	62	0	1	263	1	263	5.65e-142	395
MDA9814561.1	QIZ20440.1	92.889	225	16	0	1	225	1	225	4.60e-155	425
MDA9814562.1	QIZ20441.1	86.882	465	61	0	1	465	1	465	0.0	837
MDA9814563.1	QIZ20442.1	85.676	377	54	0	1	377	1	377	0.0	630
MDA9814564.1	QIZ20443.1	82.759	261	45	0	1	261	1	261	2.17e-133	373
MDA9814565.1	QIZ20444.1	83.077	260	44	0	1	260	1	260	6.22e-162	445
MDA9814566.1	QIZ20445.1	74.847	326	82	0	1	326	1	326	7.74e-178	491
MDA9814567.1	QIZ20446.1	86.897	145	19	0	4	148	2	146	2.51e-94	265
MDA9814570.1	QIZ20448.1	53.525	383	176	1	3	383	2	384	1.23e-134	386
MDA9814571.1	QIZ20449.1	65.049	103	30	2	2	102	113	211	7.03e-36	117
MDA9814572.1	QIZ20450.1	62.667	225	83	1	1	224	1	225	1.75e-90	261
MDA9814573.1	QIZ20451.1	79.235	183	38	0	1	183	1	183	1.35e-105	296
MDA9814574.1	QIZ20452.1	76.678	283	66	0	1	283	1	283	4.77e-160	442
MDA9814576.1	QIZ20453.1	78.383	1138	246	0	1	1138	1	1138	0.0	1863
MDA9814577.1	QIZ20454.1	64.000	225	81	0	1	225	1	225	6.66e-105	298
MDA9814578.1	QIZ20455.1	73.966	411	106	1	1	411	1	410	0.0	582
MDA9814579.1	QIZ20456.1	81.081	444	84	0	1	444	1	444	0.0	754
MDA9814580.1	QIZ20457.1	85.185	81	12	0	1	81	1	81	4.03e-39	120
MDA9814581.1	QIZ20458.1	87.840	551	67	0	1	551	1	551	0.0	1018
MDA9814582.1	QIZ20459.1	67.339	248	81	0	1	248	1	248	3.93e-108	308
MDA9814583.1	QIZ20460.1	58.427	178	74	0	1	178	1	178	5.02e-65	194
MDA9814584.1	QIZ20461.1	78.390	472	101	1	1	472	1	471	0.0	709
MDA9814585.1	QIZ20462.1	84.490	490	74	1	1	490	1	488	0.0	846
MDA9814586.1	QIZ20463.1	83.830	637	103	0	1	637	1	637	0.0	1090
MDA9814587.1	QIZ20464.1	85.437	103	15	0	1	103	1	103	2.60e-49	147
MDA9814588.1	QIZ20465.1	80.000	210	42	0	1	210	1	210	6.28e-124	345
MDA9814589.1	QIZ20466.1	90.062	161	16	0	1	161	1	161	1.73e-110	307
MDA9814590.1	QIZ20467.1	93.373	332	22	0	1	332	1	332	0.0	627
MDA9814591.1	QIZ20468.1	78.006	682	144	3	1	679	1	679	0.0	1107
MDA9814592.1	QIZ20469.1	89.391	443	47	0	1	443	1	443	0.0	842
MDA9814593.1	QIZ20470.1	85.149	202	30	0	1	202	1	202	1.52e-134	371
MDA9814594.1	QIZ20471.1	93.606	391	25	0	1	391	1	391	0.0	773
MDA9814595.1	QIZ20472.1	82.178	202	35	1	1	201	1	202	2.40e-125	348
MDA9814596.1	QIZ20473.1	90.643	171	16	0	1	171	3	173	1.58e-121	335
MDA9814597.1	QIZ20474.1	95.902	122	5	0	1	122	1	122	2.03e-80	228
MDA9814598.1	QIZ21022.1	68.362	177	56	0	11	187	6	182	9.99e-83	244
MDA9814599.1	QIZ21021.1	52.344	128	61	0	1	128	1	128	1.91e-48	147
MDA9814600.1	QIZ21020.1	89.706	136	14	0	1	136	1	136	3.40e-89	251
MDA9814601.1	QIZ21019.1	72.422	446	119	1	1	442	10	455	0.0	659
MDA9814602.1	QIZ21018.1	87.805	328	40	0	1	328	1	328	0.0	594
MDA9814603.1	QIZ21017.1	59.868	152	61	0	1	152	1	152	6.89e-52	158
MDA9814604.1	QIZ21016.1	58.071	477	200	0	16	492	19	495	0.0	547
MDA9814605.1	QIZ21015.1	87.918	389	47	0	1	389	1	389	0.0	697
MDA9814606.1	QIZ21014.1	90.755	530	49	0	1	530	1	530	0.0	957
MDA9814607.1	QIZ21013.1	81.682	737	130	2	3	738	4	736	0.0	1197
MDA9814608.1	QIZ21012.1	83.607	122	20	0	1	122	1	122	2.17e-73	210
MDA9814609.1	QIZ21011.1	87.805	82	10	0	1	82	1	82	1.17e-47	142
MDA9814610.1	QIZ21010.1	95.217	690	33	0	1	690	1	690	0.0	1343
MDA9814612.1	QIZ21008.1	92.720	261	19	0	1	261	1	261	0.0	507
MDA9814613.1	QIZ21007.1	94.541	403	22	0	1	403	1	403	0.0	799
MDA9814614.1	QIZ21006.1	87.952	166	20	0	1	166	1	166	7.97e-110	305
MDA9814615.1	QIZ21005.1	77.778	135	30	0	7	141	7	141	2.57e-77	221
MDA9814616.1	QIZ21004.1	96.350	137	5	0	1	137	1	137	6.15e-97	271
MDA9814617.1	QIZ21003.1	87.585	443	55	0	1	443	1	443	0.0	823
MDA9814618.1	QIZ21002.1	72.959	196	53	0	1	196	1	196	2.09e-113	317
MDA9814619.1	QIZ21001.1	65.035	143	50	0	4	146	6	148	1.67e-70	204
MDA9814620.1	QIZ21000.1	66.000	250	85	0	1	250	1	250	1.01e-121	342
MDA9814621.1	QIZ20999.1	77.931	145	32	0	1	145	1	145	2.62e-83	237
MDA9814622.1	QIZ20998.1	72.319	401	109	1	1	399	1	401	0.0	605
MDA9814623.1	QIZ20997.1	82.375	522	92	0	1	522	1	522	0.0	882
MDA9814624.1	QIZ20996.1	80.258	233	46	0	1	233	1	233	3.13e-143	395
MDA9814625.1	QIZ20995.1	66.265	83	28	0	1	83	1	83	1.66e-24	89.0
MDA9814626.1	QIZ20860.1	79.283	251	52	0	1	251	182	432	2.35e-151	424
MDA9814627.1	QIZ20861.1	54.902	153	50	4	1	142	1	145	1.55e-38	124
MDA9814628.1	QIZ20862.1	61.429	280	108	0	1	280	1	280	2.22e-120	342
MDA9814629.1	QIZ20863.1	85.714	357	51	0	1	357	1	357	0.0	602
MDA9814630.1	QIZ20864.1	89.071	366	40	0	1	366	1	366	0.0	672
MDA9814631.1	QIZ20865.1	75.682	403	98	0	1	403	1	403	0.0	632
MDA9814632.1	QIZ20866.1	72.803	239	65	0	1	239	1	239	2.20e-129	361
MDA9814633.1	QIZ20867.1	61.379	145	51	2	1	142	1	143	6.17e-53	160
MDA9814634.1	QIZ20868.1	70.208	433	129	0	1	433	1	433	0.0	631
MDA9814635.1	QIZ20869.1	78.420	848	180	1	1	845	1	848	0.0	1351
MDA9814636.1	QIZ20870.1	78.862	369	71	3	1	365	1	366	0.0	594
MDA9814637.1	QIZ20871.1	77.808	730	152	2	1	720	4	733	0.0	1183
MDA9814638.1	QIZ20872.1	85.714	203	29	0	1	203	1	203	1.90e-128	355
MDA9814639.1	QIZ20873.1	82.857	105	18	0	1	105	1	105	3.41e-60	175
MDA9814640.1	QIZ20874.1	72.857	560	142	4	1	553	1	557	0.0	791
MDA9814641.1	QIZ20875.1	81.159	276	52	0	1	276	1	276	2.36e-171	470
MDA9814642.1	QIZ20876.1	67.213	244	78	1	2	243	3	246	1.26e-110	314
MDA9814643.1	QIZ20877.1	72.626	179	49	0	1	179	11	189	1.05e-99	281
MDA9814644.1	QIZ20878.1	78.641	309	66	0	1	309	1	309	0.0	501
MDA9814645.1	QIZ20879.1	82.552	384	67	0	1	384	1	384	0.0	629
MDA9814646.1	QIZ20881.1	81.325	166	29	2	1	164	1	166	8.85e-98	275
MDA9814647.1	QIZ20882.1	76.341	317	75	0	1	317	1	317	0.0	521
MDA9814648.1	QIZ20883.1	84.236	203	32	0	1	203	1	203	2.14e-131	363
MDA9814649.1	QIZ20884.1	73.022	278	74	1	12	288	13	290	5.59e-142	398
MDA9814651.1	QIZ20661.1	30.000	250	153	7	7	245	6	244	7.64e-23	89.4
MDA9814653.1	QIZ21071.1	36.364	231	141	3	3	232	5	230	3.14e-37	127
MDA9814654.1	QIZ21068.1	35.377	212	123	8	1	203	1	207	3.18e-34	117
MDA9814660.1	QIZ20844.1	31.128	257	155	4	21	276	5	240	1.95e-26	104
MDA9814661.1	QIZ20851.1	30.612	343	191	12	1	326	1	313	2.42e-36	129
MDA9814668.1	QIZ20852.1	34.505	313	190	8	3	308	5	309	2.04e-48	161
MDA9814670.1	QIZ20851.1	27.152	302	192	9	4	285	7	300	6.05e-23	92.0
MDA9814672.1	QIZ21158.1	91.032	591	52	1	1	591	1	590	0.0	1140
MDA9814673.1	QIZ21159.1	87.013	231	30	0	1	231	27	257	1.71e-157	432
MDA9814674.1	QIZ21160.1	92.958	497	35	0	1	497	1	497	0.0	967
MDA9814675.1	QIZ21161.1	94.062	320	19	0	1	320	1	320	0.0	605
MDA9814676.1	QIZ21162.1	88.860	386	43	0	1	386	1	386	0.0	701
MDA9814677.1	QIZ21163.1	91.753	291	24	0	1	291	1	291	0.0	515
MDA9814678.1	QIZ21164.1	82.528	973	161	4	1	969	1	968	0.0	1698
MDA9814679.1	QIZ21165.1	80.410	439	72	3	1	439	1	425	0.0	705
MDA9814680.1	QIZ21166.1	84.764	466	71	0	1	466	1	466	0.0	814
MDA9814685.1	QIZ21167.1	82.028	651	117	0	1	651	1	651	0.0	1112
MDA9814686.1	QIZ21205.1	59.538	173	68	2	1	172	144	315	8.80e-62	190
MDA9814687.1	QIZ21206.1	59.292	226	92	0	1	226	1	226	1.18e-91	265
MDA9814688.1	QIZ21207.1	71.429	238	67	1	1	237	1	238	2.69e-126	353
MDA9814689.1	QIZ21209.1	75.377	199	49	0	1	199	1	199	1.50e-115	323
MDA9814690.1	QIZ21210.1	79.885	1039	209	0	1	1039	1	1039	0.0	1650
MDA9814691.1	QIZ21211.1	60.797	301	118	0	1	301	1	301	4.36e-131	372
MDA9814692.1	QIZ21212.1	68.030	269	86	0	1	269	1	269	1.31e-140	392
MDA9814693.1	QIZ21213.1	82.313	147	26	0	1	147	1	147	1.29e-93	263
MDA9814694.1	QIZ21214.1	73.129	294	78	1	1	293	1	294	7.52e-154	427
MDA9814695.1	QIZ21215.1	85.308	211	31	0	1	211	1	211	1.24e-135	374
MDA9814696.1	QIZ21216.1	63.265	98	36	0	1	98	1	98	1.15e-46	140
MDA9814697.1	QIZ21217.1	88.136	177	21	0	1	177	1	177	3.61e-118	327
MDA9814698.1	QIZ21218.1	90.138	436	43	0	15	450	1	436	0.0	795
MDA9814699.1	QIZ21219.1	70.297	101	30	0	1	101	1	101	1.22e-49	148
MDA9814701.1	QIZ21220.1	80.897	691	132	0	1	691	1	691	0.0	1169
MDA9814702.1	QIZ21221.1	67.665	167	53	1	1	166	1	167	6.52e-71	207
MDA9814703.1	QIZ21223.1	71.429	294	84	0	1	294	1	294	7.57e-158	437
MDA9814704.1	QIZ21224.1	83.081	396	67	0	1	396	1	396	0.0	709
MDA9814708.1	QIZ20898.1	27.917	480	318	16	9	481	13	471	4.32e-41	149
MDA9814710.1	QIZ20908.1	44.550	211	110	4	2	207	23	231	1.08e-52	165
MDA9814711.1	QIZ20910.1	57.843	102	43	0	19	120	18	119	1.59e-41	129
MDA9814712.1	QIZ20911.1	66.310	187	58	3	1	186	1	183	8.15e-93	264
MDA9814721.1	QIZ20902.1	53.774	530	240	4	2	529	3	529	0.0	548
MDA9814722.1	QIZ20900.1	26.316	304	199	7	62	352	35	326	2.52e-22	92.4
MDA9814724.1	QIZ20897.1	51.852	108	48	2	1	106	1	106	1.99e-39	123
MDA9814725.1	QIZ20896.1	60.190	422	167	1	1	421	1	422	0.0	513
MDA9814726.1	QIZ20895.1	63.226	310	111	2	2	310	1	308	8.93e-146	408
MDA9814727.1	QIZ20894.1	29.644	253	167	6	18	266	19	264	1.95e-26	99.8
MDA9814728.1	QIZ20893.1	35.589	399	237	8	11	393	14	408	1.84e-65	210
MDA9814729.1	QIZ20892.1	57.005	207	87	2	1	206	2	207	1.35e-81	238
MDA9814730.1	QIZ20891.1	75.000	228	55	2	5	232	4	229	6.79e-121	339
MDA9814731.1	QIZ20890.1	68.085	94	30	0	1	94	1	94	2.03e-42	130
MDA9814732.1	QIZ20889.1	75.694	576	139	1	1	575	1	576	0.0	902
MDA9814733.1	QIZ20888.1	66.667	204	68	0	13	216	12	215	2.29e-92	265
MDA9814734.1	QIZ20887.1	66.271	421	137	3	20	438	20	437	0.0	531
MDA9814735.1	QIZ20886.1	78.974	195	41	0	1	195	64	258	2.65e-110	311
MDA9814736.1	QIZ20981.1	59.307	548	212	4	1	547	1	538	0.0	606
MDA9814737.1	QIZ20982.1	66.667	198	66	0	1	198	1	198	2.42e-94	269
MDA9814738.1	QIZ20983.1	57.718	149	63	0	12	160	10	158	1.23e-56	171
MDA9814739.1	QIZ20984.1	84.181	177	28	0	1	177	1	177	6.23e-102	286
MDA9814740.1	QIZ20985.1	87.634	186	23	0	4	189	3	188	5.83e-126	348
MDA9814741.1	QIZ20986.1	66.509	212	71	0	1	212	1	212	6.32e-111	312
MDA9814742.1	QIZ20987.1	79.104	67	14	0	9	75	1	67	6.15e-26	86.7
MDA9814743.1	QIZ20988.1	60.819	171	65	2	1	169	1	171	4.54e-71	208
MDA9814744.1	QIZ20989.1	81.818	451	82	0	1	451	1	451	0.0	749
MDA9814745.1	QIZ20990.1	71.040	404	117	0	1	404	1	404	0.0	575
MDA9814746.1	QIZ20991.1	73.391	233	62	0	1	233	1	233	4.79e-121	339
MDA9814747.1	QIZ20992.1	92.432	370	28	0	1	370	1	370	0.0	698
MDA9814748.1	QIZ20993.1	82.403	466	78	2	3	468	9	470	0.0	787
MDA9814749.1	QIZ21055.1	75.873	315	76	0	1	315	19	333	0.0	508
MDA9814752.1	QIZ21052.1	95.735	422	18	0	1	422	1	422	0.0	821
MDA9814753.1	QIZ21087.1	45.070	284	148	2	1	282	1	278	9.79e-78	233
MDA9814754.1	QIZ21050.1	81.490	443	82	0	1	443	1	443	0.0	733
MDA9814755.1	QIZ21049.1	88.604	623	71	0	1	623	1	623	0.0	1135
MDA9814756.1	QIZ21048.1	58.768	211	87	0	3	213	2	212	8.21e-93	266
MDA9814757.1	QIZ21047.1	87.500	264	33	0	1	264	1	264	3.92e-173	474
MDA9814758.1	QIZ21046.1	73.050	282	76	0	1	282	1	282	1.47e-152	423
MDA9814759.1	QIZ21045.1	45.087	173	95	0	1	173	159	331	1.36e-43	143
MDA9814760.1	QIZ21234.1	90.306	392	38	0	1	392	1	392	0.0	732
MDA9814761.1	QIZ21233.1	95.530	604	27	0	1	604	1	604	0.0	1191
MDA9814762.1	QIZ21232.1	64.186	215	77	0	1	215	1	215	3.39e-91	262
MDA9814763.1	QIZ21231.1	78.761	226	48	0	1	226	1	226	2.51e-135	375
MDA9814764.1	QIZ21230.1	70.405	321	95	0	1	321	1	321	4.71e-164	456
MDA9814765.1	QIZ21229.1	71.526	439	124	1	1	438	1	439	0.0	610
MDA9814766.1	QIZ21228.1	83.191	470	79	0	1	470	1	470	0.0	823
MDA9814767.1	QIZ21226.1	76.106	113	27	0	1	113	1	113	2.24e-63	184
MDA9814768.1	QIZ21526.1	56.410	78	34	0	16	93	16	93	1.74e-30	99.8
MDA9814770.1	QIZ21037.1	47.619	105	55	0	1	105	89	193	2.29e-26	92.4
MDA9814772.1	QIZ21036.1	70.455	308	91	0	1	308	1	308	2.36e-165	457
MDA9814774.1	QIZ21035.1	82.143	196	35	0	18	213	18	213	4.93e-125	348
MDA9814775.1	QIZ21034.1	81.712	257	47	0	1	257	1	257	7.10e-159	437
MDA9814776.1	QIZ21033.1	86.400	375	49	1	1	375	1	373	0.0	645
MDA9814777.1	QIZ21032.1	92.994	628	44	0	1	628	1	628	0.0	1182
MDA9814778.1	QIZ21031.1	74.762	210	49	3	1	208	1	208	1.33e-104	296
MDA9814779.1	QIZ21030.1	67.347	196	64	0	3	198	5	200	1.16e-88	254
MDA9814780.1	QIZ21029.1	60.000	385	151	2	1	384	1	383	3.25e-157	443
MDA9814781.1	QIZ21028.1	69.106	123	38	0	1	123	1	123	3.26e-60	182
MDA9814784.1	QIZ20837.1	34.426	488	296	6	99	573	109	585	5.38e-76	248
MDA9814790.1	QIZ21156.1	68.644	118	37	0	1	118	1	118	4.74e-58	171
MDA9814791.1	QIZ21155.1	75.988	329	79	0	1	329	1	329	0.0	521
MDA9814792.1	QIZ21154.1	82.385	369	65	0	1	369	1	369	0.0	630
MDA9814793.1	QIZ21153.1	67.829	258	83	0	1	258	1	258	4.00e-138	385
MDA9814794.1	QIZ21152.1	77.467	537	121	0	1	537	1	537	0.0	900
MDA9814795.1	QIZ21151.1	83.475	587	97	0	1	587	1	587	0.0	1039
MDA9814796.1	QIZ21150.1	94.293	368	21	0	1	368	1	368	0.0	692
MDA9814797.1	QIZ21148.1	86.752	234	31	0	1	234	234	467	4.04e-154	432
MDA9814798.1	QIZ20943.1	82.558	172	29	1	1	171	1	172	2.41e-103	290
MDA9814799.1	QIZ20942.1	68.525	305	96	0	1	305	1	305	1.53e-157	438
MDA9814800.1	QIZ20941.1	69.919	246	74	0	1	246	1	246	7.97e-132	368
MDA9814801.1	QIZ20940.1	83.226	155	26	0	1	155	1	155	1.43e-97	274
MDA9814802.1	QIZ20939.1	79.935	309	62	0	1	309	1	309	0.0	525
MDA9814803.1	QIZ20937.1	78.646	384	82	0	1	384	1	384	0.0	634
MDA9814804.1	QIZ20936.1	75.000	276	68	1	1	276	1	275	8.56e-159	438
MDA9814805.1	QIZ20935.1	85.973	221	31	0	1	221	1	221	5.07e-146	402
MDA9814806.1	QIZ20934.1	70.486	288	85	0	1	288	1	288	4.14e-146	407
MDA9814807.1	QIZ20933.1	83.575	207	34	0	1	207	352	558	5.29e-129	370
MDA9814809.1	QIZ21043.1	71.603	817	229	3	1	816	1	815	0.0	1241
MDA9814810.1	QIZ21042.1	65.217	184	57	3	3	184	6	184	4.29e-82	237
MDA9814811.1	QIZ21041.1	45.758	330	170	4	1	322	1	329	1.63e-84	254
MDA9814812.1	QIZ21040.1	65.714	175	60	0	1	175	1	175	2.09e-76	222
MDA9814813.1	QIZ21039.1	60.550	218	83	1	1	218	1	215	1.45e-93	268
MDA9814814.1	QIZ21038.1	50.993	151	72	2	2	152	13	161	1.72e-49	152
MDA9814816.1	QIZ21025.1	76.440	382	89	1	1	382	1	381	0.0	565
MDA9814817.1	QIZ21026.1	85.321	327	48	0	1	327	434	760	0.0	563
MDA9814818.1	QIZ21027.1	78.261	184	40	0	3	186	13	196	2.29e-108	304
MDA9814819.1	QIZ20924.1	51.667	360	168	3	1	356	71	428	2.11e-114	335
MDA9814820.1	QIZ20923.1	68.056	72	22	1	1	72	1	71	1.45e-30	98.2
MDA9814821.1	QIZ21496.1	69.231	65	20	0	3	67	2	66	9.57e-30	95.9
MDA9814822.1	QIZ20922.1	71.674	466	129	3	1	464	1	465	0.0	658
MDA9814823.1	QIZ20921.1	63.190	163	58	2	1	162	1	162	3.92e-66	201
MDA9814824.1	QIZ21202.1	67.527	465	148	2	1	464	50	512	0.0	568
MDA9814825.1	QIZ21203.1	89.486	428	45	0	1	428	1	428	0.0	783
MDA9814826.1	QIZ21204.1	51.471	136	65	1	1	136	1	135	1.51e-43	136
MDA9814831.1	QIZ21063.1	71.212	198	56	1	1	198	1	197	2.18e-105	297
MDA9814832.1	QIZ21062.1	65.957	141	47	1	1	141	1	140	2.46e-53	160
MDA9814833.1	QIZ21061.1	57.857	140	53	1	1	134	1	140	1.06e-55	166
MDA9814834.1	QIZ21060.1	77.333	225	43	3	1	220	1	222	5.05e-125	348
MDA9814836.1	QIZ21058.1	58.397	262	109	0	2	263	3	264	6.62e-109	311
MDA9814837.1	QIZ21057.1	70.256	195	58	0	1	195	1	195	1.22e-97	277
MDA9814838.1	QIZ21056.1	77.289	273	62	0	1	273	1	273	4.61e-162	446
