MDA9152693.1	QIZ21445.1	72.368	152	42	0	1	152	62	213	1.21e-81	235
MDA9152694.1	QIZ21444.1	87.973	740	89	0	1	740	1	740	0.0	1343
MDA9152695.1	QIZ21443.1	94.014	284	17	0	1	284	1	284	0.0	509
MDA9152696.1	QIZ21442.1	86.024	415	58	0	1	415	1	415	0.0	744
MDA9152697.1	QIZ21441.1	92.798	361	26	0	13	373	13	373	0.0	697
MDA9152698.1	QIZ21440.1	87.187	359	46	0	3	361	4	362	0.0	660
MDA9152699.1	QIZ21439.1	81.443	388	72	0	1	388	1	388	0.0	673
MDA9152700.1	QIZ21438.1	66.531	245	82	0	1	245	1	245	6.15e-119	335
MDA9152702.1	QIZ20490.1	28.261	276	177	3	14	275	5	273	5.35e-29	108
MDA9152703.1	QIZ21448.1	61.765	476	181	1	1	475	1	476	0.0	590
MDA9152708.1	QIZ20555.1	42.264	265	149	3	57	321	236	496	2.01e-59	194
MDA9152709.1	QIZ20556.1	45.697	337	179	2	2	334	3	339	2.31e-106	311
MDA9152710.1	QIZ20592.1	33.730	252	153	5	6	256	5	243	6.67e-41	137
MDA9152712.1	QIZ21184.1	27.059	340	210	10	12	320	16	348	1.53e-29	112
MDA9152713.1	QIZ21460.1	30.349	458	285	11	25	470	4	439	6.23e-54	182
MDA9152715.1	QIZ20716.1	36.667	120	70	3	14	133	5	118	1.80e-22	82.4
MDA9152716.1	QIZ21506.1	32.812	384	225	11	5	362	17	393	8.66e-63	202
MDA9152723.1	QIZ20495.1	43.561	528	295	3	3	527	4	531	1.05e-146	427
MDA9152724.1	QIZ20216.1	58.044	317	132	1	1	316	1	317	8.36e-127	361
MDA9152727.1	QIZ21437.1	76.350	389	91	1	1	389	1	388	0.0	658
MDA9152728.1	QIZ20511.1	28.621	580	381	11	7	562	3	573	1.20e-70	233
MDA9152730.1	QIZ21436.1	90.256	195	19	0	1	195	1	195	1.42e-132	365
MDA9152731.1	QIZ21435.1	51.807	249	114	3	12	257	14	259	3.83e-86	253
MDA9152732.1	QIZ21434.1	78.862	492	104	0	1	492	1	492	0.0	830
MDA9152733.1	QIZ21433.1	47.518	282	148	0	4	285	4	285	3.90e-93	273
MDA9152734.1	QIZ21432.1	90.428	397	37	1	1	396	1	397	0.0	691
MDA9152735.1	QIZ21431.1	80.556	252	49	0	1	252	1	252	2.74e-142	395
MDA9152736.1	QIZ21430.1	83.979	387	62	0	1	387	1	387	0.0	639
MDA9152737.1	QIZ21429.1	88.713	443	50	0	14	456	1	443	0.0	769
MDA9152738.1	QIZ21428.1	93.750	336	21	0	1	336	1	336	0.0	632
MDA9152739.1	QIZ21427.1	87.660	235	29	0	1	235	1	235	3.24e-146	403
MDA9152740.1	QIZ21426.1	85.385	260	38	0	3	262	5	264	7.14e-165	452
MDA9152742.1	QIZ21425.1	88.449	303	35	0	1	303	1	303	0.0	547
MDA9152743.1	QIZ21424.1	87.850	107	13	0	1	107	1	107	6.83e-65	187
MDA9152744.1	QIZ21423.1	92.735	234	17	0	1	234	1	234	2.29e-162	444
MDA9152745.1	QIZ21422.1	89.272	261	28	0	1	261	1	261	9.02e-174	475
MDA9152746.1	QIZ21421.1	83.740	246	40	0	1	246	1	246	8.34e-158	433
MDA9152747.1	QIZ21420.1	71.347	349	99	1	3	350	2	350	0.0	521
MDA9152748.1	QIZ21419.1	85.522	297	43	0	1	297	1	297	0.0	515
MDA9152749.1	QIZ21418.1	85.230	413	59	1	1	411	1	413	0.0	741
MDA9152750.1	QIZ21417.1	85.784	204	29	0	1	204	1	204	1.07e-114	321
MDA9152751.1	QIZ21416.1	90.816	98	9	0	1	98	1	98	3.89e-64	184
MDA9152752.1	QIZ21415.1	89.286	84	9	0	1	84	1	84	7.31e-55	160
MDA9152753.1	QIZ21414.1	87.805	123	15	0	1	123	1	123	1.52e-80	228
MDA9152754.1	QIZ21413.1	90.572	297	28	0	1	297	1	297	0.0	560
MDA9152755.1	QIZ21412.1	85.489	317	46	0	1	317	1	317	0.0	570
MDA9152756.1	QIZ21411.1	74.333	300	76	1	1	300	1	299	7.32e-163	451
MDA9152757.1	QIZ21410.1	85.922	412	58	0	1	412	1	412	0.0	747
MDA9152758.1	QIZ21409.1	68.817	372	116	0	3	374	2	373	3.66e-179	498
MDA9152759.1	QIZ21408.1	67.442	645	190	2	1	625	1	645	0.0	923
MDA9152760.1	QIZ21407.1	51.205	166	81	0	1	166	1	166	3.85e-45	142
MDA9152761.1	QIZ21406.1	52.113	284	130	4	1	279	1	283	7.21e-93	276
MDA9152762.1	QIZ21405.1	90.828	338	31	0	7	344	8	345	0.0	629
MDA9152763.1	QIZ21404.1	83.748	523	82	2	1	523	1	520	0.0	910
MDA9152764.1	QIZ20556.1	37.931	232	131	4	318	545	40	262	1.39e-41	149
MDA9152764.1	QIZ20556.1	30.435	253	158	5	19	270	41	276	2.45e-30	117
MDA9152768.1	QIZ21403.1	85.882	340	47	1	1	340	1	339	0.0	612
MDA9152769.1	QIZ21402.1	89.560	182	19	0	1	182	1	182	4.65e-120	333
MDA9152770.1	QIZ21401.1	92.177	588	46	0	1	588	1	588	0.0	1100
MDA9152771.1	QIZ21400.1	60.535	299	118	0	1	299	1	299	2.82e-114	328
MDA9152772.1	QIZ21399.1	75.476	473	110	4	1	469	1	471	0.0	686
MDA9152773.1	QIZ21398.1	85.246	61	9	0	1	61	1	61	1.99e-34	107
MDA9152774.1	QIZ21397.1	91.003	289	26	0	1	289	1	289	0.0	523
MDA9152776.1	QIZ20976.1	88.652	141	16	0	1	141	1	141	6.84e-96	268
MDA9152777.1	QIZ20975.1	81.013	395	75	0	1	395	1	395	0.0	674
MDA9152778.1	QIZ20974.1	91.008	1012	91	0	1	1012	1	1012	0.0	1955
MDA9152779.1	QIZ20973.1	69.374	431	114	3	1	421	1	423	0.0	618
MDA9152780.1	QIZ20972.1	74.237	295	76	0	1	295	1	295	4.70e-160	443
MDA9152781.1	QIZ20971.1	64.167	240	85	1	1	239	1	240	1.01e-109	312
MDA9152782.1	QIZ20970.1	86.639	479	64	0	1	479	1	479	0.0	845
MDA9152783.1	QIZ20969.1	82.145	1501	268	0	1	1501	1	1501	0.0	2601
MDA9152784.1	QIZ20967.1	75.309	243	60	0	1	243	1	243	8.77e-124	348
MDA9152785.1	QIZ20966.1	75.260	384	95	0	1	384	1	384	0.0	588
MDA9152786.1	QIZ20965.1	85.737	638	91	0	1	638	1	638	0.0	1170
MDA9152787.1	QIZ20964.1	90.608	181	17	0	1	181	1	181	3.56e-124	343
MDA9152788.1	QIZ20963.1	97.059	68	2	0	1	68	1	68	3.35e-43	129
MDA9152789.1	QIZ20962.1	94.068	118	7	0	1	118	1	118	3.36e-80	227
MDA9152790.1	QIZ20961.1	86.197	355	49	0	1	355	1	355	0.0	646
MDA9152791.1	QIZ20960.1	72.070	802	224	0	1	802	1	802	0.0	1144
MDA9152792.1	QIZ20959.1	91.639	598	50	0	1	598	4	601	0.0	1140
MDA9152794.1	QIZ20442.1	80.531	113	22	0	1	113	264	376	1.38e-54	170
MDA9152795.1	QIZ20441.1	86.452	465	63	0	1	465	1	465	0.0	840
MDA9152796.1	QIZ20440.1	92.444	225	17	0	1	225	1	225	2.97e-154	422
MDA9152797.1	QIZ20439.1	80.608	263	51	0	1	263	1	263	4.40e-147	408
MDA9152798.1	QIZ20438.1	79.697	330	67	0	1	330	1	330	0.0	539
MDA9152799.1	QIZ20437.1	80.423	189	37	0	1	189	1	189	2.83e-113	316
MDA9152800.1	QIZ20436.1	82.305	486	83	2	2	486	1	484	0.0	771
MDA9152801.1	QIZ20435.1	48.312	474	243	2	1	473	1	473	1.35e-133	390
MDA9152802.1	QIZ20434.1	66.939	245	81	0	1	245	1	245	1.86e-123	347
MDA9152803.1	QIZ20433.1	84.848	99	15	0	1	99	1	99	2.45e-57	167
MDA9152804.1	QIZ20432.1	87.732	538	66	0	1	538	1	538	0.0	979
MDA9152805.1	QIZ20431.1	90.511	274	26	0	1	274	1	274	3.87e-180	492
MDA9152806.1	QIZ20430.1	83.971	418	67	0	1	418	1	418	0.0	703
MDA9152807.1	QIZ20429.1	73.000	100	27	0	1	100	1	100	5.00e-46	139
MDA9152808.1	QIZ20428.1	81.518	303	56	0	1	303	3	305	0.0	512
MDA9152809.1	QIZ20427.1	69.655	145	44	0	1	145	1	145	7.25e-75	216
MDA9152810.1	QIZ20426.1	59.854	137	55	0	18	154	16	152	4.29e-55	166
MDA9152811.1	QIZ20425.1	44.785	163	88	2	1	162	2	163	1.78e-38	125
MDA9152812.1	QIZ20424.1	53.951	367	166	2	1	364	1	367	1.54e-113	331
MDA9152813.1	QIZ20423.1	66.610	593	198	0	1	593	1	593	0.0	739
MDA9152814.1	QIZ20422.1	76.940	451	104	0	1	451	1	451	0.0	699
MDA9152815.1	QIZ20421.1	81.857	463	84	0	1	463	1	463	0.0	712
MDA9152816.1	QIZ20420.1	69.444	468	142	1	1	467	1	468	0.0	523
MDA9152818.1	QIZ20884.1	71.864	295	82	1	12	305	13	307	2.66e-150	420
MDA9152819.1	QIZ20883.1	84.729	203	31	0	1	203	1	203	1.98e-131	363
MDA9152820.1	QIZ20882.1	75.394	317	78	0	1	317	1	317	0.0	511
MDA9152821.1	QIZ20881.1	80.723	166	30	2	1	164	1	166	8.48e-97	273
MDA9152822.1	QIZ20879.1	81.039	385	73	0	1	385	1	385	0.0	620
MDA9152823.1	QIZ20878.1	78.641	309	66	0	1	309	1	309	0.0	499
MDA9152824.1	QIZ20877.1	69.274	179	55	0	1	179	11	189	5.72e-95	270
MDA9152825.1	QIZ20876.1	65.984	244	81	1	2	243	3	246	1.24e-108	309
MDA9152826.1	QIZ20875.1	78.261	276	60	0	1	276	1	276	6.53e-166	456
MDA9152827.1	QIZ20874.1	73.036	560	141	4	1	553	1	557	0.0	793
MDA9152828.1	QIZ20873.1	81.905	105	19	0	1	105	1	105	2.87e-59	173
MDA9152829.1	QIZ20872.1	86.700	203	27	0	1	203	1	203	3.95e-131	362
MDA9152830.1	QIZ20871.1	77.808	730	152	2	1	720	4	733	0.0	1186
MDA9152831.1	QIZ20870.1	78.649	370	71	3	1	364	1	368	0.0	589
MDA9152832.1	QIZ20869.1	79.717	848	169	1	1	845	1	848	0.0	1368
MDA9152833.1	QIZ20868.1	69.746	433	131	0	1	433	1	433	0.0	622
MDA9152834.1	QIZ20867.1	62.759	145	49	2	1	142	1	143	1.30e-55	166
MDA9152835.1	QIZ20866.1	72.803	239	65	0	1	239	1	239	5.60e-130	362
MDA9152836.1	QIZ20865.1	75.186	403	100	0	1	403	1	403	0.0	634
MDA9152837.1	QIZ20864.1	88.493	365	42	0	1	365	1	365	0.0	670
MDA9152838.1	QIZ20863.1	85.434	357	52	0	1	357	1	357	0.0	597
MDA9152839.1	QIZ20862.1	45.794	107	58	0	1	107	1	107	2.59e-31	107
MDA9152840.1	QIZ20414.1	84.000	875	140	0	1	875	1	875	0.0	1541
MDA9152841.1	QIZ20413.1	93.007	572	40	0	1	572	1	572	0.0	1102
MDA9152842.1	QIZ20412.1	86.035	401	56	0	1	401	1	401	0.0	684
MDA9152843.1	QIZ20411.1	89.028	319	35	0	1	319	3	321	0.0	581
MDA9152844.1	QIZ20410.1	93.458	214	14	0	4	217	2	215	8.65e-146	400
MDA9152846.1	QIZ20409.1	97.222	72	2	0	1	72	1	72	6.05e-46	137
MDA9152848.1	QIZ20408.1	66.201	358	93	6	4	333	1	358	3.37e-169	471
MDA9152849.1	QIZ20407.1	71.951	246	69	0	1	246	3	248	1.90e-130	364
MDA9152850.1	QIZ20406.1	80.899	267	51	0	1	267	1	267	1.42e-155	429
MDA9152851.1	QIZ20405.1	80.000	130	26	0	3	132	4	133	1.98e-76	218
MDA9152852.1	QIZ20404.1	80.422	332	65	0	1	332	1	332	0.0	562
MDA9152853.1	QIZ20403.1	79.457	258	53	0	1	258	1	258	3.60e-160	440
MDA9152854.1	QIZ20402.1	83.810	105	17	0	1	105	1	105	1.55e-60	176
MDA9152855.1	QIZ20401.1	70.845	367	107	0	1	367	1	367	0.0	514
MDA9152856.1	QIZ20400.1	71.924	577	162	0	1	577	1	577	0.0	853
MDA9152857.1	QIZ20399.1	63.953	86	31	0	1	86	1	86	1.14e-33	107
MDA9152858.1	QIZ20398.1	63.291	316	116	0	1	316	1	316	4.39e-141	397
MDA9152859.1	QIZ20397.1	82.449	245	43	0	1	245	1	245	5.74e-141	391
MDA9152860.1	QIZ20396.1	81.081	222	42	0	10	231	13	234	4.92e-135	375
MDA9152861.1	QIZ20395.1	79.412	68	12	1	1	66	1	68	2.40e-34	107
MDA9152862.1	QIZ20394.1	69.444	72	19	1	1	72	1	69	3.61e-25	84.7
MDA9152863.1	QIZ20393.1	84.800	250	38	0	1	250	1	250	2.32e-158	436
MDA9152869.1	QIZ20846.1	34.921	252	139	8	44	292	42	271	4.21e-29	112
MDA9152877.1	QIZ20484.1	30.224	268	153	6	7	270	11	248	1.60e-22	89.0
MDA9152880.1	QIZ20235.1	71.831	71	20	0	1	71	1	71	7.80e-34	111
MDA9152881.1	QIZ20234.1	81.614	533	98	0	1	533	1	533	0.0	926
MDA9152882.1	QIZ20233.1	75.497	453	107	2	1	449	1	453	0.0	709
MDA9152883.1	QIZ20232.1	84.898	245	37	0	1	245	1	245	6.62e-159	436
MDA9152884.1	QIZ20231.1	90.414	459	44	0	1	459	1	459	0.0	871
MDA9152885.1	QIZ20230.1	81.848	606	110	0	1	606	1	606	0.0	1043
MDA9152886.1	QIZ20229.1	79.512	205	42	0	1	205	1	205	2.16e-116	325
MDA9152887.1	QIZ20228.1	78.414	227	49	0	1	227	1	227	1.76e-140	388
MDA9152888.1	QIZ20228.1	66.079	227	71	2	1	221	1	227	8.23e-113	318
MDA9152889.1	QIZ20227.1	88.400	500	58	0	1	500	1	500	0.0	926
MDA9152890.1	QIZ20226.1	93.624	298	19	0	1	298	1	298	0.0	581
MDA9152891.1	QIZ20225.1	86.364	374	51	0	1	374	1	374	0.0	677
MDA9152892.1	QIZ20222.1	90.000	330	31	1	8	337	15	342	0.0	632
MDA9152893.1	QIZ20221.1	89.922	645	65	0	1	645	1	645	0.0	1225
MDA9152894.1	QIZ20220.1	89.256	484	52	0	1	484	1	484	0.0	877
MDA9152895.1	QIZ20219.1	57.778	90	38	0	1	90	1	90	1.47e-34	110
MDA9152896.1	QIZ20208.1	68.939	132	41	0	1	132	1	132	1.58e-62	183
MDA9152897.1	QIZ20205.1	47.710	262	136	1	1	261	16	277	7.44e-60	187
MDA9152898.1	QIZ20204.1	58.125	320	134	0	1	320	1	320	5.72e-148	415
MDA9152899.1	QIZ20199.1	76.970	165	38	0	1	165	1	165	1.25e-89	255
MDA9152900.1	QIZ20198.1	66.667	75	25	0	1	75	325	399	4.84e-31	107
MDA9152901.1	QIZ21125.1	40.136	147	84	1	4	150	3	145	1.04e-29	105
MDA9152902.1	QIZ20593.1	78.003	591	130	0	1	591	1	591	0.0	991
MDA9152903.1	QIZ20513.1	28.680	394	254	8	105	492	7	379	2.39e-39	142
MDA9152905.1	QIZ20834.1	29.345	351	210	9	9	342	1	330	2.28e-28	108
MDA9152907.1	QIZ20594.1	76.680	253	59	0	1	253	1	253	1.71e-142	395
MDA9152908.1	QIZ20416.1	32.328	232	146	5	6	235	5	227	8.46e-31	110
MDA9152911.1	QIZ20599.1	73.000	300	81	0	1	300	1	300	1.38e-170	470
MDA9152912.1	QIZ20600.1	77.108	249	56	1	1	249	1	248	1.85e-142	395
MDA9152913.1	QIZ20601.1	95.643	482	21	0	1	482	1	482	0.0	849
MDA9152914.1	QIZ20602.1	74.556	169	42	1	1	168	1	169	5.52e-80	230
MDA9152915.1	QIZ20603.1	94.410	322	18	0	1	322	1	322	0.0	626
MDA9152916.1	QIZ20604.1	87.730	326	40	0	5	330	4	329	0.0	542
MDA9152917.1	QIZ20605.1	87.468	391	49	0	1	391	1	391	0.0	714
MDA9152920.1	QIZ21076.1	55.856	111	49	0	1	111	1	111	1.12e-34	121
MDA9152921.1	QIZ21077.1	52.066	363	166	7	1	356	14	375	2.42e-114	333
MDA9152922.1	QIZ21078.1	68.692	214	66	1	1	214	1	213	3.96e-104	295
MDA9152926.1	QIZ21079.1	76.832	505	117	0	7	511	14	518	0.0	762
MDA9152928.1	QIZ21080.1	82.110	218	39	0	1	218	1	218	2.19e-128	357
MDA9152929.1	QIZ21081.1	96.610	118	4	0	1	118	1	118	1.09e-81	231
MDA9152930.1	QIZ21082.1	97.176	602	17	0	1	602	1	602	0.0	1179
MDA9152931.1	QIZ21083.1	95.294	85	4	0	1	85	1	85	1.64e-58	169
MDA9152932.1	QIZ21084.1	88.406	207	24	0	1	207	1	207	2.32e-135	374
MDA9152933.1	QIZ21085.1	88.318	642	75	0	45	686	39	680	0.0	1192
MDA9152934.1	QIZ21086.1	84.672	137	21	0	1	137	1	137	8.45e-87	245
MDA9152935.1	QIZ21088.1	80.952	357	68	0	1	357	1	357	0.0	607
MDA9152936.1	QIZ21089.1	66.447	304	101	1	3	305	4	307	7.24e-143	400
MDA9152937.1	QIZ21090.1	70.690	232	68	0	1	232	1	232	1.58e-124	348
MDA9152938.1	QIZ21091.1	83.934	361	58	0	1	361	1	361	0.0	572
MDA9152939.1	QIZ21092.1	86.458	96	13	0	1	96	1	96	4.80e-58	169
MDA9152940.1	QIZ21277.1	73.016	63	17	0	1	63	1	63	1.71e-29	100
MDA9152941.1	QIZ21278.1	83.516	91	15	0	1	91	1	91	4.49e-51	151
MDA9152942.1	QIZ21279.1	82.847	857	147	0	1	857	1	857	0.0	1443
MDA9152943.1	QIZ21280.1	66.471	170	57	0	23	192	27	196	9.44e-86	247
MDA9152944.1	QIZ21281.1	76.543	162	38	0	1	162	1	162	1.28e-83	239
MDA9152945.1	QIZ21282.1	64.923	325	114	0	1	325	1	325	5.39e-147	412
MDA9152946.1	QIZ21283.1	53.906	384	175	2	1	383	1	383	9.64e-142	404
MDA9152947.1	QIZ21284.1	89.607	356	37	0	1	356	1	356	0.0	669
MDA9152948.1	QIZ21285.1	77.297	185	42	0	1	185	1	185	9.81e-101	284
MDA9152949.1	QIZ21286.1	64.198	243	83	1	1	239	1	243	3.53e-107	305
MDA9152950.1	QIZ21287.1	59.415	547	221	1	16	561	15	561	0.0	647
MDA9152951.1	QIZ21288.1	54.448	281	128	0	1	281	1	281	2.48e-98	286
MDA9152952.1	QIZ21289.1	63.507	422	154	0	1	422	1	422	0.0	561
MDA9152953.1	QIZ21290.1	87.342	158	20	0	1	158	1	158	8.35e-101	282
MDA9152954.1	QIZ21291.1	76.277	274	65	0	1	274	1	274	1.61e-159	440
MDA9152955.1	QIZ21292.1	74.324	148	38	0	1	148	1	148	6.73e-82	234
MDA9152956.1	QIZ21293.1	88.757	169	19	0	1	169	1	169	6.25e-107	298
MDA9152957.1	QIZ21294.1	94.033	419	25	0	1	419	1	419	0.0	783
MDA9152958.1	QIZ21295.1	81.538	260	46	2	1	259	1	259	2.44e-152	421
MDA9152959.1	QIZ21296.1	87.955	357	43	0	1	357	1	357	0.0	657
MDA9152960.1	QIZ21297.1	80.000	185	37	0	1	185	1	185	1.33e-111	311
MDA9152963.1	QIZ21132.1	38.095	357	194	5	1	353	1	334	1.21e-75	233
MDA9152964.1	QIZ21133.1	49.721	358	174	3	1	353	1	357	1.24e-125	361
MDA9152965.1	QIZ21130.1	28.070	285	199	3	5	284	3	286	4.46e-21	86.3
MDA9152966.1	QIZ21131.1	29.889	271	173	6	10	266	14	281	1.74e-35	124
MDA9152968.1	QIZ21483.1	87.080	387	50	0	1	387	1	387	0.0	707
MDA9152969.1	QIZ21484.1	84.411	263	41	0	1	263	1	263	2.12e-169	464
MDA9152970.1	QIZ21486.1	95.694	418	18	0	1	418	1	418	0.0	828
MDA9152971.1	QIZ21487.1	87.500	88	11	0	1	88	1	88	9.01e-58	168
MDA9152972.1	QIZ21488.1	90.080	998	99	0	1	998	1	998	0.0	1904
MDA9152973.1	QIZ21489.1	63.590	195	71	0	1	195	1	195	9.38e-95	270
MDA9152974.1	QIZ21490.1	75.273	275	68	0	1	275	8	282	9.76e-155	428
MDA9152977.1	QIZ20680.1	80.115	347	69	0	1	347	1	347	0.0	595
MDA9152978.1	QIZ20681.1	94.278	367	21	0	5	371	4	370	0.0	732
MDA9152979.1	QIZ20682.1	88.366	404	47	0	1	404	1	404	0.0	754
MDA9152980.1	QIZ20683.1	77.741	301	67	0	1	301	1	301	9.23e-168	463
MDA9152981.1	QIZ20684.1	63.923	413	146	1	1	413	1	410	5.59e-179	501
MDA9152982.1	QIZ20685.1	58.000	200	83	1	1	199	1	200	9.76e-82	237
MDA9152983.1	QIZ20686.1	61.481	135	48	1	1	131	1	135	4.71e-55	164
MDA9152984.1	QIZ20687.1	58.974	156	64	0	1	156	1	156	3.04e-56	169
MDA9152985.1	QIZ20689.1	65.942	276	94	0	1	276	1	276	5.74e-135	378
MDA9152986.1	QIZ20690.1	85.507	552	79	1	1	551	1	552	0.0	967
MDA9152987.1	QIZ20691.1	90.022	922	92	0	1	922	1	922	0.0	1776
MDA9152988.1	QIZ20692.1	68.519	324	102	0	4	327	12	335	3.90e-170	478
MDA9152989.1	QIZ20380.1	72.000	200	56	0	6	205	5	204	3.94e-99	281
MDA9152990.1	QIZ20381.1	78.545	275	59	0	1	275	1	275	1.03e-167	461
MDA9152991.1	QIZ20382.1	81.351	370	69	0	1	370	1	370	0.0	642
MDA9152992.1	QIZ20383.1	79.891	184	37	0	1	184	1	184	3.64e-111	310
MDA9152993.1	QIZ20384.1	83.537	164	27	0	1	164	1	164	1.23e-99	280
MDA9152994.1	QIZ20385.1	86.131	858	109	1	1	858	1	848	0.0	1462
MDA9152995.1	QIZ20386.1	87.582	153	16	2	1	150	1	153	2.50e-91	258
MDA9152996.1	QIZ20387.1	93.882	948	58	0	1	948	1	948	0.0	1843
MDA9152997.1	QIZ20388.1	82.500	200	32	1	1	200	1	197	7.71e-118	328
MDA9152998.1	QIZ20389.1	77.474	293	66	0	1	293	1	293	4.99e-165	456
MDA9152999.1	QIZ20390.1	76.209	517	123	0	1	517	1	517	0.0	792
MDA9153000.1	QIZ20391.1	88.043	92	11	0	4	95	3	94	3.50e-56	164
MDA9153001.1	QIZ20392.1	82.622	328	57	0	1	328	90	417	0.0	584
MDA9153002.1	QIZ21042.1	62.295	183	64	4	1	182	7	185	4.44e-78	226
MDA9153003.1	QIZ21043.1	71.040	846	242	3	1	845	1	844	0.0	1267
MDA9153005.1	QIZ21045.1	49.693	326	162	1	1	324	1	326	9.38e-99	290
MDA9153006.1	QIZ21046.1	72.760	279	76	0	2	280	4	282	6.18e-148	411
MDA9153007.1	QIZ21047.1	86.364	264	36	0	1	264	1	264	2.19e-170	467
MDA9153008.1	QIZ21048.1	59.906	212	85	0	3	214	2	213	3.13e-93	268
MDA9153009.1	QIZ21049.1	87.640	623	77	0	1	623	1	623	0.0	1124
MDA9153010.1	QIZ21050.1	82.167	443	79	0	1	443	1	443	0.0	739
MDA9153011.1	QIZ21590.1	34.568	243	122	5	1	230	1	219	3.01e-38	130
MDA9153012.1	QIZ21052.1	95.498	422	19	0	1	422	1	422	0.0	822
MDA9153015.1	QIZ21055.1	76.087	184	44	0	1	184	150	333	3.23e-102	293
MDA9153016.1	QIZ20549.1	80.833	600	114	1	1	599	19	618	0.0	1007
MDA9153017.1	QIZ20548.1	93.561	264	17	0	1	264	1	264	0.0	504
MDA9153018.1	QIZ20547.1	89.809	314	31	1	1	313	1	314	0.0	571
MDA9153019.1	QIZ20546.1	95.759	448	19	0	1	448	1	448	0.0	887
MDA9153020.1	QIZ20545.1	87.432	366	46	0	1	366	1	366	0.0	625
MDA9153021.1	QIZ21541.1	79.182	807	168	0	1	807	1	807	0.0	1347
MDA9153030.1	QIZ20927.1	74.595	185	46	1	1	184	1	185	1.77e-97	276
MDA9153031.1	QIZ20926.1	80.815	417	80	0	1	417	1	417	0.0	677
MDA9153032.1	QIZ20925.1	67.188	128	42	0	1	128	1	128	7.78e-61	179
MDA9153033.1	QIZ20924.1	81.967	427	77	0	1	427	2	428	0.0	698
MDA9153034.1	QIZ20923.1	84.507	71	11	0	1	71	1	71	1.79e-41	125
MDA9153035.1	QIZ21496.1	67.692	65	21	0	3	67	2	66	1.17e-29	95.9
MDA9153036.1	QIZ20922.1	63.812	467	164	4	1	464	1	465	0.0	580
MDA9153037.1	QIZ20921.1	47.429	350	179	3	1	349	1	346	4.10e-112	326
MDA9153038.1	QIZ20920.1	50.655	229	112	1	1	229	1	228	5.14e-79	233
MDA9153040.1	QIZ20908.1	49.565	230	109	3	1	223	1	230	2.99e-73	218
MDA9153041.1	QIZ20898.1	37.161	479	290	4	4	481	5	473	8.83e-114	339
MDA9153042.1	QIZ20897.1	58.879	107	41	2	1	105	1	106	8.45e-41	126
MDA9153043.1	QIZ20896.1	47.887	426	214	7	1	422	1	422	1.10e-135	391
MDA9153044.1	QIZ20895.1	73.701	308	81	0	1	308	1	308	3.59e-180	495
MDA9153045.1	QIZ21239.1	86.813	182	24	0	1	182	1	182	9.76e-108	324
MDA9153046.1	QIZ21238.1	73.443	305	81	0	2	306	1	305	2.55e-162	450
MDA9153047.1	QIZ21237.1	68.750	272	85	0	1	272	1	272	7.71e-145	403
MDA9153048.1	QIZ21236.1	95.833	96	4	0	1	96	1	96	1.53e-63	183
MDA9153049.1	QIZ21235.1	91.682	529	44	0	1	529	1	529	0.0	978
MDA9153050.1	QIZ21234.1	75.244	614	102	4	1	566	1	612	0.0	840
MDA9153051.1	QIZ21233.1	95.364	604	28	0	1	604	1	604	0.0	1189
MDA9153052.1	QIZ21232.1	65.116	215	75	0	1	215	1	215	6.02e-92	264
MDA9153053.1	QIZ21231.1	80.531	226	44	0	1	226	1	226	1.77e-136	378
MDA9153054.1	QIZ21230.1	70.405	321	95	0	1	321	1	321	1.27e-163	454
MDA9153055.1	QIZ21229.1	71.298	439	125	1	1	438	1	439	0.0	607
MDA9153056.1	QIZ21228.1	83.940	467	75	0	1	467	4	470	0.0	826
MDA9153057.1	QIZ20670.1	77.690	381	85	0	1	381	1	381	0.0	635
MDA9153059.1	QIZ20669.1	88.750	480	54	0	14	493	14	493	0.0	896
MDA9153060.1	QIZ20668.1	68.508	181	57	0	1	181	1	181	1.75e-86	248
MDA9153061.1	QIZ20667.1	81.533	796	145	2	1	796	1	794	0.0	1259
MDA9153062.1	QIZ20666.1	86.653	472	63	0	1	472	1	472	0.0	859
MDA9153063.1	QIZ20665.1	80.263	152	30	0	1	152	1	152	6.50e-79	226
MDA9153064.1	QIZ20664.1	94.286	70	4	0	21	90	1	70	3.02e-45	135
MDA9153065.1	QIZ20663.1	80.769	104	20	0	1	104	1	104	5.08e-62	181
MDA9153066.1	QIZ20662.1	69.481	308	94	0	1	308	1	308	1.48e-152	425
MDA9153067.1	QIZ20661.1	82.041	245	44	0	1	245	3	247	5.58e-148	409
MDA9153068.1	QIZ20660.1	92.405	79	6	0	1	79	1	79	9.21e-47	139
MDA9153069.1	QIZ20659.1	75.598	209	51	0	1	209	1	209	4.18e-122	340
MDA9153070.1	QIZ20658.1	62.835	261	96	1	2	262	3	262	7.09e-118	333
MDA9153071.1	QIZ20657.1	62.176	193	73	0	1	193	127	319	1.79e-81	241
MDA9153072.1	QIZ21538.1	59.200	125	51	0	1	125	1	125	2.29e-46	145
MDA9153074.1	QIZ20215.1	83.448	145	24	0	1	145	1	145	4.77e-90	254
MDA9153075.1	QIZ21536.1	76.106	226	54	0	1	226	1	226	2.82e-134	372
MDA9153076.1	QIZ21533.1	60.194	103	41	0	1	103	1	103	9.14e-41	126
MDA9153077.1	QIZ21532.1	55.399	213	94	1	1	212	1	213	6.19e-77	227
MDA9153078.1	QIZ21531.1	85.795	352	50	0	1	352	1	352	0.0	601
MDA9153079.1	QIZ21530.1	84.230	539	82	1	1	539	1	536	0.0	884
MDA9153081.1	QIZ21527.1	88.496	339	39	0	1	339	1	339	0.0	632
MDA9153082.1	QIZ21523.1	92.881	295	21	0	1	295	1	295	0.0	572
MDA9153083.1	QIZ21522.1	86.486	333	45	0	1	333	1	333	0.0	601
MDA9153084.1	QIZ21521.1	87.065	201	26	0	1	201	1	201	6.96e-137	377
MDA9153085.1	QIZ21520.1	89.032	155	17	0	1	155	1	155	2.00e-106	296
MDA9153086.1	QIZ21519.1	84.677	124	19	0	1	124	1	124	1.46e-77	221
MDA9153087.1	QIZ21516.1	90.270	370	36	0	2	371	170	539	0.0	716
MDA9153089.1	QIZ21495.1	57.430	249	106	0	1	249	1	249	3.76e-109	311
MDA9153090.1	QIZ20553.1	89.720	428	44	0	1	428	1	428	0.0	785
MDA9153091.1	QIZ20552.1	87.459	303	38	0	1	303	1	303	0.0	540
MDA9153092.1	QIZ20551.1	76.053	380	91	0	1	380	1	380	0.0	603
MDA9153093.1	QIZ21440.1	41.806	299	158	4	6	293	8	301	5.45e-80	244
MDA9153096.1	QIZ21344.1	63.475	282	102	1	1	281	1	282	2.94e-122	346
MDA9153097.1	QIZ21518.1	53.774	318	147	0	1	318	1	318	1.81e-120	345
MDA9153100.1	QIZ20550.1	83.553	304	49	1	1	303	30	333	0.0	498
MDA9153101.1	QIZ20263.1	86.784	227	30	0	1	227	1	227	5.07e-146	403
MDA9153102.1	QIZ20262.1	99.020	102	1	0	1	102	1	102	2.31e-71	203
MDA9153103.1	QIZ20261.1	94.075	692	41	0	1	692	1	692	0.0	1357
MDA9153104.1	QIZ20260.1	89.103	156	17	0	1	156	1	156	3.59e-103	288
MDA9153105.1	QIZ20259.1	95.935	123	5	0	1	123	1	123	2.14e-83	235
MDA9153106.1	QIZ20258.1	90.935	1390	124	2	1	1389	1	1389	0.0	2625
MDA9153107.1	QIZ20257.1	92.933	750	53	0	1	750	614	1363	0.0	1432
MDA9153109.1	QIZ20805.1	40.602	399	209	10	192	570	1	391	1.13e-87	273
MDA9153112.1	QIZ21388.1	88.254	315	37	0	1	315	1	315	0.0	595
MDA9153113.1	QIZ20746.1	87.910	885	107	0	1	885	1	885	0.0	1616
MDA9153114.1	QIZ20747.1	71.294	425	122	0	1	425	263	687	0.0	615
MDA9153117.1	QIZ20474.1	95.902	122	5	0	1	122	1	122	1.63e-80	228
MDA9153118.1	QIZ20473.1	90.643	171	16	0	1	171	3	173	2.05e-121	335
MDA9153119.1	QIZ20472.1	83.663	202	32	1	1	201	1	202	1.45e-127	353
MDA9153120.1	QIZ20471.1	93.350	391	26	0	1	391	1	391	0.0	768
MDA9153121.1	QIZ20470.1	86.634	202	27	0	1	202	1	202	2.68e-136	375
MDA9153122.1	QIZ20469.1	90.293	443	43	0	1	443	1	443	0.0	847
MDA9153123.1	QIZ20468.1	88.193	415	49	0	1	415	1	415	0.0	784
MDA9153124.1	QIZ21459.1	58.630	365	151	0	10	374	10	374	2.66e-165	463
MDA9153125.1	QIZ21460.1	82.192	438	78	0	4	441	4	441	0.0	758
MDA9153126.1	QIZ21461.1	75.587	426	104	0	10	435	14	439	0.0	599
MDA9153127.1	QIZ21462.1	68.056	216	68	1	12	226	12	227	5.89e-106	301
MDA9153128.1	QIZ21463.1	71.233	292	84	0	1	292	1	292	1.17e-157	437
MDA9153129.1	QIZ21464.1	85.135	74	11	0	1	74	1	74	1.78e-45	135
MDA9153130.1	QIZ21465.1	94.206	466	27	0	1	466	1	466	0.0	900
MDA9153131.1	QIZ21466.1	93.333	105	7	0	1	105	29	133	1.51e-73	210
MDA9153132.1	QIZ20275.1	87.500	160	20	0	1	160	25	184	5.55e-104	291
MDA9153133.1	QIZ20276.1	89.109	101	11	0	1	101	1	101	3.75e-64	185
MDA9153134.1	QIZ20277.1	87.023	131	17	0	1	131	1	131	2.47e-84	238
MDA9153135.1	QIZ20278.1	84.358	179	28	0	1	179	1	179	1.49e-106	298
MDA9153136.1	QIZ20279.1	78.814	118	25	0	1	118	1	118	1.27e-64	187
MDA9153137.1	QIZ20280.1	87.574	169	21	0	3	171	2	170	6.22e-106	296
MDA9153138.1	QIZ20281.1	83.660	153	22	2	1	150	1	153	5.19e-75	216
MDA9153139.1	QIZ20282.1	92.254	426	33	0	1	426	1	426	0.0	794
MDA9153140.1	QIZ20283.1	69.484	213	65	0	1	213	1	213	1.38e-109	309
MDA9153141.1	QIZ20284.1	94.488	127	7	0	1	127	1	127	7.33e-88	247
MDA9153142.1	QIZ20285.1	87.333	150	18	1	1	149	1	150	4.58e-79	226
MDA9153143.1	QIZ20286.1	92.398	342	26	0	1	342	1	342	0.0	642
MDA9153144.1	QIZ20287.1	88.652	141	14	1	1	141	1	139	1.19e-88	250
MDA9153146.1	QIZ20952.1	87.464	686	85	1	1	686	1	685	0.0	1244
MDA9153147.1	QIZ20951.1	66.197	426	144	0	1	426	1	426	0.0	566
MDA9153148.1	QIZ20950.1	69.103	602	183	3	1	599	1	602	0.0	839
MDA9153149.1	QIZ20949.1	91.975	324	26	0	1	324	1	324	0.0	634
MDA9153150.1	QIZ20948.1	78.286	175	38	0	1	175	1	175	1.61e-106	298
MDA9153151.1	QIZ21467.1	95.701	442	14	1	1	437	1	442	0.0	879
MDA9153152.1	QIZ21468.1	92.958	284	20	0	1	284	1	284	0.0	546
MDA9153153.1	QIZ21469.1	95.860	314	13	0	1	314	1	314	0.0	627
MDA9153154.1	QIZ21470.1	94.070	489	29	0	1	489	1	489	0.0	982
MDA9153155.1	QIZ21471.1	88.235	442	52	0	1	442	1	442	0.0	832
MDA9153156.1	QIZ21472.1	85.714	112	16	0	5	116	4	115	1.68e-68	197
MDA9153157.1	QIZ21473.1	92.019	213	17	0	1	213	563	775	6.88e-142	410
MDA9153158.1	QIZ21179.1	78.593	327	70	0	1	327	1	327	0.0	513
MDA9153159.1	QIZ21180.1	94.048	84	5	0	1	84	1	84	1.46e-53	157
MDA9153160.1	QIZ21181.1	78.358	134	26	1	1	131	1	134	2.24e-76	218
MDA9153161.1	QIZ21182.1	68.619	239	75	0	5	243	1	239	5.16e-125	350
MDA9153162.1	QIZ21183.1	73.604	197	52	0	1	197	1	197	7.83e-108	303
MDA9153163.1	QIZ21184.1	77.027	370	85	0	1	370	1	370	0.0	617
MDA9153164.1	QIZ21185.1	69.722	360	109	0	1	360	1	360	0.0	522
MDA9153165.1	QIZ21186.1	72.819	298	81	0	1	298	1	298	7.15e-156	433
MDA9153166.1	QIZ21187.1	71.970	132	37	0	1	132	117	248	7.56e-60	180
MDA9153167.1	QIZ20933.1	74.506	557	141	1	1	556	1	557	0.0	895
MDA9153168.1	QIZ20934.1	69.792	288	87	0	1	288	1	288	1.76e-145	405
MDA9153169.1	QIZ20935.1	87.783	221	27	0	1	221	1	221	4.79e-147	404
MDA9153170.1	QIZ20936.1	75.000	276	68	1	1	276	1	275	8.56e-159	438
MDA9153171.1	QIZ20937.1	78.125	384	84	0	1	384	1	384	0.0	630
MDA9153172.1	QIZ20939.1	80.906	309	59	0	1	309	1	309	0.0	531
MDA9153173.1	QIZ20940.1	82.895	152	26	0	1	152	1	152	2.67e-94	266
MDA9153174.1	QIZ20616.1	83.333	174	29	0	64	237	65	238	5.31e-99	295
MDA9153175.1	QIZ20583.1	66.071	112	38	0	1	112	1	112	1.91e-51	154
MDA9153176.1	QIZ20584.1	70.492	183	54	0	5	187	4	186	6.38e-98	277
MDA9153177.1	QIZ20585.1	70.611	262	77	0	7	268	7	268	9.05e-145	402
MDA9153181.1	QIZ20544.1	58.580	169	68	1	1	169	1	167	3.56e-70	206
MDA9153182.1	QIZ21540.1	57.447	141	60	0	15	155	7	147	2.28e-62	184
MDA9153183.1	QIZ21539.1	55.118	127	57	0	1	127	6	132	2.89e-39	125
MDA9153184.1	QIZ21187.1	75.000	68	17	0	1	68	1	68	2.16e-30	102
MDA9153185.1	QIZ21188.1	88.646	458	52	0	1	458	1	458	0.0	758
MDA9153186.1	QIZ21189.1	77.963	481	104	1	1	479	1	481	0.0	722
MDA9153187.1	QIZ21190.1	84.434	212	33	0	1	212	6	217	6.12e-131	374
MDA9153188.1	QIZ21190.1	82.704	318	55	0	1	318	208	525	0.0	540
MDA9153189.1	QIZ21191.1	71.758	347	98	0	1	347	1	347	0.0	511
MDA9153190.1	QIZ21192.1	87.629	97	12	0	1	97	1	97	3.00e-49	147
MDA9153191.1	QIZ21193.1	80.488	82	16	0	1	82	1	82	6.10e-43	133
MDA9153193.1	QIZ20419.1	95.376	346	16	0	1	346	1	346	0.0	693
MDA9153194.1	QIZ20418.1	83.990	381	61	0	1	381	1	381	0.0	615
MDA9153195.1	QIZ20417.1	82.394	426	72	1	1	423	1	426	0.0	711
MDA9153196.1	QIZ20416.1	92.917	240	17	0	1	240	5	244	1.47e-168	460
MDA9153198.1	QIZ21401.1	23.933	539	366	15	37	557	23	535	3.46e-28	114
MDA9153199.1	QIZ20606.1	78.288	479	104	0	1	479	1	479	0.0	802
MDA9153201.1	QIZ20752.1	93.333	165	11	0	1	165	1	165	2.04e-106	304
MDA9153202.1	QIZ20751.1	75.962	208	50	0	1	208	1	208	6.02e-120	335
MDA9153203.1	QIZ20750.1	81.009	337	64	0	1	337	1	337	0.0	556
MDA9153204.1	QIZ20749.1	85.075	268	40	0	1	268	1	268	2.70e-156	431
MDA9153205.1	QIZ20748.1	87.031	293	38	0	1	293	1	293	0.0	543
MDA9153207.1	QIZ20760.1	72.963	270	73	0	1	270	1	270	8.57e-142	395
MDA9153208.1	QIZ20759.1	90.698	430	40	0	1	430	1	430	0.0	812
MDA9153209.1	QIZ20758.1	91.468	293	25	0	5	297	1	293	0.0	556
MDA9153210.1	QIZ20757.1	83.099	284	48	0	1	284	40	323	1.10e-171	473
MDA9153211.1	QIZ20252.1	94.488	127	7	0	1	127	50	176	4.15e-86	244
MDA9153212.1	QIZ20253.1	85.106	141	21	0	1	141	1	141	1.82e-86	244
MDA9153213.1	QIZ20254.1	87.773	229	28	0	1	229	1	229	9.95e-148	407
MDA9153214.1	QIZ20255.1	81.325	166	31	0	2	167	1	166	1.80e-97	275
MDA9153215.1	QIZ20256.1	88.430	121	14	0	1	121	1	121	3.20e-61	179
MDA9153216.1	QIZ20257.1	88.515	505	56	2	1	503	1	505	0.0	925
MDA9153218.1	QIZ20676.1	81.988	161	29	0	1	161	1	161	8.24e-87	247
MDA9153221.1	QIZ20582.1	74.194	93	24	0	4	96	19	111	2.31e-37	117
MDA9153224.1	QIZ21314.1	26.720	378	243	14	1	354	3	370	2.84e-40	143
MDA9153225.1	QIZ21085.1	25.459	381	262	9	1	367	301	673	1.25e-28	112
MDA9153226.1	QIZ20468.1	72.289	166	43	2	1	166	517	679	2.55e-77	238
MDA9153227.1	QIZ20467.1	93.976	332	20	0	1	332	1	332	0.0	629
MDA9153228.1	QIZ20466.1	90.062	161	16	0	1	161	1	161	1.34e-110	307
MDA9153229.1	QIZ20465.1	79.524	210	43	0	1	210	1	210	5.50e-124	345
MDA9153230.1	QIZ20464.1	88.350	103	12	0	1	103	1	103	3.30e-51	152
MDA9153231.1	QIZ20463.1	80.000	125	25	0	1	125	1	125	2.29e-66	207
MDA9153232.1	QIZ21475.1	65.986	147	50	0	1	147	1	147	5.67e-66	193
MDA9153233.1	QIZ21474.1	93.631	314	20	0	1	314	1	314	0.0	614
MDA9153234.1	QIZ21473.1	87.879	495	60	0	1	495	1	495	0.0	926
MDA9153235.1	QIZ20628.1	93.069	202	14	0	1	202	205	406	1.53e-143	402
MDA9153236.1	QIZ20627.1	88.889	153	17	0	1	153	1	153	2.61e-101	283
MDA9153237.1	QIZ20626.1	77.778	99	21	1	1	99	1	98	2.23e-52	155
MDA9153238.1	QIZ20625.1	83.636	110	18	0	1	110	1	110	2.51e-69	199
MDA9153240.1	QIZ20624.1	94.471	416	23	0	1	416	53	468	0.0	830
MDA9153241.1	QIZ20377.1	70.447	291	86	0	2	292	3	293	1.69e-140	394
MDA9153242.1	QIZ20378.1	55.682	88	39	0	1	88	1	88	3.04e-24	83.6
MDA9153243.1	QIZ20379.1	69.821	560	169	0	1	560	1	560	0.0	781
MDA9153244.1	QIZ21134.1	31.897	348	233	3	1	345	1	347	3.55e-42	147
MDA9153246.1	QIZ20487.1	30.743	296	151	5	2	295	6	249	2.48e-33	122
MDA9153247.1	QIZ21154.1	88.066	243	29	0	1	243	1	243	2.76e-163	452
MDA9153248.1	QIZ21153.1	68.992	258	80	0	1	258	1	258	3.84e-140	390
MDA9153249.1	QIZ21152.1	78.163	490	107	0	1	490	48	537	0.0	820
MDA9153250.1	QIZ20240.1	77.049	61	14	0	1	61	167	227	1.04e-30	102
MDA9153251.1	QIZ20239.1	86.538	728	98	0	1	728	1	728	0.0	1321
MDA9153252.1	QIZ20238.1	88.158	76	9	0	1	76	1	76	3.23e-47	140
MDA9153253.1	QIZ20237.1	78.947	95	20	0	2	96	1	95	5.18e-57	167
MDA9153257.1	QIZ20802.1	49.038	104	52	1	7	110	203	305	6.16e-29	103
MDA9153258.1	QIZ20541.1	78.135	311	68	0	1	311	1	311	0.0	504
MDA9153259.1	QIZ20540.1	82.353	255	45	0	1	255	1	255	1.84e-154	426
MDA9153260.1	QIZ20218.1	74.590	244	62	0	1	244	137	380	1.74e-136	384
MDA9153261.1	QIZ21150.1	94.863	292	15	0	1	292	77	368	0.0	550
MDA9153262.1	QIZ21151.1	89.159	452	49	0	1	452	1	452	0.0	857
MDA9153263.1	QIZ20826.1	39.844	256	138	6	3	250	26	273	1.52e-41	142
MDA9153265.1	QIZ20800.1	57.798	109	46	0	3	111	125	233	3.32e-41	132
MDA9153266.1	QIZ20617.1	79.012	81	17	0	1	81	1	81	2.77e-48	143
MDA9153267.1	QIZ20614.1	60.963	187	73	0	1	187	1	187	3.79e-79	230
MDA9153268.1	QIZ20613.1	77.076	301	69	0	1	301	1	301	5.72e-177	486
MDA9153269.1	QIZ20612.1	82.090	67	12	0	1	67	83	149	6.38e-38	119
