MDC0353581.1	QIZ20975.1	78.358	134	29	0	1	134	261	394	4.42e-74	221
MDC0353582.1	QIZ20974.1	91.403	1012	87	0	1	1012	1	1012	0.0	1959
MDC0353583.1	QIZ20973.1	71.127	426	115	3	1	421	1	423	0.0	610
MDC0353584.1	QIZ20972.1	76.271	295	70	0	1	295	1	295	1.08e-163	452
MDC0353585.1	QIZ20971.1	65.833	240	81	1	1	239	1	240	2.14e-113	322
MDC0353586.1	QIZ20970.1	86.221	479	66	0	1	479	1	479	0.0	835
MDC0353587.1	QIZ20969.1	80.813	1501	288	0	1	1501	1	1501	0.0	2574
MDC0353588.1	QIZ20967.1	70.325	246	73	0	1	246	1	246	5.60e-118	333
MDC0353589.1	QIZ20966.1	75.521	384	94	0	1	384	1	384	0.0	596
MDC0353590.1	QIZ20965.1	87.774	638	78	0	1	638	1	638	0.0	1185
MDC0353591.1	QIZ20964.1	90.055	181	18	0	1	181	1	181	8.21e-123	340
MDC0353592.1	QIZ20963.1	95.588	68	3	0	1	68	1	68	3.50e-43	129
MDC0353593.1	QIZ20962.1	94.915	118	6	0	1	118	1	118	2.28e-81	229
MDC0353594.1	QIZ20961.1	86.479	355	48	0	1	355	1	355	0.0	644
MDC0353595.1	QIZ20960.1	70.574	802	236	0	1	802	1	802	0.0	1119
MDC0353596.1	QIZ20959.1	90.635	598	56	0	1	598	4	601	0.0	1128
MDC0353597.1	QIZ20958.1	48.472	229	118	0	5	233	7	235	1.52e-76	227
MDC0353599.1	QIZ20952.1	89.067	686	74	1	1	686	1	685	0.0	1254
MDC0353600.1	QIZ20951.1	67.606	426	138	0	1	426	1	426	0.0	579
MDC0353601.1	QIZ20950.1	70.598	602	174	3	1	599	1	602	0.0	848
MDC0353602.1	QIZ20949.1	92.901	324	23	0	1	324	1	324	0.0	638
MDC0353603.1	QIZ20948.1	81.714	175	32	0	1	175	1	175	4.42e-108	302
MDC0353604.1	QIZ20947.1	65.116	86	30	0	1	86	10	95	1.05e-34	110
MDC0353605.1	QIZ20946.1	66.667	366	121	1	1	365	1	366	1.33e-166	466
MDC0353606.1	QIZ20945.1	60.714	168	66	0	1	168	1	168	1.51e-70	206
MDC0353608.1	QIZ20944.1	58.065	589	242	4	1	587	1	586	0.0	634
MDC0353609.1	QIZ20943.1	77.326	172	39	0	1	172	1	172	4.90e-102	286
MDC0353610.1	QIZ20942.1	68.078	307	98	0	1	307	1	307	2.69e-155	432
MDC0353611.1	QIZ20941.1	69.512	246	75	0	1	246	1	246	5.44e-128	358
MDC0353612.1	QIZ20940.1	80.921	152	29	0	1	152	1	152	9.74e-94	265
MDC0353613.1	QIZ20939.1	78.641	309	66	0	1	309	1	309	0.0	517
MDC0353614.1	QIZ21069.1	77.419	62	14	0	1	62	1	62	2.48e-33	104
MDC0353615.1	QIZ20937.1	77.865	384	85	0	1	384	1	384	0.0	631
MDC0353616.1	QIZ20936.1	74.638	276	69	1	1	276	1	275	1.78e-157	435
MDC0353617.1	QIZ20935.1	86.036	222	31	0	1	222	1	222	4.80e-146	402
MDC0353618.1	QIZ20934.1	71.181	288	83	0	1	288	1	288	2.32e-147	410
MDC0353619.1	QIZ20933.1	74.865	557	139	1	1	556	1	557	0.0	898
MDC0353620.1	QIZ20932.1	61.446	83	32	0	1	83	1	83	1.78e-33	106
MDC0353621.1	QIZ20931.1	78.070	114	24	1	1	113	1	114	9.02e-56	165
MDC0353623.1	QIZ20929.1	64.583	240	84	1	1	240	1	239	5.01e-109	310
MDC0353624.1	QIZ20928.1	89.231	65	7	0	1	65	1	65	9.86e-30	95.5
MDC0353625.1	QIZ20927.1	75.135	185	45	1	1	184	1	185	5.13e-98	277
MDC0353626.1	QIZ20926.1	81.055	417	79	0	1	417	1	417	0.0	671
MDC0353627.1	QIZ20925.1	64.844	128	45	0	1	128	1	128	3.04e-57	170
MDC0353628.1	QIZ20924.1	81.967	427	77	0	1	427	2	428	0.0	699
MDC0353629.1	QIZ20923.1	84.507	71	11	0	1	71	1	71	1.79e-41	125
MDC0353630.1	QIZ21496.1	69.231	65	20	0	3	67	2	66	3.05e-31	99.8
MDC0353631.1	QIZ20922.1	62.457	293	108	2	1	291	1	293	3.19e-121	351
MDC0353634.1	QIZ20702.1	69.293	368	113	0	1	368	1	368	0.0	520
MDC0353635.1	QIZ20701.1	83.333	126	21	0	1	126	1	126	9.23e-79	224
MDC0353636.1	QIZ20700.1	93.172	952	65	0	1	952	1	952	0.0	1821
MDC0353637.1	QIZ20699.1	69.398	415	126	1	1	415	1	414	0.0	592
MDC0353639.1	QIZ20698.1	75.000	392	98	0	1	392	1	392	0.0	600
MDC0353640.1	QIZ20697.1	65.934	182	62	0	1	182	1	182	5.67e-85	244
MDC0353641.1	QIZ20696.1	89.723	253	26	0	1	253	1	253	5.57e-174	475
MDC0353642.1	QIZ20695.1	78.710	155	33	0	1	155	1	155	1.45e-69	203
MDC0353643.1	QIZ20694.1	94.823	367	19	0	1	367	1	367	0.0	709
MDC0353645.1	QIZ20693.1	64.045	178	55	1	1	169	1	178	2.94e-77	224
MDC0353647.1	QIZ20692.1	65.833	480	162	1	4	481	12	491	0.0	669
MDC0353648.1	QIZ20691.1	90.347	922	89	0	1	922	1	922	0.0	1777
MDC0353649.1	QIZ20690.1	85.145	552	81	1	1	551	1	552	0.0	960
MDC0353650.1	QIZ20689.1	64.855	276	97	0	1	276	1	276	1.09e-133	375
MDC0353651.1	QIZ20687.1	60.897	156	61	0	1	156	1	156	2.15e-58	175
MDC0353652.1	QIZ20686.1	61.765	136	48	1	1	132	1	136	7.74e-56	166
MDC0353653.1	QIZ20685.1	59.901	202	80	1	1	201	1	202	1.31e-79	232
MDC0353654.1	QIZ20684.1	63.923	413	146	1	1	413	1	410	1.90e-179	502
MDC0353655.1	QIZ20683.1	78.073	301	66	0	1	301	1	301	8.16e-167	461
MDC0353656.1	QIZ20682.1	88.642	405	46	0	1	405	1	405	0.0	758
MDC0353657.1	QIZ20681.1	94.054	370	22	0	1	370	1	370	0.0	739
MDC0353658.1	QIZ20680.1	79.539	347	71	0	1	347	1	347	0.0	595
MDC0353659.1	QIZ20679.1	85.333	75	11	0	1	75	1	75	1.68e-45	136
MDC0353660.1	QIZ21518.1	55.172	319	141	1	1	319	1	317	1.13e-123	353
MDC0353661.1	QIZ20203.1	38.061	423	252	3	17	432	17	436	8.05e-92	280
MDC0353667.1	QIZ20675.1	64.706	68	24	0	1	68	1	68	2.72e-25	84.7
MDC0353669.1	QIZ20673.1	79.302	430	88	1	1	429	1	430	0.0	679
MDC0353670.1	QIZ20672.1	69.580	286	87	0	1	286	1	286	4.10e-153	425
MDC0353671.1	QIZ20671.1	73.139	309	82	1	1	308	1	309	4.91e-168	464
MDC0353672.1	QIZ20670.1	76.798	431	100	0	1	431	1	431	0.0	703
MDC0353674.1	QIZ20669.1	88.542	480	55	0	14	493	14	493	0.0	892
MDC0353675.1	QIZ20668.1	67.403	181	59	0	1	181	1	181	2.77e-86	247
MDC0353676.1	QIZ20667.1	80.653	796	152	2	1	796	1	794	0.0	1242
MDC0353677.1	QIZ20666.1	82.839	472	81	0	1	472	1	472	0.0	827
MDC0353678.1	QIZ20665.1	80.921	152	29	0	1	152	1	152	4.99e-78	224
MDC0353679.1	QIZ20664.1	94.286	70	4	0	21	90	1	70	1.12e-44	134
MDC0353680.1	QIZ21418.1	93.766	385	24	0	1	385	29	413	0.0	754
MDC0353681.1	QIZ21419.1	97.643	297	7	0	1	297	1	297	0.0	585
MDC0353682.1	QIZ21420.1	94.571	350	19	0	1	350	1	350	0.0	664
MDC0353683.1	QIZ21421.1	94.715	246	13	0	1	246	1	246	2.78e-175	478
MDC0353684.1	QIZ21422.1	94.636	261	14	0	1	261	1	261	0.0	503
MDC0353685.1	QIZ21423.1	94.444	234	13	0	1	234	1	234	3.82e-165	451
MDC0353686.1	QIZ21424.1	91.589	107	9	0	1	107	1	107	1.00e-65	189
MDC0353687.1	QIZ21425.1	89.439	303	32	0	1	303	1	303	0.0	555
MDC0353689.1	QIZ21426.1	92.803	264	19	0	1	264	1	264	0.0	498
MDC0353690.1	QIZ21427.1	92.340	235	18	0	1	235	1	235	1.14e-154	424
MDC0353691.1	QIZ21428.1	96.131	336	13	0	1	336	1	336	0.0	647
MDC0353692.1	QIZ21429.1	90.068	443	44	0	14	456	1	443	0.0	781
MDC0353693.1	QIZ21430.1	93.023	387	27	0	1	387	1	387	0.0	700
MDC0353694.1	QIZ21431.1	81.746	252	46	0	1	252	1	252	6.09e-142	394
MDC0353695.1	QIZ21432.1	82.323	396	67	2	14	408	4	397	0.0	617
MDC0353696.1	QIZ21433.1	47.018	285	151	0	1	285	1	285	1.98e-92	271
MDC0353697.1	QIZ21434.1	76.220	492	117	0	1	492	1	492	0.0	808
MDC0353698.1	QIZ21435.1	51.681	238	112	2	22	256	21	258	4.59e-85	250
MDC0353699.1	QIZ21436.1	90.769	195	18	0	1	195	1	195	1.30e-133	368
MDC0353701.1	QIZ20511.1	28.447	573	381	10	12	562	8	573	4.80e-71	234
MDC0353702.1	QIZ21437.1	75.321	389	95	1	1	389	1	388	0.0	641
MDC0353704.1	QIZ20216.1	47.950	317	164	1	4	319	1	317	6.86e-105	305
MDC0353705.1	QIZ21447.1	29.393	313	201	8	15	323	21	317	1.85e-43	147
MDC0353706.1	QIZ20495.1	43.074	527	297	3	3	526	4	530	2.46e-145	424
MDC0353711.1	QIZ20739.1	44.105	229	128	0	2	230	25	253	1.95e-73	219
MDC0353720.1	QIZ21483.1	34.054	370	200	12	37	387	34	378	1.52e-55	183
MDC0353725.1	QIZ20704.1	28.387	310	199	8	3	306	7	299	1.18e-22	92.8
MDC0353726.1	QIZ20642.1	45.618	445	236	4	2	446	3	441	2.23e-125	379
MDC0353727.1	QIZ20706.1	33.051	236	156	2	4	237	13	248	4.31e-45	147
MDC0353730.1	QIZ21268.1	63.973	297	106	1	1	296	24	320	1.65e-136	385
MDC0353731.1	QIZ21267.1	70.922	141	41	0	1	141	1	141	8.50e-71	205
MDC0353732.1	QIZ21266.1	73.292	161	43	0	1	161	1	161	8.35e-91	257
MDC0353733.1	QIZ21265.1	70.153	459	136	1	1	459	1	458	0.0	669
MDC0353734.1	QIZ20457.1	56.790	81	35	0	1	81	1	81	2.94e-24	82.8
MDC0353735.1	QIZ21260.1	71.287	303	83	1	1	299	1	303	4.21e-159	441
MDC0353739.1	QIZ21259.1	40.037	547	302	8	38	577	4	531	4.20e-125	375
MDC0353740.1	QIZ21258.1	24.891	229	156	3	48	272	54	270	8.72e-21	85.1
MDC0353744.1	QIZ21264.1	64.975	197	69	0	21	217	21	217	3.71e-93	268
MDC0353745.1	QIZ21263.1	78.707	263	55	1	1	263	1	262	7.22e-150	415
MDC0353746.1	QIZ21262.1	77.966	177	39	0	2	178	1	177	2.28e-106	298
MDC0353747.1	QIZ21259.1	94.107	543	32	0	1	543	1	543	0.0	996
MDC0353748.1	QIZ21258.1	81.181	271	51	0	1	271	1	271	1.60e-159	440
MDC0353749.1	QIZ21257.1	82.833	233	40	0	1	233	1	233	4.97e-141	390
MDC0353750.1	QIZ21256.1	84.545	220	34	0	1	220	1	220	2.75e-130	362
MDC0353752.1	QIZ21255.1	82.353	119	21	0	1	119	1	119	2.86e-71	204
MDC0353753.1	QIZ21254.1	87.179	78	10	0	1	78	1	78	1.56e-50	149
MDC0353755.1	QIZ21253.1	83.513	279	45	1	1	278	1	279	9.63e-175	479
MDC0353756.1	QIZ21252.1	55.556	324	144	0	1	324	1	324	1.35e-128	366
MDC0353757.1	QIZ21251.1	84.328	134	21	0	1	134	1	134	2.19e-86	244
MDC0353758.1	QIZ21250.1	73.427	286	76	0	1	286	1	286	4.94e-151	420
MDC0353759.1	QIZ21249.1	70.761	578	169	0	1	578	1	578	0.0	845
MDC0353760.1	QIZ21248.1	57.857	420	173	1	1	416	1	420	4.90e-154	438
MDC0353761.1	QIZ21247.1	59.736	303	122	0	1	303	1	303	1.48e-128	365
MDC0353762.1	QIZ21246.1	62.587	286	107	0	1	286	1	286	1.94e-129	365
MDC0353763.1	QIZ21245.1	76.667	60	14	0	1	60	1	60	1.04e-30	97.8
MDC0353764.1	QIZ21244.1	66.033	421	143	0	1	421	1	421	0.0	582
MDC0353765.1	QIZ21243.1	62.295	183	69	0	1	183	1	183	5.80e-73	214
MDC0353766.1	QIZ21242.1	64.110	326	116	1	61	385	54	379	2.20e-141	403
MDC0353768.1	QIZ21240.1	47.468	158	83	0	8	165	7	164	7.88e-43	136
MDC0353769.1	QIZ21239.1	82.320	905	160	0	1	905	1	905	0.0	1546
MDC0353770.1	QIZ21238.1	73.770	305	80	0	2	306	1	305	4.74e-166	459
MDC0353771.1	QIZ21237.1	71.324	272	78	0	1	272	1	272	2.00e-149	414
MDC0353772.1	QIZ21236.1	95.833	96	4	0	1	96	1	96	1.53e-63	183
MDC0353773.1	QIZ21235.1	89.225	529	57	0	1	529	1	529	0.0	950
MDC0353774.1	QIZ21069.1	74.603	63	16	0	1	63	1	63	5.98e-32	101
MDC0353776.1	QIZ21234.1	80.424	613	106	1	1	599	1	613	0.0	915
MDC0353777.1	QIZ21233.1	95.364	604	28	0	1	604	1	604	0.0	1188
MDC0353778.1	QIZ21232.1	79.070	215	45	0	1	215	1	215	1.65e-121	339
MDC0353779.1	QIZ21231.1	80.088	226	45	0	1	226	1	226	1.63e-134	373
MDC0353780.1	QIZ21229.1	69.248	439	134	1	1	438	1	439	0.0	598
MDC0353781.1	QIZ21228.1	83.830	470	76	0	1	470	1	470	0.0	824
MDC0353782.1	QIZ21226.1	79.646	113	23	0	1	113	1	113	6.05e-65	188
MDC0353783.1	QIZ21526.1	57.692	78	33	0	16	93	16	93	1.84e-30	99.8
MDC0353785.1	QIZ20475.1	88.527	584	67	0	1	584	2	585	0.0	1035
MDC0353786.1	QIZ20476.1	93.839	422	26	0	1	422	1	422	0.0	819
MDC0353787.1	QIZ20477.1	87.685	203	25	0	1	203	1	203	3.77e-135	372
MDC0353788.1	QIZ20478.1	73.306	487	119	3	1	477	1	486	0.0	685
MDC0353789.1	QIZ20479.1	75.000	80	20	0	1	80	1	80	1.78e-42	129
MDC0353794.1	QIZ20481.1	69.683	221	67	0	1	221	1	221	4.94e-113	318
MDC0353795.1	QIZ20482.1	70.000	140	42	0	1	140	1	140	1.82e-73	211
MDC0353797.1	QIZ20483.1	65.854	205	66	2	12	215	13	214	6.97e-96	274
MDC0353798.1	QIZ20484.1	80.242	248	49	0	1	248	1	248	2.00e-150	415
MDC0353799.1	QIZ20485.1	63.711	485	176	0	1	485	1	485	0.0	606
MDC0353800.1	QIZ20487.1	77.449	439	99	0	4	442	2	440	0.0	658
MDC0353801.1	QIZ20488.1	55.825	206	77	2	16	208	15	219	7.09e-67	201
MDC0353802.1	QIZ20489.1	61.370	365	139	1	1	365	1	363	1.35e-166	465
MDC0353803.1	QIZ20495.1	83.239	531	89	0	1	531	1	531	0.0	954
MDC0353804.1	QIZ20496.1	91.327	196	17	0	1	196	1	196	8.25e-115	320
MDC0353805.1	QIZ20497.1	88.095	252	30	0	1	252	1	252	1.91e-155	428
MDC0353806.1	QIZ20498.1	60.300	267	101	2	1	266	1	263	3.76e-105	302
MDC0353807.1	QIZ20247.1	83.459	133	22	0	1	133	1	133	3.80e-79	225
MDC0353808.1	QIZ20246.1	81.928	249	45	0	1	249	1	249	3.99e-152	419
MDC0353809.1	QIZ20245.1	77.982	218	48	0	1	218	1	218	6.52e-126	352
MDC0353810.1	QIZ20244.1	85.938	256	36	0	1	256	1	256	9.54e-173	472
MDC0353811.1	QIZ20243.1	89.767	430	44	0	1	430	1	430	0.0	818
MDC0353812.1	QIZ20242.1	90.000	260	26	0	1	260	1	260	6.98e-176	480
MDC0353813.1	QIZ20241.1	83.750	80	13	0	1	80	1	80	1.17e-45	137
MDC0353814.1	QIZ20240.1	82.819	227	39	0	1	227	1	227	3.80e-144	397
MDC0353815.1	QIZ20239.1	86.401	728	99	0	1	728	1	728	0.0	1321
MDC0353816.1	QIZ20238.1	88.158	76	9	0	1	76	1	76	1.36e-47	141
MDC0353817.1	QIZ20237.1	81.651	109	20	0	1	109	1	109	2.72e-66	191
MDC0353818.1	QIZ20236.1	88.780	205	23	0	1	205	1	205	1.62e-141	389
MDC0353819.1	QIZ20235.1	77.119	236	54	0	1	236	1	236	7.53e-133	370
MDC0353820.1	QIZ20234.1	82.364	533	94	0	1	533	1	533	0.0	930
MDC0353821.1	QIZ20233.1	77.042	453	100	2	1	449	1	453	0.0	719
MDC0353822.1	QIZ20232.1	83.265	245	41	0	1	245	1	245	1.56e-156	430
MDC0353823.1	QIZ20231.1	89.760	459	47	0	1	459	1	459	0.0	867
MDC0353824.1	QIZ20230.1	82.343	606	107	0	1	606	1	606	0.0	1051
MDC0353825.1	QIZ20229.1	81.951	205	37	0	1	205	1	205	1.47e-117	328
MDC0353826.1	QIZ20228.1	80.617	227	44	0	1	227	1	227	3.00e-143	395
MDC0353827.1	QIZ20227.1	87.800	500	61	0	1	500	1	500	0.0	923
MDC0353828.1	QIZ20226.1	93.289	298	20	0	1	298	1	298	0.0	581
MDC0353829.1	QIZ20225.1	85.561	374	54	0	1	374	1	374	0.0	672
MDC0353830.1	QIZ20224.1	71.981	207	57	1	1	207	1	206	2.01e-105	298
MDC0353832.1	QIZ20222.1	88.657	335	36	1	3	337	10	342	0.0	632
MDC0353833.1	QIZ20221.1	89.457	645	68	0	1	645	1	645	0.0	1220
MDC0353834.1	QIZ20220.1	88.843	484	54	0	1	484	1	484	0.0	879
MDC0353835.1	QIZ20219.1	52.222	90	43	0	1	90	1	90	6.37e-35	110
MDC0353837.1	QIZ21150.1	93.629	361	23	0	1	361	8	368	0.0	674
MDC0353838.1	QIZ21151.1	83.305	587	98	0	1	587	1	587	0.0	1039
MDC0353839.1	QIZ21152.1	77.281	537	122	0	1	537	1	537	0.0	899
MDC0353840.1	QIZ21153.1	69.380	258	79	0	1	258	1	258	8.93e-140	389
MDC0353841.1	QIZ21154.1	83.740	369	60	0	1	369	1	369	0.0	642
MDC0353842.1	QIZ21155.1	75.529	331	81	0	1	331	1	331	0.0	527
MDC0353843.1	QIZ21156.1	70.866	127	37	0	1	127	1	127	3.14e-63	184
MDC0353844.1	QIZ21157.1	61.111	108	42	0	1	108	1	108	6.59e-40	124
MDC0353845.1	QIZ21158.1	91.032	591	52	1	1	591	1	590	0.0	1139
MDC0353846.1	QIZ21159.1	86.580	231	31	0	1	231	27	257	1.73e-156	430
MDC0353847.1	QIZ21160.1	93.561	497	32	0	1	497	1	497	0.0	971
MDC0353848.1	QIZ21161.1	94.375	320	18	0	1	320	1	320	0.0	611
MDC0353849.1	QIZ21162.1	88.601	386	44	0	1	386	1	386	0.0	699
MDC0353850.1	QIZ21163.1	91.409	291	25	0	1	291	1	291	0.0	508
MDC0353851.1	QIZ21164.1	82.766	969	166	1	1	969	1	968	0.0	1696
MDC0353852.1	QIZ21165.1	80.233	430	78	2	1	428	1	425	0.0	693
MDC0353853.1	QIZ21166.1	84.335	466	73	0	1	466	1	466	0.0	810
MDC0353858.1	QIZ21167.1	80.338	651	128	0	1	651	1	651	0.0	1095
MDC0353859.1	QIZ21168.1	75.135	185	46	0	1	185	1	185	2.94e-96	273
MDC0353860.1	QIZ21169.1	93.542	511	33	0	1	511	1	511	0.0	985
MDC0353861.1	QIZ21170.1	89.347	291	31	0	1	291	1	291	0.0	537
MDC0353862.1	QIZ21171.1	97.881	472	10	0	1	472	1	472	0.0	937
MDC0353863.1	QIZ21172.1	81.538	130	23	1	1	129	1	130	1.25e-71	206
MDC0353864.1	QIZ21173.1	74.684	158	40	0	1	158	1	158	6.76e-88	249
MDC0353865.1	QIZ21174.1	81.593	364	61	1	16	379	22	379	0.0	607
MDC0353866.1	QIZ21175.1	81.897	116	21	0	1	116	1	116	2.67e-67	194
MDC0353867.1	QIZ21176.1	65.882	170	58	0	3	172	11	180	2.53e-76	221
MDC0353868.1	QIZ21177.1	78.554	415	89	0	1	415	1	415	0.0	647
MDC0353869.1	QIZ21178.1	75.000	368	92	0	1	368	1	368	0.0	563
MDC0353870.1	QIZ21179.1	77.676	327	73	0	1	327	1	327	0.0	511
MDC0353871.1	QIZ21180.1	95.238	84	4	0	1	84	1	84	4.89e-54	158
MDC0353872.1	QIZ21181.1	78.832	137	26	1	1	137	1	134	2.17e-78	224
MDC0353873.1	QIZ21182.1	67.782	239	76	1	1	238	1	239	1.98e-122	343
MDC0353874.1	QIZ21183.1	74.112	197	51	0	1	197	1	197	1.36e-108	305
MDC0353875.1	QIZ21184.1	77.419	372	84	0	1	372	1	372	0.0	620
MDC0353876.1	QIZ21185.1	69.322	339	104	0	1	339	1	339	2.11e-178	494
MDC0353878.1	QIZ21034.1	82.879	257	44	0	1	257	1	257	9.72e-159	437
MDC0353880.1	QIZ21033.1	87.766	376	43	2	1	376	1	373	0.0	657
MDC0353881.1	QIZ21032.1	93.312	628	42	0	1	628	1	628	0.0	1186
MDC0353882.1	QIZ21031.1	72.558	215	51	3	1	214	1	208	1.45e-102	291
MDC0353883.1	QIZ21030.1	62.755	196	73	0	3	198	5	200	3.43e-82	238
MDC0353884.1	QIZ21029.1	61.458	384	147	1	1	384	1	383	7.17e-164	460
MDC0353885.1	QIZ21028.1	65.385	286	99	0	1	286	1	286	2.24e-126	357
MDC0353886.1	QIZ21027.1	76.142	197	47	0	1	197	1	197	3.53e-109	306
MDC0353887.1	QIZ21026.1	83.841	328	53	0	1	328	434	761	0.0	559
MDC0353888.1	QIZ21025.1	72.888	509	137	1	1	509	1	508	0.0	719
MDC0353889.1	QIZ21024.1	79.279	333	69	0	1	333	1	333	0.0	549
MDC0353890.1	QIZ21023.1	77.222	180	40	1	1	179	1	180	2.42e-101	285
MDC0353892.1	QIZ21022.1	64.024	328	117	1	11	338	6	332	7.93e-154	431
MDC0353893.1	QIZ21021.1	58.594	128	53	0	1	128	1	128	2.20e-50	152
MDC0353894.1	QIZ21020.1	90.441	136	13	0	1	136	1	136	2.16e-89	251
MDC0353895.1	QIZ21019.1	74.439	446	110	1	1	442	10	455	0.0	675
MDC0353896.1	QIZ21018.1	88.923	325	36	0	7	331	7	331	0.0	598
MDC0353897.1	QIZ21017.1	58.170	153	64	0	1	153	1	153	4.64e-53	161
MDC0353898.1	QIZ21016.1	59.476	496	201	0	3	498	22	517	0.0	547
MDC0353899.1	QIZ21015.1	88.432	389	45	0	1	389	1	389	0.0	705
MDC0353900.1	QIZ21014.1	90.189	530	52	0	1	530	1	530	0.0	950
MDC0353901.1	QIZ21013.1	81.275	737	132	3	3	737	4	736	0.0	1191
MDC0353902.1	QIZ21012.1	83.607	122	20	0	1	122	1	122	1.80e-73	210
MDC0353903.1	QIZ21011.1	85.366	82	12	0	1	82	1	82	5.72e-46	137
MDC0353904.1	QIZ21010.1	96.667	690	23	0	1	690	1	690	0.0	1359
MDC0353906.1	QIZ21008.1	95.019	261	13	0	1	261	1	261	0.0	515
MDC0353907.1	QIZ21007.1	88.586	403	46	0	1	403	1	403	0.0	752
MDC0353908.1	QIZ21006.1	90.361	166	16	0	1	166	1	166	8.76e-113	313
MDC0353909.1	QIZ21005.1	76.296	135	32	0	7	141	7	141	1.32e-74	214
MDC0353910.1	QIZ21004.1	95.620	137	6	0	1	137	1	137	1.86e-96	270
MDC0353911.1	QIZ21003.1	87.810	443	54	0	1	443	1	443	0.0	824
MDC0353912.1	QIZ21002.1	73.469	196	52	0	1	196	1	196	4.50e-111	311
MDC0353913.1	QIZ21001.1	67.133	143	47	0	4	146	6	148	9.47e-73	210
MDC0353914.1	QIZ21000.1	74.038	104	27	0	1	104	147	250	2.27e-52	160
MDC0353915.1	QIZ21506.1	31.928	332	201	8	4	312	64	393	9.39e-52	171
MDC0353918.1	QIZ21460.1	30.065	459	285	11	25	470	4	439	5.61e-54	182
MDC0353919.1	QIZ21184.1	25.588	340	215	10	12	320	16	348	9.44e-25	99.0
MDC0353921.1	QIZ20592.1	33.730	252	153	6	6	256	5	243	2.49e-39	133
MDC0353922.1	QIZ20556.1	43.620	337	186	2	2	334	3	339	6.65e-100	295
MDC0353923.1	QIZ20555.1	41.825	263	149	3	59	321	238	496	1.65e-58	192
MDC0353928.1	QIZ21448.1	62.185	476	179	1	1	475	1	476	0.0	594
MDC0353929.1	QIZ20490.1	27.574	272	184	3	3	264	5	273	1.57e-28	107
MDC0353930.1	QIZ21438.1	64.730	241	85	0	5	245	5	245	1.04e-118	335
MDC0353931.1	QIZ21439.1	82.474	388	68	0	10	397	1	388	0.0	684
MDC0353932.1	QIZ21440.1	87.744	359	44	0	3	361	4	362	0.0	665
MDC0353933.1	QIZ21441.1	93.906	361	22	0	13	373	13	373	0.0	708
MDC0353934.1	QIZ21442.1	86.506	415	56	0	1	415	1	415	0.0	746
MDC0353935.1	QIZ21443.1	93.310	284	19	0	1	284	1	284	0.0	509
MDC0353936.1	QIZ21444.1	87.568	740	92	0	1	740	1	740	0.0	1328
MDC0353937.1	QIZ21445.1	68.396	212	67	0	1	212	1	212	1.95e-108	306
MDC0353938.1	QIZ21446.1	63.436	227	78	1	19	240	19	245	3.97e-101	290
MDC0353939.1	QIZ21447.1	97.492	319	8	0	1	319	1	319	0.0	649
MDC0353940.1	QIZ21448.1	96.444	478	17	0	1	478	1	478	0.0	957
MDC0353941.1	QIZ21449.1	91.162	396	35	0	1	396	1	396	0.0	753
MDC0353942.1	QIZ21450.1	88.496	113	13	0	1	113	1	113	1.38e-74	212
MDC0353943.1	QIZ21451.1	54.872	195	88	0	1	195	1	195	9.48e-71	209
MDC0353944.1	QIZ21452.1	88.301	889	104	0	1	889	1	889	0.0	1638
MDC0353945.1	QIZ21453.1	51.648	182	88	0	1	182	1	182	2.51e-52	162
MDC0353946.1	QIZ21224.1	84.848	396	60	0	1	396	1	396	0.0	717
MDC0353947.1	QIZ21223.1	70.068	294	88	0	1	294	1	294	1.24e-157	437
MDC0353948.1	QIZ21222.1	60.912	307	120	0	1	307	1	307	3.73e-128	363
MDC0353949.1	QIZ21221.1	66.467	167	55	1	1	166	1	167	1.19e-70	206
MDC0353950.1	QIZ21220.1	80.608	691	134	0	1	691	1	691	0.0	1164
MDC0353953.1	QIZ21219.1	73.529	102	25	2	1	101	1	101	3.27e-50	150
MDC0353954.1	QIZ21218.1	75.688	436	99	1	1	429	1	436	0.0	676
MDC0353955.1	QIZ21217.1	60.920	174	66	2	1	173	6	178	1.46e-78	227
MDC0353968.1	QIZ21216.1	62.887	97	36	0	3	99	2	98	3.63e-45	137
MDC0353969.1	QIZ21215.1	86.730	211	28	0	1	211	1	211	1.91e-138	382
MDC0353970.1	QIZ21214.1	71.429	294	83	1	1	293	1	294	3.04e-151	421
MDC0353971.1	QIZ21213.1	79.592	147	30	0	1	147	1	147	9.67e-90	253
MDC0353972.1	QIZ21212.1	69.888	269	81	0	1	269	1	269	1.75e-141	394
MDC0353973.1	QIZ21211.1	61.462	301	116	0	1	301	1	301	4.43e-133	377
MDC0353974.1	QIZ21210.1	80.077	1039	207	0	1	1039	1	1039	0.0	1652
MDC0353975.1	QIZ21209.1	75.127	197	47	1	5	199	3	199	2.59e-114	320
MDC0353976.1	QIZ21207.1	70.588	238	69	1	1	237	1	238	6.92e-127	355
MDC0353977.1	QIZ21206.1	57.965	226	95	0	1	226	1	226	4.84e-91	263
MDC0353978.1	QIZ21205.1	59.890	182	71	2	1	181	135	315	1.06e-64	197
MDC0353979.1	QIZ21387.1	89.120	432	47	0	1	432	1	432	0.0	775
MDC0353981.1	QIZ20745.1	77.617	277	62	0	1	277	1	277	2.50e-156	432
MDC0353982.1	QIZ20744.1	89.362	329	35	0	1	329	1	329	0.0	620
MDC0353983.1	QIZ20743.1	72.789	294	80	0	1	294	1	294	1.27e-160	445
MDC0353984.1	QIZ20742.1	85.945	434	61	0	1	434	1	434	0.0	792
MDC0353985.1	QIZ20742.1	28.477	453	293	15	1	450	1	425	8.40e-38	139
MDC0353991.1	QIZ20182.1	29.146	199	132	1	15	204	11	209	5.97e-25	94.0
MDC0353993.1	QIZ20416.1	44.215	242	134	1	2	243	4	244	2.38e-74	222
MDC0353996.1	QIZ20741.1	74.074	108	28	0	1	108	1	108	1.02e-56	167
MDC0353997.1	QIZ20740.1	90.159	630	62	0	1	630	1	630	0.0	1185
MDC0353998.1	QIZ20739.1	83.794	253	41	0	1	253	1	253	4.45e-156	430
MDC0354000.1	QIZ20738.1	79.245	106	22	0	1	106	1	106	2.81e-62	181
MDC0354001.1	QIZ20737.1	72.485	338	93	0	1	338	1	338	0.0	513
MDC0354002.1	QIZ20736.1	73.786	206	54	0	1	206	1	206	2.12e-118	331
MDC0354004.1	QIZ20734.1	73.333	150	40	0	24	173	31	180	2.26e-83	239
MDC0354006.1	QIZ20733.1	54.828	290	131	0	1	290	1	290	5.77e-108	311
MDC0354010.1	QIZ20884.1	70.260	269	79	1	13	280	13	281	5.15e-135	380
MDC0354011.1	QIZ20883.1	84.236	203	32	0	1	203	1	203	1.39e-129	358
MDC0354012.1	QIZ20882.1	75.710	317	77	0	1	317	1	317	0.0	513
MDC0354013.1	QIZ20881.1	77.711	166	35	1	1	164	1	166	1.93e-94	266
MDC0354014.1	QIZ20879.1	80.779	385	74	0	1	385	1	385	0.0	616
MDC0354015.1	QIZ20878.1	77.994	309	68	0	1	309	1	309	1.50e-179	494
MDC0354016.1	QIZ20877.1	72.067	179	50	0	1	179	11	189	1.19e-95	271
MDC0354017.1	QIZ20876.1	67.078	243	78	1	2	242	3	245	8.24e-107	304
MDC0354018.1	QIZ20875.1	78.182	275	60	0	1	275	1	275	7.62e-167	459
MDC0354019.1	QIZ20874.1	71.735	559	146	3	1	549	1	557	0.0	781
MDC0354020.1	QIZ20873.1	80.952	105	20	0	1	105	1	105	4.36e-57	167
MDC0354021.1	QIZ20872.1	86.207	203	28	0	1	203	1	203	9.60e-132	364
MDC0354022.1	QIZ20871.1	62.398	734	257	6	4	726	5	730	0.0	944
MDC0354023.1	QIZ20870.1	81.579	342	63	0	1	342	1	342	0.0	578
MDC0354024.1	QIZ20869.1	77.948	848	187	0	1	848	1	848	0.0	1343
MDC0354025.1	QIZ20868.1	69.515	433	132	0	1	433	1	433	0.0	618
MDC0354026.1	QIZ20867.1	59.028	144	56	2	1	142	1	143	7.77e-48	147
MDC0354027.1	QIZ20866.1	72.083	240	67	0	1	240	1	240	3.01e-127	355
MDC0354028.1	QIZ20865.1	75.434	403	99	0	1	403	1	403	0.0	628
MDC0354029.1	QIZ20864.1	87.671	365	45	0	1	365	1	365	0.0	664
MDC0354030.1	QIZ20863.1	82.584	356	62	0	1	356	1	356	0.0	580
MDC0354031.1	QIZ20862.1	60.714	280	110	0	1	280	1	280	1.17e-119	340
MDC0354032.1	QIZ20861.1	56.944	144	41	4	1	139	1	128	4.75e-40	128
MDC0354034.1	QIZ20208.1	72.093	129	36	0	3	131	4	132	1.04e-63	186
MDC0354035.1	QIZ21152.1	27.088	443	279	12	96	504	107	539	7.27e-41	150
MDC0354038.1	QIZ20504.1	29.474	285	190	6	9	292	6	280	1.36e-27	105
MDC0354040.1	QIZ20503.1	44.351	478	259	5	22	493	23	499	7.66e-125	369
MDC0354041.1	QIZ20205.1	47.710	262	136	1	1	261	16	277	1.16e-57	181
MDC0354042.1	QIZ20204.1	58.125	320	134	0	1	320	1	320	8.78e-145	407
MDC0354043.1	QIZ20199.1	76.970	165	38	0	1	165	1	165	1.80e-90	258
MDC0354044.1	QIZ20198.1	71.429	399	113	1	1	398	1	399	0.0	523
MDC0354045.1	QIZ20197.1	71.626	289	82	0	1	289	1	289	6.41e-163	450
MDC0354046.1	QIZ20196.1	84.103	195	31	0	7	201	5	199	9.91e-129	356
MDC0354048.1	QIZ20192.1	79.641	167	34	0	1	167	1	167	7.28e-99	278
MDC0354049.1	QIZ20191.1	69.061	181	56	0	1	181	1	181	2.46e-99	280
MDC0354050.1	QIZ20190.1	80.833	360	69	0	1	360	1	360	0.0	608
MDC0354051.1	QIZ21214.1	36.154	260	163	3	29	286	29	287	6.23e-40	137
MDC0354052.1	QIZ20189.1	94.589	499	27	0	1	499	1	499	0.0	921
MDC0354053.1	QIZ20188.1	88.462	156	18	0	1	156	1	156	4.81e-99	277
MDC0354054.1	QIZ20187.1	89.877	326	33	0	1	326	1	326	0.0	573
MDC0354055.1	QIZ20185.1	88.669	353	38	1	8	360	7	357	0.0	554
MDC0354056.1	QIZ20184.1	68.932	309	96	0	1	309	1	309	7.00e-158	439
MDC0354057.1	QIZ20183.1	86.822	129	17	0	1	129	1	129	1.42e-76	218
MDC0354058.1	QIZ20500.1	85.117	383	57	0	1	383	1	383	0.0	706
MDC0354059.1	QIZ21204.1	50.667	150	73	1	1	150	1	149	2.52e-47	146
MDC0354060.1	QIZ21203.1	88.084	428	51	0	1	428	1	428	0.0	773
MDC0354061.1	QIZ21202.1	66.406	512	169	2	1	511	1	510	0.0	622
MDC0354062.1	QIZ21201.1	91.064	235	21	0	1	235	1	235	2.76e-159	436
MDC0354063.1	QIZ21200.1	84.091	924	147	0	1	924	1	924	0.0	1592
MDC0354064.1	QIZ21198.1	63.934	183	66	0	1	183	1	183	1.64e-82	238
MDC0354065.1	QIZ21197.1	88.950	181	20	0	7	187	7	187	3.63e-120	333
MDC0354066.1	QIZ21196.1	81.726	394	70	1	1	394	1	392	0.0	670
MDC0354067.1	QIZ21195.1	89.914	347	35	0	1	347	1	347	0.0	638
MDC0354068.1	QIZ21194.1	92.096	291	23	0	1	291	1	291	0.0	531
MDC0354069.1	QIZ21193.1	82.514	183	32	0	1	183	1	183	6.01e-109	305
MDC0354070.1	QIZ21192.1	87.629	97	12	0	1	97	1	97	7.45e-50	149
MDC0354071.1	QIZ21191.1	73.775	347	91	0	1	347	1	347	0.0	521
MDC0354072.1	QIZ21190.1	84.423	520	81	0	1	520	6	525	0.0	908
MDC0354073.1	QIZ21189.1	80.873	481	90	1	1	479	1	481	0.0	736
MDC0354074.1	QIZ21188.1	89.083	458	50	0	1	458	1	458	0.0	772
MDC0354075.1	QIZ21187.1	68.750	224	70	0	1	224	1	224	1.76e-109	310
MDC0354076.1	QIZ20435.1	57.711	201	85	0	1	201	1	201	2.58e-57	183
MDC0354077.1	QIZ20434.1	63.821	246	89	0	1	246	1	246	3.70e-120	338
MDC0354078.1	QIZ20433.1	82.828	99	17	0	1	99	1	99	2.65e-56	165
MDC0354079.1	QIZ20432.1	86.803	538	71	0	1	538	1	538	0.0	961
MDC0354080.1	QIZ20431.1	87.956	274	33	0	1	274	1	274	1.76e-176	483
MDC0354081.1	QIZ20430.1	84.211	418	66	0	1	418	1	418	0.0	697
MDC0354082.1	QIZ20429.1	68.000	100	32	0	1	100	1	100	1.28e-41	128
MDC0354083.1	QIZ20428.1	80.719	306	59	0	1	306	3	308	0.0	514
MDC0354084.1	QIZ20427.1	67.586	145	47	0	1	145	1	145	1.73e-70	205
MDC0354085.1	QIZ20426.1	59.854	137	51	1	18	154	16	148	4.42e-53	161
MDC0354086.1	QIZ20425.1	44.805	154	84	1	1	154	2	154	6.42e-38	123
MDC0354087.1	QIZ20424.1	52.044	367	173	2	1	364	1	367	7.21e-109	319
MDC0354088.1	QIZ20423.1	64.418	593	211	0	1	593	1	593	0.0	713
MDC0354089.1	QIZ20422.1	75.831	451	109	0	1	451	1	451	0.0	693
MDC0354090.1	QIZ20421.1	82.289	463	82	0	1	463	1	463	0.0	711
MDC0354091.1	QIZ20420.1	68.908	238	73	1	1	237	1	238	2.73e-91	272
MDC0354093.1	QIZ21120.1	76.224	143	34	0	28	170	27	169	8.94e-82	235
MDC0354094.1	QIZ21122.1	89.791	382	39	0	1	382	1	382	0.0	734
MDC0354095.1	QIZ21123.1	91.710	386	32	0	1	386	1	386	0.0	718
MDC0354096.1	QIZ21124.1	33.014	418	273	5	57	471	41	454	4.35e-75	239
MDC0354099.1	QIZ21125.1	90.536	317	30	0	1	317	1	317	0.0	591
MDC0354100.1	QIZ20490.1	63.487	304	110	1	1	304	1	303	7.42e-142	398
MDC0354101.1	QIZ21134.1	31.897	348	233	3	1	345	1	347	5.43e-42	147
MDC0354103.1	QIZ20487.1	32.581	310	155	6	2	309	6	263	2.83e-37	140
MDC0354105.1	QIZ21395.1	93.893	262	16	0	1	262	1	262	0.0	498
MDC0354106.1	QIZ21396.1	91.008	367	32	1	1	367	1	366	0.0	638
MDC0354107.1	QIZ21397.1	94.810	289	15	0	1	289	1	289	0.0	541
MDC0354108.1	QIZ21398.1	86.885	61	8	0	1	61	1	61	1.43e-34	107
MDC0354109.1	QIZ21399.1	75.899	473	108	4	1	469	1	471	0.0	699
MDC0354110.1	QIZ21400.1	58.863	299	123	0	1	299	1	299	7.95e-114	327
MDC0354111.1	QIZ21401.1	92.007	588	47	0	1	588	1	588	0.0	1103
MDC0354112.1	QIZ21402.1	88.462	182	21	0	1	182	1	182	6.47e-119	330
MDC0354113.1	QIZ21403.1	85.588	340	48	1	1	340	1	339	0.0	612
MDC0354118.1	QIZ20550.1	81.081	333	62	1	1	332	1	333	0.0	528
MDC0354119.1	QIZ20549.1	79.906	637	127	1	1	636	1	637	0.0	1056
MDC0354120.1	QIZ20548.1	92.453	265	20	0	1	265	1	265	0.0	501
MDC0354121.1	QIZ20547.1	90.127	314	30	1	1	313	1	314	0.0	569
MDC0354122.1	QIZ20546.1	95.089	448	22	0	1	448	1	448	0.0	887
MDC0354123.1	QIZ20545.1	88.525	366	42	0	1	366	1	366	0.0	632
MDC0354124.1	QIZ21541.1	78.439	807	174	0	1	807	1	807	0.0	1333
MDC0354126.1	QIZ21591.1	80.488	164	32	0	1	164	12	175	3.15e-89	254
MDC0354127.1	QIZ21518.1	51.799	139	67	0	1	139	180	318	5.39e-50	158
MDC0354128.1	QIZ21344.1	61.620	284	104	3	1	281	1	282	2.54e-119	339
MDC0354129.1	QIZ20551.1	70.000	380	114	0	1	380	1	380	0.0	554
MDC0354130.1	QIZ20552.1	87.459	303	38	0	1	303	1	303	0.0	543
MDC0354131.1	QIZ20553.1	84.579	428	66	0	1	428	1	428	0.0	756
MDC0354132.1	QIZ21495.1	57.430	249	106	0	1	249	1	249	2.62e-107	306
MDC0354134.1	QIZ20554.1	82.178	202	36	0	1	202	1	202	3.88e-115	322
MDC0354135.1	QIZ20555.1	86.627	501	67	0	1	501	1	501	0.0	902
MDC0354136.1	QIZ20556.1	83.429	350	58	0	4	353	1	350	0.0	598
MDC0354137.1	QIZ20557.1	95.938	320	13	0	1	320	1	320	0.0	630
MDC0354138.1	QIZ20778.1	86.826	334	44	0	1	334	1	334	0.0	607
MDC0354139.1	QIZ20779.1	56.997	393	168	1	1	393	1	392	1.42e-153	434
MDC0354140.1	QIZ20780.1	79.464	336	69	0	1	336	1	336	0.0	552
MDC0354141.1	QIZ20781.1	67.633	207	64	2	1	204	1	207	1.63e-83	242
MDC0354142.1	QIZ20782.1	81.720	186	34	0	1	186	1	186	1.06e-116	325
MDC0354143.1	QIZ20783.1	66.532	248	79	2	1	246	1	246	1.32e-119	337
MDC0354144.1	QIZ20784.1	82.895	76	13	0	1	76	1	76	5.62e-46	137
MDC0354145.1	QIZ20785.1	84.571	175	27	0	1	175	1	175	2.48e-112	314
MDC0354146.1	QIZ20786.1	95.312	64	3	0	1	64	1	64	1.09e-37	115
MDC0354147.1	QIZ20853.1	52.586	232	110	0	1	232	7	238	1.10e-83	245
MDC0354148.1	QIZ20788.1	92.457	464	35	0	2	465	1	464	0.0	874
MDC0354149.1	QIZ20789.1	93.684	95	6	0	1	95	1	95	2.46e-59	173
MDC0354150.1	QIZ20790.1	80.110	362	72	0	1	362	1	362	0.0	590
MDC0354153.1	QIZ20446.1	83.942	137	22	0	2	138	10	146	7.85e-86	243
MDC0354154.1	QIZ20445.1	79.755	326	66	0	1	326	1	326	0.0	519
MDC0354155.1	QIZ20444.1	85.769	260	37	0	1	260	1	260	8.37e-167	457
MDC0354156.1	QIZ20443.1	84.291	261	41	0	1	261	1	261	1.25e-137	384
MDC0354157.1	QIZ20442.1	88.298	376	44	0	1	376	1	376	0.0	637
MDC0354158.1	QIZ20441.1	90.129	466	46	0	1	466	1	466	0.0	873
MDC0354159.1	QIZ20440.1	92.000	225	18	0	1	225	1	225	4.98e-154	422
MDC0354160.1	QIZ20439.1	82.129	263	47	0	1	263	1	263	2.11e-148	411
MDC0354161.1	QIZ20438.1	81.212	330	62	0	1	330	1	330	0.0	546
MDC0354162.1	QIZ20437.1	77.540	187	42	0	1	187	1	187	2.41e-110	309
MDC0354163.1	QIZ20436.1	89.139	267	29	0	1	267	218	484	3.21e-175	488
MDC0354164.1	QIZ20629.1	57.551	245	104	0	1	245	171	415	1.98e-97	286
MDC0354165.1	QIZ20628.1	93.350	406	27	0	1	406	1	406	0.0	790
MDC0354166.1	QIZ20627.1	90.850	153	14	0	1	153	1	153	1.09e-104	291
MDC0354167.1	QIZ20626.1	79.798	99	19	1	1	99	1	98	1.29e-52	155
MDC0354168.1	QIZ20625.1	84.545	110	17	0	1	110	1	110	2.00e-69	199
MDC0354170.1	QIZ20624.1	93.162	468	32	0	1	468	1	468	0.0	922
MDC0354171.1	QIZ20623.1	67.516	157	51	0	4	160	3	159	2.73e-72	210
MDC0354172.1	QIZ20622.1	85.827	127	18	0	1	127	1	127	3.52e-77	226
MDC0354173.1	QIZ20622.1	79.200	125	26	0	1	125	171	295	1.07e-54	168
MDC0354174.1	QIZ20621.1	67.550	302	97	1	1	301	1	302	1.49e-147	412
MDC0354175.1	QIZ20620.1	67.857	196	63	0	1	196	1	196	2.44e-87	251
MDC0354176.1	QIZ20619.1	62.903	248	92	0	1	248	1	248	3.69e-84	247
MDC0354177.1	QIZ20618.1	89.759	166	17	0	1	166	1	166	1.62e-102	287
MDC0354178.1	QIZ20401.1	78.509	228	49	0	1	228	1	228	1.09e-133	377
MDC0354179.1	QIZ20402.1	83.810	105	17	0	1	105	1	105	2.15e-61	178
MDC0354180.1	QIZ20403.1	78.682	258	55	0	1	258	1	258	1.31e-158	436
MDC0354181.1	QIZ20404.1	78.916	332	70	0	1	332	1	332	0.0	550
MDC0354182.1	QIZ20405.1	80.153	131	26	0	2	132	3	133	3.86e-76	218
MDC0354183.1	QIZ20406.1	82.022	267	48	0	1	267	1	267	2.51e-156	431
MDC0354184.1	QIZ20407.1	72.016	243	68	0	5	247	6	248	6.25e-130	363
MDC0354185.1	QIZ20408.1	65.922	358	98	7	4	337	1	358	3.43e-170	473
MDC0354186.1	QIZ20411.1	90.966	321	29	0	1	321	1	321	0.0	592
MDC0354188.1	QIZ21363.1	92.928	608	42	1	1	608	1	607	0.0	1151
MDC0354189.1	QIZ21362.1	76.988	591	136	0	1	591	1	591	0.0	916
MDC0354190.1	QIZ21361.1	73.684	152	40	0	1	152	1	152	3.15e-73	212
MDC0354191.1	QIZ21360.1	84.675	385	58	1	1	384	1	385	0.0	677
MDC0354192.1	QIZ21359.1	93.094	362	25	0	1	362	1	362	0.0	697
MDC0354192.1	QIZ21359.1	33.234	337	201	6	8	335	559	880	1.06e-53	186
MDC0354193.1	QIZ21270.1	52.349	149	71	0	2	150	58	206	1.24e-45	147
MDC0354194.1	QIZ21271.1	69.296	355	109	0	1	355	1	355	6.34e-175	486
MDC0354195.1	QIZ21272.1	59.364	283	115	0	1	283	1	283	7.46e-113	323
MDC0354196.1	QIZ21273.1	81.893	486	87	1	1	486	1	485	0.0	822
MDC0354197.1	QIZ21274.1	77.381	168	38	0	3	170	1	168	8.10e-90	255
MDC0354198.1	QIZ21275.1	73.184	179	48	0	18	196	1	179	1.94e-92	263
MDC0354199.1	QIZ21276.1	100.000	75	0	0	1	75	1	75	1.79e-46	138
MDC0354200.1	QIZ21277.1	91.803	244	20	0	1	244	1	244	5.02e-166	454
MDC0354201.1	QIZ21278.1	83.516	91	15	0	1	91	1	91	1.03e-50	150
MDC0354202.1	QIZ21279.1	96.269	134	5	0	1	134	724	857	5.14e-89	271
MDC0354203.1	QIZ20844.1	46.154	325	172	1	1	322	40	364	1.00e-92	276
MDC0354205.1	QIZ21401.1	29.329	566	353	12	16	557	21	563	1.37e-77	252
MDC0354210.1	QIZ20415.1	85.246	122	18	0	1	122	1	122	3.91e-73	209
MDC0354211.1	QIZ20416.1	92.917	240	17	0	1	240	5	244	1.17e-168	461
MDC0354212.1	QIZ20417.1	85.330	409	60	0	15	423	18	426	0.0	711
MDC0354213.1	QIZ20418.1	85.039	381	56	1	1	380	1	381	0.0	613
MDC0354214.1	QIZ20419.1	95.087	346	17	0	1	346	1	346	0.0	689
MDC0354215.1	QIZ20774.1	61.165	103	40	0	1	103	79	181	5.25e-44	137
MDC0354216.1	QIZ20773.1	78.652	267	57	0	1	267	1	267	2.37e-164	452
MDC0354217.1	QIZ20772.1	86.307	241	33	0	1	241	1	241	1.54e-157	432
MDC0354218.1	QIZ20771.1	85.976	164	23	0	1	164	1	164	3.56e-107	298
MDC0354219.1	QIZ20770.1	83.036	224	38	0	1	224	1	224	2.20e-137	380
MDC0354220.1	QIZ20769.1	92.754	138	10	0	1	138	1	138	2.57e-94	264
MDC0354221.1	QIZ20768.1	70.383	287	67	1	1	287	1	269	4.26e-126	356
MDC0354222.1	QIZ20767.1	88.140	430	51	0	17	446	17	446	0.0	800
MDC0354223.1	QIZ20766.1	84.397	141	18	1	1	141	1	137	5.29e-80	229
MDC0354224.1	QIZ20414.1	83.374	818	136	0	1	818	58	875	0.0	1432
MDC0354225.1	QIZ20413.1	92.308	572	44	0	1	572	1	572	0.0	1100
MDC0354226.1	QIZ20412.1	84.539	401	62	0	1	401	1	401	0.0	664
MDC0354231.1	QIZ20416.1	33.036	224	139	4	1	222	5	219	1.09e-38	130
MDC0354234.1	QIZ21000.1	69.333	75	23	0	1	75	1	75	4.09e-33	110
MDC0354235.1	QIZ20999.1	77.241	145	33	0	1	145	1	145	1.95e-82	234
MDC0354236.1	QIZ20998.1	70.823	401	115	1	1	399	1	401	0.0	591
MDC0354237.1	QIZ20997.1	82.759	522	90	0	1	522	1	522	0.0	885
MDC0354238.1	QIZ20996.1	80.687	233	45	0	1	233	1	233	3.35e-145	400
MDC0354240.1	QIZ21513.1	43.875	449	246	4	4	448	1	447	2.98e-118	360
MDC0354241.1	QIZ21314.1	93.216	398	27	0	1	398	1	398	0.0	773
MDC0354242.1	QIZ21313.1	93.609	532	34	0	1	532	1	532	0.0	1051
MDC0354243.1	QIZ20296.1	94.340	159	9	0	1	159	1	159	1.73e-103	311
MDC0354244.1	QIZ20297.1	71.875	192	53	1	2	193	1	191	1.77e-96	274
MDC0354245.1	QIZ20742.1	28.434	415	260	11	25	423	22	415	1.91e-41	147
MDC0354246.1	QIZ20298.1	91.346	312	27	0	1	312	1	312	0.0	597
MDC0354247.1	QIZ20299.1	84.106	151	24	0	1	151	1	151	1.69e-88	250
MDC0354248.1	QIZ20300.1	84.848	66	10	0	1	66	1	66	9.76e-35	109
MDC0354249.1	QIZ20517.1	76.724	116	27	0	1	116	1	116	1.08e-64	187
MDC0354250.1	QIZ20518.1	96.931	619	19	0	1	619	1	619	0.0	1276
MDC0354251.1	QIZ20519.1	93.590	156	10	0	1	156	1	156	1.79e-112	311
MDC0354252.1	QIZ20520.1	73.485	264	70	0	1	264	1	264	7.59e-154	425
MDC0354253.1	QIZ21369.1	68.878	196	61	0	1	196	1	196	5.91e-96	278
MDC0354254.1	QIZ21368.1	76.258	497	111	3	1	492	1	495	0.0	695
MDC0354255.1	QIZ21367.1	87.097	155	20	0	1	155	1	155	6.02e-104	290
MDC0354256.1	QIZ21365.1	67.589	253	82	0	2	254	9	261	7.87e-136	379
MDC0354258.1	QIZ21364.1	68.182	132	42	0	3	134	66	197	4.41e-63	187
MDC0354261.1	QIZ20609.1	71.014	138	40	0	1	138	193	330	4.83e-73	217
MDC0354262.1	QIZ20610.1	85.083	181	27	0	1	181	1	181	1.16e-115	322
MDC0354263.1	QIZ20611.1	58.228	79	32	1	1	78	1	79	8.59e-28	92.4
MDC0354264.1	QIZ20612.1	77.181	149	34	0	1	149	1	149	3.23e-74	214
MDC0354265.1	QIZ20613.1	75.748	301	73	0	1	301	1	301	2.22e-173	477
MDC0354266.1	QIZ20614.1	64.497	169	60	0	1	169	1	169	9.57e-81	233
MDC0354267.1	QIZ20301.1	87.760	384	47	0	1	384	102	485	0.0	688
MDC0354268.1	QIZ20302.1	93.686	491	31	0	1	491	1	491	0.0	926
MDC0354269.1	QIZ20303.1	79.208	101	21	0	1	101	1	101	2.08e-55	167
MDC0354270.1	QIZ21080.1	92.157	51	4	0	1	51	1	51	2.83e-29	98.2
MDC0354271.1	QIZ21081.1	95.763	118	5	0	1	118	1	118	1.96e-81	230
MDC0354272.1	QIZ21082.1	95.515	602	27	0	1	602	1	602	0.0	1119
MDC0354273.1	QIZ21083.1	89.535	86	9	0	1	86	1	86	6.46e-56	163
MDC0354274.1	QIZ20993.1	83.218	435	69	3	1	435	40	470	0.0	736
MDC0354275.1	QIZ20992.1	90.541	370	35	0	1	370	1	370	0.0	684
MDC0354276.1	QIZ20991.1	73.684	152	40	0	1	152	82	233	4.44e-80	232
MDC0354277.1	QIZ21041.1	38.012	342	182	8	1	325	1	329	3.03e-56	181
MDC0354278.1	QIZ21040.1	61.932	176	66	1	1	176	1	175	1.88e-73	214
MDC0354279.1	QIZ21039.1	61.644	219	81	1	1	219	1	216	2.74e-92	265
MDC0354280.1	QIZ21038.1	54.601	163	72	2	1	163	1	161	1.65e-49	152
MDC0354282.1	QIZ20920.1	50.655	229	112	1	1	229	1	228	2.73e-76	226
MDC0354283.1	QIZ20921.1	47.143	350	180	3	1	349	1	346	3.07e-111	323
MDC0354284.1	QIZ20922.1	70.093	107	31	1	1	106	359	465	4.65e-49	157
MDC0354285.1	QIZ21404.1	88.314	522	59	1	1	522	1	520	0.0	958
MDC0354286.1	QIZ21405.1	93.820	178	11	0	4	181	7	184	3.55e-118	334
MDC0354287.1	QIZ20820.1	45.045	111	61	0	133	243	1	111	1.09e-28	108
MDC0354288.1	QIZ21388.1	90.159	315	31	0	1	315	1	315	0.0	606
MDC0354289.1	QIZ20576.1	53.608	97	44	1	1	97	1	96	1.17e-31	102
MDC0354293.1	QIZ21479.1	88.092	655	78	0	1	655	63	717	0.0	1163
MDC0354294.1	QIZ21009.1	76.423	123	29	0	1	123	1	123	3.96e-68	197
MDC0354295.1	QIZ21043.1	74.892	693	172	2	1	692	1	692	0.0	1109
MDC0354296.1	QIZ21042.1	74.107	112	27	2	2	113	64	173	2.30e-55	166
MDC0354297.1	QIZ20662.1	67.208	308	101	0	1	308	1	308	1.42e-147	413
MDC0354298.1	QIZ20661.1	84.490	245	38	0	1	245	3	247	4.96e-154	424
MDC0354299.1	QIZ20660.1	93.671	79	5	0	1	79	1	79	7.81e-47	139
MDC0354300.1	QIZ20659.1	68.539	89	28	0	1	89	1	89	1.81e-40	128
MDC0354301.1	QIZ20450.1	69.072	97	30	0	1	97	1	97	3.82e-40	128
MDC0354302.1	QIZ20451.1	79.235	183	38	0	1	183	1	183	4.06e-107	300
MDC0354303.1	QIZ20452.1	73.498	283	75	0	1	283	1	283	6.24e-157	434
MDC0354305.1	QIZ20777.1	86.513	519	70	0	1	519	1	519	0.0	943
MDC0354306.1	QIZ20776.1	63.551	107	39	0	1	107	1	107	2.85e-36	115
MDC0354307.1	QIZ20775.1	80.769	104	20	0	1	104	1	104	2.66e-57	169
MDC0354308.1	QIZ20453.1	84.480	741	115	0	1	741	265	1005	0.0	1314
MDC0354309.1	QIZ20644.1	74.603	63	16	0	1	63	55	117	4.88e-30	97.8
MDC0354310.1	QIZ20643.1	68.367	98	31	0	38	135	35	132	4.92e-49	149
MDC0354311.1	QIZ20642.1	88.764	445	50	0	1	445	1	445	0.0	829
MDC0354312.1	QIZ20641.1	82.667	75	13	0	1	75	67	141	4.66e-44	134
