MDB9717276.1	QIZ21197.1	89.503	181	19	0	7	187	7	187	1.88e-119	332
MDB9717277.1	QIZ21198.1	65.574	183	63	0	1	183	1	183	1.72e-83	240
MDB9717278.1	QIZ21200.1	84.307	924	145	0	1	924	1	924	0.0	1604
MDB9717279.1	QIZ21201.1	89.362	235	25	0	1	235	1	235	6.52e-156	428
MDB9717280.1	QIZ21202.1	67.899	514	162	2	1	513	1	512	0.0	644
MDB9717281.1	QIZ21203.1	92.757	428	31	0	1	428	1	428	0.0	812
MDB9717282.1	QIZ21204.1	53.333	150	69	1	1	150	1	149	9.65e-53	160
MDB9717283.1	QIZ21205.1	58.065	310	124	5	7	312	8	315	6.00e-111	320
MDB9717284.1	QIZ21206.1	63.717	226	82	0	1	226	1	226	1.16e-99	285
MDB9717285.1	QIZ21207.1	69.328	238	72	1	1	237	1	238	6.06e-122	342
MDB9717286.1	QIZ21209.1	78.680	197	40	1	5	199	3	199	2.04e-118	330
MDB9717287.1	QIZ21210.1	80.751	1039	200	0	1	1039	1	1039	0.0	1662
MDB9717288.1	QIZ21211.1	60.656	305	120	0	1	305	1	305	1.23e-133	378
MDB9717289.1	QIZ21212.1	72.963	270	72	1	1	270	1	269	1.30e-147	410
MDB9717290.1	QIZ21213.1	78.912	147	31	0	1	147	1	147	1.81e-87	248
MDB9717291.1	QIZ21214.1	90.136	294	29	0	1	294	1	294	0.0	529
MDB9717292.1	QIZ21215.1	82.938	211	36	0	1	211	1	211	2.50e-132	366
MDB9717293.1	QIZ21216.1	61.224	98	38	0	1	98	1	98	4.34e-46	139
MDB9717294.1	QIZ21216.1	42.553	94	54	0	2	95	1	94	8.58e-26	87.8
MDB9717295.1	QIZ21217.1	89.831	177	18	0	1	177	1	177	1.15e-120	334
MDB9717296.1	QIZ21218.1	94.954	436	22	0	1	436	1	436	0.0	823
MDB9717297.1	QIZ21219.1	76.238	101	24	0	1	101	1	101	6.41e-55	162
MDB9717299.1	QIZ21220.1	82.055	691	124	0	1	691	1	691	0.0	1181
MDB9717300.1	QIZ21221.1	65.269	167	57	1	1	166	1	167	7.60e-71	207
MDB9717301.1	QIZ21223.1	70.748	294	86	0	1	294	1	294	2.40e-158	439
MDB9717302.1	QIZ21224.1	84.343	396	62	0	1	396	1	396	0.0	715
MDB9717304.1	QIZ21526.1	58.025	81	34	0	16	96	16	96	2.37e-31	102
MDB9717305.1	QIZ21226.1	77.876	113	25	0	1	113	1	113	3.77e-63	183
MDB9717306.1	QIZ21228.1	84.255	470	74	0	1	470	1	470	0.0	833
MDB9717307.1	QIZ21229.1	71.071	439	126	1	1	438	1	439	0.0	617
MDB9717308.1	QIZ21230.1	71.827	323	91	0	1	323	1	323	7.79e-167	462
MDB9717309.1	QIZ21231.1	80.973	226	43	0	1	226	1	226	2.35e-139	385
MDB9717310.1	QIZ21232.1	80.930	215	41	0	1	215	1	215	6.57e-124	345
MDB9717311.1	QIZ21233.1	96.217	608	23	0	1	608	1	608	0.0	1199
MDB9717312.1	QIZ21234.1	74.062	613	81	5	1	535	1	613	0.0	828
MDB9717314.1	QIZ21235.1	91.682	529	44	0	1	529	1	529	0.0	979
MDB9717315.1	QIZ21236.1	95.833	96	4	0	1	96	1	96	1.53e-63	183
MDB9717316.1	QIZ21237.1	66.912	272	90	0	1	272	1	272	2.65e-139	389
MDB9717317.1	QIZ21238.1	72.787	305	83	0	2	306	1	305	6.27e-160	444
MDB9717318.1	QIZ21239.1	83.628	904	148	0	1	904	1	904	0.0	1569
MDB9717319.1	QIZ21240.1	53.247	154	72	0	8	161	7	160	3.03e-46	144
MDB9717321.1	QIZ21242.1	61.579	380	141	3	8	384	3	380	1.37e-145	414
MDB9717322.1	QIZ21243.1	62.234	188	71	0	1	188	1	188	6.33e-70	206
MDB9717323.1	QIZ21244.1	65.714	420	144	0	1	420	1	420	0.0	575
MDB9717324.1	QIZ21245.1	68.333	60	19	0	1	60	1	60	3.95e-26	86.3
MDB9717325.1	QIZ21246.1	53.659	287	130	2	1	285	1	286	4.02e-99	288
MDB9717326.1	QIZ21247.1	46.945	311	154	6	1	303	1	308	6.68e-78	236
MDB9717327.1	QIZ21248.1	45.432	405	217	3	1	402	1	404	7.43e-116	340
MDB9717328.1	QIZ21249.1	63.322	578	211	1	1	578	1	577	0.0	743
MDB9717329.1	QIZ21250.1	68.531	286	90	0	1	286	1	286	2.73e-141	395
MDB9717330.1	QIZ21251.1	78.788	132	28	0	1	132	1	132	2.62e-78	223
MDB9717331.1	QIZ21252.1	84.520	323	50	0	1	323	1	323	0.0	571
MDB9717332.1	QIZ21253.1	82.796	279	47	1	1	278	1	279	1.92e-173	476
MDB9717333.1	QIZ21254.1	75.949	79	19	0	1	79	1	79	3.39e-43	130
MDB9717334.1	QIZ21256.1	85.455	220	32	0	1	220	1	220	4.05e-134	371
MDB9717335.1	QIZ21257.1	80.258	233	46	0	1	233	1	233	1.37e-136	379
MDB9717336.1	QIZ21258.1	84.074	270	43	0	1	270	1	270	2.69e-166	457
MDB9717337.1	QIZ21259.1	94.669	544	29	0	1	544	1	544	0.0	1003
MDB9717338.1	QIZ21260.1	85.479	303	44	0	1	303	1	303	0.0	530
MDB9717339.1	QIZ21262.1	82.386	176	31	0	2	177	1	176	2.91e-114	318
MDB9717340.1	QIZ21263.1	86.260	262	36	0	1	262	1	262	8.64e-166	455
MDB9717341.1	QIZ21264.1	69.543	197	60	0	5	201	21	217	2.30e-101	288
MDB9717342.1	QIZ21265.1	70.370	459	135	1	1	459	1	458	0.0	677
MDB9717343.1	QIZ21266.1	72.050	161	45	0	1	161	1	161	1.25e-91	259
MDB9717344.1	QIZ21267.1	73.759	141	37	0	1	141	1	141	2.49e-73	211
MDB9717345.1	QIZ21268.1	65.312	320	110	1	1	319	1	320	1.92e-146	411
MDB9717346.1	QIZ21269.1	75.796	314	76	0	1	314	1	314	0.0	502
MDB9717347.1	QIZ21270.1	57.980	307	129	0	5	311	5	311	4.05e-117	336
MDB9717348.1	QIZ21271.1	66.949	354	117	0	1	354	1	354	6.24e-174	483
MDB9717349.1	QIZ21272.1	63.604	283	103	0	1	283	1	283	9.34e-123	348
MDB9717350.1	QIZ21273.1	81.893	486	87	1	1	486	1	485	0.0	824
MDB9717351.1	QIZ21274.1	80.368	163	32	0	1	163	4	166	3.33e-90	256
MDB9717352.1	QIZ21275.1	74.719	178	45	0	19	196	2	179	2.22e-93	266
MDB9717353.1	QIZ21276.1	100.000	75	0	0	1	75	1	75	1.79e-46	138
MDB9717354.1	QIZ21277.1	91.393	244	21	0	1	244	1	244	3.90e-165	452
MDB9717355.1	QIZ21278.1	84.615	91	14	0	1	91	1	91	1.20e-51	152
MDB9717356.1	QIZ21279.1	81.797	857	156	0	1	857	1	857	0.0	1431
MDB9717357.1	QIZ21280.1	67.647	170	55	0	23	192	27	196	6.88e-86	247
MDB9717358.1	QIZ21281.1	72.840	162	44	0	1	162	1	162	1.04e-79	229
MDB9717359.1	QIZ21282.1	64.923	325	114	0	1	325	1	325	7.24e-153	427
MDB9717360.1	QIZ21283.1	53.125	384	178	2	1	383	1	383	3.48e-138	395
MDB9717361.1	QIZ21284.1	89.888	356	36	0	1	356	1	356	0.0	671
MDB9717362.1	QIZ21285.1	77.596	183	41	0	1	183	1	183	9.07e-100	282
MDB9717363.1	QIZ21286.1	64.609	243	82	1	1	239	1	243	2.62e-104	298
MDB9717364.1	QIZ21287.1	59.598	547	220	1	16	561	15	561	0.0	655
MDB9717365.1	QIZ21288.1	54.448	281	128	0	1	281	1	281	2.08e-96	281
MDB9717366.1	QIZ21289.1	63.679	424	154	0	1	424	1	424	0.0	565
MDB9717367.1	QIZ21290.1	89.873	158	16	0	1	158	1	158	6.92e-103	287
MDB9717368.1	QIZ21291.1	76.642	274	64	0	1	274	1	274	8.97e-158	436
MDB9717369.1	QIZ21292.1	74.658	146	37	0	8	153	3	148	2.38e-82	235
MDB9717370.1	QIZ21293.1	89.941	169	17	0	1	169	1	169	3.34e-109	304
MDB9717371.1	QIZ21294.1	95.943	419	17	0	1	419	1	419	0.0	800
MDB9717372.1	QIZ21295.1	80.769	260	48	2	1	259	1	259	9.48e-151	417
MDB9717373.1	QIZ21296.1	87.955	357	43	0	1	357	1	357	0.0	654
MDB9717374.1	QIZ21297.1	81.081	185	35	0	1	185	1	185	4.79e-113	315
MDB9717375.1	QIZ21298.1	70.354	226	59	2	1	224	1	220	1.26e-102	293
MDB9717376.1	QIZ21299.1	93.548	310	20	0	1	310	1	310	0.0	558
MDB9717377.1	QIZ21300.1	59.289	253	102	1	1	252	1	253	2.43e-87	255
MDB9717378.1	QIZ21301.1	56.609	348	150	1	1	348	1	347	1.31e-132	378
MDB9717379.1	QIZ21302.1	64.567	254	90	0	1	254	1	254	8.70e-123	346
MDB9717380.1	QIZ21303.1	74.286	70	18	0	1	70	1	70	1.68e-31	101
MDB9717381.1	QIZ21304.1	69.248	439	134	1	1	438	1	439	0.0	640
MDB9717382.1	QIZ21305.1	81.333	225	42	0	1	225	1	225	4.73e-131	364
MDB9717383.1	QIZ21306.1	77.083	144	33	0	1	144	1	144	4.59e-80	229
MDB9717384.1	QIZ21307.1	88.276	290	34	0	1	290	1	290	0.0	549
MDB9717385.1	QIZ21308.1	89.119	193	21	0	1	193	1	193	9.81e-129	355
MDB9717386.1	QIZ21309.1	90.671	611	57	0	1	611	1	611	0.0	1158
MDB9717387.1	QIZ21310.1	91.489	141	12	0	1	141	1	141	8.16e-89	250
MDB9717388.1	QIZ21312.1	79.200	250	52	0	1	250	1	250	9.42e-145	401
MDB9717389.1	QIZ21313.1	92.146	713	56	0	1	713	1	713	0.0	1372
MDB9717390.1	QIZ21314.1	75.439	399	94	1	1	395	1	399	0.0	635
MDB9717391.1	QIZ21316.1	83.333	216	36	0	1	216	1	216	4.40e-126	351
MDB9717393.1	QIZ21537.1	64.537	313	108	2	1	311	1	312	3.41e-134	379
MDB9717394.1	QIZ21317.1	94.904	314	16	0	1	314	1	314	0.0	624
MDB9717395.1	QIZ21318.1	81.210	314	59	0	1	314	1	314	0.0	526
MDB9717396.1	QIZ21319.1	93.151	219	15	0	1	219	1	219	1.48e-157	431
MDB9717397.1	QIZ21358.1	79.487	351	72	0	1	351	1	351	0.0	564
MDB9717399.1	QIZ21359.1	88.827	1074	120	0	1	1074	1	1074	0.0	1964
MDB9717400.1	QIZ21360.1	83.377	385	63	1	1	384	1	385	0.0	665
MDB9717401.1	QIZ21361.1	75.000	152	38	0	1	152	1	152	7.44e-75	216
MDB9717402.1	QIZ21362.1	78.003	591	130	0	1	591	1	591	0.0	924
MDB9717403.1	QIZ21363.1	92.763	608	43	1	1	608	1	607	0.0	1149
MDB9717404.1	QIZ21364.1	69.841	189	55	1	5	193	11	197	9.50e-93	265
MDB9717405.1	QIZ21365.1	60.526	266	100	4	1	266	1	261	5.01e-113	322
MDB9717406.1	QIZ21366.1	64.583	240	83	1	6	243	3	242	2.53e-106	303
MDB9717407.1	QIZ21367.1	91.613	155	13	0	1	155	1	155	2.71e-108	301
MDB9717408.1	QIZ21368.1	77.555	499	102	5	1	493	1	495	0.0	704
MDB9717409.1	QIZ21369.1	71.429	336	96	0	1	336	1	336	1.10e-174	484
MDB9717410.1	QIZ21370.1	51.250	80	39	0	3	82	2	81	1.54e-22	80.1
MDB9717411.1	QIZ21371.1	63.620	558	190	4	8	559	9	559	0.0	714
MDB9717412.1	QIZ21372.1	56.674	944	406	1	1	944	1	941	0.0	994
MDB9717414.1	QIZ21373.1	57.143	427	175	5	8	430	8	430	1.54e-144	415
MDB9717415.1	QIZ21374.1	70.541	370	109	0	5	374	5	374	1.21e-170	476
MDB9717416.1	QIZ21375.1	47.765	358	182	4	1	355	1	356	7.42e-118	341
MDB9717417.1	QIZ21376.1	74.569	464	118	0	1	464	1	464	0.0	722
MDB9717418.1	QIZ21377.1	65.894	302	100	3	1	299	11	312	1.04e-130	370
MDB9717419.1	QIZ21378.1	75.000	304	76	0	1	304	1	304	6.67e-155	431
MDB9717420.1	QIZ21379.1	38.839	224	132	3	1	220	1	223	3.36e-43	141
MDB9717422.1	QIZ21381.1	66.340	306	103	0	1	306	1	306	6.23e-143	400
MDB9717423.1	QIZ21382.1	61.373	233	90	0	16	248	19	251	1.13e-102	295
MDB9717424.1	QIZ20514.1	80.069	291	58	0	1	291	68	358	3.76e-167	463
MDB9717425.1	QIZ20516.1	90.529	359	34	0	1	359	1	359	0.0	600
MDB9717426.1	QIZ20517.1	75.000	116	29	0	1	116	1	116	4.34e-64	186
MDB9717427.1	QIZ20518.1	96.931	619	19	0	1	619	1	619	0.0	1274
MDB9717428.1	QIZ20519.1	93.590	156	10	0	1	156	1	156	3.54e-112	311
MDB9717429.1	QIZ20520.1	71.591	264	75	0	1	264	1	264	5.05e-152	420
MDB9717430.1	QIZ20521.1	79.545	132	27	0	1	132	1	132	3.85e-78	223
MDB9717431.1	QIZ20522.1	59.766	256	103	0	1	256	1	256	5.23e-107	306
MDB9717432.1	QIZ20523.1	71.351	185	53	0	1	185	1	185	7.44e-85	244
MDB9717433.1	QIZ20524.1	72.987	385	104	0	12	396	3	387	0.0	541
MDB9717434.1	QIZ20525.1	59.506	405	164	0	1	405	1	405	5.99e-171	480
MDB9717435.1	QIZ20526.1	81.330	391	73	0	1	391	1	391	0.0	677
MDB9717436.1	QIZ20527.1	75.339	369	89	2	4	371	3	370	0.0	567
MDB9717437.1	QIZ20528.1	77.778	54	12	0	1	54	13	66	3.05e-26	86.3
MDB9717438.1	QIZ20529.1	63.386	254	90	2	2	254	5	256	6.60e-109	310
MDB9717440.1	QIZ20530.1	76.630	184	43	0	4	187	1	184	1.02e-105	297
MDB9717441.1	QIZ20531.1	64.331	157	56	0	1	157	1	157	1.93e-72	210
MDB9717442.1	QIZ20532.1	55.385	195	85	1	1	195	1	193	1.39e-74	219
MDB9717443.1	QIZ20533.1	62.992	127	47	0	1	127	1	127	1.25e-58	173
MDB9717444.1	QIZ20536.1	78.146	151	33	0	1	151	1	151	8.06e-65	191
MDB9717445.1	QIZ20537.1	81.948	421	76	0	10	430	13	433	0.0	660
MDB9717446.1	QIZ20537.1	65.358	433	150	0	1	433	1	433	0.0	526
MDB9717447.1	QIZ20538.1	95.604	91	4	0	1	91	1	91	8.08e-61	176
MDB9717448.1	QIZ20539.1	78.862	369	78	0	1	369	1	369	0.0	595
MDB9717450.1	QIZ20216.1	92.114	317	25	0	1	317	2	318	0.0	595
MDB9717451.1	QIZ20675.1	53.968	63	29	0	7	69	6	68	8.06e-21	73.2
MDB9717452.1	QIZ21315.1	76.510	149	35	0	1	149	1	149	1.44e-89	253
MDB9717453.1	QIZ20217.1	85.714	448	63	1	1	448	1	447	0.0	803
MDB9717456.1	QIZ20674.1	74.046	393	102	0	1	393	1	393	0.0	613
MDB9717457.1	QIZ20210.1	86.754	536	71	0	10	545	1	536	0.0	924
MDB9717458.1	QIZ21225.1	44.586	157	85	2	26	181	25	180	1.88e-46	146
MDB9717459.1	QIZ20506.1	70.500	200	59	0	1	200	1	200	2.28e-102	290
MDB9717460.1	QIZ20507.1	84.091	220	35	0	1	220	1	220	4.18e-135	374
MDB9717461.1	QIZ20508.1	70.414	845	250	0	1	845	17	861	0.0	1159
MDB9717462.1	QIZ21524.1	88.235	476	56	0	1	476	1	476	0.0	877
MDB9717464.1	QIZ21525.1	91.529	425	35	1	1	424	1	425	0.0	817
MDB9717465.1	QIZ20218.1	80.319	376	74	0	4	379	5	380	0.0	640
MDB9717466.1	QIZ20540.1	83.137	255	43	0	1	255	1	255	3.89e-158	435
MDB9717467.1	QIZ20541.1	77.170	311	71	0	1	311	1	311	6.35e-180	495
MDB9717468.1	QIZ20544.1	60.588	170	64	2	1	170	1	167	1.88e-70	206
MDB9717469.1	QIZ21540.1	58.156	141	59	0	7	147	7	147	9.20e-61	180
MDB9717470.1	QIZ21539.1	56.111	180	79	0	1	180	1	180	4.83e-60	181
MDB9717471.1	QIZ21538.1	55.319	235	105	0	1	235	1	235	5.58e-82	241
MDB9717473.1	QIZ20215.1	75.172	145	36	0	1	145	1	145	5.29e-83	236
MDB9717475.1	QIZ21536.1	72.124	226	63	0	1	226	1	226	2.35e-127	355
MDB9717476.1	QIZ21533.1	65.049	103	36	0	2	104	1	103	4.90e-47	142
MDB9717477.1	QIZ21532.1	65.278	216	74	1	1	215	1	216	1.17e-99	285
MDB9717478.1	QIZ21531.1	86.080	352	49	0	1	352	1	352	0.0	599
MDB9717479.1	QIZ21530.1	84.416	539	81	1	1	539	1	536	0.0	875
MDB9717481.1	QIZ21527.1	89.676	339	35	0	1	339	1	339	0.0	633
MDB9717482.1	QIZ21523.1	92.881	295	21	0	1	295	1	295	0.0	572
MDB9717483.1	QIZ21522.1	90.991	333	30	0	1	333	1	333	0.0	623
MDB9717484.1	QIZ21521.1	88.119	202	24	0	1	202	1	202	3.40e-140	385
MDB9717485.1	QIZ21520.1	90.968	155	14	0	1	155	1	155	3.48e-109	303
MDB9717486.1	QIZ21519.1	84.677	124	19	0	1	124	1	124	1.80e-77	220
MDB9717487.1	QIZ21516.1	91.466	539	46	0	8	546	1	539	0.0	1048
MDB9717488.1	QIZ21515.1	93.060	317	22	0	1	317	1	317	0.0	603
MDB9717489.1	QIZ21514.1	93.976	249	15	0	1	249	1	249	1.22e-170	466
MDB9717490.1	QIZ21513.1	97.654	810	19	0	1	810	1	810	0.0	1646
MDB9717491.1	QIZ21512.1	64.493	138	49	0	20	157	29	166	6.47e-63	186
MDB9717492.1	QIZ21511.1	92.063	189	15	0	1	189	1	189	1.34e-130	360
MDB9717493.1	QIZ21510.1	40.152	132	79	0	9	140	7	138	1.90e-28	98.2
MDB9717496.1	QIZ21482.1	80.000	60	12	0	5	64	3	62	1.71e-31	100
MDB9717497.1	QIZ21509.1	83.268	257	43	0	3	259	5	261	6.47e-161	442
MDB9717499.1	QIZ21508.1	87.903	124	15	0	1	124	1	124	1.01e-83	236
MDB9717500.1	QIZ21507.1	76.866	134	31	0	1	134	1	134	1.87e-77	221
MDB9717501.1	QIZ21506.1	71.465	396	113	0	1	396	1	396	0.0	620
MDB9717502.1	QIZ21505.1	84.298	242	38	0	6	247	1	242	3.02e-155	427
MDB9717503.1	QIZ21504.1	94.469	452	25	0	1	452	1	452	0.0	899
MDB9717504.1	QIZ21503.1	88.398	181	21	0	1	181	1	181	6.50e-116	322
MDB9717506.1	QIZ21502.1	59.113	203	83	0	1	203	1	203	1.78e-87	252
MDB9717507.1	QIZ21501.1	79.599	549	112	0	1	549	1	549	0.0	914
MDB9717508.1	QIZ21500.1	80.062	321	64	0	1	321	1	321	0.0	557
MDB9717509.1	QIZ21499.1	79.141	163	34	0	1	163	1	163	4.35e-91	258
MDB9717510.1	QIZ21498.1	77.778	333	73	1	16	348	16	347	0.0	535
MDB9717511.1	QIZ21497.1	74.675	154	39	0	1	154	1	154	1.62e-85	243
MDB9717512.1	QIZ21496.1	98.529	68	1	0	1	68	1	68	8.57e-47	139
MDB9717513.1	QIZ21494.1	69.565	115	35	0	1	115	1	115	1.19e-59	174
MDB9717514.1	QIZ21493.1	76.113	247	59	0	1	247	1	247	3.48e-131	366
MDB9717515.1	QIZ21492.1	57.857	140	59	0	7	146	7	146	1.85e-58	174
MDB9717516.1	QIZ21490.1	76.596	282	66	0	1	282	1	282	8.31e-162	446
MDB9717517.1	QIZ21489.1	60.825	194	76	0	1	194	1	194	9.07e-91	259
MDB9717518.1	QIZ21488.1	90.982	998	90	0	1	998	1	998	0.0	1917
MDB9717519.1	QIZ21487.1	91.954	87	7	0	1	87	1	87	6.57e-61	176
MDB9717520.1	QIZ21486.1	96.411	418	15	0	1	418	1	418	0.0	847
MDB9717521.1	QIZ21485.1	83.957	561	90	0	1	561	1	561	0.0	984
MDB9717522.1	QIZ21484.1	42.188	256	148	0	4	259	6	261	1.78e-72	218
MDB9717523.1	QIZ21483.1	69.689	386	116	1	1	385	1	386	0.0	572
MDB9717524.1	QIZ21481.1	80.702	342	66	0	1	342	1	342	0.0	566
MDB9717526.1	QIZ21480.1	91.874	443	36	0	1	443	1	443	0.0	868
MDB9717527.1	QIZ21009.1	80.488	123	24	0	1	123	1	123	3.45e-73	209
MDB9717528.1	QIZ21479.1	89.665	716	74	0	1	716	1	716	0.0	1297
MDB9717529.1	QIZ21478.1	88.889	342	38	0	1	342	1	342	0.0	629
MDB9717531.1	QIZ20774.1	55.249	181	81	0	1	181	1	181	5.36e-68	201
MDB9717532.1	QIZ20773.1	76.030	267	64	0	1	267	1	267	1.26e-158	437
MDB9717533.1	QIZ20772.1	85.294	238	35	0	1	238	1	238	1.95e-153	422
MDB9717534.1	QIZ20771.1	87.805	164	20	0	1	164	1	164	4.24e-108	301
MDB9717535.1	QIZ20770.1	81.250	224	42	0	1	224	1	224	1.12e-136	378
MDB9717536.1	QIZ20769.1	90.580	138	13	0	1	138	1	138	1.62e-90	254
MDB9717537.1	QIZ20768.1	66.096	292	76	2	1	292	1	269	3.13e-118	336
MDB9717538.1	QIZ20767.1	88.167	431	51	0	17	447	16	446	0.0	801
MDB9717539.1	QIZ20766.1	83.636	165	21	1	1	165	1	159	3.06e-94	266
MDB9717540.1	QIZ20765.1	74.242	330	78	3	3	332	2	324	3.92e-178	492
MDB9717541.1	QIZ20764.1	51.020	343	166	1	1	341	1	343	1.48e-118	342
MDB9717542.1	QIZ20763.1	82.306	633	107	2	3	635	1	628	0.0	1022
MDB9717543.1	QIZ20762.1	70.262	343	102	0	1	343	8	350	1.77e-157	441
MDB9717544.1	QIZ20761.1	81.941	443	80	0	1	443	1	443	0.0	744
MDB9717545.1	QIZ20760.1	76.667	270	63	0	1	270	1	270	4.52e-150	416
MDB9717546.1	QIZ20759.1	91.395	430	37	0	1	430	1	430	0.0	819
MDB9717547.1	QIZ20758.1	93.174	293	20	0	5	297	1	293	0.0	564
MDB9717548.1	QIZ20757.1	84.211	323	51	0	1	323	1	323	0.0	540
MDB9717550.1	QIZ20541.1	34.498	229	146	3	4	230	5	231	1.58e-34	121
MDB9717551.1	QIZ20756.1	71.290	310	89	0	1	310	1	310	6.64e-161	446
MDB9717552.1	QIZ20755.1	71.795	78	22	0	1	78	1	78	1.67e-33	106
MDB9717553.1	QIZ20754.1	73.793	290	76	0	1	290	1	290	7.99e-151	419
MDB9717554.1	QIZ20753.1	88.522	636	73	0	3	638	2	637	0.0	1192
MDB9717555.1	QIZ20752.1	90.556	360	34	0	1	360	1	360	0.0	664
MDB9717556.1	QIZ20751.1	73.558	208	54	1	1	207	1	208	1.10e-115	324
MDB9717557.1	QIZ20750.1	81.306	337	63	0	1	337	1	337	0.0	559
MDB9717558.1	QIZ20749.1	88.433	268	31	0	1	268	1	268	7.52e-160	441
MDB9717559.1	QIZ20748.1	86.348	293	40	0	1	293	1	293	0.0	539
MDB9717560.1	QIZ20747.1	70.015	687	206	0	1	687	1	687	0.0	968
MDB9717561.1	QIZ20746.1	87.006	885	115	0	1	885	1	885	0.0	1608
MDB9717562.1	QIZ21388.1	92.698	315	23	0	1	315	1	315	0.0	618
MDB9717563.1	QIZ21395.1	95.255	274	13	0	18	291	1	274	0.0	533
MDB9717564.1	QIZ21396.1	92.623	366	27	0	1	366	1	366	0.0	655
MDB9717565.1	QIZ21397.1	91.003	289	26	0	1	289	1	289	0.0	522
MDB9717566.1	QIZ21398.1	85.000	60	9	0	1	60	1	60	7.34e-34	105
MDB9717567.1	QIZ21399.1	75.476	473	110	4	1	470	1	470	0.0	701
MDB9717568.1	QIZ21400.1	61.538	299	115	0	1	299	1	299	1.32e-117	337
MDB9717569.1	QIZ21401.1	92.687	588	43	0	1	588	1	588	0.0	1111
MDB9717570.1	QIZ21402.1	91.209	182	16	0	1	182	1	182	5.07e-122	338
MDB9717571.1	QIZ21403.1	84.412	340	52	1	1	340	1	339	0.0	609
MDB9717575.1	QIZ20556.1	35.169	236	140	4	318	549	40	266	1.47e-39	143
MDB9717575.1	QIZ20556.1	32.422	256	149	7	19	270	41	276	3.34e-32	122
MDB9717576.1	QIZ21404.1	84.321	523	79	2	1	523	1	520	0.0	916
MDB9717577.1	QIZ21405.1	90.533	338	32	0	7	344	8	345	0.0	627
MDB9717578.1	QIZ21406.1	52.982	285	126	5	1	279	1	283	7.54e-96	284
MDB9717579.1	QIZ21407.1	50.000	166	83	0	1	166	1	166	6.78e-47	147
MDB9717580.1	QIZ21408.1	67.391	644	190	2	1	624	1	644	0.0	927
MDB9717581.1	QIZ21409.1	69.086	372	115	0	3	374	2	373	2.02e-180	501
MDB9717582.1	QIZ21410.1	84.223	412	65	0	1	412	1	412	0.0	739
MDB9717583.1	QIZ21329.1	67.290	428	138	1	2	429	23	448	0.0	593
MDB9717584.1	QIZ21328.1	63.374	243	88	1	1	242	1	243	2.77e-117	332
MDB9717585.1	QIZ21329.1	34.043	235	152	1	431	665	215	446	8.52e-38	142
MDB9717587.1	QIZ21326.1	33.034	1226	607	38	383	1458	413	1574	9.35e-179	571
MDB9717588.1	QIZ21326.1	34.360	1234	604	32	370	1478	425	1577	0.0	655
MDB9717590.1	QIZ21324.1	36.863	255	131	5	1	225	1	255	3.30e-39	132
MDB9717591.1	QIZ21323.1	37.107	318	139	13	1	270	1	305	1.03e-53	172
MDB9717592.1	QIZ21322.1	38.424	203	89	7	16	183	10	211	1.63e-35	120
MDB9717594.1	QIZ20725.1	76.126	888	212	0	1	888	1	888	0.0	1409
MDB9717595.1	QIZ20724.1	86.386	404	55	0	1	404	1	404	0.0	754
MDB9717596.1	QIZ20723.1	73.953	215	56	0	1	215	1	215	4.01e-124	346
MDB9717597.1	QIZ20722.1	62.313	268	99	2	1	267	1	267	1.40e-117	333
MDB9717598.1	QIZ20721.1	56.478	301	126	3	1	296	1	301	4.19e-120	342
MDB9717599.1	QIZ20720.1	74.877	203	51	0	1	203	1	203	2.50e-107	302
MDB9717600.1	QIZ20719.1	84.358	358	56	0	1	358	1	358	0.0	580
MDB9717601.1	QIZ20718.1	55.172	145	65	0	1	145	1	145	3.88e-52	158
MDB9717602.1	QIZ20717.1	80.230	521	102	1	1	520	1	521	0.0	863
MDB9717603.1	QIZ20716.1	77.698	139	31	0	1	139	1	139	8.63e-84	238
MDB9717604.1	QIZ20715.1	74.319	257	66	0	1	257	1	257	1.58e-140	390
MDB9717605.1	QIZ20714.1	88.235	204	24	0	1	204	1	204	8.52e-125	347
MDB9717606.1	QIZ20707.1	71.779	163	45	1	1	162	1	163	1.12e-81	234
MDB9717607.1	QIZ20706.1	76.953	256	59	0	1	256	9	264	3.07e-150	416
MDB9717608.1	QIZ20705.1	65.198	227	75	1	1	223	1	227	2.10e-108	307
MDB9717609.1	QIZ20704.1	55.873	315	137	2	1	313	1	315	4.20e-127	361
MDB9717610.1	QIZ20703.1	79.863	293	55	1	1	289	1	293	8.88e-158	437
MDB9717611.1	QIZ20702.1	71.117	367	106	0	1	367	1	367	0.0	526
MDB9717612.1	QIZ20701.1	87.302	126	16	0	1	126	1	126	8.31e-82	231
MDB9717613.1	QIZ20700.1	93.803	952	59	0	1	952	1	952	0.0	1834
MDB9717614.1	QIZ20699.1	80.918	414	79	0	1	414	1	414	0.0	692
MDB9717616.1	QIZ20698.1	73.214	392	105	0	1	392	1	392	0.0	588
MDB9717617.1	QIZ20697.1	65.385	182	63	0	1	182	1	182	6.12e-85	244
MDB9717618.1	QIZ20696.1	78.261	253	55	0	1	253	1	253	4.69e-156	429
MDB9717619.1	QIZ20695.1	81.935	155	28	0	1	155	1	155	7.06e-75	216
MDB9717620.1	QIZ20694.1	94.823	367	19	0	1	367	1	367	0.0	708
MDB9717621.1	QIZ20692.1	67.292	480	155	1	4	481	12	491	0.0	694
MDB9717622.1	QIZ20691.1	90.130	922	91	0	1	922	1	922	0.0	1774
MDB9717623.1	QIZ20690.1	85.507	552	79	1	1	551	1	552	0.0	961
MDB9717624.1	QIZ20689.1	64.493	276	97	1	1	275	1	276	2.51e-132	372
MDB9717625.1	QIZ20687.1	59.615	156	63	0	17	172	1	156	1.20e-56	171
MDB9717626.1	QIZ20686.1	61.314	137	47	2	1	132	1	136	1.15e-55	166
MDB9717627.1	QIZ20685.1	56.436	202	87	1	1	201	1	202	1.84e-78	229
MDB9717628.1	QIZ20684.1	63.680	413	147	1	1	413	1	410	0.0	509
MDB9717629.1	QIZ20683.1	74.751	301	76	0	1	301	1	301	2.82e-162	449
MDB9717630.1	QIZ20682.1	88.395	405	47	0	1	405	1	405	0.0	761
MDB9717631.1	QIZ20681.1	94.278	367	21	0	5	371	4	370	0.0	735
MDB9717632.1	QIZ20680.1	78.098	347	76	0	1	347	1	347	0.0	588
MDB9717633.1	QIZ20679.1	86.667	75	10	0	1	75	1	75	2.86e-46	138
MDB9717634.1	QIZ20675.1	60.294	68	27	0	14	81	1	68	7.51e-25	84.0
MDB9717635.1	QIZ21534.1	41.905	105	60	1	18	122	18	121	1.26e-29	99.4
MDB9717636.1	QIZ20673.1	72.535	426	117	0	1	426	1	426	0.0	632
MDB9717637.1	QIZ20672.1	68.531	286	90	0	1	286	1	286	1.62e-150	418
MDB9717638.1	QIZ20671.1	74.110	309	79	1	1	308	1	309	1.58e-171	473
MDB9717639.1	QIZ20670.1	78.654	431	92	0	1	431	1	431	0.0	712
MDB9717641.1	QIZ20669.1	87.708	480	59	0	14	493	14	493	0.0	890
MDB9717642.1	QIZ20668.1	65.746	181	62	0	1	181	1	181	4.39e-86	247
MDB9717643.1	QIZ20667.1	81.932	797	141	2	1	797	1	794	0.0	1262
MDB9717644.1	QIZ20666.1	82.766	470	81	0	1	470	1	470	0.0	825
MDB9717645.1	QIZ20665.1	78.289	152	33	0	1	152	1	152	4.62e-77	221
MDB9717646.1	QIZ20664.1	94.286	70	4	0	21	90	1	70	1.76e-45	136
MDB9717647.1	QIZ20663.1	81.731	104	19	0	1	104	1	104	3.21e-62	181
MDB9717648.1	QIZ20662.1	67.208	308	101	0	1	308	1	308	1.45e-147	413
MDB9717649.1	QIZ20661.1	85.306	245	36	0	1	245	3	247	1.30e-153	423
MDB9717650.1	QIZ20660.1	92.405	79	6	0	1	79	1	79	9.21e-47	139
MDB9717651.1	QIZ20659.1	75.714	210	51	0	1	210	1	210	1.63e-120	336
MDB9717652.1	QIZ20658.1	68.846	260	81	0	2	261	3	262	1.87e-131	368
MDB9717653.1	QIZ20657.1	62.667	150	55	1	2	150	171	320	1.59e-62	190
MDB9717654.1	QIZ20616.1	88.958	480	53	0	1	480	102	581	0.0	892
MDB9717655.1	QIZ20615.1	84.348	115	18	0	1	115	1	115	1.84e-73	209
MDB9717656.1	QIZ20614.1	66.310	187	63	0	1	187	1	187	1.75e-81	236
MDB9717657.1	QIZ20613.1	76.744	301	70	0	1	301	1	301	1.25e-179	493
MDB9717658.1	QIZ20612.1	72.483	149	41	0	1	149	1	149	2.40e-72	209
MDB9717659.1	QIZ20611.1	56.962	79	34	0	1	79	1	79	5.07e-29	95.5
MDB9717660.1	QIZ20610.1	88.950	181	20	0	1	181	1	181	4.22e-120	333
MDB9717661.1	QIZ20609.1	87.879	330	40	0	1	330	1	330	0.0	602
MDB9717662.1	QIZ20608.1	62.950	278	102	1	1	278	1	277	6.63e-125	353
MDB9717664.1	QIZ20606.1	86.875	480	63	0	1	480	1	480	0.0	895
MDB9717665.1	QIZ20605.1	93.095	391	27	0	1	391	1	391	0.0	750
MDB9717666.1	QIZ20604.1	87.842	329	40	0	4	332	3	331	0.0	544
MDB9717667.1	QIZ20603.1	95.031	322	16	0	1	322	1	322	0.0	631
MDB9717668.1	QIZ20602.1	77.515	169	38	0	1	169	1	169	5.25e-84	241
MDB9717669.1	QIZ20601.1	95.643	482	21	0	1	482	1	482	0.0	847
MDB9717670.1	QIZ20600.1	75.904	249	59	1	1	249	1	248	4.39e-140	389
MDB9717671.1	QIZ20591.1	53.405	279	130	0	1	279	1	279	3.47e-109	313
MDB9717673.1	QIZ20587.1	76.170	235	56	0	1	235	1	235	3.12e-127	355
MDB9717674.1	QIZ20586.1	94.819	193	10	0	1	193	1	193	1.93e-136	375
MDB9717675.1	QIZ20213.1	63.158	152	56	0	18	169	26	177	1.41e-64	191
MDB9717676.1	QIZ20211.1	70.833	96	28	0	1	96	1	96	1.48e-48	145
MDB9717677.1	QIZ20542.1	49.167	480	241	1	3	479	2	481	3.46e-155	446
MDB9717679.1	QIZ20589.1	62.456	285	107	0	3	287	4	288	4.19e-131	369
MDB9717680.1	QIZ20585.1	72.388	268	74	0	1	268	1	268	3.15e-148	411
MDB9717681.1	QIZ20584.1	72.131	183	51	0	5	187	4	186	5.78e-98	277
MDB9717682.1	QIZ20583.1	63.158	114	42	0	1	114	1	114	1.18e-53	159
MDB9717683.1	QIZ20582.1	66.364	110	37	0	1	110	1	110	1.77e-41	128
MDB9717684.1	QIZ20581.1	69.333	75	23	0	1	75	1	75	1.95e-35	110
MDB9717685.1	QIZ20579.1	94.545	110	6	0	1	110	1	110	1.49e-69	199
MDB9717686.1	QIZ20577.1	87.736	106	13	0	1	106	1	106	1.19e-67	194
MDB9717689.1	QIZ20563.1	46.809	282	142	6	30	306	16	294	7.54e-76	231
MDB9717691.1	QIZ20572.1	68.504	127	40	0	1	127	1	127	6.27e-67	194
MDB9717692.1	QIZ20573.1	96.875	96	3	0	1	96	1	96	1.20e-68	196
MDB9717693.1	QIZ20574.1	76.667	120	28	0	1	120	1	120	6.10e-61	179
MDB9717697.1	QIZ20571.1	78.125	96	20	1	9	103	1	96	5.98e-53	156
MDB9717698.1	QIZ20570.1	78.102	137	30	0	1	137	1	137	1.01e-82	234
MDB9717699.1	QIZ20569.1	86.486	333	45	0	1	333	1	333	0.0	598
MDB9717700.1	QIZ20568.1	81.250	192	36	0	1	192	1	192	8.13e-115	320
MDB9717701.1	QIZ20567.1	95.556	135	6	0	1	135	1	135	2.79e-99	276
MDB9717702.1	QIZ20566.1	63.057	157	58	0	1	157	1	157	1.04e-70	206
MDB9717703.1	QIZ20562.1	88.211	492	58	0	1	492	1	492	0.0	905
MDB9717704.1	QIZ20558.1	82.883	222	32	1	1	222	1	216	9.87e-138	380
MDB9717705.1	QIZ20557.1	95.312	320	15	0	1	320	1	320	0.0	625
MDB9717706.1	QIZ20556.1	83.333	348	58	0	6	353	3	350	0.0	600
MDB9717707.1	QIZ20555.1	87.425	501	63	0	1	501	1	501	0.0	909
MDB9717708.1	QIZ20554.1	70.297	202	60	0	1	202	1	202	3.22e-94	269
MDB9717709.1	QIZ20553.1	96.963	428	13	0	1	428	1	428	0.0	863
MDB9717710.1	QIZ20552.1	86.469	303	41	0	1	303	1	303	0.0	538
MDB9717711.1	QIZ20551.1	67.018	379	125	0	1	379	1	379	0.0	540
MDB9717712.1	QIZ21344.1	61.972	284	103	3	1	281	1	282	2.90e-118	336
MDB9717713.1	QIZ21345.1	60.308	325	125	2	1	321	2	326	6.72e-133	377
MDB9717715.1	QIZ20550.1	79.940	334	66	1	1	333	1	334	0.0	520
MDB9717716.1	QIZ20549.1	88.667	300	34	0	1	300	338	637	0.0	555
MDB9717717.1	QIZ21016.1	67.391	92	30	0	1	92	404	495	2.09e-45	149
MDB9717718.1	QIZ21015.1	88.175	389	46	0	1	389	1	389	0.0	699
MDB9717719.1	QIZ21014.1	91.296	517	45	0	1	517	14	530	0.0	929
MDB9717720.1	QIZ21013.1	80.619	743	128	4	3	739	4	736	0.0	1185
MDB9717721.1	QIZ21012.1	81.967	122	22	0	1	122	1	122	2.20e-72	207
MDB9717722.1	QIZ21011.1	85.366	82	12	0	1	82	1	82	6.67e-46	137
MDB9717723.1	QIZ21010.1	96.957	690	21	0	1	690	1	690	0.0	1364
MDB9717724.1	QIZ21008.1	91.571	261	22	0	1	261	1	261	0.0	503
MDB9717725.1	QIZ21007.1	96.429	336	12	0	1	336	68	403	0.0	669
MDB9717726.1	QIZ21007.1	88.406	69	8	0	1	69	1	69	3.56e-40	132
MDB9717727.1	QIZ21006.1	91.566	166	14	0	1	166	1	166	1.78e-114	317
MDB9717728.1	QIZ21005.1	67.176	131	43	0	7	137	7	137	2.35e-65	191
MDB9717730.1	QIZ20329.1	62.245	196	72	2	3	197	19	213	2.93e-94	269
MDB9717731.1	QIZ21001.1	65.035	143	50	0	4	146	6	148	1.02e-68	200
MDB9717732.1	QIZ21000.1	67.200	250	82	0	1	250	1	250	3.13e-123	346
MDB9717733.1	QIZ20999.1	80.000	145	29	0	1	145	1	145	5.58e-86	243
MDB9717734.1	QIZ20998.1	72.818	401	109	0	1	401	1	401	0.0	610
MDB9717735.1	QIZ20997.1	82.759	522	90	0	1	522	1	522	0.0	881
MDB9717736.1	QIZ20996.1	77.778	234	52	0	1	234	1	234	1.95e-140	389
MDB9717737.1	QIZ20995.1	66.202	287	97	0	1	287	1	287	1.15e-124	353
MDB9717738.1	QIZ20994.1	80.233	86	17	0	1	86	1	86	2.51e-45	136
MDB9717739.1	QIZ20993.1	82.655	467	77	3	7	472	7	470	0.0	784
MDB9717740.1	QIZ20992.1	91.892	370	30	0	1	370	1	370	0.0	693
MDB9717741.1	QIZ20991.1	73.820	233	61	0	1	233	1	233	1.76e-120	338
MDB9717742.1	QIZ20990.1	75.248	404	100	0	1	404	1	404	0.0	606
MDB9717744.1	QIZ20989.1	82.040	451	81	0	1	451	1	451	0.0	748
MDB9717745.1	QIZ20988.1	60.819	171	65	1	1	169	1	171	9.58e-74	214
MDB9717746.1	QIZ20987.1	79.104	67	14	0	1	67	1	67	2.63e-26	87.0
MDB9717747.1	QIZ20986.1	65.566	212	73	0	1	212	1	212	3.48e-109	308
MDB9717748.1	QIZ20985.1	86.559	186	25	0	4	189	3	188	5.71e-124	343
MDB9717749.1	QIZ20984.1	84.746	177	27	0	1	177	1	177	1.22e-99	281
MDB9717750.1	QIZ20983.1	53.548	155	72	0	7	161	5	159	1.41e-56	170
MDB9717751.1	QIZ20982.1	66.162	198	67	0	1	198	1	198	5.97e-92	263
MDB9717752.1	QIZ20981.1	69.069	569	170	3	1	565	1	567	0.0	761
MDB9717753.1	QIZ20980.1	74.013	304	72	4	1	297	1	304	2.85e-144	404
MDB9717754.1	QIZ20979.1	85.185	108	16	0	1	108	1	108	2.70e-66	191
MDB9717755.1	QIZ20978.1	63.704	135	48	1	2	135	4	138	3.88e-55	165
MDB9717756.1	QIZ20977.1	79.599	799	163	0	1	799	3	801	0.0	1325
MDB9717757.1	QIZ21117.1	75.000	68	17	0	1	68	556	623	1.42e-26	95.9
MDB9717758.1	QIZ21118.1	49.711	173	86	1	1	172	1	173	2.57e-61	183
MDB9717759.1	QIZ21119.1	57.377	122	50	1	1	120	1	122	2.33e-43	134
MDB9717760.1	QIZ21120.1	75.177	141	35	0	30	170	29	169	1.19e-78	227
MDB9717761.1	QIZ21122.1	88.251	383	45	0	1	383	1	383	0.0	730
MDB9717762.1	QIZ21123.1	93.005	386	27	0	1	386	1	386	0.0	726
MDB9717763.1	QIZ21124.1	33.333	420	273	5	57	473	41	456	1.06e-73	236
MDB9717766.1	QIZ21125.1	88.644	317	36	0	1	317	1	317	0.0	585
MDB9717767.1	QIZ21134.1	93.782	386	22	2	1	385	1	385	0.0	718
MDB9717768.1	QIZ21135.1	86.154	195	27	0	1	195	1	195	3.85e-131	362
MDB9717769.1	QIZ21136.1	95.364	453	21	0	1	453	1	453	0.0	830
MDB9717770.1	QIZ21137.1	72.624	442	121	0	1	442	1	442	0.0	632
MDB9717771.1	QIZ21138.1	87.037	54	7	0	5	58	6	59	3.38e-30	96.3
MDB9717772.1	QIZ21139.1	78.495	279	60	0	1	279	14	292	3.51e-150	418
MDB9717773.1	QIZ21140.1	69.291	254	78	0	19	272	19	272	7.48e-142	395
MDB9717774.1	QIZ21141.1	69.519	187	57	0	1	187	1	187	1.82e-94	268
MDB9717775.1	QIZ21142.1	83.934	305	49	0	1	305	1	305	0.0	525
MDB9717776.1	QIZ21143.1	74.453	274	70	0	1	274	1	274	1.04e-142	397
MDB9717777.1	QIZ21144.1	90.487	452	43	0	1	452	1	452	0.0	800
MDB9717778.1	QIZ21145.1	85.981	107	15	0	1	107	1	107	7.12e-67	197
MDB9717779.1	QIZ21146.1	84.211	228	36	0	1	228	1	228	1.80e-148	408
MDB9717780.1	QIZ21148.1	89.722	467	48	0	1	467	1	467	0.0	874
MDB9717781.1	QIZ21149.1	85.075	201	30	0	1	201	9	209	5.29e-126	350
MDB9717782.1	QIZ21150.1	92.935	368	26	0	1	368	1	368	0.0	682
MDB9717783.1	QIZ21151.1	82.283	587	104	0	1	587	1	587	0.0	1022
MDB9717784.1	QIZ21152.1	79.143	537	112	0	1	537	1	537	0.0	913
MDB9717785.1	QIZ21153.1	67.442	258	84	0	1	258	1	258	3.86e-137	382
MDB9717786.1	QIZ21154.1	69.648	369	112	0	1	369	1	369	0.0	537
MDB9717787.1	QIZ21155.1	77.039	331	76	0	1	331	1	331	0.0	531
MDB9717788.1	QIZ21156.1	76.378	127	30	0	1	127	1	127	1.22e-69	201
MDB9717789.1	QIZ21157.1	60.185	108	43	0	1	108	1	108	3.00e-37	117
MDB9717790.1	QIZ21158.1	92.386	591	44	1	1	591	1	590	0.0	1152
MDB9717791.1	QIZ21159.1	89.177	231	25	0	1	231	27	257	4.15e-161	442
MDB9717792.1	QIZ21160.1	93.561	497	32	0	1	497	1	497	0.0	969
MDB9717793.1	QIZ21161.1	94.688	320	17	0	1	320	1	320	0.0	610
MDB9717794.1	QIZ21162.1	87.302	126	16	0	1	126	1	126	3.86e-76	226
MDB9717795.1	QIZ20188.1	89.744	156	16	0	1	156	1	156	7.44e-100	280
MDB9717796.1	QIZ20189.1	94.790	499	26	0	1	499	1	499	0.0	922
MDB9717797.1	QIZ21214.1	37.786	262	156	4	29	286	29	287	5.59e-41	139
MDB9717798.1	QIZ20190.1	76.667	360	84	0	1	360	1	360	0.0	585
MDB9717799.1	QIZ20191.1	70.166	181	54	0	1	181	1	181	5.12e-98	277
MDB9717800.1	QIZ20192.1	79.641	167	34	0	1	167	1	167	5.01e-102	286
MDB9717801.1	QIZ20224.1	43.979	191	102	3	1	190	1	187	4.88e-51	160
MDB9717803.1	QIZ20195.1	81.467	259	48	0	1	259	1	259	4.10e-163	448
MDB9717804.1	QIZ20196.1	83.920	199	32	0	1	199	1	199	5.70e-130	359
MDB9717805.1	QIZ20197.1	95.506	178	8	0	5	182	112	289	6.97e-125	349
MDB9717806.1	QIZ20197.1	85.841	113	16	0	1	113	1	113	5.04e-72	212
MDB9717807.1	QIZ20198.1	79.653	403	80	2	1	402	1	402	0.0	573
MDB9717808.1	QIZ20199.1	74.269	171	44	0	1	171	1	171	3.78e-89	254
MDB9717809.1	QIZ20200.1	89.737	380	39	0	1	380	1	380	0.0	711
MDB9717810.1	QIZ20201.1	96.726	336	11	0	1	336	1	336	0.0	678
MDB9717811.1	QIZ20202.1	90.244	164	16	0	1	164	1	164	2.62e-108	301
MDB9717812.1	QIZ20203.1	95.785	261	11	0	1	261	1	261	9.95e-180	498
MDB9717813.1	QIZ20203.1	95.604	182	8	0	1	182	262	443	1.51e-121	346
MDB9717814.1	QIZ20204.1	87.500	328	41	0	7	334	1	328	0.0	610
MDB9717815.1	QIZ20205.1	81.949	277	50	0	1	277	1	277	3.62e-142	397
MDB9717817.1	QIZ20218.1	35.588	340	195	12	7	331	47	377	8.12e-58	187
MDB9717820.1	QIZ20555.1	37.805	246	148	1	252	497	254	494	5.63e-48	169
MDB9717820.1	QIZ20555.1	44.444	117	65	0	2	118	377	493	2.33e-25	104
MDB9717822.1	QIZ21478.1	50.470	319	149	3	7	324	6	316	8.43e-113	327
MDB9717823.1	QIZ21214.1	29.310	290	195	4	20	308	12	292	8.87e-33	118
MDB9717824.1	QIZ21483.1	35.620	379	243	1	15	392	3	381	6.52e-88	267
MDB9717825.1	QIZ20301.1	26.501	483	309	11	6	461	8	471	5.06e-28	112
MDB9717832.1	QIZ21448.1	61.659	446	170	1	1	445	33	478	0.0	552
MDB9717833.1	QIZ21074.1	63.636	165	60	0	1	165	1	165	2.81e-74	216
MDB9717834.1	QIZ21073.1	74.380	121	31	0	1	121	1	121	2.83e-64	187
MDB9717835.1	QIZ21072.1	50.000	92	43	2	1	90	1	91	8.14e-21	75.1
MDB9717836.1	QIZ21071.1	89.641	251	26	0	1	251	1	251	1.55e-167	458
MDB9717837.1	QIZ21070.1	88.750	240	26	1	1	240	1	239	4.47e-155	426
MDB9717838.1	QIZ21068.1	88.942	208	23	0	1	208	1	208	1.20e-137	379
MDB9717839.1	QIZ21067.1	92.857	196	14	0	1	196	1	196	2.33e-136	375
MDB9717840.1	QIZ21066.1	87.135	171	22	0	1	171	1	171	3.92e-111	309
MDB9717841.1	QIZ21065.1	88.403	457	51	2	1	457	1	455	0.0	801
MDB9717842.1	QIZ21064.1	62.774	137	49	2	4	138	35	171	3.72e-55	166
MDB9717843.1	QIZ21063.1	70.558	197	58	0	1	197	1	197	6.69e-104	293
MDB9717844.1	QIZ21062.1	65.000	140	49	0	1	140	1	140	8.51e-53	159
MDB9717845.1	QIZ21061.1	62.857	140	52	0	1	140	1	140	2.42e-63	186
MDB9717846.1	QIZ21060.1	75.336	223	51	3	1	220	1	222	6.41e-123	343
MDB9717847.1	QIZ21059.1	64.407	177	63	0	1	177	1	177	5.79e-72	211
MDB9717848.1	QIZ21058.1	60.837	263	103	0	2	264	3	265	1.37e-117	333
MDB9717849.1	QIZ21057.1	71.795	195	55	0	1	195	1	195	1.90e-96	274
MDB9717850.1	QIZ21056.1	75.836	269	65	0	1	269	1	269	2.22e-156	432
MDB9717851.1	QIZ21055.1	73.273	333	89	0	1	333	1	333	0.0	518
MDB9717854.1	QIZ21052.1	95.735	422	18	0	1	422	1	422	0.0	821
MDB9717856.1	QIZ21050.1	82.167	443	79	0	1	443	1	443	0.0	735
MDB9717857.1	QIZ21049.1	89.406	623	66	0	1	623	1	623	0.0	1136
MDB9717858.1	QIZ21048.1	66.351	211	71	0	3	213	2	212	1.68e-104	296
MDB9717859.1	QIZ21047.1	86.742	264	35	0	1	264	1	264	2.73e-173	474
MDB9717860.1	QIZ21046.1	74.113	282	73	0	1	282	1	282	7.13e-152	421
MDB9717861.1	QIZ21045.1	49.547	331	165	1	1	329	1	331	1.16e-102	300
MDB9717863.1	QIZ21043.1	71.040	846	242	3	1	845	1	844	0.0	1264
MDB9717864.1	QIZ21042.1	58.235	170	64	4	6	175	11	173	7.98e-62	185
MDB9717865.1	QIZ21041.1	35.191	341	181	15	1	313	1	329	6.15e-38	133
MDB9717866.1	QIZ21040.1	47.727	176	89	2	1	176	1	173	7.59e-46	145
MDB9717867.1	QIZ21039.1	59.908	217	86	1	1	217	1	216	9.73e-88	254
MDB9717868.1	QIZ21038.1	53.704	162	74	1	1	162	1	161	8.91e-48	148
MDB9717869.1	QIZ21037.1	41.146	192	104	3	4	186	2	193	6.57e-37	122
MDB9717870.1	QIZ21036.1	69.481	308	94	0	1	308	1	308	8.51e-161	446
MDB9717871.1	QIZ21035.1	84.500	200	31	0	5	204	18	217	1.39e-130	362
MDB9717873.1	QIZ20959.1	91.472	598	51	0	1	598	4	601	0.0	1139
MDB9717874.1	QIZ20960.1	78.803	802	168	1	1	800	1	802	0.0	1265
MDB9717875.1	QIZ20961.1	92.958	355	25	0	1	355	1	355	0.0	689
MDB9717876.1	QIZ20962.1	94.915	118	6	0	1	118	1	118	2.52e-81	229
MDB9717877.1	QIZ20963.1	95.588	68	3	0	1	68	1	68	5.26e-43	129
MDB9717878.1	QIZ20964.1	92.265	181	14	0	1	181	1	181	1.30e-125	347
MDB9717879.1	QIZ20965.1	87.618	638	79	0	1	638	1	638	0.0	1186
MDB9717880.1	QIZ20966.1	77.865	384	85	0	1	384	1	384	0.0	609
MDB9717881.1	QIZ20967.1	71.545	246	70	0	1	246	1	246	1.48e-121	342
MDB9717882.1	QIZ20969.1	81.812	1501	273	0	1	1501	1	1501	0.0	2589
MDB9717883.1	QIZ20970.1	85.595	479	69	0	1	479	1	479	0.0	830
MDB9717884.1	QIZ20971.1	65.000	240	83	1	1	239	1	240	3.68e-111	316
MDB9717885.1	QIZ20972.1	57.627	295	125	0	1	295	1	295	7.89e-128	362
MDB9717887.1	QIZ20973.1	69.953	426	118	2	1	419	1	423	0.0	607
MDB9717888.1	QIZ20974.1	91.502	1012	86	0	1	1012	1	1012	0.0	1967
MDB9717890.1	QIZ20976.1	82.836	134	23	0	1	134	1	134	4.07e-85	241
MDB9717893.1	QIZ21085.1	24.862	543	382	11	27	555	143	673	6.15e-42	155
MDB9717894.1	QIZ20776.1	63.551	107	39	0	1	107	1	107	6.72e-37	116
MDB9717895.1	QIZ20777.1	83.257	651	109	0	1	651	1	651	0.0	1146
MDB9717896.1	QIZ20778.1	85.672	335	48	0	1	335	1	335	0.0	602
MDB9717897.1	QIZ20779.1	71.939	392	110	0	1	392	1	392	0.0	583
MDB9717898.1	QIZ20780.1	80.060	336	67	0	1	336	1	336	0.0	551
MDB9717899.1	QIZ20781.1	68.000	200	63	1	6	204	8	207	8.65e-81	235
MDB9717900.1	QIZ20782.1	82.796	186	32	0	1	186	1	186	2.96e-118	328
MDB9717901.1	QIZ20783.1	64.228	246	88	0	1	246	1	246	6.01e-115	325
MDB9717903.1	QIZ20784.1	82.895	76	13	0	1	76	1	76	5.94e-46	137
MDB9717904.1	QIZ20785.1	81.538	195	36	0	1	195	1	195	5.34e-112	313
MDB9717905.1	QIZ20786.1	95.312	64	3	0	1	64	1	64	1.09e-37	115
MDB9717906.1	QIZ20853.1	53.879	232	107	0	1	232	7	238	6.79e-85	248
MDB9717907.1	QIZ20788.1	93.103	464	32	0	2	465	1	464	0.0	877
MDB9717908.1	QIZ20789.1	92.632	95	7	0	1	95	1	95	1.17e-58	171
MDB9717909.1	QIZ20790.1	80.939	362	69	0	1	362	1	362	0.0	587
MDB9717911.1	QIZ20792.1	95.122	41	2	0	1	41	1	41	3.81e-23	77.4
MDB9717912.1	QIZ20793.1	73.883	291	76	0	1	291	1	291	4.06e-159	441
MDB9717919.1	QIZ20804.1	35.081	248	154	4	1	247	8	249	2.48e-37	127
MDB9717920.1	QIZ20805.1	48.259	402	200	4	185	586	1	394	8.46e-129	379
MDB9717924.1	QIZ20874.1	73.393	560	135	5	1	549	1	557	0.0	796
MDB9717925.1	QIZ20873.1	80.952	105	20	0	1	105	1	105	7.62e-58	169
MDB9717926.1	QIZ20872.1	86.700	203	27	0	1	203	1	203	1.79e-130	361
MDB9717927.1	QIZ20871.1	77.763	733	153	2	5	727	1	733	0.0	1187
MDB9717928.1	QIZ20870.1	79.006	362	69	2	1	357	1	360	0.0	583
MDB9717929.1	QIZ20869.1	77.830	848	188	0	1	848	1	848	0.0	1357
MDB9717930.1	QIZ20868.1	70.208	433	129	0	1	433	1	433	0.0	629
MDB9717931.1	QIZ20867.1	62.759	145	49	2	1	142	1	143	4.59e-53	160
MDB9717932.1	QIZ20866.1	75.732	239	58	0	1	239	1	239	2.15e-134	374
MDB9717933.1	QIZ20865.1	75.682	403	98	0	1	403	1	403	0.0	635
MDB9717934.1	QIZ20864.1	90.137	365	36	0	1	365	1	365	0.0	675
MDB9717935.1	QIZ20863.1	82.584	356	62	0	1	356	1	356	0.0	582
MDB9717936.1	QIZ20862.1	61.702	282	106	1	1	282	1	280	1.81e-121	344
MDB9717937.1	QIZ20861.1	53.704	162	53	4	1	157	1	145	6.63e-39	125
MDB9717938.1	QIZ20860.1	67.506	397	127	2	34	428	36	432	0.0	543
MDB9717941.1	QIZ21352.1	37.746	710	319	22	1558	2197	1077	1733	8.22e-86	308
MDB9717941.1	QIZ21352.1	43.842	609	247	12	455	975	506	1107	4.23e-65	241
MDB9717941.1	QIZ21352.1	38.235	782	346	23	438	1095	634	1402	1.37e-57	216
MDB9717941.1	QIZ21352.1	49.200	250	109	3	15	246	1154	1403	2.81e-40	159
MDB9717941.1	QIZ21352.1	53.659	246	96	3	13	241	566	810	4.80e-36	145
MDB9717941.1	QIZ21352.1	52.459	244	99	2	15	241	713	956	1.87e-35	144
MDB9717942.1	QIZ21351.1	65.254	236	82	0	9	244	5	240	6.27e-111	315
MDB9717943.1	QIZ21350.1	60.899	445	173	1	1	444	1	445	0.0	538
MDB9717944.1	QIZ21349.1	63.766	701	253	1	1	700	1	701	0.0	926
MDB9717945.1	QIZ21458.1	69.133	473	146	0	1	473	1	473	0.0	692
MDB9717946.1	QIZ21459.1	57.534	365	155	0	10	374	10	374	8.91e-160	449
MDB9717947.1	QIZ21460.1	81.179	441	83	0	1	441	1	441	0.0	763
MDB9717948.1	QIZ21461.1	75.587	426	104	0	10	435	14	439	0.0	599
MDB9717949.1	QIZ21462.1	69.585	217	65	1	11	226	11	227	3.00e-110	311
MDB9717950.1	QIZ21463.1	71.233	292	84	0	1	292	1	292	1.42e-155	432
MDB9717951.1	QIZ21464.1	86.486	74	10	0	1	74	1	74	1.05e-45	136
MDB9717952.1	QIZ21465.1	94.635	466	25	0	1	466	1	466	0.0	902
MDB9717953.1	QIZ21466.1	94.017	117	7	0	25	141	17	133	1.25e-83	237
MDB9717954.1	QIZ21467.1	97.162	458	13	0	12	469	17	474	0.0	929
MDB9717955.1	QIZ21468.1	94.366	284	16	0	1	284	1	284	0.0	549
MDB9717956.1	QIZ21469.1	96.497	314	11	0	1	314	1	314	0.0	631
MDB9717957.1	QIZ21470.1	94.534	311	17	0	1	311	179	489	0.0	631
MDB9717958.1	QIZ20347.1	57.738	336	142	0	1	336	1	336	3.39e-136	386
MDB9717959.1	QIZ20348.1	86.199	442	61	0	1	442	1	442	0.0	780
MDB9717960.1	QIZ20349.1	77.124	153	34	1	1	152	1	153	2.51e-90	255
MDB9717961.1	QIZ20350.1	77.465	142	32	0	4	145	8	149	8.88e-83	236
MDB9717962.1	QIZ20351.1	71.471	333	95	0	1	333	1	333	7.04e-179	494
MDB9717963.1	QIZ20352.1	52.000	75	35	1	1	75	1	74	2.21e-22	77.8
MDB9717964.1	QIZ20353.1	85.748	428	61	0	1	428	1	428	0.0	699
MDB9717965.1	QIZ20354.1	83.333	300	50	0	1	300	1	300	0.0	500
MDB9717966.1	QIZ20355.1	78.723	282	60	0	1	282	1	282	4.87e-159	439
MDB9717967.1	QIZ20356.1	93.478	92	6	0	1	92	4	95	1.30e-59	173
MDB9717968.1	QIZ20357.1	87.586	145	18	0	1	145	1	145	2.77e-94	265
MDB9717970.1	QIZ20359.1	93.421	304	20	0	1	304	1	304	0.0	584
MDB9717975.1	QIZ20360.1	35.949	701	417	9	2	679	6	697	2.13e-127	389
MDB9717977.1	QIZ20362.1	60.175	570	215	2	1	564	1	564	0.0	682
MDB9717978.1	QIZ20363.1	71.111	315	91	0	1	315	1	315	6.92e-175	482
MDB9717979.1	QIZ20364.1	87.842	329	40	0	1	329	1	329	0.0	594
MDB9717980.1	QIZ20365.1	67.742	93	30	0	1	93	1	93	2.74e-44	134
MDB9717982.1	QIZ21162.1	94.819	193	10	0	1	193	194	386	2.38e-131	369
MDB9717983.1	QIZ21163.1	90.722	291	27	0	1	291	1	291	0.0	511
MDB9717984.1	QIZ21164.1	82.202	972	166	4	1	969	1	968	0.0	1680
MDB9717985.1	QIZ21165.1	76.749	443	85	3	1	443	1	425	0.0	678
MDB9717986.1	QIZ21166.1	84.120	466	74	0	1	466	1	466	0.0	811
MDB9717987.1	QIZ21167.1	81.413	651	121	0	1	651	1	651	0.0	1106
MDB9717988.1	QIZ21168.1	85.946	185	26	0	1	185	1	185	3.10e-115	321
MDB9717989.1	QIZ21169.1	96.660	509	17	0	1	509	1	509	0.0	1001
MDB9717990.1	QIZ21170.1	97.251	291	8	0	1	291	1	291	0.0	577
MDB9717991.1	QIZ21171.1	97.881	472	10	0	1	472	1	472	0.0	937
MDB9717992.1	QIZ21172.1	80.000	130	26	0	1	130	1	130	2.16e-72	208
MDB9717993.1	QIZ21173.1	73.418	158	42	0	1	158	1	158	1.70e-86	246
MDB9717994.1	QIZ21174.1	81.717	361	66	0	19	379	19	379	0.0	609
MDB9717995.1	QIZ21175.1	82.759	116	20	0	1	116	1	116	7.81e-68	195
MDB9717996.1	QIZ21176.1	67.647	170	55	0	4	173	11	180	5.06e-78	226
MDB9717997.1	QIZ21177.1	79.277	415	86	0	1	415	1	415	0.0	655
MDB9717998.1	QIZ21178.1	76.087	368	88	0	1	368	1	368	0.0	573
MDB9717999.1	QIZ21179.1	79.205	327	68	0	1	327	1	327	0.0	516
MDB9718000.1	QIZ21180.1	95.238	84	4	0	1	84	1	84	4.89e-54	158
MDB9718001.1	QIZ21181.1	77.500	80	15	1	1	80	58	134	5.43e-41	127
MDB9718002.1	QIZ20387.1	92.954	667	47	0	1	667	282	948	0.0	1292
MDB9718003.1	QIZ20388.1	83.000	200	31	1	1	200	1	197	1.64e-121	338
MDB9718004.1	QIZ20389.1	77.966	295	65	0	1	295	1	295	3.43e-168	464
MDB9718005.1	QIZ20390.1	76.789	517	120	0	1	517	1	517	0.0	791
MDB9718006.1	QIZ20391.1	87.097	93	11	1	4	96	3	94	1.28e-54	160
MDB9718007.1	QIZ20392.1	76.019	417	100	0	1	417	1	417	0.0	667
MDB9718008.1	QIZ20393.1	88.492	252	29	0	1	252	1	252	1.80e-163	448
MDB9718009.1	QIZ20394.1	72.464	69	18	1	1	69	1	68	7.59e-25	84.0
MDB9718010.1	QIZ20395.1	77.941	68	13	1	1	66	1	68	1.16e-33	105
MDB9718011.1	QIZ20396.1	82.883	222	38	0	10	231	13	234	4.20e-138	383
MDB9718012.1	QIZ20397.1	84.898	245	37	0	1	245	1	245	6.57e-145	401
MDB9718013.1	QIZ20398.1	64.762	315	111	0	1	315	1	315	1.02e-145	409
MDB9718014.1	QIZ20399.1	55.814	86	38	0	1	86	1	86	1.70e-29	96.7
MDB9718015.1	QIZ20400.1	71.924	577	162	0	1	577	1	577	0.0	858
MDB9718016.1	QIZ20401.1	70.300	367	109	0	1	367	1	367	0.0	509
MDB9718017.1	QIZ20402.1	81.905	105	19	0	1	105	1	105	1.89e-60	176
MDB9718018.1	QIZ20403.1	80.233	258	51	0	1	258	1	258	8.56e-162	444
MDB9718019.1	QIZ20404.1	80.120	332	66	0	1	332	1	332	0.0	560
MDB9718020.1	QIZ20405.1	81.746	126	23	0	7	132	8	133	2.61e-74	213
MDB9718021.1	QIZ20406.1	80.524	267	52	0	1	267	1	267	1.80e-155	429
MDB9718022.1	QIZ20407.1	73.577	246	65	0	1	246	3	248	1.32e-134	375
MDB9718023.1	QIZ20408.1	67.945	365	91	5	4	349	1	358	3.59e-177	491
MDB9718024.1	QIZ20409.1	95.890	73	3	0	1	73	1	73	2.18e-46	138
MDB9718025.1	QIZ20410.1	93.953	215	13	0	1	215	1	215	1.47e-146	402
MDB9718026.1	QIZ20875.1	78.363	171	37	0	1	171	1	171	1.93e-97	278
MDB9718027.1	QIZ20876.1	64.609	243	84	1	2	242	3	245	1.37e-103	296
MDB9718028.1	QIZ20877.1	69.832	179	54	0	1	179	11	189	2.90e-95	270
MDB9718029.1	QIZ20878.1	78.641	309	66	0	1	309	1	309	0.0	503
MDB9718030.1	QIZ20879.1	80.990	384	73	0	1	384	1	384	0.0	617
MDB9718031.1	QIZ20881.1	80.723	166	30	2	1	164	1	166	2.25e-98	276
MDB9718032.1	QIZ20882.1	76.025	317	76	0	1	317	1	317	0.0	511
MDB9718033.1	QIZ20883.1	74.510	204	51	1	1	204	1	203	4.20e-116	324
MDB9718034.1	QIZ20884.1	70.968	310	89	1	13	321	13	322	4.47e-158	441
MDB9718035.1	QIZ20885.1	44.503	191	100	2	2	187	3	192	1.59e-40	132
MDB9718036.1	QIZ20886.1	75.686	255	62	0	1	255	1	255	8.39e-142	394
MDB9718037.1	QIZ20887.1	67.225	418	137	0	20	437	20	437	0.0	540
MDB9718038.1	QIZ20888.1	72.059	204	57	0	13	216	12	215	2.52e-101	288
MDB9718039.1	QIZ20889.1	84.028	576	91	1	1	575	1	576	0.0	993
MDB9718040.1	QIZ20890.1	91.579	95	8	0	1	95	1	95	2.07e-61	177
MDB9718041.1	QIZ20891.1	82.174	230	41	0	1	230	1	230	9.63e-142	391
MDB9718042.1	QIZ20892.1	69.378	209	64	0	1	209	1	209	1.25e-103	293
MDB9718043.1	QIZ20893.1	86.765	408	54	0	1	408	1	408	0.0	743
MDB9718044.1	QIZ20894.1	84.030	263	42	0	3	265	2	264	8.42e-154	425
MDB9718045.1	QIZ20895.1	74.026	308	80	0	1	308	1	308	0.0	499
MDB9718046.1	QIZ20896.1	48.592	426	211	7	1	422	1	422	1.11e-136	394
MDB9718047.1	QIZ20897.1	57.944	107	42	2	1	105	1	106	3.55e-40	125
MDB9718049.1	QIZ20975.1	43.318	217	115	1	1	209	177	393	3.90e-52	168
MDB9718050.1	QIZ21307.1	65.625	288	99	0	4	291	2	289	3.40e-151	421
MDB9718051.1	QIZ21443.1	92.606	284	21	0	1	284	1	284	0.0	505
MDB9718052.1	QIZ21442.1	86.747	415	55	0	1	415	1	415	0.0	743
MDB9718053.1	QIZ21441.1	86.264	364	46	2	13	375	13	373	0.0	645
MDB9718054.1	QIZ21440.1	86.630	359	48	0	3	361	4	362	0.0	658
MDB9718055.1	QIZ21439.1	81.959	388	70	0	1	388	1	388	0.0	677
MDB9718056.1	QIZ21438.1	65.587	247	85	0	1	247	1	247	1.39e-118	334
MDB9718058.1	QIZ20490.1	27.536	276	179	3	3	264	5	273	1.77e-28	107
MDB9718060.1	QIZ20555.1	41.453	234	134	2	48	280	265	496	3.77e-56	184
MDB9718063.1	QIZ20556.1	46.064	343	180	2	2	339	3	345	6.24e-109	317
MDB9718064.1	QIZ20592.1	33.597	253	152	6	4	254	5	243	2.43e-38	130
MDB9718066.1	QIZ21184.1	26.471	340	212	11	12	320	16	348	3.42e-28	108
MDB9718067.1	QIZ21460.1	31.268	339	202	9	13	339	120	439	5.61e-39	139
MDB9718068.1	QIZ21034.1	79.024	205	43	0	1	205	1	205	5.61e-118	331
MDB9718070.1	QIZ21033.1	89.096	376	38	2	1	376	1	373	0.0	660
MDB9718071.1	QIZ21032.1	93.471	628	41	0	1	628	1	628	0.0	1192
MDB9718072.1	QIZ21031.1	68.981	216	55	3	1	212	1	208	9.25e-101	286
MDB9718073.1	QIZ21030.1	68.528	197	62	0	2	198	4	200	1.59e-86	249
MDB9718074.1	QIZ21029.1	60.665	361	142	0	1	361	23	383	4.47e-156	439
MDB9718075.1	QIZ21028.1	67.133	286	94	0	1	286	1	286	7.84e-131	369
MDB9718076.1	QIZ21027.1	72.959	196	53	0	1	196	1	196	5.23e-108	303
MDB9718077.1	QIZ21026.1	84.709	327	50	0	1	327	434	760	0.0	562
MDB9718078.1	QIZ21025.1	71.316	509	145	1	1	509	1	508	0.0	709
MDB9718079.1	QIZ21024.1	78.979	333	70	0	1	333	1	333	0.0	551
MDB9718080.1	QIZ21023.1	76.111	180	42	1	1	179	1	180	2.19e-101	285
MDB9718083.1	QIZ20846.1	38.491	265	148	3	15	278	20	270	9.73e-53	172
MDB9718084.1	QIZ20851.1	26.006	323	204	9	11	320	6	306	4.35e-34	123
MDB9718085.1	QIZ20844.1	34.426	366	235	3	1	363	1	364	1.68e-69	218
MDB9718087.1	QIZ20834.1	39.604	303	175	4	16	313	1	300	1.92e-72	224
MDB9718090.1	QIZ20445.1	42.105	209	108	3	106	309	123	323	1.04e-37	132
MDB9718094.1	QIZ20500.1	89.266	354	38	0	1	354	30	383	0.0	676
MDB9718095.1	QIZ21307.1	27.586	261	181	6	8	263	9	266	1.32e-27	104
MDB9718096.1	QIZ20730.1	61.497	187	70	1	1	187	1	185	6.80e-81	234
MDB9718097.1	QIZ20676.1	89.441	161	17	0	1	161	1	161	1.37e-95	269
MDB9718098.1	QIZ21343.1	37.158	183	100	3	1	170	564	744	8.87e-37	129
MDB9718099.1	QIZ21343.1	58.777	507	195	2	13	518	43	536	0.0	620
MDB9718102.1	QIZ20510.1	77.419	434	98	0	1	434	1	434	0.0	706
MDB9718103.1	QIZ20511.1	95.791	594	25	0	1	594	1	594	0.0	1188
MDB9718104.1	QIZ20512.1	86.170	94	13	0	1	94	1	94	3.14e-56	164
MDB9718105.1	QIZ20513.1	96.649	388	13	0	1	388	1	388	0.0	783
MDB9718107.1	QIZ20556.1	33.036	224	142	5	376	597	45	262	4.97e-32	123
MDB9718107.1	QIZ20556.1	33.058	242	144	6	28	265	47	274	8.47e-32	122
MDB9718108.1	QIZ21444.1	84.054	740	118	0	1	740	1	740	0.0	1285
MDB9718109.1	QIZ21445.1	69.340	212	65	0	1	212	1	212	2.25e-109	308
MDB9718110.1	QIZ21446.1	63.877	227	77	1	19	240	19	245	1.42e-103	296
MDB9718111.1	QIZ21447.1	96.865	319	10	0	1	319	1	319	0.0	646
MDB9718112.1	QIZ21448.1	94.561	478	26	0	1	478	1	478	0.0	923
MDB9718113.1	QIZ21449.1	91.162	396	35	0	4	399	1	396	0.0	752
MDB9718114.1	QIZ21450.1	89.381	113	12	0	1	113	1	113	1.09e-74	213
MDB9718115.1	QIZ21451.1	56.481	108	44	2	1	107	1	106	1.73e-33	110
MDB9718116.1	QIZ21320.1	82.675	329	57	0	1	329	1	329	0.0	573
MDB9718117.1	QIZ21330.1	64.022	542	190	4	30	569	259	797	0.0	701
MDB9718118.1	QIZ21331.1	50.673	223	99	2	1	212	3	225	1.23e-64	195
MDB9718119.1	QIZ21332.1	46.296	108	55	3	44	149	59	165	3.08e-26	93.2
MDB9718120.1	QIZ21333.1	61.759	523	187	8	1	515	1	518	0.0	602
MDB9718121.1	QIZ21334.1	74.614	583	147	1	1	582	1	583	0.0	912
MDB9718122.1	QIZ21335.1	73.284	408	108	1	4	410	2	409	0.0	563
MDB9718123.1	QIZ21336.1	48.485	132	67	1	4	134	9	140	6.83e-41	129
MDB9718124.1	QIZ21337.1	72.727	99	27	0	1	99	1	99	4.97e-47	141
MDB9718125.1	QIZ21340.1	46.212	132	67	3	7	135	28	158	7.52e-36	117
MDB9718127.1	QIZ20637.1	79.392	592	106	2	1	576	1	592	0.0	912
MDB9718128.1	QIZ20638.1	88.327	257	30	0	1	257	1	257	2.98e-169	463
MDB9718130.1	QIZ20640.1	80.147	136	27	0	10	145	10	145	9.43e-81	231
MDB9718131.1	QIZ20641.1	74.483	145	32	2	1	144	1	141	8.40e-72	207
MDB9718132.1	QIZ20642.1	88.764	445	50	0	1	445	1	445	0.0	824
MDB9718133.1	QIZ20643.1	71.429	98	28	0	38	135	35	132	2.78e-51	155
MDB9718134.1	QIZ20644.1	76.271	118	28	0	1	118	1	118	8.27e-65	188
MDB9718135.1	QIZ20645.1	83.942	274	43	1	1	274	1	273	2.99e-170	467
MDB9718136.1	QIZ20646.1	83.333	594	99	0	1	594	1	594	0.0	1040
MDB9718137.1	QIZ20647.1	70.455	220	65	0	1	220	5	224	5.28e-100	285
MDB9718139.1	QIZ21154.1	54.340	265	113	2	2	266	9	265	8.83e-107	310
MDB9718141.1	QIZ21401.1	24.816	544	358	16	8	530	7	520	3.54e-38	144
MDB9718142.1	QIZ21121.1	30.481	374	251	3	8	372	4	377	5.34e-60	194
MDB9718145.1	QIZ20218.1	37.313	335	195	8	60	383	43	373	6.38e-63	202
MDB9718149.1	QIZ21425.1	89.439	303	32	0	1	303	1	303	0.0	560
MDB9718150.1	QIZ21424.1	90.654	107	10	0	1	107	1	107	1.43e-66	191
MDB9718151.1	QIZ21423.1	94.017	234	14	0	1	234	1	234	3.14e-164	449
MDB9718152.1	QIZ21422.1	91.571	261	22	0	1	261	1	261	5.74e-178	486
MDB9718153.1	QIZ21421.1	84.553	246	38	0	1	246	1	246	1.12e-157	433
MDB9718154.1	QIZ21420.1	71.920	349	97	1	3	350	2	350	0.0	517
MDB9718155.1	QIZ21419.1	83.838	297	48	0	1	297	1	297	0.0	508
MDB9718156.1	QIZ21418.1	85.472	413	58	1	1	411	1	413	0.0	739
MDB9718157.1	QIZ21417.1	92.157	204	16	0	1	204	1	204	3.70e-120	335
MDB9718158.1	QIZ21416.1	90.816	98	9	0	1	98	1	98	2.99e-64	185
MDB9718159.1	QIZ21415.1	86.000	50	7	0	1	50	1	50	2.23e-29	94.7
MDB9718160.1	QIZ20549.1	70.149	268	79	1	1	267	1	268	1.16e-133	387
MDB9718161.1	QIZ20548.1	93.208	265	18	0	1	265	1	265	0.0	504
MDB9718162.1	QIZ20547.1	89.490	314	32	1	1	313	1	314	0.0	568
MDB9718163.1	QIZ20561.1	91.618	346	29	0	1	346	1	346	0.0	662
MDB9718164.1	QIZ20560.1	95.550	427	19	0	1	427	1	427	0.0	742
MDB9718165.1	QIZ20559.1	95.364	151	7	0	1	151	19	169	5.26e-106	295
MDB9718166.1	QIZ20546.1	95.536	448	20	0	1	448	1	448	0.0	888
MDB9718167.1	QIZ20545.1	91.000	300	27	0	1	300	1	300	0.0	526
MDB9718168.1	QIZ20375.1	53.043	115	53	1	1	115	138	251	4.35e-32	109
MDB9718169.1	QIZ20374.1	73.368	383	102	0	1	383	1	383	0.0	578
MDB9718170.1	QIZ20373.1	65.517	203	70	0	1	203	1	203	4.01e-84	243
MDB9718171.1	QIZ20372.1	54.839	310	137	2	1	307	1	310	5.69e-106	307
MDB9718172.1	QIZ20371.1	77.193	513	117	0	1	513	1	513	0.0	827
MDB9718173.1	QIZ20370.1	63.492	252	91	1	1	251	1	252	2.59e-109	311
MDB9718174.1	QIZ20369.1	60.547	256	100	1	1	256	3	257	5.67e-116	328
MDB9718175.1	QIZ20368.1	66.879	157	52	0	6	162	14	170	3.99e-77	223
MDB9718176.1	QIZ20367.1	81.111	360	68	0	1	360	31	390	0.0	539
MDB9718177.1	QIZ20242.1	87.603	121	15	0	1	121	140	260	2.72e-75	219
MDB9718178.1	QIZ20241.1	86.250	80	11	0	1	80	1	80	7.35e-47	139
MDB9718179.1	QIZ20240.1	81.498	227	42	0	1	227	1	227	1.14e-142	394
MDB9718180.1	QIZ20238.1	86.842	76	10	0	1	76	1	76	8.50e-47	139
MDB9718181.1	QIZ20237.1	79.817	109	22	0	1	109	1	109	1.28e-65	189
MDB9718182.1	QIZ21356.1	33.198	491	290	12	160	628	245	719	2.85e-70	237
MDB9718184.1	QIZ21352.1	34.026	1540	664	49	8	1340	2	1396	6.45e-146	494
MDB9718184.1	QIZ21352.1	50.000	532	226	13	1641	2143	840	1360	8.79e-95	337
MDB9718184.1	QIZ21352.1	50.476	525	215	9	1641	2134	694	1204	1.30e-94	336
MDB9718184.1	QIZ21352.1	43.311	441	182	12	1641	2039	986	1400	7.78e-52	197
MDB9718184.1	QIZ21352.1	54.472	123	54	1	1641	1761	1282	1404	3.91e-24	106
MDB9718184.1	QIZ21352.1	32.010	403	180	15	532	909	1067	1400	1.35e-22	101
MDB9718185.1	QIZ21352.1	47.906	597	212	13	1292	1807	697	1275	3.43e-83	299
MDB9718185.1	QIZ21352.1	47.739	597	225	13	1292	1816	554	1135	1.94e-78	284
MDB9718185.1	QIZ21352.1	55.274	237	101	2	6	238	1	236	1.01e-76	278
MDB9718185.1	QIZ21352.1	45.534	571	222	13	1292	1786	843	1400	2.68e-70	258
MDB9718185.1	QIZ21352.1	35.726	585	262	19	611	1094	822	1393	3.26e-38	152
MDB9718189.1	QIZ20826.1	35.097	359	208	6	12	354	29	378	1.33e-52	176
MDB9718190.1	QIZ21068.1	36.946	203	123	3	2	199	3	205	1.22e-41	135
MDB9718191.1	QIZ21071.1	42.424	231	132	1	1	231	1	230	6.08e-63	193
MDB9718194.1	QIZ21476.1	73.600	125	32	1	1	125	1	124	1.11e-64	188
MDB9718195.1	QIZ21475.1	68.027	147	47	0	1	147	1	147	9.55e-68	198
MDB9718196.1	QIZ21474.1	93.949	314	19	0	1	314	1	314	0.0	616
MDB9718197.1	QIZ21473.1	88.903	775	86	0	1	775	1	775	0.0	1466
MDB9718198.1	QIZ21472.1	73.451	113	30	0	1	113	1	113	1.49e-62	182
MDB9718199.1	QIZ21163.1	54.422	294	129	2	1	293	1	290	6.15e-106	306
MDB9718200.1	QIZ20653.1	43.850	374	200	3	1	368	1	370	1.51e-102	303
MDB9718201.1	QIZ20652.1	90.309	485	47	0	1	485	1	485	0.0	891
MDB9718202.1	QIZ20651.1	88.971	136	15	0	1	136	1	136	2.20e-78	224
MDB9718203.1	QIZ20650.1	67.708	192	62	0	1	192	1	192	1.21e-81	236
MDB9718204.1	QIZ20649.1	79.765	341	69	0	1	341	1	341	0.0	534
MDB9718205.1	QIZ20648.1	41.589	214	125	0	6	219	6	219	8.76e-57	179
MDB9718206.1	QIZ21452.1	89.109	808	88	0	1	808	82	889	0.0	1513
MDB9718207.1	QIZ21453.1	51.869	214	103	0	1	214	1	214	4.02e-66	199
MDB9718208.1	QIZ21454.1	45.783	332	180	0	15	346	16	347	6.66e-99	295
MDB9718210.1	QIZ21455.1	85.915	142	20	0	1	142	1	142	1.60e-94	265
MDB9718211.1	QIZ21456.1	55.556	81	35	1	7	86	5	85	5.12e-23	85.9
MDB9718212.1	QIZ20950.1	73.333	465	122	2	1	463	138	602	0.0	694
MDB9718213.1	QIZ20951.1	67.136	426	140	0	1	426	1	426	0.0	587
MDB9718214.1	QIZ20952.1	88.630	686	77	1	1	686	1	685	0.0	1255
MDB9718215.1	QIZ20380.1	65.432	81	28	0	6	86	5	85	2.06e-27	94.7
MDB9718216.1	QIZ20381.1	76.727	275	64	0	1	275	1	275	2.43e-167	460
MDB9718217.1	QIZ20382.1	82.703	370	64	0	1	370	1	370	0.0	648
MDB9718218.1	QIZ20383.1	81.522	184	34	0	1	184	1	184	1.78e-113	316
MDB9718219.1	QIZ20384.1	84.146	164	26	0	1	164	1	164	7.39e-102	285
MDB9718220.1	QIZ20385.1	79.480	346	61	2	1	346	513	848	0.0	534
MDB9718222.1	QIZ20376.1	64.465	318	111	2	17	333	17	333	3.76e-150	421
MDB9718223.1	QIZ20377.1	71.478	291	83	0	2	292	3	293	2.79e-142	398
MDB9718224.1	QIZ20378.1	57.647	85	36	0	1	85	1	85	1.17e-23	82.0
MDB9718225.1	QIZ20379.1	70.698	587	172	0	1	587	1	587	0.0	838
MDB9718226.1	QIZ21430.1	83.962	212	34	0	1	212	1	212	5.21e-117	334
MDB9718227.1	QIZ21429.1	91.422	443	38	0	14	456	1	443	0.0	795
MDB9718228.1	QIZ21428.1	97.619	336	8	0	1	336	1	336	0.0	651
MDB9718229.1	QIZ21427.1	93.191	235	16	0	1	235	1	235	1.20e-155	427
MDB9718230.1	QIZ21426.1	95.238	147	7	0	1	147	118	264	3.84e-100	284
MDB9718231.1	QIZ20654.1	52.688	93	44	0	2	94	265	357	1.60e-24	90.1
MDB9718232.1	QIZ20655.1	48.349	757	384	3	182	935	61	813	0.0	676
MDB9718233.1	QIZ20656.1	41.667	288	166	2	22	307	17	304	1.56e-62	196
MDB9718234.1	QIZ20851.1	27.950	322	206	5	21	342	4	299	2.54e-35	127
MDB9718235.1	QIZ20858.1	31.065	338	206	10	1	331	27	344	6.94e-29	112
MDB9718236.1	QIZ20837.1	29.638	469	318	3	60	521	122	585	1.32e-67	224
MDB9718237.1	QIZ20467.1	94.118	306	18	0	1	306	27	332	0.0	582
MDB9718238.1	QIZ20466.1	88.820	161	18	0	1	161	1	161	8.50e-109	302
MDB9718239.1	QIZ20465.1	79.048	210	44	0	1	210	1	210	5.75e-126	350
MDB9718240.1	QIZ20464.1	85.437	103	15	0	1	103	1	103	6.31e-50	149
MDB9718241.1	QIZ20463.1	85.603	514	74	0	1	514	1	514	0.0	911
MDB9718242.1	QIZ20342.1	79.279	333	69	0	1	333	1	333	0.0	538
MDB9718243.1	QIZ20341.1	86.667	60	8	0	1	60	1	60	1.61e-36	112
MDB9718244.1	QIZ20340.1	59.574	141	57	0	12	152	12	152	1.40e-44	139
MDB9718245.1	QIZ20339.1	55.474	137	61	0	17	153	17	153	6.04e-54	163
MDB9718246.1	QIZ20338.1	95.455	528	24	0	1	528	174	701	0.0	1004
MDB9718250.1	QIZ21506.1	32.337	368	217	11	21	361	31	393	3.70e-57	187
MDB9718252.1	QIZ20262.1	98.876	89	1	0	1	89	1	89	7.33e-62	179
MDB9718253.1	QIZ20261.1	94.798	692	36	0	1	692	1	692	0.0	1368
MDB9718254.1	QIZ20260.1	88.462	156	18	0	1	156	1	156	9.33e-103	287
MDB9718255.1	QIZ20259.1	98.667	75	1	0	1	75	49	123	2.18e-49	147
MDB9718256.1	QIZ20235.1	83.673	49	8	0	1	49	110	158	5.38e-26	90.1
MDB9718257.1	QIZ20235.1	78.182	110	24	0	1	110	1	110	9.46e-61	182
MDB9718258.1	QIZ20234.1	80.863	533	102	0	1	533	1	533	0.0	922
MDB9718259.1	QIZ20233.1	78.095	315	67	1	1	313	139	453	0.0	507
MDB9718260.1	QIZ21352.1	34.907	593	259	21	499	1001	822	1377	9.29e-42	162
MDB9718260.1	QIZ21352.1	35.727	543	243	16	537	1001	570	1084	2.57e-31	128
MDB9718261.1	QIZ20220.1	89.179	268	29	0	1	268	217	484	0.0	504
MDB9718262.1	QIZ20208.1	72.308	130	36	0	2	131	3	132	1.76e-64	188
MDB9718263.1	QIZ20207.1	90.909	66	6	0	1	66	1	66	5.87e-41	124
MDB9718264.1	QIZ20206.1	78.111	434	95	0	1	434	1	434	0.0	709
MDB9718265.1	QIZ21116.1	73.913	69	18	0	1	69	1	69	4.70e-31	101
MDB9718266.1	QIZ21115.1	68.919	74	23	0	1	74	1	74	1.22e-34	108
MDB9718267.1	QIZ21114.1	81.356	236	43	1	1	235	1	236	2.05e-144	399
MDB9718268.1	QIZ21113.1	92.453	106	8	0	1	106	1	106	4.64e-72	205
MDB9718269.1	QIZ21112.1	89.560	182	19	0	1	182	1	182	4.79e-123	340
MDB9718270.1	QIZ21111.1	86.842	114	15	0	1	114	1	114	4.01e-71	203
MDB9718271.1	QIZ21110.1	87.013	77	10	0	1	77	177	253	6.82e-44	137
MDB9718272.1	QIZ20468.1	93.774	257	16	0	1	257	1	257	0.0	513
MDB9718273.1	QIZ20469.1	88.939	443	49	0	1	443	1	443	0.0	837
MDB9718274.1	QIZ20470.1	84.158	202	32	0	1	202	1	202	4.76e-131	362
MDB9718275.1	QIZ21353.1	59.225	542	185	4	19	529	15	551	0.0	663
MDB9718280.1	QIZ21150.1	32.153	339	198	11	1	320	24	349	1.49e-39	139
MDB9718281.1	QIZ20634.1	56.322	174	72	2	4	177	3	172	1.76e-64	198
MDB9718282.1	QIZ20635.1	76.961	408	94	0	1	408	1	408	0.0	651
MDB9718283.1	QIZ20636.1	75.263	190	44	1	1	190	544	730	1.90e-94	285
MDB9718284.1	QIZ20385.1	91.831	355	29	0	1	355	1	355	0.0	662
MDB9718285.1	QIZ20386.1	88.235	153	16	2	2	152	1	153	1.19e-91	258
MDB9718286.1	QIZ20387.1	94.393	214	12	0	1	214	1	214	8.88e-141	412
MDB9718287.1	QIZ21471.1	87.745	408	50	0	1	408	1	408	0.0	763
MDB9718289.1	QIZ20863.1	41.224	245	137	4	104	345	104	344	3.11e-53	175
MDB9718291.1	QIZ21384.1	62.791	86	32	0	1	86	479	564	3.70e-35	120
MDB9718292.1	QIZ21383.1	67.656	640	207	0	3	642	37	676	0.0	879
MDB9718293.1	QIZ21412.1	83.108	296	50	0	1	296	22	317	0.0	522
MDB9718294.1	QIZ21413.1	90.203	296	29	0	1	296	1	296	0.0	548
MDB9718295.1	QIZ21414.1	84.091	88	14	0	1	88	1	88	1.19e-52	156
