MDC1112819.1	QIZ20248.1	68.627	255	80	0	2	256	3	257	4.08e-118	334
MDC1112840.1	QIZ21336.1	35.115	131	84	1	3	132	12	142	8.42e-29	98.6
MDC1112843.1	QIZ21343.1	32.830	265	154	6	411	659	487	743	3.18e-41	155
MDC1112844.1	QIZ21320.1	51.090	321	155	2	5	323	3	323	2.91e-116	335
MDC1112855.1	QIZ21333.1	33.333	525	289	16	3	473	1	518	1.37e-79	252
MDC1112856.1	QIZ21334.1	41.438	584	314	7	1	560	2	581	2.78e-148	435
MDC1112857.1	QIZ21335.1	41.247	417	233	3	1	413	1	409	5.89e-98	294
MDC1112862.1	QIZ20606.1	78.497	479	103	0	1	479	1	479	0.0	806
MDC1112869.1	QIZ20501.1	47.500	320	166	1	1	318	1	320	1.21e-100	294
MDC1112876.1	QIZ20416.1	29.911	224	147	4	1	222	1	216	2.26e-32	115
MDC1112878.1	QIZ20608.1	61.871	278	105	1	1	278	1	277	2.24e-127	359
MDC1112879.1	QIZ20609.1	71.865	327	92	0	2	328	4	330	5.64e-177	489
MDC1112880.1	QIZ20610.1	88.950	181	20	0	1	181	1	181	3.62e-120	333
MDC1112881.1	QIZ20611.1	64.557	79	28	0	1	79	1	79	3.12e-32	103
MDC1112882.1	QIZ20612.1	72.000	150	42	0	1	150	1	150	5.45e-71	206
MDC1112883.1	QIZ20613.1	75.166	302	73	2	1	301	1	301	1.36e-174	480
MDC1112884.1	QIZ20614.1	57.988	169	71	0	1	169	1	169	8.59e-71	209
MDC1112892.1	QIZ20617.1	80.247	81	16	0	1	81	1	81	3.00e-47	140
MDC1112893.1	QIZ20618.1	84.337	166	26	0	1	166	1	166	4.97e-98	276
MDC1112894.1	QIZ20619.1	65.182	247	86	0	1	247	1	247	3.90e-90	262
MDC1112895.1	QIZ20620.1	68.367	196	62	0	1	196	1	196	1.09e-88	254
MDC1112896.1	QIZ20621.1	70.764	301	86	2	1	299	1	301	4.00e-149	416
MDC1112897.1	QIZ20622.1	83.729	295	48	0	1	295	1	295	8.90e-171	470
MDC1112898.1	QIZ20623.1	67.516	157	51	0	4	160	3	159	6.61e-71	206
MDC1112899.1	QIZ20624.1	93.590	468	30	0	1	468	1	468	0.0	925
MDC1112901.1	QIZ20625.1	82.727	110	19	0	1	110	1	110	6.05e-69	197
MDC1112902.1	QIZ20626.1	77.778	99	21	1	1	99	1	98	7.04e-52	154
MDC1112903.1	QIZ21170.1	89.437	142	15	0	2	143	150	291	1.25e-90	261
MDC1112904.1	QIZ21171.1	96.398	472	17	0	1	472	1	472	0.0	923
MDC1112905.1	QIZ21172.1	80.000	130	26	0	1	130	1	130	2.09e-72	208
MDC1112906.1	QIZ21173.1	72.785	158	43	0	1	158	1	158	1.14e-85	244
MDC1112907.1	QIZ21174.1	82.692	364	57	1	16	379	22	379	0.0	612
MDC1112908.1	QIZ21175.1	81.897	116	21	0	1	116	1	116	2.98e-67	194
MDC1112909.1	QIZ21176.1	68.235	170	54	0	3	172	11	180	2.92e-76	221
MDC1112910.1	QIZ21177.1	78.102	411	90	0	1	411	5	415	0.0	637
MDC1112911.1	QIZ21178.1	75.272	368	91	0	1	368	1	368	0.0	569
MDC1112912.1	QIZ21179.1	78.287	327	71	0	1	327	1	327	0.0	509
MDC1112913.1	QIZ21180.1	97.619	84	2	0	1	84	1	84	1.74e-54	159
MDC1112914.1	QIZ21181.1	82.482	137	21	1	1	137	1	134	2.49e-80	228
MDC1112915.1	QIZ21182.1	67.782	239	76	1	1	238	1	239	1.66e-121	341
MDC1112916.1	QIZ21183.1	74.112	197	51	0	1	197	1	197	2.01e-108	305
MDC1112917.1	QIZ21184.1	76.075	372	89	0	1	372	1	372	0.0	608
MDC1112918.1	QIZ21185.1	68.611	360	113	0	1	360	1	360	0.0	517
MDC1112919.1	QIZ21186.1	70.805	298	87	0	1	298	1	298	5.59e-154	428
MDC1112920.1	QIZ21187.1	68.548	248	78	0	1	248	1	248	1.08e-120	340
MDC1112921.1	QIZ21188.1	88.428	458	53	0	1	458	1	458	0.0	769
MDC1112922.1	QIZ21189.1	80.457	481	92	1	1	479	1	481	0.0	739
MDC1112923.1	QIZ21190.1	86.346	520	71	0	1	520	6	525	0.0	922
MDC1112924.1	QIZ21191.1	72.334	347	96	0	1	347	1	347	0.0	513
MDC1112925.1	QIZ21192.1	86.598	97	13	0	1	97	1	97	4.60e-49	147
MDC1112926.1	QIZ21193.1	81.818	176	32	0	1	176	1	176	8.68e-103	289
MDC1112927.1	QIZ21194.1	89.691	291	30	0	23	313	1	291	0.0	525
MDC1112928.1	QIZ21195.1	88.761	347	39	0	1	347	1	347	0.0	625
MDC1112929.1	QIZ21196.1	81.726	394	70	1	1	394	1	392	0.0	672
MDC1112930.1	QIZ21197.1	89.503	181	19	0	7	187	7	187	4.01e-120	333
MDC1112931.1	QIZ21198.1	62.295	183	69	0	1	183	1	183	1.06e-82	238
MDC1112932.1	QIZ21200.1	84.091	924	147	0	1	924	1	924	0.0	1593
MDC1112933.1	QIZ21201.1	89.362	235	25	0	1	235	1	235	4.16e-156	428
MDC1112937.1	QIZ21401.1	31.295	556	352	12	8	545	3	546	2.68e-74	243
MDC1112938.1	QIZ21410.1	32.117	411	270	4	7	413	6	411	3.59e-68	218
MDC1112941.1	QIZ20203.1	33.333	432	272	6	8	429	9	434	2.44e-68	219
MDC1112943.1	QIZ21152.1	23.340	527	346	15	10	486	19	537	1.66e-21	92.8
MDC1112944.1	QIZ20707.1	68.098	163	50	1	2	162	1	163	4.89e-76	220
MDC1112945.1	QIZ20706.1	81.250	256	48	0	1	256	9	264	5.65e-156	430
MDC1112946.1	QIZ20705.1	64.474	228	77	1	1	224	1	228	4.70e-107	303
MDC1112947.1	QIZ20704.1	56.825	315	134	2	1	313	1	315	4.45e-126	358
MDC1112948.1	QIZ20703.1	77.816	293	61	1	1	289	1	293	4.88e-155	431
MDC1112949.1	QIZ20702.1	69.565	368	112	0	1	368	1	368	0.0	532
MDC1112950.1	QIZ20701.1	80.159	126	25	0	1	126	1	126	5.47e-77	219
MDC1112951.1	QIZ20700.1	92.962	952	67	0	1	952	1	952	0.0	1819
MDC1112952.1	QIZ20699.1	70.843	415	120	1	1	415	1	414	0.0	600
MDC1112954.1	QIZ20698.1	74.235	392	101	0	1	392	1	392	0.0	600
MDC1112955.1	QIZ20697.1	65.385	182	63	0	1	182	1	182	1.01e-84	243
MDC1112956.1	QIZ20696.1	88.142	253	30	0	1	253	1	253	8.36e-173	472
MDC1112957.1	QIZ20695.1	79.355	155	32	0	1	155	1	155	1.28e-70	206
MDC1112958.1	QIZ20694.1	93.733	367	23	0	1	367	1	367	0.0	701
MDC1112959.1	QIZ20692.1	66.250	480	160	1	4	481	12	491	0.0	684
MDC1112960.1	QIZ20691.1	90.959	730	66	0	1	730	193	922	0.0	1401
MDC1112962.1	QIZ21439.1	40.885	384	225	2	14	396	3	385	1.27e-103	308
MDC1112963.1	QIZ20714.1	90.196	204	20	0	1	204	1	204	6.54e-129	357
MDC1112964.1	QIZ20715.1	73.541	257	68	0	1	257	1	257	8.54e-139	386
MDC1112965.1	QIZ20716.1	84.173	139	22	0	1	139	1	139	4.83e-90	253
MDC1112966.1	QIZ20717.1	81.382	521	96	1	1	520	1	521	0.0	860
MDC1112967.1	QIZ20718.1	55.172	145	65	0	1	145	1	145	2.05e-55	166
MDC1112968.1	QIZ20719.1	85.754	358	51	0	1	358	1	358	0.0	592
MDC1112969.1	QIZ20720.1	73.399	203	54	0	1	203	1	203	1.56e-109	308
MDC1112970.1	QIZ20721.1	81.848	303	55	0	1	303	1	303	0.0	519
MDC1112971.1	QIZ20722.1	69.004	271	76	3	1	267	1	267	5.47e-127	357
MDC1112972.1	QIZ20723.1	73.488	215	57	0	1	215	1	215	7.92e-124	345
MDC1112973.1	QIZ20724.1	89.356	404	43	0	1	404	1	404	0.0	769
MDC1112974.1	QIZ20725.1	76.577	888	208	0	1	888	1	888	0.0	1420
MDC1112975.1	QIZ20726.1	92.167	383	29	1	1	382	1	383	0.0	719
MDC1112976.1	QIZ20727.1	56.386	415	179	2	18	430	18	432	3.47e-159	452
MDC1112977.1	QIZ20728.1	66.775	307	102	0	1	307	1	307	3.55e-149	417
MDC1112978.1	QIZ20729.1	72.269	119	32	1	2	120	3	120	2.74e-63	184
MDC1112979.1	QIZ21069.1	80.645	62	12	0	1	62	1	62	1.98e-34	107
MDC1112980.1	QIZ20731.1	80.916	131	25	0	1	131	1	131	3.20e-80	228
MDC1112981.1	QIZ20732.1	82.118	425	76	0	1	425	1	425	0.0	730
MDC1112983.1	QIZ20733.1	54.483	290	132	0	1	290	1	290	1.93e-106	307
MDC1112985.1	QIZ20734.1	75.333	150	37	0	24	173	31	180	7.10e-85	243
MDC1112987.1	QIZ20736.1	73.301	206	55	0	1	206	1	206	3.50e-116	325
MDC1112988.1	QIZ20737.1	72.781	338	92	0	1	338	1	338	0.0	508
MDC1112989.1	QIZ20738.1	79.245	106	22	0	1	106	1	106	4.85e-63	182
MDC1112991.1	QIZ20739.1	87.500	184	23	0	1	184	70	253	4.31e-117	328
MDC1112992.1	QIZ20324.1	61.905	63	24	0	1	63	66	128	5.94e-26	87.8
MDC1112993.1	QIZ20325.1	72.314	242	67	0	3	244	2	243	5.79e-131	365
MDC1112994.1	QIZ20326.1	68.950	219	68	0	1	219	1	219	6.31e-107	303
MDC1112995.1	QIZ20327.1	69.186	172	53	0	1	172	1	172	2.90e-87	251
MDC1112996.1	QIZ20328.1	79.635	329	67	0	1	329	1	329	0.0	547
MDC1112997.1	QIZ20329.1	79.897	194	39	0	3	196	20	213	2.35e-120	335
MDC1112998.1	QIZ20330.1	81.560	141	26	0	1	141	1	141	4.10e-86	243
MDC1112999.1	QIZ20331.1	89.885	435	44	0	1	435	1	435	0.0	819
MDC1113000.1	QIZ20332.1	96.053	152	6	0	1	152	1	152	2.70e-107	298
MDC1113002.1	QIZ20333.1	74.112	197	51	0	1	197	1	197	2.96e-108	304
MDC1113003.1	QIZ20334.1	91.803	366	30	0	1	366	1	366	0.0	645
MDC1113004.1	QIZ20335.1	78.125	128	28	0	1	128	1	128	1.95e-71	205
MDC1113005.1	QIZ20336.1	64.925	134	47	0	1	134	1	134	4.57e-65	190
MDC1113006.1	QIZ20337.1	65.517	319	110	0	15	333	1	319	4.52e-141	397
MDC1113007.1	QIZ20338.1	91.869	701	57	0	1	701	1	701	0.0	1251
MDC1113008.1	QIZ20339.1	56.934	137	59	0	17	153	17	153	3.86e-54	164
MDC1113009.1	QIZ20340.1	56.738	141	61	0	12	152	12	152	4.35e-41	130
MDC1113010.1	QIZ20341.1	86.667	60	8	0	1	60	1	60	1.61e-36	112
MDC1113011.1	QIZ20342.1	79.279	333	69	0	1	333	1	333	0.0	533
MDC1113012.1	QIZ20343.1	74.490	98	25	0	2	99	3	100	8.57e-49	146
MDC1113013.1	QIZ20344.1	67.742	124	39	1	1	123	2	125	2.55e-54	162
MDC1113014.1	QIZ20345.1	97.619	42	1	0	1	42	1	42	4.68e-24	80.1
MDC1113015.1	QIZ20346.1	76.042	96	23	0	1	96	1	96	2.00e-45	137
MDC1113016.1	QIZ20347.1	51.796	334	153	5	6	335	4	333	1.66e-97	288
MDC1113017.1	QIZ20348.1	95.249	442	21	0	1	442	1	442	0.0	847
MDC1113018.1	QIZ20349.1	77.124	153	34	1	1	152	1	153	7.76e-90	254
MDC1113019.1	QIZ20350.1	77.465	142	32	0	4	145	8	149	1.55e-82	235
MDC1113020.1	QIZ20351.1	78.431	51	11	0	1	51	1	51	9.10e-22	80.5
MDC1113021.1	QIZ20351.1	72.222	288	80	0	7	294	53	340	1.45e-154	431
MDC1113023.1	QIZ20353.1	86.215	428	59	0	1	428	1	428	0.0	704
MDC1113024.1	QIZ20354.1	59.353	278	112	1	6	282	22	299	3.89e-119	339
MDC1113025.1	QIZ20355.1	66.192	281	95	0	1	281	1	281	9.49e-132	370
MDC1113026.1	QIZ20356.1	93.478	92	6	0	1	92	4	95	2.17e-60	175
MDC1113027.1	QIZ20357.1	85.593	118	17	0	2	119	28	145	1.53e-76	218
MDC1113028.1	QIZ21516.1	92.647	68	5	0	1	68	1	68	6.69e-40	132
MDC1113029.1	QIZ21515.1	84.227	317	50	0	1	317	1	317	0.0	563
MDC1113030.1	QIZ21514.1	85.542	249	36	0	1	249	1	249	5.92e-159	437
MDC1113031.1	QIZ21513.1	89.753	810	82	1	1	809	1	810	0.0	1504
MDC1113032.1	QIZ21512.1	59.574	141	57	0	17	157	26	166	1.72e-59	178
MDC1113033.1	QIZ21511.1	91.489	188	16	0	3	190	2	189	5.98e-131	361
MDC1113036.1	QIZ21504.1	94.248	452	26	0	1	452	1	452	0.0	897
MDC1113037.1	QIZ21505.1	87.190	242	31	0	1	242	1	242	1.67e-159	437
MDC1113038.1	QIZ21506.1	70.529	397	117	0	1	397	1	397	0.0	623
MDC1113039.1	QIZ21507.1	74.627	134	34	0	1	134	1	134	2.19e-74	213
MDC1113040.1	QIZ21508.1	88.710	124	14	0	1	124	1	124	2.90e-84	238
MDC1113042.1	QIZ21509.1	83.658	257	42	0	3	259	5	261	8.60e-160	439
MDC1113043.1	QIZ21482.1	80.328	61	12	0	5	65	3	63	3.19e-32	101
MDC1113044.1	QIZ21510.1	53.077	130	61	0	3	132	9	138	1.13e-44	139
MDC1113047.1	QIZ21511.1	91.489	188	16	0	3	190	2	189	5.98e-131	361
MDC1113048.1	QIZ21512.1	59.574	141	57	0	17	157	26	166	1.72e-59	178
MDC1113049.1	QIZ21513.1	89.753	810	82	1	1	809	1	810	0.0	1504
MDC1113050.1	QIZ21514.1	85.542	249	36	0	1	249	1	249	5.92e-159	437
MDC1113051.1	QIZ21515.1	84.227	317	50	0	1	317	1	317	0.0	563
MDC1113052.1	QIZ21516.1	92.647	68	5	0	1	68	1	68	6.69e-40	132
MDC1113054.1	QIZ21448.1	62.395	476	178	1	1	475	1	476	0.0	596
MDC1113055.1	QIZ20490.1	26.449	276	182	3	3	264	5	273	4.70e-27	103
MDC1113056.1	QIZ21438.1	65.560	241	83	0	5	245	5	245	5.76e-119	335
MDC1113057.1	QIZ21439.1	82.732	388	67	0	1	388	1	388	0.0	684
MDC1113058.1	QIZ21440.1	87.744	359	44	0	3	361	4	362	0.0	665
MDC1113059.1	QIZ21441.1	93.352	361	24	0	13	373	13	373	0.0	700
MDC1113060.1	QIZ21442.1	86.988	415	54	0	1	415	1	415	0.0	752
MDC1113061.1	QIZ21443.1	94.014	284	17	0	1	284	1	284	0.0	511
MDC1113062.1	QIZ21444.1	87.703	740	91	0	1	740	1	740	0.0	1334
MDC1113064.1	QIZ21445.1	70.283	212	63	0	1	212	1	212	9.58e-110	309
MDC1113065.1	QIZ21446.1	63.158	228	79	1	10	232	18	245	6.15e-103	294
MDC1113066.1	QIZ21447.1	96.865	319	10	0	1	319	1	319	0.0	644
MDC1113067.1	QIZ21448.1	91.423	478	41	0	1	478	1	478	0.0	892
MDC1113068.1	QIZ20485.1	31.410	468	289	6	2	453	34	485	3.36e-79	249
MDC1113071.1	QIZ20302.1	94.077	287	17	0	1	287	1	287	0.0	543
MDC1113072.1	QIZ20301.1	85.155	485	72	0	1	485	1	485	0.0	848
MDC1113073.1	QIZ20300.1	83.158	95	16	0	1	95	1	95	7.23e-54	158
MDC1113074.1	QIZ20299.1	83.444	151	25	0	1	151	1	151	1.52e-87	248
MDC1113075.1	QIZ20298.1	92.013	313	25	0	1	313	1	313	0.0	602
MDC1113076.1	QIZ20742.1	28.883	412	256	11	28	423	25	415	1.93e-42	150
MDC1113077.1	QIZ20297.1	71.875	192	53	1	1	192	1	191	2.67e-97	276
MDC1113078.1	QIZ20296.1	85.222	406	60	0	1	406	1	406	0.0	717
MDC1113079.1	QIZ20305.1	89.693	456	47	0	1	456	1	456	0.0	821
MDC1113080.1	QIZ20306.1	75.949	158	38	0	1	158	1	158	2.54e-91	258
MDC1113082.1	QIZ20203.1	30.184	434	296	6	11	441	6	435	1.40e-63	207
MDC1113084.1	QIZ20661.1	36.800	250	142	6	4	247	5	244	1.44e-40	135
MDC1113085.1	QIZ21434.1	26.712	438	314	6	3	435	25	460	5.28e-57	192
MDC1113086.1	QIZ21483.1	89.351	385	41	0	3	387	2	386	0.0	715
MDC1113087.1	QIZ21484.1	84.733	262	40	0	1	262	1	262	3.73e-171	469
MDC1113088.1	QIZ20312.1	82.558	86	15	0	1	86	1	86	2.00e-45	142
MDC1113089.1	QIZ21472.1	74.510	51	13	0	1	51	1	51	4.86e-24	85.1
MDC1113090.1	QIZ21473.1	91.473	774	66	0	1	774	2	775	0.0	1493
MDC1113091.1	QIZ21474.1	87.138	311	40	0	13	323	4	314	0.0	566
MDC1113092.1	QIZ21475.1	80.952	147	28	0	1	147	1	147	2.66e-83	237
MDC1113093.1	QIZ21476.1	83.871	124	20	0	1	124	1	124	1.27e-75	216
MDC1113094.1	QIZ21477.1	67.778	180	56	2	5	184	6	183	3.79e-77	224
MDC1113095.1	QIZ21478.1	90.087	343	34	0	1	343	1	343	0.0	639
MDC1113096.1	QIZ21479.1	90.237	717	70	0	1	717	1	717	0.0	1323
MDC1113097.1	QIZ21009.1	81.301	123	23	0	1	123	1	123	1.23e-75	216
MDC1113099.1	QIZ20739.1	44.541	229	127	0	2	230	25	253	1.19e-74	223
MDC1113108.1	QIZ21216.1	89.796	98	10	0	1	98	1	98	2.39e-65	187
MDC1113109.1	QIZ21215.1	87.204	211	27	0	1	211	1	211	4.08e-138	381
MDC1113110.1	QIZ21214.1	93.197	294	20	0	1	294	1	294	0.0	545
MDC1113111.1	QIZ21213.1	74.830	147	37	0	1	147	1	147	4.81e-87	246
MDC1113112.1	QIZ21212.1	71.004	269	78	0	1	269	1	269	6.79e-145	403
MDC1113113.1	QIZ21211.1	60.265	302	120	0	1	302	1	302	2.75e-130	369
MDC1113114.1	QIZ21210.1	80.462	1039	203	0	1	1039	1	1039	0.0	1647
MDC1113115.1	QIZ21209.1	79.592	196	40	0	2	197	4	199	5.52e-122	339
MDC1113116.1	QIZ21208.1	58.036	112	47	0	7	118	5	116	3.29e-42	131
MDC1113117.1	QIZ21207.1	71.008	238	68	1	1	237	1	238	2.29e-123	345
MDC1113119.1	QIZ20691.1	84.800	125	19	0	1	125	1	125	2.95e-74	232
MDC1113120.1	QIZ20690.1	86.051	552	76	1	1	551	1	552	0.0	970
MDC1113121.1	QIZ20689.1	65.580	276	95	0	1	276	1	276	2.05e-137	384
MDC1113122.1	QIZ20687.1	62.821	156	58	0	1	156	1	156	3.92e-60	179
MDC1113123.1	QIZ20686.1	61.765	136	48	1	1	132	1	136	1.25e-55	166
MDC1113124.1	QIZ20685.1	52.284	197	93	1	1	196	1	197	5.61e-73	215
MDC1113125.1	QIZ20684.1	62.470	413	152	1	1	413	1	410	9.69e-178	498
MDC1113126.1	QIZ20683.1	77.741	301	67	0	1	301	1	301	3.01e-167	462
MDC1113127.1	QIZ20682.1	89.136	405	44	0	1	405	1	405	0.0	769
MDC1113128.1	QIZ20681.1	93.733	367	23	0	5	371	4	370	0.0	730
MDC1113129.1	QIZ20680.1	78.963	347	73	0	1	347	1	347	0.0	592
MDC1113130.1	QIZ20679.1	84.000	75	12	0	1	75	1	75	4.36e-45	135
MDC1113133.1	QIZ20675.1	64.706	68	24	0	1	68	1	68	3.38e-27	89.4
MDC1113134.1	QIZ20673.1	79.358	436	84	1	1	436	1	430	0.0	686
MDC1113135.1	QIZ20672.1	84.000	75	12	0	1	75	212	286	1.60e-42	135
MDC1113136.1	QIZ21111.1	87.013	77	10	0	1	77	1	77	6.98e-48	143
MDC1113137.1	QIZ21112.1	90.110	182	18	0	1	182	1	182	6.88e-122	337
MDC1113138.1	QIZ21113.1	94.340	106	6	0	1	106	1	106	3.63e-73	208
MDC1113139.1	QIZ21114.1	81.356	236	43	1	1	235	1	236	1.57e-143	396
MDC1113140.1	QIZ21115.1	68.919	74	23	0	1	74	1	74	3.94e-35	110
MDC1113141.1	QIZ21116.1	73.913	138	36	0	1	138	1	138	2.68e-73	211
MDC1113142.1	QIZ21117.1	70.772	609	176	1	1	607	1	609	0.0	855
MDC1113143.1	QIZ21118.1	54.913	173	77	1	1	172	1	173	3.64e-69	203
MDC1113144.1	QIZ21119.1	61.345	119	44	1	1	117	1	119	1.65e-44	137
MDC1113145.1	QIZ21120.1	62.759	145	54	0	22	166	25	169	3.32e-68	200
MDC1113146.1	QIZ21122.1	88.773	383	43	0	1	383	1	383	0.0	730
MDC1113147.1	QIZ21123.1	89.637	386	40	0	1	386	1	386	0.0	704
MDC1113148.1	QIZ21124.1	31.590	459	304	7	19	473	4	456	1.19e-73	236
MDC1113151.1	QIZ20461.1	77.966	472	103	1	1	472	1	471	0.0	702
MDC1113152.1	QIZ20462.1	83.096	491	81	1	1	491	1	489	0.0	836
MDC1113153.1	QIZ20463.1	84.772	637	97	0	1	637	1	637	0.0	1102
MDC1113154.1	QIZ20464.1	86.408	103	14	0	1	103	1	103	7.85e-51	151
MDC1113155.1	QIZ20465.1	80.000	190	38	0	1	190	21	210	1.85e-112	315
MDC1113156.1	QIZ20466.1	90.683	161	15	0	1	161	1	161	2.10e-111	309
MDC1113157.1	QIZ20467.1	93.675	332	21	0	1	332	1	332	0.0	625
MDC1113158.1	QIZ20468.1	77.566	682	147	3	1	679	1	679	0.0	1098
MDC1113159.1	QIZ20469.1	89.391	443	47	0	1	443	1	443	0.0	844
MDC1113160.1	QIZ20470.1	82.178	202	36	0	1	202	1	202	1.15e-130	361
MDC1113161.1	QIZ20471.1	94.611	334	18	0	1	334	58	391	0.0	662
MDC1113162.1	QIZ21097.1	87.719	114	14	0	1	114	1	114	2.17e-56	177
MDC1113163.1	QIZ21096.1	86.441	236	32	0	1	236	1	236	6.37e-156	428
MDC1113169.1	QIZ21093.1	91.103	281	25	0	1	281	1	281	0.0	523
MDC1113170.1	QIZ21092.1	86.458	96	13	0	1	96	1	96	3.24e-57	167
MDC1113171.1	QIZ21091.1	85.042	361	54	0	1	361	1	361	0.0	579
MDC1113172.1	QIZ21090.1	71.121	232	67	0	1	232	1	232	6.60e-127	354
MDC1113173.1	QIZ21089.1	67.541	305	98	1	2	305	3	307	1.86e-142	399
MDC1113174.1	QIZ21088.1	79.832	357	72	0	1	357	1	357	0.0	600
MDC1113175.1	QIZ21086.1	81.752	137	25	0	1	137	1	137	1.09e-83	237
MDC1113176.1	QIZ21085.1	88.006	642	77	0	21	662	39	680	0.0	1195
MDC1113177.1	QIZ21084.1	89.024	82	9	0	1	82	126	207	3.24e-49	150
MDC1113183.1	QIZ21483.1	34.054	370	200	12	37	387	34	378	3.76e-54	179
MDC1113189.1	QIZ20642.1	45.455	264	138	4	4	267	184	441	9.82e-72	234
MDC1113190.1	QIZ21431.1	79.769	173	35	0	2	174	80	252	4.90e-90	259
MDC1113191.1	QIZ21432.1	81.818	396	69	2	14	408	4	397	0.0	613
MDC1113192.1	QIZ21433.1	47.368	285	150	0	1	285	1	285	3.52e-92	270
MDC1113193.1	QIZ21434.1	75.813	492	119	0	1	492	1	492	0.0	800
MDC1113194.1	QIZ21435.1	52.697	241	111	2	19	256	18	258	5.09e-87	255
MDC1113195.1	QIZ21436.1	92.308	195	15	0	1	195	1	195	3.71e-135	372
MDC1113196.1	QIZ21437.1	90.722	388	36	0	1	388	1	388	0.0	758
MDC1113198.1	QIZ20216.1	57.098	317	135	1	1	316	1	317	2.21e-125	357
MDC1113199.1	QIZ20495.1	43.939	528	293	3	3	527	4	531	8.14e-148	430
MDC1113201.1	QIZ21110.1	81.614	223	41	0	1	223	1	223	3.63e-133	370
MDC1113202.1	QIZ21109.1	76.232	345	82	0	1	345	1	345	0.0	582
MDC1113203.1	QIZ21108.1	67.059	170	54	1	1	170	1	168	1.12e-85	244
MDC1113204.1	QIZ21107.1	89.620	395	41	0	1	395	1	395	0.0	728
MDC1113205.1	QIZ21106.1	66.829	205	68	0	18	222	1	205	1.29e-102	291
MDC1113206.1	QIZ21105.1	90.132	152	15	0	1	152	1	152	5.39e-92	259
MDC1113207.1	QIZ21104.1	88.095	126	15	0	1	126	1	126	1.30e-77	221
MDC1113208.1	QIZ21103.1	88.421	380	44	0	1	380	1	380	0.0	692
MDC1113209.1	QIZ21102.1	91.542	201	17	0	1	201	1	201	2.81e-111	312
MDC1113212.1	QIZ21101.1	92.887	239	17	0	1	239	1	239	2.21e-169	462
MDC1113213.1	QIZ21099.1	95.000	40	2	0	1	40	1	40	3.82e-23	77.4
MDC1113214.1	QIZ21098.1	83.486	109	18	0	1	109	1	109	8.33e-71	202
MDC1113215.1	QIZ21097.1	91.111	315	28	0	1	315	182	496	0.0	607
MDC1113217.1	QIZ20589.1	69.945	183	55	0	3	185	2	184	1.03e-91	265
MDC1113218.1	QIZ20487.1	33.643	431	281	3	1	427	1	430	1.17e-72	231
MDC1113221.1	QIZ21125.1	41.250	320	182	2	4	322	3	317	5.36e-89	265
MDC1113222.1	QIZ20593.1	77.496	591	133	0	1	591	1	591	0.0	988
MDC1113223.1	QIZ20513.1	28.173	394	256	8	105	492	7	379	2.97e-37	137
MDC1113225.1	QIZ20453.1	82.979	846	144	0	1	846	1	846	0.0	1462
MDC1113226.1	QIZ20454.1	61.778	225	86	0	1	225	1	225	1.33e-102	292
MDC1113227.1	QIZ20455.1	75.610	410	100	0	1	410	1	410	0.0	591
MDC1113228.1	QIZ20456.1	80.405	444	87	0	1	444	1	444	0.0	756
MDC1113229.1	QIZ20457.1	80.247	81	16	0	1	81	1	81	6.48e-37	114
MDC1113230.1	QIZ20458.1	86.025	551	77	0	1	551	1	551	0.0	1006
MDC1113231.1	QIZ20459.1	69.378	209	64	0	5	213	39	247	5.70e-90	260
MDC1113232.1	QIZ21010.1	97.297	592	16	0	1	592	1	592	0.0	1183
MDC1113233.1	QIZ21011.1	86.585	82	11	0	1	82	1	82	1.28e-46	139
MDC1113234.1	QIZ21012.1	82.787	122	21	0	1	122	1	122	2.10e-72	207
MDC1113235.1	QIZ21013.1	80.733	737	137	2	3	738	4	736	0.0	1184
MDC1113236.1	QIZ21014.1	90.716	517	48	0	1	517	14	530	0.0	926
MDC1113237.1	QIZ21015.1	86.450	369	50	0	1	369	21	389	0.0	651
MDC1113238.1	QIZ21481.1	84.444	225	35	0	1	225	118	342	6.25e-139	389
MDC1113239.1	QIZ21485.1	96.970	561	17	0	1	561	1	561	0.0	1122
MDC1113240.1	QIZ21486.1	95.455	418	19	0	1	418	1	418	0.0	823
MDC1113241.1	QIZ21487.1	95.402	87	4	0	1	87	1	87	6.37e-63	181
MDC1113242.1	QIZ21488.1	90.155	965	95	0	1	965	1	965	0.0	1836
MDC1113243.1	QIZ21364.1	62.371	194	72	1	1	194	3	195	1.38e-84	244
MDC1113244.1	QIZ21365.1	65.399	263	89	1	1	263	1	261	5.83e-130	364
MDC1113245.1	QIZ21366.1	67.769	242	78	0	1	242	1	242	1.50e-120	339
MDC1113246.1	QIZ21367.1	88.387	155	18	0	1	155	1	155	2.67e-104	291
MDC1113247.1	QIZ21368.1	77.264	497	105	3	1	491	1	495	0.0	702
MDC1113248.1	QIZ21369.1	76.852	108	25	0	1	108	9	116	2.43e-56	173
MDC1113249.1	QIZ20182.1	86.709	158	21	0	1	158	1	158	1.46e-100	284
MDC1113250.1	QIZ20181.1	93.478	230	15	0	1	230	1	230	1.68e-156	429
MDC1113251.1	QIZ20180.1	94.346	283	16	0	1	283	1	283	0.0	549
MDC1113252.1	QIZ21593.1	82.370	346	61	0	1	346	1	346	0.0	582
MDC1113257.1	QIZ21449.1	90.404	396	38	0	1	396	1	396	0.0	746
MDC1113258.1	QIZ21450.1	87.611	113	14	0	1	113	1	113	8.63e-73	207
MDC1113259.1	QIZ21451.1	54.839	124	56	0	1	124	1	124	5.03e-42	133
MDC1113260.1	QIZ21202.1	69.337	362	110	1	3	363	149	510	7.44e-161	456
MDC1113261.1	QIZ21203.1	88.551	428	49	0	1	428	1	428	0.0	778
MDC1113262.1	QIZ21204.1	52.667	150	70	1	1	150	1	149	1.32e-49	152
MDC1113263.1	QIZ20360.1	43.504	508	271	10	1	498	194	695	1.28e-119	363
MDC1113264.1	QIZ20359.1	62.145	317	107	2	1	317	1	304	8.92e-152	424
MDC1113269.1	QIZ20974.1	94.451	847	47	0	3	849	118	964	0.0	1709
MDC1113270.1	QIZ20362.1	61.871	139	53	0	2	140	221	359	8.20e-52	168
MDC1113271.1	QIZ20362.1	58.273	139	58	0	1	139	1	139	2.61e-52	169
MDC1113272.1	QIZ20363.1	72.063	315	88	0	1	315	1	315	7.31e-175	482
MDC1113273.1	QIZ20364.1	83.908	174	28	0	1	174	156	329	2.91e-105	300
MDC1113275.1	QIZ21328.1	32.271	251	152	6	5	244	7	250	3.09e-35	122
