MDC2993212.1	QIZ21458.1	63.613	393	143	0	1	393	79	471	0.0	543
MDC2993213.1	QIZ21457.1	74.820	139	35	0	1	139	1	139	1.36e-80	229
MDC2993214.1	QIZ21456.1	61.765	340	129	1	12	350	10	349	1.24e-139	396
MDC2993215.1	QIZ21455.1	80.986	142	27	0	1	142	1	142	1.38e-86	245
MDC2993216.1	QIZ21454.1	40.640	406	235	5	19	422	32	433	1.35e-98	297
MDC2993217.1	QIZ21453.1	51.402	214	104	0	1	214	1	214	5.83e-57	175
MDC2993218.1	QIZ21452.1	83.915	889	143	0	1	889	1	889	0.0	1553
MDC2993219.1	QIZ21451.1	52.308	195	93	0	1	195	1	195	4.58e-69	205
MDC2993220.1	QIZ21450.1	82.301	113	20	0	1	113	1	113	1.87e-71	204
MDC2993221.1	QIZ21449.1	74.937	395	99	0	1	395	1	395	0.0	634
MDC2993222.1	QIZ21448.1	74.423	477	122	0	1	477	1	477	0.0	745
MDC2993223.1	QIZ21447.1	91.429	315	27	0	3	317	5	319	0.0	605
MDC2993224.1	QIZ21446.1	50.661	227	110	2	19	243	19	245	2.25e-76	227
MDC2993225.1	QIZ21445.1	57.277	213	91	0	1	213	1	213	1.96e-84	245
MDC2993226.1	QIZ21444.1	78.108	740	162	0	1	740	1	740	0.0	1198
MDC2993227.1	QIZ20556.1	33.473	239	149	4	28	266	47	275	1.08e-35	133
MDC2993227.1	QIZ20556.1	33.913	230	132	7	377	598	45	262	1.95e-30	118
MDC2993231.1	QIZ20218.1	36.176	340	202	9	60	388	43	378	1.20e-60	197
MDC2993233.1	QIZ21121.1	31.720	372	247	2	10	374	6	377	1.26e-65	209
MDC2993234.1	QIZ21401.1	24.910	554	379	13	7	546	7	537	1.85e-32	127
MDC2993236.1	QIZ21154.1	48.108	370	182	4	2	371	9	368	4.01e-120	348
MDC2993237.1	QIZ20975.1	36.041	394	224	5	1	371	5	393	8.62e-71	223
MDC2993238.1	QIZ21443.1	85.211	284	42	0	1	284	1	284	3.48e-170	468
MDC2993239.1	QIZ21442.1	68.825	417	127	1	4	420	2	415	0.0	611
MDC2993240.1	QIZ21441.1	75.138	362	87	2	13	372	13	373	0.0	558
MDC2993241.1	QIZ21440.1	83.425	362	59	1	1	361	1	362	0.0	628
MDC2993242.1	QIZ21439.1	80.670	388	75	0	1	388	1	388	0.0	671
MDC2993243.1	QIZ21438.1	59.756	246	99	0	1	246	1	246	5.63e-108	307
MDC2993244.1	QIZ21448.1	62.762	478	177	1	1	477	1	478	0.0	596
MDC2993247.1	QIZ21213.1	52.448	143	67	1	1	142	1	143	3.64e-53	161
MDC2993251.1	QIZ20301.1	27.475	495	301	15	2	461	4	475	1.21e-27	110
MDC2993252.1	QIZ21483.1	35.340	382	240	3	15	392	3	381	3.21e-85	260
MDC2993253.1	QIZ21214.1	27.817	284	198	3	25	308	16	292	6.66e-32	116
MDC2993254.1	QIZ21478.1	49.240	329	159	3	7	335	6	326	1.35e-113	329
MDC2993255.1	QIZ20555.1	36.431	269	171	0	43	311	225	493	1.83e-54	190
MDC2993255.1	QIZ20555.1	38.793	232	142	0	459	690	263	494	1.59e-47	171
MDC2993258.1	QIZ20592.1	34.496	258	151	7	1	255	1	243	1.15e-38	131
MDC2993264.1	QIZ20495.1	43.478	529	294	4	2	526	3	530	1.74e-145	424
MDC2993266.1	QIZ20216.1	57.278	316	134	1	1	315	2	317	8.69e-127	360
MDC2993268.1	QIZ21432.1	81.612	397	72	1	1	396	1	397	0.0	635
MDC2993269.1	QIZ21429.1	75.455	440	108	0	14	453	1	440	0.0	688
MDC2993270.1	QIZ21428.1	80.357	336	66	0	1	336	1	336	0.0	561
MDC2993271.1	QIZ21427.1	74.359	234	60	0	1	234	1	234	8.58e-124	347
MDC2993272.1	QIZ21426.1	78.378	259	56	0	4	262	6	264	2.53e-154	426
MDC2993274.1	QIZ21425.1	75.908	303	73	0	4	306	1	303	3.27e-167	462
MDC2993275.1	QIZ20213.1	62.500	152	57	0	17	168	26	177	2.65e-66	196
MDC2993276.1	QIZ21424.1	58.491	106	44	0	1	106	1	106	1.26e-39	123
MDC2993277.1	QIZ21423.1	65.812	234	80	0	1	234	1	234	2.82e-121	340
MDC2993278.1	QIZ21422.1	87.356	261	33	0	1	261	1	261	1.55e-169	464
MDC2993279.1	QIZ21421.1	83.333	246	41	0	1	246	1	246	2.34e-156	430
MDC2993280.1	QIZ21420.1	69.801	351	104	2	1	350	1	350	0.0	510
MDC2993282.1	QIZ21419.1	81.481	297	55	0	1	297	1	297	3.71e-180	494
MDC2993283.1	QIZ21418.1	85.714	413	58	1	1	412	1	413	0.0	733
MDC2993284.1	QIZ21417.1	79.902	204	41	0	1	204	1	204	1.29e-108	305
MDC2993285.1	QIZ21416.1	77.083	96	22	0	2	97	3	98	6.90e-53	156
MDC2993286.1	QIZ21415.1	60.759	79	31	0	1	79	1	79	1.22e-37	117
MDC2993287.1	QIZ20194.1	40.909	286	136	11	1	256	1	283	1.36e-59	186
MDC2993288.1	QIZ20193.1	52.414	290	122	2	1	275	1	289	8.95e-110	315
MDC2993289.1	QIZ21414.1	77.049	122	27	1	1	121	1	122	4.22e-70	202
MDC2993290.1	QIZ21413.1	75.758	297	72	0	1	297	1	297	8.78e-168	463
MDC2993291.1	QIZ20974.1	51.923	884	415	7	7	881	127	1009	0.0	927
MDC2993292.1	QIZ21412.1	74.684	316	80	0	1	316	1	316	0.0	500
MDC2993293.1	QIZ21411.1	61.824	296	110	2	4	299	3	295	2.01e-124	353
MDC2993294.1	QIZ21410.1	75.912	411	98	1	3	412	2	412	0.0	673
MDC2993295.1	QIZ21343.1	49.593	615	283	5	1	602	145	745	0.0	625
MDC2993297.1	QIZ20203.1	32.215	447	271	12	4	432	2	434	6.53e-62	202
MDC2993299.1	QIZ20510.1	75.346	434	107	0	1	434	1	434	0.0	687
MDC2993303.1	QIZ20511.1	93.919	592	36	0	1	592	1	592	0.0	1169
MDC2993304.1	QIZ20512.1	89.247	93	10	0	3	95	2	94	2.89e-57	167
MDC2993305.1	QIZ20513.1	87.629	388	48	0	1	388	1	388	0.0	717
MDC2993306.1	QIZ20516.1	69.274	358	110	0	1	358	1	358	8.40e-163	456
MDC2993307.1	QIZ20517.1	70.690	116	34	0	1	116	1	116	1.77e-61	179
MDC2993308.1	QIZ20518.1	87.076	619	80	0	1	619	1	619	0.0	1131
MDC2993309.1	QIZ20519.1	85.897	156	22	0	1	156	1	156	1.70e-104	291
MDC2993310.1	QIZ20520.1	70.455	264	78	0	1	264	1	264	1.22e-143	399
MDC2993311.1	QIZ20521.1	67.176	131	43	0	1	131	1	131	1.26e-65	191
MDC2993312.1	QIZ20522.1	55.020	249	111	1	1	248	1	249	8.19e-89	259
MDC2993313.1	QIZ20523.1	68.649	185	58	0	1	185	1	185	6.47e-87	249
MDC2993314.1	QIZ20524.1	62.500	392	136	3	14	404	6	387	7.64e-162	456
MDC2993315.1	QIZ20525.1	60.697	402	158	0	1	402	1	402	4.47e-174	488
MDC2993316.1	QIZ20526.1	67.857	392	125	1	1	392	1	391	0.0	566
MDC2993318.1	QIZ20527.1	70.732	369	106	2	4	371	3	370	0.0	537
MDC2993319.1	QIZ20528.1	85.185	54	8	0	1	54	13	66	5.18e-29	93.6
MDC2993320.1	QIZ20529.1	62.891	256	94	1	1	256	1	255	8.54e-110	313
MDC2993322.1	QIZ20530.1	65.761	184	63	0	4	187	1	184	3.92e-96	273
MDC2993323.1	QIZ20531.1	61.146	157	61	0	1	157	1	157	5.49e-70	204
MDC2993324.1	QIZ20533.1	69.048	126	39	0	1	126	1	126	8.59e-66	191
MDC2993325.1	QIZ20536.1	62.585	147	54	1	4	149	7	153	1.76e-47	147
MDC2993326.1	QIZ20537.1	63.048	433	160	0	1	433	1	433	0.0	520
MDC2993327.1	QIZ20538.1	90.110	91	9	0	1	91	1	91	2.18e-58	169
MDC2993328.1	QIZ20539.1	77.236	369	84	0	1	369	1	369	0.0	580
MDC2993329.1	QIZ20542.1	46.398	472	244	3	7	471	6	475	3.24e-137	400
MDC2993331.1	QIZ20540.1	78.824	255	54	0	1	255	1	255	3.18e-150	415
MDC2993332.1	QIZ20541.1	76.129	310	74	0	1	310	1	310	1.16e-178	491
MDC2993333.1	QIZ20215.1	75.887	141	34	0	7	147	5	145	8.70e-83	236
MDC2993334.1	QIZ21540.1	56.250	144	63	0	4	147	4	147	1.29e-60	179
MDC2993335.1	QIZ21539.1	56.250	112	49	0	1	112	6	117	1.26e-34	113
MDC2993337.1	QIZ21534.1	37.500	104	64	1	21	124	20	122	9.53e-24	84.7
MDC2993338.1	QIZ20545.1	81.892	370	67	0	1	370	1	370	0.0	596
MDC2993339.1	QIZ20546.1	81.027	448	84	1	1	447	1	448	0.0	767
MDC2993340.1	QIZ20547.1	82.803	314	53	1	1	313	1	314	0.0	530
MDC2993341.1	QIZ20548.1	92.045	264	21	0	1	264	1	264	0.0	498
MDC2993342.1	QIZ20549.1	60.135	296	112	3	1	295	1	291	4.72e-119	351
MDC2993343.1	QIZ20549.1	84.036	332	53	0	1	332	306	637	0.0	587
MDC2993344.1	QIZ21440.1	41.695	295	168	2	6	296	8	302	1.46e-80	246
MDC2993347.1	QIZ20327.1	63.953	86	31	0	1	86	1	86	2.34e-36	118
MDC2993348.1	QIZ20326.1	60.455	220	84	2	1	218	1	219	8.22e-91	262
MDC2993349.1	QIZ20325.1	69.295	241	74	0	2	242	4	244	2.71e-124	348
MDC2993350.1	QIZ20324.1	53.175	126	59	0	2	127	3	128	3.38e-42	131
MDC2993351.1	QIZ20323.1	63.291	237	87	0	3	239	2	238	3.36e-101	290
MDC2993352.1	QIZ20322.1	67.857	196	62	1	1	196	1	195	8.09e-91	260
MDC2993353.1	QIZ20321.1	75.385	585	139	2	1	580	1	585	0.0	919
MDC2993354.1	QIZ20320.1	52.000	175	82	1	1	175	1	173	6.26e-52	159
MDC2993355.1	QIZ20319.1	78.205	156	34	0	1	156	1	156	5.52e-91	257
MDC2993356.1	QIZ20318.1	75.085	293	73	0	1	293	1	293	4.55e-171	471
MDC2993357.1	QIZ20317.1	64.617	732	254	5	5	733	7	736	0.0	960
MDC2993358.1	QIZ20316.1	91.127	417	37	0	1	417	1	417	0.0	802
MDC2993359.1	QIZ20315.1	87.778	90	11	0	1	90	1	90	4.75e-61	176
MDC2993360.1	QIZ20314.1	73.647	998	260	3	5	1000	6	1002	0.0	1587
MDC2993361.1	QIZ20313.1	50.625	160	74	1	26	180	26	185	1.72e-56	172
MDC2993362.1	QIZ20305.1	42.500	440	252	1	1	439	5	444	1.20e-119	353
MDC2993363.1	QIZ20304.1	50.853	293	137	3	1	290	1	289	2.75e-97	284
MDC2993364.1	QIZ20303.1	43.721	215	118	2	1	214	1	213	3.04e-56	174
MDC2993365.1	QIZ20302.1	80.408	490	92	1	1	486	2	491	0.0	811
MDC2993366.1	QIZ20301.1	79.752	484	98	0	1	484	1	484	0.0	797
MDC2993367.1	QIZ20300.1	78.947	95	20	0	1	95	1	95	5.17e-52	154
MDC2993368.1	QIZ20299.1	71.523	151	43	0	1	151	1	151	1.51e-75	218
MDC2993369.1	QIZ20298.1	88.498	313	35	1	1	312	1	313	0.0	580
MDC2993370.1	QIZ20742.1	27.561	410	264	12	28	423	25	415	1.54e-40	145
MDC2993371.1	QIZ20297.1	73.158	190	51	0	1	190	1	190	1.04e-91	262
MDC2993372.1	QIZ20296.1	76.671	853	191	2	1	846	1	852	0.0	1321
MDC2993373.1	QIZ20294.1	70.833	144	42	0	1	144	1	144	2.81e-74	214
MDC2993378.1	QIZ21536.1	63.677	223	81	0	1	223	1	223	3.47e-109	309
MDC2993379.1	QIZ20568.1	83.598	189	31	0	1	189	1	189	4.82e-118	328
MDC2993380.1	QIZ20569.1	81.682	333	61	0	1	333	1	333	0.0	563
MDC2993383.1	QIZ20576.1	63.542	96	32	2	1	94	1	95	4.95e-35	111
MDC2993385.1	QIZ20577.1	72.642	106	29	0	1	106	1	106	5.17e-57	167
MDC2993387.1	QIZ20579.1	71.698	106	30	0	5	110	5	110	1.28e-48	146
MDC2993388.1	QIZ20582.1	60.360	111	44	0	1	111	1	111	5.30e-36	114
MDC2993392.1	QIZ20203.1	36.429	420	258	5	13	423	17	436	5.81e-79	247
MDC2993393.1	QIZ20226.1	28.986	276	186	4	18	289	19	288	4.85e-41	139
MDC2993394.1	QIZ20580.1	75.342	73	18	0	1	73	1	73	1.24e-37	116
MDC2993395.1	QIZ20490.1	60.526	304	119	1	1	304	1	303	2.94e-135	381
MDC2993396.1	QIZ20584.1	65.054	186	65	0	1	186	1	186	5.00e-89	254
MDC2993398.1	QIZ20556.1	35.628	247	142	6	318	558	40	275	6.02e-40	144
MDC2993398.1	QIZ20556.1	30.859	256	159	5	19	273	41	279	2.73e-34	128
MDC2993402.1	QIZ21101.1	77.311	238	54	0	3	240	2	239	1.27e-139	387
MDC2993403.1	QIZ20585.1	64.419	267	95	0	1	267	1	267	7.22e-130	364
MDC2993405.1	QIZ20586.1	74.479	192	49	0	1	192	1	192	1.02e-107	302
MDC2993406.1	QIZ20587.1	64.681	235	83	0	1	235	1	235	1.39e-105	300
MDC2993407.1	QIZ20180.1	72.131	244	60	1	1	236	40	283	4.66e-124	349
MDC2993408.1	QIZ20181.1	85.217	230	34	0	1	230	1	230	1.12e-144	399
MDC2993409.1	QIZ20182.1	81.696	224	41	0	1	224	1	224	1.05e-136	378
MDC2993413.1	QIZ20183.1	78.295	129	28	0	1	129	1	129	4.19e-69	199
MDC2993414.1	QIZ20184.1	66.234	308	104	0	1	308	1	308	2.52e-143	402
MDC2993415.1	QIZ20185.1	29.968	317	217	4	38	353	38	350	4.76e-34	124
MDC2993416.1	QIZ20187.1	81.288	326	59	1	1	324	1	326	0.0	515
MDC2993417.1	QIZ20188.1	71.154	156	45	0	1	156	1	156	1.43e-79	228
MDC2993418.1	QIZ20189.1	86.172	499	69	0	1	499	1	499	0.0	847
MDC2993419.1	QIZ20570.1	42.754	138	78	1	1	138	1	137	1.05e-41	131
MDC2993420.1	QIZ20190.1	69.167	360	110	1	1	360	1	359	0.0	524
MDC2993421.1	QIZ20191.1	72.283	184	51	0	1	184	1	184	3.04e-106	298
MDC2993422.1	QIZ20192.1	79.641	167	34	0	1	167	1	167	8.67e-99	278
MDC2993425.1	QIZ20563.1	42.761	297	158	6	1	288	1	294	8.93e-68	210
MDC2993426.1	QIZ20196.1	75.897	195	47	0	7	201	5	199	8.59e-114	318
MDC2993427.1	QIZ20197.1	69.204	289	89	0	1	289	1	289	3.87e-157	435
MDC2993428.1	QIZ20198.1	70.677	399	117	0	1	399	1	399	0.0	518
MDC2993429.1	QIZ20200.1	88.421	380	44	0	1	380	1	380	0.0	706
MDC2993430.1	QIZ20201.1	87.798	336	41	0	26	361	1	336	0.0	627
MDC2993431.1	QIZ20202.1	85.802	162	23	0	1	162	1	162	5.61e-103	288
MDC2993432.1	QIZ20203.1	90.293	443	43	0	1	443	1	443	0.0	807
MDC2993433.1	QIZ20243.1	81.683	202	37	0	1	202	1	202	5.51e-122	348
MDC2993434.1	QIZ20244.1	77.647	255	57	0	1	255	1	255	1.37e-155	429
MDC2993435.1	QIZ20245.1	66.055	218	70	1	1	214	1	218	9.95e-104	295
MDC2993436.1	QIZ20246.1	72.289	249	69	0	1	249	1	249	9.28e-134	373
MDC2993437.1	QIZ20247.1	77.099	131	30	0	1	131	1	131	9.14e-73	209
MDC2993438.1	QIZ21532.1	55.349	215	95	1	1	214	1	215	2.75e-74	221
MDC2993439.1	QIZ21533.1	50.495	101	50	0	1	101	1	101	4.58e-34	109
MDC2993442.1	QIZ20248.1	68.526	251	79	0	5	255	6	256	1.43e-117	332
MDC2993443.1	QIZ20249.1	72.541	244	67	0	1	244	1	244	4.60e-138	384
MDC2993444.1	QIZ20250.1	90.152	396	39	0	1	396	1	396	0.0	720
MDC2993445.1	QIZ20251.1	71.429	63	18	0	1	63	1	63	7.46e-31	98.2
MDC2993446.1	QIZ20252.1	85.227	176	26	0	1	176	1	176	6.57e-113	314
MDC2993447.1	QIZ20253.1	83.212	137	23	0	4	140	3	139	4.34e-82	233
MDC2993448.1	QIZ20254.1	69.869	229	69	0	1	229	1	229	3.84e-121	339
MDC2993449.1	QIZ20255.1	68.675	166	52	0	1	166	1	166	2.40e-83	239
MDC2993450.1	QIZ20256.1	80.488	123	22	1	1	123	1	121	6.66e-55	163
MDC2993451.1	QIZ20257.1	84.091	1364	212	2	1	1360	1	1363	0.0	2380
MDC2993452.1	QIZ20258.1	87.401	1389	172	1	1	1386	1	1389	0.0	2528
MDC2993453.1	QIZ20259.1	95.122	123	6	0	1	123	1	123	3.80e-82	232
MDC2993454.1	QIZ20260.1	68.000	75	24	0	1	75	1	75	1.42e-31	103
MDC2993455.1	QIZ21207.1	68.116	138	43	1	1	138	1	137	3.03e-72	212
MDC2993456.1	QIZ21208.1	51.667	120	56	1	2	119	3	122	4.21e-42	131
MDC2993458.1	QIZ20306.1	49.057	159	74	3	12	170	9	160	3.55e-48	149
MDC2993459.1	QIZ21209.1	76.884	199	46	0	1	199	1	199	3.20e-115	322
MDC2993460.1	QIZ21210.1	74.976	1039	260	0	1	1039	1	1039	0.0	1567
MDC2993461.1	QIZ21211.1	60.000	310	118	2	1	310	1	304	1.48e-126	360
MDC2993462.1	QIZ21212.1	55.762	269	119	0	1	269	1	269	4.21e-113	322
MDC2993463.1	QIZ21213.1	66.438	146	49	0	1	146	1	146	6.07e-71	206
MDC2993464.1	QIZ21214.1	67.007	294	96	1	1	293	1	294	1.77e-147	411
MDC2993465.1	QIZ21215.1	69.668	211	61	1	1	208	1	211	1.83e-109	308
MDC2993466.1	QIZ21216.1	54.082	98	45	0	1	98	1	98	2.34e-38	119
MDC2993468.1	QIZ21217.1	68.421	171	54	0	1	171	6	176	2.17e-89	255
MDC2993472.1	QIZ20541.1	31.718	227	150	4	5	229	6	229	4.96e-31	117
MDC2993473.1	QIZ21219.1	53.684	95	41	1	18	109	6	100	1.06e-34	111
MDC2993475.1	QIZ21220.1	78.582	691	148	0	1	691	1	691	0.0	1136
MDC2993476.1	QIZ21221.1	48.824	170	84	3	1	169	1	168	1.28e-42	135
MDC2993477.1	QIZ21222.1	54.693	309	140	0	1	309	1	309	9.69e-116	332
MDC2993478.1	QIZ21223.1	65.292	291	101	0	2	292	4	294	2.28e-138	388
MDC2993479.1	QIZ21224.1	66.835	395	131	0	1	395	1	395	0.0	580
MDC2993480.1	QIZ20478.1	78.667	75	16	0	1	75	1	75	2.36e-36	122
MDC2993482.1	QIZ20477.1	85.149	202	30	0	1	202	1	202	1.47e-133	369
MDC2993483.1	QIZ20476.1	91.232	422	35	1	1	420	1	422	0.0	793
MDC2993484.1	QIZ20475.1	83.270	795	131	1	1	795	2	794	0.0	1353
MDC2993485.1	QIZ20474.1	86.066	122	17	0	1	122	1	122	2.70e-73	209
MDC2993486.1	QIZ20473.1	90.173	173	17	0	1	173	1	173	2.76e-123	340
MDC2993487.1	QIZ20472.1	73.196	194	52	0	1	194	1	194	2.60e-108	304
MDC2993488.1	QIZ20471.1	90.026	391	39	0	1	391	1	391	0.0	745
MDC2993489.1	QIZ20470.1	68.812	202	63	0	1	202	1	202	7.58e-108	303
MDC2993490.1	QIZ20469.1	81.941	443	80	0	1	443	1	443	0.0	777
MDC2993491.1	QIZ20468.1	70.103	679	198	3	1	675	1	678	0.0	1005
MDC2993492.1	QIZ20467.1	88.554	332	38	0	1	332	1	332	0.0	588
MDC2993493.1	QIZ20466.1	87.578	161	20	0	1	161	1	161	1.54e-107	299
MDC2993494.1	QIZ20465.1	79.904	209	42	0	1	209	1	209	4.77e-126	350
MDC2993495.1	QIZ20464.1	88.350	103	12	0	1	103	1	103	1.93e-50	150
MDC2993496.1	QIZ20463.1	75.839	596	144	0	1	596	1	596	0.0	951
MDC2993498.1	QIZ21489.1	54.639	194	85	2	1	191	1	194	5.05e-74	217
MDC2993499.1	QIZ21488.1	76.954	998	230	0	1	998	1	998	0.0	1654
MDC2993500.1	QIZ21487.1	78.409	88	19	0	1	88	1	88	1.88e-53	157
MDC2993501.1	QIZ21486.1	86.331	417	57	0	1	417	1	417	0.0	759
MDC2993502.1	QIZ21485.1	87.971	557	67	0	3	559	5	561	0.0	1021
MDC2993503.1	QIZ21484.1	40.551	254	151	0	4	257	6	259	7.71e-72	217
MDC2993504.1	QIZ21483.1	66.580	386	128	1	1	385	1	386	0.0	550
MDC2993505.1	QIZ21480.1	82.844	443	76	0	1	443	1	443	0.0	788
MDC2993507.1	QIZ21131.1	26.936	297	175	7	27	300	5	282	8.81e-27	102
MDC2993508.1	QIZ20203.1	34.471	293	169	6	1	278	102	386	1.68e-44	153
MDC2993509.1	QIZ21509.1	29.070	258	178	4	5	260	7	261	1.24e-22	89.4
MDC2993510.1	QIZ20200.1	40.470	383	221	5	1	380	1	379	1.52e-97	291
MDC2993511.1	QIZ21124.1	23.922	510	318	15	14	517	8	453	2.70e-36	139
MDC2993512.1	QIZ20605.1	31.356	354	213	11	38	376	49	387	2.47e-36	132
MDC2993514.1	QIZ21230.1	57.321	321	137	0	1	321	1	321	1.05e-125	358
MDC2993515.1	QIZ21475.1	41.818	110	61	1	1	110	41	147	1.16e-24	87.0
MDC2993521.1	QIZ20629.1	77.778	153	34	0	1	153	261	413	2.07e-84	249
MDC2993522.1	QIZ20628.1	81.436	404	75	0	1	404	1	404	0.0	709
MDC2993523.1	QIZ20627.1	74.510	153	39	0	1	153	1	153	6.21e-85	242
MDC2993524.1	QIZ20626.1	76.531	98	23	0	1	98	1	98	1.41e-53	158
MDC2993525.1	QIZ20625.1	81.308	107	20	0	5	111	4	110	3.56e-65	188
MDC2993527.1	QIZ20624.1	83.726	467	76	0	1	467	1	467	0.0	844
MDC2993528.1	QIZ20623.1	65.409	159	55	0	1	159	1	159	1.99e-70	205
MDC2993529.1	QIZ20622.1	78.767	292	62	0	1	292	1	292	1.00e-160	445
MDC2993530.1	QIZ20621.1	48.534	307	151	3	1	305	1	302	5.75e-90	266
MDC2993531.1	QIZ21490.1	56.184	283	124	0	1	283	1	283	1.40e-121	345
MDC2993532.1	QIZ20416.1	30.222	225	145	5	1	222	1	216	5.29e-31	111
MDC2993536.1	QIZ21204.1	47.260	146	77	0	1	146	1	146	1.76e-43	137
MDC2993537.1	QIZ21203.1	85.514	428	62	0	1	428	1	428	0.0	744
MDC2993538.1	QIZ21202.1	64.427	506	170	5	10	509	10	511	0.0	601
MDC2993539.1	QIZ21201.1	89.177	231	23	1	3	231	4	234	9.67e-155	424
MDC2993540.1	QIZ21200.1	76.948	924	210	1	1	921	1	924	0.0	1446
MDC2993541.1	QIZ21198.1	65.027	183	64	0	1	183	1	183	6.51e-82	236
MDC2993542.1	QIZ21197.1	88.398	181	21	0	7	187	7	187	7.10e-118	328
MDC2993543.1	QIZ21196.1	80.612	392	76	0	1	392	1	392	0.0	663
MDC2993544.1	QIZ21195.1	85.759	323	46	0	1	323	1	323	0.0	564
MDC2993545.1	QIZ20387.1	92.667	150	11	0	1	150	1	150	1.06e-94	289
MDC2993546.1	QIZ20386.1	81.699	153	23	2	2	149	1	153	3.16e-85	242
MDC2993547.1	QIZ20385.1	79.673	856	166	2	1	856	1	848	0.0	1355
MDC2993548.1	QIZ20384.1	76.829	164	38	0	1	164	1	164	2.51e-93	264
MDC2993549.1	QIZ20383.1	75.543	184	44	1	1	183	1	184	1.55e-103	291
MDC2993550.1	QIZ20382.1	76.757	370	86	0	1	370	1	370	0.0	606
MDC2993551.1	QIZ20381.1	72.426	272	75	0	1	272	1	272	3.59e-156	432
MDC2993552.1	QIZ20380.1	73.438	192	51	0	14	205	12	203	2.99e-98	280
MDC2993553.1	QIZ20379.1	66.822	428	142	0	20	447	255	682	0.0	597
MDC2993554.1	QIZ20234.1	80.827	532	102	0	1	532	1	532	0.0	910
MDC2993555.1	QIZ20235.1	70.763	236	69	0	1	236	1	236	6.44e-120	337
MDC2993556.1	QIZ20236.1	81.463	205	38	0	1	205	1	205	1.02e-130	362
MDC2993557.1	QIZ20237.1	71.560	109	31	0	1	109	1	109	5.03e-59	173
MDC2993558.1	QIZ20238.1	88.000	75	9	0	1	75	1	75	6.90e-47	139
MDC2993559.1	QIZ20239.1	77.671	730	163	0	1	730	1	730	0.0	1184
MDC2993560.1	QIZ20240.1	71.366	227	65	0	1	227	1	227	7.11e-126	351
MDC2993561.1	QIZ20241.1	67.532	77	25	0	1	77	1	77	9.50e-35	109
MDC2993562.1	QIZ20242.1	71.923	260	73	0	1	260	1	260	1.89e-140	391
MDC2993563.1	QIZ20243.1	73.292	161	43	0	1	161	270	430	1.45e-85	253
MDC2993564.1	QIZ21478.1	88.382	241	28	0	1	241	101	341	8.26e-158	437
MDC2993565.1	QIZ21479.1	88.128	716	85	0	1	716	1	716	0.0	1273
MDC2993566.1	QIZ21481.1	43.824	340	165	6	1	316	1	338	8.63e-92	273
MDC2993567.1	QIZ20595.1	46.685	362	180	4	1	352	1	359	1.24e-111	326
MDC2993570.1	QIZ21299.1	81.773	203	37	0	1	203	108	310	4.95e-119	336
MDC2993571.1	QIZ21298.1	60.963	187	73	0	1	187	1	187	1.86e-81	239
MDC2993572.1	QIZ21297.1	82.162	185	33	0	1	185	1	185	6.98e-112	312
MDC2993573.1	QIZ21296.1	77.031	357	82	0	1	357	1	357	0.0	578
MDC2993574.1	QIZ21295.1	76.151	239	56	1	6	244	22	259	1.46e-133	372
MDC2993575.1	QIZ21294.1	91.169	419	37	0	1	419	1	419	0.0	767
MDC2993576.1	QIZ21293.1	83.234	167	28	0	7	173	3	169	4.81e-101	284
MDC2993577.1	QIZ21292.1	68.276	145	46	0	14	158	6	150	2.20e-73	213
MDC2993578.1	QIZ21291.1	66.346	104	35	0	1	104	1	104	2.25e-45	143
MDC2993579.1	QIZ20860.1	68.400	250	78	1	1	250	182	430	1.33e-126	362
MDC2993580.1	QIZ20861.1	42.857	126	52	4	6	125	19	130	2.48e-25	89.7
MDC2993581.1	QIZ20862.1	46.429	280	150	0	1	280	1	280	1.61e-82	245
MDC2993582.1	QIZ20863.1	73.109	357	96	0	1	357	1	357	0.0	514
MDC2993583.1	QIZ20864.1	78.333	360	78	0	5	364	3	362	0.0	584
MDC2993584.1	QIZ20865.1	66.253	403	135	1	1	402	1	403	0.0	538
MDC2993585.1	QIZ20866.1	68.908	238	74	0	4	241	2	239	2.34e-118	333
MDC2993586.1	QIZ20867.1	56.338	71	31	0	10	80	73	143	8.57e-25	85.9
MDC2993587.1	QIZ20606.1	77.461	386	87	0	1	386	94	479	0.0	648
MDC2993589.1	QIZ20501.1	48.438	320	163	1	1	318	1	320	4.33e-104	303
MDC2993595.1	QIZ20667.1	79.697	330	65	2	1	328	463	792	2.19e-163	471
MDC2993596.1	QIZ20668.1	53.591	181	84	0	1	181	1	181	1.58e-67	200
MDC2993597.1	QIZ20669.1	81.420	479	89	0	15	493	15	493	0.0	825
MDC2993600.1	QIZ21235.1	90.707	495	46	0	1	495	35	529	0.0	895
MDC2993601.1	QIZ21233.1	88.595	605	69	0	1	605	1	605	0.0	1113
MDC2993602.1	QIZ21105.1	80.000	150	28	1	2	149	3	152	3.31e-78	224
MDC2993603.1	QIZ21232.1	63.208	212	78	0	1	212	1	212	3.15e-88	255
MDC2993605.1	QIZ20332.1	89.474	152	16	0	1	152	1	152	1.28e-101	283
MDC2993606.1	QIZ20331.1	83.678	435	71	0	1	435	1	435	0.0	764
MDC2993607.1	QIZ20330.1	63.889	144	46	3	1	141	1	141	2.54e-59	176
MDC2993608.1	QIZ20329.1	71.875	192	54	0	5	196	22	213	1.41e-110	310
MDC2993609.1	QIZ20328.1	71.296	324	93	0	2	325	1	324	1.40e-178	493
MDC2993610.1	QIZ21318.1	66.454	313	104	1	1	313	1	312	5.40e-151	422
MDC2993611.1	QIZ21317.1	86.262	313	43	0	1	313	1	313	0.0	571
MDC2993613.1	QIZ21104.1	69.355	124	38	0	1	124	1	124	7.25e-54	160
MDC2993614.1	QIZ21314.1	71.622	148	38	1	1	144	251	398	1.11e-71	216
MDC2993615.1	QIZ20389.1	78.661	239	49	2	1	238	58	295	2.84e-134	375
MDC2993616.1	QIZ20388.1	80.000	200	37	1	1	200	1	197	2.69e-121	337
MDC2993617.1	QIZ20387.1	87.671	730	89	1	1	730	220	948	0.0	1343
MDC2993618.1	QIZ20588.1	32.114	246	165	2	37	281	36	280	2.67e-45	150
MDC2993622.1	QIZ21228.1	83.617	470	77	0	1	470	1	470	0.0	822
MDC2993623.1	QIZ21229.1	67.654	439	141	1	1	438	1	439	0.0	571
MDC2993624.1	QIZ21231.1	60.432	139	55	0	1	139	88	226	9.51e-61	182
MDC2993625.1	QIZ21359.1	85.642	397	57	0	1	397	1	397	0.0	718
MDC2993625.1	QIZ21359.1	31.500	400	239	8	8	397	559	933	6.80e-58	199
MDC2993626.1	QIZ21360.1	75.000	380	95	0	5	384	6	385	0.0	602
MDC2993627.1	QIZ21361.1	71.053	152	44	0	12	163	1	152	1.75e-65	193
MDC2993628.1	QIZ21362.1	90.000	110	11	0	1	110	1	110	2.73e-61	192
MDC2993629.1	QIZ20671.1	76.522	115	27	0	1	115	193	307	4.76e-58	177
MDC2993630.1	QIZ20672.1	72.028	286	80	0	1	286	1	286	7.43e-158	437
MDC2993631.1	QIZ20673.1	67.209	430	141	0	1	430	1	430	0.0	608
MDC2993632.1	QIZ21316.1	51.079	139	68	0	1	139	1	139	1.34e-48	151
MDC2993633.1	QIZ20607.1	46.296	108	56	1	1	106	1	108	3.30e-29	97.4
MDC2993634.1	QIZ21414.1	65.000	120	42	0	31	150	3	122	1.57e-60	179
MDC2993640.1	QIZ21131.1	29.553	291	168	8	19	292	12	282	4.19e-26	100
MDC2993643.1	QIZ20338.1	87.805	697	85	0	3	699	5	701	0.0	1195
MDC2993644.1	QIZ20337.1	53.514	185	80	3	1	182	138	319	2.40e-51	163
MDC2993648.1	QIZ20837.1	29.573	585	358	12	15	565	17	581	1.79e-58	201
MDC2993651.1	QIZ20633.1	86.667	105	14	0	5	109	2	106	3.92e-60	179
MDC2993652.1	QIZ20632.1	69.925	133	40	0	1	133	1	133	1.08e-67	197
MDC2993653.1	QIZ20631.1	90.000	480	48	0	1	480	1	480	0.0	905
MDC2993654.1	QIZ21191.1	58.621	348	142	1	1	346	1	348	4.64e-144	407
MDC2993655.1	QIZ21192.1	80.000	80	16	0	1	80	1	80	4.51e-44	134
MDC2993656.1	QIZ21193.1	84.615	182	28	0	1	182	1	182	3.42e-111	310
MDC2993658.1	QIZ20634.1	45.000	100	55	0	1	100	1	100	2.31e-22	84.7
MDC2993659.1	QIZ20635.1	73.219	407	106	2	1	405	1	406	0.0	604
MDC2993660.1	QIZ20636.1	70.552	163	48	0	1	163	565	727	6.23e-73	228
