MDA7805650.1	QIZ21162.1	97.150	386	11	0	1	386	1	386	0.0	749
MDA7805651.1	QIZ21163.1	97.595	291	7	0	1	291	1	291	0.0	569
MDA7805652.1	QIZ21164.1	85.552	969	139	1	1	969	1	968	0.0	1756
MDA7805653.1	QIZ21165.1	94.824	425	22	0	1	425	1	425	0.0	818
MDA7805654.1	QIZ21166.1	93.562	466	30	0	1	466	1	466	0.0	900
MDA7805655.1	QIZ21167.1	91.551	651	55	0	1	651	1	651	0.0	1226
MDA7805656.1	QIZ21168.1	93.514	185	12	0	1	185	1	185	4.97e-126	348
MDA7805657.1	QIZ21169.1	98.239	511	9	0	1	511	1	511	0.0	1018
MDA7805658.1	QIZ21170.1	98.969	291	3	0	1	291	1	291	0.0	585
MDA7805659.1	QIZ21171.1	99.576	472	2	0	1	472	1	472	0.0	951
MDA7805660.1	QIZ21172.1	99.231	130	1	0	1	130	1	130	8.47e-89	249
MDA7805661.1	QIZ21173.1	91.772	158	13	0	1	158	1	158	1.78e-108	301
MDA7805662.1	QIZ21174.1	96.306	379	14	0	1	379	1	379	0.0	737
MDA7805663.1	QIZ21175.1	94.828	116	6	0	1	116	1	116	9.45e-77	218
MDA7805664.1	QIZ21176.1	95.556	180	8	0	1	180	1	180	5.37e-122	337
MDA7805665.1	QIZ21177.1	93.269	416	28	0	1	416	1	416	0.0	776
MDA7805666.1	QIZ21178.1	97.283	368	10	0	1	368	1	368	0.0	714
MDA7805667.1	QIZ21179.1	98.471	327	5	0	1	327	1	327	0.0	649
MDA7805668.1	QIZ21180.1	100.000	84	0	0	1	84	1	84	2.62e-56	164
MDA7805669.1	QIZ21181.1	97.761	134	3	0	1	134	1	134	1.76e-92	259
MDA7805670.1	QIZ21182.1	72.385	239	66	0	1	239	1	239	1.16e-132	369
MDA7805671.1	QIZ21183.1	84.343	198	31	0	1	198	1	198	2.86e-125	347
MDA7805672.1	QIZ21184.1	87.903	372	45	0	1	372	1	372	0.0	683
MDA7805673.1	QIZ21185.1	82.500	360	63	0	1	360	1	360	0.0	607
MDA7805674.1	QIZ21186.1	91.946	298	24	0	2	299	1	298	0.0	552
MDA7805675.1	QIZ21187.1	82.258	248	44	0	1	248	1	248	4.07e-146	404
MDA7805676.1	QIZ21188.1	94.760	458	24	0	1	458	1	458	0.0	818
MDA7805677.1	QIZ21189.1	92.723	481	35	0	1	481	1	481	0.0	819
MDA7805678.1	QIZ21190.1	95.048	525	26	0	1	525	1	525	0.0	1018
MDA7805679.1	QIZ21191.1	96.000	350	14	0	1	350	1	350	0.0	664
MDA7805680.1	QIZ21193.1	96.739	184	6	0	1	184	1	184	9.19e-127	350
MDA7805681.1	QIZ21194.1	96.907	291	9	0	1	291	1	291	0.0	577
MDA7805682.1	QIZ21195.1	97.695	347	8	0	1	347	1	347	0.0	708
MDA7805683.1	QIZ21196.1	96.939	392	12	0	1	392	1	392	0.0	778
MDA7805684.1	QIZ21197.1	96.791	187	6	0	1	187	1	187	6.88e-135	370
MDA7805685.1	QIZ21198.1	96.175	183	7	0	3	185	1	183	3.17e-123	341
MDA7805686.1	QIZ21199.1	94.822	309	16	0	1	309	1	309	0.0	589
MDA7805687.1	QIZ21200.1	97.944	924	19	0	1	924	1	924	0.0	1842
MDA7805688.1	QIZ21201.1	95.745	235	10	0	1	235	1	235	7.05e-167	455
MDA7805689.1	QIZ21202.1	94.336	512	29	0	1	512	1	512	0.0	909
MDA7805690.1	QIZ21203.1	98.364	428	7	0	1	428	1	428	0.0	867
MDA7805691.1	QIZ21204.1	90.850	153	14	0	1	153	1	153	9.96e-100	279
MDA7805692.1	QIZ21205.1	87.539	321	40	0	1	321	1	321	0.0	556
MDA7805693.1	QIZ21206.1	88.210	229	27	0	1	229	1	229	4.36e-144	397
MDA7805694.1	QIZ21207.1	92.017	238	19	0	1	238	1	238	9.05e-169	461
MDA7805695.1	QIZ21208.1	84.000	125	20	0	4	128	1	125	1.25e-72	208
MDA7805696.1	QIZ21209.1	93.970	199	12	0	1	199	1	199	1.34e-141	389
MDA7805697.1	QIZ21210.1	96.635	1040	35	0	1	1040	1	1040	0.0	2019
MDA7805698.1	QIZ21211.1	94.020	301	18	0	1	301	1	301	0.0	558
MDA7805699.1	QIZ21212.1	87.407	270	34	0	1	270	1	270	0.0	498
MDA7805700.1	QIZ21213.1	95.918	147	6	0	1	147	1	147	3.00e-107	297
MDA7805701.1	QIZ21214.1	97.619	294	7	0	1	294	1	294	0.0	571
MDA7805702.1	QIZ21215.1	95.261	211	10	0	1	211	1	211	2.87e-149	409
MDA7805703.1	QIZ21216.1	77.551	98	22	0	1	98	1	98	3.17e-58	170
MDA7805704.1	QIZ20953.1	40.268	298	146	9	3	296	4	273	1.51e-58	184
MDA7805705.1	QIZ21217.1	94.220	173	10	0	1	173	6	178	3.29e-123	340
MDA7805706.1	QIZ21218.1	99.312	436	3	0	1	436	1	436	0.0	850
MDA7805707.1	QIZ21219.1	95.050	101	5	0	1	101	1	101	6.15e-68	194
MDA7805708.1	QIZ21220.1	92.185	691	54	0	1	691	1	691	0.0	1320
MDA7805709.1	QIZ21221.1	85.714	168	24	0	1	168	1	168	1.19e-93	265
MDA7805710.1	QIZ21222.1	87.821	312	38	0	1	312	1	312	0.0	525
MDA7805711.1	QIZ20795.1	29.762	336	197	12	1	305	1	328	5.37e-26	101
MDA7805712.1	QIZ21223.1	83.673	294	48	0	1	294	1	294	0.0	499
MDA7805714.1	QIZ21225.1	90.556	180	17	0	1	180	1	180	6.18e-112	312
MDA7805715.1	QIZ21226.1	95.652	115	5	0	1	115	1	115	1.46e-78	222
MDA7805716.1	QIZ21227.1	94.167	120	7	0	1	120	1	120	1.02e-82	233
MDA7805717.1	QIZ21228.1	97.021	470	14	0	1	470	1	470	0.0	937
MDA7805718.1	QIZ21229.1	94.761	439	23	0	1	439	1	439	0.0	796
MDA7805719.1	QIZ21230.1	85.449	323	47	0	1	323	1	323	0.0	558
MDA7805720.1	QIZ21231.1	88.496	226	26	0	1	226	1	226	1.35e-149	411
MDA7805721.1	QIZ21232.1	94.419	215	12	0	1	215	1	215	4.10e-143	394
MDA7805722.1	QIZ21233.1	96.053	608	24	0	1	608	1	608	0.0	1201
MDA7805723.1	QIZ21234.1	75.000	616	68	6	1	532	1	614	0.0	860
MDA7805724.1	QIZ21235.1	99.459	555	3	0	1	555	1	555	0.0	1092
MDA7805725.1	QIZ21236.1	100.000	96	0	0	1	96	1	96	1.33e-65	188
MDA7805726.1	QIZ21237.1	84.191	272	43	0	1	272	1	272	1.84e-172	473
MDA7805727.1	QIZ21238.1	92.787	305	22	0	1	305	1	305	0.0	557
MDA7805728.1	QIZ21239.1	97.127	905	26	0	1	905	1	905	0.0	1822
MDA7805729.1	QIZ21240.1	91.515	165	14	0	1	165	1	165	2.31e-94	266
MDA7805730.1	QIZ21241.1	71.756	131	31	2	1	131	1	125	1.33e-47	147
MDA7805731.1	QIZ21242.1	94.987	379	19	0	1	379	1	379	0.0	683
MDA7805732.1	QIZ21243.1	88.172	186	22	0	1	186	1	186	3.21e-108	303
MDA7805733.1	QIZ21244.1	92.637	421	31	0	1	421	1	421	0.0	791
MDA7805734.1	QIZ21245.1	95.161	62	3	0	1	62	1	62	2.03e-40	122
MDA7805735.1	QIZ21246.1	90.210	286	28	0	1	286	1	286	0.0	520
MDA7805736.1	QIZ21247.1	89.172	314	34	0	1	314	1	314	0.0	566
MDA7805737.1	QIZ21248.1	90.476	420	40	0	1	420	1	420	0.0	714
MDA7805738.1	QIZ21249.1	87.889	578	70	0	1	578	1	578	0.0	1039
MDA7805739.1	QIZ21250.1	90.941	287	26	0	1	287	1	287	0.0	528
MDA7805740.1	QIZ21251.1	91.045	134	12	0	1	134	1	134	4.21e-93	261
MDA7805741.1	QIZ21252.1	96.605	324	11	0	1	324	1	324	0.0	632
MDA7805742.1	QIZ21253.1	96.774	279	9	0	1	279	1	279	0.0	552
MDA7805743.1	QIZ21254.1	100.000	79	0	0	1	79	1	79	5.85e-57	165
MDA7805744.1	QIZ21255.1	97.479	119	3	0	1	119	1	119	3.22e-83	234
MDA7805745.1	QIZ21256.1	96.818	220	7	0	1	220	1	220	6.04e-158	432
MDA7805746.1	QIZ21257.1	88.841	233	26	0	1	233	1	233	2.14e-149	411
MDA7805747.1	QIZ21258.1	91.144	271	24	0	1	271	1	271	4.08e-180	492
MDA7805748.1	QIZ21259.1	95.588	544	24	0	1	544	1	544	0.0	1001
MDA7805749.1	QIZ21262.1	92.697	178	13	0	2	179	1	178	1.78e-125	346
MDA7805750.1	QIZ21263.1	81.298	262	49	0	1	262	1	262	5.36e-154	425
MDA7805751.1	QIZ21264.1	67.281	217	71	0	1	217	1	217	3.19e-96	275
MDA7805754.1	QIZ21258.1	24.911	281	178	5	11	272	4	270	5.49e-21	85.5
MDA7805755.1	QIZ21259.1	40.290	551	295	9	38	577	4	531	7.50e-124	372
MDA7805759.1	QIZ21260.1	74.828	290	69	1	10	299	18	303	8.26e-161	446
MDA7805760.1	QIZ20457.1	60.494	81	32	0	1	81	1	81	3.14e-25	85.5
MDA7805761.1	QIZ21265.1	90.393	458	44	0	1	458	1	458	0.0	855
MDA7805762.1	QIZ21266.1	88.820	161	18	0	1	161	1	161	4.10e-111	308
MDA7805763.1	QIZ21267.1	96.454	141	5	0	1	141	1	141	2.81e-97	272
MDA7805764.1	QIZ21268.1	92.857	322	23	0	1	322	1	322	0.0	607
MDA7805765.1	QIZ21269.1	92.994	314	22	0	1	314	1	314	0.0	598
MDA7805766.1	QIZ21270.1	88.424	311	36	0	1	311	1	311	0.0	533
MDA7805767.1	QIZ21271.1	91.011	356	31	1	1	356	1	355	0.0	645
MDA7805768.1	QIZ21272.1	89.046	283	31	0	1	283	1	283	2.35e-175	481
MDA7805769.1	QIZ21273.1	97.732	485	11	0	1	485	1	485	0.0	974
MDA7805770.1	QIZ21274.1	97.619	168	4	0	1	168	1	168	1.31e-112	313
MDA7805771.1	QIZ21275.1	92.737	179	13	0	18	196	1	179	2.36e-119	332
MDA7805772.1	QIZ21276.1	100.000	75	0	0	1	75	1	75	1.79e-46	138
MDA7805773.1	QIZ21277.1	99.590	244	1	0	1	244	1	244	3.62e-176	479
MDA7805774.1	QIZ21278.1	96.703	91	3	0	1	91	1	91	6.70e-61	176
MDA7805775.1	QIZ21279.1	97.666	857	20	0	1	857	1	857	0.0	1675
MDA7805776.1	QIZ21280.1	92.857	196	14	0	1	196	1	196	1.95e-130	360
MDA7805777.1	QIZ21281.1	97.531	162	4	0	1	162	1	162	5.48e-114	316
MDA7805778.1	QIZ21282.1	94.172	326	19	0	1	326	1	326	0.0	620
MDA7805779.1	QIZ21283.1	93.995	383	23	0	1	383	1	383	0.0	719
MDA7805780.1	QIZ21284.1	97.472	356	9	0	1	356	1	356	0.0	720
MDA7805781.1	QIZ21285.1	94.624	186	10	0	1	186	1	186	8.98e-126	347
MDA7805782.1	QIZ21286.1	93.827	243	15	0	1	243	1	243	1.09e-159	438
MDA7805783.1	QIZ21287.1	96.161	547	21	0	15	561	15	561	0.0	1032
MDA7805784.1	QIZ21288.1	91.459	281	24	0	1	281	1	281	3.03e-174	478
MDA7805785.1	QIZ21289.1	93.632	424	27	0	1	424	1	424	0.0	800
MDA7805786.1	QIZ21290.1	96.203	158	6	0	1	158	1	158	6.28e-109	303
MDA7805787.1	QIZ21291.1	91.636	275	23	0	1	275	1	275	0.0	523
MDA7805788.1	QIZ21292.1	97.386	153	4	0	1	153	1	153	1.53e-111	309
MDA7805789.1	QIZ21293.1	98.817	169	2	0	1	169	1	169	1.06e-126	348
MDA7805790.1	QIZ21294.1	99.284	419	3	0	1	419	1	419	0.0	837
MDA7805791.1	QIZ21295.1	96.911	259	8	0	1	259	1	259	0.0	526
MDA7805792.1	QIZ21296.1	98.319	357	6	0	1	357	1	357	0.0	719
MDA7805793.1	QIZ21297.1	96.237	186	7	0	1	186	1	186	8.71e-132	363
MDA7805794.1	QIZ21298.1	87.727	220	26	1	1	219	1	220	2.92e-136	377
MDA7805795.1	QIZ21299.1	98.261	230	4	0	1	230	81	310	5.10e-164	451
MDA7805796.1	QIZ20704.1	96.530	317	11	0	1	317	1	317	0.0	619
MDA7805797.1	QIZ20705.1	93.421	228	15	0	1	228	1	228	2.45e-159	436
MDA7805798.1	QIZ20706.1	84.470	264	41	0	1	264	1	264	2.92e-169	464
MDA7805799.1	QIZ20707.1	75.152	165	35	2	2	162	1	163	1.02e-83	239
MDA7805800.1	QIZ20708.1	96.935	261	8	0	1	261	1	261	0.0	530
MDA7805801.1	QIZ20709.1	97.447	235	6	0	1	235	1	235	2.35e-168	459
MDA7805802.1	QIZ20710.1	98.750	240	3	0	1	240	1	240	1.44e-174	475
MDA7805803.1	QIZ20711.1	98.214	336	6	0	1	336	1	336	0.0	649
MDA7805804.1	QIZ20712.1	98.611	288	4	0	1	288	1	288	0.0	561
MDA7805805.1	QIZ20713.1	97.608	418	10	0	1	418	1	418	0.0	845
MDA7805806.1	QIZ20714.1	98.039	204	4	0	1	204	1	204	6.41e-141	387
MDA7805807.1	QIZ20715.1	91.051	257	23	0	1	257	1	257	3.55e-173	473
MDA7805808.1	QIZ20716.1	94.964	139	7	0	1	139	1	139	3.88e-101	281
MDA7805809.1	QIZ20717.1	94.434	521	29	0	1	521	1	521	0.0	989
MDA7805810.1	QIZ20718.1	94.483	145	8	0	1	145	1	145	4.14e-96	269
MDA7805811.1	QIZ20719.1	95.251	358	17	0	1	358	1	358	0.0	650
MDA7805812.1	QIZ20720.1	97.044	203	6	0	1	203	1	203	4.12e-143	393
MDA7805813.1	QIZ20721.1	95.695	302	13	0	1	302	1	302	0.0	590
MDA7805814.1	QIZ20722.1	92.884	267	19	0	1	267	1	267	2.82e-172	472
MDA7805815.1	QIZ20723.1	92.558	215	16	0	1	215	1	215	5.63e-153	419
MDA7805816.1	QIZ20724.1	89.851	404	41	0	1	404	1	404	0.0	764
MDA7805817.1	QIZ20725.1	93.251	889	60	0	1	889	1	889	0.0	1691
MDA7805819.1	QIZ20726.1	96.588	381	13	0	1	381	1	381	0.0	745
MDA7805820.1	QIZ20727.1	66.204	432	145	1	1	431	1	432	0.0	535
MDA7805821.1	QIZ20728.1	93.831	308	19	0	1	308	1	308	0.0	564
MDA7805822.1	QIZ20729.1	94.167	120	7	0	1	120	1	120	1.01e-83	236
MDA7805823.1	QIZ20730.1	86.772	189	25	0	1	189	1	189	4.71e-121	336
MDA7805824.1	QIZ20731.1	97.710	131	3	0	1	131	1	131	9.35e-93	259
MDA7805825.1	QIZ20732.1	94.118	425	25	0	1	425	1	425	0.0	827
MDA7805829.1	QIZ20733.1	66.207	290	98	0	1	290	1	290	1.08e-140	394
MDA7805831.1	QIZ20734.1	90.556	180	17	0	1	180	1	180	1.81e-110	308
MDA7805832.1	QIZ20416.1	47.036	253	123	2	9	261	3	244	2.44e-80	238
MDA7805833.1	QIZ20181.1	29.858	211	136	3	15	213	13	223	1.35e-23	90.5
MDA7805834.1	QIZ20311.1	33.333	165	109	1	14	177	40	204	8.22e-25	94.0
MDA7805836.1	QIZ20735.1	56.538	260	109	2	1	260	1	256	1.36e-89	262
MDA7805838.1	QIZ20736.1	81.731	208	38	0	1	208	1	208	5.39e-134	370
MDA7805839.1	QIZ20737.1	93.491	338	22	0	1	338	1	338	0.0	629
MDA7805840.1	QIZ20738.1	90.566	106	10	0	1	106	1	106	3.77e-72	206
MDA7805841.1	QIZ20739.1	96.875	256	8	0	1	256	1	256	4.56e-178	485
MDA7805842.1	QIZ20740.1	98.098	631	12	0	1	631	1	631	0.0	1278
MDA7805843.1	QIZ20741.1	98.750	80	1	0	1	80	1	80	7.07e-51	150
MDA7805844.1	QIZ20742.1	95.853	434	18	0	1	434	1	434	0.0	865
MDA7805845.1	QIZ20743.1	93.197	294	20	0	1	294	1	294	0.0	556
MDA7805846.1	QIZ20744.1	96.657	329	11	0	1	329	1	329	0.0	660
MDA7805847.1	QIZ20745.1	92.391	276	21	0	1	276	1	276	0.0	513
MDA7805848.1	QIZ20746.1	97.745	887	20	0	1	887	1	887	0.0	1785
MDA7805849.1	QIZ20747.1	96.948	688	21	0	1	688	1	688	0.0	1348
MDA7805850.1	QIZ20748.1	98.639	294	4	0	1	294	1	294	0.0	613
MDA7805851.1	QIZ20749.1	99.254	268	2	0	1	268	1	268	0.0	524
MDA7805852.1	QIZ20750.1	96.736	337	11	0	1	337	1	337	0.0	659
MDA7805853.1	QIZ20751.1	93.269	208	14	0	1	208	1	208	9.84e-147	402
MDA7805854.1	QIZ20752.1	98.056	360	7	0	1	360	1	360	0.0	732
MDA7805855.1	QIZ20753.1	97.017	637	19	0	1	637	1	637	0.0	1278
MDA7805856.1	QIZ20754.1	93.793	290	18	0	1	290	1	290	0.0	522
MDA7805857.1	QIZ20755.1	87.654	81	10	0	1	81	1	81	4.96e-44	132
MDA7805858.1	QIZ20756.1	91.290	310	27	0	1	310	1	310	0.0	568
MDA7805859.1	QIZ20757.1	95.092	326	16	0	1	326	1	326	0.0	612
MDA7805860.1	QIZ20758.1	98.635	293	4	0	1	293	1	293	0.0	590
MDA7805861.1	QIZ20759.1	99.070	430	4	0	1	430	1	430	0.0	865
MDA7805862.1	QIZ20760.1	98.413	63	1	0	1	63	208	270	1.22e-41	131
MDA7805863.1	QIZ21077.1	90.995	211	19	0	1	211	167	377	1.39e-135	380
MDA7805864.1	QIZ21078.1	90.000	210	21	0	2	211	4	213	3.29e-140	386
MDA7805865.1	QIZ21087.1	41.197	284	160	4	1	283	1	278	1.44e-67	207
MDA7805867.1	QIZ21079.1	91.881	505	41	0	7	511	14	518	0.0	921
MDA7805869.1	QIZ21080.1	96.804	219	7	0	1	219	1	219	5.82e-153	419
MDA7805870.1	QIZ21081.1	98.305	118	2	0	1	118	1	118	1.04e-82	233
MDA7805871.1	QIZ21082.1	97.508	602	15	0	1	602	1	602	0.0	1180
MDA7805872.1	QIZ21083.1	98.837	86	1	0	1	86	1	86	1.07e-61	177
MDA7805873.1	QIZ21084.1	94.203	207	12	0	1	207	1	207	1.38e-142	392
MDA7805874.1	QIZ21085.1	93.614	642	41	0	40	681	39	680	0.0	1253
MDA7805875.1	QIZ21086.1	94.161	137	8	0	1	137	1	137	1.38e-94	265
MDA7805876.1	QIZ20853.1	40.517	232	134	3	7	235	8	238	1.08e-50	161
MDA7805882.1	QIZ21088.1	94.398	357	20	0	1	357	1	357	0.0	685
MDA7805883.1	QIZ21089.1	92.508	307	23	0	1	307	1	307	0.0	569
MDA7805884.1	QIZ21090.1	96.789	218	7	0	1	218	15	232	2.12e-154	423
MDA7805885.1	QIZ21091.1	97.507	361	9	0	1	361	1	361	0.0	693
MDA7805886.1	QIZ21092.1	90.625	96	9	0	1	96	1	96	4.49e-59	172
MDA7805887.1	QIZ21093.1	96.441	281	10	0	1	281	1	281	0.0	547
MDA7805888.1	QIZ21094.1	93.143	350	24	0	1	350	1	350	0.0	677
MDA7805889.1	QIZ21095.1	92.059	340	27	0	15	354	24	363	0.0	635
MDA7805891.1	QIZ21096.1	96.186	236	9	0	1	236	1	236	5.11e-170	463
MDA7805892.1	QIZ21097.1	96.774	496	16	0	1	496	1	496	0.0	990
MDA7805893.1	QIZ21098.1	93.578	109	7	0	1	109	1	109	1.03e-76	217
MDA7805894.1	QIZ21099.1	97.500	40	1	0	1	40	1	40	2.97e-23	77.4
MDA7805895.1	QIZ21100.1	86.957	138	18	0	4	141	1	138	2.22e-84	239
MDA7805896.1	QIZ21101.1	92.469	239	18	0	1	239	1	239	2.63e-169	462
MDA7805899.1	QIZ21102.1	93.532	201	13	0	1	201	1	201	5.93e-113	316
MDA7805900.1	QIZ21103.1	89.474	380	40	0	1	380	1	380	0.0	699
MDA7805901.1	QIZ21104.1	92.063	126	10	0	1	126	1	126	2.87e-81	230
MDA7805902.1	QIZ21105.1	97.368	152	4	0	1	152	1	152	1.33e-108	301
MDA7805903.1	QIZ21106.1	89.756	205	21	0	1	205	1	205	5.57e-137	377
MDA7805904.1	QIZ21107.1	97.722	395	9	0	1	395	1	395	0.0	790
MDA7805905.1	QIZ21108.1	80.357	168	33	0	1	168	1	168	1.14e-102	288
MDA7805906.1	QIZ21109.1	94.203	345	20	0	1	345	1	345	0.0	688
MDA7805907.1	QIZ21110.1	96.443	253	9	0	1	253	1	253	8.06e-178	484
MDA7805910.1	QIZ21111.1	98.246	114	2	0	1	114	1	114	5.01e-79	223
MDA7805911.1	QIZ21112.1	97.268	183	5	0	1	183	1	183	1.62e-130	359
MDA7805912.1	QIZ21113.1	100.000	106	0	0	1	106	1	106	1.12e-77	219
MDA7805913.1	QIZ21114.1	96.610	236	8	0	1	236	1	236	1.62e-168	459
MDA7805914.1	QIZ21115.1	93.333	75	5	0	1	75	1	75	1.39e-48	144
MDA7805915.1	QIZ21116.1	95.652	138	6	0	1	138	1	138	4.64e-94	263
MDA7805916.1	QIZ21117.1	93.920	625	38	0	1	625	1	625	0.0	1105
MDA7805917.1	QIZ21118.1	89.655	145	15	0	1	145	1	145	2.13e-96	271
MDA7805918.1	QIZ21119.1	97.619	126	3	0	1	126	1	126	4.65e-87	244
MDA7805919.1	QIZ21120.1	97.041	169	5	0	1	169	1	169	2.88e-120	332
MDA7805920.1	QIZ21121.1	99.217	383	3	0	1	383	1	383	0.0	793
MDA7805921.1	QIZ21122.1	92.950	383	27	0	1	383	1	383	0.0	751
MDA7805922.1	QIZ21123.1	98.969	388	4	0	1	388	1	388	0.0	797
MDA7805923.1	QIZ21124.1	99.344	457	3	0	1	457	1	457	0.0	936
MDA7805924.1	QIZ21125.1	94.322	317	18	0	1	317	1	317	0.0	608
MDA7805925.1	QIZ21126.1	93.333	405	24	1	1	405	1	402	0.0	684
MDA7805926.1	QIZ21127.1	94.429	359	20	0	1	359	1	359	0.0	647
MDA7805927.1	QIZ21128.1	99.433	353	2	0	1	353	1	353	0.0	708
MDA7805928.1	QIZ21129.1	98.239	511	9	0	1	511	1	511	0.0	1036
MDA7805929.1	QIZ21130.1	98.951	286	3	0	1	286	1	286	0.0	564
MDA7805930.1	QIZ21131.1	100.000	282	0	0	1	282	1	282	0.0	554
MDA7805931.1	QIZ21132.1	97.493	359	9	0	1	359	1	359	0.0	702
MDA7805932.1	QIZ21133.1	95.570	316	14	0	1	316	1	316	0.0	621
MDA7805938.1	QIZ20851.1	29.968	317	192	10	4	313	6	299	8.83e-29	108
MDA7805951.1	QIZ20805.1	47.103	397	202	4	187	581	1	391	4.92e-112	336
MDA7805952.1	QIZ20797.1	30.479	292	194	5	91	376	31	319	2.10e-24	97.8
MDA7805953.1	QIZ20811.1	40.331	362	202	6	6	360	2	356	1.60e-53	177
MDA7805954.1	QIZ20810.1	28.783	337	222	8	4	334	2	326	1.78e-28	108
MDA7805960.1	QIZ20804.1	34.146	246	158	2	1	245	8	250	1.18e-33	118
MDA7805964.1	QIZ20802.1	40.312	320	178	6	11	325	16	327	7.22e-63	199
MDA7805966.1	QIZ20801.1	44.764	382	186	10	33	401	4	373	4.35e-82	254
MDA7805970.1	QIZ20800.1	57.143	231	96	2	1	229	4	233	1.59e-91	265
MDA7805973.1	QIZ20795.1	52.187	343	156	4	2	343	3	338	2.97e-116	336
MDA7805974.1	QIZ20796.1	58.170	306	126	1	2	307	1	304	2.54e-123	352
MDA7805975.1	QIZ20793.1	66.438	292	98	0	1	292	1	292	5.75e-147	410
MDA7805976.1	QIZ20792.1	100.000	41	0	0	1	41	1	41	1.01e-23	78.6
MDA7805978.1	QIZ20790.1	80.663	362	70	0	1	362	1	362	0.0	581
MDA7805979.1	QIZ20789.1	93.684	95	6	0	1	95	1	95	2.94e-59	172
MDA7805980.1	QIZ20788.1	92.000	50	4	0	2	51	1	50	3.87e-26	94.7
MDA7805981.1	QIZ20788.1	96.000	250	10	0	1	250	215	464	0.0	503
MDA7805982.1	QIZ20786.1	100.000	64	0	0	1	64	1	64	4.42e-39	119
MDA7805983.1	QIZ20785.1	92.683	82	6	0	8	89	90	171	1.04e-51	156
MDA7805984.1	QIZ20785.1	98.795	83	1	0	1	83	9	91	6.55e-57	169
MDA7805985.1	QIZ20784.1	97.297	74	2	0	1	74	1	74	5.06e-52	153
MDA7805986.1	QIZ20783.1	95.833	120	5	0	1	120	127	246	1.10e-82	238
MDA7805987.1	QIZ20783.1	96.610	118	4	0	1	118	1	118	1.14e-80	233
MDA7805988.1	QIZ20781.1	90.821	207	19	0	1	207	1	207	1.01e-118	331
MDA7805989.1	QIZ20780.1	89.881	336	34	0	1	336	1	336	0.0	630
MDA7805990.1	QIZ20779.1	91.071	392	35	0	1	392	1	392	0.0	714
MDA7805991.1	QIZ20778.1	95.625	160	7	0	1	160	176	335	1.23e-111	316
MDA7805992.1	QIZ20778.1	93.407	182	12	0	1	182	1	182	3.23e-123	347
MDA7805993.1	QIZ20777.1	95.552	652	29	0	1	652	1	652	0.0	1287
MDA7805994.1	QIZ20776.1	96.262	107	4	0	1	107	1	107	2.54e-65	188
MDA7805995.1	QIZ20775.1	94.595	148	8	0	1	148	1	148	1.94e-99	278
MDA7805996.1	QIZ20774.1	90.055	181	18	0	1	181	1	181	1.46e-116	324
MDA7805997.1	QIZ20773.1	95.896	268	11	0	1	268	1	268	0.0	528
MDA7805998.1	QIZ20772.1	98.333	240	4	0	1	240	1	240	2.13e-177	483
MDA7805999.1	QIZ20771.1	96.341	164	6	0	1	164	1	164	1.57e-117	325
MDA7806000.1	QIZ20770.1	99.107	224	2	0	1	224	1	224	3.08e-162	443
MDA7806001.1	QIZ20769.1	98.551	138	2	0	1	138	1	138	1.24e-97	272
MDA7806002.1	QIZ20768.1	97.403	77	2	0	1	77	21	97	8.68e-45	140
MDA7806004.1	QIZ20359.1	61.950	318	108	2	1	318	1	305	2.77e-150	420
MDA7806006.1	QIZ20357.1	86.207	145	20	0	3	147	1	145	1.59e-93	263
MDA7806007.1	QIZ20356.1	94.565	92	5	0	1	92	4	95	8.53e-61	176
MDA7806008.1	QIZ20355.1	97.518	282	7	0	1	282	1	282	0.0	549
MDA7806009.1	QIZ20354.1	93.333	300	20	0	1	300	1	300	0.0	551
MDA7806010.1	QIZ20353.1	97.442	430	11	0	1	430	1	430	0.0	830
MDA7806011.1	QIZ20352.1	94.595	74	4	0	1	74	1	74	1.25e-47	141
MDA7806012.1	QIZ20351.1	95.294	340	16	0	1	340	1	340	0.0	651
MDA7806013.1	QIZ20350.1	97.987	149	3	0	1	149	1	149	1.97e-108	300
MDA7806014.1	QIZ20349.1	98.039	153	3	0	1	153	1	153	1.18e-110	306
MDA7806015.1	QIZ20348.1	97.738	442	10	0	1	442	1	442	0.0	894
MDA7806016.1	QIZ20347.1	90.476	336	32	0	1	336	1	336	0.0	565
MDA7806017.1	QIZ20346.1	95.833	96	4	0	1	96	1	96	8.11e-59	171
MDA7806018.1	QIZ20345.1	98.413	63	1	0	1	63	1	63	3.05e-40	122
MDA7806019.1	QIZ20344.1	95.200	125	6	0	1	125	1	125	6.20e-82	232
MDA7806020.1	QIZ20343.1	95.000	100	5	0	1	100	1	100	9.35e-65	186
MDA7806021.1	QIZ20342.1	94.311	334	19	0	1	334	1	334	0.0	637
MDA7806022.1	QIZ20341.1	100.000	60	0	0	1	60	1	60	7.22e-42	125
MDA7806023.1	QIZ20340.1	94.444	144	8	0	12	155	12	155	1.93e-85	243
MDA7806024.1	QIZ20339.1	90.647	139	13	0	15	153	15	153	3.32e-92	260
MDA7806025.1	QIZ20338.1	98.146	701	13	0	1	701	1	701	0.0	1347
MDA7806026.1	QIZ20337.1	89.655	319	33	0	1	319	1	319	0.0	537
MDA7806027.1	QIZ20336.1	98.507	134	2	0	1	134	1	134	9.24e-95	265
MDA7806028.1	QIZ20335.1	66.165	133	36	2	2	134	3	126	1.69e-58	173
MDA7806029.1	QIZ20334.1	98.361	366	6	0	1	366	1	366	0.0	712
MDA7806030.1	QIZ20333.1	95.431	197	9	0	1	197	1	197	1.83e-136	375
MDA7806032.1	QIZ20332.1	99.342	152	1	0	1	152	1	152	6.11e-110	305
MDA7806033.1	QIZ20331.1	97.936	436	9	0	1	436	1	436	0.0	887
MDA7806034.1	QIZ20330.1	90.780	141	13	0	1	141	1	141	2.24e-94	265
MDA7806035.1	QIZ20329.1	91.080	213	19	0	1	213	1	213	2.20e-152	417
MDA7806036.1	QIZ20328.1	96.353	329	12	0	1	329	1	329	0.0	647
MDA7806037.1	QIZ20327.1	97.345	226	6	0	1	226	1	226	2.65e-160	438
MDA7806038.1	QIZ20326.1	96.396	222	8	0	1	222	1	222	4.41e-154	422
MDA7806039.1	QIZ20325.1	94.262	244	14	0	1	244	1	244	4.29e-170	464
MDA7806040.1	QIZ20324.1	92.969	128	9	0	1	128	1	128	3.02e-80	228
MDA7806041.1	QIZ20323.1	94.979	239	12	0	1	239	1	239	5.96e-156	428
MDA7806042.1	QIZ20322.1	98.974	195	2	0	1	195	1	195	3.27e-138	380
MDA7806043.1	QIZ20321.1	86.667	585	74	1	1	581	1	585	0.0	1065
MDA7806044.1	QIZ20320.1	94.220	173	10	0	1	173	1	173	9.54e-116	321
MDA7806045.1	QIZ20319.1	99.359	156	1	0	1	156	1	156	1.13e-112	312
MDA7806046.1	QIZ20318.1	95.222	293	14	0	1	293	1	293	0.0	578
MDA7806047.1	QIZ20317.1	94.022	736	44	0	1	736	1	736	0.0	1412
MDA7806048.1	QIZ20316.1	98.321	417	7	0	1	417	1	417	0.0	854
MDA7806049.1	QIZ20315.1	97.802	91	2	0	1	91	1	91	1.03e-66	191
MDA7806050.1	QIZ20314.1	94.311	1002	57	0	1	1002	1	1002	0.0	1991
MDA7806051.1	QIZ20313.1	88.770	187	21	0	1	187	1	187	3.96e-123	341
MDA7806052.1	QIZ20312.1	94.902	255	13	0	1	255	1	255	3.44e-173	473
MDA7806053.1	QIZ20311.1	97.967	246	5	0	1	246	1	246	6.15e-172	469
MDA7806054.1	QIZ20310.1	92.222	90	7	0	1	90	1	90	2.58e-59	172
MDA7806056.1	QIZ20306.1	90.062	161	16	0	1	161	1	161	2.21e-107	299
MDA7806057.1	QIZ20305.1	90.132	456	45	0	1	456	1	456	0.0	828
MDA7806058.1	QIZ20304.1	90.365	301	29	0	1	301	1	301	0.0	556
MDA7806059.1	QIZ20303.1	92.130	216	17	0	1	216	1	216	6.90e-148	406
MDA7806061.1	QIZ20302.1	96.524	374	13	0	1	374	118	491	0.0	737
MDA7806062.1	QIZ21429.1	98.082	417	8	0	1	417	27	443	0.0	811
MDA7806063.1	QIZ21430.1	81.395	387	72	0	1	387	1	387	0.0	615
MDA7806064.1	QIZ21431.1	69.170	253	78	0	1	253	1	253	1.42e-119	337
MDA7806065.1	QIZ21432.1	99.244	397	3	0	1	397	1	397	0.0	774
MDA7806066.1	QIZ21433.1	52.632	285	135	0	1	285	1	285	1.87e-101	294
MDA7806067.1	QIZ21434.1	92.089	493	39	0	1	493	1	493	0.0	948
MDA7806068.1	QIZ21435.1	85.385	260	38	0	1	260	1	260	5.70e-169	463
MDA7806069.1	QIZ21436.1	95.385	195	9	0	1	195	1	195	7.12e-139	381
MDA7806070.1	QIZ21437.1	92.526	388	29	0	1	388	1	388	0.0	769
MDA7806071.1	QIZ21438.1	94.737	247	13	0	1	247	1	247	4.14e-173	472
MDA7806072.1	QIZ21439.1	95.361	388	18	0	1	388	1	388	0.0	779
MDA7806073.1	QIZ21440.1	97.790	362	8	0	1	362	1	362	0.0	734
MDA7806074.1	QIZ21441.1	93.629	361	23	0	13	373	13	373	0.0	699
MDA7806075.1	QIZ21442.1	89.000	100	11	0	1	100	1	100	9.59e-61	186
MDA7806076.1	QIZ21442.1	99.476	191	1	0	1	191	225	415	1.42e-134	379
MDA7806077.1	QIZ21443.1	97.535	284	7	0	1	284	1	284	0.0	560
MDA7806078.1	QIZ21444.1	94.730	740	39	0	1	740	1	740	0.0	1432
MDA7806080.1	QIZ21445.1	93.925	214	13	0	1	214	1	214	1.85e-147	404
MDA7806081.1	QIZ21446.1	90.789	228	21	0	18	245	18	245	1.21e-153	423
MDA7806082.1	QIZ21447.1	98.746	319	4	0	1	319	1	319	0.0	653
MDA7806083.1	QIZ21448.1	99.163	478	4	0	1	478	1	478	0.0	979
MDA7806084.1	QIZ20485.1	31.643	493	305	6	6	482	9	485	1.39e-87	272
MDA7806088.1	QIZ21449.1	92.424	396	30	0	1	396	1	396	0.0	757
MDA7806089.1	QIZ21450.1	98.230	113	2	0	1	113	1	113	1.02e-78	223
MDA7806090.1	QIZ21451.1	100.000	196	0	0	1	196	1	196	3.48e-141	387
MDA7806091.1	QIZ21452.1	98.313	889	15	0	1	889	1	889	0.0	1798
MDA7806092.1	QIZ21453.1	94.393	214	12	0	1	214	1	214	7.65e-120	335
MDA7806093.1	QIZ21454.1	93.301	418	28	0	15	432	16	433	0.0	741
MDA7806094.1	QIZ21455.1	96.479	142	5	0	1	142	1	142	2.43e-101	282
MDA7806095.1	QIZ21456.1	96.591	352	12	0	1	352	1	352	0.0	666
MDA7806096.1	QIZ21457.1	96.403	139	5	0	1	139	1	139	1.19e-99	278
MDA7806097.1	QIZ21458.1	94.080	473	28	0	1	473	1	473	0.0	918
MDA7806098.1	QIZ21459.1	94.211	380	22	0	1	380	1	380	0.0	737
MDA7806099.1	QIZ21460.1	98.186	441	8	0	1	441	1	441	0.0	907
MDA7806100.1	QIZ21461.1	99.548	442	2	0	1	442	1	442	0.0	903
MDA7806101.1	QIZ21462.1	99.559	227	1	0	1	227	1	227	1.26e-167	457
MDA7806102.1	QIZ21463.1	97.959	294	6	0	1	294	1	294	0.0	593
MDA7806103.1	QIZ21464.1	93.243	74	5	0	1	74	1	74	4.42e-49	145
MDA7806104.1	QIZ21465.1	95.494	466	21	0	1	466	1	466	0.0	904
MDA7806105.1	QIZ21466.1	97.744	133	3	0	1	133	1	133	1.19e-96	270
MDA7806106.1	QIZ21467.1	98.523	474	7	0	1	474	1	474	0.0	973
MDA7806107.1	QIZ21468.1	97.455	275	7	0	1	275	10	284	0.0	550
MDA7806108.1	QIZ21302.1	96.000	200	8	0	1	200	1	200	1.50e-140	388
MDA7806109.1	QIZ21303.1	95.714	70	3	0	1	70	1	70	1.14e-41	127
MDA7806110.1	QIZ21304.1	93.394	439	29	0	1	439	1	439	0.0	838
MDA7806111.1	QIZ21305.1	95.111	225	11	0	1	225	1	225	3.18e-153	420
MDA7806112.1	QIZ21306.1	98.621	145	2	0	1	145	1	145	2.18e-99	277
MDA7806113.1	QIZ21307.1	96.897	290	9	0	1	290	1	290	0.0	591
MDA7806114.1	QIZ21308.1	98.969	194	2	0	1	194	1	194	7.51e-140	384
MDA7806115.1	QIZ21309.1	97.381	611	16	0	1	611	1	611	0.0	1225
MDA7806116.1	QIZ21310.1	97.163	141	4	0	1	141	1	141	1.94e-94	265
MDA7806117.1	QIZ21312.1	97.600	250	6	0	1	250	1	250	0.0	502
MDA7806118.1	QIZ21313.1	97.510	723	18	0	1	723	1	723	0.0	1464
MDA7806119.1	QIZ21314.1	97.995	399	8	0	1	399	1	399	0.0	806
MDA7806120.1	QIZ21249.1	31.698	530	343	11	65	586	57	575	1.13e-75	247
MDA7806121.1	QIZ21315.1	95.973	149	6	0	1	149	1	149	7.21e-106	294
MDA7806122.1	QIZ21316.1	84.862	218	33	0	1	218	1	218	5.05e-127	353
MDA7806125.1	QIZ20493.1	43.137	102	55	2	11	110	11	111	6.82e-23	82.4
MDA7806127.1	QIZ21317.1	94.569	313	17	0	1	313	1	313	0.0	615
MDA7806128.1	QIZ21318.1	81.210	314	59	0	1	314	1	314	0.0	530
MDA7806129.1	QIZ21319.1	91.781	219	18	0	1	219	1	219	7.30e-156	426
MDA7806130.1	QIZ21358.1	96.011	351	14	0	1	351	1	351	0.0	673
MDA7806131.1	QIZ21359.1	97.858	1074	23	0	1	1074	1	1074	0.0	2156
MDA7806132.1	QIZ21360.1	97.236	398	11	0	1	398	1	398	0.0	790
MDA7806133.1	QIZ21361.1	92.157	153	12	0	1	153	1	153	8.43e-92	259
MDA7806134.1	QIZ21362.1	98.646	591	8	0	1	591	1	591	0.0	1183
MDA7806135.1	QIZ21363.1	97.364	607	16	0	1	607	1	607	0.0	1201
MDA7806136.1	QIZ20820.1	28.448	464	300	15	132	588	4	442	8.27e-32	124
MDA7806139.1	QIZ20819.1	27.564	468	307	17	2	452	8	460	2.03e-38	141
MDA7806141.1	QIZ21364.1	93.401	197	13	0	1	197	1	197	4.99e-133	367
MDA7806142.1	QIZ21365.1	88.889	261	29	0	1	261	1	261	1.77e-179	489
MDA7806143.1	QIZ21366.1	85.425	247	36	0	1	247	1	247	2.03e-157	432
MDA7806144.1	QIZ21367.1	99.338	151	1	0	1	151	1	151	5.61e-112	310
MDA7806145.1	QIZ21368.1	93.737	495	31	0	1	495	1	495	0.0	867
MDA7806146.1	QIZ21369.1	96.726	336	11	0	1	336	1	336	0.0	654
MDA7806147.1	QIZ21370.1	86.275	102	14	0	1	102	1	102	9.44e-57	166
MDA7806148.1	QIZ21371.1	86.047	559	77	1	1	559	3	560	0.0	963
MDA7806149.1	QIZ21372.1	88.306	248	29	0	1	248	1	248	9.47e-142	416
MDA7806158.1	QIZ20811.1	32.692	364	211	9	6	350	8	356	2.58e-34	126
MDA7806161.1	QIZ20812.1	32.065	368	239	7	4	364	1	364	1.58e-46	159
MDA7806167.1	QIZ20829.1	33.158	190	123	2	33	218	43	232	3.45e-30	114
MDA7806173.1	QIZ20514.1	68.245	359	113	1	1	358	1	359	6.44e-169	471
MDA7806174.1	QIZ20513.1	95.103	388	19	0	1	388	1	388	0.0	775
MDA7806175.1	QIZ20512.1	96.809	94	3	0	1	94	1	94	4.95e-62	179
MDA7806176.1	QIZ20511.1	98.482	593	9	0	1	593	1	593	0.0	1216
MDA7806179.1	QIZ20805.1	38.915	424	211	10	193	598	2	395	1.03e-84	266
MDA7806180.1	QIZ20510.1	91.244	434	38	0	1	434	1	434	0.0	818
MDA7806181.1	QIZ20508.1	95.148	845	41	0	1	845	17	861	0.0	1524
MDA7806182.1	QIZ20507.1	97.285	221	6	0	1	221	1	221	1.36e-157	431
MDA7806183.1	QIZ20506.1	90.686	204	19	0	1	204	1	204	3.76e-136	375
MDA7806185.1	QIZ20500.1	95.561	383	17	0	1	383	1	383	0.0	779
MDA7806186.1	QIZ20499.1	92.857	140	10	0	1	140	119	258	1.36e-92	264
MDA7806187.1	QIZ21414.1	95.935	123	5	0	1	123	1	123	1.89e-88	248
MDA7806188.1	QIZ21412.1	96.519	316	11	0	1	316	1	316	0.0	630
MDA7806189.1	QIZ21411.1	97.324	299	8	0	1	299	1	299	0.0	580
MDA7806190.1	QIZ21410.1	96.845	412	13	0	1	412	1	412	0.0	825
MDA7806191.1	QIZ21409.1	93.566	373	24	0	1	373	1	373	0.0	654
MDA7806192.1	QIZ21408.1	88.092	655	76	2	1	654	1	654	0.0	1186
MDA7806193.1	QIZ21407.1	74.566	173	44	0	1	173	1	173	1.95e-78	227
MDA7806194.1	QIZ21406.1	59.233	287	111	2	1	281	1	287	1.24e-109	319
MDA7806195.1	QIZ21405.1	97.681	345	8	0	1	345	1	345	0.0	682
MDA7806196.1	QIZ21404.1	99.038	520	5	0	1	520	1	520	0.0	1063
MDA7806197.1	QIZ21403.1	99.410	339	2	0	1	339	1	339	0.0	690
MDA7806198.1	QIZ21402.1	92.857	182	13	0	1	182	1	182	1.42e-123	342
MDA7806199.1	QIZ21401.1	97.109	588	17	0	1	588	1	588	0.0	1191
MDA7806200.1	QIZ21400.1	93.248	311	21	0	1	311	1	311	0.0	518
MDA7806201.1	QIZ21399.1	97.452	471	12	0	1	471	1	471	0.0	912
MDA7806202.1	QIZ21398.1	83.607	61	10	0	1	61	1	61	1.16e-32	102
MDA7806203.1	QIZ21397.1	96.140	285	11	0	1	285	1	285	0.0	551
MDA7806204.1	QIZ21396.1	94.809	366	19	0	1	366	1	366	0.0	664
MDA7806205.1	QIZ21395.1	96.703	273	9	0	1	273	1	273	0.0	535
MDA7806206.1	QIZ21390.1	45.249	221	119	1	1	221	1	219	2.88e-64	194
MDA7806207.1	QIZ21392.1	61.062	113	44	0	1	113	1	113	6.93e-36	122
MDA7806208.1	QIZ21392.1	66.990	206	68	0	1	206	110	315	2.71e-91	270
MDA7806210.1	QIZ21391.1	50.485	309	150	3	3	309	7	314	1.12e-84	257
MDA7806211.1	QIZ21391.1	47.826	115	59	1	1	114	317	431	7.14e-31	109
MDA7806213.1	QIZ21389.1	48.947	380	192	1	29	406	29	408	3.48e-91	278
MDA7806214.1	QIZ21388.1	93.651	315	20	0	1	315	1	315	0.0	620
MDA7806216.1	QIZ21387.1	95.200	125	6	0	1	125	1	125	9.61e-72	217
MDA7806217.1	QIZ21387.1	94.262	122	7	0	3	124	120	241	3.29e-80	239
MDA7806218.1	QIZ21387.1	96.444	225	8	0	8	232	238	462	6.54e-162	451
MDA7806219.1	QIZ21386.1	83.230	483	81	0	1	483	1	483	0.0	760
MDA7806220.1	QIZ21385.1	96.784	342	11	0	1	342	1	342	0.0	681
MDA7806221.1	QIZ21385.1	94.792	96	5	0	2	97	338	433	7.96e-60	189
MDA7806222.1	QIZ21385.1	97.581	248	6	0	3	250	431	678	1.28e-175	495
MDA7806223.1	QIZ21384.1	91.820	489	40	0	1	489	1	489	0.0	905
MDA7806224.1	QIZ21384.1	91.139	79	7	0	5	83	486	564	8.53e-44	144
MDA7806225.1	QIZ21383.1	92.899	676	48	0	1	676	1	676	0.0	1269
MDA7806226.1	QIZ21382.1	94.717	265	14	0	18	282	18	282	0.0	503
MDA7806227.1	QIZ21381.1	94.118	306	18	0	1	306	1	306	0.0	565
MDA7806228.1	QIZ21380.1	92.582	337	25	0	1	337	33	369	0.0	611
MDA7806229.1	QIZ20878.1	100.000	53	0	0	1	53	257	309	1.79e-35	116
MDA7806230.1	QIZ20877.1	97.765	179	4	0	1	179	11	189	8.52e-130	357
MDA7806231.1	QIZ20876.1	97.561	246	6	0	1	246	1	246	2.63e-177	483
MDA7806232.1	QIZ20875.1	98.551	276	4	0	1	276	1	276	0.0	560
MDA7806233.1	QIZ20874.1	96.948	557	17	0	1	557	1	557	0.0	1077
MDA7806234.1	QIZ20873.1	98.095	105	2	0	1	105	1	105	6.28e-71	202
MDA7806235.1	QIZ20872.1	100.000	203	0	0	1	203	1	203	5.19e-150	410
MDA7806236.1	QIZ20871.1	94.407	733	41	0	1	733	1	733	0.0	1448
MDA7806237.1	QIZ20870.1	96.467	368	13	0	1	368	1	368	0.0	726
MDA7806238.1	QIZ20869.1	97.288	848	23	0	1	848	1	848	0.0	1687
MDA7806239.1	QIZ20868.1	94.457	433	24	0	1	433	1	433	0.0	831
MDA7806240.1	QIZ20867.1	88.811	143	16	0	1	143	1	143	1.98e-83	237
MDA7806241.1	QIZ20866.1	96.667	240	8	0	1	240	1	240	3.09e-169	462
MDA7806242.1	QIZ20865.1	95.037	403	20	0	1	403	1	403	0.0	777
MDA7806243.1	QIZ20864.1	99.727	366	1	0	1	366	1	366	0.0	732
MDA7806244.1	QIZ20863.1	98.039	357	7	0	1	357	1	357	0.0	708
MDA7806245.1	QIZ20862.1	94.643	280	15	0	1	280	1	280	0.0	524
MDA7806246.1	QIZ20861.1	91.667	144	12	0	1	144	1	144	1.51e-87	248
MDA7806247.1	QIZ20860.1	91.898	432	35	0	1	432	1	432	0.0	749
MDA7806257.1	QIZ20837.1	29.604	581	382	12	9	569	12	585	1.27e-60	206
MDA7806259.1	QIZ20990.1	95.050	404	20	0	1	404	1	404	0.0	768
MDA7806260.1	QIZ20991.1	93.991	233	14	0	1	233	1	233	1.33e-151	417
MDA7806261.1	QIZ20992.1	97.838	370	8	0	1	370	1	370	0.0	724
MDA7806262.1	QIZ20993.1	96.809	470	15	0	1	470	1	470	0.0	922
MDA7806263.1	QIZ20994.1	96.512	86	3	0	1	86	1	86	2.89e-53	156
MDA7806264.1	QIZ20995.1	93.728	287	18	0	1	287	1	287	0.0	507
MDA7806265.1	QIZ20996.1	95.726	234	10	0	1	234	1	234	1.70e-170	464
MDA7806266.1	QIZ20997.1	97.318	522	14	0	1	522	1	522	0.0	1028
MDA7806267.1	QIZ20998.1	92.519	401	30	0	1	401	1	401	0.0	760
MDA7806268.1	QIZ20999.1	95.172	145	7	0	1	145	1	145	4.95e-100	279
MDA7806269.1	QIZ21000.1	96.414	251	9	0	1	251	1	251	1.27e-175	479
MDA7806270.1	QIZ21001.1	92.617	149	11	0	1	149	1	149	1.16e-97	273
MDA7806271.1	QIZ21002.1	93.401	197	13	0	1	197	1	197	2.38e-138	380
MDA7806272.1	QIZ21003.1	97.065	443	13	0	1	443	1	443	0.0	902
MDA7806273.1	QIZ21004.1	98.551	138	2	0	1	138	1	138	4.64e-100	278
MDA7806274.1	QIZ21005.1	96.454	141	5	0	1	141	1	141	7.98e-100	278
MDA7806275.1	QIZ21006.1	96.988	166	5	0	1	166	1	166	1.01e-119	330
MDA7806276.1	QIZ21007.1	87.345	403	51	0	1	403	1	403	0.0	744
MDA7806277.1	QIZ21008.1	98.467	261	4	0	1	261	1	261	0.0	528
MDA7806279.1	QIZ21009.1	91.270	126	11	0	1	126	1	126	2.60e-86	243
MDA7806280.1	QIZ21010.1	96.667	690	23	0	1	690	1	690	0.0	1360
MDA7806281.1	QIZ21011.1	100.000	82	0	0	1	82	1	82	9.37e-56	162
MDA7806282.1	QIZ21012.1	97.541	122	3	0	1	122	1	122	2.00e-85	240
MDA7806283.1	QIZ21013.1	97.829	737	12	2	1	734	1	736	0.0	1444
MDA7806284.1	QIZ21014.1	99.245	530	4	0	1	530	1	530	0.0	1055
MDA7806285.1	QIZ21015.1	97.172	389	11	0	1	389	1	389	0.0	785
MDA7806286.1	QIZ21016.1	90.381	499	48	0	16	514	19	517	0.0	849
MDA7806287.1	QIZ21017.1	88.889	153	17	0	1	153	1	153	2.29e-84	240
MDA7806288.1	QIZ21018.1	97.598	333	8	0	1	333	1	333	0.0	655
MDA7806289.1	QIZ21019.1	92.967	455	32	0	1	455	1	455	0.0	842
MDA7806290.1	QIZ21020.1	98.529	136	2	0	1	136	1	136	1.02e-96	270
MDA7806291.1	QIZ21021.1	93.750	128	8	0	1	128	1	128	4.12e-85	240
MDA7806292.1	QIZ21022.1	89.759	332	34	0	1	332	1	332	0.0	618
MDA7806294.1	QIZ21023.1	92.778	180	13	0	1	180	1	180	6.19e-122	337
MDA7806295.1	QIZ21024.1	93.694	333	21	0	1	333	1	333	0.0	642
MDA7806296.1	QIZ21025.1	89.252	214	23	0	1	214	295	508	4.10e-127	364
MDA7806297.1	QIZ20215.1	90.345	145	14	0	1	145	1	145	1.23e-98	275
MDA7806299.1	QIZ20216.1	98.423	317	5	0	1	317	2	318	0.0	628
MDA7806304.1	QIZ20217.1	96.429	448	16	0	1	448	1	448	0.0	893
MDA7806305.1	QIZ20910.1	85.841	113	16	0	13	125	13	125	3.76e-73	209
MDA7806306.1	QIZ20911.1	72.193	187	51	1	1	187	1	186	4.45e-99	280
MDA7806310.1	QIZ20218.1	95.526	380	17	0	1	380	1	380	0.0	751
MDA7806311.1	QIZ20219.1	84.375	64	10	0	1	64	30	93	3.39e-38	117
MDA7806312.1	QIZ20220.1	96.694	484	16	0	1	484	1	484	0.0	967
MDA7806313.1	QIZ20221.1	97.674	645	15	0	1	645	1	645	0.0	1318
MDA7806314.1	QIZ20222.1	98.538	342	5	0	1	342	1	342	0.0	709
MDA7806315.1	QIZ20224.1	88.942	208	23	0	1	208	1	208	4.32e-137	378
MDA7806316.1	QIZ20225.1	97.594	374	9	0	1	374	1	374	0.0	756
MDA7806317.1	QIZ20226.1	97.987	298	6	0	1	298	1	298	0.0	599
MDA7806318.1	QIZ20227.1	97.400	500	13	0	1	500	1	500	0.0	1002
MDA7806319.1	QIZ20228.1	97.380	229	6	0	1	229	1	229	1.72e-169	461
MDA7806320.1	QIZ20229.1	97.101	207	6	0	1	207	1	207	1.05e-141	389
MDA7806321.1	QIZ20230.1	96.040	606	24	0	1	606	1	606	0.0	1201
MDA7806322.1	QIZ20231.1	98.475	459	7	0	1	459	1	459	0.0	945
MDA7806323.1	QIZ20232.1	94.694	245	13	0	1	245	1	245	5.91e-178	484
MDA7806324.1	QIZ20234.1	96.435	533	19	0	1	533	1	533	0.0	1063
MDA7806325.1	QIZ20235.1	93.671	237	15	0	1	237	1	237	2.24e-163	447
MDA7806326.1	QIZ20236.1	97.073	205	6	0	1	205	1	205	2.30e-150	411
MDA7806327.1	QIZ21224.1	83.038	395	67	0	1	395	1	395	0.0	701
MDA7806328.1	QIZ20237.1	96.364	110	4	0	1	110	1	110	6.68e-78	220
MDA7806329.1	QIZ20238.1	100.000	76	0	0	1	76	1	76	1.91e-52	153
MDA7806330.1	QIZ20239.1	97.123	730	21	0	1	730	1	730	0.0	1464
MDA7806331.1	QIZ20240.1	95.192	208	10	0	1	208	20	227	4.23e-148	406
MDA7806332.1	QIZ20388.1	92.941	85	6	0	1	85	113	197	3.96e-56	167
MDA7806333.1	QIZ20389.1	97.966	295	6	0	1	295	1	295	0.0	565
MDA7806334.1	QIZ20390.1	94.778	517	27	0	1	517	1	517	0.0	984
MDA7806335.1	QIZ20391.1	98.936	94	1	0	1	94	1	94	1.03e-63	183
MDA7806336.1	QIZ20392.1	94.511	419	23	0	1	419	1	419	0.0	817
MDA7806337.1	QIZ20393.1	95.238	252	12	0	1	252	1	252	8.37e-176	479
MDA7806338.1	QIZ20394.1	91.781	73	6	0	1	73	1	73	4.47e-38	117
MDA7806339.1	QIZ20395.1	95.588	68	3	0	1	68	1	68	2.41e-43	130
MDA7806340.1	QIZ20396.1	95.763	236	7	1	1	233	1	236	9.89e-167	455
MDA7806341.1	QIZ20397.1	97.561	246	6	0	1	246	1	246	1.23e-176	481
MDA7806342.1	QIZ20398.1	93.333	315	21	0	1	315	2	316	0.0	587
MDA7806343.1	QIZ20399.1	93.103	87	6	0	1	87	1	87	2.76e-52	154
MDA7806344.1	QIZ20400.1	94.107	577	34	0	1	577	1	577	0.0	1099
MDA7806345.1	QIZ20401.1	95.135	370	18	0	1	370	1	370	0.0	691
MDA7806346.1	QIZ20402.1	99.048	105	1	0	1	105	1	105	6.11e-73	207
MDA7806347.1	QIZ20403.1	97.287	258	7	0	1	258	1	258	0.0	520
MDA7806348.1	QIZ20404.1	97.892	332	7	0	1	332	1	332	0.0	661
MDA7806349.1	QIZ20405.1	94.737	133	7	0	1	133	1	133	1.80e-91	256
MDA7806350.1	QIZ20406.1	95.506	267	12	0	1	267	1	267	0.0	495
MDA7806351.1	QIZ20407.1	97.211	251	7	0	1	251	1	251	0.0	498
MDA7806352.1	QIZ20408.1	88.611	360	17	2	1	336	1	360	0.0	630
MDA7806353.1	QIZ20409.1	100.000	73	0	0	1	73	1	73	7.03e-47	139
MDA7806354.1	QIZ20410.1	99.070	215	2	0	1	215	1	215	7.08e-154	421
MDA7806355.1	QIZ20411.1	99.060	319	3	0	1	319	3	321	0.0	636
MDA7806359.1	QIZ20412.1	95.262	401	19	0	1	401	1	401	0.0	746
MDA7806360.1	QIZ20413.1	98.427	572	9	0	1	572	1	572	0.0	1159
MDA7806361.1	QIZ20414.1	95.657	875	38	0	1	875	1	875	0.0	1709
MDA7806362.1	QIZ20415.1	95.082	122	6	0	1	122	1	122	1.39e-81	231
MDA7806363.1	QIZ20416.1	98.333	240	4	0	1	240	5	244	8.41e-178	484
MDA7806364.1	QIZ20417.1	99.061	426	4	0	1	426	1	426	0.0	845
MDA7806365.1	QIZ20418.1	98.688	381	5	0	1	381	1	381	0.0	746
MDA7806366.1	QIZ20419.1	99.711	346	1	0	1	346	1	346	0.0	713
MDA7806367.1	QIZ20420.1	94.268	157	9	0	1	157	313	469	1.47e-89	264
MDA7806368.1	QIZ20977.1	94.613	724	39	0	1	724	3	726	0.0	1397
MDA7806369.1	QIZ21085.1	25.891	645	433	17	30	648	55	680	1.07e-49	179
MDA7806370.1	QIZ21314.1	28.232	379	236	16	1	354	3	370	1.71e-34	127
MDA7806373.1	QIZ20976.1	96.454	141	5	0	1	141	1	141	1.51e-100	280
MDA7806374.1	QIZ20975.1	94.177	395	23	0	1	395	1	395	0.0	766
MDA7806375.1	QIZ20974.1	97.431	1012	26	0	1	1012	1	1012	0.0	2053
MDA7806376.1	QIZ20973.1	92.199	423	33	0	1	423	1	423	0.0	787
MDA7806377.1	QIZ20972.1	96.610	295	10	0	1	295	1	295	0.0	565
MDA7806378.1	QIZ20971.1	91.667	240	20	0	1	240	1	240	1.99e-152	421
MDA7806379.1	QIZ20970.1	96.868	479	15	0	1	479	1	479	0.0	955
MDA7806380.1	QIZ20969.1	97.468	1501	38	0	1	1501	1	1501	0.0	3031
MDA7806381.1	QIZ20968.1	91.409	291	25	0	1	291	1	291	0.0	533
MDA7806382.1	QIZ20967.1	93.625	251	16	0	1	251	1	251	2.52e-162	445
MDA7806383.1	QIZ20966.1	94.010	384	23	0	1	384	1	384	0.0	713
MDA7806384.1	QIZ20965.1	94.357	638	36	0	1	638	1	638	0.0	1259
MDA7806385.1	QIZ20964.1	99.448	181	1	0	1	181	1	181	4.82e-133	365
MDA7806386.1	QIZ20963.1	100.000	68	0	0	1	68	1	68	3.71e-45	134
MDA7806387.1	QIZ20962.1	99.153	118	1	0	1	118	1	118	2.49e-85	239
MDA7806388.1	QIZ20961.1	97.183	355	10	0	1	355	1	355	0.0	711
MDA7806389.1	QIZ20960.1	94.861	720	37	0	1	720	1	720	0.0	1350
MDA7806390.1	QIZ20591.1	96.071	280	11	0	1	280	1	280	0.0	554
MDA7806391.1	QIZ20592.1	96.761	247	8	0	1	247	1	247	0.0	496
MDA7806392.1	QIZ20593.1	98.985	591	6	0	1	591	1	591	0.0	1214
MDA7806393.1	QIZ20594.1	92.095	253	20	0	1	253	1	253	5.40e-172	470
MDA7806394.1	QIZ20595.1	92.623	366	27	0	1	366	1	366	0.0	698
MDA7806395.1	QIZ20596.1	92.333	300	23	0	1	300	1	300	0.0	547
MDA7806396.1	QIZ20597.1	97.931	290	6	0	1	290	1	290	0.0	568
MDA7806397.1	QIZ20598.1	96.181	419	16	0	1	419	1	419	0.0	831
MDA7806398.1	QIZ20599.1	96.333	300	11	0	1	300	1	300	0.0	598
MDA7806399.1	QIZ20600.1	95.565	248	11	0	1	248	1	248	9.46e-180	489
MDA7806400.1	QIZ20606.1	99.375	480	3	0	1	480	1	480	0.0	985
MDA7806401.1	QIZ20607.1	100.000	108	0	0	1	108	1	108	5.18e-77	218
MDA7806402.1	QIZ20608.1	96.390	277	10	0	1	277	1	277	0.0	556
MDA7806403.1	QIZ20609.1	95.152	330	16	0	1	330	1	330	0.0	648
MDA7806404.1	QIZ20610.1	95.028	181	9	0	1	181	1	181	1.09e-126	349
MDA7806406.1	QIZ20611.1	84.810	79	12	0	1	79	1	79	3.78e-44	133
MDA7806407.1	QIZ20612.1	92.667	150	11	0	1	150	1	150	2.46e-92	260
MDA7806408.1	QIZ20613.1	97.674	301	7	0	1	301	1	301	0.0	603
MDA7806409.1	QIZ20614.1	96.825	189	6	0	3	191	1	189	9.86e-132	363
MDA7806410.1	QIZ20615.1	94.783	115	6	0	1	115	1	115	2.25e-81	229
MDA7806411.1	QIZ20616.1	96.064	559	22	0	23	581	23	581	0.0	1047
MDA7806412.1	QIZ20617.1	97.531	81	2	0	1	81	1	81	2.93e-57	166
MDA7806413.1	QIZ20618.1	97.590	166	4	0	1	166	1	166	2.89e-119	329
MDA7806414.1	QIZ20619.1	92.339	248	19	0	1	248	1	248	4.59e-138	384
MDA7806415.1	QIZ20620.1	94.388	196	11	0	1	196	1	196	7.06e-126	348
MDA7806416.1	QIZ20621.1	77.483	302	68	0	1	302	1	302	1.00e-172	476
MDA7806417.1	QIZ20622.1	87.372	293	37	0	1	293	1	293	7.35e-179	491
MDA7806418.1	QIZ20623.1	89.937	159	16	0	1	159	1	159	1.99e-97	273
MDA7806419.1	QIZ20624.1	100.000	468	0	0	1	468	1	468	0.0	973
MDA7806421.1	QIZ20625.1	97.273	110	3	0	1	110	1	110	7.65e-77	218
MDA7806422.1	QIZ20626.1	98.980	98	1	0	1	98	1	98	4.33e-68	194
MDA7806423.1	QIZ21055.1	85.821	268	38	0	1	268	66	333	2.22e-173	477
MDA7806426.1	QIZ21052.1	97.867	422	9	0	1	422	1	422	0.0	835
MDA7806428.1	QIZ21050.1	91.648	443	37	0	1	443	1	443	0.0	808
MDA7806429.1	QIZ21049.1	94.382	623	35	0	1	623	1	623	0.0	1196
MDA7806430.1	QIZ21048.1	83.568	213	35	0	1	213	1	213	1.62e-131	364
MDA7806431.1	QIZ21047.1	93.893	262	16	0	1	262	1	262	0.0	510
MDA7806432.1	QIZ21046.1	90.780	282	26	0	1	282	1	282	0.0	505
MDA7806433.1	QIZ21045.1	79.758	331	67	0	1	331	1	331	0.0	527
MDA7806434.1	QIZ21044.1	74.286	140	36	0	15	154	17	156	1.90e-70	205
MDA7806435.1	QIZ21043.1	86.154	845	116	1	1	845	1	844	0.0	1508
MDA7806436.1	QIZ21042.1	72.254	173	43	3	5	177	5	172	3.33e-88	252
MDA7806437.1	QIZ21041.1	35.000	340	196	6	1	326	1	329	1.59e-46	156
MDA7806438.1	QIZ21040.1	81.667	180	33	0	1	180	1	180	1.98e-105	295
MDA7806439.1	QIZ21039.1	85.185	216	32	0	1	216	1	216	3.09e-137	379
MDA7806440.1	QIZ21038.1	84.568	162	25	0	1	162	1	162	4.21e-96	270
MDA7806441.1	QIZ21037.1	83.420	193	32	0	1	193	1	193	1.51e-107	302
MDA7806442.1	QIZ21036.1	88.673	309	35	0	1	309	1	309	0.0	570
MDA7806443.1	QIZ21035.1	93.000	200	14	0	18	217	18	217	2.39e-143	394
MDA7806444.1	QIZ21034.1	90.698	258	24	0	1	258	1	258	3.08e-176	481
MDA7806445.1	QIZ21033.1	97.319	373	10	0	1	373	1	373	0.0	742
MDA7806446.1	QIZ21031.1	89.573	211	22	0	1	211	1	211	7.72e-134	370
MDA7806447.1	QIZ21030.1	95.652	138	6	0	1	138	1	138	6.89e-85	243
MDA7806448.1	QIZ20420.1	96.087	230	9	0	1	230	1	230	3.11e-129	369
MDA7806449.1	QIZ20421.1	96.112	463	18	0	1	463	1	463	0.0	832
MDA7806450.1	QIZ20422.1	98.004	451	9	0	1	451	1	451	0.0	864
MDA7806451.1	QIZ20423.1	95.110	593	29	0	1	593	1	593	0.0	1061
MDA7806452.1	QIZ20424.1	95.418	371	17	0	1	371	1	371	0.0	644
MDA7806453.1	QIZ20425.1	92.216	167	13	0	1	167	1	167	3.60e-104	291
MDA7806454.1	QIZ20426.1	74.342	152	39	0	1	152	1	152	4.92e-74	214
MDA7806455.1	QIZ20427.1	71.724	145	41	0	1	145	1	145	1.67e-77	222
MDA7806456.1	QIZ20428.1	86.364	308	42	0	1	308	1	308	0.0	549
MDA7806457.1	QIZ20429.1	98.000	100	2	0	1	100	1	100	1.54e-63	183
MDA7806458.1	QIZ20430.1	95.455	418	19	0	1	418	1	418	0.0	787
MDA7806459.1	QIZ20431.1	97.080	274	8	0	1	274	1	274	0.0	552
MDA7806460.1	QIZ20432.1	96.283	538	20	0	1	538	1	538	0.0	1056
MDA7806461.1	QIZ20433.1	99.000	100	1	0	1	100	1	100	2.23e-67	193
MDA7806462.1	QIZ20434.1	96.341	246	9	0	1	246	1	246	2.97e-176	480
MDA7806463.1	QIZ20435.1	93.658	473	30	0	1	473	1	473	0.0	805
MDA7806464.1	QIZ20436.1	96.281	484	18	0	1	484	1	484	0.0	902
MDA7806465.1	QIZ20437.1	96.859	191	6	0	1	191	1	191	3.93e-134	369
MDA7806466.1	QIZ20438.1	95.758	330	14	0	1	330	1	330	0.0	635
MDA7806467.1	QIZ20439.1	95.057	263	13	0	1	263	1	263	8.92e-172	470
MDA7806468.1	QIZ20440.1	98.667	225	3	0	1	225	1	225	3.46e-164	448
MDA7806469.1	QIZ20441.1	94.635	466	25	0	1	466	1	466	0.0	912
MDA7806470.1	QIZ20442.1	94.444	378	21	0	1	378	1	378	0.0	678
MDA7806471.1	QIZ20443.1	91.571	261	22	0	1	261	1	261	3.13e-153	423
MDA7806472.1	QIZ20444.1	91.538	260	22	0	1	260	1	260	7.63e-180	490
MDA7806473.1	QIZ20445.1	90.798	326	30	0	1	326	1	326	0.0	590
MDA7806474.1	QIZ20446.1	95.890	146	6	0	5	150	1	146	2.50e-106	295
MDA7806475.1	QIZ20653.1	89.944	179	18	0	1	179	1	179	4.63e-113	322
MDA7806476.1	QIZ20652.1	96.571	350	12	0	2	351	136	485	0.0	694
MDA7806477.1	QIZ20651.1	97.794	136	3	0	1	136	1	136	5.34e-98	273
MDA7806478.1	QIZ20650.1	91.146	192	17	0	1	192	1	192	9.47e-120	333
MDA7806479.1	QIZ20649.1	93.567	342	22	0	1	342	1	342	0.0	611
MDA7806480.1	QIZ20648.1	92.479	359	27	0	1	359	1	359	0.0	637
MDA7806481.1	QIZ20647.1	96.364	220	8	0	1	220	5	224	2.54e-150	412
MDA7806482.1	QIZ20646.1	95.791	594	25	0	1	594	1	594	0.0	1181
MDA7806483.1	QIZ20645.1	98.535	273	4	0	1	273	1	273	0.0	547
MDA7806484.1	QIZ20644.1	91.597	119	10	0	1	119	1	119	1.09e-78	223
MDA7806485.1	QIZ20643.1	89.394	132	14	0	1	132	1	132	7.53e-78	222
MDA7806486.1	QIZ20642.1	97.303	445	12	0	1	445	1	445	0.0	907
MDA7806487.1	QIZ20641.1	87.943	141	17	0	1	141	1	141	1.43e-87	247
MDA7806488.1	QIZ20640.1	91.971	137	11	0	10	146	10	146	4.64e-92	259
MDA7806490.1	QIZ20638.1	97.276	257	7	0	1	257	1	257	0.0	504
MDA7806491.1	QIZ20637.1	94.314	598	34	0	1	598	1	598	0.0	1090
MDA7806493.1	QIZ20863.1	42.387	243	132	5	104	342	104	342	7.44e-55	179
MDA7806494.1	QIZ20636.1	80.137	730	145	0	1	730	1	730	0.0	1088
MDA7806495.1	QIZ20635.1	95.110	409	20	0	1	409	1	409	0.0	770
MDA7806496.1	QIZ20634.1	90.400	375	36	0	1	375	1	375	0.0	687
MDA7806497.1	QIZ20633.1	99.541	218	1	0	1	218	1	218	6.28e-167	454
MDA7806498.1	QIZ20632.1	97.163	141	4	0	1	141	1	141	7.65e-100	278
MDA7806499.1	QIZ20631.1	98.945	379	4	0	1	379	1	379	0.0	784
MDA7806500.1	QIZ20943.1	96.512	172	6	0	1	172	1	172	2.05e-123	340
MDA7806501.1	QIZ20942.1	95.161	310	15	0	1	310	1	310	0.0	594
MDA7806502.1	QIZ20941.1	95.935	246	10	0	1	246	1	246	5.55e-176	479
MDA7806503.1	QIZ20940.1	95.597	159	7	0	1	159	1	159	1.26e-112	312
MDA7806504.1	QIZ20939.1	95.469	309	14	0	1	309	1	309	0.0	613
MDA7806505.1	QIZ21069.1	70.968	62	18	0	1	62	1	62	1.54e-30	97.4
MDA7806506.1	QIZ20937.1	97.656	384	9	0	1	384	1	384	0.0	759
MDA7806507.1	QIZ20936.1	87.636	275	31	1	1	272	1	275	0.0	496
MDA7806508.1	QIZ20935.1	98.655	223	3	0	1	223	1	223	4.18e-163	445
MDA7806509.1	QIZ20934.1	84.722	288	44	0	1	288	1	288	1.54e-172	474
MDA7806510.1	QIZ20933.1	96.416	558	20	0	1	558	1	558	0.0	1108
MDA7806511.1	QIZ20932.1	98.795	83	1	0	1	83	1	83	8.76e-58	167
MDA7806512.1	QIZ20931.1	96.491	114	4	0	1	114	1	114	3.94e-74	211
MDA7806513.1	QIZ20930.1	100.000	54	0	0	1	54	1	54	3.72e-33	103
MDA7806514.1	QIZ20929.1	79.498	239	49	0	1	239	1	239	5.44e-140	388
MDA7806515.1	QIZ20928.1	100.000	65	0	0	1	65	1	65	3.04e-43	129
MDA7806516.1	QIZ20927.1	98.919	185	2	0	1	185	1	185	6.81e-135	370
MDA7806517.1	QIZ20926.1	97.362	417	11	0	1	417	1	417	0.0	804
MDA7806518.1	QIZ20925.1	99.237	131	1	0	1	131	1	131	6.89e-92	257
MDA7806519.1	QIZ20924.1	95.327	428	20	0	1	428	1	428	0.0	796
MDA7806520.1	QIZ20923.1	100.000	71	0	0	1	71	1	71	2.42e-50	147
MDA7806521.1	QIZ21496.1	73.846	65	17	0	3	67	2	66	6.70e-32	101
MDA7806522.1	QIZ20922.1	97.419	465	12	0	14	478	1	465	0.0	915
MDA7806523.1	QIZ20921.1	99.138	348	3	0	1	348	1	348	0.0	682
MDA7806524.1	QIZ20920.1	100.000	228	0	0	1	228	1	228	4.25e-166	453
MDA7806525.1	QIZ20918.1	100.000	205	0	0	1	205	1	205	1.25e-149	409
MDA7806531.1	QIZ21539.1	96.111	180	7	0	1	180	1	180	1.23e-122	339
MDA7806532.1	QIZ21540.1	93.197	147	10	0	1	147	1	147	1.22e-100	281
MDA7806533.1	QIZ21541.1	93.366	814	54	0	1	814	1	814	0.0	1575
MDA7806534.1	QIZ21542.1	81.333	75	14	0	1	75	1	75	3.97e-40	122
MDA7806535.1	QIZ20938.1	37.681	207	118	4	59	257	55	258	2.24e-37	128
MDA7806536.1	QIZ21591.1	84.000	175	28	0	1	175	1	175	1.50e-99	280
MDA7806540.1	QIZ21593.1	87.283	346	44	0	1	346	1	346	0.0	608
MDA7806541.1	QIZ20180.1	98.587	283	4	0	1	283	1	283	0.0	570
MDA7806542.1	QIZ20181.1	98.261	230	4	0	1	230	1	230	2.41e-164	449
MDA7806543.1	QIZ20182.1	99.554	224	1	0	1	224	1	224	5.62e-162	442
MDA7806544.1	QIZ20183.1	94.574	129	7	0	1	129	1	129	7.76e-85	239
MDA7806545.1	QIZ20184.1	89.677	310	32	0	1	310	1	310	0.0	555
MDA7806546.1	QIZ20185.1	77.247	356	81	0	3	358	2	357	8.35e-179	496
MDA7806547.1	QIZ20187.1	98.466	326	5	0	1	326	1	326	0.0	651
MDA7806548.1	QIZ20188.1	98.077	156	3	0	1	156	1	156	2.24e-109	303
MDA7806549.1	QIZ20189.1	98.400	500	8	0	1	500	1	500	0.0	976
MDA7806550.1	QIZ20190.1	95.278	360	17	0	1	360	1	360	0.0	704
MDA7806551.1	QIZ20191.1	91.935	62	5	0	8	69	123	184	6.72e-40	125
MDA7806552.1	QIZ20191.1	88.710	124	14	0	1	124	1	124	9.35e-81	231
MDA7806553.1	QIZ20192.1	94.611	167	9	0	1	167	1	167	1.26e-117	325
MDA7806554.1	QIZ20195.1	81.923	260	47	0	1	260	1	260	1.92e-160	441
MDA7806555.1	QIZ20196.1	91.960	199	16	0	1	199	1	199	2.70e-141	388
MDA7806556.1	QIZ20475.1	97.730	749	16	1	1	748	46	794	0.0	1478
MDA7806557.1	QIZ20474.1	99.180	122	1	0	1	122	1	122	1.20e-84	238
MDA7806558.1	QIZ20473.1	98.266	173	3	0	1	173	1	173	2.57e-131	360
MDA7806559.1	QIZ20472.1	95.545	202	9	0	1	202	1	202	6.17e-145	397
MDA7806560.1	QIZ20471.1	98.465	391	6	0	1	391	1	391	0.0	800
MDA7806561.1	QIZ20470.1	93.069	202	14	0	1	202	1	202	2.63e-144	395
MDA7806562.1	QIZ20469.1	98.194	443	8	0	1	443	1	443	0.0	902
MDA7806563.1	QIZ20468.1	96.024	679	27	0	1	679	1	679	0.0	1362
MDA7806564.1	QIZ20467.1	96.084	332	13	0	1	332	1	332	0.0	639
MDA7806565.1	QIZ20466.1	98.137	161	3	0	1	161	1	161	3.78e-119	328
MDA7806566.1	QIZ20465.1	94.762	210	11	0	1	210	1	210	2.36e-147	404
MDA7806567.1	QIZ20464.1	98.058	103	2	0	1	103	1	103	3.76e-65	187
MDA7806568.1	QIZ20463.1	94.349	637	36	0	1	637	1	637	0.0	1214
MDA7806569.1	QIZ20462.1	95.775	497	21	0	1	497	1	497	0.0	961
MDA7806570.1	QIZ20461.1	94.904	471	24	0	1	471	1	471	0.0	840
MDA7806571.1	QIZ20460.1	93.048	187	13	0	1	187	1	187	4.67e-121	335
MDA7806572.1	QIZ20459.1	94.355	248	14	0	1	248	1	248	5.55e-156	429
MDA7806573.1	QIZ20458.1	96.007	551	22	0	1	551	1	551	0.0	1101
MDA7806574.1	QIZ20457.1	96.296	81	3	0	1	81	1	81	2.69e-53	156
MDA7806575.1	QIZ20456.1	97.255	255	7	0	1	255	1	255	0.0	514
MDA7806576.1	QIZ20911.1	92.466	146	11	0	1	146	41	186	3.29e-101	283
MDA7806577.1	QIZ20910.1	94.444	108	6	0	13	120	13	120	9.49e-77	219
MDA7806579.1	QIZ20908.1	86.538	208	28	0	3	210	27	234	2.54e-121	339
MDA7806580.1	QIZ20907.1	95.455	88	4	0	1	88	1	88	1.40e-58	170
MDA7806581.1	QIZ20906.1	93.750	96	6	0	1	96	1	96	7.57e-64	184
MDA7806582.1	QIZ20905.1	68.456	298	77	5	1	295	1	284	6.62e-146	407
MDA7806583.1	QIZ20904.1	93.750	160	10	0	1	160	1	160	8.52e-108	300
MDA7806584.1	QIZ20903.1	100.000	61	0	0	1	61	1	61	3.56e-41	124
MDA7806585.1	QIZ20902.1	98.679	530	7	0	1	530	1	530	0.0	1078
MDA7806586.1	QIZ20901.1	99.367	316	2	0	1	316	1	316	0.0	630
MDA7806587.1	QIZ20900.1	49.429	350	171	2	1	350	1	344	3.91e-126	361
MDA7806588.1	QIZ20899.1	95.294	85	4	0	1	85	1	85	3.37e-55	161
MDA7806589.1	QIZ20898.1	99.789	473	1	0	1	473	1	473	0.0	974
MDA7806590.1	QIZ20897.1	99.065	107	1	0	1	107	1	107	4.98e-77	218
MDA7806591.1	QIZ20896.1	95.972	422	17	0	1	422	1	422	0.0	826
MDA7806592.1	QIZ20895.1	97.727	308	7	0	1	308	1	308	0.0	624
MDA7806593.1	QIZ20894.1	30.328	244	162	4	11	252	12	249	1.32e-22	89.7
MDA7806594.1	QIZ20893.1	37.121	396	229	8	14	393	17	408	6.71e-71	224
MDA7806595.1	QIZ20892.1	75.481	208	49	2	1	207	1	207	1.83e-108	305
MDA7806596.1	QIZ20891.1	93.913	230	14	0	1	230	1	230	3.12e-158	433
MDA7806597.1	QIZ20890.1	97.895	95	2	0	1	95	1	95	1.91e-65	187
MDA7806598.1	QIZ20889.1	97.222	576	16	0	1	576	1	576	0.0	1132
MDA7806599.1	QIZ20888.1	92.391	92	7	0	1	92	126	217	1.07e-55	167
MDA7806601.1	QIZ21057.1	90.674	193	18	0	1	193	1	193	2.00e-127	352
MDA7806602.1	QIZ21058.1	93.962	265	16	0	1	265	1	265	1.85e-180	492
MDA7806603.1	QIZ21059.1	93.785	177	11	0	1	177	1	177	9.64e-115	320
MDA7806604.1	QIZ21060.1	94.170	223	13	0	1	223	1	223	1.06e-155	426
MDA7806605.1	QIZ21061.1	90.714	140	13	0	1	140	1	140	2.07e-92	259
MDA7806606.1	QIZ21062.1	96.429	140	5	0	1	140	1	140	9.02e-96	268
MDA7806607.1	QIZ21063.1	94.416	197	11	0	1	197	1	197	6.92e-135	371
MDA7806608.1	QIZ21064.1	87.791	172	21	0	1	172	1	172	2.38e-94	267
MDA7806610.1	QIZ21087.1	44.912	285	148	5	1	283	1	278	9.89e-69	210
MDA7806611.1	QIZ21065.1	99.121	455	4	0	1	455	1	455	0.0	901
MDA7806612.1	QIZ21066.1	99.415	171	1	0	1	171	1	171	1.24e-122	338
MDA7806613.1	QIZ21067.1	98.980	196	2	0	1	196	1	196	3.64e-146	400
MDA7806614.1	QIZ21068.1	92.308	208	16	0	1	208	1	208	4.97e-141	388
MDA7806615.1	QIZ21070.1	95.397	239	11	0	1	239	1	239	3.34e-167	456
MDA7806616.1	QIZ21071.1	97.211	251	7	0	1	251	1	251	0.0	497
MDA7806617.1	QIZ21072.1	98.020	101	2	0	1	101	1	101	2.10e-68	196
MDA7806618.1	QIZ21073.1	96.694	121	4	0	1	121	1	121	4.93e-86	242
MDA7806619.1	QIZ21074.1	93.413	167	11	0	1	167	1	167	5.37e-116	321
MDA7806620.1	QIZ21075.1	88.587	184	21	0	1	184	1	184	1.92e-116	324
MDA7806621.1	QIZ21076.1	92.385	696	53	0	1	696	1	696	0.0	1239
MDA7806622.1	QIZ21077.1	96.203	79	3	0	1	79	14	92	5.32e-50	156
MDA7806623.1	QIZ20498.1	95.113	266	13	0	1	266	1	266	6.35e-168	461
MDA7806624.1	QIZ20497.1	96.429	252	9	0	1	252	1	252	0.0	495
MDA7806625.1	QIZ20496.1	97.449	196	5	0	1	196	1	196	1.43e-133	368
MDA7806626.1	QIZ20495.1	96.610	531	18	0	1	531	1	531	0.0	1078
MDA7806627.1	QIZ20494.1	93.952	248	15	0	1	248	1	248	9.32e-174	474
MDA7806628.1	QIZ20493.1	91.304	138	12	0	1	138	1	138	1.39e-89	252
MDA7806629.1	QIZ20492.1	97.287	258	7	0	1	258	1	258	0.0	508
MDA7806630.1	QIZ20491.1	97.233	506	14	0	1	506	1	506	0.0	1015
MDA7806631.1	QIZ20490.1	98.052	308	6	0	1	308	1	308	0.0	616
MDA7806632.1	QIZ20489.1	98.072	363	7	0	1	363	1	363	0.0	739
MDA7806633.1	QIZ20488.1	97.717	219	5	0	1	219	1	219	8.42e-163	444
MDA7806634.1	QIZ20487.1	98.639	441	6	0	1	441	1	441	0.0	840
MDA7806635.1	QIZ20486.1	98.013	151	3	0	1	151	146	296	2.47e-104	296
MDA7806636.1	QIZ20516.1	94.708	359	19	0	1	359	1	359	0.0	630
MDA7806638.1	QIZ20517.1	93.966	116	7	0	1	116	1	116	2.33e-79	224
MDA7806639.1	QIZ20518.1	99.515	619	3	0	1	619	1	619	0.0	1298
MDA7806640.1	QIZ20519.1	98.718	156	2	0	1	156	1	156	2.37e-118	326
MDA7806641.1	QIZ20520.1	95.817	263	11	0	1	263	2	264	0.0	523
MDA7806642.1	QIZ20521.1	87.879	132	16	0	1	132	1	132	5.63e-88	248
MDA7806643.1	QIZ20522.1	92.188	256	20	0	1	256	1	256	2.13e-167	458
MDA7806644.1	QIZ20523.1	94.054	185	11	0	1	185	1	185	1.10e-117	327
MDA7806645.1	QIZ20524.1	92.506	387	29	0	1	387	1	387	0.0	685
MDA7806646.1	QIZ20525.1	97.537	406	10	0	1	406	1	406	0.0	785
MDA7806647.1	QIZ20526.1	96.675	391	13	0	1	391	1	391	0.0	777
MDA7806648.1	QIZ20527.1	94.969	159	8	0	1	159	213	371	9.67e-106	302
MDA7806649.1	QIZ21525.1	99.059	425	4	0	1	425	1	425	0.0	879
MDA7806650.1	QIZ21527.1	79.646	339	69	0	1	339	1	339	0.0	575
MDA7806651.1	QIZ21530.1	85.475	537	73	2	3	538	4	536	0.0	882
MDA7806652.1	QIZ21531.1	91.193	352	31	0	1	352	1	352	0.0	625
MDA7806653.1	QIZ21532.1	98.707	232	3	0	1	232	1	232	4.35e-167	456
MDA7806654.1	QIZ21533.1	100.000	103	0	0	1	103	1	103	1.36e-71	204
MDA7806655.1	QIZ21534.1	100.000	122	0	0	1	122	1	122	2.02e-86	243
MDA7806656.1	QIZ21536.1	97.357	227	6	0	1	227	1	227	3.10e-165	451
MDA7806658.1	QIZ21537.1	97.476	317	8	0	1	317	1	317	0.0	619
MDA7806659.1	QIZ21538.1	95.238	105	5	0	1	105	1	105	2.15e-66	196
MDA7806660.1	QIZ20949.1	97.619	210	5	0	1	210	1	210	4.53e-155	432
MDA7806661.1	QIZ20948.1	99.429	175	1	0	1	175	1	175	2.11e-130	358
MDA7806662.1	QIZ20947.1	97.674	86	2	0	1	86	10	95	5.67e-55	161
MDA7806663.1	QIZ20946.1	94.983	299	15	0	7	305	70	368	0.0	534
MDA7806664.1	QIZ20949.1	97.500	80	2	0	1	80	245	324	9.03e-55	167
MDA7806665.1	QIZ20950.1	94.684	602	31	1	1	601	1	602	0.0	1120
MDA7806666.1	QIZ20951.1	91.549	426	36	0	1	426	1	426	0.0	745
MDA7806667.1	QIZ20952.1	97.956	685	14	0	1	685	1	685	0.0	1369
MDA7806668.1	QIZ20954.1	81.739	230	41	1	1	229	1	230	4.68e-129	359
MDA7806669.1	QIZ21158.1	96.262	107	4	0	1	107	484	590	7.97e-73	222
MDA7806670.1	QIZ21159.1	94.805	231	12	0	1	231	27	257	6.62e-168	459
MDA7806672.1	QIZ21160.1	59.759	497	198	2	1	496	1	496	0.0	637
MDA7806673.1	QIZ21483.1	30.130	385	250	8	26	403	8	380	1.04e-48	166
MDA7806674.1	QIZ20489.1	28.182	330	226	6	23	343	11	338	2.40e-37	133
MDA7806676.1	QIZ20487.1	38.293	457	259	7	1	451	1	440	2.44e-95	290
MDA7806678.1	QIZ21161.1	96.341	246	9	0	1	246	1	246	1.38e-173	476
MDA7806679.1	QIZ20544.1	94.611	167	9	0	1	167	1	167	4.73e-115	319
MDA7806680.1	QIZ20545.1	97.027	370	11	0	1	370	1	370	0.0	727
MDA7806681.1	QIZ20546.1	96.652	448	15	0	1	448	1	448	0.0	916
MDA7806682.1	QIZ20547.1	92.994	314	21	1	1	313	1	314	0.0	582
MDA7806683.1	QIZ20548.1	96.226	265	10	0	1	265	1	265	0.0	520
MDA7806684.1	QIZ20549.1	86.656	637	85	0	1	637	1	637	0.0	1146
MDA7806685.1	QIZ20550.1	92.814	334	24	0	1	334	1	334	0.0	604
MDA7806687.1	QIZ20541.1	85.531	311	45	0	1	311	1	311	0.0	543
MDA7806688.1	QIZ20540.1	93.333	255	17	0	1	255	1	255	7.65e-174	475
MDA7806689.1	QIZ20539.1	96.791	374	12	0	1	374	1	374	0.0	734
MDA7806690.1	QIZ20538.1	100.000	91	0	0	1	91	1	91	2.32e-63	182
MDA7806691.1	QIZ20537.1	96.998	433	13	0	1	433	1	433	0.0	835
MDA7806692.1	QIZ20536.1	85.621	153	22	0	1	153	1	153	6.77e-77	221
MDA7806693.1	QIZ20535.1	90.881	329	30	0	1	329	1	329	0.0	613
MDA7806694.1	QIZ20533.1	93.701	127	8	0	1	127	1	127	1.11e-88	249
MDA7806695.1	QIZ20532.1	84.536	194	30	0	1	194	1	194	5.34e-118	328
MDA7806696.1	QIZ20531.1	94.904	157	8	0	1	157	1	157	6.31e-107	297
MDA7806697.1	QIZ20530.1	93.333	75	5	0	1	75	1	75	4.60e-46	141
MDA7806698.1	QIZ20886.1	96.512	258	9	0	1	258	1	258	0.0	497
MDA7806699.1	QIZ20885.1	80.412	194	38	0	1	194	1	194	3.87e-108	303
MDA7806700.1	QIZ20884.1	96.285	323	12	0	1	323	1	323	0.0	612
MDA7806701.1	QIZ20883.1	96.552	203	7	0	1	203	1	203	9.85e-147	402
MDA7806702.1	QIZ20882.1	93.789	322	20	0	1	322	1	322	0.0	627
MDA7806703.1	QIZ20881.1	92.771	166	12	0	1	166	1	166	2.58e-115	319
MDA7806704.1	QIZ20880.1	93.704	270	17	0	1	270	1	270	1.00e-168	463
MDA7806705.1	QIZ20879.1	95.876	388	16	0	1	388	1	388	0.0	722
MDA7806706.1	QIZ20878.1	99.471	189	1	0	1	189	1	189	3.64e-136	379
MDA7806711.1	QIZ21421.1	99.180	122	1	0	1	122	1	122	2.03e-85	245
MDA7806712.1	QIZ21420.1	98.286	350	6	0	1	350	1	350	0.0	686
MDA7806713.1	QIZ21419.1	99.663	297	1	0	1	297	1	297	0.0	592
MDA7806714.1	QIZ21418.1	100.000	413	0	0	1	413	1	413	0.0	852
MDA7806715.1	QIZ21417.1	94.118	204	12	0	1	204	1	204	3.18e-123	342
MDA7806716.1	QIZ21416.1	100.000	98	0	0	1	98	1	98	2.56e-68	195
MDA7806717.1	QIZ20983.1	93.711	159	10	0	1	159	1	159	7.74e-98	275
MDA7806718.1	QIZ20984.1	97.175	177	5	0	1	177	1	177	1.62e-123	341
MDA7806719.1	QIZ20985.1	95.745	188	8	0	1	188	1	188	2.69e-138	379
MDA7806720.1	QIZ20986.1	92.661	218	16	0	1	218	1	218	4.82e-154	422
MDA7806721.1	QIZ20987.1	95.522	67	3	0	1	67	1	67	2.74e-31	99.8
MDA7806722.1	QIZ20988.1	89.474	171	18	0	1	171	1	171	7.30e-113	313
MDA7806723.1	QIZ20989.1	97.783	406	9	0	1	406	1	406	0.0	813
MDA7806724.1	QIZ20700.1	98.118	372	7	0	1	372	1	372	0.0	756
MDA7806725.1	QIZ20701.1	95.238	126	6	0	1	126	1	126	4.90e-88	247
MDA7806726.1	QIZ20702.1	96.196	368	14	0	1	368	1	368	0.0	722
MDA7806727.1	QIZ20703.1	98.095	210	4	0	1	210	88	297	1.61e-145	403
MDA7806728.1	QIZ21025.1	91.189	227	20	0	1	227	1	227	8.88e-144	407
MDA7806729.1	QIZ21026.1	96.058	761	30	0	1	761	1	761	0.0	1479
MDA7806730.1	QIZ21027.1	97.030	101	3	0	1	101	97	197	8.88e-66	192
MDA7806731.1	QIZ21524.1	89.636	357	37	0	1	357	120	476	0.0	679
MDA7806732.1	QIZ21523.1	97.966	295	6	0	1	295	1	295	0.0	597
MDA7806733.1	QIZ21522.1	69.966	293	88	0	1	293	41	333	1.44e-159	443
MDA7806734.1	QIZ21136.1	100.000	227	0	0	1	227	1	227	1.16e-161	450
MDA7806735.1	QIZ21135.1	95.897	195	8	0	1	195	1	195	1.72e-142	390
MDA7806736.1	QIZ21134.1	99.420	345	2	0	1	345	41	385	0.0	718
MDA7806737.1	QIZ21379.1	85.789	190	27	0	1	190	1	190	1.96e-105	298
MDA7806738.1	QIZ21378.1	92.763	304	22	0	1	304	1	304	0.0	540
MDA7806739.1	QIZ21377.1	92.800	250	18	0	1	250	63	312	1.76e-154	428
MDA7806740.1	QIZ21373.1	92.369	249	19	0	1	249	1	249	3.20e-159	444
MDA7806742.1	QIZ21372.1	90.667	75	7	0	1	75	874	948	3.77e-39	132
MDA7806743.1	QIZ20953.1	44.751	181	93	4	1	175	93	272	5.66e-46	147
