MDC2969550.1	QIZ20677.1	58.389	149	53	2	20	166	20	161	8.12e-26	94.4
MDC2969551.1	QIZ20888.1	33.171	205	127	3	12	209	12	213	9.03e-27	98.2
MDC2969552.1	QIZ20673.1	82.243	428	76	0	1	428	1	428	0.0	708
MDC2969553.1	QIZ20672.1	80.420	286	56	0	1	286	1	286	7.92e-174	477
MDC2969554.1	QIZ20671.1	70.227	309	91	1	1	308	1	309	1.61e-158	440
MDC2969555.1	QIZ20670.1	74.478	431	110	0	1	431	1	431	0.0	671
MDC2969557.1	QIZ20669.1	86.042	480	67	0	14	493	14	493	0.0	876
MDC2969558.1	QIZ20668.1	70.718	181	53	0	1	181	1	181	5.41e-87	249
MDC2969559.1	QIZ20667.1	78.491	795	169	2	1	794	1	794	0.0	1209
MDC2969560.1	QIZ20666.1	87.712	472	58	0	1	472	1	472	0.0	860
MDC2969561.1	QIZ20665.1	82.119	151	27	0	1	151	1	151	1.09e-80	231
MDC2969562.1	QIZ20664.1	90.000	70	7	0	21	90	1	70	1.64e-43	131
MDC2969563.1	QIZ20663.1	78.846	104	22	0	1	104	1	104	8.06e-60	175
MDC2969564.1	QIZ20662.1	65.789	304	104	0	1	304	1	304	1.90e-142	400
MDC2969565.1	QIZ20661.1	81.633	245	45	0	1	245	3	247	1.34e-149	412
MDC2969566.1	QIZ20660.1	92.405	79	6	0	1	79	1	79	9.21e-47	139
MDC2969567.1	QIZ20659.1	76.190	210	50	0	1	210	1	210	5.43e-121	337
MDC2969568.1	QIZ20658.1	65.637	259	88	1	2	260	3	260	1.52e-119	338
MDC2969569.1	QIZ20657.1	55.215	326	133	4	1	319	1	320	1.75e-105	307
MDC2969570.1	QIZ20656.1	41.424	309	173	4	2	307	1	304	2.13e-54	175
MDC2969571.1	QIZ20655.1	38.686	822	458	17	1	789	1	809	7.36e-165	493
MDC2969572.1	QIZ20654.1	45.378	357	194	1	3	359	2	357	1.22e-88	266
MDC2969573.1	QIZ20653.1	36.559	372	224	3	1	363	1	369	1.28e-79	244
MDC2969574.1	QIZ20652.1	79.175	485	101	0	1	485	1	485	0.0	775
MDC2969575.1	QIZ20651.1	82.353	136	24	0	1	136	1	136	8.12e-73	209
MDC2969576.1	QIZ20650.1	64.062	192	69	0	1	192	1	192	2.90e-81	235
MDC2969577.1	QIZ20649.1	75.367	341	84	0	1	341	1	341	0.0	510
MDC2969578.1	QIZ20648.1	44.957	347	191	0	13	359	13	359	2.69e-98	291
MDC2969579.1	QIZ20647.1	66.364	220	74	0	1	220	5	224	4.34e-90	260
MDC2969580.1	QIZ20646.1	81.313	594	111	0	1	594	1	594	0.0	1029
MDC2969581.1	QIZ20645.1	81.227	277	47	3	1	276	1	273	1.13e-163	451
MDC2969582.1	QIZ20644.1	70.588	119	35	0	1	119	1	119	1.09e-60	177
MDC2969583.1	QIZ20643.1	72.632	95	26	0	38	132	37	131	5.67e-49	149
MDC2969584.1	QIZ20642.1	89.213	445	48	0	1	445	1	445	0.0	831
MDC2969585.1	QIZ20641.1	74.468	141	36	0	1	141	1	141	3.04e-73	211
MDC2969586.1	QIZ20640.1	73.529	136	36	0	10	145	10	145	6.88e-75	216
MDC2969588.1	QIZ20638.1	87.160	257	33	0	1	257	1	257	6.58e-167	457
MDC2969589.1	QIZ20637.1	78.983	590	98	3	1	564	1	590	0.0	903
MDC2969591.1	QIZ20863.1	43.265	245	132	4	104	345	104	344	1.31e-55	181
MDC2969592.1	QIZ20636.1	42.416	712	407	3	19	727	19	730	4.01e-173	509
MDC2969593.1	QIZ20635.1	75.735	408	99	0	1	408	1	408	0.0	634
MDC2969594.1	QIZ20634.1	52.073	386	169	8	1	381	1	375	1.84e-133	382
MDC2969595.1	QIZ20633.1	88.532	218	25	0	1	218	1	218	1.16e-143	395
MDC2969596.1	QIZ20632.1	77.857	140	31	0	1	140	1	140	1.09e-80	230
MDC2969597.1	QIZ20631.1	92.708	480	35	0	1	480	1	480	0.0	936
MDC2969598.1	QIZ20630.1	89.754	244	25	0	1	244	1	244	1.54e-160	440
MDC2969599.1	QIZ20629.1	70.602	415	122	0	1	415	1	415	0.0	578
MDC2969600.1	QIZ20628.1	84.729	406	62	0	1	406	1	406	0.0	742
MDC2969601.1	QIZ20627.1	85.621	153	22	0	1	153	1	153	5.60e-96	270
MDC2969602.1	QIZ20626.1	74.490	98	25	0	1	98	1	98	1.54e-52	155
MDC2969603.1	QIZ20625.1	86.364	110	15	0	1	110	1	110	1.50e-70	202
MDC2969605.1	QIZ20624.1	82.692	468	81	0	1	468	1	468	0.0	834
MDC2969606.1	QIZ20623.1	70.440	159	47	0	1	159	1	159	3.67e-74	215
MDC2969607.1	QIZ20622.1	83.219	292	49	0	1	292	1	292	2.00e-168	464
MDC2969609.1	QIZ20616.1	85.573	506	73	0	4	509	76	581	0.0	909
MDC2969610.1	QIZ20615.1	65.741	108	37	0	14	121	1	108	5.27e-53	158
MDC2969612.1	QIZ20607.1	80.556	108	21	0	1	108	1	108	4.38e-59	172
MDC2969613.1	QIZ20606.1	84.583	480	74	0	6	485	1	480	0.0	866
MDC2969614.1	QIZ20587.1	77.447	235	53	0	1	235	1	235	3.35e-125	350
MDC2969615.1	QIZ20586.1	89.062	192	21	0	1	192	1	192	1.52e-126	350
MDC2969617.1	QIZ20585.1	69.403	268	82	0	1	268	1	268	2.33e-140	391
MDC2969618.1	QIZ20579.1	48.182	110	57	0	1	110	1	110	5.11e-33	107
MDC2969619.1	QIZ20579.1	63.636	110	40	0	1	110	1	110	1.85e-43	133
MDC2969620.1	QIZ20580.1	68.493	73	23	0	1	73	1	73	5.77e-33	104
MDC2969623.1	QIZ20577.1	73.077	104	28	0	1	104	1	104	1.05e-56	166
MDC2969625.1	QIZ20570.1	57.664	137	57	1	1	137	1	136	1.12e-57	171
MDC2969626.1	QIZ20571.1	59.375	96	39	0	9	104	1	96	3.82e-40	124
MDC2969628.1	QIZ20573.1	64.211	95	34	0	1	95	1	95	1.47e-44	135
MDC2969629.1	QIZ20578.1	75.000	68	17	0	1	68	1	68	1.56e-33	105
MDC2969630.1	QIZ20576.1	45.361	97	50	2	1	95	1	96	8.63e-23	80.5
MDC2969631.1	QIZ20574.1	72.115	104	29	0	17	120	17	120	1.51e-55	165
MDC2969632.1	QIZ20569.1	80.480	333	65	0	1	333	1	333	0.0	559
MDC2969633.1	QIZ20568.1	79.787	188	38	0	1	188	1	188	2.05e-111	311
MDC2969634.1	QIZ21536.1	62.332	223	84	0	1	223	1	223	4.68e-107	304
MDC2969637.1	QIZ20554.1	66.832	202	67	0	1	202	1	202	1.54e-91	263
MDC2969638.1	QIZ20558.1	79.412	204	42	0	1	204	1	204	3.92e-125	348
MDC2969639.1	QIZ21414.1	60.656	122	47	1	31	152	2	122	6.89e-55	164
MDC2969640.1	QIZ20553.1	82.477	428	75	0	1	428	1	428	0.0	743
MDC2969641.1	QIZ20552.1	81.518	303	56	0	1	303	1	303	0.0	507
MDC2969642.1	QIZ20550.1	74.174	333	85	1	1	332	1	333	3.65e-177	490
MDC2969643.1	QIZ20953.1	37.542	301	156	10	2	298	3	275	2.47e-48	158
MDC2969644.1	QIZ20851.1	25.839	298	208	6	8	300	6	295	1.42e-29	111
MDC2969645.1	QIZ20549.1	72.430	642	171	2	1	641	1	637	0.0	971
MDC2969646.1	QIZ20548.1	91.667	264	22	0	1	264	1	264	0.0	497
MDC2969647.1	QIZ20547.1	83.121	314	52	1	1	313	1	314	0.0	526
MDC2969648.1	QIZ20546.1	82.143	448	80	0	1	448	1	448	0.0	777
MDC2969649.1	QIZ20545.1	82.162	370	66	0	1	370	1	370	0.0	605
MDC2969651.1	QIZ21541.1	64.808	807	284	0	1	807	1	807	0.0	1113
MDC2969652.1	QIZ21344.1	60.993	282	109	1	1	282	1	281	1.63e-122	347
MDC2969653.1	QIZ21518.1	32.278	316	200	8	9	320	8	313	4.99e-39	136
MDC2969661.1	QIZ20292.1	30.515	272	146	8	1	236	1	265	1.42e-21	87.4
MDC2969662.1	QIZ20851.1	32.381	315	188	9	1	309	1	296	2.42e-39	137
MDC2969663.1	QIZ20957.1	27.500	320	185	8	1	293	1	300	3.58e-27	103
MDC2969664.1	QIZ21591.1	78.857	175	37	0	1	175	1	175	3.16e-94	267
MDC2969668.1	QIZ21593.1	83.815	346	56	0	1	346	1	346	0.0	593
MDC2969669.1	QIZ20180.1	78.799	283	52	1	2	276	1	283	2.01e-163	450
MDC2969670.1	QIZ20181.1	89.130	230	25	0	1	230	1	230	7.16e-149	409
MDC2969671.1	QIZ20182.1	85.650	223	32	0	1	223	1	223	2.00e-142	393
MDC2969673.1	QIZ20183.1	79.070	129	27	0	1	129	1	129	2.29e-71	205
MDC2969674.1	QIZ20184.1	68.182	308	98	0	1	308	1	308	8.92e-149	416
MDC2969675.1	QIZ20190.1	75.000	360	90	0	1	360	1	360	0.0	583
MDC2969676.1	QIZ20191.1	73.913	184	48	0	1	184	1	184	1.98e-106	298
MDC2969677.1	QIZ20192.1	81.437	167	31	0	1	167	1	167	1.58e-102	287
MDC2969680.1	QIZ20196.1	66.834	199	66	0	1	199	1	199	3.61e-105	296
MDC2969681.1	QIZ20197.1	86.505	289	39	0	1	289	1	289	0.0	521
MDC2969682.1	QIZ20198.1	70.398	402	117	1	1	400	1	402	0.0	505
MDC2969683.1	QIZ20199.1	68.571	175	53	1	1	173	1	175	1.21e-81	235
MDC2969685.1	QIZ20555.1	36.481	233	148	0	79	311	261	493	2.07e-49	176
MDC2969685.1	QIZ20555.1	38.235	238	147	0	459	696	263	500	3.66e-47	170
MDC2969686.1	QIZ21478.1	49.123	342	164	4	4	344	3	335	9.01e-117	337
MDC2969687.1	QIZ21214.1	26.421	299	212	3	10	308	2	292	4.81e-27	103
MDC2969688.1	QIZ21483.1	36.649	382	238	3	14	393	2	381	1.11e-87	266
MDC2969689.1	QIZ20301.1	27.273	495	294	14	7	463	9	475	2.50e-24	100
MDC2969696.1	QIZ21448.1	62.055	477	180	1	1	476	1	477	0.0	601
MDC2969697.1	QIZ20200.1	87.632	380	47	0	1	380	1	380	0.0	693
MDC2969698.1	QIZ20201.1	91.071	336	30	0	1	336	1	336	0.0	645
MDC2969699.1	QIZ20202.1	84.568	162	25	0	1	162	1	162	5.94e-101	283
MDC2969700.1	QIZ20203.1	91.422	443	38	0	1	443	1	443	0.0	811
MDC2969701.1	QIZ20204.1	87.500	328	41	0	7	334	1	328	0.0	614
MDC2969702.1	QIZ20205.1	84.838	277	42	0	1	277	1	277	9.48e-145	403
MDC2969703.1	QIZ20207.1	84.848	66	10	0	1	66	1	66	5.79e-39	119
MDC2969705.1	QIZ20220.1	81.612	484	89	0	1	484	1	484	0.0	825
MDC2969706.1	QIZ20221.1	88.700	646	72	1	1	646	1	645	0.0	1210
MDC2969707.1	QIZ20222.1	92.073	328	26	0	11	338	15	342	0.0	647
MDC2969709.1	QIZ20224.1	69.565	207	62	1	1	207	1	206	3.00e-105	297
MDC2969710.1	QIZ20225.1	86.096	374	52	0	1	374	1	374	0.0	674
MDC2969711.1	QIZ20226.1	89.262	298	32	0	1	298	1	298	0.0	558
MDC2969712.1	QIZ20227.1	85.800	500	71	0	1	500	1	500	0.0	903
MDC2969713.1	QIZ20228.1	77.093	227	52	0	1	227	1	227	1.01e-137	381
MDC2969714.1	QIZ20229.1	78.744	207	44	0	1	207	1	207	2.82e-116	325
MDC2969715.1	QIZ20230.1	82.343	606	107	0	1	606	1	606	0.0	1047
MDC2969716.1	QIZ20231.1	81.264	459	86	0	1	459	1	459	0.0	804
MDC2969718.1	QIZ20233.1	68.653	453	138	2	1	449	1	453	0.0	663
MDC2969719.1	QIZ20234.1	81.579	532	98	0	1	532	1	532	0.0	923
MDC2969721.1	QIZ20235.1	72.458	236	65	0	1	236	1	236	1.03e-125	352
MDC2969722.1	QIZ20236.1	83.415	205	34	0	1	205	1	205	3.02e-135	373
MDC2969724.1	QIZ20459.1	66.397	247	83	0	1	247	1	247	1.01e-105	302
MDC2969725.1	QIZ20458.1	77.355	552	124	1	1	552	1	551	0.0	930
MDC2969726.1	QIZ20457.1	79.012	81	17	0	1	81	1	81	3.47e-37	115
MDC2969727.1	QIZ20456.1	91.282	195	17	0	1	195	1	195	3.96e-133	376
MDC2969728.1	QIZ21207.1	69.634	191	57	1	4	193	48	238	2.57e-95	273
MDC2969729.1	QIZ21206.1	60.619	226	89	0	1	226	1	226	3.44e-92	266
MDC2969730.1	QIZ21205.1	59.477	306	123	1	7	311	8	313	1.61e-117	337
MDC2969731.1	QIZ21204.1	49.664	149	75	0	1	149	1	149	2.42e-49	151
MDC2969732.1	QIZ21203.1	86.916	428	56	0	1	428	1	428	0.0	766
MDC2969733.1	QIZ21202.1	72.179	514	140	2	1	513	1	512	0.0	705
MDC2969734.1	QIZ21201.1	90.638	235	22	0	1	235	1	235	6.44e-158	433
MDC2969735.1	QIZ21200.1	81.494	924	171	0	1	924	1	924	0.0	1553
MDC2969736.1	QIZ21198.1	69.945	183	55	0	1	183	1	183	1.66e-92	263
MDC2969737.1	QIZ21197.1	89.617	183	19	0	5	187	5	187	5.82e-121	335
MDC2969738.1	QIZ21196.1	79.949	394	77	1	1	394	1	392	0.0	660
MDC2969739.1	QIZ21195.1	88.761	347	39	0	1	347	1	347	0.0	634
MDC2969740.1	QIZ21194.1	91.379	290	25	0	1	290	1	290	0.0	530
MDC2969741.1	QIZ21193.1	79.891	184	37	0	1	184	1	184	2.70e-105	295
MDC2969742.1	QIZ21192.1	83.178	107	15	1	1	104	1	107	1.62e-49	148
MDC2969743.1	QIZ21191.1	70.029	347	104	0	1	347	1	347	1.17e-178	494
MDC2969744.1	QIZ21190.1	86.346	520	71	0	1	520	6	525	0.0	922
MDC2969745.1	QIZ21189.1	78.170	481	103	1	1	479	1	481	0.0	712
MDC2969746.1	QIZ21188.1	77.948	458	101	0	1	458	1	458	0.0	677
MDC2969747.1	QIZ21187.1	57.085	247	102	2	3	248	4	247	4.90e-87	254
MDC2969748.1	QIZ21186.1	70.134	298	89	0	1	298	1	298	4.94e-150	418
MDC2969749.1	QIZ21185.1	67.222	360	118	0	1	360	1	360	1.55e-180	500
MDC2969750.1	QIZ21184.1	78.846	364	77	0	4	367	6	369	0.0	612
MDC2969751.1	QIZ21183.1	74.112	197	51	0	1	197	1	197	1.64e-105	297
MDC2969752.1	QIZ21182.1	65.690	239	82	0	1	239	1	239	3.07e-120	338
MDC2969753.1	QIZ21181.1	73.134	134	35	1	1	133	1	134	2.28e-70	203
MDC2969754.1	QIZ21180.1	96.429	84	3	0	1	84	1	84	2.73e-54	159
MDC2969755.1	QIZ21179.1	77.064	327	75	0	1	327	1	327	0.0	505
MDC2969756.1	QIZ21178.1	72.283	368	102	0	1	368	1	368	0.0	530
MDC2969757.1	QIZ21177.1	67.308	416	136	0	1	416	1	416	0.0	546
MDC2969758.1	QIZ21176.1	69.412	170	52	0	4	173	11	180	3.81e-78	226
MDC2969759.1	QIZ21175.1	78.448	116	25	0	1	116	1	116	5.97e-64	186
MDC2969760.1	QIZ21174.1	80.609	361	70	0	18	378	19	379	0.0	605
MDC2969761.1	QIZ21173.1	68.354	158	50	0	1	158	1	158	3.68e-80	230
MDC2969762.1	QIZ21172.1	77.692	130	29	0	1	130	1	130	1.11e-69	201
MDC2969763.1	QIZ21171.1	93.856	472	29	0	1	472	1	472	0.0	907
MDC2969764.1	QIZ21170.1	86.254	291	39	1	1	290	1	291	0.0	512
MDC2969765.1	QIZ21169.1	92.564	511	38	0	1	511	1	511	0.0	975
MDC2969766.1	QIZ21168.1	66.486	185	62	0	1	185	1	185	2.04e-81	235
MDC2969767.1	QIZ21167.1	76.959	651	150	0	1	651	1	651	0.0	1057
MDC2969768.1	QIZ21166.1	83.084	467	78	1	1	467	1	466	0.0	801
MDC2969769.1	QIZ21165.1	72.998	437	105	4	1	436	1	425	0.0	641
MDC2969770.1	QIZ21164.1	81.321	969	180	1	1	969	1	968	0.0	1673
MDC2969771.1	QIZ21163.1	90.378	291	28	0	1	291	1	291	0.0	508
MDC2969772.1	QIZ21162.1	84.456	386	60	0	1	386	1	386	0.0	665
MDC2969773.1	QIZ21161.1	90.000	320	32	0	1	320	1	320	0.0	590
MDC2969774.1	QIZ21160.1	89.336	497	53	0	1	497	1	497	0.0	935
MDC2969775.1	QIZ21159.1	87.160	257	33	0	1	257	1	257	2.86e-175	479
MDC2969776.1	QIZ21158.1	90.186	591	57	1	1	591	1	590	0.0	1134
MDC2969777.1	QIZ21157.1	62.921	89	33	0	5	93	5	93	8.93e-38	119
MDC2969778.1	QIZ21156.1	71.654	127	36	0	1	127	1	127	1.18e-65	191
MDC2969779.1	QIZ21155.1	69.909	329	99	0	1	329	1	329	1.24e-172	478
MDC2969780.1	QIZ21154.1	77.778	369	82	0	1	369	1	369	0.0	602
MDC2969781.1	QIZ21152.1	77.281	537	122	0	1	537	1	537	0.0	891
MDC2969782.1	QIZ21151.1	82.453	587	103	0	1	587	1	587	0.0	1035
MDC2969783.1	QIZ21150.1	90.489	368	35	0	1	368	1	368	0.0	665
MDC2969784.1	QIZ21149.1	80.597	201	39	0	1	201	9	209	1.58e-122	341
MDC2969785.1	QIZ21148.1	88.009	467	56	0	1	467	1	467	0.0	863
MDC2969786.1	QIZ21146.1	78.070	228	50	0	1	228	1	228	4.88e-137	379
MDC2969787.1	QIZ21145.1	86.792	106	14	0	1	106	1	106	7.11e-66	194
MDC2969788.1	QIZ21144.1	89.381	452	48	0	1	452	1	452	0.0	790
MDC2969789.1	QIZ21143.1	67.153	274	90	0	1	274	1	274	2.52e-125	353
MDC2969790.1	QIZ21142.1	81.639	305	56	0	1	305	1	305	0.0	510
MDC2969791.1	QIZ21141.1	63.277	177	64	1	12	187	11	187	3.19e-81	235
MDC2969792.1	QIZ21140.1	68.110	254	81	0	19	272	19	272	1.42e-136	382
MDC2969793.1	QIZ21139.1	75.685	292	71	0	1	292	1	292	9.79e-155	430
MDC2969794.1	QIZ21138.1	72.414	58	16	0	1	58	2	59	8.91e-26	85.1
MDC2969795.1	QIZ21137.1	71.202	441	127	0	1	441	1	441	0.0	625
MDC2969796.1	QIZ21136.1	87.417	453	57	0	1	453	1	453	0.0	775
MDC2969797.1	QIZ21135.1	78.680	197	40	1	1	197	1	195	3.16e-116	324
MDC2969798.1	QIZ21134.1	85.714	385	54	1	1	384	1	385	0.0	675
MDC2969799.1	QIZ21125.1	85.804	317	45	0	1	317	1	317	0.0	562
MDC2969800.1	QIZ21124.1	78.993	457	96	0	1	457	1	457	0.0	758
MDC2969801.1	QIZ21123.1	87.887	388	47	0	1	388	1	388	0.0	691
MDC2969802.1	QIZ21122.1	85.379	383	56	0	1	383	1	383	0.0	697
MDC2969803.1	QIZ21121.1	93.473	383	25	0	1	383	1	383	0.0	756
MDC2969804.1	QIZ21120.1	72.368	152	38	1	18	169	22	169	2.11e-80	231
MDC2969805.1	QIZ21119.1	56.349	126	47	3	1	121	1	123	2.01e-39	124
MDC2969806.1	QIZ21118.1	53.757	173	78	2	1	171	1	173	1.13e-63	189
MDC2969807.1	QIZ21117.1	69.021	623	192	1	1	622	2	624	0.0	826
MDC2969808.1	QIZ21116.1	68.841	138	43	0	1	138	1	138	2.08e-69	201
MDC2969809.1	QIZ21115.1	58.667	75	31	0	1	75	1	75	4.96e-28	92.0
MDC2969810.1	QIZ21114.1	79.661	236	47	1	1	235	1	236	6.90e-140	387
MDC2969811.1	QIZ21113.1	93.396	106	7	0	1	106	1	106	4.59e-72	205
MDC2969812.1	QIZ21112.1	79.781	183	37	0	1	183	1	183	2.29e-108	303
MDC2969813.1	QIZ21111.1	77.876	113	24	1	1	113	1	112	3.18e-59	173
MDC2969814.1	QIZ21110.1	82.283	254	44	1	1	254	1	253	1.24e-151	418
MDC2969815.1	QIZ21109.1	82.319	345	61	0	1	345	1	345	0.0	605
MDC2969816.1	QIZ21108.1	64.118	170	59	1	1	170	1	168	2.59e-82	236
MDC2969817.1	QIZ21107.1	83.038	395	67	0	1	395	1	395	0.0	691
MDC2969818.1	QIZ21105.1	84.868	152	23	0	1	152	1	152	2.57e-86	245
MDC2969819.1	QIZ21104.1	88.889	126	14	0	1	126	1	126	4.59e-77	219
MDC2969820.1	QIZ21103.1	72.178	381	103	3	1	379	1	380	0.0	570
MDC2969823.1	QIZ21101.1	86.611	239	32	0	1	239	1	239	4.16e-159	436
MDC2969828.1	QIZ21099.1	87.179	39	5	0	1	39	1	39	3.31e-21	72.4
MDC2969829.1	QIZ21097.1	85.657	495	71	0	1	495	1	495	0.0	866
MDC2969830.1	QIZ21096.1	82.627	236	41	0	1	236	1	236	2.90e-149	411
MDC2969833.1	QIZ21095.1	75.449	334	82	0	18	351	29	362	0.0	531
MDC2969834.1	QIZ21094.1	75.852	352	79	3	7	355	1	349	0.0	547
MDC2969837.1	QIZ21093.1	87.500	280	35	0	1	280	1	280	0.0	501
MDC2969838.1	QIZ21092.1	85.417	96	14	0	1	96	1	96	1.26e-57	168
MDC2969839.1	QIZ21091.1	82.548	361	63	0	1	361	1	361	0.0	570
MDC2969840.1	QIZ21090.1	67.672	232	75	0	1	232	1	232	1.31e-119	336
MDC2969841.1	QIZ21089.1	59.283	307	124	1	1	306	1	307	1.62e-127	362
MDC2969842.1	QIZ21088.1	77.591	357	80	0	1	357	1	357	0.0	582
MDC2969843.1	QIZ21086.1	83.088	136	23	0	4	139	2	137	6.35e-83	235
MDC2969844.1	QIZ21085.1	88.941	642	71	0	49	690	39	680	0.0	1202
MDC2969845.1	QIZ21084.1	76.329	207	49	0	1	207	1	207	5.40e-119	332
MDC2969846.1	QIZ21083.1	82.558	86	15	0	1	86	1	86	2.58e-51	151
MDC2969847.1	QIZ21082.1	89.037	602	66	0	1	602	1	602	0.0	1058
MDC2969848.1	QIZ21081.1	86.842	114	15	0	1	114	1	114	1.77e-73	209
MDC2969849.1	QIZ21080.1	79.358	218	45	0	1	218	1	218	4.60e-124	346
MDC2969851.1	QIZ21079.1	69.901	505	152	0	7	511	14	518	0.0	719
MDC2969853.1	QIZ21078.1	65.888	214	72	1	1	214	1	213	5.66e-106	300
MDC2969854.1	QIZ21077.1	49.041	365	177	4	1	357	14	377	1.40e-104	308
MDC2969855.1	QIZ21076.1	76.724	696	162	0	1	696	1	696	0.0	1024
MDC2969856.1	QIZ21075.1	51.087	184	88	1	1	182	1	184	5.40e-59	178
MDC2969857.1	QIZ21074.1	56.548	168	70	1	1	168	1	165	7.10e-65	192
MDC2969858.1	QIZ21073.1	75.833	120	29	0	1	120	1	120	1.23e-65	190
MDC2969860.1	QIZ21071.1	86.056	251	35	0	1	251	1	251	7.45e-164	449
MDC2969861.1	QIZ21070.1	84.322	236	37	0	1	236	1	236	2.94e-149	411
MDC2969862.1	QIZ21068.1	85.577	208	30	0	1	208	1	208	1.84e-132	366
MDC2969863.1	QIZ21067.1	87.755	196	24	0	1	196	1	196	1.93e-131	363
MDC2969864.1	QIZ21066.1	90.058	171	17	0	1	171	1	171	2.04e-114	317
MDC2969865.1	QIZ21065.1	87.965	457	53	2	1	457	1	455	0.0	798
MDC2969866.1	QIZ21064.1	53.488	129	59	1	7	134	38	166	1.86e-45	142
MDC2969867.1	QIZ21063.1	70.000	200	55	2	1	198	1	197	1.33e-97	277
MDC2969868.1	QIZ21062.1	68.085	141	44	1	1	141	1	140	2.00e-56	168
MDC2969869.1	QIZ21061.1	55.714	140	62	0	1	140	1	140	1.04e-57	172
MDC2969870.1	QIZ21060.1	73.094	223	58	2	1	221	1	223	4.46e-118	331
MDC2969871.1	QIZ21059.1	63.277	177	65	0	1	177	1	177	1.93e-73	215
MDC2969872.1	QIZ21058.1	60.456	263	104	0	2	264	3	265	2.96e-112	320
MDC2969873.1	QIZ21057.1	71.958	189	53	0	3	191	4	192	3.54e-97	276
MDC2969874.1	QIZ21056.1	73.260	273	73	0	1	273	1	273	5.63e-153	424
MDC2969875.1	QIZ21055.1	68.769	333	104	0	1	333	1	333	6.69e-173	479
MDC2969876.1	QIZ21054.1	32.344	337	202	9	1	319	1	329	4.56e-55	179
MDC2969878.1	QIZ21052.1	95.261	422	20	0	1	422	1	422	0.0	818
MDC2969879.1	QIZ21087.1	37.809	283	161	6	1	273	1	278	1.38e-49	161
MDC2969880.1	QIZ21050.1	75.847	443	107	0	1	443	1	443	0.0	673
MDC2969881.1	QIZ21049.1	83.949	623	100	0	1	623	1	623	0.0	1065
MDC2969882.1	QIZ21048.1	58.373	209	87	0	5	213	4	212	9.16e-91	261
MDC2969883.1	QIZ21047.1	80.682	264	51	0	1	264	1	264	8.06e-160	440
MDC2969884.1	QIZ21046.1	71.326	279	80	0	2	280	4	282	1.58e-145	405
MDC2969885.1	QIZ21045.1	49.849	331	166	0	1	331	1	331	3.35e-102	299
MDC2969887.1	QIZ21043.1	66.076	846	284	3	1	845	1	844	0.0	1145
MDC2969888.1	QIZ21042.1	45.055	182	93	3	4	184	7	182	1.74e-50	157
MDC2969889.1	QIZ21455.1	85.915	142	20	0	1	142	1	142	2.12e-92	259
MDC2969890.1	QIZ21454.1	44.286	420	231	2	15	433	16	433	3.16e-119	350
MDC2969891.1	QIZ21453.1	56.075	214	94	0	1	214	1	214	7.79e-65	195
MDC2969892.1	QIZ21452.1	85.602	889	128	0	1	889	1	889	0.0	1585
MDC2969893.1	QIZ21451.1	55.612	196	87	0	1	196	1	196	6.46e-75	219
MDC2969894.1	QIZ21450.1	89.381	113	12	0	1	113	1	113	1.66e-74	212
MDC2969895.1	QIZ21449.1	79.040	396	83	0	1	396	1	396	0.0	671
MDC2969896.1	QIZ21448.1	75.681	477	116	0	1	477	1	477	0.0	751
MDC2969897.1	QIZ21447.1	91.509	318	27	0	1	318	1	318	0.0	608
MDC2969898.1	QIZ21446.1	57.965	226	90	1	18	238	18	243	5.14e-92	266
MDC2969899.1	QIZ21445.1	67.136	213	70	0	1	213	1	213	2.73e-109	308
MDC2969900.1	QIZ21444.1	84.189	740	117	0	1	740	1	740	0.0	1301
MDC2969901.1	QIZ21443.1	88.028	284	34	0	1	284	1	284	4.39e-174	478
MDC2969902.1	QIZ21442.1	71.256	414	119	0	4	417	2	415	0.0	630
MDC2969903.1	QIZ21441.1	76.099	364	83	3	13	375	13	373	0.0	571
MDC2969904.1	QIZ21440.1	84.807	362	54	1	1	361	1	362	0.0	637
MDC2969905.1	QIZ21439.1	81.443	388	72	0	1	388	1	388	0.0	674
MDC2969906.1	QIZ21438.1	63.265	245	90	0	1	245	1	245	3.20e-120	338
MDC2969909.1	QIZ20592.1	34.783	253	149	6	6	256	5	243	2.76e-40	135
MDC2969912.1	QIZ20579.1	40.000	110	66	0	1	110	1	110	2.76e-25	87.8
MDC2969913.1	QIZ20495.1	44.000	525	291	3	3	524	4	528	2.62e-147	429
MDC2969914.1	QIZ20216.1	58.675	317	130	1	1	316	1	317	1.31e-127	363
MDC2969915.1	QIZ20715.1	69.261	257	79	0	1	257	1	257	6.28e-133	372
MDC2969916.1	QIZ20717.1	79.655	521	105	1	1	520	1	521	0.0	850
MDC2969917.1	QIZ20718.1	57.931	145	61	0	1	145	1	145	1.95e-56	169
MDC2969918.1	QIZ20719.1	82.402	358	63	0	1	358	1	358	0.0	575
MDC2969919.1	QIZ20720.1	72.906	203	55	0	1	203	1	203	2.08e-110	310
MDC2969920.1	QIZ20721.1	76.412	301	71	0	1	301	1	301	5.22e-175	482
MDC2969921.1	QIZ20722.1	68.266	271	78	3	1	267	1	267	1.12e-129	364
MDC2969922.1	QIZ20723.1	76.744	215	50	0	1	215	1	215	5.97e-128	355
MDC2969923.1	QIZ20724.1	88.366	404	47	0	1	404	1	404	0.0	759
MDC2969924.1	QIZ20725.1	74.550	888	226	0	1	888	1	888	0.0	1374
MDC2969925.1	QIZ20726.1	88.430	363	41	1	5	366	21	383	0.0	655
MDC2969926.1	QIZ20727.1	58.780	410	168	1	23	431	23	432	1.57e-162	460
MDC2969927.1	QIZ20728.1	64.610	308	109	0	1	308	1	308	3.64e-144	404
MDC2969928.1	QIZ20729.1	56.098	123	50	2	1	122	1	120	6.70e-47	143
MDC2969929.1	QIZ20731.1	79.389	131	27	0	1	131	1	131	6.61e-79	224
MDC2969930.1	QIZ20732.1	82.353	425	75	0	1	425	1	425	0.0	735
MDC2969933.1	QIZ20733.1	55.556	288	128	0	2	289	3	290	4.89e-113	323
MDC2969935.1	QIZ20734.1	82.979	141	24	0	34	174	40	180	2.40e-87	249
MDC2969936.1	QIZ20736.1	70.192	208	62	0	1	208	1	208	8.03e-113	317
MDC2969937.1	QIZ20737.1	72.485	338	93	0	1	338	1	338	0.0	508
MDC2969938.1	QIZ20738.1	71.698	106	30	0	1	106	1	106	9.05e-57	167
MDC2969939.1	QIZ20739.1	78.988	257	53	1	1	257	1	256	7.12e-150	414
MDC2969940.1	QIZ20740.1	88.431	631	73	0	1	631	1	631	0.0	1170
MDC2969941.1	QIZ20742.1	85.484	434	63	0	1	434	1	434	0.0	786
MDC2969942.1	QIZ20743.1	70.690	290	85	0	4	293	5	294	3.00e-154	428
MDC2969943.1	QIZ20744.1	87.842	329	40	0	1	329	1	329	0.0	609
MDC2969944.1	QIZ20745.1	74.007	277	72	0	1	277	1	277	4.56e-151	419
MDC2969946.1	QIZ21387.1	79.654	462	94	0	1	462	1	462	0.0	747
MDC2969947.1	QIZ21386.1	28.000	425	291	6	41	458	30	446	1.63e-33	128
MDC2969948.1	QIZ21385.1	84.218	678	106	1	1	677	1	678	0.0	1198
MDC2969949.1	QIZ21384.1	61.239	565	218	1	1	565	1	564	0.0	665
MDC2969950.1	QIZ21383.1	68.114	668	213	0	9	676	9	676	0.0	929
MDC2969951.1	QIZ21382.1	53.962	265	120	1	16	278	18	282	4.63e-102	295
MDC2969952.1	QIZ21381.1	65.033	306	107	0	1	306	1	306	5.65e-143	401
MDC2969954.1	QIZ21379.1	39.450	218	129	2	6	221	7	223	1.08e-36	124
MDC2969955.1	QIZ21378.1	69.737	304	92	0	1	304	1	304	4.12e-140	393
MDC2969956.1	QIZ21377.1	61.589	302	116	0	1	302	11	312	1.51e-128	364
MDC2969957.1	QIZ21376.1	69.892	465	140	0	1	465	1	465	0.0	680
MDC2969958.1	QIZ21375.1	50.000	356	176	2	1	354	1	356	1.05e-118	343
MDC2969959.1	QIZ21374.1	67.213	366	120	0	8	373	8	373	2.85e-164	460
MDC2969960.1	QIZ21373.1	55.916	431	186	3	1	429	1	429	3.10e-150	429
MDC2969962.1	QIZ21372.1	56.389	947	410	1	1	947	1	944	0.0	992
MDC2969963.1	QIZ21371.1	65.009	563	188	5	1	560	3	559	0.0	722
MDC2969964.1	QIZ21370.1	45.545	101	53	1	3	101	2	102	3.04e-21	76.6
MDC2969965.1	QIZ21369.1	68.452	336	106	0	1	336	1	336	9.09e-166	461
MDC2969966.1	QIZ21368.1	77.062	497	98	5	1	483	1	495	0.0	687
MDC2969967.1	QIZ21367.1	85.333	150	22	0	1	150	1	150	4.44e-96	270
MDC2969968.1	QIZ21366.1	59.836	244	94	2	5	245	1	243	5.69e-96	277
MDC2969969.1	QIZ21365.1	66.412	262	87	1	1	262	1	261	1.53e-133	373
MDC2969970.1	QIZ21364.1	68.205	195	60	1	1	193	1	195	3.10e-93	266
MDC2969978.1	QIZ20904.1	42.857	161	82	3	1	153	1	159	3.22e-37	121
MDC2969984.1	QIZ21363.1	91.790	609	47	2	1	608	1	607	0.0	1138
MDC2969985.1	QIZ21362.1	74.450	591	151	0	1	591	1	591	0.0	884
MDC2969986.1	QIZ21361.1	74.342	152	39	0	1	152	1	152	2.07e-70	205
MDC2969987.1	QIZ21360.1	81.818	385	69	1	1	384	1	385	0.0	658
MDC2969988.1	QIZ21359.1	86.220	1074	148	0	1	1074	1	1074	0.0	1919
MDC2969989.1	QIZ21319.1	84.018	219	35	0	1	219	1	219	9.30e-143	393
MDC2969990.1	QIZ21318.1	77.955	313	69	0	1	313	1	313	0.0	503
MDC2969991.1	QIZ21317.1	88.217	314	37	0	1	314	1	314	0.0	588
MDC2969992.1	QIZ21537.1	65.397	315	106	2	1	313	1	314	1.40e-139	393
MDC2969993.1	QIZ21314.1	73.618	398	101	1	1	394	1	398	0.0	624
MDC2969994.1	QIZ21313.1	86.657	712	95	0	1	712	1	712	0.0	1310
MDC2969995.1	QIZ21312.1	80.478	251	48	1	1	251	1	250	9.81e-146	403
MDC2969996.1	QIZ21310.1	86.525	141	19	0	1	141	1	141	1.09e-84	240
MDC2969997.1	QIZ21309.1	77.414	611	138	0	1	611	1	611	0.0	999
MDC2969998.1	QIZ21308.1	87.047	193	25	0	1	193	1	193	2.76e-124	344
MDC2969999.1	QIZ21307.1	85.172	290	43	0	1	290	1	290	0.0	535
MDC2970000.1	QIZ21306.1	78.472	144	31	0	1	144	1	144	2.18e-80	229
MDC2970001.1	QIZ21305.1	76.889	225	52	0	1	225	1	225	3.61e-125	349
MDC2970002.1	QIZ21304.1	69.178	438	135	0	1	438	1	438	0.0	634
MDC2970003.1	QIZ21303.1	69.565	69	21	0	1	69	1	69	1.32e-29	96.7
MDC2970004.1	QIZ21302.1	64.173	254	90	1	1	253	1	254	8.42e-117	330
MDC2970005.1	QIZ21301.1	57.246	138	59	0	1	138	1	138	2.35e-47	152
MDC2970006.1	QIZ21456.1	59.024	205	84	0	1	205	145	349	1.56e-81	242
MDC2970007.1	QIZ21457.1	71.942	139	39	0	1	139	1	139	3.85e-77	221
MDC2970009.1	QIZ21458.1	71.186	472	136	0	1	472	1	472	0.0	705
MDC2970010.1	QIZ21459.1	53.457	376	174	1	1	375	1	376	1.10e-152	431
MDC2970011.1	QIZ21460.1	77.098	441	101	0	1	441	1	441	0.0	734
MDC2970013.1	QIZ21464.1	81.579	76	12	1	1	76	1	74	5.15e-42	127
MDC2970014.1	QIZ21465.1	89.700	466	48	0	1	466	1	466	0.0	860
MDC2970015.1	QIZ21466.1	94.017	117	7	0	17	133	17	133	1.16e-82	234
MDC2970016.1	QIZ21467.1	94.760	458	24	0	15	472	17	474	0.0	911
MDC2970017.1	QIZ21468.1	90.845	284	26	0	1	284	1	284	0.0	534
MDC2970018.1	QIZ21469.1	92.038	314	25	0	1	314	1	314	0.0	608
MDC2970019.1	QIZ21470.1	83.640	489	80	0	1	489	1	489	0.0	888
MDC2970020.1	QIZ21471.1	87.104	442	57	0	1	442	1	442	0.0	821
MDC2970022.1	QIZ21162.1	48.187	386	200	0	1	386	1	386	7.88e-129	371
MDC2970023.1	QIZ21163.1	55.363	289	124	2	1	288	1	285	1.11e-107	310
MDC2970024.1	QIZ21472.1	74.545	110	28	0	6	115	5	114	3.62e-58	171
MDC2970025.1	QIZ21473.1	62.259	779	290	1	1	779	1	775	0.0	1037
MDC2970026.1	QIZ21474.1	90.476	315	28	2	1	314	1	314	0.0	588
MDC2970027.1	QIZ21475.1	62.585	147	55	0	1	147	1	147	4.00e-60	179
MDC2970028.1	QIZ21476.1	74.400	125	31	1	1	125	1	124	5.87e-65	189
MDC2970029.1	QIZ21477.1	71.038	183	53	0	1	183	1	183	4.89e-85	244
MDC2970030.1	QIZ21478.1	86.880	343	44	1	1	342	1	343	0.0	614
MDC2970031.1	QIZ21479.1	86.611	717	96	0	1	717	1	717	0.0	1263
MDC2970032.1	QIZ21480.1	83.070	443	75	0	1	443	1	443	0.0	796
MDC2970035.1	QIZ21132.1	37.815	357	213	3	1	353	1	352	8.53e-77	236
MDC2970036.1	QIZ21133.1	47.922	361	177	5	1	354	1	357	5.05e-115	334
MDC2970038.1	QIZ21131.1	29.242	277	177	7	5	266	9	281	4.95e-36	125
MDC2970040.1	QIZ21481.1	56.725	342	148	0	1	342	1	342	6.24e-133	378
MDC2970041.1	QIZ21483.1	63.990	386	138	1	1	385	1	386	0.0	528
MDC2970042.1	QIZ21484.1	40.625	256	152	0	4	259	6	261	1.78e-71	216
MDC2970043.1	QIZ21485.1	90.018	561	56	0	1	561	1	561	0.0	1043
MDC2970044.1	QIZ21486.1	94.019	418	25	0	1	418	1	418	0.0	814
MDC2970045.1	QIZ21487.1	92.045	88	7	0	1	88	1	88	9.81e-62	178
MDC2970046.1	QIZ21488.1	87.575	998	124	0	1	998	1	998	0.0	1852
MDC2970047.1	QIZ21489.1	60.622	193	76	0	1	193	1	193	2.94e-83	241
MDC2970048.1	QIZ21490.1	69.504	282	86	0	1	282	1	282	7.23e-148	411
MDC2970050.1	QIZ21492.1	64.029	139	50	0	7	145	8	146	3.05e-66	194
MDC2970051.1	QIZ21493.1	71.774	248	70	0	1	248	1	248	3.96e-119	336
MDC2970052.1	QIZ21496.1	98.529	68	1	0	1	68	1	68	8.57e-47	139
MDC2970053.1	QIZ21497.1	74.026	154	40	0	1	154	1	154	3.34e-84	240
MDC2970054.1	QIZ21498.1	74.474	333	84	1	16	348	16	347	0.0	517
MDC2970055.1	QIZ21499.1	77.914	163	36	0	1	163	1	163	8.47e-88	249
MDC2970056.1	QIZ21500.1	79.937	319	64	0	1	319	1	319	0.0	546
MDC2970057.1	QIZ21501.1	75.091	550	136	1	2	551	1	549	0.0	862
MDC2970058.1	QIZ21502.1	56.650	203	88	0	1	203	1	203	2.58e-79	231
MDC2970061.1	QIZ21503.1	84.444	180	28	0	1	180	1	180	5.92e-113	315
MDC2970062.1	QIZ21504.1	91.814	452	37	0	1	452	1	452	0.0	874
MDC2970063.1	QIZ21505.1	83.471	242	40	0	16	257	1	242	1.06e-153	423
MDC2970064.1	QIZ21506.1	69.898	392	118	0	12	403	7	398	0.0	612
MDC2970066.1	QIZ21507.1	75.373	134	33	0	1	134	1	134	5.92e-77	220
MDC2970067.1	QIZ21508.1	85.484	124	18	0	1	124	1	124	1.10e-82	233
MDC2970068.1	QIZ21509.1	81.890	254	45	1	3	256	9	261	3.65e-155	428
MDC2970069.1	QIZ21482.1	59.677	62	23	1	3	62	2	63	2.54e-23	79.3
MDC2970072.1	QIZ21510.1	40.909	132	78	0	9	140	7	138	6.12e-28	96.7
MDC2970073.1	QIZ21213.1	35.374	147	95	0	21	167	1	147	2.64e-28	99.4
MDC2970074.1	QIZ21511.1	75.132	189	47	0	1	189	1	189	1.32e-109	307
MDC2970075.1	QIZ21512.1	59.574	141	57	0	18	158	26	166	3.57e-58	174
MDC2970076.1	QIZ21513.1	89.383	810	86	0	1	810	1	810	0.0	1504
MDC2970077.1	QIZ21514.1	84.337	249	39	0	1	249	1	249	3.39e-160	440
MDC2970078.1	QIZ21515.1	80.757	317	61	0	1	317	1	317	0.0	531
MDC2970079.1	QIZ21516.1	87.013	539	70	0	1	539	1	539	0.0	1003
MDC2970080.1	QIZ21519.1	80.488	123	24	0	6	128	2	124	1.68e-75	216
MDC2970081.1	QIZ20620.1	42.268	194	105	4	11	203	5	192	6.38e-47	149
MDC2970082.1	QIZ21520.1	84.516	155	24	0	1	155	1	155	3.77e-102	285
MDC2970083.1	QIZ21521.1	85.075	201	29	1	1	200	1	201	4.53e-131	362
MDC2970084.1	QIZ21522.1	64.072	334	119	1	1	334	1	333	1.25e-168	468
MDC2970085.1	QIZ21523.1	92.542	295	22	0	1	295	1	295	0.0	574
MDC2970086.1	QIZ21527.1	68.805	343	102	4	1	342	1	339	9.56e-173	479
MDC2970088.1	QIZ21530.1	70.467	535	155	1	2	536	5	536	0.0	721
MDC2970089.1	QIZ21531.1	73.938	353	91	1	1	353	1	352	0.0	503
MDC2970090.1	QIZ21532.1	67.757	214	68	1	1	213	1	214	3.26e-97	279
MDC2970091.1	QIZ21533.1	58.824	102	42	0	3	104	2	103	8.45e-46	139
MDC2970092.1	QIZ21534.1	73.504	117	24	1	13	129	13	122	3.81e-58	172
MDC2970093.1	QIZ20215.1	73.793	145	38	0	1	145	1	145	8.03e-81	231
MDC2970094.1	QIZ21538.1	54.310	232	106	0	6	237	4	235	7.13e-79	233
MDC2970097.1	QIZ20211.1	67.021	94	31	0	1	94	1	94	4.41e-44	134
MDC2970098.1	QIZ20542.1	47.899	476	244	2	3	474	2	477	1.29e-146	424
MDC2970099.1	QIZ20541.1	72.990	311	84	0	1	311	1	311	8.12e-171	472
MDC2970100.1	QIZ20540.1	80.000	255	51	0	1	255	1	255	1.65e-154	426
MDC2970101.1	QIZ20218.1	76.330	376	89	0	4	379	5	380	0.0	606
MDC2970102.1	QIZ21525.1	92.235	425	32	1	1	424	1	425	0.0	822
MDC2970104.1	QIZ21524.1	88.235	476	56	0	1	476	1	476	0.0	885
MDC2970107.1	QIZ21225.1	48.408	157	79	2	27	182	25	180	2.16e-47	149
MDC2970108.1	QIZ20539.1	77.838	370	82	0	1	370	1	370	0.0	595
MDC2970109.1	QIZ20538.1	90.110	91	9	0	1	91	1	91	9.69e-59	171
MDC2970110.1	QIZ20537.1	63.510	433	158	0	1	433	1	433	0.0	512
MDC2970112.1	QIZ20533.1	70.635	126	37	0	1	126	1	126	3.18e-64	187
MDC2970113.1	QIZ20532.1	61.658	193	72	1	1	193	1	191	4.08e-83	240
MDC2970114.1	QIZ20531.1	64.331	157	56	0	11	167	1	157	1.35e-72	211
MDC2970115.1	QIZ20530.1	73.913	184	48	0	4	187	1	184	1.11e-102	289
MDC2970117.1	QIZ20529.1	59.690	258	101	2	1	257	1	256	4.77e-107	306
MDC2970118.1	QIZ20528.1	81.481	54	10	0	1	54	13	66	9.09e-28	90.1
MDC2970119.1	QIZ20527.1	72.703	370	99	2	1	369	1	369	0.0	552
MDC2970124.1	QIZ20526.1	79.795	391	79	0	1	391	1	391	0.0	668
MDC2970125.1	QIZ20525.1	79.310	406	84	0	1	406	1	406	0.0	621
MDC2970126.1	QIZ20524.1	75.194	387	92	2	1	383	1	387	0.0	553
MDC2970127.1	QIZ20523.1	74.054	185	48	0	1	185	1	185	1.59e-88	253
MDC2970128.1	QIZ20522.1	58.594	256	106	0	1	256	1	256	4.78e-100	288
MDC2970129.1	QIZ20520.1	74.242	264	68	0	1	264	1	264	8.11e-154	425
MDC2970130.1	QIZ20519.1	89.744	156	16	0	1	156	1	156	2.32e-108	301
MDC2970131.1	QIZ20518.1	95.153	619	30	0	1	619	1	619	0.0	1229
MDC2970132.1	QIZ20517.1	71.552	116	33	0	1	116	1	116	5.79e-60	176
MDC2970134.1	QIZ20516.1	85.475	358	52	0	1	358	1	358	0.0	561
MDC2970135.1	QIZ20513.1	91.753	388	32	0	1	388	1	388	0.0	751
MDC2970136.1	QIZ20512.1	86.170	94	13	0	1	94	1	94	1.54e-56	165
MDC2970137.1	QIZ20511.1	89.865	592	60	0	1	592	1	592	0.0	1115
MDC2970140.1	QIZ20805.1	38.756	418	215	9	192	594	1	392	7.90e-85	266
MDC2970141.1	QIZ20499.1	75.984	254	60	1	3	255	4	257	3.68e-142	395
MDC2970143.1	QIZ20498.1	62.687	268	95	2	1	267	1	264	3.46e-107	307
MDC2970144.1	QIZ20497.1	63.137	255	91	1	1	255	1	252	2.32e-110	314
MDC2970145.1	QIZ20496.1	79.487	195	40	0	1	195	1	195	2.68e-102	289
MDC2970146.1	QIZ20485.1	59.711	484	195	0	1	484	1	484	0.0	562
MDC2970147.1	QIZ21041.1	31.476	359	190	18	1	335	1	327	3.36e-22	90.9
MDC2970149.1	QIZ21040.1	46.512	172	89	2	5	175	8	177	1.22e-46	146
MDC2970150.1	QIZ21039.1	57.727	220	89	2	1	220	1	216	8.13e-86	249
MDC2970151.1	QIZ21038.1	52.147	163	76	2	1	163	1	161	1.39e-46	145
MDC2970152.1	QIZ21037.1	46.875	192	94	2	4	187	2	193	1.66e-46	147
MDC2970153.1	QIZ21036.1	68.506	308	97	0	1	308	1	308	7.75e-159	441
MDC2970154.1	QIZ21035.1	78.500	200	43	0	18	217	18	217	4.84e-118	330
MDC2970155.1	QIZ21034.1	76.357	258	61	0	1	258	1	258	5.93e-147	407
MDC2970156.1	QIZ21033.1	83.862	378	53	3	1	377	1	371	0.0	622
MDC2970157.1	QIZ21032.1	90.620	629	58	1	1	629	1	628	0.0	1150
MDC2970158.1	QIZ21031.1	72.832	173	46	1	40	211	36	208	1.50e-87	253
MDC2970159.1	QIZ21030.1	68.000	200	64	0	1	200	1	200	6.35e-89	255
MDC2970160.1	QIZ21029.1	56.693	381	163	1	6	384	3	383	1.05e-146	416
MDC2970161.1	QIZ21028.1	60.563	284	111	1	1	283	1	284	9.03e-118	335
MDC2970162.1	QIZ21027.1	75.127	197	49	0	1	197	1	197	5.13e-112	313
MDC2970163.1	QIZ21026.1	79.878	328	66	0	1	328	434	761	0.0	545
MDC2970164.1	QIZ21025.1	70.138	509	151	1	1	509	1	508	0.0	692
MDC2970165.1	QIZ21024.1	78.078	333	73	0	1	333	1	333	0.0	542
MDC2970166.1	QIZ21023.1	75.556	180	43	1	1	179	1	180	1.28e-97	276
MDC2970168.1	QIZ21022.1	62.866	307	113	1	1	307	27	332	4.68e-145	407
MDC2970169.1	QIZ21021.1	61.719	128	49	0	1	128	1	128	3.28e-56	167
MDC2970170.1	QIZ21020.1	79.577	142	21	3	1	140	1	136	1.12e-76	219
MDC2970171.1	QIZ21019.1	70.628	446	126	2	1	441	10	455	0.0	649
MDC2970172.1	QIZ21018.1	85.498	331	48	0	1	331	1	331	0.0	588
MDC2970173.1	QIZ21017.1	56.579	152	66	0	1	152	1	152	5.16e-50	153
MDC2970174.1	QIZ21016.1	53.200	500	233	1	16	515	19	517	4.33e-177	504
MDC2970175.1	QIZ21015.1	81.137	387	73	0	1	387	1	387	0.0	641
MDC2970176.1	QIZ21014.1	90.377	530	51	0	1	530	1	530	0.0	947
MDC2970177.1	QIZ21013.1	76.725	739	167	2	1	737	1	736	0.0	1122
MDC2970178.1	QIZ21012.1	84.426	122	19	0	1	122	1	122	1.09e-73	211
MDC2970179.1	QIZ21011.1	85.366	82	12	0	1	82	1	82	3.67e-47	140
MDC2970180.1	QIZ21010.1	89.710	690	71	0	1	690	1	690	0.0	1274
MDC2970181.1	QIZ21008.1	93.870	261	16	0	1	261	1	261	0.0	508
MDC2970182.1	QIZ21007.1	93.548	403	26	0	1	403	1	403	0.0	791
MDC2970183.1	QIZ21006.1	85.542	166	24	0	1	166	1	166	2.06e-106	297
MDC2970184.1	QIZ21005.1	65.625	128	44	0	3	130	7	134	1.90e-61	181
MDC2970186.1	QIZ20329.1	61.979	192	71	2	6	196	22	212	4.89e-90	259
MDC2970187.1	QIZ21001.1	65.035	143	49	1	4	146	7	148	2.38e-66	194
MDC2970188.1	QIZ21000.1	61.224	245	95	0	1	245	1	245	4.33e-108	308
MDC2970189.1	QIZ20999.1	77.241	145	33	0	1	145	1	145	1.85e-83	237
MDC2970190.1	QIZ20998.1	72.070	401	112	0	1	401	1	401	0.0	597
MDC2970191.1	QIZ20997.1	82.184	522	93	0	1	522	1	522	0.0	867
MDC2970192.1	QIZ20996.1	70.940	234	68	0	1	234	1	234	2.40e-126	353
MDC2970193.1	QIZ20995.1	63.763	287	104	0	1	287	1	287	6.62e-123	348
MDC2970194.1	QIZ20994.1	79.070	86	18	0	1	86	1	86	1.98e-43	131
MDC2970195.1	QIZ20993.1	78.788	462	96	2	8	469	11	470	0.0	744
MDC2970196.1	QIZ20992.1	84.054	370	59	0	1	370	1	370	0.0	646
MDC2970197.1	QIZ20991.1	64.807	233	82	0	3	235	1	233	4.29e-107	304
MDC2970198.1	QIZ20990.1	73.267	404	108	0	1	404	1	404	0.0	600
MDC2970199.1	QIZ20989.1	74.723	451	114	0	1	451	1	451	0.0	682
MDC2970200.1	QIZ20988.1	57.310	171	71	1	1	169	1	171	1.63e-67	199
MDC2970201.1	QIZ20987.1	79.104	67	14	0	1	67	1	67	1.26e-25	85.5
MDC2970202.1	QIZ20986.1	71.831	213	60	0	1	213	1	213	8.80e-118	330
MDC2970203.1	QIZ20985.1	84.946	186	28	0	4	189	3	188	1.23e-121	337
MDC2970204.1	QIZ20984.1	80.791	177	33	1	1	176	1	177	1.44e-95	270
MDC2970205.1	QIZ20983.1	50.932	161	77	1	1	161	1	159	3.54e-50	154
MDC2970206.1	QIZ20982.1	67.172	198	65	0	1	198	1	198	4.35e-95	271
MDC2970207.1	QIZ20981.1	57.439	578	223	10	1	566	1	567	0.0	607
MDC2970208.1	QIZ20980.1	67.732	313	65	4	1	293	1	297	9.46e-136	382
MDC2970209.1	QIZ20979.1	83.333	108	18	0	1	108	1	108	5.24e-64	185
MDC2970210.1	QIZ20978.1	57.246	138	58	1	2	138	4	141	1.54e-51	156
MDC2970211.1	QIZ20977.1	77.096	799	183	0	1	799	3	801	0.0	1285
MDC2970212.1	QIZ20976.1	84.211	133	21	0	1	133	1	133	2.56e-85	241
MDC2970213.1	QIZ20975.1	66.835	395	127	2	1	391	1	395	0.0	551
MDC2970214.1	QIZ20974.1	82.879	1028	160	3	1	1028	1	1012	0.0	1801
MDC2970215.1	QIZ20973.1	69.464	429	117	3	1	421	1	423	0.0	606
MDC2970217.1	QIZ20972.1	59.864	294	118	0	1	294	1	294	7.61e-130	367
MDC2970218.1	QIZ20971.1	67.500	240	77	1	1	239	1	240	1.10e-108	310
MDC2970219.1	QIZ20970.1	84.969	479	72	0	1	479	1	479	0.0	831
MDC2970220.1	QIZ20969.1	81.679	1501	275	0	1	1501	1	1501	0.0	2591
MDC2970221.1	QIZ20967.1	65.844	243	83	0	1	243	1	243	8.67e-110	312
MDC2970222.1	QIZ20966.1	73.438	384	102	0	1	384	1	384	0.0	570
MDC2970223.1	QIZ20965.1	83.542	638	104	1	1	638	1	637	0.0	1133
MDC2970224.1	QIZ20964.1	89.503	181	19	0	1	181	1	181	8.40e-122	337
MDC2970225.1	QIZ20963.1	97.059	68	2	0	1	68	1	68	1.50e-43	130
MDC2970226.1	QIZ20962.1	90.678	118	11	0	1	118	1	118	4.31e-77	219
MDC2970227.1	QIZ20961.1	85.352	355	52	0	1	355	1	355	0.0	650
MDC2970228.1	QIZ20960.1	68.080	802	255	1	1	801	1	802	0.0	1091
MDC2970229.1	QIZ20959.1	94.118	68	4	0	1	68	4	71	2.31e-40	134
MDC2970230.1	QIZ21210.1	79.528	508	104	0	1	508	1	508	0.0	785
MDC2970231.1	QIZ21211.1	48.789	289	148	0	1	289	1	289	9.00e-98	285
MDC2970232.1	QIZ21212.1	63.569	269	97	1	1	269	1	268	7.47e-129	362
MDC2970233.1	QIZ21213.1	75.510	147	36	0	1	147	1	147	6.00e-83	236
MDC2970234.1	QIZ21214.1	73.469	294	78	0	1	294	1	294	2.52e-157	436
MDC2970235.1	QIZ21215.1	75.829	211	51	0	1	211	1	211	2.97e-121	338
MDC2970236.1	QIZ21216.1	44.681	94	52	0	3	96	2	95	9.19e-25	85.5
MDC2970237.1	QIZ20953.1	42.857	231	112	3	2	230	3	215	5.46e-55	175
MDC2970238.1	QIZ21217.1	64.943	174	59	2	1	173	6	178	1.24e-82	238
MDC2970239.1	QIZ21218.1	76.147	436	97	1	1	429	1	436	0.0	671
MDC2970240.1	QIZ21219.1	50.526	95	45	1	7	99	6	100	4.96e-32	103
MDC2970242.1	QIZ21220.1	79.161	691	144	0	1	691	1	691	0.0	1138
MDC2970243.1	QIZ21221.1	71.856	167	46	1	1	166	1	167	7.83e-73	212
MDC2970244.1	QIZ21222.1	29.412	323	211	7	1	320	1	309	3.73e-35	125
MDC2970245.1	QIZ21223.1	67.007	294	97	0	1	294	1	294	1.53e-147	411
MDC2970246.1	QIZ21224.1	83.081	396	66	1	1	395	1	396	0.0	706
MDC2970248.1	QIZ21526.1	53.846	78	36	0	16	93	16	93	1.49e-27	92.4
MDC2970249.1	QIZ21226.1	74.783	115	29	0	1	115	1	115	9.01e-63	182
MDC2970250.1	QIZ21228.1	83.191	470	79	0	1	470	1	470	0.0	831
MDC2970251.1	QIZ21229.1	69.932	439	131	1	1	438	1	439	0.0	601
MDC2970252.1	QIZ21230.1	66.873	323	107	0	1	323	1	323	1.53e-159	444
MDC2970253.1	QIZ21231.1	67.556	225	73	0	1	225	1	225	1.77e-118	332
MDC2970254.1	QIZ21232.1	77.209	215	49	0	1	215	1	215	6.07e-120	335
MDC2970255.1	QIZ21233.1	88.576	604	69	0	1	604	1	604	0.0	1112
MDC2970256.1	QIZ21235.1	89.981	529	53	0	1	529	1	529	0.0	957
MDC2970257.1	QIZ21236.1	92.708	96	7	0	1	96	1	96	8.41e-62	179
MDC2970258.1	QIZ21237.1	69.118	272	84	0	1	272	1	272	1.94e-146	407
MDC2970259.1	QIZ21238.1	71.096	301	87	0	7	307	3	303	8.58e-151	421
MDC2970260.1	QIZ21239.1	78.959	903	190	0	1	903	1	903	0.0	1494
MDC2970261.1	QIZ21240.1	49.057	159	79	1	2	158	6	164	2.02e-41	132
MDC2970263.1	QIZ21242.1	59.948	382	145	2	9	386	3	380	5.64e-144	409
MDC2970264.1	QIZ21243.1	51.852	189	90	1	1	189	1	188	1.00e-57	175
MDC2970265.1	QIZ21244.1	65.952	420	143	0	1	420	1	420	0.0	578
MDC2970266.1	QIZ21245.1	76.667	60	14	0	1	60	1	60	7.50e-32	100
MDC2970267.1	QIZ21246.1	54.895	286	126	1	1	283	1	286	4.31e-111	318
MDC2970268.1	QIZ21247.1	45.130	308	164	2	1	306	1	305	3.24e-86	257
MDC2970269.1	QIZ21248.1	47.002	417	213	3	1	413	1	413	1.71e-113	334
MDC2970270.1	QIZ21249.1	65.744	578	198	0	1	578	1	578	0.0	785
MDC2970271.1	QIZ21250.1	68.182	286	91	0	1	286	1	286	1.46e-140	393
MDC2970272.1	QIZ21251.1	83.582	134	22	0	1	134	1	134	1.02e-85	242
MDC2970273.1	QIZ21252.1	83.591	323	53	0	1	323	1	323	0.0	564
MDC2970274.1	QIZ21253.1	78.853	279	58	1	1	278	1	279	2.28e-169	465
MDC2970275.1	QIZ21256.1	83.636	220	36	0	1	220	1	220	1.21e-131	365
MDC2970276.1	QIZ21257.1	73.391	233	62	0	1	233	1	233	1.30e-121	341
MDC2970277.1	QIZ21258.1	78.967	271	56	1	1	270	1	271	1.05e-155	430
MDC2970278.1	QIZ21259.1	92.647	544	40	0	1	544	1	544	0.0	986
MDC2970279.1	QIZ21260.1	81.188	303	57	0	1	303	1	303	0.0	510
MDC2970280.1	QIZ21262.1	78.977	176	37	0	2	177	1	176	3.16e-108	302
MDC2970281.1	QIZ21263.1	85.496	262	38	0	1	262	1	262	1.96e-162	446
MDC2970282.1	QIZ21264.1	69.124	217	67	0	1	217	1	217	2.47e-100	286
MDC2970283.1	QIZ21265.1	60.352	454	179	1	1	453	1	454	0.0	589
MDC2970284.1	QIZ21266.1	54.088	159	73	0	1	159	1	159	5.22e-64	189
MDC2970285.1	QIZ21267.1	59.286	140	57	0	1	140	1	140	4.31e-55	165
MDC2970286.1	QIZ21268.1	60.000	320	127	1	1	319	1	320	6.37e-140	394
MDC2970287.1	QIZ21269.1	74.921	315	78	1	1	315	1	314	9.55e-179	492
MDC2970288.1	QIZ21270.1	58.199	311	130	0	1	311	1	311	4.37e-114	328
MDC2970289.1	QIZ21271.1	72.599	354	97	0	1	354	1	354	0.0	517
MDC2970290.1	QIZ21272.1	53.716	296	124	1	1	296	1	283	2.37e-104	301
MDC2970291.1	QIZ21273.1	82.716	486	83	1	1	486	1	485	0.0	828
MDC2970292.1	QIZ21274.1	80.000	165	33	0	1	165	4	168	1.37e-92	262
MDC2970293.1	QIZ21275.1	72.472	178	49	0	19	196	2	179	2.45e-89	255
MDC2970294.1	QIZ21276.1	100.000	75	0	0	1	75	1	75	1.79e-46	138
MDC2970295.1	QIZ21277.1	90.984	244	22	0	1	244	1	244	1.18e-164	451
MDC2970296.1	QIZ21278.1	81.319	91	17	0	1	91	1	91	6.84e-49	145
MDC2970297.1	QIZ21279.1	76.079	857	146	3	1	798	1	857	0.0	1279
MDC2970298.1	QIZ21280.1	65.318	173	60	0	19	191	24	196	2.52e-83	241
MDC2970299.1	QIZ21281.1	69.753	162	49	0	1	162	1	162	3.15e-75	218
MDC2970300.1	QIZ21282.1	65.231	325	113	0	1	325	1	325	2.68e-153	429
MDC2970301.1	QIZ21283.1	51.958	383	179	4	1	379	1	382	8.02e-133	381
MDC2970302.1	QIZ21284.1	82.254	355	63	0	1	355	1	355	0.0	620
MDC2970303.1	QIZ21285.1	77.297	185	42	0	1	185	1	185	1.11e-97	276
MDC2970304.1	QIZ21286.1	59.671	243	94	2	1	239	1	243	2.59e-93	270
MDC2970305.1	QIZ21287.1	56.410	546	237	1	16	560	15	560	0.0	604
MDC2970306.1	QIZ21288.1	58.484	277	115	0	5	281	5	281	3.16e-98	285
MDC2970307.1	QIZ21289.1	57.547	424	180	0	1	424	1	424	1.53e-179	503
MDC2970308.1	QIZ21290.1	84.177	158	25	0	1	158	1	158	2.96e-96	271
MDC2970309.1	QIZ21291.1	72.993	274	74	0	1	274	1	274	1.38e-148	412
MDC2970310.1	QIZ21292.1	73.611	144	38	0	10	153	5	148	6.45e-81	231
MDC2970311.1	QIZ21293.1	85.207	169	25	0	1	169	1	169	2.55e-105	294
MDC2970312.1	QIZ21294.1	92.124	419	33	0	1	419	1	419	0.0	776
MDC2970313.1	QIZ21295.1	78.846	260	53	2	1	259	1	259	7.91e-147	407
MDC2970314.1	QIZ21296.1	78.431	357	77	0	1	357	1	357	0.0	595
MDC2970315.1	QIZ21297.1	81.183	186	35	0	1	186	1	186	1.44e-113	317
MDC2970316.1	QIZ21298.1	66.047	215	68	1	1	210	1	215	2.57e-101	290
MDC2970317.1	QIZ21299.1	91.613	310	26	0	1	310	1	310	0.0	549
MDC2970318.1	QIZ21300.1	62.658	158	59	0	1	158	96	253	2.39e-61	186
MDC2970319.1	QIZ20681.1	86.104	367	51	0	5	371	4	370	0.0	683
MDC2970320.1	QIZ20683.1	79.402	301	62	0	1	301	1	301	3.53e-165	457
MDC2970321.1	QIZ20686.1	46.970	132	67	1	1	129	1	132	1.27e-36	118
MDC2970322.1	QIZ20687.1	63.576	151	55	0	3	153	8	158	2.23e-59	177
MDC2970324.1	QIZ20712.1	30.293	307	183	8	1	296	1	287	2.96e-28	106
MDC2970325.1	QIZ21421.1	33.865	251	159	2	13	263	3	246	1.56e-53	169
MDC2970326.1	QIZ20709.1	44.628	242	124	6	8	248	2	234	2.74e-65	199
MDC2970328.1	QIZ20688.1	87.719	399	49	0	1	399	1	399	0.0	748
MDC2970329.1	QIZ20692.1	65.289	484	167	1	1	483	8	491	0.0	669
MDC2970330.1	QIZ20694.1	88.556	367	42	0	1	367	1	367	0.0	660
MDC2970331.1	QIZ20695.1	67.097	155	51	0	1	155	1	155	1.39e-56	170
MDC2970332.1	QIZ20696.1	58.130	246	103	0	3	248	4	249	1.63e-104	299
MDC2970333.1	QIZ20697.1	63.187	182	67	0	1	182	1	182	3.40e-83	239
MDC2970334.1	QIZ20698.1	73.469	392	104	0	1	392	1	392	0.0	588
MDC2970336.1	QIZ20699.1	64.251	414	146	2	1	412	1	414	0.0	548
MDC2970337.1	QIZ20703.1	78.840	293	58	1	1	289	1	293	5.22e-157	436
MDC2970338.1	QIZ20704.1	54.341	311	140	2	4	312	5	315	1.67e-122	350
MDC2970339.1	QIZ20705.1	62.332	223	80	1	1	219	1	223	3.69e-98	281
MDC2970340.1	QIZ20706.1	77.652	264	59	0	1	264	1	264	1.44e-153	424
MDC2970341.1	QIZ20707.1	63.190	163	59	1	2	163	1	163	4.44e-68	200
MDC2970342.1	QIZ20707.1	41.379	174	87	3	2	175	1	159	1.25e-37	123
MDC2970343.1	QIZ20714.1	81.863	204	36	1	1	203	1	204	2.61e-119	333
MDC2970344.1	QIZ21432.1	90.176	397	35	2	1	393	1	397	0.0	686
MDC2970348.1	QIZ21429.1	84.650	443	68	0	14	456	1	443	0.0	740
MDC2970349.1	QIZ21428.1	91.369	336	29	0	1	336	1	336	0.0	618
MDC2970350.1	QIZ21427.1	87.660	235	29	0	1	235	1	235	4.60e-146	403
MDC2970351.1	QIZ21426.1	84.496	258	40	0	2	259	4	261	3.40e-162	446
MDC2970354.1	QIZ21416.1	84.694	98	15	0	1	98	1	98	3.03e-58	170
MDC2970355.1	QIZ21415.1	79.762	84	17	0	1	84	1	84	1.30e-49	147
MDC2970356.1	QIZ21414.1	78.049	123	27	0	1	123	1	123	5.79e-73	209
MDC2970357.1	QIZ21413.1	80.068	296	59	0	1	296	1	296	2.07e-179	492
MDC2970358.1	QIZ21412.1	83.228	316	53	0	1	316	1	316	0.0	549
MDC2970359.1	QIZ21411.1	47.635	296	155	0	2	297	4	299	7.20e-95	278
MDC2970360.1	QIZ21410.1	83.010	412	70	0	1	412	1	412	0.0	727
MDC2970361.1	QIZ21409.1	71.390	367	105	0	9	375	7	373	1.76e-178	496
MDC2970362.1	QIZ21408.1	64.462	650	197	3	9	627	8	654	0.0	894
MDC2970363.1	QIZ21407.1	46.875	160	85	0	1	160	1	160	2.51e-38	125
MDC2970364.1	QIZ21406.1	43.269	416	220	5	1	405	1	411	3.84e-112	330
MDC2970365.1	QIZ21405.1	91.496	341	29	0	4	344	5	345	0.0	635
MDC2970366.1	QIZ21404.1	81.333	525	90	4	1	523	1	519	0.0	889
MDC2970367.1	QIZ21403.1	84.412	340	52	1	1	340	1	339	0.0	603
MDC2970368.1	QIZ21402.1	79.006	181	38	0	1	181	1	181	9.77e-105	294
MDC2970369.1	QIZ21401.1	84.014	588	94	0	1	588	1	588	0.0	1023
MDC2970370.1	QIZ21400.1	55.184	299	134	0	1	299	1	299	3.03e-112	323
MDC2970371.1	QIZ21399.1	75.322	466	109	3	8	468	7	471	0.0	689
MDC2970372.1	QIZ21398.1	86.207	58	8	0	1	58	1	58	3.51e-32	101
MDC2970373.1	QIZ21397.1	88.364	275	32	0	15	289	15	289	2.30e-180	494
MDC2970374.1	QIZ21396.1	81.793	368	64	2	1	367	1	366	0.0	587
MDC2970375.1	QIZ21395.1	85.036	274	41	0	1	274	1	274	4.91e-170	467
MDC2970376.1	QIZ21388.1	89.841	315	32	0	1	315	1	315	0.0	601
MDC2970380.1	QIZ20746.1	86.005	886	124	0	1	886	1	886	0.0	1603
MDC2970381.1	QIZ20747.1	60.557	682	269	0	1	682	1	682	0.0	852
MDC2970382.1	QIZ20748.1	83.562	292	48	0	1	292	1	292	0.0	534
MDC2970383.1	QIZ20749.1	85.821	268	38	0	1	268	1	268	1.88e-155	429
MDC2970384.1	QIZ20750.1	78.042	337	74	0	1	337	1	337	0.0	544
MDC2970385.1	QIZ20751.1	71.635	208	59	0	1	208	1	208	3.46e-114	320
MDC2970386.1	QIZ20752.1	87.465	359	45	0	1	359	1	359	0.0	640
MDC2970387.1	QIZ20753.1	77.120	625	143	0	3	627	2	626	0.0	1025
MDC2970388.1	QIZ20754.1	74.222	225	58	0	1	225	66	290	2.11e-108	309
MDC2970389.1	QIZ20863.1	83.881	335	54	0	1	335	1	335	0.0	551
MDC2970390.1	QIZ20864.1	86.027	365	51	0	1	365	1	365	0.0	650
MDC2970391.1	QIZ20865.1	69.975	403	121	0	1	403	1	403	0.0	576
MDC2970392.1	QIZ20866.1	72.083	240	66	1	4	243	2	240	4.43e-129	360
MDC2970393.1	QIZ20867.1	57.343	143	60	1	1	142	1	143	5.41e-51	155
MDC2970394.1	QIZ20868.1	69.515	433	132	0	1	433	1	433	0.0	622
MDC2970395.1	QIZ20869.1	77.358	848	192	0	1	848	1	848	0.0	1364
MDC2970396.1	QIZ20870.1	74.590	366	91	1	1	364	1	366	0.0	566
MDC2970397.1	QIZ20871.1	76.132	729	163	3	1	718	4	732	0.0	1153
MDC2970398.1	QIZ20872.1	82.266	203	36	0	1	203	1	203	1.96e-125	348
MDC2970399.1	QIZ20873.1	74.286	105	27	0	1	105	1	105	3.37e-53	157
MDC2970400.1	QIZ20874.1	69.659	557	154	3	3	545	2	557	0.0	749
MDC2970401.1	QIZ20875.1	80.435	276	54	0	1	276	1	276	3.38e-172	472
MDC2970402.1	QIZ20876.1	60.656	244	95	1	2	244	3	246	9.88e-98	281
MDC2970403.1	QIZ20877.1	71.508	179	51	0	1	179	11	189	2.44e-96	273
MDC2970404.1	QIZ20878.1	74.434	309	79	0	1	309	1	309	2.52e-170	470
MDC2970405.1	QIZ20879.1	77.922	385	85	0	1	385	1	385	0.0	597
MDC2970406.1	QIZ20881.1	75.904	166	38	2	1	164	1	166	2.40e-91	259
MDC2970407.1	QIZ20882.1	76.415	318	74	1	1	317	1	318	0.0	507
MDC2970408.1	QIZ20883.1	79.803	203	41	0	1	203	1	203	1.78e-123	343
MDC2970409.1	QIZ20884.1	57.655	307	130	0	12	318	13	319	9.70e-128	363
MDC2970411.1	QIZ20886.1	66.016	256	87	0	1	256	1	256	6.07e-124	349
MDC2970412.1	QIZ20887.1	66.507	418	139	1	21	437	20	437	0.0	541
MDC2970413.1	QIZ20889.1	83.101	574	96	1	1	573	1	574	0.0	980
MDC2970414.1	QIZ20890.1	82.105	95	17	0	1	95	1	95	2.03e-55	162
MDC2970415.1	QIZ20891.1	48.673	226	108	5	6	224	6	230	3.16e-64	195
MDC2970416.1	QIZ20892.1	63.902	205	74	0	1	205	1	205	1.59e-92	265
MDC2970417.1	QIZ20893.1	87.745	408	50	0	1	408	1	408	0.0	746
MDC2970418.1	QIZ20894.1	79.848	263	53	0	4	266	2	264	1.92e-144	401
MDC2970419.1	QIZ20895.1	74.351	308	79	0	1	308	1	308	0.0	498
MDC2970420.1	QIZ20896.1	49.412	425	208	6	1	421	1	422	3.34e-136	393
MDC2970421.1	QIZ20897.1	58.879	107	41	2	1	105	1	106	2.40e-41	127
MDC2970422.1	QIZ20898.1	34.161	483	303	10	1	478	1	473	1.82e-88	274
MDC2970423.1	QIZ20908.1	47.210	233	116	3	23	248	1	233	5.67e-61	187
MDC2970425.1	QIZ20920.1	48.472	229	117	1	1	229	1	228	2.32e-73	218
MDC2970426.1	QIZ20921.1	47.143	350	180	3	1	349	1	346	1.25e-111	325
MDC2970427.1	QIZ20922.1	66.167	467	154	3	1	465	1	465	0.0	611
MDC2970428.1	QIZ21496.1	73.846	65	17	0	3	67	2	66	2.34e-31	100
MDC2970429.1	QIZ20923.1	83.099	71	12	0	1	71	1	71	9.88e-42	126
MDC2970430.1	QIZ20924.1	76.179	424	101	0	4	427	5	428	0.0	642
MDC2970431.1	QIZ20925.1	64.122	131	47	0	1	131	1	131	2.49e-57	170
MDC2970432.1	QIZ20926.1	76.978	417	96	0	1	417	1	417	0.0	650
MDC2970433.1	QIZ20927.1	74.054	185	47	1	1	184	1	185	5.24e-98	277
MDC2970434.1	QIZ20928.1	84.615	65	10	0	1	65	1	65	1.49e-26	87.4
MDC2970435.1	QIZ20929.1	63.333	240	87	1	1	240	1	239	2.37e-106	303
MDC2970437.1	QIZ20931.1	68.421	114	35	1	1	113	1	114	2.08e-47	144
MDC2970438.1	QIZ20932.1	60.241	83	29	1	1	79	1	83	5.51e-30	97.4
MDC2970439.1	QIZ20933.1	72.890	557	151	0	1	557	1	557	0.0	876
MDC2970440.1	QIZ20934.1	56.940	281	121	0	2	282	8	288	3.53e-111	318
MDC2970441.1	QIZ20935.1	46.288	229	116	2	1	229	1	222	7.29e-68	204
MDC2970442.1	QIZ20936.1	71.273	275	72	2	1	268	1	275	3.07e-143	399
MDC2970443.1	QIZ20937.1	75.260	384	95	0	1	384	1	384	0.0	601
MDC2970444.1	QIZ20939.1	61.489	309	117	1	1	307	1	309	4.42e-146	409
MDC2970445.1	QIZ20940.1	68.790	157	48	1	1	157	1	156	3.36e-80	230
MDC2970446.1	QIZ20941.1	69.106	246	76	0	1	246	1	246	1.42e-129	362
MDC2970447.1	QIZ20942.1	66.129	310	105	0	1	310	1	310	3.98e-150	419
MDC2970448.1	QIZ20943.1	54.023	174	78	1	1	174	1	172	2.15e-71	209
MDC2970449.1	QIZ20944.1	55.312	593	257	4	1	592	1	586	0.0	607
MDC2970451.1	QIZ20945.1	60.606	165	65	0	1	165	1	165	7.82e-70	204
MDC2970452.1	QIZ20946.1	63.760	367	133	0	1	367	1	367	6.39e-158	444
MDC2970453.1	QIZ20947.1	63.953	86	31	0	1	86	10	95	4.27e-33	105
MDC2970454.1	QIZ20948.1	77.714	175	39	0	1	175	1	175	1.61e-104	293
MDC2970455.1	QIZ20949.1	91.049	324	29	0	1	324	1	324	0.0	632
MDC2970456.1	QIZ20950.1	67.887	601	191	2	4	602	2	602	0.0	813
MDC2970457.1	QIZ20951.1	70.657	426	125	0	1	426	1	426	0.0	597
MDC2970458.1	QIZ20952.1	87.191	687	86	1	1	687	1	685	0.0	1236
MDC2970459.1	QIZ20829.1	29.921	381	223	12	14	381	25	374	1.23e-35	129
MDC2970462.1	QIZ20858.1	33.623	345	208	9	12	352	28	355	2.03e-34	128
MDC2970465.1	QIZ20829.1	35.191	341	203	6	19	353	28	356	4.65e-49	165
MDC2970469.1	QIZ21068.1	34.615	208	131	3	1	203	1	208	1.98e-39	130
MDC2970470.1	QIZ21071.1	33.071	254	158	5	1	246	1	250	1.66e-38	130
MDC2970475.1	QIZ20497.1	40.816	245	131	6	16	252	13	251	8.89e-45	147
MDC2970479.1	QIZ20837.1	32.101	595	361	10	4	570	7	586	7.69e-68	226
MDC2970491.1	QIZ20795.1	38.279	337	185	5	1	316	1	335	1.90e-62	197
MDC2970496.1	QIZ20804.1	37.374	198	115	5	2	192	6	201	1.80e-28	104
MDC2970497.1	QIZ20851.1	29.755	326	202	11	4	321	6	312	5.96e-33	120
MDC2970503.1	QIZ21390.1	55.656	221	96	2	1	221	1	219	3.65e-84	245
MDC2970506.1	QIZ20795.1	51.895	343	156	4	1	341	1	336	3.10e-116	336
MDC2970507.1	QIZ20796.1	58.416	303	124	1	5	307	4	304	5.33e-129	366
MDC2970508.1	QIZ20792.1	97.561	41	1	0	1	41	1	41	2.51e-23	77.8
MDC2970510.1	QIZ20790.1	77.072	362	83	0	1	362	1	362	0.0	571
MDC2970511.1	QIZ20789.1	87.368	95	12	0	1	95	1	95	3.56e-56	165
MDC2970512.1	QIZ20788.1	91.164	464	41	0	2	465	1	464	0.0	866
MDC2970514.1	QIZ20853.1	54.310	232	106	0	1	232	7	238	4.06e-86	251
MDC2970515.1	QIZ20786.1	93.750	64	4	0	1	64	1	64	1.71e-37	115
MDC2970516.1	QIZ20785.1	82.286	175	31	0	1	175	1	175	7.35e-109	305
MDC2970517.1	QIZ20784.1	88.158	76	9	0	1	76	1	76	8.35e-49	144
MDC2970518.1	QIZ20783.1	70.732	246	72	0	1	246	1	246	7.81e-128	358
MDC2970519.1	QIZ20782.1	79.570	186	38	0	1	186	1	186	2.77e-115	321
MDC2970520.1	QIZ20781.1	66.184	207	69	1	1	206	1	207	1.64e-79	232
MDC2970521.1	QIZ20780.1	71.856	334	94	0	1	334	1	334	0.0	512
MDC2970522.1	QIZ20779.1	65.217	391	134	1	1	389	1	391	0.0	504
MDC2970523.1	QIZ20778.1	77.477	333	75	0	1	333	1	333	0.0	543
MDC2970524.1	QIZ20777.1	68.827	648	197	2	1	643	1	648	0.0	933
MDC2970525.1	QIZ20776.1	67.290	107	33	2	1	106	1	106	6.11e-38	119
MDC2970526.1	QIZ20775.1	75.524	143	35	0	1	143	1	143	4.36e-75	216
MDC2970527.1	QIZ20774.1	59.444	180	73	0	1	180	1	180	1.26e-72	213
MDC2970528.1	QIZ20773.1	74.906	267	67	0	1	267	1	267	2.83e-153	424
MDC2970529.1	QIZ20772.1	76.891	238	55	0	1	238	1	238	4.48e-141	390
MDC2970530.1	QIZ20771.1	83.851	161	26	0	1	161	1	161	1.46e-102	287
MDC2970531.1	QIZ20770.1	81.696	224	41	0	1	224	1	224	7.61e-135	374
MDC2970532.1	QIZ20769.1	95.652	138	6	0	1	138	1	138	1.31e-95	267
MDC2970533.1	QIZ20768.1	78.439	269	58	0	1	269	1	269	3.05e-136	381
MDC2970534.1	QIZ20767.1	90.487	431	41	0	16	446	16	446	0.0	815
MDC2970535.1	QIZ20766.1	89.937	159	15	1	11	168	1	159	3.88e-99	278
MDC2970536.1	QIZ20765.1	72.121	330	81	4	3	327	1	324	2.00e-171	474
MDC2970537.1	QIZ20764.1	49.854	343	170	1	1	341	1	343	1.44e-112	327
MDC2970538.1	QIZ20763.1	81.013	632	115	2	3	633	1	628	0.0	1016
MDC2970539.1	QIZ20762.1	69.143	350	107	1	1	350	1	349	9.31e-154	432
MDC2970540.1	QIZ20761.1	73.349	439	117	0	2	440	4	442	0.0	649
MDC2970541.1	QIZ20760.1	68.889	270	84	0	1	270	1	270	4.03e-135	378
MDC2970542.1	QIZ20759.1	88.372	430	50	0	1	430	1	430	0.0	798
MDC2970543.1	QIZ20758.1	89.078	293	32	0	5	297	1	293	0.0	542
MDC2970544.1	QIZ20757.1	73.006	326	88	0	1	326	1	326	1.30e-171	475
MDC2970546.1	QIZ20541.1	35.849	212	135	1	19	230	21	231	3.86e-34	120
MDC2970547.1	QIZ20756.1	63.402	194	68	2	1	192	78	270	8.15e-79	233
MDC2970549.1	QIZ20412.1	79.052	401	79	1	1	396	1	401	0.0	628
MDC2970550.1	QIZ20413.1	91.084	572	51	0	1	572	1	572	0.0	1089
MDC2970553.1	QIZ20415.1	86.179	123	17	0	1	123	1	123	8.59e-75	213
MDC2970554.1	QIZ20416.1	91.667	240	20	0	1	240	5	244	1.42e-167	458
MDC2970555.1	QIZ20417.1	61.834	469	114	4	16	480	19	426	0.0	558
MDC2970556.1	QIZ20418.1	71.316	380	109	0	4	383	2	381	0.0	537
MDC2970557.1	QIZ20419.1	93.642	346	22	0	1	346	1	346	0.0	683
MDC2970558.1	QIZ20420.1	67.097	465	152	1	5	468	5	469	0.0	514
MDC2970559.1	QIZ20421.1	80.346	463	91	0	1	463	1	463	0.0	699
MDC2970560.1	QIZ20422.1	75.610	451	110	0	1	451	1	451	0.0	694
MDC2970561.1	QIZ20423.1	64.805	591	206	2	1	589	1	591	0.0	719
MDC2970562.1	QIZ20424.1	50.133	375	176	4	1	368	1	371	1.10e-110	324
MDC2970563.1	QIZ20425.1	70.303	165	49	0	1	165	1	165	3.04e-81	233
MDC2970564.1	QIZ20426.1	75.188	133	33	0	16	148	16	148	4.49e-69	201
MDC2970565.1	QIZ20427.1	66.438	146	48	1	1	146	1	145	3.18e-65	191
MDC2970566.1	QIZ20428.1	83.660	306	50	0	5	310	3	308	0.0	534
MDC2970567.1	QIZ20429.1	64.000	100	36	0	1	100	1	100	1.19e-39	123
MDC2970568.1	QIZ20430.1	83.493	418	69	0	1	418	1	418	0.0	692
MDC2970569.1	QIZ20431.1	87.912	273	33	0	1	273	1	273	3.13e-175	480
MDC2970570.1	QIZ20432.1	84.758	538	82	0	1	538	1	538	0.0	944
MDC2970571.1	QIZ20433.1	81.000	100	19	0	1	100	1	100	9.96e-57	166
MDC2970572.1	QIZ20434.1	64.463	242	83	2	1	240	6	246	3.34e-111	315
MDC2970573.1	QIZ20435.1	45.781	474	253	3	1	471	1	473	2.02e-125	369
MDC2970574.1	QIZ20436.1	76.836	177	41	0	3	179	2	178	1.90e-83	250
MDC2970575.1	QIZ20436.1	86.644	292	36	2	1	291	195	484	1.62e-180	502
MDC2970576.1	QIZ20437.1	80.645	186	36	0	3	188	2	187	1.02e-111	312
MDC2970577.1	QIZ20438.1	86.096	187	26	0	1	187	1	187	1.21e-120	340
MDC2970579.1	QIZ20332.1	94.737	152	8	0	1	152	1	152	3.22e-106	295
MDC2970580.1	QIZ20331.1	86.667	435	58	0	1	435	1	435	0.0	793
MDC2970581.1	QIZ20330.1	61.972	142	52	2	1	141	1	141	1.21e-57	172
MDC2970582.1	QIZ20329.1	81.443	194	36	0	3	196	20	213	2.99e-121	337
MDC2970583.1	QIZ20328.1	80.243	329	65	0	1	329	1	329	0.0	561
MDC2970584.1	QIZ20327.1	69.912	226	68	0	1	226	1	226	3.66e-105	298
MDC2970585.1	QIZ20326.1	65.753	219	75	0	1	219	1	219	1.87e-103	294
MDC2970586.1	QIZ20325.1	72.951	244	66	0	1	244	1	244	2.20e-132	369
MDC2970587.1	QIZ20324.1	55.556	126	56	0	1	126	1	126	8.21e-46	140
MDC2970588.1	QIZ20323.1	67.797	236	76	0	1	236	1	236	3.12e-107	305
MDC2970589.1	QIZ20322.1	77.949	195	43	0	1	195	1	195	1.91e-105	297
MDC2970590.1	QIZ20321.1	79.145	585	118	1	1	581	1	585	0.0	964
MDC2970591.1	QIZ20320.1	54.335	173	76	1	1	170	1	173	5.15e-58	175
MDC2970592.1	QIZ20319.1	79.487	156	32	0	1	156	1	156	5.51e-93	262
MDC2970593.1	QIZ20318.1	78.157	293	64	0	1	293	1	293	7.72e-175	480
MDC2970594.1	QIZ20317.1	66.125	738	246	2	1	736	1	736	0.0	1028
MDC2970595.1	QIZ20316.1	94.005	417	25	0	1	417	1	417	0.0	823
MDC2970596.1	QIZ20315.1	89.011	91	10	0	1	91	1	91	8.50e-62	178
MDC2970597.1	QIZ20314.1	80.040	1002	199	1	1	1001	1	1002	0.0	1730
MDC2970598.1	QIZ20313.1	65.775	187	64	0	1	187	1	187	3.69e-92	263
MDC2970599.1	QIZ20312.1	87.059	255	33	0	1	255	1	255	3.12e-158	435
MDC2970600.1	QIZ20311.1	86.831	243	32	0	1	243	1	243	8.52e-131	365
MDC2970601.1	QIZ20306.1	62.420	157	59	0	1	157	1	157	8.50e-73	211
MDC2970602.1	QIZ20305.1	78.728	456	97	0	1	456	1	456	0.0	726
MDC2970603.1	QIZ20304.1	67.110	301	98	1	1	301	1	300	3.05e-150	419
MDC2970604.1	QIZ20303.1	67.290	214	70	0	1	214	1	214	6.33e-105	297
MDC2970605.1	QIZ20302.1	87.373	491	62	0	1	491	1	491	0.0	870
MDC2970606.1	QIZ20301.1	91.329	346	30	0	1	346	140	485	0.0	634
MDC2970609.1	QIZ20249.1	74.899	247	62	0	1	247	1	247	4.28e-141	391
MDC2970610.1	QIZ20250.1	91.162	396	35	0	1	396	1	396	0.0	726
MDC2970611.1	QIZ20251.1	88.889	63	7	0	1	63	1	63	1.36e-36	112
MDC2970612.1	QIZ20252.1	91.477	176	15	0	1	176	1	176	2.45e-120	333
MDC2970613.1	QIZ20253.1	87.770	139	17	0	5	143	3	141	2.87e-87	246
MDC2970614.1	QIZ20254.1	76.856	229	53	0	1	229	1	229	5.66e-130	362
MDC2970615.1	QIZ20255.1	77.711	166	37	0	1	166	1	166	1.60e-93	265
MDC2970616.1	QIZ20256.1	85.950	121	17	0	1	121	1	121	2.15e-58	172
MDC2970617.1	QIZ20257.1	89.508	1363	142	1	1	1362	1	1363	0.0	2536
MDC2970618.1	QIZ20258.1	91.034	1383	122	2	1	1382	1	1382	0.0	2612
MDC2970619.1	QIZ20259.1	95.935	123	5	0	1	123	1	123	2.95e-83	235
MDC2970620.1	QIZ20260.1	87.179	156	20	0	1	156	1	156	2.62e-101	283
MDC2970621.1	QIZ20261.1	91.474	692	59	0	1	692	1	692	0.0	1333
MDC2970622.1	QIZ20262.1	97.059	102	3	0	1	102	1	102	3.72e-70	200
MDC2970623.1	QIZ20263.1	85.811	148	21	0	1	148	1	148	2.66e-94	268
MDC2970624.1	QIZ20400.1	74.179	457	118	0	1	457	121	577	0.0	708
MDC2970625.1	QIZ20399.1	55.814	86	38	0	1	86	1	86	1.77e-29	96.7
MDC2970626.1	QIZ20398.1	64.650	314	111	0	1	314	2	315	2.31e-146	410
MDC2970627.1	QIZ20397.1	77.049	244	56	0	2	245	1	244	2.25e-130	364
MDC2970628.1	QIZ20396.1	82.569	218	38	0	10	227	13	230	5.27e-134	372
MDC2970629.1	QIZ20395.1	77.941	68	13	1	1	66	1	68	1.01e-33	105
MDC2970630.1	QIZ20394.1	65.714	70	24	0	1	70	1	70	2.37e-25	85.1
MDC2970631.1	QIZ20393.1	82.540	252	44	0	1	252	1	252	8.43e-153	421
MDC2970632.1	QIZ20392.1	76.019	417	100	0	1	417	1	417	0.0	673
MDC2970633.1	QIZ20391.1	76.923	91	21	0	3	93	4	94	6.81e-50	148
MDC2970634.1	QIZ20390.1	75.822	517	125	0	1	517	1	517	0.0	793
MDC2970635.1	QIZ20389.1	76.271	295	69	1	1	294	1	295	1.08e-159	442
MDC2970636.1	QIZ20388.1	82.500	200	32	1	1	200	1	197	3.04e-121	337
MDC2970637.1	QIZ20387.1	87.777	949	115	1	1	949	1	948	0.0	1742
MDC2970638.1	QIZ20386.1	88.235	153	16	2	1	151	1	153	1.70e-90	255
MDC2970639.1	QIZ20385.1	84.615	858	122	2	1	858	1	848	0.0	1429
MDC2970640.1	QIZ20384.1	81.395	43	8	0	1	43	1	43	1.74e-21	76.6
MDC2970641.1	QIZ20363.1	63.492	315	114	1	1	315	1	314	4.43e-143	402
MDC2970642.1	QIZ20364.1	51.351	333	156	4	1	331	1	329	6.55e-116	334
MDC2970643.1	QIZ20365.1	76.087	92	22	0	1	92	1	92	9.32e-48	143
MDC2970644.1	QIZ20366.1	44.706	170	76	6	1	155	1	167	2.90e-35	116
MDC2970645.1	QIZ20367.1	75.897	390	94	0	1	390	1	390	0.0	551
MDC2970646.1	QIZ20368.1	58.824	170	69	1	13	181	1	170	1.66e-69	204
MDC2970647.1	QIZ20369.1	60.156	256	101	1	1	256	3	257	5.61e-114	323
MDC2970648.1	QIZ20353.1	76.512	430	101	0	1	430	1	430	0.0	652
MDC2970649.1	QIZ20351.1	71.681	339	96	0	1	339	1	339	0.0	506
MDC2970650.1	QIZ20350.1	74.648	142	36	0	4	145	8	149	8.13e-81	231
MDC2970651.1	QIZ20349.1	76.471	153	35	1	1	152	1	153	1.83e-87	248
MDC2970652.1	QIZ20348.1	42.683	410	227	4	17	419	9	417	7.68e-119	350
MDC2970653.1	QIZ21153.1	42.803	264	142	3	1	263	1	256	3.66e-76	228
MDC2970655.1	QIZ20347.1	51.524	328	151	4	12	335	12	335	2.48e-94	280
MDC2970656.1	QIZ20346.1	63.542	96	35	0	1	96	1	96	5.58e-36	113
MDC2970657.1	QIZ20345.1	88.889	63	7	0	1	63	1	63	5.70e-38	116
MDC2970659.1	QIZ20239.1	65.116	129	45	0	1	129	600	728	3.11e-53	173
MDC2970660.1	QIZ20238.1	84.211	76	12	0	1	76	1	76	5.96e-45	134
MDC2970661.1	QIZ20237.1	80.909	110	21	0	1	110	1	110	1.40e-67	194
MDC2970662.1	QIZ20460.1	57.143	168	72	0	1	168	1	168	3.02e-58	176
MDC2970663.1	QIZ20461.1	75.687	473	112	2	1	472	1	471	0.0	685
MDC2970664.1	QIZ20462.1	79.796	490	97	1	1	490	1	488	0.0	810
MDC2970665.1	QIZ20463.1	80.063	637	127	0	1	637	1	637	0.0	1058
MDC2970666.1	QIZ20464.1	86.408	103	14	0	1	103	1	103	1.71e-50	150
MDC2970667.1	QIZ20465.1	81.905	210	38	0	1	210	1	210	4.99e-128	355
MDC2970668.1	QIZ20466.1	88.820	161	18	0	1	161	1	161	4.07e-109	303
MDC2970669.1	QIZ20467.1	90.303	330	32	0	1	330	1	330	0.0	606
MDC2970670.1	QIZ20468.1	73.824	680	174	2	1	677	1	679	0.0	1054
MDC2970671.1	QIZ20469.1	87.727	440	54	0	1	440	1	440	0.0	824
MDC2970672.1	QIZ20470.1	84.653	202	31	0	1	202	1	202	2.78e-133	368
MDC2970673.1	QIZ20471.1	95.141	391	19	0	1	391	1	391	0.0	776
MDC2970679.1	QIZ20247.1	82.443	131	23	0	1	131	1	131	3.22e-79	226
MDC2970680.1	QIZ20246.1	83.534	249	41	0	1	249	1	249	3.10e-158	435
MDC2970681.1	QIZ20245.1	77.982	218	48	0	1	218	1	218	5.71e-125	349
MDC2970682.1	QIZ20244.1	77.821	257	56	1	1	257	1	256	1.20e-159	439
MDC2970683.1	QIZ20243.1	88.679	212	24	0	1	212	1	212	1.38e-142	400
MDC2970684.1	QIZ20277.1	82.787	122	21	0	1	122	10	131	1.18e-73	211
MDC2970685.1	QIZ20278.1	82.123	179	32	0	1	179	1	179	1.86e-103	290
MDC2970686.1	QIZ20279.1	77.966	118	26	0	1	118	1	118	7.44e-65	188
MDC2970687.1	QIZ20280.1	86.310	168	23	0	4	171	3	170	2.80e-103	289
MDC2970688.1	QIZ20281.1	73.856	153	37	2	1	150	1	153	5.35e-66	194
MDC2970689.1	QIZ20282.1	89.906	426	43	0	1	426	1	426	0.0	776
MDC2970690.1	QIZ20283.1	50.235	213	80	1	1	187	1	213	4.53e-67	200
MDC2970691.1	QIZ20284.1	91.339	127	11	0	1	127	1	127	1.62e-85	241
MDC2970692.1	QIZ20285.1	87.333	150	18	1	1	149	1	150	3.64e-79	227
MDC2970693.1	QIZ20286.1	90.643	342	32	0	1	342	1	342	0.0	639
MDC2970694.1	QIZ20287.1	85.714	147	19	1	1	147	1	145	1.60e-88	250
MDC2970695.1	QIZ20288.1	74.419	301	70	1	1	294	1	301	7.49e-164	453
MDC2970696.1	QIZ20289.1	70.504	139	41	0	1	139	67	205	2.15e-69	204
MDC2970699.1	QIZ20596.1	30.293	307	186	9	103	396	8	299	1.33e-22	92.8
MDC2970702.1	QIZ20595.1	52.688	279	120	3	1	271	1	275	4.20e-103	300
MDC2970705.1	QIZ20475.1	88.903	793	87	1	1	792	2	794	0.0	1413
MDC2970706.1	QIZ20476.1	91.706	422	35	0	1	422	1	422	0.0	804
MDC2970707.1	QIZ20477.1	87.634	186	23	0	1	186	18	203	2.08e-124	345
MDC2970708.1	QIZ20478.1	83.505	97	16	0	1	97	1	97	3.09e-54	171
MDC2970709.1	QIZ20479.1	71.250	80	23	0	1	80	1	80	2.99e-40	123
MDC2970712.1	QIZ20480.1	64.331	157	56	0	25	181	25	181	9.30e-74	216
MDC2970713.1	QIZ20481.1	68.000	225	72	0	1	225	1	225	3.32e-112	317
MDC2970714.1	QIZ20482.1	73.381	139	37	0	1	139	1	139	6.15e-78	223
MDC2970716.1	QIZ20483.1	64.679	218	72	3	1	216	1	215	2.37e-97	278
MDC2970718.1	QIZ20294.1	79.630	108	22	0	4	111	46	153	1.27e-61	181
MDC2970719.1	QIZ20293.1	76.102	431	103	0	1	431	1	431	0.0	660
MDC2970720.1	QIZ20292.1	78.967	271	57	0	1	271	1	271	6.97e-148	410
MDC2970721.1	QIZ20291.1	52.768	271	126	2	1	270	11	280	3.23e-88	259
MDC2970722.1	QIZ20290.1	86.712	444	59	0	1	444	14	457	0.0	787
MDC2970726.1	QIZ20401.1	70.572	367	108	0	1	367	1	367	0.0	516
MDC2970727.1	QIZ20402.1	83.810	105	17	0	1	105	1	105	4.05e-62	180
MDC2970728.1	QIZ20403.1	82.558	258	45	0	1	258	1	258	1.16e-160	442
MDC2970729.1	QIZ20404.1	88.679	159	18	0	1	159	174	332	5.54e-104	296
MDC2970730.1	QIZ20266.1	86.071	280	38	1	1	279	1	280	3.40e-172	473
MDC2970731.1	QIZ20267.1	85.057	87	13	0	1	87	1	87	4.11e-54	159
MDC2970732.1	QIZ20268.1	78.030	132	29	0	1	132	1	132	5.49e-75	215
MDC2970733.1	QIZ20269.1	94.248	226	13	0	1	226	1	226	1.28e-160	439
MDC2970734.1	QIZ20270.1	86.029	136	19	0	1	136	1	136	8.18e-88	248
MDC2970735.1	QIZ20271.1	81.818	55	10	0	1	55	1	55	4.24e-29	93.6
MDC2970738.1	QIZ20248.1	66.667	255	85	0	2	256	3	257	1.77e-115	327
MDC2970739.1	QIZ20241.1	71.698	53	15	0	1	53	28	80	6.78e-24	80.9
MDC2970740.1	QIZ20240.1	80.176	227	45	0	1	227	1	227	2.92e-141	390
MDC2970741.1	QIZ20239.1	90.960	531	48	0	1	531	1	531	0.0	1006
MDC2970742.1	QIZ20472.1	77.419	93	21	0	1	93	1	93	6.12e-47	144
MDC2970743.1	QIZ20473.1	92.398	171	13	0	1	171	3	173	1.71e-123	340
MDC2970744.1	QIZ20474.1	89.344	122	13	0	1	122	1	122	2.04e-77	220
