MDA9767117.1	QIZ20378.1	95.455	88	4	0	1	88	1	88	3.08e-46	139
MDA9767118.1	QIZ20379.1	96.633	683	23	0	1	683	1	683	0.0	1332
MDA9767119.1	QIZ20380.1	97.059	204	6	0	1	204	1	204	7.29e-143	392
MDA9767120.1	QIZ20381.1	96.364	275	10	0	1	275	1	275	0.0	558
MDA9767121.1	QIZ20382.1	94.865	370	19	0	1	370	1	370	0.0	729
MDA9767122.1	QIZ20383.1	97.826	184	4	0	1	184	1	184	1.92e-133	367
MDA9767123.1	QIZ20384.1	95.732	164	7	0	1	164	1	164	1.66e-113	315
MDA9767124.1	QIZ20385.1	96.466	849	30	0	1	849	1	849	0.0	1603
MDA9767125.1	QIZ20386.1	95.425	153	7	0	1	153	1	153	4.42e-100	280
MDA9767126.1	QIZ20387.1	97.914	959	20	0	1	959	1	959	0.0	1929
MDA9767127.1	QIZ20388.1	97.462	197	5	0	1	197	1	197	2.09e-142	390
MDA9767128.1	QIZ20389.1	97.627	295	7	0	1	295	1	295	0.0	565
MDA9767129.1	QIZ20390.1	95.358	517	24	0	1	517	1	517	0.0	987
MDA9767130.1	QIZ20391.1	100.000	94	0	0	1	94	1	94	1.87e-64	185
MDA9767131.1	QIZ20392.1	96.897	419	13	0	1	419	1	419	0.0	835
MDA9767132.1	QIZ20393.1	97.619	252	6	0	1	252	1	252	1.56e-179	489
MDA9767133.1	QIZ20394.1	94.521	73	4	0	1	73	1	73	2.88e-39	120
MDA9767134.1	QIZ20395.1	95.588	68	3	0	1	68	1	68	2.41e-43	130
MDA9767135.1	QIZ20396.1	95.556	225	10	0	9	233	12	236	4.61e-162	443
MDA9767136.1	QIZ20397.1	97.561	246	6	0	1	246	1	246	4.46e-175	477
MDA9767137.1	QIZ20398.1	93.671	316	20	0	1	316	1	316	0.0	590
MDA9767138.1	QIZ20399.1	94.253	87	5	0	1	87	1	87	1.58e-52	154
MDA9767139.1	QIZ20400.1	97.227	577	16	0	1	577	1	577	0.0	1133
MDA9767140.1	QIZ20401.1	97.574	371	9	0	1	371	1	371	0.0	724
MDA9767141.1	QIZ20402.1	100.000	105	0	0	1	105	1	105	1.52e-73	209
MDA9767142.1	QIZ20403.1	96.512	258	9	0	1	258	1	258	0.0	514
MDA9767143.1	QIZ20404.1	97.892	332	7	0	1	332	1	332	0.0	659
MDA9767144.1	QIZ20405.1	100.000	133	0	0	1	133	1	133	3.05e-96	268
MDA9767145.1	QIZ20406.1	98.127	267	5	0	1	267	1	267	0.0	503
MDA9767146.1	QIZ20407.1	98.406	251	4	0	1	251	1	251	0.0	504
MDA9767147.1	QIZ20408.1	93.333	360	12	1	1	348	1	360	0.0	674
MDA9767148.1	QIZ20410.1	99.070	215	2	0	1	215	1	215	5.88e-154	421
MDA9767149.1	QIZ20411.1	99.373	319	2	0	1	319	3	321	0.0	638
MDA9767150.1	QIZ20412.1	98.005	401	8	0	1	401	1	401	0.0	795
MDA9767151.1	QIZ20413.1	99.650	572	2	0	1	572	1	572	0.0	1169
MDA9767152.1	QIZ20414.1	95.886	875	36	0	1	875	1	875	0.0	1717
MDA9767153.1	QIZ20415.1	97.561	123	3	0	1	123	1	123	1.40e-83	236
MDA9767154.1	QIZ20416.1	97.500	240	6	0	1	240	5	244	1.52e-175	478
MDA9767155.1	QIZ20417.1	89.163	406	44	0	18	423	21	426	0.0	737
MDA9767156.1	QIZ20418.1	87.139	381	49	0	1	381	1	381	0.0	632
MDA9767157.1	QIZ20419.1	95.087	346	17	0	1	346	1	346	0.0	686
MDA9767158.1	QIZ20420.1	92.964	469	33	0	1	469	1	469	0.0	736
MDA9767159.1	QIZ20421.1	96.328	463	17	0	1	463	1	463	0.0	837
MDA9767160.1	QIZ20422.1	95.787	451	19	0	1	451	1	451	0.0	847
MDA9767161.1	QIZ20423.1	93.423	593	39	0	1	593	1	593	0.0	1036
MDA9767162.1	QIZ20424.1	91.105	371	33	0	1	371	1	371	0.0	618
MDA9767163.1	QIZ20425.1	92.216	167	13	0	1	167	1	167	9.98e-103	288
MDA9767164.1	QIZ20426.1	67.883	137	44	0	20	156	16	152	8.03e-64	188
MDA9767166.1	QIZ20427.1	62.759	145	54	0	1	145	1	145	1.74e-68	199
MDA9767167.1	QIZ20428.1	98.033	305	6	0	1	305	1	305	0.0	623
MDA9767168.1	QIZ20429.1	98.000	100	2	0	1	100	1	100	9.48e-64	184
MDA9767169.1	QIZ20430.1	96.651	418	14	0	1	418	1	418	0.0	824
MDA9767170.1	QIZ20431.1	98.175	274	5	0	1	274	1	274	0.0	556
MDA9767171.1	QIZ20432.1	96.283	538	20	0	1	538	1	538	0.0	1056
MDA9767172.1	QIZ20433.1	98.000	100	2	0	1	100	1	100	3.74e-67	192
MDA9767173.1	QIZ20434.1	95.122	246	12	0	1	246	1	246	1.24e-174	476
MDA9767174.1	QIZ20435.1	89.852	473	48	0	1	473	1	473	0.0	773
MDA9767175.1	QIZ20436.1	91.942	484	39	0	1	484	1	484	0.0	865
MDA9767176.1	QIZ20437.1	94.241	191	11	0	1	191	1	191	4.86e-132	363
MDA9767177.1	QIZ20438.1	93.030	330	23	0	1	330	1	330	0.0	624
MDA9767178.1	QIZ20439.1	90.494	263	25	0	1	263	1	263	1.24e-164	452
MDA9767179.1	QIZ20440.1	96.889	225	7	0	1	225	1	225	4.42e-161	440
MDA9767180.1	QIZ20441.1	93.118	465	32	0	1	465	1	465	0.0	894
MDA9767181.1	QIZ20442.1	93.634	377	24	0	1	377	1	377	0.0	671
MDA9767182.1	QIZ20443.1	91.571	261	22	0	1	261	1	261	1.19e-152	422
MDA9767183.1	QIZ20444.1	95.000	260	13	0	1	260	1	260	0.0	504
MDA9767184.1	QIZ20445.1	88.957	326	36	0	1	326	1	326	0.0	576
MDA9767185.1	QIZ20446.1	92.466	146	11	0	5	150	1	146	9.84e-101	281
MDA9767186.1	QIZ20447.1	60.000	170	68	0	3	172	4	173	2.99e-55	168
MDA9767188.1	QIZ20448.1	83.290	389	64	1	1	389	1	388	0.0	634
MDA9767189.1	QIZ20449.1	87.273	220	28	0	1	220	1	220	5.34e-123	343
MDA9767190.1	QIZ20450.1	88.000	225	27	0	1	225	1	225	2.16e-127	355
MDA9767191.1	QIZ20451.1	96.175	183	7	0	1	183	1	183	2.30e-128	354
MDA9767192.1	QIZ20452.1	95.760	283	12	0	1	283	1	283	0.0	535
MDA9767194.1	QIZ20453.1	96.924	1138	35	0	1	1138	1	1138	0.0	2252
MDA9767195.1	QIZ20454.1	92.544	228	17	0	1	228	1	228	5.31e-154	422
MDA9767196.1	QIZ20455.1	96.341	410	15	0	1	410	1	410	0.0	763
MDA9767197.1	QIZ20456.1	97.973	444	9	0	1	444	1	444	0.0	888
MDA9767198.1	QIZ20457.1	100.000	81	0	0	1	81	1	81	6.95e-55	160
MDA9767199.1	QIZ20458.1	99.819	551	1	0	1	551	1	551	0.0	1138
MDA9767200.1	QIZ20459.1	93.145	248	17	0	1	248	1	248	1.28e-151	418
MDA9767201.1	QIZ20460.1	82.353	187	33	0	1	187	1	187	6.81e-110	307
MDA9767202.1	QIZ20461.1	86.412	471	64	0	1	471	1	471	0.0	778
MDA9767203.1	QIZ20462.1	91.348	497	43	0	1	497	1	497	0.0	916
MDA9767204.1	QIZ20463.1	86.635	636	85	0	1	636	1	636	0.0	1144
MDA9767205.1	QIZ20464.1	94.175	103	6	0	1	103	1	103	5.69e-54	159
MDA9767206.1	QIZ20465.1	90.476	210	20	0	1	210	1	210	3.61e-140	386
MDA9767207.1	QIZ20466.1	94.410	161	9	0	1	161	1	161	1.45e-115	320
MDA9767208.1	QIZ20467.1	94.880	332	17	0	1	332	1	332	0.0	629
MDA9767209.1	QIZ20468.1	84.265	680	106	1	1	680	1	679	0.0	1226
MDA9767210.1	QIZ20469.1	92.099	443	35	0	1	443	1	443	0.0	858
MDA9767211.1	QIZ20470.1	85.644	202	29	0	1	202	1	202	2.66e-134	370
MDA9767212.1	QIZ20471.1	96.675	391	13	0	1	391	1	391	0.0	788
MDA9767213.1	QIZ20472.1	91.089	202	18	0	1	202	1	202	3.56e-138	380
MDA9767214.1	QIZ20473.1	97.688	173	4	0	1	173	1	173	6.54e-131	359
MDA9767215.1	QIZ20474.1	94.262	122	7	0	1	122	1	122	1.92e-80	228
MDA9767216.1	QIZ20475.1	98.361	793	13	0	1	793	2	794	0.0	1575
MDA9767217.1	QIZ20476.1	98.341	422	7	0	1	422	1	422	0.0	854
MDA9767218.1	QIZ20477.1	95.074	203	10	0	1	203	1	203	1.38e-146	401
MDA9767219.1	QIZ20478.1	91.633	490	24	2	1	477	1	486	0.0	862
MDA9767220.1	QIZ20479.1	82.927	82	14	0	1	82	1	82	4.32e-48	143
MDA9767223.1	QIZ20480.1	88.172	186	22	0	1	186	1	186	6.04e-115	320
MDA9767224.1	QIZ20481.1	92.920	226	16	0	1	226	1	226	8.13e-157	429
MDA9767225.1	QIZ20482.1	95.000	140	7	0	1	140	1	140	1.35e-97	273
MDA9767227.1	QIZ20483.1	91.628	215	18	0	1	215	1	215	1.70e-144	397
MDA9767228.1	QIZ20484.1	96.371	248	9	0	1	248	1	248	2.38e-178	486
MDA9767229.1	QIZ20485.1	94.255	470	27	0	1	470	16	485	0.0	841
MDA9767230.1	QIZ20486.1	95.270	296	14	0	1	296	1	296	0.0	550
MDA9767231.1	QIZ20487.1	97.959	441	9	0	1	441	1	441	0.0	839
MDA9767232.1	QIZ20488.1	98.630	219	3	0	1	219	1	219	3.21e-163	445
MDA9767233.1	QIZ20489.1	97.245	363	10	0	1	363	1	363	0.0	733
MDA9767234.1	QIZ20490.1	97.727	308	7	0	1	308	1	308	0.0	615
MDA9767235.1	QIZ20491.1	97.431	506	13	0	1	506	1	506	0.0	1023
MDA9767236.1	QIZ20492.1	98.062	258	5	0	1	258	1	258	0.0	509
MDA9767237.1	QIZ20493.1	92.754	138	10	0	1	138	1	138	1.30e-90	254
MDA9767238.1	QIZ20494.1	93.952	248	15	0	1	248	1	248	1.63e-174	476
MDA9767239.1	QIZ20495.1	97.175	531	15	0	1	531	1	531	0.0	1082
MDA9767240.1	QIZ20496.1	98.469	196	3	0	1	196	1	196	5.93e-136	374
MDA9767241.1	QIZ20497.1	96.429	252	9	0	1	252	1	252	3.13e-180	491
MDA9767242.1	QIZ20498.1	96.241	266	10	0	1	266	1	266	0.0	523
MDA9767243.1	QIZ20355.1	32.028	281	179	2	9	283	3	277	1.68e-35	124
MDA9767244.1	QIZ20499.1	93.411	258	17	0	1	258	1	258	6.71e-174	475
MDA9767245.1	QIZ20500.1	93.995	383	23	0	1	383	1	383	0.0	765
MDA9767247.1	QIZ21069.1	84.375	64	10	0	1	64	1	64	2.46e-37	114
MDA9767248.1	QIZ21307.1	26.692	266	187	6	8	268	9	271	1.48e-27	104
MDA9767253.1	QIZ20706.1	90.530	264	25	0	1	264	2	265	0.0	496
MDA9767254.1	QIZ20707.1	92.025	163	13	0	1	163	1	163	1.48e-110	307
MDA9767255.1	QIZ20714.1	99.510	204	1	0	1	204	1	204	6.39e-143	392
MDA9767256.1	QIZ20715.1	85.214	257	38	0	1	257	1	257	1.48e-163	449
MDA9767257.1	QIZ20716.1	83.459	133	22	0	1	133	7	139	2.93e-86	243
MDA9767258.1	QIZ20717.1	95.777	521	22	0	1	521	1	521	0.0	994
MDA9767259.1	QIZ20718.1	95.172	145	7	0	1	145	1	145	5.75e-96	269
MDA9767260.1	QIZ20719.1	96.648	358	12	0	1	358	1	358	0.0	686
MDA9767261.1	QIZ20720.1	98.030	203	4	0	1	203	1	203	1.81e-144	396
MDA9767262.1	QIZ20721.1	95.695	302	13	0	1	302	1	302	0.0	591
MDA9767263.1	QIZ20722.1	98.127	267	5	0	1	267	1	267	0.0	521
MDA9767264.1	QIZ20723.1	94.419	215	12	0	1	215	1	215	9.50e-156	426
MDA9767265.1	QIZ20724.1	98.515	404	6	0	1	404	1	404	0.0	827
MDA9767266.1	QIZ20725.1	94.263	889	51	0	1	889	1	889	0.0	1712
MDA9767267.1	QIZ20726.1	98.956	383	4	0	1	383	1	383	0.0	764
MDA9767268.1	QIZ20727.1	67.130	432	141	1	1	431	1	432	0.0	539
MDA9767269.1	QIZ20728.1	91.234	308	27	0	1	308	1	308	0.0	549
MDA9767270.1	QIZ20729.1	94.167	120	7	0	1	120	1	120	2.49e-83	235
MDA9767271.1	QIZ20730.1	85.714	189	27	0	1	189	1	189	1.92e-118	329
MDA9767272.1	QIZ20731.1	95.420	131	6	0	1	131	1	131	1.47e-90	254
MDA9767273.1	QIZ20732.1	93.897	426	26	0	1	426	1	426	0.0	831
MDA9767274.1	QIZ20733.1	88.966	290	32	0	1	290	1	290	0.0	511
MDA9767276.1	QIZ20734.1	95.679	162	7	0	31	192	19	180	3.03e-111	311
MDA9767277.1	QIZ20735.1	89.062	256	28	0	1	256	1	256	5.43e-151	417
MDA9767278.1	QIZ20736.1	86.058	208	29	0	1	208	1	208	1.11e-138	382
MDA9767279.1	QIZ20737.1	94.379	338	19	0	1	338	1	338	0.0	636
MDA9767280.1	QIZ20738.1	94.340	106	6	0	1	106	1	106	5.62e-74	210
MDA9767281.1	QIZ20739.1	96.875	256	8	0	1	256	1	256	3.14e-179	488
MDA9767282.1	QIZ20741.1	99.091	110	1	0	1	110	1	110	4.33e-72	206
MDA9767283.1	QIZ20742.1	96.774	434	14	0	1	434	1	434	0.0	875
MDA9767284.1	QIZ20743.1	94.863	292	15	0	1	292	3	294	0.0	564
MDA9767285.1	QIZ20744.1	99.088	329	3	0	1	329	1	329	0.0	672
MDA9767286.1	QIZ20745.1	95.668	277	12	0	1	277	1	277	0.0	528
MDA9767287.1	QIZ20746.1	94.927	887	45	0	1	887	1	887	0.0	1740
MDA9767288.1	QIZ20747.1	90.116	688	68	0	1	688	1	688	0.0	1230
MDA9767289.1	QIZ20748.1	98.980	294	3	0	1	294	1	294	0.0	615
MDA9767290.1	QIZ20749.1	99.627	268	1	0	1	268	1	268	0.0	525
MDA9767291.1	QIZ20750.1	97.329	337	9	0	1	337	1	337	0.0	665
MDA9767292.1	QIZ20751.1	94.231	208	12	0	1	208	1	208	5.38e-148	405
MDA9767293.1	QIZ20752.1	98.889	360	4	0	1	360	1	360	0.0	735
MDA9767294.1	QIZ20753.1	96.860	637	20	0	1	637	1	637	0.0	1276
MDA9767295.1	QIZ20754.1	93.793	290	18	0	1	290	1	290	0.0	524
MDA9767296.1	QIZ20755.1	91.358	81	7	0	1	81	1	81	6.76e-47	140
MDA9767297.1	QIZ20756.1	93.226	310	21	0	1	310	1	310	0.0	576
MDA9767298.1	QIZ20757.1	92.331	326	25	0	1	326	1	326	0.0	597
MDA9767299.1	QIZ20758.1	97.611	293	7	0	5	297	1	293	0.0	586
MDA9767300.1	QIZ20759.1	98.605	430	6	0	1	430	1	430	0.0	862
MDA9767301.1	QIZ20760.1	97.407	270	7	0	1	270	1	270	0.0	524
MDA9767302.1	QIZ21359.1	97.878	1037	22	0	1	1037	38	1074	0.0	2081
MDA9767302.1	QIZ21359.1	31.695	407	235	9	522	899	8	400	2.54e-52	195
MDA9767303.1	QIZ21358.1	95.442	351	16	0	1	351	1	351	0.0	672
MDA9767304.1	QIZ21319.1	89.498	219	23	0	1	219	1	219	1.99e-152	417
MDA9767305.1	QIZ21318.1	84.076	314	50	0	1	314	1	314	0.0	543
MDA9767306.1	QIZ21317.1	94.569	313	17	0	1	313	1	313	0.0	614
MDA9767308.1	QIZ20493.1	45.098	102	53	2	11	110	11	111	3.81e-24	85.5
MDA9767311.1	QIZ21316.1	82.110	218	39	0	1	218	1	218	4.94e-125	348
MDA9767312.1	QIZ21315.1	97.987	149	3	0	1	149	1	149	1.37e-108	301
MDA9767313.1	QIZ21249.1	31.132	530	346	11	65	586	57	575	2.57e-73	241
MDA9767314.1	QIZ21314.1	97.494	399	10	0	1	399	1	399	0.0	805
MDA9767315.1	QIZ21313.1	99.585	723	3	0	1	723	1	723	0.0	1487
MDA9767316.1	QIZ21312.1	95.600	250	11	0	1	250	1	250	1.38e-174	476
MDA9767317.1	QIZ21310.1	96.454	141	5	0	1	141	1	141	1.10e-93	263
MDA9767318.1	QIZ21309.1	96.890	611	19	0	1	611	1	611	0.0	1220
MDA9767319.1	QIZ21308.1	98.969	194	2	0	1	194	1	194	7.51e-140	384
MDA9767320.1	QIZ21307.1	98.276	290	5	0	1	290	1	290	0.0	600
MDA9767321.1	QIZ21306.1	96.552	145	5	0	1	145	1	145	1.43e-97	273
MDA9767322.1	QIZ21305.1	96.000	225	9	0	1	225	1	225	3.36e-153	420
MDA9767323.1	QIZ21304.1	94.023	435	26	0	1	435	5	439	0.0	832
MDA9767324.1	QIZ21303.1	95.714	70	3	0	1	70	1	70	2.45e-42	129
MDA9767325.1	QIZ21302.1	94.882	254	13	0	1	254	1	254	3.31e-178	486
MDA9767326.1	QIZ21301.1	92.219	347	27	0	1	347	1	347	0.0	614
MDA9767327.1	QIZ21300.1	94.048	252	15	0	1	252	2	253	2.15e-147	407
MDA9767328.1	QIZ21299.1	97.742	310	7	0	1	310	1	310	0.0	607
MDA9767329.1	QIZ21298.1	90.909	220	19	1	1	219	1	220	8.10e-138	382
MDA9767330.1	QIZ21297.1	97.312	186	5	0	1	186	1	186	2.58e-132	364
MDA9767331.1	QIZ21296.1	97.479	357	9	0	1	357	1	357	0.0	715
MDA9767332.1	QIZ21295.1	96.525	259	9	0	1	259	1	259	0.0	525
MDA9767333.1	QIZ21294.1	99.523	419	2	0	1	419	1	419	0.0	838
MDA9767334.1	QIZ21293.1	95.858	169	7	0	1	169	1	169	3.10e-115	319
MDA9767335.1	QIZ21292.1	96.732	153	5	0	1	153	1	153	1.24e-111	309
MDA9767336.1	QIZ21291.1	92.364	275	21	0	1	275	1	275	0.0	529
MDA9767337.1	QIZ21290.1	91.772	158	13	0	1	158	1	158	7.88e-104	290
MDA9767338.1	QIZ21289.1	94.104	424	25	0	1	424	1	424	0.0	800
MDA9767339.1	QIZ21288.1	92.527	281	21	0	1	281	1	281	6.46e-176	482
MDA9767340.1	QIZ21287.1	97.714	175	4	0	1	175	387	561	8.43e-123	353
MDA9767341.1	QIZ20539.1	94.017	117	7	0	1	117	1	117	1.88e-72	216
MDA9767342.1	QIZ20594.1	45.020	251	137	1	6	255	3	253	7.58e-65	198
MDA9767343.1	QIZ20540.1	96.078	255	10	0	1	255	1	255	1.17e-177	484
MDA9767344.1	QIZ20541.1	86.817	311	41	0	1	311	1	311	0.0	550
MDA9767345.1	QIZ20542.1	97.183	497	14	0	1	497	1	497	0.0	957
MDA9767346.1	QIZ20543.1	91.364	220	19	0	1	220	2	221	1.38e-146	403
MDA9767347.1	QIZ20589.1	27.465	284	198	6	1	281	1	279	9.46e-21	85.5
MDA9767348.1	QIZ20544.1	94.611	167	9	0	1	167	1	167	5.03e-116	321
MDA9767349.1	QIZ20545.1	97.838	370	8	0	1	370	1	370	0.0	731
MDA9767350.1	QIZ20546.1	98.884	448	5	0	1	448	1	448	0.0	929
MDA9767351.1	QIZ20559.1	98.675	151	2	0	1	151	19	169	1.55e-109	304
MDA9767352.1	QIZ20560.1	99.297	427	3	0	1	427	1	427	0.0	811
MDA9767353.1	QIZ20561.1	95.954	346	14	0	1	346	1	346	0.0	682
MDA9767354.1	QIZ20547.1	99.363	314	2	0	1	314	1	314	0.0	627
MDA9767355.1	QIZ20548.1	99.245	265	2	0	1	265	1	265	0.0	535
MDA9767356.1	QIZ20549.1	98.430	637	10	0	1	637	1	637	0.0	1267
MDA9767357.1	QIZ20550.1	96.648	179	6	0	1	179	1	179	4.86e-125	352
MDA9767358.1	QIZ20577.1	99.057	106	1	0	1	106	1	106	7.46e-75	212
MDA9767359.1	QIZ20578.1	97.059	68	2	0	1	68	1	68	3.88e-45	134
MDA9767360.1	QIZ20579.1	97.273	110	3	0	1	110	1	110	2.68e-71	204
MDA9767361.1	QIZ20581.1	72.000	75	21	0	1	75	1	75	1.60e-35	110
MDA9767362.1	QIZ20583.1	92.982	114	8	0	1	114	1	114	7.31e-77	218
MDA9767363.1	QIZ20584.1	91.398	186	16	0	1	186	1	186	1.55e-127	352
MDA9767364.1	QIZ20585.1	92.537	268	20	0	1	268	1	268	0.0	501
MDA9767365.1	QIZ20586.1	100.000	176	0	0	1	176	18	193	7.69e-130	357
MDA9767366.1	QIZ20539.1	96.373	193	7	0	1	193	185	377	2.47e-134	377
MDA9767367.1	QIZ20538.1	100.000	91	0	0	1	91	1	91	2.32e-63	182
MDA9767368.1	QIZ20537.1	97.921	433	9	0	1	433	1	433	0.0	840
MDA9767369.1	QIZ20536.1	88.816	152	17	0	1	152	2	153	2.06e-77	223
MDA9767370.1	QIZ20533.1	86.614	127	17	0	1	127	1	127	6.90e-80	227
MDA9767371.1	QIZ20532.1	87.629	194	24	0	1	194	1	194	4.28e-125	346
MDA9767372.1	QIZ20531.1	96.552	145	5	0	1	145	13	157	7.40e-98	274
MDA9767373.1	QIZ20530.1	98.370	184	3	0	1	184	1	184	3.55e-131	361
MDA9767375.1	QIZ20529.1	93.750	256	16	0	1	256	1	256	2.00e-179	489
MDA9767376.1	QIZ20528.1	98.529	68	1	0	1	68	1	68	6.82e-44	131
MDA9767377.1	QIZ20527.1	96.496	371	13	0	1	371	1	371	0.0	729
MDA9767378.1	QIZ20526.1	97.698	391	9	0	1	391	1	391	0.0	786
MDA9767379.1	QIZ20525.1	97.537	406	10	0	1	406	1	406	0.0	784
MDA9767380.1	QIZ20524.1	93.798	387	24	0	1	387	1	387	0.0	692
MDA9767381.1	QIZ20523.1	96.216	185	7	0	1	185	1	185	8.48e-119	330
MDA9767382.1	QIZ20522.1	91.406	256	22	0	1	256	1	256	5.96e-168	460
MDA9767383.1	QIZ20521.1	87.879	132	16	0	13	144	1	132	2.66e-88	249
MDA9767384.1	QIZ20520.1	97.338	263	7	0	1	263	2	264	0.0	529
MDA9767385.1	QIZ20519.1	99.359	156	1	0	1	156	1	156	8.65e-119	327
MDA9767386.1	QIZ20518.1	99.838	619	1	0	1	619	1	619	0.0	1300
MDA9767387.1	QIZ20517.1	93.966	116	7	0	1	116	1	116	3.28e-79	224
MDA9767389.1	QIZ20516.1	95.543	359	16	0	1	359	1	359	0.0	625
MDA9767390.1	QIZ20515.1	62.037	324	123	0	1	324	1	324	1.10e-149	419
MDA9767391.1	QIZ20873.1	99.048	105	1	0	1	105	1	105	8.83e-71	202
MDA9767392.1	QIZ20872.1	98.522	203	3	0	1	203	1	203	3.39e-148	405
MDA9767393.1	QIZ20871.1	92.633	733	46	1	1	725	1	733	0.0	1415
MDA9767394.1	QIZ20870.1	96.739	368	12	0	1	368	1	368	0.0	730
MDA9767395.1	QIZ20869.1	98.349	848	14	0	1	848	1	848	0.0	1701
MDA9767396.1	QIZ20868.1	94.919	433	22	0	1	433	1	433	0.0	833
MDA9767397.1	QIZ20867.1	90.909	143	13	0	1	143	1	143	1.04e-85	243
MDA9767398.1	QIZ20866.1	96.250	240	9	0	1	240	1	240	3.60e-169	462
MDA9767399.1	QIZ20865.1	93.797	403	25	0	1	403	1	403	0.0	765
MDA9767400.1	QIZ20864.1	98.087	366	7	0	1	366	1	366	0.0	721
MDA9767401.1	QIZ20863.1	98.880	357	4	0	1	357	1	357	0.0	713
MDA9767402.1	QIZ20862.1	93.571	280	18	0	1	280	1	280	0.0	518
MDA9767403.1	QIZ20861.1	91.034	145	12	1	1	145	1	144	3.94e-86	245
MDA9767404.1	QIZ20860.1	94.977	219	11	0	1	219	213	431	2.44e-156	436
MDA9767406.1	QIZ21314.1	27.895	380	236	15	1	354	3	370	4.00e-36	132
MDA9767409.1	QIZ20976.1	95.745	141	6	0	1	141	1	141	5.69e-100	278
MDA9767410.1	QIZ20975.1	89.114	395	43	0	1	395	1	395	0.0	733
MDA9767411.1	QIZ20974.1	95.949	1012	41	0	1	1012	1	1012	0.0	2034
MDA9767412.1	QIZ20973.1	91.017	423	38	0	1	423	1	423	0.0	780
MDA9767413.1	QIZ20972.1	95.192	208	10	0	1	208	1	208	4.81e-144	399
MDA9767415.1	QIZ20680.1	78.551	345	74	0	4	348	3	347	0.0	578
MDA9767416.1	QIZ20681.1	98.370	368	6	0	4	371	3	370	0.0	758
MDA9767417.1	QIZ20682.1	95.802	405	17	0	1	405	1	405	0.0	808
MDA9767418.1	QIZ20683.1	96.346	301	11	0	1	301	1	301	0.0	573
MDA9767419.1	QIZ20684.1	93.735	415	26	0	1	415	1	415	0.0	748
MDA9767420.1	QIZ20685.1	97.525	202	5	0	1	202	1	202	6.88e-145	397
MDA9767421.1	QIZ20686.1	97.794	136	3	0	1	136	1	136	7.26e-98	273
MDA9767422.1	QIZ20687.1	96.894	161	5	0	1	161	1	161	1.64e-110	307
MDA9767423.1	QIZ20689.1	80.797	276	53	0	1	276	1	276	6.65e-168	462
MDA9767424.1	QIZ20690.1	98.732	552	7	0	1	552	1	552	0.0	1114
MDA9767425.1	QIZ20691.1	98.947	95	1	0	1	95	1	95	2.11e-63	201
MDA9767426.1	QIZ21408.1	88.548	489	56	0	1	489	156	644	0.0	899
MDA9767427.1	QIZ21409.1	94.102	373	22	0	1	373	1	373	0.0	655
MDA9767428.1	QIZ21410.1	95.388	412	19	0	1	412	1	412	0.0	814
MDA9767429.1	QIZ21411.1	97.324	299	8	0	1	299	1	299	0.0	579
MDA9767430.1	QIZ21412.1	95.570	316	14	0	1	316	1	316	0.0	626
MDA9767431.1	QIZ21414.1	96.748	123	4	0	1	123	1	123	1.61e-88	248
MDA9767432.1	QIZ20565.1	49.492	295	142	3	2	296	4	291	3.53e-102	296
MDA9767433.1	QIZ20564.1	34.252	254	137	11	5	238	8	251	6.82e-24	92.0
MDA9767434.1	QIZ21415.1	96.429	84	3	0	1	84	1	84	3.73e-59	171
MDA9767435.1	QIZ21416.1	100.000	98	0	0	1	98	1	98	2.56e-68	195
MDA9767436.1	QIZ20874.1	96.479	426	15	0	1	426	1	426	0.0	834
MDA9767437.1	QIZ20875.1	97.464	276	7	0	1	276	1	276	0.0	556
MDA9767438.1	QIZ20876.1	94.715	246	13	0	1	246	1	246	1.81e-163	447
MDA9767439.1	QIZ20877.1	95.767	189	8	0	1	189	1	189	1.18e-135	373
MDA9767440.1	QIZ20878.1	95.146	309	15	0	1	309	1	309	0.0	600
MDA9767441.1	QIZ20879.1	95.361	388	18	0	1	388	1	388	0.0	726
MDA9767442.1	QIZ20880.1	99.561	228	1	0	1	228	43	270	1.07e-158	436
MDA9767444.1	QIZ21070.1	95.397	239	11	0	1	239	1	239	3.64e-169	461
MDA9767445.1	QIZ21071.1	96.813	251	8	0	1	251	1	251	0.0	496
MDA9767446.1	QIZ21072.1	95.050	101	5	0	1	101	1	101	2.43e-66	190
MDA9767447.1	QIZ21073.1	94.215	121	7	0	1	121	1	121	1.41e-82	233
MDA9767448.1	QIZ21074.1	93.413	167	11	0	1	167	1	167	1.15e-114	318
MDA9767449.1	QIZ21075.1	87.500	184	23	0	1	184	1	184	2.94e-116	323
MDA9767450.1	QIZ21076.1	96.312	461	17	0	1	461	236	696	0.0	891
MDA9767451.1	QIZ21062.1	97.087	103	3	0	1	103	1	103	3.92e-67	194
MDA9767452.1	QIZ21063.1	97.462	197	5	0	1	197	1	197	6.58e-140	384
MDA9767453.1	QIZ21064.1	91.908	173	14	0	1	173	1	173	1.14e-98	278
MDA9767454.1	QIZ21065.1	99.121	455	4	0	1	455	1	455	0.0	900
MDA9767455.1	QIZ21066.1	100.000	171	0	0	1	171	1	171	1.99e-123	340
MDA9767456.1	QIZ21067.1	100.000	196	0	0	1	196	1	196	4.14e-147	402
MDA9767457.1	QIZ21068.1	93.269	208	14	0	1	208	1	208	1.50e-143	394
MDA9767458.1	QIZ21287.1	97.544	285	7	0	1	285	34	318	0.0	548
MDA9767459.1	QIZ21286.1	96.708	243	8	0	1	243	1	243	3.75e-172	469
MDA9767460.1	QIZ21285.1	96.774	186	6	0	1	186	1	186	3.08e-130	358
MDA9767461.1	QIZ21284.1	99.157	356	3	0	1	356	1	356	0.0	727
MDA9767462.1	QIZ21283.1	92.689	383	28	0	4	386	1	383	0.0	712
MDA9767463.1	QIZ20979.1	93.056	72	5	0	1	72	1	72	1.95e-46	139
MDA9767464.1	QIZ20978.1	70.139	144	40	1	1	144	1	141	3.33e-67	196
MDA9767465.1	QIZ20977.1	88.986	799	88	0	1	799	3	801	0.0	1467
MDA9767466.1	QIZ21085.1	25.831	391	269	8	30	410	55	434	9.33e-31	120
MDA9767467.1	QIZ20563.1	86.207	58	8	0	48	105	1	58	6.12e-31	107
MDA9767468.1	QIZ20563.1	45.965	285	146	5	27	306	13	294	1.26e-77	236
MDA9767469.1	QIZ20563.1	45.734	293	146	8	20	303	13	301	9.90e-79	238
MDA9767471.1	QIZ20565.1	28.269	283	187	9	3	275	11	287	4.13e-25	97.1
MDA9767472.1	QIZ20567.1	94.853	136	7	0	1	136	1	136	6.91e-100	278
MDA9767473.1	QIZ20568.1	92.670	191	14	0	1	191	1	191	1.60e-132	365
MDA9767474.1	QIZ20569.1	96.396	333	12	0	1	333	1	333	0.0	649
MDA9767475.1	QIZ20570.1	96.377	138	5	0	1	138	1	138	2.72e-98	274
MDA9767476.1	QIZ20571.1	98.958	96	1	0	9	104	1	96	4.48e-68	195
MDA9767477.1	QIZ20572.1	100.000	127	0	0	1	127	1	127	1.81e-95	266
MDA9767478.1	QIZ20573.1	97.917	96	2	0	1	96	1	96	3.81e-69	197
MDA9767479.1	QIZ20574.1	95.588	68	3	0	1	68	21	88	1.13e-45	137
MDA9767481.1	QIZ20858.1	34.104	346	209	9	6	348	29	358	5.11e-31	118
MDA9767484.1	QIZ21363.1	98.295	176	3	0	1	176	1	176	1.61e-121	351
MDA9767485.1	QIZ21362.1	96.954	591	18	0	1	591	1	591	0.0	1165
MDA9767486.1	QIZ21361.1	92.157	153	12	0	1	153	1	153	4.92e-93	262
MDA9767487.1	QIZ21360.1	96.676	361	12	0	1	361	1	361	0.0	710
MDA9767488.1	QIZ21405.1	97.947	341	7	0	1	341	1	341	0.0	676
MDA9767489.1	QIZ21404.1	95.211	522	23	1	1	522	1	520	0.0	1027
MDA9767490.1	QIZ20556.1	34.043	282	167	8	165	440	5	273	2.69e-42	148
MDA9767490.1	QIZ20556.1	34.228	149	88	2	8	156	140	278	1.37e-21	90.9
MDA9767491.1	QIZ21428.1	99.405	336	2	0	1	336	1	336	0.0	657
MDA9767492.1	QIZ21429.1	98.871	443	5	0	14	456	1	443	0.0	872
MDA9767493.1	QIZ21430.1	86.928	306	40	0	1	306	1	306	0.0	511
MDA9767494.1	QIZ21420.1	97.865	281	6	0	1	281	1	281	0.0	545
MDA9767495.1	QIZ21419.1	100.000	297	0	0	1	297	1	297	0.0	593
MDA9767496.1	QIZ21418.1	99.274	413	3	0	1	413	1	413	0.0	846
MDA9767497.1	QIZ21417.1	95.455	88	4	0	1	88	117	204	1.31e-48	149
MDA9767498.1	QIZ20293.1	91.489	94	8	0	1	94	339	432	1.44e-53	168
MDA9767499.1	QIZ20294.1	94.118	153	9	0	1	153	1	153	1.37e-105	294
MDA9767500.1	QIZ20295.1	78.218	101	21	1	1	101	1	100	6.20e-47	141
MDA9767501.1	QIZ20296.1	96.011	727	29	0	1	727	126	852	0.0	1365
MDA9767506.1	QIZ20297.1	93.333	135	9	0	1	135	1	135	4.84e-89	253
MDA9767507.1	QIZ20742.1	25.616	406	277	10	28	423	25	415	3.25e-35	130
MDA9767508.1	QIZ20298.1	98.083	313	6	0	1	313	1	313	0.0	635
MDA9767509.1	QIZ20299.1	97.872	141	3	0	1	141	11	151	6.31e-98	274
MDA9767510.1	QIZ20563.1	95.455	198	9	0	1	198	108	305	1.31e-136	380
MDA9767511.1	QIZ20562.1	94.106	492	29	0	1	492	1	492	0.0	961
MDA9767512.1	QIZ20557.1	96.633	297	10	0	1	297	1	297	0.0	587
MDA9767513.1	QIZ20508.1	95.946	370	15	0	1	370	1	370	0.0	684
MDA9767514.1	QIZ20507.1	98.190	221	4	0	1	221	1	221	1.35e-157	431
MDA9767515.1	QIZ20506.1	86.275	204	28	0	1	204	1	204	1.04e-129	359
MDA9767517.1	QIZ20969.1	98.077	104	2	0	1	104	1	104	5.69e-68	216
MDA9767518.1	QIZ20970.1	97.495	479	12	0	1	479	1	479	0.0	962
MDA9767519.1	QIZ20971.1	90.417	240	23	0	1	240	1	240	1.80e-153	423
MDA9767520.1	QIZ20556.1	96.061	330	13	0	1	330	21	350	0.0	643
MDA9767521.1	QIZ20555.1	95.409	501	23	0	1	501	1	501	0.0	973
MDA9767522.1	QIZ21056.1	94.526	274	15	0	1	274	1	274	0.0	531
MDA9767523.1	QIZ21057.1	92.308	195	15	0	1	195	1	195	4.11e-132	364
MDA9767524.1	QIZ21058.1	90.566	265	25	0	1	265	1	265	4.47e-176	481
MDA9767525.1	QIZ20261.1	95.973	298	12	0	1	298	395	692	0.0	592
MDA9767526.1	QIZ20262.1	100.000	102	0	0	1	102	1	102	9.82e-72	204
MDA9767527.1	QIZ20263.1	94.273	227	13	0	1	227	1	227	2.35e-158	434
MDA9767528.1	QIZ20264.1	89.595	173	18	0	1	173	1	173	1.15e-111	312
MDA9767529.1	QIZ21265.1	82.877	438	75	0	1	438	21	458	0.0	759
MDA9767530.1	QIZ21266.1	89.441	161	17	0	1	161	1	161	1.21e-111	310
MDA9767531.1	QIZ21267.1	96.454	141	5	0	1	141	1	141	1.02e-96	270
MDA9767532.1	QIZ21268.1	96.721	61	2	0	1	61	262	322	1.27e-37	122
MDA9767533.1	QIZ20261.1	93.093	333	23	0	1	333	1	333	0.0	656
MDA9767534.1	QIZ20260.1	98.077	156	3	0	1	156	1	156	1.85e-111	309
MDA9767535.1	QIZ20259.1	95.122	123	6	0	1	123	1	123	1.76e-83	235
MDA9767536.1	QIZ20258.1	95.798	119	5	0	1	119	1271	1389	2.27e-73	232
MDA9767537.1	QIZ20553.1	90.187	428	42	0	1	428	1	428	0.0	790
MDA9767538.1	QIZ20552.1	96.949	295	9	0	1	295	9	303	0.0	579
MDA9767539.1	QIZ21048.1	82.812	128	22	0	1	128	1	128	9.72e-74	214
MDA9767540.1	QIZ21049.1	94.554	606	33	0	1	606	18	623	0.0	1167
MDA9767541.1	QIZ21431.1	83.486	218	36	0	90	307	36	253	5.10e-123	348
MDA9767542.1	QIZ21432.1	95.718	397	14	1	3	396	1	397	0.0	735
MDA9767543.1	QIZ20691.1	99.302	716	5	0	1	716	164	879	0.0	1488
MDA9767544.1	QIZ21282.1	95.425	153	7	0	1	153	1	153	2.13e-105	300
MDA9767545.1	QIZ21281.1	95.062	162	8	0	1	162	1	162	2.10e-104	291
MDA9767546.1	QIZ21280.1	91.837	196	16	0	1	196	1	196	2.46e-128	355
MDA9767547.1	QIZ21279.1	98.000	200	4	0	1	200	1	200	6.20e-144	417
MDA9767548.1	QIZ21258.1	94.836	213	11	0	1	213	59	271	9.52e-147	405
MDA9767549.1	QIZ21259.1	99.154	473	4	0	1	473	1	473	0.0	936
MDA9767550.1	QIZ21174.1	97.361	379	10	0	1	379	1	379	0.0	741
MDA9767551.1	QIZ21173.1	94.937	158	8	0	1	158	1	158	2.44e-110	306
MDA9767552.1	QIZ21176.1	90.000	40	4	0	1	40	1	40	1.83e-21	77.8
