MDC0895101.1	QIZ20629.1	53.202	406	173	5	4	398	16	415	1.31e-136	392
MDC0895102.1	QIZ20628.1	93.103	406	28	0	1	406	1	406	0.0	791
MDC0895103.1	QIZ20627.1	90.850	153	14	0	1	153	1	153	7.67e-106	295
MDC0895104.1	QIZ20626.1	79.798	99	19	1	1	99	1	98	8.76e-53	156
MDC0895105.1	QIZ20625.1	84.545	110	17	0	1	110	1	110	6.51e-70	200
MDC0895107.1	QIZ20624.1	93.376	468	31	0	1	468	1	468	0.0	922
MDC0895108.1	QIZ20623.1	70.064	157	47	0	23	179	3	159	1.65e-74	216
MDC0895109.1	QIZ20622.1	81.911	293	53	0	1	293	1	293	1.07e-166	460
MDC0895110.1	QIZ20620.1	70.408	196	58	0	1	196	1	196	9.34e-91	259
MDC0895111.1	QIZ20619.1	61.789	246	94	0	1	246	1	246	7.33e-84	246
MDC0895112.1	QIZ20618.1	87.349	166	21	0	1	166	1	166	1.26e-100	282
MDC0895113.1	QIZ20617.1	80.247	81	16	0	1	81	1	81	6.59e-48	142
MDC0895114.1	QIZ20614.1	63.636	187	68	0	1	187	1	187	9.35e-82	236
MDC0895115.1	QIZ20613.1	76.744	301	70	0	1	301	1	301	1.66e-179	493
MDC0895116.1	QIZ20612.1	73.826	149	39	0	1	149	1	149	1.52e-73	213
MDC0895117.1	QIZ20611.1	56.962	79	33	1	1	78	1	79	3.59e-26	88.2
MDC0895118.1	QIZ20610.1	86.188	181	25	0	1	181	1	181	4.19e-116	323
MDC0895119.1	QIZ20609.1	70.303	330	98	0	1	330	1	330	4.11e-177	489
MDC0895120.1	QIZ20608.1	75.000	276	69	0	1	276	1	276	1.11e-155	431
MDC0895121.1	QIZ20606.1	85.000	480	72	0	1	480	1	480	0.0	877
MDC0895122.1	QIZ20605.1	87.468	391	49	0	1	391	1	391	0.0	709
MDC0895123.1	QIZ20604.1	88.379	327	38	0	4	330	3	329	0.0	537
MDC0895124.1	QIZ20603.1	95.031	322	16	0	1	322	1	322	0.0	629
MDC0895125.1	QIZ20602.1	76.923	169	38	1	1	168	1	169	3.94e-81	233
MDC0895126.1	QIZ20601.1	95.021	482	24	0	1	482	1	482	0.0	846
MDC0895127.1	QIZ20600.1	75.904	249	59	1	1	249	1	248	2.74e-140	389
MDC0895128.1	QIZ20599.1	76.000	300	72	0	1	300	1	300	1.59e-180	495
MDC0895129.1	QIZ20598.1	85.396	404	59	0	1	404	3	406	0.0	722
MDC0895130.1	QIZ20597.1	87.586	290	36	0	1	290	1	290	0.0	529
MDC0895131.1	QIZ20596.1	78.000	300	66	0	1	300	1	300	2.36e-170	469
MDC0895132.1	QIZ20595.1	77.049	366	81	1	1	363	1	366	0.0	580
MDC0895133.1	QIZ20594.1	60.558	251	99	0	1	251	1	251	2.58e-104	298
MDC0895134.1	QIZ20593.1	81.726	591	108	0	1	591	1	591	0.0	1040
MDC0895135.1	QIZ20592.1	87.449	247	31	0	1	247	1	247	1.93e-167	458
MDC0895136.1	QIZ20591.1	77.061	279	64	0	1	279	1	279	3.12e-167	460
MDC0895137.1	QIZ20590.1	64.360	289	103	0	4	292	3	291	6.61e-116	332
MDC0895139.1	QIZ20587.1	73.617	235	62	0	1	235	1	235	2.33e-124	348
MDC0895140.1	QIZ20586.1	92.188	192	15	0	1	192	1	192	2.85e-133	367
MDC0895141.1	QIZ20213.1	63.816	152	55	0	17	168	26	177	9.69e-65	192
MDC0895142.1	QIZ20211.1	69.792	96	29	0	1	96	1	96	5.26e-48	144
MDC0895143.1	QIZ20542.1	50.000	482	237	2	3	480	2	483	7.59e-154	442
MDC0895144.1	QIZ20541.1	83.280	311	52	0	1	311	1	311	0.0	532
MDC0895145.1	QIZ20540.1	92.549	255	19	0	1	255	1	255	5.34e-171	468
MDC0895146.1	QIZ20218.1	79.255	376	78	0	4	379	5	380	0.0	637
MDC0895147.1	QIZ21525.1	92.265	181	14	0	5	185	245	425	2.21e-125	355
MDC0895148.1	QIZ21525.1	89.069	247	26	1	1	246	1	247	4.30e-167	464
MDC0895150.1	QIZ21524.1	88.025	476	57	0	1	476	1	476	0.0	875
MDC0895151.1	QIZ20310.1	64.706	68	24	0	8	75	14	81	2.47e-26	88.6
MDC0895153.1	QIZ20730.1	66.667	180	60	0	8	187	4	183	3.28e-89	255
MDC0895155.1	QIZ21518.1	58.917	314	128	1	5	317	5	318	5.94e-134	379
MDC0895158.1	QIZ20550.1	79.580	333	67	1	1	332	1	333	0.0	521
MDC0895159.1	QIZ20549.1	78.807	637	134	1	1	636	1	637	0.0	1043
MDC0895160.1	QIZ20548.1	93.585	265	17	0	1	265	1	265	0.0	505
MDC0895161.1	QIZ20547.1	90.127	314	30	1	1	313	1	314	0.0	571
MDC0895162.1	QIZ20546.1	95.536	448	20	0	1	448	1	448	0.0	890
MDC0895163.1	QIZ20545.1	88.525	366	42	0	1	366	1	366	0.0	630
MDC0895164.1	QIZ21541.1	79.802	807	163	0	1	807	1	807	0.0	1356
MDC0895167.1	QIZ21518.1	45.110	317	174	0	1	317	1	317	8.92e-96	282
MDC0895169.1	QIZ21591.1	84.571	175	27	0	1	175	1	175	8.51e-101	283
MDC0895173.1	QIZ21593.1	84.971	346	52	0	1	346	1	346	0.0	595
MDC0895174.1	QIZ20180.1	93.993	283	17	0	1	283	1	283	0.0	545
MDC0895175.1	QIZ20181.1	91.304	230	20	0	1	230	1	230	1.45e-154	424
MDC0895176.1	QIZ20182.1	87.946	224	27	0	1	224	1	224	2.74e-147	405
MDC0895177.1	QIZ20608.1	26.642	274	183	8	3	261	5	275	2.09e-24	94.7
MDC0895178.1	QIZ20183.1	82.946	129	22	0	1	129	1	129	3.91e-75	215
MDC0895179.1	QIZ20184.1	70.779	308	90	0	1	308	1	308	2.76e-158	440
MDC0895180.1	QIZ20185.1	83.853	353	57	0	9	361	2	354	0.0	529
MDC0895181.1	QIZ20187.1	90.491	326	31	0	1	326	1	326	0.0	578
MDC0895182.1	QIZ20188.1	88.462	156	18	0	1	156	1	156	3.86e-98	275
MDC0895183.1	QIZ20189.1	94.389	499	28	0	1	499	1	499	0.0	920
MDC0895184.1	QIZ21214.1	36.538	260	162	3	29	286	29	287	1.28e-41	141
MDC0895185.1	QIZ20190.1	78.889	360	76	0	1	360	1	360	0.0	595
MDC0895186.1	QIZ20191.1	69.613	181	55	0	1	181	1	181	3.50e-100	283
MDC0895187.1	QIZ20192.1	78.443	167	36	0	1	167	1	167	2.08e-99	279
MDC0895189.1	QIZ20195.1	81.081	259	49	0	1	259	1	259	4.67e-158	435
MDC0895190.1	QIZ20196.1	80.402	199	39	0	1	199	1	199	3.77e-125	347
MDC0895191.1	QIZ20197.1	87.889	289	35	0	1	289	1	289	0.0	536
MDC0895192.1	QIZ20198.1	70.927	399	115	1	1	398	1	399	0.0	508
MDC0895193.1	QIZ20199.1	76.970	165	38	0	1	165	1	165	2.41e-90	257
MDC0895194.1	QIZ20204.1	58.438	320	133	0	1	320	1	320	5.87e-147	413
MDC0895195.1	QIZ20205.1	50.382	262	129	1	1	261	16	277	7.31e-64	197
MDC0895196.1	QIZ20208.1	67.442	129	42	0	3	131	4	132	1.22e-59	176
MDC0895197.1	QIZ20219.1	56.044	91	40	0	1	91	1	91	2.15e-33	107
MDC0895198.1	QIZ20220.1	88.017	484	58	0	1	484	1	484	0.0	877
MDC0895199.1	QIZ20221.1	89.457	645	68	0	1	645	1	645	0.0	1221
MDC0895200.1	QIZ20222.1	91.642	335	28	0	4	338	8	342	0.0	657
MDC0895201.1	QIZ20224.1	72.947	207	55	1	1	207	1	206	1.14e-107	303
MDC0895202.1	QIZ20225.1	86.898	374	49	0	1	374	1	374	0.0	676
MDC0895203.1	QIZ20226.1	92.282	298	23	0	1	298	1	298	0.0	572
MDC0895204.1	QIZ20227.1	88.800	500	56	0	1	500	1	500	0.0	925
MDC0895205.1	QIZ20228.1	81.057	227	43	0	1	227	1	227	2.02e-144	398
MDC0895206.1	QIZ20229.1	83.415	205	34	0	1	205	1	205	2.98e-121	338
MDC0895207.1	QIZ20230.1	82.508	606	106	0	1	606	1	606	0.0	1055
MDC0895209.1	QIZ20231.1	89.760	459	47	0	1	459	1	459	0.0	869
MDC0895210.1	QIZ20232.1	83.265	245	41	0	1	245	1	245	3.43e-156	429
MDC0895211.1	QIZ20233.1	75.938	453	105	2	1	449	1	453	0.0	707
MDC0895212.1	QIZ20234.1	81.614	533	98	0	1	533	1	533	0.0	923
MDC0895213.1	QIZ20235.1	76.695	236	55	0	1	236	1	236	2.38e-132	368
MDC0895214.1	QIZ20236.1	87.317	205	26	0	1	205	1	205	1.43e-139	384
MDC0895215.1	QIZ20237.1	75.229	109	27	0	1	109	1	109	2.25e-63	184
MDC0895216.1	QIZ20238.1	85.526	76	11	0	1	76	1	76	5.15e-46	137
MDC0895217.1	QIZ20239.1	86.538	728	98	0	1	728	1	728	0.0	1324
MDC0895218.1	QIZ20240.1	81.498	227	42	0	1	227	1	227	5.23e-142	392
MDC0895219.1	QIZ20241.1	86.250	80	11	0	1	80	1	80	3.15e-47	140
MDC0895220.1	QIZ20242.1	91.538	260	22	0	1	260	1	260	3.42e-178	486
MDC0895221.1	QIZ20243.1	90.465	430	41	0	1	430	1	430	0.0	823
MDC0895222.1	QIZ20244.1	85.938	256	36	0	1	256	1	256	3.02e-172	471
MDC0895223.1	QIZ20245.1	78.440	218	47	0	1	218	1	218	3.87e-128	357
MDC0895224.1	QIZ20246.1	82.731	249	43	0	1	249	1	249	5.37e-154	424
MDC0895225.1	QIZ20247.1	81.955	133	24	0	1	133	1	133	1.15e-77	221
MDC0895226.1	QIZ20248.1	69.685	254	77	0	3	256	4	257	2.73e-121	342
MDC0895231.1	QIZ20904.1	39.490	157	87	4	1	150	1	156	4.67e-23	84.7
MDC0895246.1	QIZ21358.1	68.946	351	109	0	1	351	1	351	9.13e-175	485
MDC0895247.1	QIZ21069.1	85.938	64	9	0	1	64	1	64	3.93e-38	116
MDC0895249.1	QIZ20249.1	86.640	247	33	0	1	247	1	247	3.34e-168	460
MDC0895250.1	QIZ20250.1	94.697	396	21	0	1	396	1	396	0.0	742
MDC0895251.1	QIZ20251.1	90.476	63	6	0	1	63	1	63	7.78e-37	113
MDC0895252.1	QIZ20252.1	93.182	176	12	0	1	176	1	176	2.79e-122	338
MDC0895253.1	QIZ20253.1	84.397	141	22	0	1	141	1	141	9.66e-86	243
MDC0895254.1	QIZ20254.1	86.900	229	30	0	1	229	1	229	8.73e-146	402
MDC0895255.1	QIZ20255.1	79.518	166	34	0	2	167	1	166	7.76e-96	270
MDC0895256.1	QIZ20256.1	90.083	121	12	0	1	121	1	121	3.41e-62	181
MDC0895257.1	QIZ20257.1	91.049	1363	120	2	1	1361	1	1363	0.0	2560
MDC0895258.1	QIZ20259.1	95.935	123	5	0	1	123	1	123	2.14e-83	235
MDC0895259.1	QIZ20260.1	88.462	156	18	0	1	156	1	156	9.33e-103	287
MDC0895260.1	QIZ20261.1	94.653	692	37	0	1	692	1	692	0.0	1369
MDC0895261.1	QIZ20262.1	99.020	102	1	0	1	102	1	102	2.31e-71	203
MDC0895262.1	QIZ20263.1	86.784	227	30	0	1	227	1	227	2.54e-146	404
MDC0895263.1	QIZ20264.1	83.092	207	35	0	1	207	1	207	1.22e-127	354
MDC0895264.1	QIZ20265.1	85.567	97	14	0	1	97	1	97	3.52e-57	167
MDC0895265.1	QIZ20266.1	87.143	280	35	1	1	279	1	280	6.95e-176	482
MDC0895266.1	QIZ20267.1	86.207	87	12	0	1	87	1	87	9.79e-55	161
MDC0895267.1	QIZ20268.1	85.606	132	19	0	1	132	1	132	1.51e-82	234
MDC0895268.1	QIZ20269.1	95.133	226	11	0	1	226	1	226	4.32e-162	442
MDC0895269.1	QIZ20270.1	88.971	136	15	0	1	136	1	136	3.59e-89	251
MDC0895270.1	QIZ20271.1	90.476	63	6	0	1	63	1	63	2.07e-36	112
MDC0895271.1	QIZ20272.1	88.462	78	9	0	1	78	1	78	5.36e-39	119
MDC0895272.1	QIZ20273.1	95.902	122	5	0	1	122	1	122	8.88e-82	231
MDC0895273.1	QIZ20274.1	92.857	70	5	0	1	70	1	70	1.49e-41	126
MDC0895274.1	QIZ20275.1	82.609	184	32	0	1	184	1	184	3.87e-115	320
MDC0895275.1	QIZ20276.1	89.109	101	11	0	1	101	1	101	3.75e-64	185
MDC0895276.1	QIZ20277.1	83.969	131	21	0	1	131	1	131	8.46e-83	234
MDC0895277.1	QIZ20278.1	85.475	179	26	0	1	179	1	179	5.87e-108	302
MDC0895278.1	QIZ20279.1	79.661	118	24	0	1	118	1	118	1.20e-65	190
MDC0895279.1	QIZ20280.1	87.574	169	21	0	3	171	2	170	6.87e-106	296
MDC0895280.1	QIZ20281.1	83.660	153	22	2	1	150	1	153	2.31e-75	217
MDC0895281.1	QIZ20282.1	91.784	426	35	0	1	426	1	426	0.0	789
MDC0895282.1	QIZ20283.1	46.009	213	89	1	1	187	1	213	5.86e-63	189
MDC0895283.1	QIZ20284.1	93.701	127	8	0	1	127	1	127	1.69e-87	246
MDC0895284.1	QIZ20285.1	86.000	150	20	1	1	149	1	150	1.67e-78	225
MDC0895285.1	QIZ20286.1	92.982	342	24	0	1	342	1	342	0.0	644
MDC0895286.1	QIZ20287.1	89.116	147	14	1	1	147	1	145	9.62e-93	261
MDC0895287.1	QIZ20288.1	78.405	301	65	0	1	301	1	301	6.02e-172	474
MDC0895288.1	QIZ20289.1	68.447	206	64	1	1	205	1	206	6.51e-98	278
MDC0895289.1	QIZ20290.1	87.965	457	55	0	1	457	1	457	0.0	827
MDC0895290.1	QIZ20291.1	59.684	253	99	3	20	271	30	280	1.59e-88	260
MDC0895291.1	QIZ20292.1	78.148	270	59	0	1	270	1	270	3.53e-147	409
MDC0895292.1	QIZ20293.1	76.102	431	103	0	1	431	1	431	0.0	650
MDC0895293.1	QIZ20294.1	75.817	153	37	0	1	153	1	153	9.53e-88	249
MDC0895294.1	QIZ20296.1	83.568	852	138	1	1	850	1	852	0.0	1449
MDC0895295.1	QIZ20297.1	75.000	192	47	1	1	192	1	191	7.48e-97	275
MDC0895296.1	QIZ20742.1	29.880	415	254	11	25	423	22	415	1.69e-43	153
MDC0895297.1	QIZ20298.1	91.987	312	25	0	1	312	1	312	0.0	603
MDC0895298.1	QIZ20299.1	81.457	151	28	0	1	151	1	151	3.70e-85	242
MDC0895299.1	QIZ20300.1	82.105	95	17	0	1	95	1	95	3.15e-52	154
MDC0895300.1	QIZ20301.1	85.979	485	68	0	1	485	1	485	0.0	849
MDC0895301.1	QIZ20302.1	92.872	491	35	0	1	491	1	491	0.0	916
MDC0895305.1	QIZ20303.1	85.185	216	32	0	1	216	1	216	7.93e-139	383
MDC0895306.1	QIZ20304.1	74.503	302	76	1	1	302	1	301	1.20e-168	466
MDC0895307.1	QIZ20305.1	87.719	456	56	0	1	456	1	456	0.0	805
MDC0895308.1	QIZ20306.1	75.796	157	38	0	1	157	1	157	3.13e-91	258
MDC0895309.1	QIZ20311.1	90.535	243	23	0	1	243	1	243	1.16e-136	380
MDC0895310.1	QIZ20312.1	84.314	255	40	0	1	255	1	255	1.15e-156	431
MDC0895311.1	QIZ20313.1	58.289	187	78	0	1	187	1	187	5.18e-84	242
MDC0895312.1	QIZ20314.1	80.339	1002	196	1	1	1001	1	1002	0.0	1723
MDC0895313.1	QIZ20315.1	85.714	91	13	0	1	91	1	91	2.02e-61	177
MDC0895314.1	QIZ20316.1	94.484	417	23	0	1	417	1	417	0.0	834
MDC0895315.1	QIZ20317.1	69.524	735	221	1	6	740	5	736	0.0	1055
MDC0895316.1	QIZ20318.1	80.205	293	58	0	1	293	1	293	1.02e-178	490
MDC0895317.1	QIZ20319.1	89.103	156	17	0	1	156	1	156	7.98e-105	292
MDC0895318.1	QIZ20320.1	50.867	173	82	1	1	170	1	173	2.41e-53	163
MDC0895319.1	QIZ20321.1	80.684	585	109	1	1	581	1	585	0.0	989
MDC0895320.1	QIZ20322.1	82.051	195	35	0	1	195	1	195	9.58e-106	298
MDC0895321.1	QIZ20323.1	71.200	125	36	0	1	125	1	125	8.23e-54	164
MDC0895322.1	QIZ21156.1	70.093	107	32	0	1	107	1	107	6.86e-54	160
MDC0895323.1	QIZ21158.1	89.119	579	62	1	3	581	13	590	0.0	1097
MDC0895324.1	QIZ21159.1	87.160	257	33	0	1	257	1	257	4.30e-174	476
MDC0895325.1	QIZ21160.1	92.958	497	35	0	1	497	1	497	0.0	969
MDC0895326.1	QIZ21161.1	94.688	320	17	0	1	320	1	320	0.0	610
MDC0895327.1	QIZ21162.1	88.860	386	43	0	1	386	1	386	0.0	698
MDC0895328.1	QIZ21163.1	91.753	291	24	0	1	291	1	291	0.0	517
MDC0895329.1	QIZ21164.1	82.837	973	158	4	1	969	1	968	0.0	1693
MDC0895330.1	QIZ21165.1	82.135	431	71	2	1	431	1	425	0.0	712
MDC0895331.1	QIZ21166.1	85.408	466	68	0	1	466	1	466	0.0	818
MDC0895332.1	QIZ21167.1	81.106	651	123	0	1	651	1	651	0.0	1101
MDC0895333.1	QIZ21168.1	75.135	185	46	0	1	185	1	185	2.61e-96	273
MDC0895334.1	QIZ21169.1	93.542	511	33	0	1	511	1	511	0.0	982
MDC0895335.1	QIZ21170.1	86.254	291	40	0	1	291	1	291	0.0	518
MDC0895336.1	QIZ21171.1	95.339	472	22	0	1	472	1	472	0.0	917
MDC0895337.1	QIZ21172.1	81.538	130	24	0	1	130	1	130	8.78e-73	209
MDC0895338.1	QIZ21173.1	70.253	158	47	0	1	158	1	158	1.83e-83	238
MDC0895339.1	QIZ21174.1	83.193	357	60	0	23	379	23	379	0.0	613
MDC0895340.1	QIZ21175.1	80.172	116	23	0	1	116	1	116	2.89e-65	189
MDC0895341.1	QIZ21176.1	67.052	173	57	0	1	173	8	180	6.05e-79	228
MDC0895342.1	QIZ21177.1	77.349	415	94	0	1	415	1	415	0.0	642
MDC0895343.1	QIZ21178.1	73.370	368	98	0	1	368	1	368	0.0	552
MDC0895344.1	QIZ21179.1	78.287	327	71	0	1	327	1	327	0.0	513
MDC0895345.1	QIZ21180.1	94.048	84	5	0	1	84	1	84	1.46e-53	157
MDC0895346.1	QIZ21181.1	78.102	137	27	1	1	137	1	134	3.36e-77	221
MDC0895347.1	QIZ21182.1	65.272	239	83	0	1	239	1	239	1.15e-121	342
MDC0895348.1	QIZ21183.1	78.173	197	43	0	1	197	1	197	2.09e-112	315
MDC0895349.1	QIZ21184.1	77.027	370	85	0	1	370	1	370	0.0	610
MDC0895350.1	QIZ21185.1	70.000	360	108	0	1	360	1	360	0.0	535
MDC0895351.1	QIZ21186.1	69.128	298	92	0	1	298	1	298	1.51e-149	417
MDC0895352.1	QIZ21187.1	67.742	248	80	0	1	248	1	248	1.23e-115	327
MDC0895353.1	QIZ21188.1	87.336	458	58	0	1	458	1	458	0.0	751
MDC0895354.1	QIZ21189.1	79.210	481	98	1	1	479	1	481	0.0	733
MDC0895355.1	QIZ21190.1	85.577	520	75	0	1	520	6	525	0.0	919
MDC0895356.1	QIZ21191.1	71.758	347	98	0	1	347	1	347	0.0	514
MDC0895357.1	QIZ21192.1	87.629	97	12	0	1	97	1	97	2.97e-49	147
MDC0895358.1	QIZ21193.1	81.667	180	33	0	1	180	1	180	3.99e-104	292
MDC0895359.1	QIZ21194.1	92.784	291	21	0	1	291	1	291	0.0	536
MDC0895360.1	QIZ21195.1	89.625	347	36	0	1	347	1	347	0.0	639
MDC0895361.1	QIZ21196.1	80.457	394	75	1	1	394	1	392	0.0	666
MDC0895362.1	QIZ21197.1	90.055	181	18	0	7	187	7	187	6.64e-121	335
MDC0895363.1	QIZ21198.1	64.481	183	65	0	9	191	1	183	2.99e-84	243
MDC0895364.1	QIZ21200.1	84.957	924	139	0	1	924	1	924	0.0	1602
MDC0895365.1	QIZ21201.1	92.766	235	17	0	1	235	1	235	7.08e-163	445
MDC0895366.1	QIZ21202.1	66.342	514	170	2	1	513	1	512	0.0	621
MDC0895367.1	QIZ21203.1	89.252	428	46	0	1	428	1	428	0.0	779
MDC0895368.1	QIZ21204.1	49.333	150	75	1	1	150	1	149	3.78e-47	146
MDC0895369.1	QIZ21205.1	55.987	309	132	3	7	312	8	315	1.94e-109	317
MDC0895370.1	QIZ21206.1	56.637	226	98	0	1	226	1	226	1.43e-86	252
MDC0895371.1	QIZ21207.1	72.689	238	64	1	1	237	1	238	2.45e-128	358
MDC0895372.1	QIZ21208.1	62.185	119	42	1	1	119	1	116	5.09e-47	144
MDC0895373.1	QIZ21209.1	78.534	191	41	0	9	199	9	199	1.36e-116	325
MDC0895374.1	QIZ21210.1	80.847	1039	199	0	1	1039	1	1039	0.0	1660
MDC0895375.1	QIZ21211.1	60.596	302	119	0	1	302	1	302	1.36e-131	372
MDC0895376.1	QIZ21212.1	71.747	269	76	0	1	269	1	269	4.60e-148	411
MDC0895377.1	QIZ21213.1	74.150	147	38	0	1	147	1	147	1.42e-85	243
MDC0895378.1	QIZ21214.1	89.796	294	30	0	1	294	1	294	0.0	531
MDC0895379.1	QIZ21215.1	81.991	211	38	0	1	211	1	211	7.48e-128	355
MDC0895380.1	QIZ21216.1	61.224	98	38	0	1	98	1	98	1.29e-46	140
MDC0895381.1	QIZ21217.1	90.395	177	17	0	1	177	1	177	7.93e-121	334
MDC0895382.1	QIZ21218.1	91.972	436	35	0	1	436	1	436	0.0	803
MDC0895383.1	QIZ21219.1	69.307	101	31	0	1	101	1	101	2.46e-49	147
MDC0895385.1	QIZ21220.1	80.318	691	136	0	1	691	1	691	0.0	1164
MDC0895386.1	QIZ21221.1	67.066	167	54	1	1	166	1	167	7.35e-71	207
MDC0895387.1	QIZ21222.1	57.980	307	128	1	1	306	1	307	1.77e-123	352
MDC0895389.1	QIZ21223.1	70.979	286	83	0	1	286	1	286	3.02e-155	431
MDC0895390.1	QIZ21224.1	85.101	396	59	0	1	396	1	396	0.0	720
MDC0895392.1	QIZ21526.1	56.410	78	34	0	16	93	16	93	4.46e-30	99.0
MDC0895393.1	QIZ21226.1	80.531	113	22	0	1	113	1	113	4.70e-65	188
MDC0895394.1	QIZ21228.1	83.404	470	78	0	1	470	1	470	0.0	818
MDC0895395.1	QIZ21229.1	71.298	439	125	1	1	438	1	439	0.0	610
MDC0895396.1	QIZ21230.1	70.093	321	96	0	1	321	1	321	4.88e-162	451
MDC0895397.1	QIZ21231.1	80.531	226	44	0	1	226	1	226	3.60e-136	377
MDC0895398.1	QIZ21232.1	72.558	215	59	0	1	215	1	215	1.02e-111	314
MDC0895399.1	QIZ21233.1	95.380	606	28	0	1	606	1	606	0.0	1193
MDC0895400.1	QIZ21234.1	73.453	614	81	4	1	534	1	612	0.0	825
MDC0895402.1	QIZ21235.1	91.871	529	43	0	1	529	1	529	0.0	981
MDC0895403.1	QIZ21236.1	95.833	96	4	0	1	96	1	96	1.53e-63	183
MDC0895404.1	QIZ21237.1	70.221	272	81	0	1	272	1	272	7.35e-148	410
MDC0895405.1	QIZ21238.1	72.787	305	83	0	2	306	1	305	3.44e-163	452
MDC0895406.1	QIZ21239.1	82.743	904	156	0	1	904	1	904	0.0	1549
MDC0895407.1	QIZ21240.1	51.613	155	75	0	19	173	7	161	3.21e-51	157
MDC0895409.1	QIZ21242.1	59.524	378	151	1	8	383	3	380	2.21e-145	413
MDC0895410.1	QIZ21243.1	60.638	188	74	0	1	188	1	188	1.04e-71	211
MDC0895411.1	QIZ21244.1	65.000	420	147	0	1	420	1	420	0.0	585
MDC0895412.1	QIZ21245.1	81.667	60	11	0	1	60	1	60	1.89e-32	102
MDC0895413.1	QIZ21246.1	59.790	286	115	0	1	286	1	286	9.14e-120	340
MDC0895414.1	QIZ21247.1	58.280	314	131	0	1	314	1	314	4.21e-129	366
MDC0895415.1	QIZ21248.1	58.095	420	168	2	1	412	1	420	7.52e-152	432
MDC0895416.1	QIZ21249.1	72.318	578	160	0	1	578	1	578	0.0	856
MDC0895417.1	QIZ21250.1	72.028	286	80	0	1	286	1	286	5.59e-152	422
MDC0895418.1	QIZ21251.1	84.328	134	21	0	1	134	1	134	7.80e-87	245
MDC0895419.1	QIZ21252.1	55.556	324	144	0	1	324	1	324	1.17e-129	369
MDC0895420.1	QIZ21253.1	82.796	279	47	1	1	278	1	279	1.03e-173	476
MDC0895421.1	QIZ21254.1	78.481	79	17	0	1	79	1	79	1.14e-45	136
MDC0895422.1	QIZ21256.1	86.818	220	29	0	1	220	1	220	7.99e-135	373
MDC0895423.1	QIZ21257.1	84.979	233	34	1	1	232	1	233	5.45e-143	395
MDC0895424.1	QIZ21258.1	83.333	270	45	0	1	270	1	270	3.03e-166	457
MDC0895425.1	QIZ21259.1	95.037	544	27	0	1	544	1	544	0.0	1003
MDC0895426.1	QIZ21260.1	86.139	303	42	0	1	303	1	303	0.0	541
MDC0895428.1	QIZ21262.1	84.091	176	28	0	2	177	1	176	2.00e-115	320
MDC0895429.1	QIZ21263.1	85.496	262	38	0	1	262	1	262	1.82e-165	454
MDC0895430.1	QIZ21264.1	70.046	217	65	0	1	217	1	217	3.28e-102	290
MDC0895431.1	QIZ21265.1	70.806	459	130	2	1	456	1	458	0.0	673
MDC0895432.1	QIZ21266.1	72.671	161	44	0	1	161	1	161	1.05e-91	259
MDC0895433.1	QIZ21267.1	70.213	141	42	0	1	141	1	141	2.11e-70	204
MDC0895434.1	QIZ21268.1	64.688	320	112	1	1	319	1	320	5.86e-146	410
MDC0895435.1	QIZ21269.1	76.115	314	75	0	1	314	1	314	0.0	498
MDC0895436.1	QIZ21270.1	58.521	311	129	0	1	311	1	311	4.71e-117	335
MDC0895437.1	QIZ21271.1	64.689	354	125	0	1	354	1	354	2.42e-170	474
MDC0895438.1	QIZ21272.1	61.131	283	110	0	1	283	1	283	2.01e-113	324
MDC0895439.1	QIZ21273.1	83.333	486	80	1	1	486	1	485	0.0	832
MDC0895440.1	QIZ21274.1	80.606	165	32	0	1	165	4	168	1.18e-91	259
MDC0895441.1	QIZ21275.1	72.626	179	49	0	17	195	1	179	1.58e-90	258
MDC0895442.1	QIZ21276.1	100.000	75	0	0	1	75	1	75	1.79e-46	138
MDC0895443.1	QIZ21277.1	92.213	244	19	0	1	244	1	244	3.46e-165	452
MDC0895444.1	QIZ21278.1	83.516	91	15	0	1	91	1	91	9.58e-51	150
MDC0895445.1	QIZ21279.1	82.614	857	149	0	1	857	1	857	0.0	1443
MDC0895446.1	QIZ21280.1	68.023	172	55	0	21	192	25	196	5.69e-88	253
MDC0895447.1	QIZ21281.1	77.778	162	36	0	1	162	1	162	8.96e-85	242
MDC0895448.1	QIZ21282.1	65.231	325	113	0	1	325	1	325	3.46e-150	421
MDC0895449.1	QIZ21283.1	53.646	384	176	2	1	383	1	383	6.65e-141	402
MDC0895450.1	QIZ21284.1	89.045	356	39	0	1	356	1	356	0.0	666
MDC0895451.1	QIZ21285.1	76.503	183	43	0	1	183	1	183	4.39e-98	278
MDC0895452.1	QIZ21286.1	62.551	243	87	1	1	239	1	243	3.10e-103	295
MDC0895453.1	QIZ21287.1	58.135	547	228	1	16	561	15	561	0.0	632
MDC0895454.1	QIZ21288.1	55.872	281	124	0	1	281	1	281	1.46e-102	296
MDC0895455.1	QIZ21289.1	61.611	422	162	0	1	422	1	422	0.0	545
MDC0895456.1	QIZ21290.1	88.608	158	18	0	1	158	1	158	3.32e-102	286
MDC0895457.1	QIZ21291.1	78.102	274	60	0	1	274	1	274	3.48e-162	447
MDC0895458.1	QIZ21292.1	74.324	148	38	0	1	148	1	148	7.94e-82	234
MDC0895459.1	QIZ21293.1	89.941	169	17	0	1	169	1	169	1.42e-108	303
MDC0895460.1	QIZ21294.1	93.556	419	27	0	1	419	1	419	0.0	780
MDC0895461.1	QIZ21295.1	79.537	259	53	0	1	259	1	259	1.29e-149	414
MDC0895462.1	QIZ21296.1	87.955	357	43	0	1	357	1	357	0.0	655
MDC0895463.1	QIZ21297.1	81.622	185	34	0	1	185	1	185	5.22e-113	315
MDC0895464.1	QIZ21298.1	72.566	226	54	2	1	224	1	220	3.54e-106	301
MDC0895465.1	QIZ21299.1	93.871	310	19	0	1	310	1	310	0.0	561
MDC0895466.1	QIZ21300.1	61.660	253	96	1	9	260	1	253	2.35e-92	268
MDC0895467.1	QIZ21301.1	54.310	348	158	1	1	348	1	347	3.28e-130	372
MDC0895468.1	QIZ21302.1	65.354	254	88	0	1	254	1	254	5.04e-122	343
MDC0895469.1	QIZ21303.1	74.286	70	18	0	1	70	1	70	2.66e-31	100
MDC0895470.1	QIZ21304.1	69.476	439	134	0	1	439	1	439	0.0	647
MDC0895471.1	QIZ21305.1	79.111	225	47	0	1	225	1	225	1.10e-128	358
MDC0895472.1	QIZ21306.1	80.556	144	28	0	1	144	1	144	1.60e-81	232
MDC0895473.1	QIZ21307.1	90.000	290	29	0	1	290	1	290	0.0	562
MDC0895474.1	QIZ21308.1	90.155	193	19	0	1	193	1	193	1.85e-129	357
MDC0895475.1	QIZ21309.1	90.507	611	58	0	1	611	1	611	0.0	1157
MDC0895476.1	QIZ21310.1	91.489	141	12	0	1	141	1	141	1.59e-88	249
MDC0895477.1	QIZ21312.1	79.200	250	52	0	1	250	1	250	1.09e-145	403
MDC0895478.1	QIZ21313.1	91.445	713	61	0	1	713	1	713	0.0	1364
MDC0895479.1	QIZ21314.1	94.236	399	23	0	1	399	1	399	0.0	775
MDC0895480.1	QIZ21316.1	78.899	218	46	0	1	218	1	218	2.06e-119	334
MDC0895482.1	QIZ21317.1	96.497	314	11	0	1	314	1	314	0.0	632
MDC0895483.1	QIZ21318.1	82.484	314	55	0	1	314	1	314	0.0	539
MDC0895484.1	QIZ21319.1	95.455	220	10	0	1	220	1	220	1.37e-160	438
MDC0895485.1	QIZ21320.1	95.846	337	14	0	1	337	1	337	0.0	671
MDC0895486.1	QIZ21321.1	60.870	253	83	6	1	241	1	249	9.63e-105	299
MDC0895487.1	QIZ21322.1	65.000	220	69	3	1	215	1	217	1.26e-103	294
MDC0895488.1	QIZ21323.1	67.722	316	91	4	1	310	1	311	8.36e-160	444
MDC0895489.1	QIZ21324.1	63.396	265	79	4	1	256	1	256	1.59e-106	305
MDC0895490.1	QIZ21325.1	59.763	169	67	1	1	168	1	169	1.13e-67	199
MDC0895491.1	QIZ21326.1	69.437	1564	467	6	13	1567	16	1577	0.0	2247
MDC0895492.1	QIZ21327.1	72.727	55	15	0	12	66	12	66	5.72e-25	84.0
MDC0895494.1	QIZ21328.1	85.039	254	38	0	1	254	1	254	1.58e-158	436
MDC0895495.1	QIZ21329.1	95.982	448	18	0	1	448	1	448	0.0	887
MDC0895497.1	QIZ21330.1	88.657	670	75	1	1	670	132	800	0.0	1177
MDC0895498.1	QIZ21331.1	85.333	225	33	0	1	225	1	225	1.46e-125	350
MDC0895499.1	QIZ21332.1	79.470	151	30	1	18	168	18	167	9.35e-75	217
MDC0895500.1	QIZ21333.1	88.803	518	58	0	1	518	1	518	0.0	939
MDC0895501.1	QIZ21334.1	95.540	583	26	0	1	583	1	583	0.0	1139
MDC0895502.1	QIZ21335.1	93.171	410	28	0	1	410	1	410	0.0	697
MDC0895503.1	QIZ21336.1	89.583	144	15	0	1	144	1	144	2.22e-95	267
MDC0895504.1	QIZ21337.1	91.919	99	8	0	1	99	1	99	6.31e-62	179
MDC0895505.1	QIZ21338.1	88.298	94	11	0	1	94	1	94	6.02e-59	171
MDC0895506.1	QIZ21339.1	59.763	169	46	6	1	160	1	156	6.63e-52	158
MDC0895507.1	QIZ21340.1	77.778	144	30	2	6	148	20	162	1.42e-76	221
MDC0895508.1	QIZ21341.1	77.083	96	22	0	1	96	1	96	2.83e-47	142
MDC0895509.1	QIZ21342.1	96.330	109	4	0	1	109	1	109	5.64e-77	218
MDC0895510.1	QIZ21343.1	96.510	745	26	0	1	745	1	745	0.0	1477
MDC0895511.1	QIZ21343.1	53.047	722	309	5	9	716	39	744	0.0	773
MDC0895512.1	QIZ21344.1	93.972	282	17	0	1	282	1	282	0.0	524
MDC0895513.1	QIZ21345.1	79.310	319	66	0	4	322	8	326	1.27e-178	493
MDC0895514.1	QIZ21346.1	94.825	715	37	0	1	715	1	715	0.0	1398
MDC0895515.1	QIZ21355.1	96.491	114	4	0	1	114	1	114	1.08e-78	223
MDC0895516.1	QIZ21356.1	26.077	836	465	28	1	800	1	719	3.58e-47	174
MDC0895517.1	QIZ21357.1	69.060	766	211	12	1	750	1	756	0.0	984
MDC0895518.1	QIZ21359.1	88.920	1074	119	0	1	1074	1	1074	0.0	1968
MDC0895519.1	QIZ21360.1	84.156	385	60	1	1	384	1	385	0.0	671
MDC0895520.1	QIZ21361.1	76.316	152	36	0	1	152	1	152	1.42e-74	215
MDC0895521.1	QIZ21362.1	77.496	591	133	0	1	591	1	591	0.0	919
MDC0895522.1	QIZ21363.1	93.257	608	40	1	1	608	1	607	0.0	1153
MDC0895524.1	QIZ21364.1	66.667	195	62	2	2	195	5	197	6.44e-88	253
MDC0895525.1	QIZ21365.1	56.981	265	110	2	1	265	1	261	5.73e-108	308
MDC0895526.1	QIZ21366.1	64.344	244	85	1	1	244	3	244	1.18e-108	309
MDC0895527.1	QIZ21367.1	88.387	155	18	0	1	155	1	155	7.58e-104	290
MDC0895528.1	QIZ21368.1	78.313	498	101	3	1	494	1	495	0.0	712
MDC0895529.1	QIZ21369.1	70.238	336	100	0	1	336	1	336	2.83e-173	480
MDC0895530.1	QIZ21370.1	46.875	96	50	1	1	96	1	95	9.50e-22	78.2
MDC0895531.1	QIZ21371.1	63.102	561	198	2	4	561	5	559	0.0	707
MDC0895532.1	QIZ21372.1	56.917	947	405	1	1	947	1	944	0.0	1009
MDC0895534.1	QIZ21373.1	56.909	427	176	4	8	430	8	430	2.46e-148	424
MDC0895535.1	QIZ21374.1	68.717	374	117	0	1	374	1	374	1.76e-172	481
MDC0895536.1	QIZ21375.1	47.207	358	184	4	1	355	1	356	1.34e-116	338
MDC0895537.1	QIZ21376.1	75.431	464	114	0	1	464	1	464	0.0	728
MDC0895538.1	QIZ21377.1	66.556	302	100	1	1	301	11	312	2.83e-134	379
MDC0895539.1	QIZ21378.1	74.342	304	78	0	1	304	1	304	1.03e-156	436
MDC0895540.1	QIZ21379.1	37.611	226	133	5	1	221	1	223	3.80e-41	135
MDC0895542.1	QIZ21381.1	68.627	306	96	0	1	306	1	306	3.71e-144	404
MDC0895543.1	QIZ21382.1	57.955	264	107	1	18	277	19	282	1.42e-103	299
MDC0895544.1	QIZ21383.1	65.385	676	234	0	1	676	1	676	0.0	917
MDC0895545.1	QIZ21384.1	63.929	560	201	1	5	564	6	564	0.0	714
MDC0895546.1	QIZ21385.1	85.103	678	101	0	1	678	1	678	0.0	1219
MDC0895547.1	QIZ21386.1	31.169	462	304	9	34	489	30	483	6.45e-41	149
MDC0895548.1	QIZ21387.1	89.177	462	50	0	1	462	1	462	0.0	827
MDC0895550.1	QIZ20745.1	77.256	277	63	0	1	277	1	277	1.54e-155	430
MDC0895551.1	QIZ20744.1	89.058	329	36	0	1	329	1	329	0.0	617
MDC0895552.1	QIZ20743.1	73.810	294	77	0	1	294	1	294	2.27e-162	449
MDC0895553.1	QIZ20742.1	85.945	434	61	0	1	434	1	434	0.0	787
MDC0895554.1	QIZ20741.1	78.704	108	23	0	1	108	1	108	2.18e-58	171
MDC0895555.1	QIZ20740.1	89.683	630	65	0	1	630	1	630	0.0	1182
MDC0895556.1	QIZ20739.1	84.190	253	40	0	1	253	1	253	8.98e-157	432
MDC0895557.1	QIZ20738.1	78.302	106	23	0	1	106	1	106	6.39e-62	179
MDC0895558.1	QIZ20737.1	73.669	338	89	0	1	338	1	338	0.0	514
MDC0895559.1	QIZ20736.1	73.786	206	54	0	1	206	1	206	2.12e-120	336
MDC0895561.1	QIZ20734.1	74.667	150	38	0	24	173	31	180	1.79e-85	245
MDC0895563.1	QIZ20733.1	55.172	290	130	0	1	290	1	290	4.61e-111	318
MDC0895568.1	QIZ20732.1	81.412	425	79	0	1	425	1	425	0.0	726
MDC0895569.1	QIZ20731.1	80.916	131	25	0	1	131	1	131	3.20e-80	228
MDC0895570.1	QIZ20575.1	85.345	116	17	0	1	116	1	116	5.41e-76	216
MDC0895571.1	QIZ20729.1	71.074	121	34	1	1	121	1	120	6.72e-63	183
MDC0895572.1	QIZ20728.1	67.752	307	99	0	1	307	1	307	3.73e-150	419
MDC0895573.1	QIZ20727.1	54.964	413	184	2	20	430	20	432	3.47e-154	439
MDC0895574.1	QIZ20726.1	88.630	387	39	2	1	386	1	383	0.0	694
MDC0895575.1	QIZ20725.1	76.577	888	208	0	1	888	1	888	0.0	1423
MDC0895576.1	QIZ20724.1	88.861	404	45	0	1	404	1	404	0.0	766
MDC0895577.1	QIZ20723.1	73.953	215	56	0	1	215	1	215	1.56e-124	347
MDC0895578.1	QIZ20722.1	66.791	268	87	2	1	267	1	267	1.88e-123	348
MDC0895579.1	QIZ20721.1	76.080	301	72	0	1	301	1	301	1.52e-178	491
MDC0895580.1	QIZ20720.1	73.399	203	54	0	1	203	1	203	8.72e-108	303
MDC0895581.1	QIZ20719.1	84.078	358	57	0	1	358	1	358	0.0	580
MDC0895582.1	QIZ20718.1	53.147	143	67	0	1	143	1	143	2.99e-47	145
MDC0895583.1	QIZ20717.1	81.190	521	97	1	1	520	1	521	0.0	861
MDC0895584.1	QIZ20716.1	79.856	139	28	0	1	139	1	139	1.36e-86	244
MDC0895585.1	QIZ20715.1	70.428	257	76	0	1	257	1	257	2.06e-134	375
MDC0895586.1	QIZ20714.1	86.275	204	28	0	1	204	1	204	1.66e-122	341
MDC0895587.1	QIZ20707.1	71.951	164	41	2	3	162	1	163	2.76e-81	233
MDC0895588.1	QIZ20706.1	81.641	256	47	0	1	256	9	264	3.78e-160	441
MDC0895589.1	QIZ20705.1	65.789	228	74	1	1	224	1	228	6.08e-110	311
MDC0895590.1	QIZ20704.1	54.921	315	140	2	1	313	1	315	9.71e-123	350
MDC0895591.1	QIZ20703.1	75.768	293	67	1	1	289	1	293	3.57e-153	426
MDC0895592.1	QIZ20702.1	67.302	367	120	0	1	367	1	367	0.0	517
MDC0895593.1	QIZ20701.1	84.127	126	20	0	1	126	1	126	5.68e-80	227
MDC0895594.1	QIZ20700.1	86.134	952	132	0	1	952	1	952	0.0	1710
MDC0895595.1	QIZ20699.1	71.981	414	116	0	1	414	1	414	0.0	616
MDC0895597.1	QIZ20698.1	73.724	392	103	0	1	392	1	392	0.0	596
MDC0895598.1	QIZ20697.1	63.187	182	67	0	1	182	1	182	1.51e-82	238
MDC0895599.1	QIZ20696.1	87.747	253	31	0	1	253	1	253	1.42e-167	459
MDC0895600.1	QIZ20695.1	78.065	155	34	0	1	155	1	155	5.95e-72	209
MDC0895601.1	QIZ20694.1	94.278	367	21	0	1	367	1	367	0.0	705
MDC0895602.1	QIZ20692.1	67.292	480	155	1	4	481	12	491	0.0	701
MDC0895603.1	QIZ20691.1	90.130	922	91	0	1	922	1	922	0.0	1775
MDC0895604.1	QIZ20690.1	85.688	552	78	1	1	551	1	552	0.0	973
MDC0895605.1	QIZ20689.1	64.130	276	99	0	1	276	1	276	3.61e-134	376
MDC0895606.1	QIZ20687.1	60.897	156	61	0	1	156	1	156	1.74e-58	175
MDC0895607.1	QIZ20686.1	59.559	136	51	1	1	132	1	136	5.18e-54	162
MDC0895608.1	QIZ20685.1	54.592	196	88	1	1	195	1	196	1.55e-74	219
MDC0895609.1	QIZ20684.1	62.712	413	151	1	1	413	1	410	8.38e-179	501
MDC0895610.1	QIZ20683.1	77.409	301	68	0	1	301	1	301	9.83e-167	461
MDC0895611.1	QIZ20682.1	87.901	405	49	0	1	405	1	405	0.0	757
MDC0895612.1	QIZ20681.1	93.514	370	24	0	1	370	1	370	0.0	733
MDC0895613.1	QIZ20680.1	80.115	347	69	0	1	347	1	347	0.0	600
MDC0895614.1	QIZ20679.1	82.667	75	13	0	1	75	1	75	6.00e-45	134
MDC0895615.1	QIZ20677.1	85.246	244	29	1	1	244	1	237	8.64e-103	294
MDC0895616.1	QIZ20676.1	82.609	161	28	0	1	161	1	161	3.04e-88	251
MDC0895618.1	QIZ21534.1	44.037	109	60	1	13	121	13	120	1.31e-30	102
MDC0895619.1	QIZ20673.1	79.070	430	89	1	1	429	1	430	0.0	682
MDC0895620.1	QIZ20672.1	80.420	286	56	0	1	286	1	286	6.02e-174	478
MDC0895621.1	QIZ20671.1	74.434	309	78	1	1	308	1	309	3.27e-172	475
MDC0895622.1	QIZ20670.1	76.798	431	100	0	1	431	1	431	0.0	695
MDC0895623.1	QIZ20669.1	87.708	480	59	0	14	493	14	493	0.0	889
MDC0895624.1	QIZ20668.1	72.928	181	49	0	1	181	1	181	4.73e-90	257
MDC0895625.1	QIZ20667.1	82.560	797	135	3	1	796	1	794	0.0	1270
MDC0895626.1	QIZ20666.1	86.441	472	64	0	1	472	1	472	0.0	856
MDC0895627.1	QIZ20665.1	79.605	152	31	0	1	152	1	152	3.76e-79	227
MDC0895628.1	QIZ20664.1	94.286	70	4	0	21	90	1	70	3.45e-45	135
MDC0895629.1	QIZ20663.1	80.769	104	20	0	1	104	1	104	8.89e-62	180
MDC0895630.1	QIZ20662.1	68.831	308	96	0	1	308	1	308	8.88e-151	421
MDC0895631.1	QIZ20661.1	84.082	245	39	0	1	245	3	247	1.27e-150	415
MDC0895632.1	QIZ20660.1	92.405	79	6	0	1	79	1	79	2.92e-46	138
MDC0895633.1	QIZ20659.1	76.667	210	49	0	1	210	1	210	5.62e-121	337
MDC0895634.1	QIZ20658.1	68.217	258	82	0	2	259	3	260	5.44e-129	362
MDC0895635.1	QIZ20657.1	56.563	320	138	1	1	319	1	320	4.07e-111	321
MDC0895636.1	QIZ20656.1	38.255	298	182	1	11	306	7	304	3.69e-61	192
MDC0895637.1	QIZ20655.1	44.911	786	417	5	88	869	33	806	0.0	637
MDC0895638.1	QIZ20654.1	51.840	326	157	0	1	326	32	357	1.33e-100	296
MDC0895639.1	QIZ21352.1	54.936	233	95	3	6	228	3	235	6.34e-71	258
MDC0895639.1	QIZ21352.1	47.791	249	84	7	906	1117	1138	1377	5.05e-36	145
MDC0895639.1	QIZ21352.1	37.500	328	155	13	333	642	391	686	1.24e-28	120
MDC0895641.1	QIZ21353.1	56.757	629	236	5	25	619	15	641	0.0	720
MDC0895642.1	QIZ20433.1	82.828	99	17	0	1	99	1	99	1.75e-56	165
MDC0895643.1	QIZ20434.1	62.195	246	93	0	1	246	1	246	4.94e-118	333
MDC0895644.1	QIZ20435.1	49.471	473	237	2	1	472	2	473	3.77e-140	407
MDC0895645.1	QIZ20436.1	83.333	486	78	2	1	485	1	484	0.0	781
MDC0895646.1	QIZ20437.1	77.540	187	42	0	1	187	1	187	3.17e-109	306
MDC0895647.1	QIZ20438.1	80.303	330	65	0	1	330	1	330	0.0	546
MDC0895648.1	QIZ20439.1	79.468	263	54	0	1	263	1	263	3.59e-144	400
MDC0895649.1	QIZ20440.1	93.333	225	15	0	1	225	1	225	1.59e-156	428
MDC0895650.1	QIZ20441.1	87.852	461	56	0	1	461	1	461	0.0	843
MDC0895651.1	QIZ20442.1	78.457	376	81	0	1	376	1	376	0.0	579
MDC0895652.1	QIZ20443.1	77.395	261	59	0	1	261	1	261	2.44e-123	347
MDC0895653.1	QIZ20444.1	83.077	260	44	0	1	260	1	260	1.12e-161	444
MDC0895654.1	QIZ20445.1	74.540	326	83	0	1	326	1	326	3.38e-175	484
MDC0895655.1	QIZ20446.1	86.897	145	19	0	4	148	2	146	2.94e-93	262
MDC0895658.1	QIZ20448.1	62.402	383	142	1	3	383	2	384	1.07e-162	457
MDC0895659.1	QIZ20449.1	46.207	145	73	3	54	197	72	212	8.01e-32	111
MDC0895660.1	QIZ20450.1	60.889	225	87	1	1	224	1	225	7.43e-89	257
MDC0895661.1	QIZ20451.1	78.142	183	40	0	1	183	1	183	1.21e-104	294
MDC0895662.1	QIZ20452.1	78.445	283	61	0	1	283	1	283	7.36e-164	452
MDC0895664.1	QIZ20453.1	79.174	1138	236	1	1	1138	1	1137	0.0	1871
MDC0895665.1	QIZ20454.1	63.111	225	83	0	1	225	1	225	5.77e-105	298
MDC0895666.1	QIZ20455.1	74.390	410	104	1	1	409	1	410	0.0	572
MDC0895667.1	QIZ20456.1	80.405	444	87	0	1	444	1	444	0.0	755
MDC0895668.1	QIZ20457.1	86.420	81	11	0	1	81	1	81	1.00e-39	122
MDC0895669.1	QIZ20458.1	86.207	551	76	0	1	551	1	551	0.0	1004
MDC0895670.1	QIZ20459.1	62.903	248	92	0	1	248	1	248	2.34e-102	293
MDC0895671.1	QIZ20460.1	54.444	180	82	0	1	180	1	180	2.19e-62	187
MDC0895672.1	QIZ20461.1	77.966	472	103	1	1	472	1	471	0.0	706
MDC0895673.1	QIZ20462.1	83.503	491	79	1	1	491	1	489	0.0	836
MDC0895674.1	QIZ20463.1	83.830	637	103	0	1	637	1	637	0.0	1096
MDC0895675.1	QIZ20464.1	86.408	103	14	0	1	103	1	103	1.52e-50	150
MDC0895676.1	QIZ20465.1	80.476	210	41	0	1	210	1	210	2.22e-127	353
MDC0895677.1	QIZ20466.1	90.062	161	16	0	1	161	1	161	2.22e-111	309
MDC0895678.1	QIZ20467.1	93.675	332	21	0	1	332	1	332	0.0	627
MDC0895679.1	QIZ20468.1	76.618	680	153	3	1	675	1	679	0.0	1095
MDC0895680.1	QIZ20469.1	90.293	443	43	0	1	443	1	443	0.0	845
MDC0895681.1	QIZ20470.1	85.149	202	30	0	1	202	1	202	2.84e-133	368
MDC0895682.1	QIZ20471.1	93.862	391	24	0	1	391	1	391	0.0	770
MDC0895683.1	QIZ20472.1	85.149	202	29	1	1	201	1	202	8.11e-128	354
MDC0895684.1	QIZ20473.1	90.751	173	16	0	1	173	1	173	4.19e-123	340
MDC0895685.1	QIZ20474.1	95.082	122	6	0	1	122	1	122	1.07e-80	228
MDC0895686.1	QIZ20475.1	89.281	793	84	1	1	792	2	794	0.0	1423
MDC0895687.1	QIZ20476.1	93.602	422	27	0	1	422	1	422	0.0	817
MDC0895688.1	QIZ20477.1	87.685	203	25	0	1	203	1	203	5.59e-136	375
MDC0895689.1	QIZ20478.1	73.306	487	119	2	1	477	1	486	0.0	691
MDC0895690.1	QIZ20479.1	77.500	80	18	0	1	80	1	80	1.09e-42	129
MDC0895694.1	QIZ20480.1	63.448	145	53	0	34	178	34	178	1.05e-66	198
MDC0895695.1	QIZ20481.1	69.643	224	68	0	1	224	1	224	1.89e-114	322
MDC0895696.1	QIZ20482.1	75.714	140	34	0	1	140	1	140	1.67e-79	227
MDC0895698.1	QIZ20483.1	65.072	209	69	2	8	215	9	214	1.75e-95	273
MDC0895700.1	QIZ20484.1	81.048	248	47	0	1	248	1	248	5.49e-153	421
MDC0895701.1	QIZ20485.1	64.330	485	173	0	1	485	1	485	0.0	617
MDC0895702.1	QIZ20487.1	76.765	439	102	0	4	442	2	440	0.0	652
MDC0895703.1	QIZ20488.1	55.825	206	77	2	16	208	15	219	2.46e-67	202
MDC0895704.1	QIZ20489.1	60.548	365	142	1	1	365	1	363	2.20e-164	460
MDC0895705.1	QIZ20495.1	83.051	531	90	0	1	531	1	531	0.0	951
MDC0895706.1	QIZ20496.1	93.878	196	12	0	1	196	1	196	7.56e-121	336
MDC0895707.1	QIZ20497.1	88.095	252	30	0	1	252	1	252	7.44e-155	426
MDC0895708.1	QIZ20498.1	62.921	267	94	2	1	266	1	263	4.06e-108	309
MDC0895709.1	QIZ20499.1	76.357	258	61	0	1	258	1	258	1.46e-145	404
MDC0895710.1	QIZ20500.1	85.640	383	55	0	1	383	1	383	0.0	709
MDC0895713.1	QIZ20510.1	76.037	434	104	0	1	434	1	434	0.0	685
MDC0895714.1	QIZ20511.1	96.633	594	20	0	1	594	1	594	0.0	1196
MDC0895715.1	QIZ20512.1	87.234	94	12	0	1	94	1	94	3.31e-57	167
MDC0895716.1	QIZ20513.1	96.392	388	14	0	13	400	1	388	0.0	782
MDC0895717.1	QIZ20514.1	80.000	355	71	0	6	360	4	358	0.0	556
MDC0895718.1	QIZ20516.1	88.858	359	40	0	1	359	1	359	0.0	593
MDC0895720.1	QIZ20517.1	74.138	116	30	0	1	116	1	116	4.35e-63	183
MDC0895721.1	QIZ20518.1	96.769	619	20	0	1	619	1	619	0.0	1272
MDC0895722.1	QIZ20519.1	93.590	156	10	0	1	156	1	156	2.97e-112	311
MDC0895723.1	QIZ20520.1	73.864	264	69	0	1	264	1	264	1.67e-153	424
MDC0895724.1	QIZ20521.1	77.273	132	30	0	1	132	1	132	1.54e-75	216
MDC0895725.1	QIZ20522.1	62.109	256	97	0	1	256	1	256	3.14e-109	311
MDC0895726.1	QIZ20523.1	71.892	185	52	0	1	185	1	185	6.93e-87	249
MDC0895727.1	QIZ20524.1	73.506	385	101	1	3	387	4	387	0.0	538
MDC0895728.1	QIZ20525.1	61.235	405	157	0	1	405	1	405	1.77e-177	496
MDC0895729.1	QIZ20526.1	81.841	391	71	0	1	391	1	391	0.0	681
MDC0895730.1	QIZ20527.1	75.881	369	87	2	4	371	3	370	0.0	571
MDC0895731.1	QIZ20528.1	75.926	54	13	0	1	54	13	66	3.96e-27	88.6
MDC0895732.1	QIZ20529.1	61.753	251	95	1	4	254	7	256	9.72e-108	307
MDC0895734.1	QIZ20530.1	75.000	184	46	0	4	187	1	184	6.62e-105	295
MDC0895735.1	QIZ20531.1	63.694	157	57	0	1	157	1	157	2.89e-72	210
MDC0895736.1	QIZ20532.1	62.963	189	69	1	1	188	1	189	2.08e-81	236
MDC0895737.1	QIZ20533.1	65.354	127	44	0	1	127	1	127	9.48e-59	173
MDC0895738.1	QIZ20534.1	50.388	258	127	1	1	257	1	258	1.04e-85	252
MDC0895740.1	QIZ20536.1	78.289	152	33	0	1	152	2	153	1.31e-64	190
MDC0895741.1	QIZ20537.1	65.820	433	148	0	1	433	1	433	0.0	525
MDC0895742.1	QIZ20538.1	96.703	91	3	0	1	91	1	91	5.92e-62	179
MDC0895743.1	QIZ20539.1	55.978	368	157	1	1	368	1	363	1.77e-148	421
MDC0895748.1	QIZ20911.1	73.034	178	47	1	1	177	1	178	5.41e-100	282
MDC0895752.1	QIZ20912.1	34.311	341	177	9	4	321	7	323	4.31e-50	165
MDC0895763.1	QIZ20216.1	91.483	317	27	0	1	317	2	318	0.0	591
MDC0895764.1	QIZ20675.1	55.556	63	28	0	7	69	6	68	6.06e-21	73.6
MDC0895765.1	QIZ21315.1	77.181	149	34	0	1	149	1	149	4.23e-90	254
MDC0895766.1	QIZ20217.1	84.152	448	70	1	1	448	1	447	0.0	786
MDC0895768.1	QIZ20674.1	74.046	393	102	0	1	393	1	393	0.0	616
MDC0895769.1	QIZ20210.1	85.393	534	78	0	8	541	3	536	0.0	914
MDC0895770.1	QIZ21225.1	45.283	159	85	2	24	181	23	180	7.24e-45	142
MDC0895771.1	QIZ20506.1	69.347	199	61	0	1	199	1	199	1.38e-99	283
MDC0895772.1	QIZ20507.1	85.000	220	33	0	1	220	1	220	5.09e-137	379
MDC0895773.1	QIZ20508.1	71.834	845	238	0	1	845	17	861	0.0	1180
MDC0895774.1	QIZ20551.1	68.602	379	119	0	1	379	1	379	0.0	551
MDC0895775.1	QIZ20552.1	86.799	303	40	0	1	303	1	303	0.0	540
MDC0895776.1	QIZ20553.1	89.019	428	47	0	1	428	1	428	0.0	781
MDC0895778.1	QIZ20554.1	75.000	196	49	0	1	196	1	196	6.07e-99	281
MDC0895779.1	QIZ20555.1	84.970	499	75	0	2	500	3	501	0.0	884
MDC0895780.1	QIZ20556.1	83.046	348	59	0	6	353	3	350	0.0	596
MDC0895781.1	QIZ20557.1	94.062	320	19	0	1	320	1	320	0.0	619
MDC0895782.1	QIZ20559.1	94.702	151	8	0	1	151	19	169	4.32e-105	293
MDC0895783.1	QIZ20560.1	95.550	427	19	0	1	427	1	427	0.0	745
MDC0895784.1	QIZ20561.1	92.754	345	24	1	5	349	3	346	0.0	663
MDC0895785.1	QIZ20562.1	88.032	493	59	0	1	493	1	493	0.0	905
MDC0895786.1	QIZ20567.1	98.519	135	2	0	1	135	1	135	1.62e-101	282
MDC0895787.1	QIZ20568.1	83.158	190	31	1	1	189	1	190	3.33e-115	321
MDC0895788.1	QIZ20569.1	89.489	333	35	0	1	333	1	333	0.0	612
MDC0895789.1	QIZ20570.1	54.348	138	62	1	1	138	1	137	4.28e-53	160
MDC0895790.1	QIZ20571.1	87.500	96	11	1	9	103	1	96	3.53e-59	172
MDC0895791.1	QIZ20574.1	77.500	120	27	0	1	120	1	120	3.49e-63	184
MDC0895792.1	QIZ20576.1	90.816	98	9	0	1	98	1	98	4.56e-62	179
MDC0895793.1	QIZ20577.1	85.849	106	15	0	1	106	1	106	6.68e-67	192
MDC0895794.1	QIZ20579.1	90.909	110	10	0	1	110	1	110	2.64e-67	194
MDC0895795.1	QIZ20582.1	74.775	111	28	0	1	111	1	111	1.79e-45	139
MDC0895796.1	QIZ20583.1	64.348	115	41	0	1	115	1	115	3.30e-56	166
MDC0895797.1	QIZ20584.1	71.038	183	53	0	5	187	4	186	1.11e-99	281
MDC0895798.1	QIZ20585.1	73.881	268	70	0	1	268	1	268	3.38e-151	419
MDC0895799.1	QIZ20589.1	63.509	285	104	0	3	287	4	288	1.60e-134	378
MDC0895801.1	QIZ20544.1	55.882	170	72	1	1	170	1	167	1.61e-70	206
MDC0895802.1	QIZ21540.1	64.539	141	50	0	15	155	7	147	2.97e-69	202
MDC0895803.1	QIZ21539.1	56.481	108	47	0	1	108	25	132	2.24e-31	105
MDC0895804.1	QIZ21125.1	29.482	251	168	4	48	289	38	288	4.31e-29	108
MDC0895805.1	QIZ20837.1	33.803	284	178	4	296	573	307	586	2.56e-43	159
MDC0895807.1	QIZ21125.1	31.646	237	146	8	41	265	34	266	2.03e-26	102
MDC0895812.1	QIZ20851.1	33.333	321	187	11	1	315	1	300	1.23e-38	135
MDC0895813.1	QIZ20860.1	67.500	400	129	1	30	428	33	432	0.0	548
MDC0895814.1	QIZ20861.1	67.021	94	19	2	4	97	16	97	4.57e-36	117
MDC0895815.1	QIZ20862.1	59.286	280	114	0	1	280	1	280	1.75e-119	339
MDC0895816.1	QIZ20863.1	84.874	357	54	0	1	357	1	357	0.0	595
MDC0895817.1	QIZ20864.1	89.863	365	37	0	1	365	1	365	0.0	674
MDC0895818.1	QIZ20865.1	74.194	403	104	0	1	403	1	403	0.0	623
MDC0895819.1	QIZ20866.1	73.640	239	63	0	1	239	1	239	2.77e-129	361
MDC0895820.1	QIZ20867.1	61.379	145	51	2	1	142	1	143	7.47e-54	162
MDC0895821.1	QIZ20868.1	68.822	433	135	0	1	433	1	433	0.0	615
MDC0895822.1	QIZ20869.1	78.184	848	182	1	1	845	1	848	0.0	1342
MDC0895823.1	QIZ20870.1	78.108	370	73	3	1	364	1	368	0.0	590
MDC0895824.1	QIZ20871.1	77.260	730	156	2	1	720	4	733	0.0	1182
MDC0895825.1	QIZ20872.1	87.192	203	26	0	1	203	1	203	5.80e-131	362
MDC0895826.1	QIZ20873.1	82.857	105	18	0	1	105	1	105	3.41e-60	175
MDC0895827.1	QIZ20874.1	71.681	565	140	4	1	553	1	557	0.0	787
MDC0895828.1	QIZ20875.1	78.986	276	58	0	1	276	1	276	1.36e-167	461
MDC0895829.1	QIZ20876.1	65.844	243	81	1	2	242	3	245	7.07e-105	299
MDC0895830.1	QIZ20877.1	68.156	179	57	0	1	179	11	189	1.91e-94	268
MDC0895831.1	QIZ20878.1	77.670	309	69	0	1	309	1	309	0.0	498
MDC0895832.1	QIZ20879.1	81.818	385	70	0	1	385	1	385	0.0	622
MDC0895833.1	QIZ20881.1	76.506	166	37	1	1	164	1	166	8.67e-93	262
MDC0895834.1	QIZ20882.1	76.012	321	77	0	1	321	1	321	0.0	525
MDC0895835.1	QIZ20883.1	82.759	203	35	0	1	203	1	203	2.52e-128	355
MDC0895836.1	QIZ20884.1	71.290	310	88	1	12	320	13	322	6.28e-157	437
MDC0895837.1	QIZ20885.1	42.236	161	92	1	28	188	35	194	7.24e-34	115
MDC0895838.1	QIZ20886.1	77.132	258	59	0	1	258	1	258	1.43e-144	401
MDC0895839.1	QIZ20887.1	66.826	419	139	0	19	437	19	437	0.0	533
MDC0895840.1	QIZ20888.1	71.078	204	59	0	13	216	12	215	1.67e-101	289
MDC0895841.1	QIZ20889.1	83.854	576	92	1	1	575	1	576	0.0	989
MDC0895842.1	QIZ20890.1	90.526	95	9	0	1	95	1	95	5.32e-61	176
MDC0895843.1	QIZ20891.1	83.478	230	38	0	1	230	1	230	4.37e-143	395
MDC0895844.1	QIZ20892.1	67.943	209	67	0	1	209	1	209	4.00e-101	287
MDC0895845.1	QIZ20893.1	87.010	408	53	0	1	408	1	408	0.0	747
MDC0895846.1	QIZ20894.1	83.650	263	43	0	3	265	2	264	2.78e-153	424
MDC0895847.1	QIZ20895.1	73.052	308	83	0	1	308	1	308	3.83e-180	495
MDC0895848.1	QIZ20896.1	47.653	426	215	7	1	422	1	422	1.26e-135	391
MDC0895849.1	QIZ20897.1	57.944	107	42	2	1	105	1	106	1.61e-40	125
MDC0895850.1	QIZ20898.1	35.908	479	296	4	4	481	5	473	5.91e-110	330
MDC0895851.1	QIZ20908.1	49.565	230	109	3	1	223	1	230	2.35e-73	218
MDC0895853.1	QIZ20920.1	49.782	229	114	1	1	229	1	228	9.87e-76	224
MDC0895854.1	QIZ20921.1	47.714	350	178	3	1	349	1	346	3.19e-112	326
MDC0895855.1	QIZ20922.1	64.454	467	161	4	1	464	1	465	0.0	586
MDC0895856.1	QIZ21496.1	67.692	65	21	0	3	67	2	66	1.17e-29	95.9
MDC0895857.1	QIZ20923.1	84.507	71	11	0	1	71	1	71	1.79e-41	125
MDC0895858.1	QIZ20924.1	81.733	427	78	0	1	427	2	428	0.0	700
MDC0895859.1	QIZ20925.1	67.969	128	41	0	1	128	1	128	1.09e-61	181
MDC0895860.1	QIZ20926.1	80.815	417	80	0	1	417	1	417	0.0	672
MDC0895861.1	QIZ20927.1	75.676	185	44	1	1	184	1	185	1.13e-98	279
MDC0895862.1	QIZ20928.1	90.769	65	6	0	1	65	1	65	1.63e-29	95.1
MDC0895863.1	QIZ20929.1	66.667	240	79	1	1	240	1	239	7.79e-115	324
MDC0895865.1	QIZ20931.1	79.825	114	22	1	1	113	1	114	3.79e-57	168
MDC0895866.1	QIZ20932.1	67.470	83	27	0	1	83	1	83	5.85e-37	115
MDC0895867.1	QIZ20933.1	75.090	558	138	1	1	557	1	558	0.0	898
MDC0895868.1	QIZ20934.1	70.139	288	86	0	1	288	1	288	1.10e-143	401
MDC0895869.1	QIZ20935.1	85.973	221	31	0	1	221	1	221	3.57e-145	399
MDC0895870.1	QIZ20936.1	75.000	276	68	1	1	276	1	275	6.88e-159	439
MDC0895871.1	QIZ20937.1	78.125	384	84	0	1	384	1	384	0.0	633
MDC0895872.1	QIZ20939.1	78.641	309	66	0	1	309	1	309	0.0	520
MDC0895873.1	QIZ20940.1	83.553	152	25	0	1	152	1	152	1.53e-95	269
MDC0895874.1	QIZ20941.1	71.138	246	71	0	1	246	1	246	1.35e-132	370
MDC0895875.1	QIZ20942.1	68.525	305	96	0	1	305	1	305	2.41e-155	432
MDC0895876.1	QIZ20943.1	81.395	172	30	1	1	170	1	172	5.04e-101	284
MDC0895877.1	QIZ20944.1	56.197	589	252	4	1	586	1	586	0.0	620
MDC0895879.1	QIZ20945.1	60.000	170	68	0	1	170	1	170	1.25e-69	204
MDC0895880.1	QIZ20946.1	64.208	366	131	0	1	366	1	366	2.52e-159	447
MDC0895881.1	QIZ20947.1	66.279	86	29	0	1	86	10	95	6.22e-35	110
MDC0895882.1	QIZ20948.1	80.000	175	35	0	1	175	1	175	2.98e-107	300
MDC0895883.1	QIZ20949.1	92.284	324	25	0	1	324	1	324	0.0	636
MDC0895884.1	QIZ20950.1	68.491	603	185	4	1	599	1	602	0.0	823
MDC0895885.1	QIZ20951.1	68.075	426	136	0	1	426	1	426	0.0	577
MDC0895886.1	QIZ20952.1	88.484	686	78	1	1	686	1	685	0.0	1253
MDC0895887.1	QIZ20960.1	72.319	802	222	0	1	802	1	802	0.0	1146
MDC0895888.1	QIZ20961.1	86.479	355	48	0	1	355	1	355	0.0	649
MDC0895889.1	QIZ20962.1	93.220	118	8	0	1	118	1	118	1.51e-80	228
MDC0895890.1	QIZ20963.1	97.059	68	2	0	1	68	1	68	3.35e-43	129
MDC0895891.1	QIZ20964.1	91.160	181	16	0	1	181	1	181	2.10e-124	343
MDC0895892.1	QIZ20965.1	87.147	638	82	0	1	638	1	638	0.0	1184
MDC0895893.1	QIZ20966.1	76.042	384	92	0	1	384	1	384	0.0	592
MDC0895894.1	QIZ20967.1	72.358	246	68	0	1	246	1	246	1.15e-119	337
MDC0895895.1	QIZ20969.1	81.879	1501	272	0	1	1501	1	1501	0.0	2594
MDC0895896.1	QIZ20970.1	86.430	479	65	0	1	479	1	479	0.0	845
MDC0895897.1	QIZ20971.1	64.583	240	84	1	1	239	1	240	1.47e-110	315
MDC0895898.1	QIZ20972.1	74.237	295	76	0	1	295	1	295	2.72e-160	444
MDC0895899.1	QIZ20973.1	71.230	431	106	4	1	421	1	423	0.0	621
MDC0895900.1	QIZ20974.1	91.206	1012	89	0	1	1012	1	1012	0.0	1954
MDC0895901.1	QIZ20975.1	78.734	395	84	0	1	395	1	395	0.0	659
MDC0895902.1	QIZ20976.1	90.071	141	14	0	1	141	1	141	2.96e-97	271
MDC0895905.1	QIZ20977.1	79.500	800	163	1	1	800	3	801	0.0	1320
MDC0895906.1	QIZ20978.1	63.235	136	49	1	2	136	4	139	1.49e-53	161
MDC0895907.1	QIZ20979.1	84.259	108	17	0	1	108	1	108	1.12e-65	189
MDC0895908.1	QIZ20980.1	69.010	313	73	4	1	298	1	304	2.78e-140	394
MDC0895909.1	QIZ20981.1	57.858	579	229	5	1	576	1	567	0.0	625
MDC0895910.1	QIZ20982.1	62.626	198	74	0	1	198	1	198	6.15e-91	260
MDC0895911.1	QIZ20983.1	53.503	157	73	0	5	161	3	159	2.44e-55	167
MDC0895912.1	QIZ20984.1	85.311	177	26	0	1	177	1	177	8.47e-104	291
MDC0895913.1	QIZ20985.1	86.022	186	26	0	4	189	3	188	1.71e-123	342
MDC0895914.1	QIZ20986.1	70.283	212	63	0	1	212	1	212	1.13e-116	327
MDC0895915.1	QIZ20987.1	74.627	67	17	0	1	67	1	67	2.44e-25	84.7
MDC0895916.1	QIZ20988.1	58.480	171	69	2	1	169	1	171	1.77e-66	196
MDC0895917.1	QIZ20989.1	81.153	451	85	0	1	451	1	451	0.0	746
MDC0895918.1	QIZ20990.1	78.713	404	86	0	1	404	1	404	0.0	646
MDC0895919.1	QIZ20991.1	71.245	233	67	0	1	233	1	233	3.42e-118	332
MDC0895920.1	QIZ20992.1	91.351	370	32	0	1	370	1	370	0.0	691
MDC0895921.1	QIZ20993.1	81.545	466	82	3	9	474	9	470	0.0	777
MDC0895922.1	QIZ20994.1	82.558	86	15	0	1	86	1	86	1.43e-46	139
MDC0895923.1	QIZ20995.1	62.718	287	107	0	1	287	1	287	2.21e-119	340
MDC0895924.1	QIZ20996.1	78.970	233	49	0	1	233	1	233	1.41e-142	394
MDC0895925.1	QIZ20997.1	82.375	522	92	0	1	522	1	522	0.0	880
MDC0895926.1	QIZ20998.1	72.070	401	110	1	1	399	1	401	0.0	595
MDC0895927.1	QIZ20999.1	75.862	145	35	0	1	145	1	145	6.11e-81	231
MDC0895928.1	QIZ21000.1	68.400	250	79	0	1	250	1	250	4.88e-125	351
MDC0895929.1	QIZ21001.1	64.789	142	50	0	5	146	7	148	6.77e-69	201
MDC0895930.1	QIZ21002.1	73.469	196	52	0	1	196	1	196	2.66e-110	309
MDC0895931.1	QIZ21003.1	86.907	443	58	0	1	443	1	443	0.0	823
MDC0895932.1	QIZ21004.1	96.350	137	5	0	1	137	1	137	6.15e-97	271
MDC0895933.1	QIZ21005.1	74.815	135	34	0	7	141	7	141	3.27e-74	214
MDC0895934.1	QIZ21006.1	89.759	166	17	0	1	166	1	166	1.36e-112	312
MDC0895935.1	QIZ21007.1	94.045	403	24	0	1	403	1	403	0.0	793
MDC0895936.1	QIZ21008.1	92.308	260	20	0	1	260	1	260	0.0	503
MDC0895937.1	QIZ21590.1	32.129	249	151	5	1	244	1	236	2.90e-39	133
MDC0895938.1	QIZ21010.1	95.965	570	23	0	1	570	121	690	0.0	1112
MDC0895939.1	QIZ21538.1	50.735	136	67	0	1	136	32	167	5.56e-41	132
MDC0895941.1	QIZ21430.1	58.355	389	160	2	2	390	1	387	4.57e-152	431
MDC0895942.1	QIZ20215.1	77.241	145	33	0	1	145	1	145	1.26e-84	240
MDC0895943.1	QIZ21536.1	76.549	226	53	0	1	226	1	226	2.42e-131	365
MDC0895944.1	QIZ21533.1	62.136	103	39	0	2	104	1	103	9.45e-45	136
MDC0895945.1	QIZ21532.1	62.037	216	81	1	1	215	1	216	1.30e-96	277
MDC0895946.1	QIZ21531.1	85.795	352	50	0	1	352	1	352	0.0	597
MDC0895947.1	QIZ21530.1	84.416	539	81	1	1	539	1	536	0.0	884
MDC0895949.1	QIZ21527.1	87.611	339	42	0	1	339	1	339	0.0	624
MDC0895950.1	QIZ21523.1	92.881	295	21	0	1	295	1	295	0.0	572
MDC0895951.1	QIZ21522.1	87.688	333	41	0	1	333	1	333	0.0	605
MDC0895952.1	QIZ21521.1	85.075	201	30	0	1	201	1	201	1.21e-134	371
MDC0895953.1	QIZ21520.1	87.097	155	20	0	1	155	1	155	5.09e-106	295
MDC0895954.1	QIZ21519.1	79.839	124	25	0	1	124	1	124	8.20e-75	214
MDC0895955.1	QIZ21516.1	91.095	539	48	0	1	539	1	539	0.0	1038
MDC0895956.1	QIZ21515.1	84.543	317	49	0	1	317	1	317	0.0	569
MDC0895957.1	QIZ21514.1	84.337	249	39	0	1	249	1	249	2.49e-158	435
MDC0895958.1	QIZ21513.1	89.259	810	86	1	1	809	1	810	0.0	1504
MDC0895959.1	QIZ21512.1	62.319	138	52	0	20	157	29	166	1.05e-59	178
MDC0895960.1	QIZ21511.1	83.069	189	32	0	1	189	1	189	3.96e-118	328
MDC0895963.1	QIZ21510.1	50.769	130	64	0	3	132	9	138	4.80e-45	140
MDC0895964.1	QIZ21482.1	77.778	45	10	0	1	45	19	63	3.95e-23	77.8
MDC0895965.1	QIZ21509.1	84.436	257	40	0	3	259	5	261	1.06e-161	444
MDC0895967.1	QIZ21508.1	88.710	124	14	0	1	124	1	124	3.00e-84	238
MDC0895968.1	QIZ21507.1	77.612	134	30	0	1	134	1	134	1.66e-76	219
MDC0895969.1	QIZ21506.1	72.544	397	109	0	8	404	1	397	0.0	632
MDC0895970.1	QIZ21505.1	86.364	242	33	0	1	242	1	242	4.42e-159	436
MDC0895971.1	QIZ21504.1	95.133	452	22	0	1	452	1	452	0.0	902
MDC0895972.1	QIZ21503.1	86.188	181	25	0	1	181	1	181	3.09e-113	315
MDC0895974.1	QIZ21502.1	55.172	203	91	0	1	203	1	203	8.79e-81	235
MDC0895975.1	QIZ21501.1	76.503	549	129	0	1	549	1	549	0.0	881
MDC0895976.1	QIZ21500.1	80.685	321	62	0	1	321	1	321	0.0	555
MDC0895977.1	QIZ21499.1	82.209	163	29	0	1	163	1	163	4.21e-93	263
MDC0895978.1	QIZ21498.1	77.586	348	77	1	1	348	1	347	0.0	536
MDC0895979.1	QIZ21497.1	76.316	152	36	0	1	152	1	152	1.27e-86	246
MDC0895980.1	QIZ21496.1	98.529	68	1	0	1	68	1	68	8.57e-47	139
MDC0895981.1	QIZ21494.1	69.565	115	35	0	1	115	1	115	1.97e-59	174
MDC0895982.1	QIZ21493.1	75.709	247	60	0	1	247	1	247	4.86e-128	358
MDC0895983.1	QIZ21492.1	60.959	146	57	0	1	146	1	146	1.24e-63	187
MDC0895985.1	QIZ21490.1	74.113	282	73	0	1	282	1	282	3.78e-156	432
MDC0895986.1	QIZ21489.1	62.564	195	73	0	1	195	1	195	2.29e-92	264
MDC0895987.1	QIZ21488.1	90.982	998	90	0	1	998	1	998	0.0	1912
MDC0895988.1	QIZ21487.1	91.954	87	7	0	1	87	1	87	1.05e-60	175
MDC0895989.1	QIZ21486.1	96.172	418	16	0	1	418	1	418	0.0	846
MDC0895990.1	QIZ21485.1	95.900	561	23	0	1	561	1	561	0.0	1097
MDC0895991.1	QIZ21484.1	84.674	261	40	0	2	262	3	263	9.89e-170	465
MDC0895992.1	QIZ21483.1	85.974	385	54	0	3	387	2	386	0.0	696
MDC0895993.1	QIZ21434.1	26.484	438	315	6	3	435	25	460	7.87e-59	196
MDC0895994.1	QIZ20661.1	36.179	246	149	5	4	247	5	244	1.20e-38	130
MDC0895996.1	QIZ20203.1	30.317	442	293	7	11	445	6	439	2.25e-63	207
MDC0895998.1	QIZ21481.1	79.825	342	69	0	1	342	1	342	0.0	560
MDC0895999.1	QIZ21480.1	89.438	445	47	0	1	445	1	445	0.0	847
MDC0896000.1	QIZ21009.1	78.049	123	27	0	1	123	1	123	2.16e-71	205
MDC0896001.1	QIZ21479.1	90.056	714	71	0	1	714	4	717	0.0	1301
MDC0896002.1	QIZ21478.1	88.529	340	39	0	1	340	1	340	0.0	625
MDC0896003.1	QIZ21477.1	75.281	178	44	0	6	183	6	183	1.41e-86	248
MDC0896004.1	QIZ21476.1	74.400	125	31	1	1	125	1	124	1.59e-65	190
MDC0896005.1	QIZ21475.1	65.926	135	46	0	1	135	13	147	1.48e-60	179
MDC0896006.1	QIZ21474.1	93.949	314	19	0	1	314	1	314	0.0	616
MDC0896007.1	QIZ21473.1	89.935	775	78	0	1	775	1	775	0.0	1481
MDC0896008.1	QIZ21472.1	72.566	113	31	0	1	113	1	113	2.08e-60	176
MDC0896009.1	QIZ21163.1	54.576	295	129	2	1	294	1	291	9.07e-108	310
MDC0896010.1	QIZ21162.1	48.187	386	200	0	1	386	1	386	5.67e-129	372
MDC0896012.1	QIZ21471.1	88.009	442	53	0	1	442	1	442	0.0	831
MDC0896013.1	QIZ21470.1	94.683	489	26	0	1	489	1	489	0.0	990
MDC0896014.1	QIZ21469.1	95.860	314	13	0	1	314	1	314	0.0	623
MDC0896015.1	QIZ21468.1	92.606	284	21	0	1	284	1	284	0.0	544
MDC0896016.1	QIZ21467.1	96.296	459	17	0	11	469	16	474	0.0	924
MDC0896017.1	QIZ21466.1	94.017	117	7	0	22	138	17	133	8.18e-83	235
MDC0896018.1	QIZ21465.1	94.206	466	27	0	1	466	1	466	0.0	896
MDC0896019.1	QIZ21464.1	87.838	74	9	0	1	74	1	74	2.21e-46	138
MDC0896021.1	QIZ21463.1	70.205	292	87	0	1	292	1	292	3.21e-153	426
MDC0896022.1	QIZ21462.1	66.359	217	72	1	11	226	11	227	2.50e-105	299
MDC0896023.1	QIZ21461.1	75.587	426	104	0	10	435	14	439	0.0	600
MDC0896024.1	QIZ21460.1	82.313	441	78	0	1	441	1	441	0.0	766
MDC0896025.1	QIZ21459.1	58.082	365	153	0	10	374	10	374	4.52e-164	460
MDC0896026.1	QIZ21458.1	70.763	472	138	0	1	472	1	472	0.0	704
MDC0896027.1	QIZ21457.1	71.223	139	40	0	1	139	1	139	2.93e-76	218
MDC0896028.1	QIZ21456.1	59.483	348	138	2	5	349	3	350	1.27e-140	398
MDC0896029.1	QIZ21455.1	83.803	142	23	0	1	142	1	142	4.96e-88	248
MDC0896030.1	QIZ21454.1	47.129	418	220	1	15	431	16	433	4.31e-124	363
MDC0896031.1	QIZ21453.1	53.271	214	100	0	1	214	1	214	2.26e-67	202
MDC0896032.1	QIZ21452.1	88.526	889	102	0	1	889	1	889	0.0	1644
MDC0896033.1	QIZ21451.1	57.143	196	84	0	1	196	1	196	3.10e-78	228
MDC0896034.1	QIZ21450.1	89.381	113	12	0	1	113	1	113	8.50e-75	213
MDC0896035.1	QIZ21449.1	92.929	396	28	0	1	396	1	396	0.0	760
MDC0896039.1	QIZ20485.1	32.454	493	301	6	6	482	9	485	8.02e-87	270
MDC0896040.1	QIZ21448.1	91.423	478	41	0	1	478	1	478	0.0	896
MDC0896041.1	QIZ21447.1	97.179	319	9	0	1	319	1	319	0.0	647
MDC0896042.1	QIZ21446.1	62.996	227	79	1	19	240	19	245	3.04e-102	293
MDC0896043.1	QIZ21445.1	68.868	212	66	0	1	212	1	212	3.16e-109	308
MDC0896045.1	QIZ21444.1	87.838	740	90	0	1	740	1	740	0.0	1339
MDC0896046.1	QIZ21443.1	92.254	284	22	0	1	284	1	284	0.0	506
MDC0896047.1	QIZ21442.1	83.133	415	70	0	1	415	1	415	0.0	712
MDC0896048.1	QIZ21441.1	93.352	361	24	0	13	373	13	373	0.0	699
MDC0896049.1	QIZ21440.1	87.465	359	45	0	3	361	4	362	0.0	665
MDC0896050.1	QIZ21439.1	82.732	388	67	0	1	388	1	388	0.0	684
MDC0896051.1	QIZ21438.1	75.102	245	61	0	1	245	1	245	4.70e-138	384
MDC0896052.1	QIZ21437.1	90.979	388	35	0	1	388	1	388	0.0	760
MDC0896053.1	QIZ21436.1	93.846	195	12	0	1	195	1	195	3.54e-136	374
MDC0896054.1	QIZ21435.1	80.000	260	52	0	1	260	1	260	1.46e-161	444
MDC0896055.1	QIZ21434.1	93.306	493	33	0	1	493	1	493	0.0	959
MDC0896056.1	QIZ21433.1	81.404	285	53	0	1	285	1	285	2.08e-171	471
MDC0896057.1	QIZ21432.1	91.184	397	34	1	1	396	1	397	0.0	697
MDC0896058.1	QIZ21431.1	77.381	252	57	0	1	252	1	252	1.22e-136	380
MDC0896059.1	QIZ21429.1	90.745	443	41	0	14	456	1	443	0.0	793
MDC0896060.1	QIZ21428.1	96.429	336	12	0	1	336	1	336	0.0	647
MDC0896061.1	QIZ21427.1	92.340	235	18	0	1	235	1	235	1.07e-153	422
MDC0896062.1	QIZ21426.1	93.939	264	16	0	1	264	1	264	0.0	503
MDC0896064.1	QIZ21425.1	88.779	303	34	0	1	303	1	303	0.0	550
MDC0896065.1	QIZ21424.1	89.720	107	11	0	1	107	1	107	3.98e-66	190
MDC0896066.1	QIZ21423.1	92.735	234	17	0	1	234	1	234	5.68e-163	446
MDC0896067.1	QIZ21422.1	89.272	261	28	0	1	261	1	261	3.08e-175	479
MDC0896068.1	QIZ21421.1	84.146	246	39	0	1	246	1	246	1.43e-156	430
MDC0896069.1	QIZ21420.1	73.939	330	85	1	1	329	21	350	0.0	504
MDC0896070.1	QIZ21419.1	85.185	297	44	0	1	297	1	297	0.0	512
MDC0896071.1	QIZ21418.1	88.620	413	45	1	1	411	1	413	0.0	763
MDC0896072.1	QIZ21417.1	88.725	204	23	0	1	204	1	204	6.18e-117	327
MDC0896073.1	QIZ21416.1	92.857	98	7	0	1	98	1	98	5.21e-65	187
MDC0896074.1	QIZ21415.1	85.714	84	12	0	1	84	1	84	9.65e-54	157
MDC0896076.1	QIZ21414.1	84.553	123	19	0	1	123	1	123	6.00e-78	221
MDC0896077.1	QIZ21412.1	85.759	316	45	0	1	316	1	316	0.0	569
MDC0896078.1	QIZ21411.1	47.651	298	156	0	1	298	2	299	1.92e-99	290
MDC0896079.1	QIZ21410.1	90.000	70	7	0	2	71	343	412	5.70e-44	141
MDC0896080.1	QIZ20371.1	77.200	500	114	0	1	500	1	500	0.0	819
MDC0896081.1	QIZ20372.1	51.613	310	147	2	1	307	1	310	2.53e-95	280
MDC0896082.1	QIZ20373.1	67.488	203	66	0	1	203	1	203	2.14e-90	259
MDC0896083.1	QIZ20374.1	71.802	383	108	0	1	383	1	383	0.0	569
MDC0896084.1	QIZ20375.1	51.744	172	79	3	38	208	38	206	4.80e-48	154
MDC0896085.1	QIZ20376.1	63.407	317	116	0	17	333	17	333	3.66e-146	411
MDC0896086.1	QIZ20377.1	69.416	291	89	0	2	292	3	293	9.90e-139	389
MDC0896087.1	QIZ20378.1	56.471	85	37	0	1	85	1	85	1.46e-21	76.6
MDC0896088.1	QIZ20379.1	71.889	683	192	0	1	683	1	683	0.0	993
MDC0896089.1	QIZ20380.1	71.500	200	57	0	6	205	5	204	1.55e-98	280
MDC0896090.1	QIZ20381.1	77.455	275	62	0	1	275	1	275	7.20e-167	459
MDC0896091.1	QIZ20382.1	81.892	370	67	0	1	370	1	370	0.0	647
MDC0896092.1	QIZ20383.1	78.804	184	39	0	1	184	1	184	1.51e-108	304
MDC0896093.1	QIZ20384.1	82.927	164	28	0	1	164	1	164	2.42e-100	281
MDC0896094.1	QIZ20385.1	86.597	858	105	2	1	858	1	848	0.0	1465
MDC0896095.1	QIZ20386.1	88.235	153	15	2	1	150	1	153	1.41e-91	258
MDC0896096.1	QIZ20387.1	94.198	948	55	0	1	948	1	948	0.0	1838
MDC0896097.1	QIZ20388.1	82.500	200	32	1	1	200	1	197	2.75e-119	332
MDC0896098.1	QIZ20389.1	78.498	293	63	0	1	293	1	293	6.95e-167	461
MDC0896099.1	QIZ20390.1	76.402	517	122	0	1	517	1	517	0.0	791
MDC0896100.1	QIZ20391.1	86.957	92	12	0	4	95	3	94	1.31e-55	163
MDC0896101.1	QIZ20392.1	74.101	417	108	0	1	417	1	417	0.0	663
MDC0896102.1	QIZ20393.1	85.600	250	36	0	1	250	1	250	1.12e-159	439
MDC0896103.1	QIZ20394.1	65.278	72	24	1	1	71	1	72	4.14e-23	79.3
MDC0896104.1	QIZ20395.1	77.941	68	13	1	1	66	1	68	1.05e-33	105
MDC0896105.1	QIZ20396.1	80.180	222	44	0	10	231	13	234	4.66e-136	377
MDC0896106.1	QIZ20397.1	83.673	245	40	0	1	245	1	245	9.82e-142	393
MDC0896107.1	QIZ20398.1	64.873	316	111	0	1	316	1	316	1.46e-147	413
MDC0896108.1	QIZ20399.1	61.628	86	33	0	1	86	1	86	3.84e-33	105
MDC0896109.1	QIZ20400.1	72.270	577	159	1	1	576	1	577	0.0	856
MDC0896110.1	QIZ20401.1	73.961	361	94	0	7	367	7	367	0.0	523
MDC0896111.1	QIZ20402.1	81.905	105	19	0	1	105	1	105	2.06e-60	176
MDC0896112.1	QIZ20403.1	79.845	258	52	0	1	258	1	258	2.32e-160	441
MDC0896113.1	QIZ20404.1	79.518	332	68	0	1	332	1	332	0.0	554
MDC0896114.1	QIZ20405.1	80.916	131	25	0	2	132	3	133	3.50e-76	218
MDC0896115.1	QIZ20406.1	80.150	267	53	0	1	267	1	267	7.65e-154	425
MDC0896116.1	QIZ20407.1	71.138	246	71	0	1	246	3	248	2.81e-132	369
MDC0896117.1	QIZ20408.1	69.755	367	95	6	4	363	1	358	0.0	501
MDC0896118.1	QIZ20409.1	94.444	72	4	0	1	72	1	72	5.43e-45	134
MDC0896119.1	QIZ21305.1	31.718	227	141	5	3	225	6	222	9.02e-31	108
MDC0896121.1	QIZ20416.1	37.402	254	141	7	1	249	1	241	7.62e-50	159
MDC0896126.1	QIZ20412.1	86.284	401	55	0	1	401	1	401	0.0	685
MDC0896127.1	QIZ20413.1	93.357	572	38	0	1	572	1	572	0.0	1109
MDC0896128.1	QIZ20414.1	84.343	875	137	0	1	875	1	875	0.0	1547
MDC0896129.1	QIZ20415.1	87.705	122	15	0	1	122	1	122	1.66e-74	213
MDC0896130.1	QIZ20416.1	93.443	244	16	0	1	244	1	244	1.04e-171	468
MDC0896131.1	QIZ20417.1	83.099	426	69	1	1	423	1	426	0.0	719
MDC0896132.1	QIZ20418.1	84.514	381	59	0	1	381	1	381	0.0	619
MDC0896133.1	QIZ20419.1	94.220	346	20	0	1	346	1	346	0.0	685
MDC0896134.1	QIZ20420.1	68.162	468	148	1	1	467	1	468	0.0	520
MDC0896135.1	QIZ20421.1	82.289	463	82	0	1	463	1	463	0.0	717
MDC0896136.1	QIZ20422.1	76.497	451	106	0	1	451	1	451	0.0	699
MDC0896137.1	QIZ20423.1	63.575	593	216	0	1	593	1	593	0.0	720
MDC0896138.1	QIZ20424.1	51.482	371	177	2	1	368	1	371	5.90e-108	317
MDC0896139.1	QIZ20425.1	68.862	167	52	0	1	167	1	167	5.71e-82	235
MDC0896140.1	QIZ20426.1	75.658	152	37	0	1	152	1	152	3.00e-73	212
MDC0896141.1	QIZ20427.1	72.414	145	40	0	1	145	1	145	1.52e-77	222
MDC0896142.1	QIZ20428.1	82.680	306	53	0	1	306	3	308	0.0	525
MDC0896143.1	QIZ20429.1	71.000	100	29	0	1	100	1	100	1.99e-45	137
MDC0896144.1	QIZ20430.1	84.211	418	66	0	1	418	1	418	0.0	702
MDC0896145.1	QIZ20431.1	89.051	274	30	0	1	274	1	274	9.19e-179	489
MDC0896146.1	QIZ20432.1	87.175	538	69	0	1	538	1	538	0.0	962
MDC0896148.1	QIZ21349.1	64.907	701	245	1	1	700	1	701	0.0	936
MDC0896149.1	QIZ21350.1	58.202	445	185	1	1	444	1	445	0.0	519
MDC0896150.1	QIZ21351.1	62.810	242	83	4	1	237	1	240	2.53e-106	303
MDC0896151.1	QIZ21352.1	39.137	672	310	18	90	696	1096	1733	6.02e-111	363
MDC0896151.1	QIZ21352.1	40.580	276	118	5	93	323	515	789	1.52e-36	143
MDC0896151.1	QIZ21352.1	36.267	375	175	12	5	323	569	935	2.09e-33	133
MDC0896151.1	QIZ21352.1	37.333	300	132	7	90	336	947	1243	1.61e-30	124
MDC0896163.1	QIZ20804.1	33.200	250	160	4	1	250	8	250	4.45e-30	108
MDC0896164.1	QIZ20802.1	34.416	308	184	4	3	303	34	330	1.27e-47	158
MDC0896165.1	QIZ20801.1	34.097	393	240	8	21	405	1	382	3.54e-58	192
MDC0896167.1	QIZ20800.1	55.983	234	98	3	1	231	4	235	4.88e-89	258
MDC0896168.1	QIZ20795.1	53.372	341	153	2	1	340	1	336	7.33e-121	348
MDC0896169.1	QIZ20796.1	61.184	304	118	0	2	305	1	304	3.65e-135	381
MDC0896170.1	QIZ20793.1	67.354	291	94	1	1	291	1	290	8.83e-146	407
MDC0896171.1	QIZ20792.1	95.122	41	2	0	1	41	1	41	3.81e-23	77.4
MDC0896173.1	QIZ20790.1	79.834	362	73	0	1	362	1	362	0.0	586
MDC0896174.1	QIZ20789.1	91.579	95	8	0	1	95	1	95	3.87e-58	170
MDC0896175.1	QIZ20788.1	92.672	464	34	0	2	465	1	464	0.0	875
MDC0896176.1	QIZ20853.1	52.155	232	111	0	1	232	7	238	5.41e-83	243
MDC0896177.1	QIZ20786.1	95.312	64	3	0	1	64	1	64	1.09e-37	115
MDC0896178.1	QIZ20785.1	82.051	195	35	0	1	195	1	195	1.80e-112	315
MDC0896179.1	QIZ20784.1	90.789	76	7	0	1	76	1	76	1.93e-50	148
MDC0896180.1	QIZ20783.1	65.041	246	86	0	1	246	1	246	3.48e-115	325
MDC0896181.1	QIZ20782.1	83.333	186	31	0	1	186	1	186	5.17e-119	330
MDC0896182.1	QIZ20781.1	68.116	207	63	2	1	204	1	207	1.74e-85	247
MDC0896183.1	QIZ20780.1	79.167	336	70	0	1	336	1	336	0.0	550
MDC0896184.1	QIZ20779.1	73.724	392	103	0	1	392	1	392	0.0	582
MDC0896185.1	QIZ20778.1	85.672	335	48	0	1	335	1	335	0.0	595
MDC0896186.1	QIZ20777.1	82.796	651	112	0	1	651	1	651	0.0	1125
MDC0896187.1	QIZ20776.1	61.682	107	41	0	1	107	1	107	6.44e-35	111
MDC0896188.1	QIZ20775.1	75.000	148	37	0	1	148	1	148	3.56e-75	216
MDC0896189.1	QIZ20774.1	55.801	181	80	0	1	181	1	181	1.15e-67	200
MDC0896190.1	QIZ20773.1	75.655	267	65	0	1	267	1	267	1.49e-158	437
MDC0896191.1	QIZ20772.1	85.417	240	35	0	1	240	1	240	8.64e-155	425
MDC0896192.1	QIZ20771.1	84.146	164	26	0	1	164	1	164	2.63e-105	294
MDC0896193.1	QIZ20770.1	85.268	224	33	0	1	224	1	224	1.66e-141	390
MDC0896194.1	QIZ20769.1	91.304	138	12	0	1	138	1	138	4.66e-93	261
MDC0896195.1	QIZ20768.1	70.629	286	67	1	1	286	1	269	1.99e-126	357
MDC0896196.1	QIZ20767.1	87.471	431	54	0	17	447	16	446	0.0	796
MDC0896197.1	QIZ20766.1	88.679	159	18	0	1	159	1	159	5.82e-99	278
MDC0896198.1	QIZ20765.1	72.783	327	81	3	6	332	6	324	2.90e-172	477
MDC0896199.1	QIZ20764.1	52.187	343	162	1	1	341	1	343	2.66e-121	349
MDC0896200.1	QIZ20763.1	81.359	633	113	2	3	635	1	628	0.0	1014
MDC0896201.1	QIZ20762.1	69.828	348	105	0	1	348	1	348	2.15e-163	456
MDC0896202.1	QIZ20761.1	83.296	443	74	0	1	443	1	443	0.0	750
MDC0896203.1	QIZ20760.1	74.444	270	69	0	1	270	1	270	4.29e-146	406
MDC0896204.1	QIZ20759.1	90.698	430	40	0	1	430	1	430	0.0	814
MDC0896205.1	QIZ20758.1	92.150	293	23	0	5	297	1	293	0.0	559
MDC0896206.1	QIZ20757.1	83.282	323	54	0	1	323	1	323	0.0	536
MDC0896207.1	QIZ20756.1	71.613	310	88	0	1	310	1	310	9.49e-163	451
MDC0896208.1	QIZ20755.1	65.385	78	27	0	1	78	1	78	3.23e-30	97.8
MDC0896209.1	QIZ20754.1	74.828	290	73	0	1	290	1	290	1.91e-148	413
MDC0896210.1	QIZ20753.1	88.383	637	74	0	1	637	1	637	0.0	1182
MDC0896211.1	QIZ20752.1	91.389	360	31	0	1	360	1	360	0.0	668
MDC0896212.1	QIZ20751.1	75.000	208	52	0	1	208	1	208	5.63e-119	332
MDC0896213.1	QIZ20750.1	79.822	337	68	0	1	337	1	337	0.0	552
MDC0896214.1	QIZ20749.1	85.821	268	38	0	1	268	1	268	1.86e-154	427
MDC0896215.1	QIZ20748.1	88.055	293	35	0	1	293	1	293	0.0	548
MDC0896216.1	QIZ20747.1	69.432	687	210	0	1	687	1	687	0.0	957
MDC0896217.1	QIZ20746.1	88.475	885	102	0	1	885	1	885	0.0	1625
MDC0896220.1	QIZ21117.1	72.271	458	126	1	1	457	1	458	0.0	649
MDC0896221.1	QIZ21116.1	73.913	138	36	0	1	138	1	138	5.24e-74	213
MDC0896222.1	QIZ21115.1	67.568	74	24	0	1	74	1	74	3.35e-34	107
MDC0896223.1	QIZ21114.1	80.932	236	44	1	1	235	1	236	3.78e-144	398
MDC0896224.1	QIZ21113.1	94.340	106	6	0	1	106	1	106	3.63e-73	208
MDC0896225.1	QIZ21112.1	90.110	182	18	0	1	182	1	182	6.94e-122	337
MDC0896226.1	QIZ21111.1	82.456	114	20	0	1	114	1	114	1.68e-68	197
MDC0896227.1	QIZ21110.1	81.818	253	46	0	1	253	1	253	1.34e-150	416
MDC0896228.1	QIZ21109.1	77.391	345	78	0	1	345	1	345	0.0	587
MDC0896229.1	QIZ21108.1	66.471	170	55	1	1	170	1	168	6.45e-83	238
MDC0896230.1	QIZ21107.1	88.101	395	47	0	1	395	1	395	0.0	721
MDC0896231.1	QIZ21106.1	69.268	205	63	0	1	205	1	205	8.24e-100	283
MDC0896232.1	QIZ21105.1	93.421	152	10	0	1	152	1	152	8.06e-95	266
MDC0896233.1	QIZ21104.1	89.683	126	13	0	1	126	1	126	3.07e-80	228
MDC0896234.1	QIZ21103.1	86.053	380	53	0	1	380	1	380	0.0	674
MDC0896235.1	QIZ21102.1	90.547	201	19	0	1	201	1	201	4.30e-110	309
MDC0896237.1	QIZ21101.1	87.815	238	29	0	1	238	1	238	6.68e-161	441
MDC0896238.1	QIZ21100.1	87.681	138	17	0	1	138	1	138	3.79e-85	241
MDC0896239.1	QIZ21099.1	95.000	40	2	0	1	40	1	40	4.61e-23	77.0
MDC0896240.1	QIZ21098.1	81.651	109	20	0	1	109	1	109	6.64e-69	197
MDC0896241.1	QIZ21097.1	89.516	496	52	0	1	496	1	496	0.0	910
MDC0896242.1	QIZ21096.1	87.712	236	29	0	1	236	1	236	1.67e-157	432
MDC0896243.1	QIZ21095.1	80.939	362	68	1	1	361	1	362	0.0	594
MDC0896246.1	QIZ21093.1	91.815	281	23	0	1	281	1	281	0.0	526
MDC0896247.1	QIZ21092.1	85.417	96	14	0	1	96	1	96	3.91e-57	167
MDC0896248.1	QIZ21091.1	84.488	361	56	0	1	361	1	361	0.0	577
MDC0896249.1	QIZ21090.1	68.966	232	72	0	1	232	1	232	1.81e-120	338
MDC0896250.1	QIZ21089.1	66.557	305	101	1	2	305	3	307	2.48e-141	397
MDC0896251.1	QIZ21088.1	80.112	357	71	0	1	357	1	357	0.0	598
MDC0896252.1	QIZ21086.1	81.022	137	26	0	1	137	1	137	1.68e-83	236
MDC0896253.1	QIZ21085.1	88.162	642	76	0	41	682	39	680	0.0	1197
MDC0896254.1	QIZ21084.1	84.058	207	33	0	1	207	1	207	5.77e-130	360
MDC0896255.1	QIZ21083.1	95.349	86	4	0	1	86	1	86	6.76e-59	171
MDC0896256.1	QIZ21082.1	97.342	602	16	0	1	602	1	602	0.0	1174
MDC0896257.1	QIZ21081.1	93.220	118	8	0	1	118	1	118	5.04e-80	226
MDC0896258.1	QIZ21080.1	83.410	217	36	0	1	217	1	217	8.63e-131	363
MDC0896260.1	QIZ21079.1	71.683	505	143	0	7	511	14	518	0.0	724
MDC0896262.1	QIZ21087.1	42.857	287	152	4	1	284	1	278	2.58e-69	212
MDC0896263.1	QIZ21078.1	71.495	214	60	1	1	214	1	213	2.56e-109	308
MDC0896264.1	QIZ21077.1	50.546	366	172	5	1	359	14	377	8.87e-109	319
MDC0896265.1	QIZ21076.1	76.580	696	161	2	1	694	1	696	0.0	1028
MDC0896266.1	QIZ21075.1	56.522	184	78	1	1	182	1	184	3.60e-67	199
MDC0896267.1	QIZ21074.1	59.639	166	67	0	1	166	1	166	5.54e-74	215
MDC0896268.1	QIZ21073.1	74.380	121	31	0	1	121	1	121	3.45e-64	186
MDC0896269.1	QIZ21072.1	51.087	92	42	2	1	90	1	91	1.71e-21	77.0
MDC0896270.1	QIZ21071.1	87.251	251	32	0	1	251	1	251	2.30e-165	453
MDC0896271.1	QIZ21070.1	83.402	241	38	1	1	241	1	239	6.12e-148	408
MDC0896272.1	QIZ21068.1	86.538	208	28	0	1	208	1	208	1.04e-133	369
MDC0896273.1	QIZ21067.1	92.347	196	15	0	1	196	1	196	6.40e-136	374
MDC0896274.1	QIZ21066.1	87.719	171	21	0	1	171	1	171	9.20e-112	311
MDC0896275.1	QIZ21065.1	87.309	457	56	2	1	457	1	455	0.0	789
MDC0896276.1	QIZ21087.1	40.210	286	155	9	1	278	1	278	2.97e-53	170
MDC0896277.1	QIZ21087.1	40.636	283	151	7	1	271	1	278	2.42e-56	178
MDC0896278.1	QIZ21064.1	64.062	128	45	1	8	134	39	166	3.60e-55	166
MDC0896279.1	QIZ21063.1	68.844	199	60	1	1	199	1	197	7.56e-98	278
MDC0896280.1	QIZ21062.1	61.268	142	52	2	1	141	1	140	5.02e-48	147
MDC0896281.1	QIZ21061.1	57.143	140	60	0	1	140	1	140	1.82e-56	169
MDC0896282.1	QIZ21060.1	77.232	224	47	3	1	221	1	223	2.70e-128	357
MDC0896283.1	QIZ21059.1	61.017	177	69	0	1	177	1	177	1.75e-71	210
MDC0896284.1	QIZ21058.1	65.649	262	90	0	2	263	3	264	8.39e-121	341
MDC0896285.1	QIZ21057.1	70.157	191	57	0	1	191	1	191	4.21e-94	268
MDC0896286.1	QIZ21056.1	78.067	269	59	0	1	269	1	269	4.35e-160	441
MDC0896287.1	QIZ21055.1	73.134	335	88	1	1	335	1	333	0.0	514
MDC0896290.1	QIZ21052.1	95.972	422	17	0	1	422	1	422	0.0	823
MDC0896292.1	QIZ21050.1	78.781	443	94	0	1	443	1	443	0.0	711
MDC0896293.1	QIZ21049.1	87.319	623	79	0	1	623	1	623	0.0	1107
MDC0896294.1	QIZ21048.1	60.377	212	84	0	3	214	2	213	2.55e-93	268
MDC0896295.1	QIZ21047.1	86.364	264	36	0	1	264	1	264	9.32e-172	470
MDC0896296.1	QIZ21046.1	71.685	279	79	0	2	280	4	282	2.10e-146	407
MDC0896297.1	QIZ21045.1	45.921	331	177	1	1	329	1	331	3.48e-95	281
MDC0896299.1	QIZ21117.1	71.930	57	16	0	1	57	553	609	1.29e-26	96.3
MDC0896300.1	QIZ21118.1	50.000	174	84	3	1	172	1	173	1.16e-58	176
MDC0896301.1	QIZ21119.1	56.897	116	48	1	1	114	1	116	3.68e-45	139
MDC0896302.1	QIZ21120.1	48.611	144	72	1	29	172	28	169	2.06e-46	145
MDC0896303.1	QIZ21122.1	89.817	383	39	0	1	383	1	383	0.0	738
MDC0896304.1	QIZ21123.1	91.192	386	34	0	1	386	1	386	0.0	717
MDC0896305.1	QIZ21124.1	33.333	420	273	5	57	473	41	456	1.13e-73	236
MDC0896308.1	QIZ21125.1	89.905	317	32	0	1	317	1	317	0.0	588
MDC0896309.1	QIZ21126.1	73.333	405	105	1	1	405	1	402	0.0	550
MDC0896310.1	QIZ21127.1	67.313	361	116	1	1	361	1	359	3.43e-176	489
MDC0896311.1	QIZ21128.1	91.785	353	29	0	1	353	1	353	0.0	665
MDC0896312.1	QIZ21129.1	96.289	512	18	1	1	512	1	511	0.0	1018
MDC0896313.1	QIZ21130.1	96.853	286	9	0	1	286	1	286	0.0	551
MDC0896314.1	QIZ21131.1	94.681	282	15	0	1	282	1	282	0.0	531
MDC0896315.1	QIZ21132.1	81.180	356	67	0	1	356	1	356	0.0	585
MDC0896316.1	QIZ21133.1	84.034	357	57	0	1	357	1	357	0.0	636
MDC0896317.1	QIZ21134.1	93.782	386	22	2	1	385	1	385	0.0	719
MDC0896318.1	QIZ21135.1	85.567	194	28	0	1	194	2	195	1.63e-127	352
MDC0896319.1	QIZ21136.1	95.364	453	21	0	1	453	1	453	0.0	829
MDC0896320.1	QIZ21137.1	72.851	442	120	0	1	442	1	442	0.0	636
MDC0896321.1	QIZ21138.1	79.310	58	12	0	1	58	2	59	1.91e-30	97.1
MDC0896322.1	QIZ21139.1	75.000	292	73	0	1	292	1	292	1.09e-151	422
MDC0896323.1	QIZ21140.1	67.717	254	82	0	19	272	19	272	1.75e-136	382
MDC0896324.1	QIZ21141.1	72.727	187	51	0	1	187	1	187	3.58e-98	278
MDC0896325.1	QIZ21142.1	84.262	305	48	0	1	305	1	305	0.0	523
MDC0896326.1	QIZ21143.1	74.088	274	71	0	1	274	1	274	3.06e-145	404
MDC0896327.1	QIZ21144.1	90.265	452	44	0	1	452	1	452	0.0	795
MDC0896328.1	QIZ21145.1	87.850	107	13	0	1	107	1	107	1.65e-67	197
MDC0896329.1	QIZ21146.1	83.333	228	38	0	1	228	1	228	2.64e-149	410
MDC0896330.1	QIZ21147.1	81.212	165	30	1	1	164	1	165	4.61e-95	268
MDC0896331.1	QIZ21148.1	89.722	467	48	0	1	467	1	467	0.0	877
MDC0896332.1	QIZ21149.1	86.070	201	28	0	1	201	9	209	8.94e-130	359
MDC0896333.1	QIZ21150.1	94.022	368	22	0	1	368	1	368	0.0	691
MDC0896334.1	QIZ21151.1	84.327	587	92	0	1	587	1	587	0.0	1045
MDC0896335.1	QIZ21152.1	77.281	537	122	0	1	537	1	537	0.0	900
MDC0896336.1	QIZ21153.1	65.278	144	50	0	1	144	1	144	1.02e-70	209
MDC0896337.1	QIZ21043.1	70.943	795	226	4	1	794	1	791	0.0	1203
MDC0896338.1	QIZ21042.1	62.428	173	62	3	3	175	4	173	8.46e-71	208
MDC0896339.1	QIZ21041.1	39.003	341	186	11	1	331	1	329	4.62e-53	173
MDC0896340.1	QIZ21040.1	63.068	176	64	1	1	176	1	175	2.32e-71	209
MDC0896341.1	QIZ21039.1	62.100	219	80	1	1	219	1	216	3.21e-97	278
MDC0896342.1	QIZ21038.1	53.659	164	74	2	1	164	1	162	9.89e-51	155
MDC0896343.1	QIZ21037.1	41.753	194	99	4	4	186	2	192	5.87e-41	133
MDC0896345.1	QIZ21036.1	69.903	309	92	1	1	309	1	308	7.48e-160	444
MDC0896346.1	QIZ21035.1	80.500	200	39	0	18	217	18	217	2.07e-124	347
MDC0896347.1	QIZ21034.1	80.545	257	50	0	1	257	1	257	1.15e-155	429
MDC0896349.1	QIZ21033.1	87.668	373	44	1	1	373	1	371	0.0	649
MDC0896350.1	QIZ21032.1	93.631	628	40	0	1	628	1	628	0.0	1191
MDC0896351.1	QIZ21031.1	71.028	214	50	4	1	208	1	208	1.54e-100	286
MDC0896352.1	QIZ21030.1	69.388	196	60	0	3	198	5	200	4.29e-90	258
MDC0896353.1	QIZ21029.1	58.854	384	157	1	1	384	1	383	2.68e-160	451
MDC0896354.1	QIZ21028.1	64.111	287	103	0	1	287	1	287	2.19e-126	357
MDC0896355.1	QIZ21027.1	74.242	198	49	2	1	197	1	197	2.70e-106	299
MDC0896356.1	QIZ21026.1	86.071	761	105	1	1	761	1	760	0.0	1331
MDC0896357.1	QIZ21025.1	72.495	509	139	1	1	509	1	508	0.0	714
MDC0896358.1	QIZ21024.1	77.778	333	74	0	1	333	1	333	0.0	541
MDC0896359.1	QIZ21023.1	76.111	180	42	1	1	179	1	180	5.50e-100	282
MDC0896361.1	QIZ21022.1	57.727	220	92	1	1	220	114	332	4.66e-93	271
MDC0896364.1	QIZ20846.1	31.786	280	165	7	7	280	8	267	1.29e-22	92.0
MDC0896372.1	QIZ21071.1	38.865	229	140	0	1	229	2	230	6.68e-55	173
MDC0896373.1	QIZ21068.1	33.173	208	126	5	5	203	2	205	6.30e-33	114
MDC0896378.1	QIZ20876.1	28.571	238	155	5	8	234	7	240	8.15e-21	84.0
MDC0896382.1	QIZ20637.1	77.479	595	118	2	1	579	1	595	0.0	904
MDC0896383.1	QIZ20638.1	88.327	257	30	0	1	257	1	257	7.73e-169	462
MDC0896385.1	QIZ20640.1	77.941	136	30	0	10	145	10	145	2.76e-78	224
MDC0896386.1	QIZ20641.1	70.833	144	39	1	1	144	1	141	1.62e-69	202
MDC0896387.1	QIZ20642.1	89.888	445	45	0	1	445	1	445	0.0	832
MDC0896388.1	QIZ20643.1	71.429	98	28	0	38	135	35	132	4.45e-51	154
MDC0896389.1	QIZ20644.1	75.424	118	29	0	1	118	1	118	2.02e-63	184
MDC0896390.1	QIZ20645.1	85.036	274	40	1	1	274	1	273	7.19e-172	471
MDC0896391.1	QIZ20646.1	84.433	591	92	0	1	591	1	591	0.0	1045
MDC0896392.1	QIZ20647.1	67.431	218	71	0	1	218	5	222	9.20e-95	272
MDC0896393.1	QIZ21388.1	92.698	315	23	0	1	315	1	315	0.0	618
MDC0896394.1	QIZ21395.1	94.161	274	16	0	1	274	1	274	0.0	525
MDC0896395.1	QIZ21396.1	91.281	367	31	1	1	367	1	366	0.0	635
MDC0896396.1	QIZ21397.1	93.426	289	19	0	2	290	1	289	0.0	536
MDC0896397.1	QIZ21398.1	83.607	61	10	0	1	61	1	61	2.90e-33	104
MDC0896398.1	QIZ21399.1	76.395	466	105	3	8	469	7	471	0.0	689
MDC0896399.1	QIZ21400.1	57.860	299	126	0	1	299	1	299	2.52e-107	310
MDC0896400.1	QIZ21401.1	91.667	588	49	0	1	588	1	588	0.0	1097
MDC0896401.1	QIZ21402.1	87.838	148	18	0	1	148	1	148	2.59e-94	266
MDC0896407.1	QIZ20653.1	44.156	308	168	1	1	304	1	308	4.98e-91	271
MDC0896408.1	QIZ20652.1	87.216	485	62	0	1	485	1	485	0.0	868
MDC0896409.1	QIZ20651.1	90.441	136	13	0	1	136	1	136	2.65e-79	226
MDC0896410.1	QIZ20650.1	67.176	131	43	0	2	132	62	192	7.33e-58	174
MDC0896415.1	QIZ20329.1	86.441	118	16	0	3	120	96	213	2.13e-77	223
MDC0896416.1	QIZ20330.1	83.688	141	23	0	1	141	1	141	2.68e-86	244
MDC0896417.1	QIZ20331.1	91.264	435	38	0	1	435	1	435	0.0	831
MDC0896418.1	QIZ20332.1	95.395	152	7	0	1	152	1	152	6.28e-107	297
MDC0896419.1	QIZ21404.1	82.432	518	88	2	1	518	6	520	0.0	892
MDC0896420.1	QIZ21405.1	90.683	322	30	0	7	328	8	329	0.0	598
MDC0896421.1	QIZ21352.1	41.455	591	265	17	249	767	543	1124	9.51e-52	191
MDC0896421.1	QIZ21352.1	70.677	133	34	2	249	379	1274	1403	2.44e-38	149
MDC0896421.1	QIZ21352.1	46.667	225	81	7	180	376	1041	1254	5.23e-26	110
