MDB2378849.1	QIZ20698.1	78.370	319	69	0	4	322	74	392	0.0	517
MDB2378850.1	QIZ20697.1	64.835	182	64	0	1	182	1	182	1.29e-85	246
MDB2378851.1	QIZ20696.1	58.130	246	103	0	3	248	4	249	3.65e-104	298
MDB2378852.1	QIZ20695.1	70.968	155	45	0	1	155	1	155	3.42e-63	187
MDB2378853.1	QIZ20694.1	92.916	367	26	0	18	384	1	367	0.0	699
MDB2378854.1	QIZ20692.1	66.458	480	160	1	4	482	12	491	0.0	673
MDB2378855.1	QIZ20691.1	90.239	922	90	0	1	922	1	922	0.0	1776
MDB2378856.1	QIZ20690.1	84.239	552	86	1	1	551	1	552	0.0	957
MDB2378857.1	QIZ20689.1	63.768	276	100	0	1	276	1	276	2.06e-136	382
MDB2378858.1	QIZ20687.1	58.333	156	65	0	1	156	1	156	5.87e-58	174
MDB2378859.1	QIZ20686.1	59.854	137	49	2	1	132	1	136	5.55e-55	164
MDB2378860.1	QIZ20685.1	56.716	201	86	1	1	200	1	201	6.78e-79	230
MDB2378861.1	QIZ20684.1	63.196	413	149	1	1	413	1	410	1.85e-176	494
MDB2378862.1	QIZ20683.1	77.076	301	69	0	1	301	1	301	2.29e-166	459
MDB2378863.1	QIZ20682.1	88.889	405	45	0	1	405	1	405	0.0	762
MDB2378864.1	QIZ20681.1	94.823	367	19	0	5	371	4	370	0.0	739
MDB2378865.1	QIZ20680.1	79.539	347	71	0	1	347	1	347	0.0	595
MDB2378866.1	QIZ20679.1	84.000	75	12	0	1	75	1	75	8.34e-45	134
MDB2378868.1	QIZ21307.1	27.586	261	181	6	8	263	9	266	5.24e-27	102
MDB2378869.1	QIZ20676.1	81.988	161	29	0	1	161	1	161	2.55e-87	248
MDB2378871.1	QIZ20888.1	34.300	207	126	3	12	211	12	215	6.05e-29	103
MDB2378872.1	QIZ20673.1	79.245	424	88	0	1	424	1	424	0.0	671
MDB2378873.1	QIZ20672.1	69.930	286	86	0	1	286	1	286	7.17e-153	424
MDB2378874.1	QIZ20671.1	73.463	309	81	1	1	308	1	309	8.36e-171	471
MDB2378875.1	QIZ20670.1	74.942	431	108	0	1	431	1	431	0.0	690
MDB2378877.1	QIZ20669.1	87.917	480	58	0	14	493	14	493	0.0	887
MDB2378878.1	QIZ20668.1	66.851	181	60	0	6	186	1	181	8.36e-83	239
MDB2378879.1	QIZ20667.1	81.579	798	142	3	1	797	1	794	0.0	1247
MDB2378880.1	QIZ20666.1	86.229	472	65	0	1	472	1	472	0.0	856
MDB2378881.1	QIZ20665.1	79.605	152	31	0	1	152	1	152	1.67e-78	225
MDB2378882.1	QIZ20664.1	97.143	70	2	0	21	90	1	70	4.99e-46	137
MDB2378883.1	QIZ20663.1	82.524	103	18	0	1	103	1	103	5.20e-62	181
MDB2378884.1	QIZ20662.1	69.156	308	95	0	1	308	1	308	3.41e-150	419
MDB2378885.1	QIZ20661.1	84.490	245	38	0	1	245	3	247	1.21e-152	420
MDB2378886.1	QIZ20660.1	92.405	79	6	0	1	79	1	79	9.21e-47	139
MDB2378887.1	QIZ20659.1	77.619	210	47	0	1	210	1	210	3.36e-124	345
MDB2378888.1	QIZ20658.1	64.615	260	92	0	2	261	3	262	1.13e-122	346
MDB2378889.1	QIZ20657.1	58.438	320	133	0	1	320	1	320	5.06e-115	331
MDB2378891.1	QIZ21453.1	51.869	214	103	0	1	214	1	214	4.42e-65	196
MDB2378892.1	QIZ21452.1	88.639	889	101	0	1	889	1	889	0.0	1639
MDB2378893.1	QIZ21451.1	54.315	197	89	1	1	197	1	196	4.57e-72	213
MDB2378894.1	QIZ21450.1	88.496	113	13	0	1	113	1	113	1.59e-74	212
MDB2378895.1	QIZ21449.1	92.424	396	30	0	1	396	1	396	0.0	755
MDB2378896.1	QIZ21448.1	92.887	478	34	0	1	478	1	478	0.0	907
MDB2378897.1	QIZ21447.1	97.179	319	9	0	1	319	1	319	0.0	645
MDB2378898.1	QIZ21446.1	64.758	227	75	1	19	240	19	245	1.55e-105	301
MDB2378899.1	QIZ21445.1	70.283	212	63	0	1	212	1	212	1.49e-108	306
MDB2378900.1	QIZ21444.1	88.784	740	83	0	1	740	1	740	0.0	1342
MDB2378901.1	QIZ20975.1	37.436	390	216	7	5	371	9	393	6.18e-71	223
MDB2378902.1	QIZ21443.1	93.662	284	18	0	1	284	1	284	0.0	512
MDB2378903.1	QIZ21442.1	85.301	415	61	0	1	415	1	415	0.0	738
MDB2378904.1	QIZ21441.1	87.912	364	40	2	13	375	13	373	0.0	657
MDB2378905.1	QIZ21440.1	88.674	362	41	0	1	362	1	362	0.0	679
MDB2378907.1	QIZ21439.1	82.990	388	66	0	10	397	1	388	0.0	684
MDB2378908.1	QIZ21438.1	65.975	241	82	0	5	245	5	245	1.64e-119	337
MDB2378909.1	QIZ20490.1	27.536	276	179	3	3	264	5	273	3.98e-28	106
MDB2378910.1	QIZ21448.1	61.975	476	180	1	1	475	1	476	0.0	593
MDB2378915.1	QIZ20555.1	41.509	265	151	3	57	321	236	496	6.45e-58	191
MDB2378916.1	QIZ20556.1	45.401	337	180	2	2	334	3	339	2.21e-106	311
MDB2378917.1	QIZ20592.1	33.597	253	152	6	6	256	5	243	1.21e-40	136
MDB2378924.1	QIZ20495.1	43.939	528	293	3	3	527	4	531	2.02e-147	429
MDB2378925.1	QIZ20216.1	58.991	317	129	1	1	316	1	317	2.88e-130	369
MDB2378927.1	QIZ21437.1	75.578	389	94	1	1	389	1	388	0.0	646
MDB2378928.1	QIZ20511.1	33.218	289	186	4	7	295	3	284	7.05e-43	150
MDB2378929.1	QIZ20976.1	92.199	141	11	0	1	141	1	141	1.83e-98	275
MDB2378930.1	QIZ20974.1	92.589	1012	74	1	1	1011	1	1012	0.0	1975
MDB2378931.1	QIZ20973.1	69.838	431	112	3	1	421	1	423	0.0	616
MDB2378932.1	QIZ20972.1	75.254	295	73	0	1	295	1	295	8.71e-162	447
MDB2378933.1	QIZ20971.1	64.167	240	85	1	1	239	1	240	1.11e-109	312
MDB2378934.1	QIZ20970.1	85.804	479	68	0	1	479	1	479	0.0	838
MDB2378935.1	QIZ20969.1	81.867	1500	272	0	1	1500	1	1500	0.0	2598
MDB2378936.1	QIZ20967.1	70.732	246	72	0	1	246	1	246	1.69e-119	337
MDB2378937.1	QIZ20966.1	77.344	384	87	0	1	384	1	384	0.0	602
MDB2378938.1	QIZ20965.1	87.618	638	79	0	1	638	1	638	0.0	1190
MDB2378939.1	QIZ20964.1	91.160	181	16	0	1	181	1	181	1.24e-124	344
MDB2378940.1	QIZ20963.1	98.529	68	1	0	1	68	1	68	3.34e-44	132
MDB2378941.1	QIZ20962.1	94.068	118	7	0	1	118	1	118	3.36e-80	227
MDB2378942.1	QIZ20961.1	86.197	355	49	0	1	355	1	355	0.0	650
MDB2378943.1	QIZ20960.1	72.444	802	221	0	1	802	1	802	0.0	1148
MDB2378944.1	QIZ20959.1	91.973	598	48	0	1	598	4	601	0.0	1139
MDB2378945.1	QIZ20953.1	43.110	283	133	7	2	269	3	272	9.99e-64	197
MDB2378947.1	QIZ20952.1	88.192	686	77	2	1	683	1	685	0.0	1247
MDB2378948.1	QIZ20951.1	67.371	426	139	0	1	426	1	426	0.0	574
MDB2378949.1	QIZ20950.1	69.799	596	173	4	1	591	9	602	0.0	832
MDB2378950.1	QIZ21330.1	47.899	714	338	11	2	702	104	796	0.0	627
MDB2378951.1	QIZ21331.1	42.731	227	125	4	1	225	1	224	4.92e-47	150
MDB2378953.1	QIZ21333.1	50.000	528	237	10	1	513	3	518	3.86e-160	461
MDB2378954.1	QIZ21334.1	54.359	585	238	3	5	565	3	582	0.0	621
MDB2378955.1	QIZ21335.1	60.827	411	157	3	1	409	1	409	6.25e-163	460
MDB2378956.1	QIZ21340.1	40.310	129	63	2	3	117	24	152	1.73e-23	85.1
MDB2378957.1	QIZ21339.1	59.211	76	30	1	8	82	1	76	1.29e-24	89.7
MDB2378958.1	QIZ21339.1	76.271	59	14	0	3	61	4	62	2.08e-24	88.6
MDB2378961.1	QIZ20539.1	80.488	369	72	0	1	369	1	369	0.0	612
MDB2378962.1	QIZ20538.1	95.604	91	4	0	1	91	1	91	1.81e-61	177
MDB2378963.1	QIZ20537.1	65.589	433	149	0	1	433	1	433	0.0	528
MDB2378964.1	QIZ20537.1	79.677	433	85	1	1	430	1	433	0.0	655
MDB2378965.1	QIZ20536.1	80.392	153	30	0	1	153	1	153	1.56e-68	200
MDB2378967.1	QIZ20533.1	63.492	126	46	0	1	126	1	126	1.52e-57	170
MDB2378968.1	QIZ20532.1	61.257	191	72	1	1	191	1	189	1.55e-82	239
MDB2378969.1	QIZ20531.1	64.968	157	55	0	1	157	1	157	1.67e-72	210
MDB2378970.1	QIZ20530.1	75.000	184	46	0	4	187	1	184	1.83e-104	293
MDB2378972.1	QIZ20529.1	60.000	250	100	0	4	253	7	256	5.25e-105	300
MDB2378973.1	QIZ20528.1	77.778	54	12	0	1	54	13	66	6.99e-28	90.5
MDB2378974.1	QIZ20527.1	76.087	368	86	2	4	370	3	369	0.0	570
MDB2378976.1	QIZ20526.1	80.818	391	75	0	1	391	1	391	0.0	666
MDB2378977.1	QIZ20525.1	86.420	405	55	0	1	405	1	405	0.0	692
MDB2378979.1	QIZ20258.1	91.013	1135	101	1	1	1134	1	1135	0.0	2154
MDB2378980.1	QIZ20257.1	91.636	1363	112	2	1	1361	1	1363	0.0	2573
MDB2378981.1	QIZ20256.1	88.430	121	14	0	1	121	1	121	3.65e-61	179
MDB2378982.1	QIZ20255.1	81.325	166	31	0	2	167	1	166	4.58e-97	273
MDB2378983.1	QIZ20254.1	88.210	229	27	0	1	229	1	229	2.17e-147	405
MDB2378984.1	QIZ20253.1	84.397	141	22	0	1	141	1	141	6.86e-87	246
MDB2378985.1	QIZ20252.1	93.750	176	11	0	1	176	1	176	1.58e-122	338
MDB2378986.1	QIZ20251.1	88.889	63	7	0	1	63	1	63	2.75e-36	112
MDB2378987.1	QIZ20250.1	95.202	396	19	0	1	396	1	396	0.0	746
MDB2378988.1	QIZ20249.1	85.425	247	36	0	1	247	1	247	8.22e-166	454
MDB2378993.1	QIZ20595.1	48.511	235	119	2	4	237	2	235	3.64e-77	233
MDB2378996.1	QIZ21344.1	60.284	282	111	1	1	281	1	282	7.94e-120	340
MDB2378997.1	QIZ21518.1	53.145	318	149	0	1	318	1	318	8.06e-118	338
MDB2379000.1	QIZ20550.1	79.880	333	66	1	1	332	1	333	0.0	520
MDB2379001.1	QIZ20953.1	33.887	301	158	7	2	291	3	273	4.73e-44	147
MDB2379002.1	QIZ20549.1	78.807	637	134	1	1	636	1	637	0.0	1040
MDB2379003.1	QIZ20548.1	92.830	265	19	0	1	265	1	265	0.0	504
MDB2379004.1	QIZ20547.1	89.172	314	33	1	1	313	1	314	0.0	566
MDB2379005.1	QIZ20546.1	96.205	448	17	0	1	448	1	448	0.0	895
MDB2379006.1	QIZ20545.1	85.946	370	52	0	1	370	1	370	0.0	630
MDB2379007.1	QIZ20853.1	53.631	179	83	0	2	180	9	187	4.56e-64	193
MDB2379008.1	QIZ21467.1	93.600	125	8	0	1	125	350	474	7.91e-85	251
MDB2379009.1	QIZ21466.1	93.162	117	8	0	21	137	17	133	2.77e-82	233
MDB2379010.1	QIZ21465.1	94.206	466	27	0	1	466	1	466	0.0	897
MDB2379011.1	QIZ21464.1	86.486	74	10	0	1	74	1	74	3.29e-46	137
MDB2379013.1	QIZ21463.1	71.918	292	82	0	1	292	1	292	1.15e-157	437
MDB2379014.1	QIZ21462.1	70.507	217	63	1	11	226	11	227	1.35e-111	315
MDB2379015.1	QIZ21461.1	75.352	426	105	0	10	435	14	439	0.0	598
MDB2379016.1	QIZ21460.1	82.086	441	79	0	1	441	1	441	0.0	766
MDB2379017.1	QIZ21459.1	58.356	365	152	0	10	374	10	374	9.29e-164	459
MDB2379018.1	QIZ21458.1	70.127	472	141	0	1	472	1	472	0.0	698
MDB2379019.1	QIZ21457.1	71.942	139	39	0	1	139	1	139	4.29e-79	226
MDB2379020.1	QIZ21456.1	73.714	350	92	0	1	350	1	350	1.83e-179	497
MDB2379021.1	QIZ21455.1	79.577	142	29	0	1	142	1	142	8.37e-83	235
MDB2379022.1	QIZ21454.1	44.343	327	182	0	3	329	106	432	4.49e-94	282
MDB2379024.1	QIZ21008.1	91.571	261	22	0	1	261	1	261	0.0	503
MDB2379025.1	QIZ21007.1	95.285	403	19	0	1	403	1	403	0.0	803
MDB2379026.1	QIZ21006.1	89.157	166	18	0	1	166	1	166	1.41e-111	310
MDB2379027.1	QIZ21005.1	78.519	135	29	0	7	141	7	141	1.07e-77	222
MDB2379028.1	QIZ21004.1	96.350	137	5	0	1	137	1	137	6.15e-97	271
MDB2379029.1	QIZ21003.1	88.488	443	51	0	1	443	1	443	0.0	832
MDB2379030.1	QIZ21002.1	75.000	196	49	0	3	198	1	196	1.88e-114	320
MDB2379031.1	QIZ21001.1	65.734	143	49	0	7	149	6	148	3.25e-71	206
MDB2379032.1	QIZ21000.1	65.200	250	87	0	1	250	1	250	8.47e-120	338
MDB2379033.1	QIZ20999.1	77.931	145	32	0	1	145	1	145	3.34e-84	239
MDB2379034.1	QIZ20998.1	73.067	401	106	1	1	399	1	401	0.0	608
MDB2379035.1	QIZ20997.1	82.567	522	91	0	1	522	1	522	0.0	883
MDB2379036.1	QIZ20996.1	80.258	233	46	0	1	233	1	233	4.86e-143	395
MDB2379037.1	QIZ20995.1	62.021	287	109	0	1	287	1	287	2.24e-114	327
MDB2379038.1	QIZ20994.1	83.721	86	14	0	1	86	1	86	1.18e-47	142
MDB2379039.1	QIZ20993.1	82.618	466	77	2	9	474	9	470	0.0	790
MDB2379040.1	QIZ20992.1	92.973	370	26	0	1	370	1	370	0.0	702
MDB2379041.1	QIZ20991.1	73.391	233	62	0	1	233	1	233	2.35e-121	340
MDB2379042.1	QIZ20990.1	71.782	404	114	0	1	404	1	404	0.0	581
MDB2379044.1	QIZ20989.1	82.262	451	80	0	1	451	1	451	0.0	751
MDB2379045.1	QIZ20988.1	59.064	171	68	1	1	169	1	171	6.49e-70	205
MDB2379046.1	QIZ20987.1	79.104	67	14	0	1	67	1	67	4.60e-26	86.7
MDB2379047.1	QIZ20986.1	66.509	212	71	0	1	212	1	212	6.18e-111	312
MDB2379048.1	QIZ20985.1	87.634	186	23	0	4	189	3	188	5.83e-126	348
MDB2379049.1	QIZ20984.1	83.616	177	29	0	1	177	1	177	2.20e-102	288
MDB2379050.1	QIZ20983.1	57.718	149	63	0	12	160	10	158	1.21e-55	168
MDB2379051.1	QIZ20982.1	66.162	198	67	0	1	198	1	198	1.11e-94	270
MDB2379052.1	QIZ20981.1	59.239	552	218	4	1	551	1	546	0.0	614
MDB2379053.1	QIZ20980.1	70.607	313	62	5	1	297	6	304	8.76e-139	390
MDB2379054.1	QIZ20979.1	83.333	108	18	0	1	108	1	108	5.91e-64	185
MDB2379055.1	QIZ20978.1	62.222	135	50	1	2	135	4	138	4.78e-53	160
MDB2379056.1	QIZ20977.1	79.875	800	160	1	1	800	3	801	0.0	1324
MDB2379057.1	QIZ21085.1	25.235	638	426	15	37	645	58	673	5.33e-42	157
MDB2379058.1	QIZ21314.1	27.851	377	240	13	1	354	3	370	3.03e-42	149
MDB2379061.1	QIZ20521.1	80.303	132	26	0	1	132	1	132	2.77e-80	228
MDB2379062.1	QIZ20520.1	68.984	187	57	1	1	186	1	187	1.89e-98	281
MDB2379063.1	QIZ20511.1	96.296	378	14	0	1	378	1	378	0.0	759
MDB2379064.1	QIZ20512.1	87.234	94	12	0	1	94	1	94	1.08e-56	166
MDB2379065.1	QIZ20513.1	96.134	388	15	0	1	388	1	388	0.0	780
MDB2379066.1	QIZ20514.1	64.804	358	124	1	1	356	1	358	4.83e-162	453
MDB2379067.1	QIZ20516.1	87.465	359	45	0	1	359	1	359	0.0	578
MDB2379068.1	QIZ20517.1	75.000	116	29	0	1	116	1	116	6.52e-64	186
MDB2379069.1	QIZ20518.1	96.931	619	19	0	1	619	1	619	0.0	1273
MDB2379070.1	QIZ20519.1	94.872	156	8	0	1	156	1	156	1.67e-113	314
MDB2379071.1	QIZ20520.1	73.864	264	69	0	1	264	1	264	9.88e-155	427
MDB2379072.1	QIZ20521.1	80.303	132	26	0	1	132	1	132	2.77e-80	228
MDB2379073.1	QIZ21364.1	69.444	72	22	0	1	72	126	197	6.32e-33	107
MDB2379089.1	QIZ20601.1	95.021	482	24	0	1	482	1	482	0.0	845
MDB2379090.1	QIZ20600.1	74.297	249	63	1	1	249	1	248	3.67e-137	381
MDB2379091.1	QIZ20599.1	72.667	300	82	0	1	300	1	300	1.79e-170	470
MDB2379094.1	QIZ20416.1	32.468	231	147	4	6	235	5	227	1.80e-31	112
MDB2379095.1	QIZ20594.1	76.285	253	60	0	1	253	1	253	2.96e-142	395
MDB2379097.1	QIZ20834.1	31.698	265	159	6	9	266	1	250	1.18e-27	106
MDB2379098.1	QIZ21328.1	50.698	215	104	2	1	214	34	247	6.08e-74	220
MDB2379099.1	QIZ21320.1	70.821	329	96	0	1	329	1	329	1.83e-175	486
MDB2379105.1	QIZ21326.1	29.511	593	293	23	330	809	420	1000	2.37e-56	210
MDB2379105.1	QIZ21326.1	29.025	441	195	14	836	1218	1170	1550	1.34e-35	142
MDB2379106.1	QIZ21408.1	66.977	645	193	2	1	625	1	645	0.0	920
MDB2379107.1	QIZ21409.1	68.011	372	119	0	3	374	2	373	2.28e-176	491
MDB2379108.1	QIZ21410.1	85.437	412	60	0	1	412	1	412	0.0	744
MDB2379109.1	QIZ21411.1	48.070	285	148	0	5	289	15	299	2.44e-95	279
MDB2379110.1	QIZ21412.1	84.543	317	49	0	1	317	1	317	0.0	564
MDB2379111.1	QIZ21413.1	89.562	297	31	0	1	297	1	297	0.0	557
MDB2379112.1	QIZ21414.1	86.992	123	16	0	1	123	1	123	5.18e-80	227
MDB2379113.1	QIZ21415.1	85.714	84	12	0	1	84	1	84	5.07e-53	155
MDB2379114.1	QIZ21416.1	91.837	98	8	0	1	98	1	98	1.69e-64	186
MDB2379115.1	QIZ21127.1	70.796	339	97	1	1	339	1	337	2.26e-168	469
MDB2379116.1	QIZ21128.1	91.785	353	29	0	1	353	1	353	0.0	663
MDB2379117.1	QIZ21129.1	94.922	512	25	1	1	512	1	511	0.0	1002
MDB2379118.1	QIZ21130.1	96.853	286	9	0	1	286	1	286	0.0	550
MDB2379119.1	QIZ21131.1	94.681	282	15	0	1	282	1	282	0.0	531
MDB2379120.1	QIZ21132.1	82.730	359	62	0	1	359	1	359	0.0	599
MDB2379121.1	QIZ21133.1	85.065	308	46	0	1	308	1	308	0.0	546
MDB2379126.1	QIZ20605.1	87.980	391	47	0	1	391	1	391	0.0	716
MDB2379127.1	QIZ20604.1	88.073	327	39	0	4	330	3	329	0.0	546
MDB2379128.1	QIZ20603.1	95.031	322	16	0	1	322	1	322	0.0	629
MDB2379129.1	QIZ20602.1	84.375	64	9	1	1	63	1	64	3.63e-24	84.3
MDB2379132.1	QIZ20904.1	39.103	156	89	3	1	150	1	156	4.62e-23	84.7
MDB2379139.1	QIZ20702.1	71.667	60	17	0	1	60	308	367	7.05e-27	95.1
MDB2379140.1	QIZ20701.1	82.540	126	22	0	1	126	1	126	3.60e-78	222
MDB2379141.1	QIZ20700.1	86.765	952	126	0	1	952	1	952	0.0	1720
MDB2379142.1	QIZ20699.1	71.256	414	119	0	1	414	1	414	0.0	608
MDB2379144.1	QIZ20674.1	80.556	108	21	0	1	108	286	393	1.70e-62	191
MDB2379147.1	QIZ20217.1	85.714	448	63	1	1	448	1	447	0.0	805
MDB2379148.1	QIZ21315.1	76.510	149	35	0	1	149	1	149	4.18e-89	252
MDB2379151.1	QIZ21138.1	79.310	58	12	0	1	58	2	59	3.23e-30	96.3
MDB2379152.1	QIZ21137.1	73.529	442	117	0	1	442	1	442	0.0	642
MDB2379153.1	QIZ21136.1	94.260	453	26	0	1	453	1	453	0.0	823
MDB2379154.1	QIZ21135.1	86.598	194	26	0	1	194	2	195	5.68e-129	356
MDB2379155.1	QIZ21134.1	92.746	386	26	2	1	385	1	385	0.0	713
MDB2379156.1	QIZ21010.1	94.928	690	35	0	1	690	1	690	0.0	1340
MDB2379157.1	QIZ21011.1	87.805	82	10	0	1	82	1	82	1.17e-47	142
MDB2379158.1	QIZ21012.1	82.787	122	21	0	1	122	1	122	2.20e-72	207
MDB2379159.1	QIZ21013.1	85.849	530	75	0	1	530	207	736	0.0	924
MDB2379161.1	QIZ20487.1	33.012	415	274	2	14	425	17	430	1.23e-70	226
MDB2379162.1	QIZ20589.1	70.242	289	86	0	1	289	1	289	1.64e-152	424
MDB2379163.1	QIZ20592.1	90.688	247	23	0	1	247	1	247	2.35e-171	468
MDB2379164.1	QIZ20591.1	77.366	243	55	0	1	243	1	243	1.64e-143	399
MDB2379165.1	QIZ20553.1	89.252	428	46	0	1	428	1	428	0.0	784
MDB2379166.1	QIZ20552.1	86.139	303	42	0	1	303	1	303	0.0	533
MDB2379167.1	QIZ20551.1	77.105	380	87	0	1	380	1	380	0.0	604
MDB2379168.1	QIZ21367.1	91.613	155	13	0	1	155	1	155	1.27e-107	299
MDB2379169.1	QIZ21368.1	77.711	498	104	4	1	494	1	495	0.0	702
MDB2379170.1	QIZ21369.1	71.698	318	90	0	1	318	1	318	9.98e-167	462
MDB2379171.1	QIZ21591.1	82.286	175	31	0	1	175	1	175	3.54e-97	274
MDB2379172.1	QIZ20957.1	27.244	312	191	9	3	292	1	298	4.47e-21	86.7
MDB2379173.1	QIZ20851.1	33.016	315	186	9	1	309	1	296	2.27e-40	140
MDB2379174.1	QIZ20292.1	31.273	275	148	7	1	240	1	269	1.87e-23	92.4
MDB2379175.1	QIZ20283.1	60.870	69	27	0	1	69	145	213	2.30e-26	91.3
MDB2379176.1	QIZ20284.1	94.488	127	7	0	1	127	1	127	7.33e-88	247
MDB2379177.1	QIZ20285.1	86.667	150	19	1	1	149	1	150	2.29e-78	224
MDB2379178.1	QIZ20286.1	93.275	342	23	0	1	342	1	342	0.0	647
MDB2379179.1	QIZ20287.1	87.075	147	17	1	1	147	1	145	6.43e-91	256
MDB2379180.1	QIZ20288.1	77.474	293	66	0	1	293	1	293	3.21e-165	456
MDB2379181.1	QIZ20851.1	28.487	337	201	9	1	329	1	305	2.09e-26	102
MDB2379182.1	QIZ21541.1	80.359	779	153	0	1	779	1	779	0.0	1319
MDB2379183.1	QIZ21404.1	83.235	507	82	2	1	507	17	520	0.0	877
MDB2379184.1	QIZ21405.1	91.420	338	29	0	7	344	8	345	0.0	631
MDB2379185.1	QIZ21406.1	65.217	92	32	0	1	92	1	92	2.51e-35	119
MDB2379186.1	QIZ21406.1	52.586	116	54	1	3	118	133	247	4.30e-38	128
MDB2379197.1	QIZ20262.1	99.020	102	1	0	1	102	1	102	2.31e-71	203
MDB2379198.1	QIZ20261.1	94.509	692	38	0	1	692	1	692	0.0	1363
MDB2379199.1	QIZ20260.1	91.892	111	9	0	1	111	46	156	2.16e-75	216
MDB2379200.1	QIZ20298.1	93.478	230	15	0	1	230	84	313	9.21e-166	456
MDB2379202.1	QIZ20742.1	30.392	204	138	3	27	228	214	415	2.43e-29	109
MDB2379203.1	QIZ20297.1	73.958	192	49	1	1	192	1	191	5.09e-97	275
MDB2379204.1	QIZ20282.1	91.081	370	33	0	1	370	1	370	0.0	681
MDB2379205.1	QIZ20281.1	83.660	153	22	2	1	150	1	153	4.91e-75	216
MDB2379206.1	QIZ20280.1	88.757	169	19	0	3	171	2	170	5.33e-107	299
MDB2379207.1	QIZ20279.1	77.966	118	26	0	1	118	1	118	1.73e-63	184
MDB2379210.1	QIZ21068.1	90.000	80	8	0	1	80	1	80	1.21e-45	140
MDB2379211.1	QIZ21067.1	94.388	196	7	1	1	192	1	196	5.99e-138	379
MDB2379212.1	QIZ21066.1	88.889	171	19	0	1	171	1	171	1.36e-112	313
MDB2379213.1	QIZ21065.1	90.778	347	31	1	1	347	30	375	0.0	624
MDB2379214.1	QIZ20655.1	39.937	631	354	5	89	709	189	804	2.03e-156	469
MDB2379219.1	QIZ20647.1	82.857	70	12	0	1	70	155	224	4.97e-26	90.9
MDB2379220.1	QIZ20646.1	84.007	594	95	0	1	594	1	594	0.0	1045
MDB2379221.1	QIZ20645.1	92.157	153	12	0	1	153	121	273	5.25e-102	289
MDB2379223.1	QIZ21125.1	89.590	317	33	0	1	317	1	317	0.0	584
MDB2379224.1	QIZ21126.1	78.611	360	74	1	1	360	1	357	0.0	533
MDB2379228.1	QIZ21429.1	88.644	317	36	0	1	317	1	317	0.0	542
MDB2379229.1	QIZ21428.1	94.048	336	20	0	1	336	1	336	0.0	634
MDB2379230.1	QIZ21427.1	97.403	77	2	0	1	77	159	235	9.73e-51	154
MDB2379238.1	QIZ20606.1	78.125	448	98	0	1	448	32	479	0.0	750
MDB2379239.1	QIZ20412.1	86.607	112	15	0	1	112	1	112	5.06e-68	205
MDB2379240.1	QIZ20413.1	93.673	569	36	0	1	569	4	572	0.0	1107
