MDA7779701.1	QIZ20654.1	92.604	338	25	0	1	338	20	357	0.0	565
MDA7779702.1	QIZ20655.1	84.889	814	123	0	1	814	1	814	0.0	1412
MDA7779703.1	QIZ20656.1	84.918	305	46	0	1	305	1	305	8.66e-178	489
MDA7779704.1	QIZ20657.1	89.062	320	35	0	1	320	1	320	0.0	533
MDA7779705.1	QIZ20658.1	90.458	262	25	0	1	262	1	262	3.44e-174	476
MDA7779706.1	QIZ20659.1	95.238	210	10	0	1	210	1	210	2.00e-148	407
MDA7779707.1	QIZ20660.1	100.000	79	0	0	1	79	1	79	1.08e-50	149
MDA7779708.1	QIZ20661.1	97.959	245	5	0	1	245	3	247	1.07e-176	481
MDA7779709.1	QIZ20662.1	98.710	310	4	0	1	310	1	310	0.0	607
MDA7779710.1	QIZ20663.1	98.347	121	2	0	1	121	1	121	6.72e-85	239
MDA7779711.1	QIZ20664.1	98.571	70	1	0	23	92	1	70	6.03e-47	140
MDA7779712.1	QIZ20665.1	97.368	152	4	0	1	152	1	152	1.70e-102	286
MDA7779713.1	QIZ20666.1	98.517	472	7	0	1	472	1	472	0.0	952
MDA7779714.1	QIZ20667.1	97.481	794	20	0	1	794	1	794	0.0	1539
MDA7779715.1	QIZ20668.1	97.238	181	5	0	1	181	1	181	8.10e-125	345
MDA7779716.1	QIZ20669.1	98.174	493	9	0	1	493	1	493	0.0	992
MDA7779717.1	QIZ20670.1	96.984	431	13	0	1	431	1	431	0.0	858
MDA7779718.1	QIZ20671.1	94.175	309	18	0	1	309	1	309	0.0	585
MDA7779719.1	QIZ20672.1	97.552	286	7	0	1	286	1	286	0.0	558
MDA7779720.1	QIZ20673.1	93.240	429	27	1	1	429	1	427	0.0	779
MDA7779721.1	QIZ20674.1	95.929	393	16	0	1	393	1	393	0.0	775
MDA7779722.1	QIZ20675.1	85.294	68	10	0	1	68	1	68	5.21e-40	121
MDA7779724.1	QIZ20481.1	60.000	225	90	0	1	225	1	225	2.26e-98	281
MDA7779725.1	QIZ20676.1	95.031	161	8	0	1	161	1	161	1.22e-99	279
MDA7779726.1	QIZ20679.1	93.333	75	5	0	1	75	1	75	1.82e-50	148
MDA7779727.1	QIZ20680.1	78.386	347	75	0	1	347	1	347	0.0	591
MDA7779728.1	QIZ20681.1	96.216	370	14	0	1	370	1	370	0.0	749
MDA7779729.1	QIZ20682.1	97.037	405	12	0	1	405	1	405	0.0	821
MDA7779730.1	QIZ20683.1	95.017	301	15	0	1	301	1	301	0.0	539
MDA7779731.1	QIZ20684.1	76.867	415	96	0	1	415	1	415	0.0	628
MDA7779732.1	QIZ20685.1	72.500	200	55	0	1	200	1	200	3.27e-107	302
MDA7779733.1	QIZ20686.1	61.765	136	48	1	1	132	1	136	5.82e-56	167
MDA7779734.1	QIZ20687.1	58.861	158	65	0	1	158	1	158	3.86e-56	169
MDA7779735.1	QIZ20689.1	74.638	276	70	0	1	276	1	276	1.10e-153	426
MDA7779736.1	QIZ20690.1	93.478	552	36	0	1	552	1	552	0.0	1041
MDA7779737.1	QIZ20691.1	95.553	922	41	0	1	922	1	922	0.0	1862
MDA7779738.1	QIZ20692.1	65.417	480	166	0	4	483	12	491	0.0	686
MDA7779739.1	QIZ20694.1	85.286	367	54	0	1	367	1	367	0.0	642
MDA7779740.1	QIZ20695.1	78.710	155	33	0	1	155	1	155	3.44e-72	209
MDA7779741.1	QIZ20696.1	77.075	253	58	0	1	253	1	253	3.11e-149	412
MDA7779742.1	QIZ20697.1	92.308	182	14	0	1	182	1	182	1.76e-126	349
MDA7779743.1	QIZ20698.1	94.388	392	22	0	1	392	1	392	0.0	748
MDA7779745.1	QIZ20699.1	94.928	414	21	0	1	414	1	414	0.0	783
MDA7779746.1	QIZ20700.1	98.529	952	14	0	1	952	1	952	0.0	1964
MDA7779747.1	QIZ20701.1	98.413	126	2	0	1	126	1	126	1.29e-89	251
MDA7779748.1	QIZ20702.1	95.924	368	15	0	1	368	1	368	0.0	711
MDA7779749.1	QIZ20703.1	98.990	297	3	0	1	297	1	297	0.0	571
MDA7779750.1	QIZ20704.1	93.375	317	21	0	1	317	1	317	0.0	580
MDA7779751.1	QIZ20705.1	96.491	228	8	0	1	228	1	228	8.80e-164	447
MDA7779752.1	QIZ20706.1	92.607	257	19	0	1	257	9	265	0.0	493
MDA7779753.1	QIZ20707.1	93.865	163	10	0	1	163	1	163	2.05e-112	312
MDA7779754.1	QIZ20708.1	98.851	261	3	0	1	261	1	261	0.0	535
MDA7779755.1	QIZ20709.1	99.149	235	2	0	1	235	1	235	6.28e-171	466
MDA7779756.1	QIZ20710.1	98.333	240	4	0	1	240	1	240	7.07e-174	473
MDA7779757.1	QIZ20711.1	96.726	336	11	0	1	336	1	336	0.0	645
MDA7779758.1	QIZ20712.1	98.264	288	5	0	1	288	1	288	0.0	560
MDA7779759.1	QIZ20713.1	98.086	418	8	0	1	418	1	418	0.0	848
MDA7779760.1	QIZ20714.1	100.000	204	0	0	1	204	1	204	3.65e-143	393
MDA7779761.1	QIZ20715.1	89.494	257	27	0	1	257	1	257	1.24e-171	469
MDA7779762.1	QIZ20716.1	97.842	139	3	0	1	139	1	139	9.36e-104	288
MDA7779763.1	QIZ20717.1	94.050	521	31	0	1	521	1	521	0.0	979
MDA7779764.1	QIZ20718.1	88.966	145	16	0	1	145	1	145	1.47e-91	258
MDA7779765.1	QIZ20719.1	96.648	358	12	0	1	358	1	358	0.0	686
MDA7779766.1	QIZ20720.1	98.522	203	3	0	1	203	1	203	2.87e-144	395
MDA7779767.1	QIZ20721.1	95.033	302	15	0	1	302	1	302	0.0	589
MDA7779768.1	QIZ20722.1	95.880	267	11	0	1	267	1	267	6.14e-177	483
MDA7779769.1	QIZ20723.1	93.953	215	13	0	1	215	1	215	8.71e-155	423
MDA7779770.1	QIZ20724.1	89.109	404	44	0	1	404	1	404	0.0	762
MDA7779771.1	QIZ20725.1	91.697	554	46	0	1	554	336	889	0.0	1002
MDA7779772.1	QIZ20725.1	96.584	322	11	0	1	322	1	322	0.0	670
MDA7779773.1	QIZ20726.1	97.650	383	9	0	1	383	1	383	0.0	758
MDA7779774.1	QIZ20727.1	96.528	432	15	0	1	432	1	432	0.0	821
MDA7779775.1	QIZ20728.1	97.078	308	9	0	1	308	1	308	0.0	606
MDA7779776.1	QIZ20729.1	95.000	120	6	0	1	120	1	120	3.68e-85	239
MDA7779777.1	QIZ20730.1	96.825	189	6	0	1	189	1	189	1.50e-132	365
MDA7779778.1	QIZ20731.1	99.237	131	1	0	1	131	1	131	3.40e-94	263
MDA7779779.1	QIZ20732.1	95.775	426	18	0	1	426	1	426	0.0	841
MDA7779780.1	QIZ20733.1	92.414	290	22	0	1	290	1	290	0.0	525
MDA7779782.1	QIZ20734.1	90.000	180	18	0	1	180	1	180	3.31e-113	315
MDA7779783.1	QIZ20735.1	91.051	257	23	0	1	257	1	257	1.13e-153	424
MDA7779784.1	QIZ20736.1	84.135	208	33	0	1	208	1	208	4.09e-137	378
MDA7779785.1	QIZ20737.1	92.012	338	27	0	1	338	1	338	0.0	620
MDA7779786.1	QIZ20738.1	96.226	106	4	0	1	106	1	106	8.30e-76	214
MDA7779787.1	QIZ20739.1	99.219	256	2	0	1	256	1	256	0.0	495
MDA7779788.1	QIZ20740.1	96.994	632	19	0	1	632	1	632	0.0	1271
MDA7779789.1	QIZ20741.1	100.000	110	0	0	1	110	1	110	3.87e-73	208
MDA7779790.1	QIZ20742.1	95.161	434	21	0	1	434	1	434	0.0	859
MDA7779791.1	QIZ20743.1	96.599	294	10	0	1	294	1	294	0.0	568
MDA7779792.1	QIZ20744.1	98.784	329	4	0	1	329	1	329	0.0	670
MDA7779793.1	QIZ20745.1	94.224	277	16	0	1	277	1	277	0.0	523
MDA7779794.1	QIZ20746.1	94.814	887	46	0	1	887	1	887	0.0	1738
MDA7779795.1	QIZ20747.1	89.390	688	73	0	1	688	1	688	0.0	1224
MDA7779796.1	QIZ20748.1	97.959	294	6	0	1	294	1	294	0.0	610
MDA7779797.1	QIZ20749.1	98.134	268	5	0	1	268	1	268	0.0	516
MDA7779798.1	QIZ20750.1	98.776	245	3	0	1	245	1	245	3.89e-179	491
MDA7779799.1	QIZ21029.1	89.728	331	34	0	1	331	1	331	0.0	582
MDA7779800.1	QIZ21028.1	93.031	287	20	0	1	287	1	287	0.0	515
MDA7779801.1	QIZ21027.1	93.909	197	12	0	1	197	1	197	3.92e-133	367
MDA7779802.1	QIZ21026.1	88.022	551	65	1	125	675	212	761	0.0	996
MDA7779802.1	QIZ21026.1	96.850	127	4	0	1	127	1	127	1.29e-73	248
MDA7779803.1	QIZ21025.1	82.283	508	90	0	1	508	1	508	0.0	820
MDA7779804.1	QIZ21024.1	86.186	333	46	0	1	333	1	333	0.0	589
MDA7779805.1	QIZ21023.1	93.889	180	11	0	1	180	1	180	9.47e-124	342
MDA7779807.1	QIZ21022.1	91.566	332	28	0	1	332	1	332	0.0	630
MDA7779808.1	QIZ21021.1	92.969	128	9	0	1	128	1	128	6.44e-86	242
MDA7779809.1	QIZ21020.1	100.000	136	0	0	1	136	1	136	1.23e-97	272
MDA7779810.1	QIZ21019.1	87.253	455	58	0	1	455	1	455	0.0	791
MDA7779811.1	QIZ21018.1	91.291	333	29	0	1	333	1	333	0.0	625
MDA7779812.1	QIZ21017.1	89.542	153	16	0	1	153	1	153	5.88e-87	246
MDA7779813.1	QIZ21016.1	90.982	499	45	0	16	514	19	517	0.0	848
MDA7779814.1	QIZ21015.1	96.915	389	12	0	1	389	1	389	0.0	783
MDA7779815.1	QIZ21014.1	99.245	530	4	0	1	530	1	530	0.0	1055
MDA7779816.1	QIZ21013.1	96.744	737	20	2	1	734	1	736	0.0	1435
MDA7779817.1	QIZ21012.1	91.803	122	10	0	1	122	1	122	9.00e-81	228
MDA7779818.1	QIZ21011.1	98.780	82	1	0	1	82	1	82	5.26e-55	160
MDA7779819.1	QIZ21010.1	97.536	690	17	0	1	690	1	690	0.0	1371
MDA7779820.1	QIZ20958.1	34.450	209	127	4	24	229	21	222	7.86e-34	117
MDA7779821.1	QIZ21009.1	89.655	87	9	0	1	87	40	126	2.02e-57	168
MDA7779822.1	QIZ21008.1	98.467	261	4	0	1	261	1	261	0.0	527
MDA7779823.1	QIZ21007.1	87.593	403	50	0	1	403	1	403	0.0	749
MDA7779824.1	QIZ21006.1	97.590	166	4	0	1	166	1	166	1.69e-120	332
MDA7779825.1	QIZ21005.1	92.254	142	11	0	1	142	1	142	8.86e-97	271
MDA7779826.1	QIZ21004.1	98.551	138	2	0	1	138	1	138	4.64e-100	278
MDA7779827.1	QIZ21003.1	97.743	443	10	0	1	443	1	443	0.0	904
MDA7779828.1	QIZ21002.1	93.401	197	13	0	1	197	1	197	2.49e-137	377
MDA7779829.1	QIZ21001.1	92.617	149	11	0	1	149	1	149	2.67e-98	275
MDA7779830.1	QIZ21000.1	95.219	251	12	0	1	251	1	251	1.23e-173	474
MDA7779831.1	QIZ20999.1	93.793	145	9	0	1	145	1	145	3.68e-100	279
MDA7779832.1	QIZ20998.1	93.766	401	25	0	1	401	1	401	0.0	770
MDA7779833.1	QIZ20997.1	97.510	522	13	0	1	522	1	522	0.0	1027
MDA7779834.1	QIZ20996.1	97.009	234	7	0	1	234	1	234	9.60e-173	470
MDA7779835.1	QIZ20995.1	93.728	287	18	0	1	287	1	287	0.0	511
MDA7779836.1	QIZ20994.1	98.837	86	1	0	1	86	1	86	5.64e-54	158
MDA7779837.1	QIZ20993.1	97.447	470	12	0	1	470	1	470	0.0	925
MDA7779838.1	QIZ20992.1	98.649	370	5	0	1	370	1	370	0.0	729
MDA7779839.1	QIZ20991.1	94.850	233	12	0	1	233	1	233	4.40e-153	421
MDA7779840.1	QIZ20990.1	95.545	404	18	0	1	404	1	404	0.0	770
MDA7779841.1	QIZ20989.1	97.619	462	11	0	1	462	1	462	0.0	915
MDA7779842.1	QIZ20988.1	92.398	171	13	0	1	171	1	171	6.51e-116	321
MDA7779843.1	QIZ20987.1	83.582	67	11	0	1	67	1	67	3.56e-27	89.4
MDA7779844.1	QIZ20986.1	92.202	218	17	0	13	230	1	218	2.30e-153	420
MDA7779845.1	QIZ20985.1	98.404	188	3	0	1	188	1	188	4.43e-141	386
MDA7779846.1	QIZ20984.1	96.610	177	6	0	1	177	1	177	4.13e-123	340
MDA7779847.1	QIZ20983.1	91.195	159	14	0	1	159	1	159	4.24e-97	273
MDA7779848.1	QIZ20982.1	93.939	198	12	0	1	198	1	198	1.42e-136	376
MDA7779849.1	QIZ20534.1	38.346	266	136	9	8	254	2	258	4.20e-43	143
MDA7779850.1	QIZ20981.1	95.599	568	25	0	1	568	1	568	0.0	1027
MDA7779851.1	QIZ20980.1	92.105	304	24	0	1	304	1	304	0.0	497
MDA7779852.1	QIZ20979.1	100.000	94	0	0	1	94	15	108	2.16e-65	188
MDA7779853.1	QIZ20200.1	97.527	364	9	0	1	364	1	364	0.0	732
MDA7779854.1	QIZ20201.1	91.369	336	29	0	1	336	1	336	0.0	652
MDA7779855.1	QIZ20202.1	89.634	164	17	0	1	164	1	164	2.30e-108	301
MDA7779856.1	QIZ20203.1	95.937	443	18	0	1	443	1	443	0.0	845
MDA7779857.1	QIZ20204.1	97.256	328	9	0	7	334	1	328	0.0	667
MDA7779858.1	QIZ20205.1	95.683	278	12	0	1	278	1	278	2.39e-163	450
MDA7779859.1	QIZ20206.1	82.949	434	74	0	1	434	1	434	0.0	757
MDA7779860.1	QIZ20207.1	98.485	66	1	0	1	66	1	66	1.15e-43	130
MDA7779861.1	QIZ20208.1	85.606	132	19	0	1	132	1	132	1.41e-76	219
MDA7779862.1	QIZ20210.1	88.593	526	60	0	11	536	11	536	0.0	922
MDA7779863.1	QIZ20211.1	95.876	97	4	0	1	97	1	97	1.84e-66	190
MDA7779864.1	QIZ20212.1	94.444	162	9	0	1	162	1	162	4.23e-117	323
MDA7779867.1	QIZ20214.1	92.857	294	21	0	1	294	1	294	0.0	500
MDA7779870.1	QIZ20348.1	28.372	430	266	4	5	394	4	431	1.20e-49	169
MDA7779872.1	QIZ20215.1	95.862	145	6	0	1	145	1	145	1.27e-104	291
MDA7779876.1	QIZ21252.1	30.392	306	182	9	10	293	14	310	1.09e-22	91.7
MDA7779879.1	QIZ20586.1	38.021	192	115	3	1	190	1	190	8.39e-39	128
MDA7779885.1	QIZ20601.1	40.166	483	281	4	1	482	1	476	2.65e-102	311
MDA7779894.1	QIZ20911.1	70.053	187	55	1	1	187	1	186	2.30e-97	276
MDA7779895.1	QIZ20910.1	88.889	90	10	0	1	90	29	118	2.15e-59	174
MDA7779898.1	QIZ20219.1	87.778	90	11	0	1	90	1	90	2.13e-57	167
MDA7779899.1	QIZ20220.1	97.107	484	14	0	1	484	1	484	0.0	967
MDA7779900.1	QIZ20221.1	97.829	645	14	0	1	645	1	645	0.0	1320
MDA7779901.1	QIZ20222.1	97.953	342	7	0	1	342	1	342	0.0	707
MDA7779902.1	QIZ20224.1	90.865	208	19	0	1	208	1	208	7.95e-142	390
MDA7779903.1	QIZ20225.1	95.989	374	15	0	2	375	1	374	0.0	744
MDA7779905.1	QIZ21222.1	88.141	312	37	0	1	312	1	312	0.0	523
MDA7779906.1	QIZ21221.1	94.643	168	9	0	1	168	1	168	8.54e-104	290
MDA7779907.1	QIZ21220.1	95.803	691	29	0	1	691	1	691	0.0	1362
MDA7779908.1	QIZ21219.1	93.069	101	7	0	1	101	1	101	5.57e-68	194
MDA7779909.1	QIZ21218.1	99.312	436	3	0	1	436	1	436	0.0	851
MDA7779910.1	QIZ21217.1	97.191	178	5	0	1	178	1	178	8.87e-131	359
MDA7779911.1	QIZ21216.1	90.816	98	9	0	1	98	1	98	4.21e-67	192
MDA7779912.1	QIZ21215.1	96.682	211	7	0	1	211	1	211	3.16e-151	414
MDA7779913.1	QIZ21214.1	67.687	294	95	0	1	294	1	294	3.63e-150	418
MDA7779914.1	QIZ21213.1	93.151	146	10	0	1	146	1	146	6.18e-103	286
MDA7779915.1	QIZ21212.1	87.778	270	33	0	1	270	1	270	0.0	503
MDA7779916.1	QIZ21211.1	86.159	289	40	0	1	289	1	289	0.0	506
MDA7779917.1	QIZ21210.1	89.423	1040	110	0	1	1040	1	1040	0.0	1817
MDA7779918.1	QIZ21209.1	93.467	199	13	0	1	199	1	199	1.65e-140	386
MDA7779919.1	QIZ21208.1	84.000	125	20	0	4	128	1	125	9.86e-71	204
MDA7779920.1	QIZ21207.1	93.277	238	16	0	1	238	1	238	6.22e-171	466
MDA7779921.1	QIZ21206.1	91.703	229	19	0	1	229	1	229	6.77e-150	412
MDA7779922.1	QIZ21205.1	90.966	321	29	0	1	321	1	321	0.0	574
MDA7779923.1	QIZ21204.1	91.503	153	13	0	1	153	1	153	2.60e-102	285
MDA7779924.1	QIZ21203.1	98.364	428	7	0	1	428	1	428	0.0	868
MDA7779925.1	QIZ21202.1	96.484	512	18	0	1	512	1	512	0.0	978
MDA7779926.1	QIZ21201.1	96.121	232	9	0	2	233	4	235	1.01e-163	447
MDA7779927.1	QIZ21200.1	97.727	924	21	0	1	924	1	924	0.0	1837
MDA7779928.1	QIZ21199.1	95.469	309	14	0	1	309	1	309	0.0	595
MDA7779929.1	QIZ21198.1	97.268	183	5	0	1	183	1	183	1.30e-124	344
MDA7779930.1	QIZ21197.1	97.861	187	4	0	1	187	1	187	1.37e-135	372
MDA7779931.1	QIZ21196.1	95.153	392	19	0	1	392	1	392	0.0	766
MDA7779932.1	QIZ21195.1	98.559	347	5	0	1	347	1	347	0.0	714
MDA7779933.1	QIZ21194.1	99.313	291	2	0	1	291	1	291	0.0	588
MDA7779934.1	QIZ21193.1	95.109	184	9	0	1	184	1	184	8.81e-126	347
MDA7779935.1	QIZ21191.1	96.587	293	10	0	1	293	58	350	0.0	553
MDA7779936.1	QIZ20316.1	98.494	332	5	0	1	332	86	417	0.0	681
MDA7779937.1	QIZ20315.1	98.901	91	1	0	1	91	1	91	2.26e-67	192
MDA7779938.1	QIZ20314.1	94.611	1002	54	0	1	1002	1	1002	0.0	2001
MDA7779939.1	QIZ20313.1	90.374	187	18	0	1	187	1	187	2.02e-125	347
MDA7779940.1	QIZ20312.1	97.647	255	6	0	1	255	1	255	0.0	503
MDA7779941.1	QIZ20311.1	98.374	246	4	0	1	246	1	246	8.74e-172	469
MDA7779942.1	QIZ20310.1	82.192	73	13	0	1	73	1	73	1.43e-40	124
MDA7779946.1	QIZ20306.1	90.062	161	16	0	1	161	1	161	4.95e-110	306
MDA7779947.1	QIZ20305.1	97.149	456	13	0	1	456	1	456	0.0	874
MDA7779948.1	QIZ20304.1	91.362	301	26	0	1	301	1	301	0.0	556
MDA7779949.1	QIZ20303.1	95.370	216	10	0	1	216	1	216	1.51e-151	415
MDA7779950.1	QIZ20302.1	97.556	491	12	0	1	491	1	491	0.0	984
MDA7779951.1	QIZ20301.1	97.320	485	13	0	1	485	1	485	0.0	965
MDA7779952.1	QIZ20300.1	94.737	95	5	0	1	95	1	95	6.16e-61	176
MDA7779953.1	QIZ20299.1	98.675	151	2	0	1	151	1	151	2.74e-106	295
MDA7779954.1	QIZ20298.1	98.403	313	5	0	1	313	1	313	0.0	634
MDA7779955.1	QIZ20742.1	25.862	406	276	10	28	423	25	415	9.83e-35	129
MDA7779956.1	QIZ20297.1	93.194	191	13	0	1	191	1	191	2.28e-121	337
MDA7779957.1	QIZ20296.1	96.524	863	29	1	1	862	1	863	0.0	1707
MDA7779958.1	QIZ20294.1	95.425	153	7	0	36	188	1	153	1.40e-106	298
MDA7779959.1	QIZ20293.1	92.361	432	33	0	1	432	1	432	0.0	779
MDA7779960.1	QIZ20292.1	95.941	271	11	0	1	271	1	271	0.0	494
MDA7779961.1	QIZ20291.1	85.357	280	41	0	1	280	1	280	1.19e-167	461
MDA7779962.1	QIZ20290.1	98.249	457	8	0	1	457	1	457	0.0	902
MDA7779963.1	QIZ20289.1	89.320	206	22	0	1	206	1	206	5.53e-133	367
MDA7779964.1	QIZ20288.1	99.013	304	3	0	1	304	1	304	0.0	619
MDA7779965.1	QIZ20287.1	97.931	145	3	0	1	145	1	145	3.04e-102	285
MDA7779966.1	QIZ20286.1	98.830	342	4	0	1	342	1	342	0.0	684
MDA7779967.1	QIZ20285.1	96.000	150	6	0	1	150	1	150	2.70e-81	232
MDA7779969.1	QIZ21085.1	97.727	528	12	0	1	528	153	680	0.0	1077
MDA7779970.1	QIZ21084.1	62.621	206	77	0	1	206	1	206	6.16e-94	269
MDA7779971.1	QIZ21083.1	72.414	87	23	1	1	87	1	86	2.14e-41	126
MDA7779972.1	QIZ21082.1	87.708	602	74	0	1	602	1	602	0.0	1025
MDA7779973.1	QIZ21081.1	79.091	110	23	0	5	114	6	115	3.32e-63	184
MDA7779974.1	QIZ21080.1	96.804	219	7	0	1	219	1	219	7.65e-153	419
MDA7779976.1	QIZ21079.1	93.861	505	31	0	7	511	14	518	0.0	937
MDA7779978.1	QIZ21078.1	93.897	213	13	0	1	213	1	213	2.02e-148	407
MDA7779979.1	QIZ21077.1	92.308	364	28	0	1	364	14	377	0.0	654
MDA7779980.1	QIZ21076.1	93.966	696	42	0	1	696	1	696	0.0	1254
MDA7779981.1	QIZ21075.1	87.500	184	23	0	1	184	1	184	1.12e-117	327
MDA7779982.1	QIZ21074.1	91.018	167	15	0	1	167	1	167	1.16e-113	315
MDA7779983.1	QIZ21073.1	95.041	121	6	0	1	121	1	121	9.68e-84	236
MDA7779984.1	QIZ21072.1	95.050	101	5	0	1	101	1	101	3.42e-66	190
MDA7779985.1	QIZ21071.1	97.211	251	7	0	1	251	1	251	0.0	499
MDA7779986.1	QIZ21070.1	94.561	239	13	0	1	239	1	239	2.90e-167	457
MDA7779987.1	QIZ21068.1	92.308	208	16	0	1	208	1	208	3.38e-142	391
MDA7779988.1	QIZ21067.1	100.000	196	0	0	1	196	1	196	4.14e-147	402
MDA7779989.1	QIZ21066.1	100.000	171	0	0	1	171	1	171	1.99e-123	340
MDA7779990.1	QIZ21065.1	98.901	455	5	0	1	455	1	455	0.0	900
MDA7779991.1	QIZ21087.1	40.000	285	162	6	1	283	1	278	1.42e-60	189
MDA7779992.1	QIZ21087.1	38.869	283	157	4	1	272	1	278	8.56e-58	182
MDA7779993.1	QIZ21064.1	83.140	172	29	0	1	172	1	172	1.54e-89	255
MDA7779994.1	QIZ21063.1	94.416	197	11	0	1	197	1	197	2.41e-135	372
MDA7779995.1	QIZ21062.1	95.714	140	6	0	1	140	1	140	7.44e-86	243
MDA7779996.1	QIZ21061.1	90.000	140	14	0	1	140	1	140	1.22e-91	257
MDA7779997.1	QIZ21060.1	93.722	223	14	0	1	223	1	223	4.71e-155	424
MDA7779998.1	QIZ21059.1	92.090	177	14	0	1	177	1	177	5.69e-114	318
MDA7779999.1	QIZ21058.1	90.189	265	26	0	1	265	1	265	5.26e-176	481
MDA7780000.1	QIZ21057.1	94.359	195	11	0	1	195	1	195	8.09e-134	369
MDA7780001.1	QIZ21056.1	93.796	274	17	0	1	274	1	274	0.0	533
MDA7780002.1	QIZ21055.1	88.889	333	37	0	1	333	1	333	0.0	612
MDA7780004.1	QIZ21372.1	92.052	692	55	0	1	692	1	692	0.0	1243
MDA7780005.1	QIZ21371.1	94.444	558	31	0	1	558	3	560	0.0	1055
MDA7780006.1	QIZ21370.1	90.196	102	10	0	1	102	1	102	1.51e-58	171
MDA7780007.1	QIZ21369.1	97.321	336	9	0	1	336	1	336	0.0	660
MDA7780008.1	QIZ21368.1	95.152	495	24	0	1	495	1	495	0.0	885
MDA7780009.1	QIZ21367.1	98.710	155	2	0	1	155	1	155	1.30e-114	317
MDA7780010.1	QIZ21366.1	80.972	247	47	0	1	247	1	247	2.18e-148	410
MDA7780011.1	QIZ21365.1	74.713	261	66	0	1	261	1	261	2.62e-150	416
MDA7780012.1	QIZ21364.1	64.583	192	68	0	3	194	4	195	2.40e-86	249
MDA7780014.1	QIZ21363.1	98.353	607	10	0	1	607	1	607	0.0	1206
MDA7780015.1	QIZ21362.1	97.631	591	14	0	1	591	1	591	0.0	1176
MDA7780016.1	QIZ21361.1	93.464	153	10	0	1	153	1	153	8.05e-94	264
MDA7780017.1	QIZ21360.1	96.985	398	12	0	1	398	1	398	0.0	787
MDA7780018.1	QIZ21359.1	98.324	1074	18	0	1	1074	1	1074	0.0	2160
MDA7780019.1	QIZ21358.1	95.726	351	15	0	1	351	1	351	0.0	676
MDA7780020.1	QIZ21357.1	76.571	764	151	9	1	744	1	756	0.0	1113
MDA7780021.1	QIZ21346.1	26.425	772	475	32	8	747	5	715	2.04e-58	206
MDA7780022.1	QIZ21355.1	98.246	114	2	0	1	114	1	114	1.92e-80	227
MDA7780023.1	QIZ21347.1	36.513	608	349	14	9	606	7	587	9.07e-107	329
MDA7780024.1	QIZ21346.1	92.447	331	24	1	1	330	385	715	0.0	629
MDA7780025.1	QIZ21488.1	93.373	166	11	0	1	166	833	998	1.05e-107	325
MDA7780026.1	QIZ21489.1	91.282	195	17	0	1	195	1	195	4.58e-133	367
MDA7780028.1	QIZ21353.1	96.562	698	15	1	1	698	1	689	0.0	1361
MDA7780029.1	QIZ21352.1	82.788	825	124	8	1	820	1	812	0.0	1226
MDA7780029.1	QIZ21352.1	88.346	635	70	2	522	1153	1100	1733	0.0	1020
MDA7780029.1	QIZ21352.1	81.788	302	50	3	522	820	659	958	4.52e-108	369
MDA7780029.1	QIZ21352.1	69.836	305	84	4	522	820	805	1107	7.80e-82	290
MDA7780030.1	QIZ21351.1	99.177	243	2	0	1	243	1	243	1.89e-178	485
MDA7780031.1	QIZ21350.1	98.202	445	8	0	1	445	1	445	0.0	879
MDA7780032.1	QIZ21349.1	99.144	701	6	0	1	701	1	701	0.0	1400
MDA7780033.1	QIZ21490.1	94.681	282	15	0	1	282	1	282	0.0	530
MDA7780034.1	QIZ21491.1	58.252	103	43	0	1	103	1	103	9.33e-34	108
MDA7780035.1	QIZ21492.1	59.589	146	59	0	1	146	1	146	8.93e-60	177
MDA7780036.1	QIZ21493.1	82.258	248	44	0	1	248	1	248	1.54e-142	395
MDA7780037.1	QIZ21494.1	78.261	115	25	0	1	115	1	115	1.91e-67	194
MDA7780038.1	QIZ21495.1	90.079	252	25	0	1	252	1	252	8.26e-175	477
MDA7780039.1	QIZ21496.1	100.000	68	0	0	1	68	1	68	2.29e-47	140
MDA7780040.1	QIZ21497.1	95.484	155	7	0	1	155	1	155	5.41e-108	300
MDA7780041.1	QIZ21498.1	91.379	348	30	0	1	348	1	348	0.0	630
MDA7780042.1	QIZ21499.1	95.706	163	7	0	1	163	1	163	3.54e-112	311
MDA7780043.1	QIZ21500.1	96.594	323	11	0	1	323	1	323	0.0	650
MDA7780044.1	QIZ21501.1	96.909	550	17	0	1	550	1	550	0.0	1101
MDA7780045.1	QIZ21502.1	98.522	203	3	0	1	203	1	203	1.03e-145	399
MDA7780047.1	QIZ21503.1	98.343	181	3	0	1	181	1	181	6.08e-126	347
MDA7780048.1	QIZ21504.1	96.903	452	14	0	1	452	1	452	0.0	918
MDA7780049.1	QIZ21505.1	97.521	242	6	0	1	242	1	242	6.45e-178	484
MDA7780050.1	QIZ21506.1	74.055	397	103	0	1	397	1	397	0.0	647
MDA7780051.1	QIZ21507.1	73.881	134	35	0	1	134	1	134	3.25e-73	210
MDA7780052.1	QIZ21508.1	98.387	124	2	0	1	124	1	124	1.16e-91	256
MDA7780053.1	QIZ21509.1	97.318	261	7	0	1	261	1	261	0.0	517
MDA7780054.1	QIZ21510.1	51.880	133	64	0	1	133	6	138	2.32e-46	143
MDA7780055.1	QIZ20959.1	99.505	202	1	0	1	202	400	601	7.29e-146	414
MDA7780056.1	QIZ20953.1	37.276	279	158	7	1	267	1	274	8.28e-43	143
MDA7780058.1	QIZ20952.1	99.270	685	5	0	1	685	1	685	0.0	1385
MDA7780059.1	QIZ20951.1	90.376	426	41	0	1	426	1	426	0.0	735
MDA7780060.1	QIZ20950.1	96.844	602	19	0	1	602	1	602	0.0	1174
MDA7780061.1	QIZ20949.1	98.765	324	4	0	1	324	1	324	0.0	667
MDA7780062.1	QIZ20948.1	98.857	175	2	0	1	175	1	175	7.55e-130	357
MDA7780063.1	QIZ20947.1	91.860	86	7	0	1	86	10	95	1.55e-51	152
MDA7780064.1	QIZ20946.1	88.587	368	42	0	1	368	1	368	0.0	624
MDA7780065.1	QIZ20945.1	94.118	170	10	0	1	170	1	170	6.11e-116	321
MDA7780067.1	QIZ20944.1	92.662	586	43	0	1	586	1	586	0.0	1064
MDA7780068.1	QIZ20943.1	97.093	172	5	0	1	172	1	172	8.39e-122	336
MDA7780069.1	QIZ20942.1	90.260	308	30	0	2	309	3	310	0.0	566
MDA7780070.1	QIZ20941.1	93.089	246	17	0	1	246	1	246	1.49e-172	471
MDA7780071.1	QIZ20940.1	90.566	159	15	0	1	159	1	159	2.10e-108	301
MDA7780072.1	QIZ20939.1	96.440	309	11	0	1	309	1	309	0.0	618
MDA7780073.1	QIZ21069.1	70.968	62	18	0	1	62	1	62	4.27e-31	99.0
MDA7780074.1	QIZ20937.1	95.573	384	17	0	1	384	1	384	0.0	748
MDA7780075.1	QIZ20936.1	87.273	275	32	1	1	272	1	275	3.54e-180	492
MDA7780076.1	QIZ20935.1	99.552	223	1	0	1	223	1	223	2.21e-164	448
MDA7780077.1	QIZ20934.1	83.333	288	48	0	1	288	1	288	1.28e-171	472
MDA7780078.1	QIZ20933.1	95.520	558	25	0	1	558	1	558	0.0	1096
MDA7780079.1	QIZ20932.1	98.795	83	1	0	1	83	1	83	4.03e-57	166
MDA7780080.1	QIZ20931.1	94.737	114	6	0	1	114	1	114	1.08e-72	207
MDA7780082.1	QIZ20978.1	88.636	88	10	0	1	88	1	88	1.11e-52	157
MDA7780083.1	QIZ20977.1	95.620	799	35	0	1	799	3	801	0.0	1560
MDA7780085.1	QIZ20976.1	96.454	141	5	0	1	141	1	141	2.78e-101	282
MDA7780086.1	QIZ20975.1	93.924	395	24	0	1	395	1	395	0.0	768
MDA7780087.1	QIZ20974.1	96.838	1012	32	0	1	1012	1	1012	0.0	2052
MDA7780088.1	QIZ20973.1	91.253	423	37	0	1	423	1	423	0.0	783
MDA7780089.1	QIZ20972.1	95.593	295	13	0	1	295	1	295	0.0	563
MDA7780090.1	QIZ20971.1	92.917	240	17	0	1	240	1	240	3.88e-155	427
MDA7780091.1	QIZ20970.1	97.495	479	12	0	1	479	1	479	0.0	964
MDA7780092.1	QIZ20969.1	97.868	1501	32	0	1	1501	1	1501	0.0	3043
MDA7780093.1	QIZ20968.1	93.127	291	20	0	1	291	1	291	0.0	539
MDA7780094.1	QIZ20967.1	90.438	251	24	0	1	251	1	251	1.04e-158	436
MDA7780095.1	QIZ20966.1	92.708	384	28	0	1	384	1	384	0.0	707
MDA7780096.1	QIZ20965.1	97.962	638	13	0	1	638	1	638	0.0	1296
MDA7780097.1	QIZ20964.1	97.238	181	5	0	1	181	1	181	1.89e-130	359
MDA7780098.1	QIZ20963.1	98.529	68	1	0	1	68	1	68	1.82e-44	132
MDA7780099.1	QIZ20962.1	100.000	51	0	0	1	51	1	51	2.53e-32	103
MDA7780100.1	QIZ20485.1	93.514	370	24	0	1	370	116	485	0.0	645
MDA7780101.1	QIZ20484.1	96.371	248	9	0	1	248	1	248	1.53e-179	488
MDA7780102.1	QIZ20483.1	93.488	215	14	0	1	215	1	215	2.94e-146	402
MDA7780104.1	QIZ20482.1	96.429	140	5	0	1	140	1	140	3.71e-100	279
MDA7780105.1	QIZ20481.1	96.018	226	9	0	1	226	1	226	2.24e-161	441
MDA7780106.1	QIZ20480.1	93.548	186	12	0	1	186	1	186	9.35e-119	330
MDA7780109.1	QIZ20479.1	82.927	82	14	0	1	82	1	82	3.43e-48	143
MDA7780110.1	QIZ20478.1	91.633	490	24	2	1	477	1	486	0.0	862
MDA7780111.1	QIZ20477.1	95.074	203	10	0	1	203	1	203	1.38e-146	401
MDA7780112.1	QIZ20476.1	99.052	422	4	0	1	422	1	422	0.0	859
MDA7780113.1	QIZ20475.1	98.361	793	13	0	1	793	2	794	0.0	1574
MDA7780114.1	QIZ20474.1	98.361	122	2	0	1	122	1	122	1.18e-83	236
MDA7780115.1	QIZ20473.1	97.688	173	4	0	1	173	1	173	2.49e-130	358
MDA7780116.1	QIZ20472.1	94.554	202	11	0	1	202	1	202	1.32e-144	396
MDA7780117.1	QIZ20471.1	98.977	391	4	0	1	391	1	391	0.0	801
MDA7780118.1	QIZ20470.1	93.564	202	13	0	1	202	1	202	1.79e-145	399
MDA7780119.1	QIZ20469.1	97.517	443	11	0	1	443	1	443	0.0	900
MDA7780120.1	QIZ20468.1	95.729	679	29	0	1	679	1	679	0.0	1356
MDA7780121.1	QIZ20467.1	96.988	332	10	0	1	332	1	332	0.0	640
MDA7780122.1	QIZ20466.1	97.516	161	4	0	1	161	1	161	2.73e-118	327
MDA7780123.1	QIZ20465.1	97.143	210	6	0	1	210	1	210	6.60e-150	410
MDA7780126.1	QIZ21150.1	32.869	359	209	11	1	340	4	349	2.88e-45	154
MDA7780128.1	QIZ20501.1	91.250	320	28	0	1	320	1	320	0.0	594
MDA7780129.1	QIZ20502.1	93.377	151	10	0	1	151	1	151	3.93e-90	254
MDA7780130.1	QIZ20503.1	98.196	499	9	0	1	499	1	499	0.0	961
MDA7780131.1	QIZ20504.1	94.620	316	17	0	1	316	1	316	0.0	587
MDA7780132.1	QIZ20505.1	90.206	388	38	0	1	388	1	388	0.0	730
MDA7780133.1	QIZ20506.1	88.235	204	24	0	1	204	1	204	1.38e-132	366
MDA7780134.1	QIZ20507.1	99.095	221	2	0	1	221	1	221	2.42e-160	438
MDA7780135.1	QIZ20508.1	96.400	861	31	0	1	861	1	861	0.0	1636
MDA7780136.1	QIZ20510.1	89.862	434	44	0	13	446	1	434	0.0	815
MDA7780137.1	QIZ20600.1	66.667	249	82	1	1	249	1	248	9.42e-124	347
MDA7780139.1	QIZ20511.1	97.436	117	3	0	2	118	478	594	5.43e-79	239
MDA7780141.1	QIZ21444.1	94.444	738	41	0	1	738	1	738	0.0	1428
MDA7780142.1	QIZ21443.1	96.127	284	11	0	1	284	1	284	0.0	553
MDA7780143.1	QIZ21442.1	84.578	415	64	0	1	415	1	415	0.0	721
MDA7780144.1	QIZ21441.1	93.629	361	21	1	13	371	13	373	0.0	698
MDA7780145.1	QIZ21440.1	97.238	362	10	0	1	362	1	362	0.0	729
MDA7780146.1	QIZ21439.1	97.423	388	10	0	1	388	1	388	0.0	793
MDA7780147.1	QIZ21438.1	93.927	247	15	0	1	247	1	247	6.15e-172	469
MDA7780148.1	QIZ21437.1	96.907	388	12	0	1	388	1	388	0.0	801
MDA7780149.1	QIZ21436.1	98.462	195	3	0	1	195	1	195	2.36e-143	392
MDA7780150.1	QIZ21435.1	90.385	260	25	0	1	260	1	260	2.34e-178	486
MDA7780151.1	QIZ21434.1	96.146	493	19	0	1	493	1	493	0.0	979
MDA7780152.1	QIZ21433.1	52.632	285	135	0	1	285	1	285	7.63e-101	292
MDA7780153.1	QIZ21432.1	94.207	397	20	1	1	394	1	397	0.0	720
MDA7780154.1	QIZ21431.1	84.980	253	38	0	1	253	1	253	1.14e-148	411
MDA7780155.1	QIZ21430.1	90.071	141	14	0	1	141	247	387	1.27e-89	261
MDA7780156.1	QIZ20463.1	93.407	637	42	0	1	637	1	637	0.0	1204
MDA7780157.1	QIZ20462.1	96.177	497	19	0	1	497	1	497	0.0	968
MDA7780158.1	QIZ20461.1	96.603	471	16	0	1	471	1	471	0.0	900
MDA7780159.1	QIZ20460.1	91.444	187	16	0	1	187	1	187	2.32e-119	331
MDA7780160.1	QIZ20459.1	93.952	248	15	0	1	248	1	248	1.66e-154	425
MDA7780161.1	QIZ20458.1	96.915	551	17	0	1	551	1	551	0.0	1110
MDA7780162.1	QIZ20457.1	95.062	81	4	0	1	81	1	81	2.32e-45	136
MDA7780163.1	QIZ20456.1	97.748	444	10	0	1	444	1	444	0.0	883
MDA7780164.1	QIZ20455.1	96.341	410	15	0	1	410	1	410	0.0	763
MDA7780165.1	QIZ20454.1	91.667	228	19	0	1	228	1	228	3.04e-152	418
MDA7780166.1	QIZ20453.1	96.661	1138	38	0	1	1138	1	1138	0.0	2242
MDA7780169.1	QIZ21178.1	96.467	368	13	0	1	368	1	368	0.0	712
MDA7780170.1	QIZ21179.1	97.859	327	7	0	1	327	1	327	0.0	647
MDA7780171.1	QIZ21180.1	97.619	84	2	0	1	84	1	84	5.09e-55	160
MDA7780172.1	QIZ21181.1	94.656	131	7	0	1	131	1	131	7.95e-88	248
MDA7780173.1	QIZ21182.1	90.377	239	23	0	1	239	1	239	3.66e-165	451
MDA7780174.1	QIZ21183.1	96.954	197	6	0	1	197	1	197	6.71e-141	387
MDA7780175.1	QIZ21184.1	96.505	372	13	0	1	372	1	372	0.0	747
MDA7780176.1	QIZ21185.1	94.444	360	20	0	1	360	1	360	0.0	682
MDA7780177.1	QIZ21186.1	93.289	298	20	0	1	298	1	298	0.0	555
MDA7780178.1	QIZ21187.1	87.097	248	32	0	1	248	1	248	3.69e-151	417
MDA7780179.1	QIZ21188.1	95.633	458	20	0	1	458	1	458	0.0	823
MDA7780180.1	QIZ21189.1	98.545	481	7	0	1	481	1	481	0.0	922
MDA7780181.1	QIZ21190.1	95.378	476	22	0	1	476	6	481	0.0	928
MDA7780182.1	QIZ21139.1	94.444	144	8	0	1	144	150	293	2.38e-95	273
MDA7780183.1	QIZ21138.1	86.441	59	8	0	1	59	1	59	1.49e-33	104
MDA7780184.1	QIZ21137.1	86.742	445	59	0	1	445	1	445	0.0	772
MDA7780185.1	QIZ21136.1	98.455	453	7	0	1	453	1	453	0.0	881
MDA7780186.1	QIZ21135.1	95.897	195	8	0	1	195	1	195	1.61e-142	390
MDA7780187.1	QIZ21134.1	85.823	395	45	3	1	394	1	385	0.0	692
MDA7780188.1	QIZ21133.1	89.916	357	36	0	1	357	1	357	0.0	672
MDA7780189.1	QIZ21132.1	93.872	359	22	0	1	359	1	359	0.0	682
MDA7780190.1	QIZ21131.1	98.582	282	4	0	1	282	1	282	0.0	550
MDA7780191.1	QIZ21130.1	96.503	286	10	0	1	286	1	286	0.0	528
MDA7780192.1	QIZ21129.1	98.826	511	6	0	1	511	1	511	0.0	1044
MDA7780193.1	QIZ21128.1	99.433	353	2	0	1	353	1	353	0.0	708
MDA7780194.1	QIZ20653.1	84.718	301	46	0	1	301	1	301	0.0	513
MDA7780195.1	QIZ20652.1	94.845	485	25	0	1	485	1	485	0.0	933
MDA7780196.1	QIZ20651.1	97.794	136	3	0	1	136	1	136	4.20e-97	271
MDA7780197.1	QIZ20650.1	90.104	192	19	0	1	192	1	192	6.60e-120	333
MDA7780198.1	QIZ20649.1	94.371	302	17	0	25	326	41	342	0.0	560
MDA7780199.1	QIZ20648.1	95.265	359	17	0	1	359	1	359	0.0	653
MDA7780200.1	QIZ20647.1	96.364	220	8	0	1	220	5	224	8.52e-140	386
MDA7780201.1	QIZ20646.1	96.633	594	20	0	1	594	1	594	0.0	1182
MDA7780202.1	QIZ20645.1	99.267	273	2	0	1	273	1	273	0.0	550
MDA7780203.1	QIZ20644.1	97.479	119	3	0	1	119	1	119	6.00e-84	236
MDA7780204.1	QIZ20643.1	88.636	132	15	0	1	132	1	132	4.35e-78	223
MDA7780205.1	QIZ20642.1	96.629	445	15	0	1	445	1	445	0.0	899
MDA7780206.1	QIZ20641.1	92.199	141	11	0	1	141	1	141	2.23e-90	254
MDA7780207.1	QIZ20640.1	93.431	137	9	0	1	137	10	146	4.81e-93	261
MDA7780208.1	QIZ20636.1	93.088	217	15	0	1	217	514	730	1.08e-139	403
MDA7780209.1	QIZ20635.1	95.844	409	17	0	1	409	1	409	0.0	778
MDA7780210.1	QIZ20634.1	90.400	375	36	0	1	375	1	375	0.0	689
MDA7780211.1	QIZ20633.1	100.000	218	0	0	1	218	1	218	1.53e-167	456
MDA7780212.1	QIZ20632.1	96.454	141	5	0	1	141	1	141	1.17e-99	278
MDA7780213.1	QIZ20631.1	91.875	480	39	0	1	480	1	480	0.0	924
MDA7780214.1	QIZ20630.1	79.835	243	49	0	1	243	1	243	6.80e-140	388
MDA7780215.1	QIZ20629.1	59.158	404	164	1	1	403	12	415	1.63e-164	464
MDA7780216.1	QIZ20628.1	82.673	404	70	0	1	404	1	404	0.0	729
MDA7780217.1	QIZ20627.1	86.538	156	21	0	1	156	1	156	1.55e-99	279
MDA7780218.1	QIZ20626.1	97.959	98	2	0	1	98	1	98	1.45e-67	193
MDA7780219.1	QIZ20625.1	99.091	110	1	0	1	110	1	110	2.91e-77	219
MDA7780221.1	QIZ20624.1	97.124	452	13	0	1	452	17	468	0.0	924
MDA7780227.1	QIZ20844.1	28.982	383	233	9	8	383	13	363	3.14e-44	152
MDA7780235.1	QIZ20283.1	92.488	213	16	0	1	213	1	213	4.82e-147	404
MDA7780236.1	QIZ20282.1	97.653	426	10	0	1	426	1	426	0.0	830
MDA7780237.1	QIZ20281.1	92.157	153	12	0	1	153	1	153	2.01e-90	255
MDA7780238.1	QIZ20280.1	97.647	170	4	0	1	170	1	170	7.57e-119	328
MDA7780239.1	QIZ20279.1	83.051	118	20	0	1	118	1	118	1.42e-68	197
MDA7780240.1	QIZ20278.1	91.620	179	15	0	1	179	1	179	4.79e-117	325
MDA7780241.1	QIZ20277.1	90.076	131	13	0	1	131	1	131	1.03e-86	244
MDA7780242.1	QIZ20276.1	96.040	101	4	0	1	101	1	101	3.63e-68	195
MDA7780243.1	QIZ20275.1	93.478	184	12	0	1	184	1	184	5.44e-125	345
MDA7780244.1	QIZ20274.1	95.714	70	3	0	1	70	1	70	2.80e-42	128
MDA7780245.1	QIZ20273.1	93.443	122	8	0	1	122	1	122	8.32e-82	231
MDA7780246.1	QIZ20272.1	96.154	78	3	0	1	78	1	78	2.58e-51	150
MDA7780247.1	QIZ20271.1	88.889	63	7	0	1	63	1	63	7.93e-35	108
MDA7780248.1	QIZ20270.1	98.529	136	2	0	1	136	1	136	1.16e-97	272
MDA7780249.1	QIZ20269.1	95.575	226	10	0	1	226	1	226	1.76e-163	446
MDA7780250.1	QIZ20268.1	97.727	132	3	0	1	132	1	132	3.15e-92	258
MDA7780251.1	QIZ20267.1	98.851	87	1	0	1	87	1	87	1.36e-60	176
MDA7780252.1	QIZ20266.1	90.036	281	28	0	1	281	1	281	0.0	511
MDA7780253.1	QIZ20265.1	91.753	97	8	0	1	97	1	97	4.22e-60	174
MDA7780254.1	QIZ20264.1	90.821	207	19	0	1	207	1	207	3.92e-137	378
MDA7780255.1	QIZ20263.1	92.070	227	18	0	1	227	1	227	9.26e-154	422
MDA7780256.1	QIZ20262.1	98.039	102	2	0	1	102	1	102	3.87e-71	202
MDA7780258.1	QIZ20623.1	83.333	156	26	0	1	156	4	159	1.97e-86	246
MDA7780259.1	QIZ20622.1	88.136	295	35	0	1	295	1	295	0.0	495
MDA7780260.1	QIZ20621.1	78.808	302	64	0	1	302	1	302	2.27e-174	480
MDA7780261.1	QIZ20620.1	94.898	196	10	0	1	196	1	196	1.13e-127	353
MDA7780262.1	QIZ20619.1	92.339	248	19	0	1	248	1	248	1.91e-138	385
MDA7780263.1	QIZ20618.1	97.590	166	4	0	1	166	1	166	6.10e-119	328
MDA7780264.1	QIZ20617.1	91.358	81	7	0	1	81	1	81	3.75e-53	155
MDA7780265.1	QIZ20616.1	96.243	559	21	0	23	581	23	581	0.0	1043
MDA7780266.1	QIZ20615.1	93.043	115	8	0	1	115	1	115	2.24e-79	224
MDA7780267.1	QIZ20614.1	92.063	189	15	0	1	189	1	189	1.34e-116	325
MDA7780268.1	QIZ20613.1	92.359	301	23	0	1	301	1	301	0.0	578
MDA7780269.1	QIZ20612.1	92.667	150	11	0	4	153	1	150	2.36e-90	255
MDA7780270.1	QIZ20233.1	93.902	328	20	0	1	328	1	328	0.0	638
MDA7780271.1	QIZ20232.1	93.878	245	15	0	1	245	1	245	2.90e-176	480
MDA7780272.1	QIZ20231.1	97.821	459	10	0	1	459	1	459	0.0	941
MDA7780273.1	QIZ20230.1	96.370	606	22	0	1	606	1	606	0.0	1202
MDA7780274.1	QIZ20229.1	93.720	207	13	0	1	207	1	207	7.16e-138	380
MDA7780275.1	QIZ20228.1	98.690	229	3	0	1	229	1	229	1.00e-171	467
MDA7780276.1	QIZ20227.1	97.200	500	14	0	1	500	1	500	0.0	1003
MDA7780277.1	QIZ20226.1	97.826	230	5	0	1	230	1	230	4.77e-169	463
MDA7780278.1	QIZ21168.1	100.000	100	0	0	1	100	86	185	1.46e-69	201
MDA7780279.1	QIZ21169.1	99.609	511	2	0	1	511	1	511	0.0	1030
MDA7780280.1	QIZ21170.1	98.969	291	3	0	1	291	1	291	0.0	584
MDA7780281.1	QIZ21171.1	98.941	472	5	0	1	472	1	472	0.0	946
MDA7780282.1	QIZ21172.1	98.462	130	2	0	1	130	1	130	2.27e-88	248
MDA7780283.1	QIZ21173.1	94.304	158	9	0	1	158	1	158	5.55e-110	305
MDA7780284.1	QIZ21174.1	97.889	379	8	0	1	379	1	379	0.0	745
MDA7780285.1	QIZ21175.1	93.966	116	7	0	1	116	1	116	5.00e-77	219
MDA7780286.1	QIZ21176.1	94.444	180	10	0	1	180	1	180	4.82e-120	332
MDA7780287.1	QIZ21177.1	94.611	334	18	0	1	334	83	416	0.0	634
MDA7780288.1	QIZ21279.1	96.893	354	11	0	1	354	504	857	0.0	685
MDA7780289.1	QIZ21278.1	96.703	91	3	0	1	91	1	91	4.38e-60	174
MDA7780290.1	QIZ21277.1	100.000	244	0	0	1	244	1	244	1.29e-176	481
MDA7780291.1	QIZ21276.1	100.000	75	0	0	1	75	1	75	1.79e-46	138
MDA7780292.1	QIZ21275.1	95.531	179	8	0	18	196	1	179	7.77e-123	340
MDA7780293.1	QIZ21274.1	96.429	168	6	0	1	168	1	168	9.24e-112	310
MDA7780294.1	QIZ21273.1	97.732	485	11	0	1	485	1	485	0.0	973
MDA7780295.1	QIZ21272.1	86.926	283	37	0	1	283	1	283	1.60e-171	471
MDA7780296.1	QIZ21271.1	89.583	240	25	0	1	240	1	240	8.78e-162	447
MDA7780297.1	QIZ20766.1	96.855	159	5	0	1	159	1	159	3.99e-115	318
MDA7780298.1	QIZ20767.1	97.534	446	11	0	1	446	1	446	0.0	896
MDA7780299.1	QIZ20768.1	98.394	249	4	0	1	249	21	269	4.53e-178	486
MDA7780300.1	QIZ20769.1	99.275	138	1	0	1	138	1	138	9.31e-98	273
MDA7780301.1	QIZ20770.1	98.661	224	3	0	1	224	1	224	1.37e-162	444
MDA7780302.1	QIZ20771.1	98.171	164	3	0	1	164	1	164	3.94e-119	329
MDA7780303.1	QIZ20772.1	97.925	241	5	0	1	241	1	241	7.11e-178	484
MDA7780304.1	QIZ20773.1	96.642	268	9	0	1	268	1	268	0.0	533
MDA7780305.1	QIZ20774.1	90.789	76	7	0	1	76	106	181	1.98e-46	142
MDA7780306.1	QIZ21379.1	87.500	160	20	0	1	160	1	160	2.58e-84	243
MDA7780307.1	QIZ21378.1	93.421	304	20	0	1	304	1	304	0.0	540
MDA7780308.1	QIZ21377.1	93.910	312	19	0	1	312	1	312	0.0	546
MDA7780309.1	QIZ21376.1	96.336	464	17	0	1	464	1	464	0.0	909
MDA7780310.1	QIZ21375.1	93.258	356	24	0	1	356	1	356	0.0	658
MDA7780311.1	QIZ21374.1	94.311	334	19	0	1	334	41	374	0.0	568
MDA7780312.1	QIZ21158.1	98.475	590	9	0	1	590	1	590	0.0	1218
MDA7780313.1	QIZ21159.1	94.372	231	13	0	1	231	27	257	3.81e-166	454
MDA7780314.1	QIZ21160.1	98.793	497	6	0	1	497	1	497	0.0	1010
MDA7780315.1	QIZ21161.1	98.125	320	6	0	1	320	1	320	0.0	628
MDA7780316.1	QIZ21162.1	93.909	197	12	0	1	197	1	197	7.05e-133	374
MDA7780317.1	QIZ20778.1	96.789	218	7	0	1	218	118	335	4.66e-158	436
MDA7780318.1	QIZ20779.1	89.286	392	42	0	1	392	1	392	0.0	699
MDA7780319.1	QIZ20780.1	90.774	336	31	0	1	336	1	336	0.0	638
MDA7780320.1	QIZ20781.1	93.237	207	14	0	1	207	1	207	5.06e-120	335
MDA7780321.1	QIZ20782.1	97.312	186	5	0	1	186	1	186	3.71e-137	376
MDA7780322.1	QIZ20783.1	97.967	246	5	0	1	246	1	246	0.0	492
MDA7780323.1	QIZ20784.1	96.053	76	3	0	1	76	1	76	2.11e-52	153
MDA7780324.1	QIZ20785.1	96.923	195	6	0	1	195	1	195	5.52e-140	384
MDA7780325.1	QIZ20661.1	29.825	228	149	3	2	224	23	244	2.19e-24	92.8
MDA7780327.1	QIZ21233.1	98.333	480	8	0	71	550	129	608	0.0	970
MDA7780328.1	QIZ21232.1	93.953	215	13	0	1	215	1	215	4.15e-141	389
MDA7780329.1	QIZ21231.1	91.262	206	18	0	1	206	21	226	7.98e-140	385
MDA7780330.1	QIZ21230.1	89.888	178	18	0	1	178	146	323	1.14e-116	329
MDA7780331.1	QIZ20636.1	79.736	227	46	0	1	227	1	227	4.49e-107	320
MDA7780332.1	QIZ20863.1	41.975	243	133	5	104	342	104	342	4.12e-54	177
MDA7780334.1	QIZ21223.1	85.034	294	44	0	1	294	1	294	0.0	508
MDA7780335.1	QIZ21146.1	97.581	124	3	0	1	124	1	124	1.91e-87	249
MDA7780336.1	QIZ21144.1	98.230	452	8	0	1	452	1	452	0.0	891
MDA7780337.1	QIZ21143.1	93.431	274	18	0	1	274	1	274	0.0	496
MDA7780338.1	QIZ21142.1	97.049	305	9	0	1	305	1	305	0.0	591
MDA7780339.1	QIZ21141.1	96.512	86	3	0	1	86	102	187	8.87e-56	166
MDA7780340.1	QIZ21451.1	80.247	81	16	0	1	81	1	81	3.23e-35	114
MDA7780341.1	QIZ21450.1	90.265	113	11	0	1	113	1	113	3.53e-75	214
MDA7780342.1	QIZ21449.1	87.626	396	49	0	1	396	1	396	0.0	733
MDA7780343.1	QIZ21448.1	94.351	478	27	0	1	478	1	478	0.0	912
MDA7780344.1	QIZ21447.1	94.969	318	16	0	38	355	1	318	0.0	632
MDA7780346.1	QIZ20638.1	99.571	233	1	0	1	233	25	257	3.31e-172	469
MDA7780347.1	QIZ20637.1	96.488	598	21	0	1	598	1	598	0.0	1110
MDA7780355.1	QIZ20426.1	76.974	152	35	0	1	152	1	152	2.82e-76	219
MDA7780356.1	QIZ20425.1	90.419	167	16	0	1	167	1	167	9.35e-102	285
MDA7780357.1	QIZ20424.1	92.910	268	19	0	1	268	104	371	7.04e-171	472
MDA7780358.1	QIZ20423.1	78.641	103	22	0	1	103	491	593	2.14e-46	152
MDA7780359.1	QIZ20422.1	94.900	451	23	0	1	451	1	451	0.0	842
MDA7780360.1	QIZ20421.1	97.222	432	12	0	1	432	1	432	0.0	837
MDA7780364.1	QIZ21449.1	38.095	378	229	3	6	380	14	389	8.34e-88	267
MDA7780365.1	QIZ21383.1	95.106	613	30	0	1	613	64	676	0.0	1171
MDA7780366.1	QIZ21384.1	91.483	317	27	0	1	317	248	564	0.0	585
MDA7780367.1	QIZ21382.1	91.748	206	17	0	18	223	18	223	2.94e-142	394
MDA7780368.1	QIZ21381.1	94.118	306	18	0	1	306	1	306	0.0	563
MDA7780369.1	QIZ21380.1	92.429	317	24	0	1	317	53	369	0.0	578
MDA7780370.1	QIZ20661.1	43.382	136	70	3	1	134	114	244	2.88e-26	94.7
MDA7780372.1	QIZ20203.1	32.268	313	205	6	1	310	127	435	7.41e-55	180
MDA7780373.1	QIZ21030.1	93.939	66	4	0	12	77	93	158	8.93e-40	125
MDA7780374.1	QIZ21030.1	93.617	94	6	0	1	94	1	94	1.42e-52	159
MDA7780375.1	QIZ21031.1	89.756	205	20	1	1	204	1	205	2.03e-132	366
MDA7780376.1	QIZ21032.1	99.332	449	3	0	1	449	1	449	0.0	905
MDA7780377.1	QIZ21372.1	89.744	156	16	0	1	156	793	948	5.25e-87	268
MDA7780379.1	QIZ21373.1	92.308	325	25	0	1	325	1	325	0.0	547
MDA7780380.1	QIZ21296.1	97.260	73	2	0	1	73	285	357	1.06e-49	155
MDA7780381.1	QIZ21295.1	91.120	259	23	0	1	259	1	259	6.41e-176	480
MDA7780382.1	QIZ21294.1	99.045	419	4	0	1	419	1	419	0.0	837
MDA7780383.1	QIZ21293.1	96.203	79	3	0	1	79	91	169	1.19e-57	170
MDA7780384.1	QIZ21384.1	92.353	170	13	0	1	170	1	170	4.00e-108	315
MDA7780385.1	QIZ21385.1	97.764	626	14	0	1	626	53	678	0.0	1256
MDA7780386.1	QIZ21483.1	89.378	386	41	0	3	388	2	387	0.0	715
MDA7780387.1	QIZ21484.1	92.776	263	19	0	1	263	1	263	0.0	501
MDA7780388.1	QIZ21485.1	100.000	52	0	0	2	53	510	561	3.56e-31	107
MDA7780389.1	QIZ21452.1	97.297	703	19	0	1	703	1	703	0.0	1415
MDA7780390.1	QIZ21230.1	84.000	75	12	0	1	75	1	75	2.48e-40	130
MDA7780391.1	QIZ21229.1	95.672	439	19	0	1	439	1	439	0.0	809
MDA7780392.1	QIZ21228.1	98.837	172	2	0	1	172	299	470	4.33e-123	350
MDA7780393.1	QIZ20557.1	95.625	320	14	0	1	320	1	320	0.0	628
