MDA8828368.1	QIZ21015.1	97.090	378	11	0	1	378	12	389	0.0	761
MDA8828369.1	QIZ21014.1	99.623	530	2	0	1	530	1	530	0.0	1057
MDA8828370.1	QIZ21013.1	97.286	737	16	2	1	734	1	736	0.0	1440
MDA8828371.1	QIZ21012.1	99.180	122	1	0	1	122	1	122	2.78e-86	243
MDA8828372.1	QIZ21011.1	100.000	82	0	0	1	82	1	82	9.37e-56	162
MDA8828373.1	QIZ21010.1	97.971	690	14	0	1	690	1	690	0.0	1376
MDA8828374.1	QIZ21009.1	92.857	126	9	0	1	126	1	126	3.23e-87	245
MDA8828375.1	QIZ21008.1	97.701	261	6	0	1	261	1	261	0.0	524
MDA8828376.1	QIZ21007.1	87.593	403	50	0	1	403	1	403	0.0	748
MDA8828377.1	QIZ21006.1	98.193	166	3	0	1	166	1	166	1.31e-120	333
MDA8828378.1	QIZ21005.1	76.119	134	32	0	1	134	1	134	3.67e-74	213
MDA8828380.1	QIZ20329.1	60.513	195	75	2	4	197	20	213	7.17e-91	261
MDA8828381.1	QIZ21001.1	89.865	148	15	0	1	148	1	148	1.80e-96	270
MDA8828382.1	QIZ21000.1	92.829	251	18	0	1	251	1	251	2.65e-171	468
MDA8828383.1	QIZ20999.1	93.103	145	10	0	1	145	1	145	3.03e-99	277
MDA8828384.1	QIZ20998.1	92.519	401	30	0	1	401	1	401	0.0	760
MDA8828385.1	QIZ20997.1	97.701	522	12	0	1	522	1	522	0.0	1032
MDA8828386.1	QIZ20996.1	96.154	234	9	0	1	234	1	234	3.83e-171	466
MDA8828387.1	QIZ20995.1	92.683	287	21	0	1	287	1	287	0.0	509
MDA8828388.1	QIZ20994.1	98.837	86	1	0	1	86	1	86	1.23e-54	160
MDA8828389.1	QIZ20993.1	97.447	470	12	0	1	470	1	470	0.0	927
MDA8828390.1	QIZ20992.1	98.378	370	6	0	1	370	1	370	0.0	728
MDA8828391.1	QIZ20991.1	92.704	233	17	0	1	233	1	233	7.71e-149	410
MDA8828392.1	QIZ20990.1	93.812	404	25	0	1	404	1	404	0.0	757
MDA8828393.1	QIZ20989.1	98.048	461	9	0	1	461	1	461	0.0	917
MDA8828394.1	QIZ20988.1	91.228	171	15	0	1	171	1	171	1.85e-113	315
MDA8828395.1	QIZ20987.1	95.522	67	3	0	1	67	1	67	4.49e-31	99.0
MDA8828396.1	QIZ20986.1	93.119	218	15	0	1	218	1	218	1.09e-153	421
MDA8828397.1	QIZ20985.1	97.872	188	4	0	1	188	1	188	4.03e-140	384
MDA8828398.1	QIZ20984.1	97.175	177	5	0	1	177	1	177	9.08e-124	342
MDA8828399.1	QIZ20983.1	93.711	159	10	0	1	159	1	159	6.72e-97	272
MDA8828400.1	QIZ20982.1	95.455	198	9	0	1	198	1	198	5.24e-137	377
MDA8828401.1	QIZ20981.1	95.599	568	25	0	1	568	1	568	0.0	1025
MDA8828402.1	QIZ20980.1	92.105	304	24	0	1	304	1	304	0.0	504
MDA8828403.1	QIZ20979.1	99.074	108	1	0	1	108	1	108	3.71e-75	213
MDA8828404.1	QIZ20978.1	90.071	141	14	0	1	141	1	141	5.74e-90	253
MDA8828405.1	QIZ20977.1	95.620	799	35	0	1	799	3	801	0.0	1565
MDA8828408.1	QIZ20976.1	97.872	141	3	0	1	141	1	141	6.05e-102	283
MDA8828409.1	QIZ20975.1	94.177	395	23	0	1	395	1	395	0.0	764
MDA8828410.1	QIZ20974.1	98.221	1012	18	0	1	1012	1	1012	0.0	2068
MDA8828411.1	QIZ20973.1	91.489	423	36	0	1	423	1	423	0.0	783
MDA8828412.1	QIZ20972.1	96.271	295	11	0	1	295	1	295	0.0	564
MDA8828413.1	QIZ20971.1	93.333	240	16	0	1	240	1	240	1.37e-155	429
MDA8828414.1	QIZ20970.1	97.495	479	12	0	1	479	1	479	0.0	961
MDA8828415.1	QIZ20969.1	97.335	1501	40	0	1	1501	1	1501	0.0	3029
MDA8828416.1	QIZ20968.1	89.691	291	30	0	1	291	1	291	0.0	520
MDA8828417.1	QIZ20967.1	89.641	251	26	0	1	251	1	251	1.02e-155	429
MDA8828418.1	QIZ20966.1	94.271	384	22	0	1	384	1	384	0.0	718
MDA8828419.1	QIZ20965.1	98.589	638	9	0	1	638	1	638	0.0	1304
MDA8828420.1	QIZ20964.1	99.448	181	1	0	1	181	1	181	5.56e-133	365
MDA8828421.1	QIZ20963.1	98.529	68	1	0	1	68	1	68	1.82e-44	132
MDA8828422.1	QIZ20962.1	98.305	118	2	0	1	118	1	118	1.40e-84	238
MDA8828423.1	QIZ20961.1	94.648	355	19	0	1	355	1	355	0.0	697
MDA8828424.1	QIZ20960.1	83.167	802	135	0	1	802	1	802	0.0	1324
MDA8828425.1	QIZ20959.1	98.328	598	10	0	1	598	4	601	0.0	1204
MDA8828426.1	QIZ20957.1	73.667	300	79	0	1	300	1	300	1.49e-160	445
MDA8828427.1	QIZ20952.1	98.978	685	7	0	1	685	1	685	0.0	1381
MDA8828428.1	QIZ20951.1	91.080	426	38	0	1	426	1	426	0.0	744
MDA8828429.1	QIZ20950.1	95.847	602	25	0	1	602	1	602	0.0	1123
MDA8828430.1	QIZ20949.1	99.074	324	3	0	1	324	1	324	0.0	669
MDA8828431.1	QIZ20948.1	99.429	175	1	0	1	175	1	175	3.58e-130	358
MDA8828432.1	QIZ20947.1	86.047	86	12	0	1	86	10	95	4.53e-48	143
MDA8828433.1	QIZ20946.1	88.315	368	43	0	1	368	1	368	0.0	630
MDA8828434.1	QIZ20945.1	91.176	170	15	0	1	170	1	170	2.94e-112	312
MDA8828436.1	QIZ20944.1	90.102	586	58	0	1	586	1	586	0.0	1042
MDA8828437.1	QIZ20943.1	97.674	172	4	0	1	172	1	172	6.80e-123	339
MDA8828438.1	QIZ20942.1	88.387	310	36	0	1	310	1	310	0.0	561
MDA8828439.1	QIZ20941.1	96.748	246	8	0	1	246	1	246	7.13e-177	481
MDA8828440.1	QIZ20940.1	96.855	159	5	0	1	159	1	159	9.63e-114	315
MDA8828441.1	QIZ20939.1	95.469	309	14	0	1	309	1	309	0.0	615
MDA8828442.1	QIZ20937.1	95.833	384	16	0	1	384	1	384	0.0	746
MDA8828443.1	QIZ20936.1	98.182	275	5	0	1	275	1	275	0.0	555
MDA8828444.1	QIZ20935.1	97.758	223	5	0	1	223	1	223	2.70e-162	443
MDA8828445.1	QIZ20934.1	84.375	288	45	0	1	288	1	288	5.89e-174	478
MDA8828446.1	QIZ20933.1	95.878	558	23	0	1	558	1	558	0.0	1102
MDA8828447.1	QIZ20932.1	96.386	83	3	0	1	83	1	83	1.22e-56	164
MDA8828448.1	QIZ20931.1	92.105	114	9	0	1	114	1	114	4.99e-71	203
MDA8828449.1	QIZ20930.1	100.000	54	0	0	1	54	1	54	3.72e-33	103
MDA8828450.1	QIZ20929.1	81.172	239	45	0	1	239	1	239	3.09e-144	399
MDA8828451.1	QIZ20928.1	100.000	65	0	0	10	74	1	65	4.48e-43	129
MDA8828452.1	QIZ20927.1	97.838	185	4	0	1	185	1	185	7.96e-134	368
MDA8828453.1	QIZ20926.1	95.923	417	17	0	1	417	1	417	0.0	798
MDA8828454.1	QIZ20925.1	96.947	131	4	0	1	131	1	131	2.75e-90	253
MDA8828455.1	QIZ20924.1	96.495	428	15	0	1	428	1	428	0.0	823
MDA8828456.1	QIZ20923.1	100.000	71	0	0	1	71	1	71	2.42e-50	147
MDA8828457.1	QIZ21496.1	75.385	65	16	0	3	67	2	66	5.04e-32	101
MDA8828458.1	QIZ20922.1	70.450	467	134	3	1	465	1	465	0.0	648
MDA8828459.1	QIZ20921.1	48.000	350	177	3	1	349	1	346	8.88e-114	330
MDA8828460.1	QIZ20920.1	52.402	229	108	1	1	229	1	228	2.81e-79	233
MDA8828462.1	QIZ20908.1	55.022	229	97	3	1	223	1	229	2.93e-80	236
MDA8828463.1	QIZ20898.1	36.059	477	294	7	3	475	4	473	1.56e-99	303
MDA8828464.1	QIZ20897.1	60.748	107	39	2	1	105	1	106	5.86e-44	134
MDA8828465.1	QIZ20896.1	48.357	426	212	6	1	422	1	422	9.57e-141	404
MDA8828466.1	QIZ20895.1	89.610	308	32	0	1	308	1	308	0.0	588
MDA8828467.1	QIZ20894.1	96.226	265	10	0	1	265	1	265	0.0	508
MDA8828468.1	QIZ20893.1	96.829	410	13	0	1	410	1	410	0.0	821
MDA8828469.1	QIZ20892.1	95.215	209	10	0	1	209	1	209	4.10e-145	398
MDA8828470.1	QIZ20891.1	93.886	229	14	0	1	229	2	230	1.00e-158	434
MDA8828471.1	QIZ20890.1	98.947	95	1	0	1	95	1	95	3.45e-66	189
MDA8828472.1	QIZ20889.1	98.611	576	8	0	1	576	1	576	0.0	1150
MDA8828473.1	QIZ20888.1	96.774	217	7	0	1	217	1	217	8.00e-153	418
MDA8828474.1	QIZ20887.1	92.453	424	32	0	19	442	19	442	0.0	761
MDA8828475.1	QIZ20886.1	96.899	258	8	0	1	258	1	258	0.0	502
MDA8828476.1	QIZ20885.1	90.206	194	19	0	1	194	1	194	3.26e-123	342
MDA8828477.1	QIZ20884.1	96.594	323	11	0	1	323	1	323	0.0	611
MDA8828478.1	QIZ20883.1	97.537	203	5	0	1	203	1	203	2.91e-149	408
MDA8828479.1	QIZ20882.1	95.963	322	13	0	1	322	1	322	0.0	637
MDA8828480.1	QIZ20881.1	95.181	166	8	0	1	166	1	166	3.16e-118	327
MDA8828481.1	QIZ20880.1	94.815	270	14	0	1	270	1	270	1.65e-172	473
MDA8828482.1	QIZ20879.1	96.134	388	15	0	1	388	1	388	0.0	724
MDA8828483.1	QIZ20878.1	95.469	309	14	0	1	309	1	309	0.0	601
MDA8828484.1	QIZ20877.1	88.827	179	20	0	1	179	11	189	1.25e-118	329
MDA8828485.1	QIZ20876.1	88.211	246	29	0	1	246	1	246	2.78e-149	412
MDA8828486.1	QIZ20875.1	94.565	276	15	0	1	276	1	276	0.0	544
MDA8828487.1	QIZ20874.1	98.099	263	5	0	1	263	1	263	0.0	526
MDA8828488.1	QIZ21444.1	93.201	706	48	0	1	706	1	706	0.0	1355
MDA8828489.1	QIZ21443.1	99.648	284	1	0	1	284	1	284	0.0	565
MDA8828490.1	QIZ21442.1	96.867	415	13	0	1	415	1	415	0.0	820
MDA8828491.1	QIZ21441.1	97.319	373	10	0	1	373	1	373	0.0	746
MDA8828492.1	QIZ21440.1	97.238	362	10	0	1	362	1	362	0.0	727
MDA8828493.1	QIZ21439.1	81.186	388	73	0	1	388	1	388	0.0	679
MDA8828494.1	QIZ21438.1	84.082	245	39	0	1	245	1	245	5.78e-156	429
MDA8828495.1	QIZ21437.1	94.588	388	21	0	1	388	1	388	0.0	779
MDA8828496.1	QIZ21436.1	94.872	195	10	0	1	195	1	195	2.49e-138	380
MDA8828497.1	QIZ21435.1	78.764	259	55	0	1	259	1	259	6.20e-156	430
MDA8828498.1	QIZ21434.1	92.495	493	37	0	1	493	1	493	0.0	949
MDA8828499.1	QIZ21433.1	50.526	285	141	0	1	285	1	285	7.58e-97	282
MDA8828500.1	QIZ21432.1	94.458	397	19	1	1	394	1	397	0.0	726
MDA8828501.1	QIZ21431.1	85.714	252	36	0	1	252	1	252	6.34e-148	409
MDA8828502.1	QIZ21430.1	93.023	387	27	0	1	387	1	387	0.0	697
MDA8828503.1	QIZ21429.1	94.808	443	23	0	14	456	1	443	0.0	820
MDA8828504.1	QIZ21428.1	95.536	336	15	0	1	336	1	336	0.0	637
MDA8828505.1	QIZ21427.1	94.894	235	12	0	1	235	1	235	5.23e-158	433
MDA8828506.1	QIZ21426.1	94.318	264	15	0	1	264	1	264	0.0	503
MDA8828508.1	QIZ21425.1	86.799	303	40	0	1	303	1	303	0.0	538
MDA8828509.1	QIZ21424.1	88.785	107	12	0	1	107	1	107	6.61e-65	187
MDA8828510.1	QIZ21423.1	96.154	234	9	0	1	234	1	234	2.06e-168	459
MDA8828511.1	QIZ21422.1	94.636	261	14	0	1	261	1	261	0.0	504
MDA8828512.1	QIZ21421.1	96.341	246	9	0	1	246	1	246	5.43e-176	479
MDA8828513.1	QIZ21420.1	94.286	350	20	0	1	350	1	350	0.0	663
MDA8828514.1	QIZ21419.1	95.960	297	12	0	1	297	1	297	0.0	580
MDA8828515.1	QIZ21418.1	95.400	413	19	0	1	413	1	413	0.0	816
MDA8828516.1	QIZ21417.1	94.118	204	12	0	1	204	1	204	1.26e-122	341
MDA8828517.1	QIZ21416.1	96.939	98	3	0	1	98	1	98	1.37e-67	193
MDA8828518.1	QIZ21415.1	86.905	84	11	0	1	84	1	84	2.48e-53	156
MDA8828519.1	QIZ21414.1	97.561	123	3	0	1	123	1	123	6.10e-90	252
MDA8828520.1	QIZ21412.1	94.620	316	17	0	1	316	1	316	0.0	622
MDA8828521.1	QIZ21411.1	93.980	299	18	0	1	299	1	299	0.0	560
MDA8828522.1	QIZ21410.1	95.631	412	18	0	1	412	1	412	0.0	820
MDA8828523.1	QIZ21409.1	93.566	373	24	0	1	373	1	373	0.0	653
MDA8828524.1	QIZ21408.1	86.565	655	87	1	1	655	1	654	0.0	1174
MDA8828525.1	QIZ21407.1	73.256	172	46	0	1	172	1	172	6.48e-77	223
MDA8828526.1	QIZ21406.1	59.233	287	111	2	1	281	1	287	5.58e-107	312
MDA8828527.1	QIZ21405.1	97.391	345	9	0	1	345	1	345	0.0	677
MDA8828528.1	QIZ21404.1	94.231	520	30	0	1	520	1	520	0.0	1018
MDA8828529.1	QIZ21403.1	97.640	339	8	0	1	339	1	339	0.0	681
MDA8828530.1	QIZ21402.1	92.308	182	14	0	1	182	1	182	4.07e-122	338
MDA8828531.1	QIZ21401.1	92.177	588	46	0	1	588	1	588	0.0	1097
MDA8828532.1	QIZ21400.1	85.852	311	44	0	1	311	1	311	4.76e-171	473
MDA8828533.1	QIZ21399.1	89.809	471	47	1	1	470	1	471	0.0	837
MDA8828534.1	QIZ21398.1	95.082	61	3	0	1	61	1	61	2.17e-37	114
MDA8828535.1	QIZ21397.1	90.972	288	26	0	1	288	1	288	0.0	516
MDA8828536.1	QIZ21396.1	91.257	366	32	0	1	366	1	366	0.0	640
MDA8828537.1	QIZ21395.1	98.540	274	4	0	18	291	1	274	0.0	546
MDA8828538.1	QIZ21388.1	92.698	315	23	0	1	315	1	315	0.0	613
MDA8828540.1	QIZ21387.1	96.970	462	14	0	1	462	1	462	0.0	920
MDA8828541.1	QIZ21386.1	76.605	483	113	0	1	483	1	483	0.0	693
MDA8828542.1	QIZ21385.1	97.493	678	17	0	1	678	1	678	0.0	1355
MDA8828543.1	QIZ21384.1	90.426	564	54	0	1	564	1	564	0.0	1024
MDA8828544.1	QIZ21383.1	93.491	676	44	0	1	676	1	676	0.0	1280
MDA8828545.1	QIZ21382.1	95.472	265	12	0	18	282	18	282	0.0	508
MDA8828546.1	QIZ21381.1	94.771	306	16	0	1	306	1	306	0.0	567
MDA8828547.1	QIZ21380.1	90.515	369	35	0	1	369	1	369	0.0	661
MDA8828548.1	QIZ21379.1	86.667	225	30	0	1	225	1	225	3.74e-127	354
MDA8828549.1	QIZ21378.1	95.395	304	14	0	1	304	1	304	0.0	550
MDA8828550.1	QIZ21377.1	95.192	312	15	0	1	312	1	312	0.0	556
MDA8828551.1	QIZ21376.1	96.983	464	14	0	1	464	1	464	0.0	910
MDA8828552.1	QIZ21375.1	90.169	356	35	0	1	356	1	356	0.0	643
MDA8828553.1	QIZ21374.1	93.583	374	24	0	1	374	1	374	0.0	633
MDA8828554.1	QIZ21373.1	89.095	431	47	0	1	431	1	431	0.0	724
MDA8828556.1	QIZ21372.1	88.819	948	106	0	1	948	1	948	0.0	1625
MDA8828557.1	QIZ21371.1	92.652	558	41	0	1	558	3	560	0.0	1035
MDA8828558.1	QIZ21370.1	86.275	102	14	0	1	102	1	102	1.28e-57	168
MDA8828559.1	QIZ21369.1	95.238	336	16	0	1	336	1	336	0.0	647
MDA8828560.1	QIZ21368.1	94.949	495	25	0	1	495	1	495	0.0	884
MDA8828561.1	QIZ21367.1	99.355	155	1	0	1	155	1	155	3.67e-115	318
MDA8828562.1	QIZ21366.1	81.781	247	45	0	1	247	1	247	2.90e-150	414
MDA8828563.1	QIZ21365.1	88.123	261	31	0	1	261	1	261	1.72e-177	484
MDA8828564.1	QIZ21364.1	94.924	197	10	0	1	197	1	197	8.62e-135	371
MDA8828565.1	QIZ21363.1	99.012	607	6	0	1	607	1	607	0.0	1217
MDA8828566.1	QIZ21362.1	97.668	386	9	0	1	386	206	591	0.0	763
MDA8828567.1	QIZ20647.1	95.276	127	6	0	1	127	98	224	7.01e-70	205
MDA8828568.1	QIZ20646.1	95.791	594	25	0	1	594	1	594	0.0	1180
MDA8828569.1	QIZ20645.1	95.238	273	13	0	1	273	1	273	0.0	531
MDA8828570.1	QIZ20644.1	94.118	119	7	0	1	119	1	119	8.31e-81	228
MDA8828571.1	QIZ20643.1	80.000	135	24	1	1	135	1	132	1.38e-69	201
MDA8828572.1	QIZ20642.1	98.198	444	8	0	1	444	1	444	0.0	910
MDA8828573.1	QIZ20641.1	93.617	141	9	0	1	141	1	141	1.20e-93	263
MDA8828574.1	QIZ20640.1	94.853	136	7	0	10	145	10	145	8.19e-94	263
MDA8828576.1	QIZ20638.1	98.444	257	4	0	1	257	1	257	0.0	513
MDA8828577.1	QIZ20637.1	94.482	598	33	0	1	598	1	598	0.0	1096
MDA8828579.1	QIZ20863.1	41.975	243	133	5	104	342	104	342	2.72e-54	177
MDA8828580.1	QIZ20636.1	87.945	730	88	0	1	730	1	730	0.0	1192
MDA8828581.1	QIZ20635.1	94.621	409	22	0	1	409	1	409	0.0	771
MDA8828582.1	QIZ20634.1	92.267	375	29	0	1	375	1	375	0.0	698
MDA8828583.1	QIZ20633.1	99.541	218	1	0	1	218	1	218	1.25e-166	453
MDA8828584.1	QIZ20632.1	96.454	141	5	0	1	141	1	141	9.53e-100	278
MDA8828585.1	QIZ20631.1	91.875	480	39	0	1	480	1	480	0.0	927
MDA8828586.1	QIZ20630.1	80.247	243	48	0	1	243	1	243	5.47e-141	391
MDA8828587.1	QIZ20629.1	59.653	404	162	1	1	403	12	415	2.26e-164	463
MDA8828588.1	QIZ20628.1	82.673	404	70	0	1	404	1	404	0.0	730
MDA8828589.1	QIZ20627.1	86.538	156	21	0	1	156	1	156	9.28e-99	277
MDA8828590.1	QIZ20626.1	97.959	98	2	0	1	98	1	98	4.69e-67	192
MDA8828591.1	QIZ20625.1	99.091	110	1	0	1	110	1	110	1.92e-77	219
MDA8828593.1	QIZ20624.1	97.650	468	11	0	1	468	1	468	0.0	957
MDA8828594.1	QIZ20623.1	83.019	159	27	0	1	159	1	159	1.47e-88	251
MDA8828595.1	QIZ20622.1	87.797	295	36	0	1	295	1	295	0.0	496
MDA8828596.1	QIZ20621.1	78.477	302	65	0	1	302	1	302	3.51e-173	477
MDA8828597.1	QIZ20620.1	93.878	196	12	0	1	196	1	196	3.95e-125	347
MDA8828598.1	QIZ20619.1	91.532	248	21	0	1	248	1	248	2.02e-137	382
MDA8828599.1	QIZ20618.1	96.988	166	5	0	1	166	1	166	2.04e-118	327
MDA8828600.1	QIZ20617.1	96.296	81	3	0	7	87	1	81	1.21e-56	164
MDA8828601.1	QIZ20616.1	96.923	520	16	0	57	576	62	581	0.0	1042
MDA8828602.1	QIZ20615.1	96.522	115	4	0	1	115	1	115	3.79e-83	234
MDA8828603.1	QIZ20614.1	96.296	189	7	0	1	189	1	189	5.44e-130	358
MDA8828604.1	QIZ20613.1	92.027	301	24	0	1	301	1	301	0.0	580
MDA8828605.1	QIZ20612.1	94.000	150	9	0	1	150	1	150	1.06e-92	261
MDA8828606.1	QIZ20611.1	79.762	84	17	0	1	84	1	84	3.26e-40	124
MDA8828607.1	QIZ20610.1	91.160	181	16	0	1	181	1	181	1.40e-123	342
MDA8828608.1	QIZ20609.1	94.242	330	19	0	1	330	1	330	0.0	641
MDA8828609.1	QIZ20608.1	90.975	277	25	0	1	277	1	277	0.0	510
MDA8828610.1	QIZ20607.1	98.148	108	2	0	1	108	1	108	1.02e-75	214
MDA8828611.1	QIZ20606.1	89.375	480	51	0	1	480	1	480	0.0	910
MDA8828612.1	QIZ20589.1	90.657	289	27	0	19	307	1	289	0.0	542
MDA8828613.1	QIZ20588.1	88.929	280	31	0	1	280	1	280	0.0	524
MDA8828614.1	QIZ20587.1	81.702	235	43	0	1	235	1	235	3.85e-140	388
MDA8828615.1	QIZ20586.1	75.648	193	47	0	1	193	1	193	3.06e-112	314
MDA8828616.1	QIZ20585.1	88.433	268	31	0	1	268	1	268	8.52e-178	486
MDA8828617.1	QIZ20584.1	81.522	184	34	0	6	189	3	186	1.21e-110	309
MDA8828618.1	QIZ20583.1	88.596	114	13	0	1	114	1	114	8.97e-74	210
MDA8828619.1	QIZ20579.1	86.364	110	15	0	1	110	1	110	1.21e-62	182
MDA8828620.1	QIZ20577.1	85.849	106	15	0	1	106	1	106	6.05e-67	192
MDA8828623.1	QIZ20574.1	92.623	122	9	0	1	122	1	122	1.44e-74	213
MDA8828624.1	QIZ20573.1	97.917	96	2	0	1	96	1	96	3.81e-69	197
MDA8828625.1	QIZ20571.1	84.375	96	14	1	9	103	1	96	3.83e-57	167
MDA8828626.1	QIZ20570.1	97.826	138	3	0	1	138	1	138	4.69e-100	278
MDA8828627.1	QIZ20569.1	97.898	333	7	0	1	333	1	333	0.0	658
MDA8828628.1	QIZ20568.1	92.147	191	15	0	1	191	1	191	1.73e-130	360
MDA8828629.1	QIZ20567.1	88.148	135	16	0	1	135	1	135	6.16e-93	260
MDA8828630.1	QIZ20562.1	93.699	492	31	0	1	492	1	492	0.0	960
MDA8828631.1	QIZ20557.1	95.625	320	14	0	1	320	1	320	0.0	627
MDA8828632.1	QIZ20556.1	94.842	349	18	0	1	349	1	349	0.0	666
MDA8828633.1	QIZ20555.1	94.611	501	27	0	1	501	1	501	0.0	967
MDA8828634.1	QIZ20554.1	71.642	201	57	0	1	201	1	201	4.17e-98	279
MDA8828635.1	QIZ20553.1	90.187	428	42	0	1	428	1	428	0.0	791
MDA8828636.1	QIZ20552.1	94.719	303	16	0	1	303	1	303	0.0	580
MDA8828637.1	QIZ20551.1	81.842	380	69	0	1	380	1	380	0.0	659
MDA8828638.1	QIZ20550.1	95.238	336	16	0	1	336	1	336	0.0	630
MDA8828639.1	QIZ20549.1	86.656	637	85	0	1	637	1	637	0.0	1142
MDA8828640.1	QIZ20548.1	95.094	265	13	0	1	265	1	265	0.0	515
MDA8828641.1	QIZ20547.1	92.038	314	24	1	1	313	1	314	0.0	578
MDA8828642.1	QIZ20546.1	98.661	448	6	0	1	448	1	448	0.0	928
MDA8828643.1	QIZ20545.1	97.297	370	10	0	1	370	1	370	0.0	732
MDA8828644.1	QIZ20544.1	96.407	167	6	0	1	167	1	167	2.60e-118	327
MDA8828645.1	QIZ20542.1	50.422	474	232	1	3	473	2	475	4.62e-158	454
MDA8828646.1	QIZ20541.1	87.460	311	39	0	1	311	1	311	0.0	554
MDA8828647.1	QIZ20540.1	92.549	255	19	0	1	255	1	255	1.18e-171	469
MDA8828649.1	QIZ20539.1	96.552	377	13	0	1	377	1	377	0.0	738
MDA8828650.1	QIZ20538.1	100.000	91	0	0	1	91	1	91	2.32e-63	182
MDA8828651.1	QIZ20537.1	65.358	433	150	0	1	433	1	433	0.0	528
MDA8828652.1	QIZ20536.1	88.079	151	18	0	1	151	2	152	4.63e-77	222
MDA8828653.1	QIZ20533.1	85.827	127	18	0	1	127	1	127	3.50e-79	225
MDA8828654.1	QIZ20532.1	88.660	194	22	0	1	194	1	194	2.69e-128	354
MDA8828655.1	QIZ20531.1	95.541	157	7	0	1	157	1	157	8.57e-107	297
MDA8828656.1	QIZ20530.1	98.913	184	2	0	1	184	1	184	7.56e-132	363
MDA8828658.1	QIZ20529.1	96.094	256	10	0	1	256	1	256	0.0	503
MDA8828659.1	QIZ20528.1	100.000	68	0	0	1	68	1	68	1.86e-44	132
MDA8828660.1	QIZ20527.1	96.496	371	13	0	1	371	1	371	0.0	731
MDA8828661.1	QIZ20526.1	97.698	391	9	0	1	391	1	391	0.0	787
MDA8828662.1	QIZ20525.1	95.320	406	19	0	1	406	1	406	0.0	749
MDA8828663.1	QIZ21187.1	89.496	238	25	0	1	238	1	238	6.12e-148	408
MDA8828664.1	QIZ21188.1	96.725	458	15	0	1	458	1	458	0.0	886
MDA8828665.1	QIZ21189.1	98.960	481	5	0	1	481	1	481	0.0	925
MDA8828666.1	QIZ21190.1	96.346	520	19	0	1	520	6	525	0.0	1021
MDA8828667.1	QIZ21191.1	96.286	350	13	0	1	350	1	350	0.0	668
MDA8828668.1	QIZ21192.1	96.262	107	4	0	1	107	1	107	3.69e-70	201
MDA8828669.1	QIZ21193.1	95.109	184	9	0	1	184	1	184	4.52e-125	345
MDA8828670.1	QIZ21194.1	97.595	291	7	0	1	291	1	291	0.0	579
MDA8828671.1	QIZ21195.1	98.847	347	4	0	1	347	1	347	0.0	715
MDA8828672.1	QIZ21196.1	92.092	392	31	0	1	392	1	392	0.0	748
MDA8828673.1	QIZ21197.1	97.861	187	4	0	1	187	1	187	2.20e-135	372
MDA8828674.1	QIZ21198.1	95.082	183	9	0	1	183	1	183	2.57e-121	336
MDA8828675.1	QIZ21199.1	95.793	309	13	0	1	309	1	309	0.0	592
MDA8828676.1	QIZ21200.1	97.511	924	23	0	1	924	1	924	0.0	1829
MDA8828677.1	QIZ21201.1	98.298	235	4	0	1	235	1	235	4.06e-170	464
MDA8828678.1	QIZ21202.1	97.266	512	14	0	1	512	1	512	0.0	982
MDA8828679.1	QIZ21203.1	98.832	428	5	0	1	428	1	428	0.0	871
MDA8828680.1	QIZ21204.1	91.447	152	13	0	1	152	1	152	1.08e-100	281
MDA8828681.1	QIZ21205.1	90.966	321	29	0	1	321	1	321	0.0	573
MDA8828682.1	QIZ21206.1	89.083	229	25	0	1	229	1	229	3.84e-144	397
MDA8828683.1	QIZ21207.1	91.597	238	20	0	1	238	1	238	3.85e-168	459
MDA8828684.1	QIZ21209.1	93.467	199	13	0	1	199	1	199	7.57e-141	387
MDA8828685.1	QIZ21210.1	89.327	1040	111	0	1	1040	1	1040	0.0	1819
MDA8828686.1	QIZ21211.1	86.505	289	39	0	1	289	1	289	0.0	510
MDA8828687.1	QIZ21212.1	87.037	270	35	0	1	270	1	270	0.0	495
MDA8828688.1	QIZ21213.1	92.517	147	11	0	1	147	1	147	1.83e-102	285
MDA8828689.1	QIZ21214.1	67.007	294	97	0	1	294	1	294	7.87e-149	415
MDA8828690.1	QIZ21215.1	92.891	211	15	0	1	211	1	211	2.39e-145	399
MDA8828691.1	QIZ21216.1	90.816	98	9	0	1	98	1	98	7.44e-67	191
MDA8828692.1	QIZ21217.1	98.876	178	2	0	1	178	1	178	3.72e-132	363
MDA8828693.1	QIZ21218.1	99.541	436	2	0	1	436	1	436	0.0	851
MDA8828694.1	QIZ21219.1	94.059	101	6	0	1	101	1	101	1.54e-68	196
MDA8828696.1	QIZ21220.1	95.514	691	31	0	1	691	1	691	0.0	1361
MDA8828697.1	QIZ21221.1	89.222	167	18	0	1	167	1	167	1.63e-96	272
MDA8828698.1	QIZ21222.1	31.410	312	200	6	1	312	1	298	8.95e-37	130
MDA8828699.1	QIZ21223.1	86.054	294	41	0	1	294	1	294	0.0	516
MDA8828701.1	QIZ21225.1	95.556	180	8	0	1	180	1	180	4.00e-119	330
MDA8828702.1	QIZ21226.1	99.130	115	1	0	1	115	1	115	4.96e-81	229
MDA8828703.1	QIZ21227.1	95.833	120	5	0	1	120	1	120	4.86e-84	236
MDA8828704.1	QIZ21228.1	98.723	470	6	0	1	470	1	470	0.0	950
MDA8828705.1	QIZ21229.1	95.672	439	19	0	1	439	1	439	0.0	808
MDA8828706.1	QIZ21230.1	92.260	323	25	0	1	323	1	323	0.0	599
MDA8828707.1	QIZ21231.1	92.035	226	18	0	1	226	1	226	2.63e-155	426
MDA8828708.1	QIZ21232.1	87.907	215	26	0	1	215	1	215	1.13e-135	375
MDA8828709.1	QIZ21233.1	98.684	608	8	0	1	608	1	608	0.0	1221
MDA8828710.1	QIZ21234.1	87.622	614	12	2	1	550	1	614	0.0	1051
MDA8828711.1	QIZ21235.1	97.838	555	10	2	1	553	1	555	0.0	1069
MDA8828712.1	QIZ21236.1	97.917	96	2	0	1	96	1	96	9.13e-64	183
MDA8828713.1	QIZ21237.1	94.485	272	15	0	1	272	1	272	0.0	528
MDA8828714.1	QIZ21238.1	95.410	305	14	0	1	305	1	305	0.0	577
MDA8828715.1	QIZ21239.1	97.017	905	27	0	1	905	1	905	0.0	1821
MDA8828716.1	QIZ21240.1	90.303	165	16	0	1	165	1	165	4.51e-95	268
MDA8828717.1	QIZ21241.1	77.778	126	22	2	1	126	1	120	3.86e-52	158
MDA8828718.1	QIZ21242.1	94.195	379	22	0	1	379	1	379	0.0	675
MDA8828719.1	QIZ21243.1	91.979	187	15	0	1	187	1	187	9.55e-112	312
MDA8828720.1	QIZ21244.1	92.637	421	31	0	1	421	1	421	0.0	792
MDA8828721.1	QIZ21245.1	98.387	62	1	0	1	62	1	62	1.55e-41	125
MDA8828722.1	QIZ21246.1	89.860	286	29	0	1	286	1	286	0.0	522
MDA8828723.1	QIZ21247.1	91.720	314	26	0	1	314	1	314	0.0	571
MDA8828724.1	QIZ21248.1	91.190	420	37	0	1	420	1	420	0.0	718
MDA8828725.1	QIZ21249.1	94.819	579	30	0	1	579	1	579	0.0	1109
MDA8828726.1	QIZ21250.1	92.334	287	22	0	1	287	1	287	0.0	534
MDA8828727.1	QIZ21251.1	97.761	134	3	0	1	134	1	134	1.05e-97	272
MDA8828728.1	QIZ21252.1	97.531	324	8	0	1	324	1	324	0.0	639
MDA8828729.1	QIZ21253.1	97.133	279	8	0	1	279	1	279	0.0	553
MDA8828730.1	QIZ21254.1	87.179	78	10	0	1	78	1	78	1.76e-50	149
MDA8828731.1	QIZ21255.1	88.235	119	14	0	1	119	1	119	9.36e-77	218
MDA8828732.1	QIZ21256.1	95.909	220	9	0	1	220	1	220	8.12e-148	406
MDA8828733.1	QIZ21257.1	90.129	233	23	0	1	233	1	233	3.38e-152	418
MDA8828734.1	QIZ21258.1	90.037	271	27	0	1	271	1	271	9.82e-180	491
MDA8828735.1	QIZ21259.1	97.794	544	12	0	1	544	1	544	0.0	1073
MDA8828736.1	QIZ21260.1	95.050	303	15	0	1	303	1	303	0.0	579
MDA8828737.1	QIZ21262.1	93.258	178	12	0	1	178	1	178	5.57e-127	350
MDA8828738.1	QIZ21263.1	98.473	262	4	0	1	262	1	262	0.0	525
MDA8828739.1	QIZ21264.1	81.106	217	41	0	1	217	1	217	4.11e-119	333
MDA8828740.1	QIZ21265.1	79.476	458	94	0	1	458	1	458	0.0	765
MDA8828741.1	QIZ21266.1	84.472	161	25	0	1	161	1	161	3.16e-103	288
MDA8828742.1	QIZ21267.1	86.525	141	19	0	1	141	1	141	8.00e-87	245
MDA8828743.1	QIZ21268.1	89.752	322	33	0	1	322	1	322	0.0	587
MDA8828744.1	QIZ21269.1	91.720	314	26	0	1	314	1	314	0.0	595
MDA8828745.1	QIZ21270.1	78.846	104	22	0	1	104	208	311	7.16e-52	160
MDA8828746.1	QIZ20492.1	85.088	228	34	0	1	228	31	258	2.80e-147	407
MDA8828747.1	QIZ20491.1	95.030	503	25	0	3	505	4	506	0.0	990
MDA8828748.1	QIZ20490.1	97.078	308	9	0	1	308	1	308	0.0	612
MDA8828749.1	QIZ20489.1	96.419	363	13	0	1	363	1	363	0.0	728
MDA8828750.1	QIZ20488.1	97.717	219	5	0	1	219	1	219	5.38e-162	442
MDA8828751.1	QIZ20487.1	98.413	441	7	0	1	441	1	441	0.0	838
MDA8828752.1	QIZ20486.1	97.297	296	8	0	1	296	1	296	0.0	560
MDA8828753.1	QIZ20485.1	93.191	470	32	0	1	470	16	485	0.0	833
MDA8828754.1	QIZ20484.1	87.903	248	30	0	1	248	1	248	2.51e-166	455
MDA8828755.1	QIZ20483.1	76.636	214	49	1	1	213	2	215	2.42e-114	321
MDA8828757.1	QIZ20482.1	77.143	140	32	0	1	140	1	140	3.86e-81	231
MDA8828758.1	QIZ20481.1	74.208	221	57	0	1	221	1	221	2.81e-121	339
MDA8828759.1	QIZ20480.1	65.294	170	59	0	13	182	13	182	2.29e-80	233
MDA8828763.1	QIZ20479.1	78.750	80	17	0	1	80	1	80	1.39e-45	137
MDA8828764.1	QIZ20478.1	90.408	490	30	2	1	477	1	486	0.0	855
MDA8828765.1	QIZ20477.1	95.567	203	9	0	1	203	1	203	4.87e-148	405
MDA8828766.1	QIZ20476.1	99.526	422	2	0	1	422	1	422	0.0	862
MDA8828767.1	QIZ20475.1	97.982	793	16	0	1	793	2	794	0.0	1573
MDA8828768.1	QIZ20474.1	98.361	122	2	0	1	122	1	122	2.15e-84	238
MDA8828769.1	QIZ20473.1	98.266	173	3	0	1	173	1	173	2.57e-131	360
MDA8828770.1	QIZ20472.1	95.545	202	9	0	1	202	1	202	8.47e-146	399
MDA8828771.1	QIZ20471.1	98.977	391	4	0	1	391	1	391	0.0	802
MDA8828772.1	QIZ20470.1	94.554	202	11	0	1	202	1	202	3.48e-147	403
MDA8828773.1	QIZ20469.1	97.291	443	12	0	1	443	1	443	0.0	895
MDA8828774.1	QIZ20468.1	95.729	679	29	0	1	679	1	679	0.0	1358
MDA8828775.1	QIZ20467.1	96.687	332	11	0	1	332	1	332	0.0	642
MDA8828776.1	QIZ20466.1	98.758	161	2	0	1	161	1	161	1.81e-120	332
MDA8828777.1	QIZ20465.1	95.238	210	10	0	1	210	1	210	6.55e-148	405
MDA8828778.1	QIZ20464.1	92.233	103	8	0	1	103	1	103	1.30e-51	153
MDA8828779.1	QIZ20463.1	94.349	637	36	0	1	637	1	637	0.0	1217
MDA8828780.1	QIZ20462.1	94.769	497	26	0	1	497	1	497	0.0	958
MDA8828781.1	QIZ20461.1	96.178	471	18	0	1	471	1	471	0.0	854
MDA8828782.1	QIZ20460.1	89.840	187	19	0	1	187	1	187	2.56e-117	326
MDA8828783.1	QIZ20459.1	90.726	248	23	0	1	248	1	248	2.57e-150	415
MDA8828784.1	QIZ20458.1	96.370	551	20	0	1	551	1	551	0.0	1107
MDA8828785.1	QIZ20457.1	95.062	81	4	0	1	81	1	81	2.32e-45	136
MDA8828786.1	QIZ20456.1	95.946	444	18	0	1	444	1	444	0.0	874
MDA8828787.1	QIZ20455.1	94.146	410	24	0	1	410	1	410	0.0	722
MDA8828788.1	QIZ20454.1	90.351	228	22	0	1	228	1	228	4.99e-150	412
MDA8828789.1	QIZ20453.1	95.694	1138	49	0	1	1138	1	1138	0.0	2224
MDA8828791.1	QIZ20452.1	93.286	283	19	0	1	283	1	283	0.0	526
MDA8828792.1	QIZ20451.1	93.443	183	12	0	1	183	1	183	3.44e-124	343
MDA8828793.1	QIZ20450.1	85.778	225	32	0	1	225	1	225	4.12e-125	349
MDA8828794.1	QIZ20449.1	89.545	220	23	0	1	220	1	220	3.86e-126	351
MDA8828795.1	QIZ20448.1	86.856	388	51	0	1	388	1	388	0.0	663
MDA8828797.1	QIZ20447.1	70.930	172	50	0	1	172	1	172	1.06e-69	204
MDA8828798.1	QIZ20446.1	96.575	146	5	0	1	146	1	146	4.09e-106	295
MDA8828799.1	QIZ20445.1	89.264	326	35	0	1	326	1	326	0.0	579
MDA8828800.1	QIZ20444.1	92.308	260	20	0	1	260	1	260	1.38e-180	492
MDA8828801.1	QIZ20443.1	86.207	261	36	0	1	261	1	261	6.16e-143	397
MDA8828802.1	QIZ20442.1	91.247	377	33	0	1	377	1	377	0.0	663
MDA8828803.1	QIZ20441.1	91.416	466	40	0	1	466	1	466	0.0	880
MDA8828804.1	QIZ20440.1	98.667	225	3	0	1	225	1	225	3.46e-164	448
MDA8828805.1	QIZ20439.1	96.578	263	9	0	1	263	1	263	1.79e-180	492
MDA8828806.1	QIZ20438.1	94.848	330	17	0	1	330	1	330	0.0	630
MDA8828807.1	QIZ20437.1	90.576	191	18	0	1	191	1	191	5.58e-126	348
MDA8828808.1	QIZ20436.1	85.331	484	71	0	1	484	1	484	0.0	805
MDA8828809.1	QIZ20435.1	66.808	473	157	0	1	473	1	473	0.0	572
MDA8828810.1	QIZ20434.1	91.870	246	20	0	1	246	1	246	5.65e-170	464
MDA8828811.1	QIZ20433.1	98.000	100	2	0	1	100	1	100	1.74e-66	191
MDA8828812.1	QIZ20432.1	97.212	538	15	0	1	538	1	538	0.0	1069
MDA8828813.1	QIZ20431.1	97.445	274	7	0	1	274	1	274	0.0	556
MDA8828814.1	QIZ20430.1	96.411	418	15	0	1	418	1	418	0.0	820
MDA8828815.1	QIZ20429.1	100.000	100	0	0	1	100	1	100	6.30e-65	187
MDA8828816.1	QIZ20428.1	85.390	308	45	0	1	308	1	308	0.0	543
MDA8828817.1	QIZ20427.1	73.793	145	38	0	1	145	1	145	1.03e-79	228
MDA8828818.1	QIZ20426.1	74.342	152	39	0	1	152	1	152	5.92e-74	214
MDA8828819.1	QIZ20425.1	93.413	167	11	0	1	167	1	167	3.44e-104	291
MDA8828820.1	QIZ20424.1	93.261	371	25	0	1	371	1	371	0.0	634
MDA8828821.1	QIZ20423.1	93.929	593	36	0	1	593	1	593	0.0	1045
MDA8828822.1	QIZ20422.1	95.122	451	22	0	1	451	1	451	0.0	844
MDA8828823.1	QIZ20421.1	95.680	463	20	0	1	463	1	463	0.0	828
MDA8828824.1	QIZ20327.1	98.889	90	1	0	1	90	1	90	5.56e-62	183
MDA8828825.1	QIZ20326.1	94.595	222	12	0	1	222	1	222	1.56e-151	416
MDA8828826.1	QIZ20325.1	95.082	244	12	0	1	244	1	244	6.01e-173	471
MDA8828827.1	QIZ20324.1	94.531	128	7	0	1	128	1	128	4.55e-84	237
MDA8828828.1	QIZ20323.1	92.469	239	18	0	1	239	1	239	5.90e-152	418
MDA8828829.1	QIZ20322.1	96.410	195	7	0	1	195	1	195	1.28e-128	355
MDA8828830.1	QIZ20321.1	87.179	585	71	1	1	581	1	585	0.0	1065
MDA8828831.1	QIZ20320.1	88.439	173	20	0	1	173	1	173	1.94e-106	298
MDA8828832.1	QIZ20319.1	98.718	156	2	0	1	156	1	156	4.17e-112	310
MDA8828833.1	QIZ20318.1	93.857	293	18	0	1	293	1	293	0.0	574
MDA8828834.1	QIZ20317.1	81.732	739	132	2	1	739	1	736	0.0	1249
MDA8828835.1	QIZ20316.1	98.561	417	6	0	1	417	1	417	0.0	855
MDA8828836.1	QIZ20315.1	98.901	91	1	0	1	91	1	91	1.82e-67	192
MDA8828837.1	QIZ20314.1	93.413	1002	66	0	1	1002	1	1002	0.0	1969
MDA8828838.1	QIZ20313.1	89.840	187	19	0	1	187	1	187	4.71e-124	343
MDA8828839.1	QIZ20312.1	94.510	255	14	0	1	255	1	255	7.18e-172	470
MDA8828840.1	QIZ20311.1	97.154	246	7	0	1	246	1	246	3.33e-170	465
MDA8828841.1	QIZ20310.1	93.333	90	3	1	1	87	1	90	1.38e-57	167
MDA8828842.1	QIZ20306.1	92.547	161	12	0	1	161	1	161	1.10e-110	307
MDA8828843.1	QIZ20305.1	95.833	456	19	0	1	456	1	456	0.0	867
MDA8828844.1	QIZ20304.1	91.694	301	25	0	1	301	1	301	0.0	559
MDA8828845.1	QIZ20303.1	93.056	216	15	0	1	216	1	216	1.13e-149	410
MDA8828846.1	QIZ20302.1	95.723	491	21	0	1	491	1	491	0.0	948
MDA8828847.1	QIZ20301.1	97.526	485	12	0	1	485	1	485	0.0	969
MDA8828848.1	QIZ20300.1	93.684	95	6	0	1	95	1	95	9.25e-61	176
MDA8828849.1	QIZ20299.1	98.013	151	3	0	1	151	1	151	3.34e-106	295
MDA8828850.1	QIZ20298.1	99.042	313	3	0	1	313	1	313	0.0	639
MDA8828851.1	QIZ20742.1	26.065	399	274	10	36	423	27	415	2.56e-36	134
MDA8828852.1	QIZ20297.1	95.812	191	8	0	1	191	1	191	3.13e-122	339
MDA8828853.1	QIZ20296.1	97.567	863	21	0	1	863	1	863	0.0	1730
MDA8828854.1	QIZ20295.1	93.000	100	7	0	1	100	1	100	3.81e-60	175
MDA8828855.1	QIZ20294.1	97.386	153	4	0	1	153	1	153	3.10e-108	300
MDA8828856.1	QIZ20293.1	94.213	432	25	0	1	432	1	432	0.0	789
MDA8828857.1	QIZ20292.1	95.185	270	11	1	1	268	1	270	2.39e-180	492
MDA8828858.1	QIZ20291.1	87.500	280	35	0	1	280	1	280	2.90e-174	478
MDA8828859.1	QIZ20290.1	98.249	457	8	0	1	457	1	457	0.0	901
MDA8828860.1	QIZ20289.1	93.689	206	13	0	1	206	1	206	5.15e-139	382
MDA8828861.1	QIZ20288.1	98.684	304	4	0	1	304	1	304	0.0	618
MDA8828862.1	QIZ20287.1	99.310	145	1	0	1	145	1	145	3.03e-104	290
MDA8828863.1	QIZ20286.1	98.538	342	5	0	1	342	1	342	0.0	682
MDA8828864.1	QIZ20285.1	98.667	150	2	0	1	150	1	150	1.80e-107	298
MDA8828865.1	QIZ20284.1	98.425	127	2	0	1	127	1	127	2.52e-90	253
MDA8828866.1	QIZ20283.1	95.775	213	9	0	1	213	1	213	8.82e-154	421
MDA8828867.1	QIZ20282.1	98.122	426	8	0	1	426	1	426	0.0	833
MDA8828868.1	QIZ20281.1	98.693	153	2	0	1	153	1	153	2.85e-106	295
MDA8828869.1	QIZ20280.1	98.235	170	3	0	1	170	1	170	2.31e-121	335
MDA8828870.1	QIZ20279.1	98.305	118	2	0	1	118	1	118	3.50e-81	229
MDA8828871.1	QIZ20278.1	96.089	179	7	0	1	179	1	179	9.81e-123	339
MDA8828872.1	QIZ20277.1	99.237	131	1	0	1	131	1	131	5.57e-94	263
MDA8828873.1	QIZ20276.1	98.020	101	2	0	1	101	1	101	1.55e-70	201
MDA8828874.1	QIZ20275.1	99.457	184	1	0	1	184	1	184	1.12e-133	367
MDA8828875.1	QIZ20274.1	98.780	82	1	0	1	82	1	82	3.00e-52	153
MDA8828876.1	QIZ20273.1	98.361	122	2	0	1	122	1	122	6.93e-85	239
MDA8828877.1	QIZ20272.1	100.000	78	0	0	1	78	1	78	3.16e-53	155
MDA8828878.1	QIZ20271.1	96.825	63	2	0	1	63	1	63	2.87e-39	119
MDA8828879.1	QIZ20270.1	99.265	136	1	0	1	136	1	136	2.83e-98	274
MDA8828880.1	QIZ20269.1	99.558	226	1	0	1	226	1	226	4.83e-168	457
MDA8828881.1	QIZ20268.1	100.000	132	0	0	1	132	1	132	5.43e-94	263
MDA8828882.1	QIZ20267.1	100.000	97	0	0	1	97	1	97	2.41e-67	192
MDA8828883.1	QIZ20266.1	98.577	281	4	0	1	281	1	281	0.0	568
MDA8828884.1	QIZ20265.1	97.938	97	2	0	1	97	1	97	8.86e-65	186
MDA8828885.1	QIZ20264.1	97.585	207	5	0	1	207	1	207	2.22e-144	396
MDA8828886.1	QIZ20263.1	98.305	236	4	0	1	236	1	236	8.93e-171	465
MDA8828887.1	QIZ20262.1	99.020	102	1	0	1	102	1	102	2.94e-71	203
MDA8828888.1	QIZ20261.1	98.555	692	10	0	1	692	1	692	0.0	1416
MDA8828889.1	QIZ20260.1	100.000	156	0	0	1	156	1	156	4.84e-114	315
MDA8828890.1	QIZ20259.1	100.000	123	0	0	1	123	1	123	2.65e-87	245
MDA8828891.1	QIZ20258.1	98.200	1389	25	0	1	1389	1	1389	0.0	2809
MDA8828892.1	QIZ20257.1	98.658	969	13	0	1	969	395	1363	0.0	1952
MDA8828893.1	QIZ20844.1	30.556	360	211	9	12	368	37	360	5.98e-38	135
MDA8828899.1	QIZ20851.1	29.179	329	192	10	4	326	6	299	6.12e-33	120
MDA8828900.1	QIZ20793.1	72.509	291	80	0	1	291	1	291	1.57e-160	444
MDA8828901.1	QIZ20792.1	100.000	41	0	0	1	41	1	41	1.01e-23	78.6
MDA8828903.1	QIZ20790.1	89.503	362	38	0	1	362	1	362	0.0	650
MDA8828904.1	QIZ20789.1	98.039	102	2	0	1	102	1	102	4.73e-70	200
MDA8828905.1	QIZ20788.1	97.845	464	10	0	1	464	1	464	0.0	909
MDA8828906.1	QIZ20853.1	52.586	232	110	0	1	232	7	238	7.66e-83	243
MDA8828908.1	QIZ20786.1	100.000	64	0	0	1	64	1	64	4.42e-39	119
MDA8828909.1	QIZ20785.1	96.923	195	6	0	1	195	1	195	5.52e-140	384
MDA8828910.1	QIZ20784.1	97.368	76	2	0	1	76	1	76	8.59e-53	154
MDA8828911.1	QIZ20783.1	98.305	236	4	0	1	236	11	246	1.72e-173	473
MDA8828912.1	QIZ20782.1	97.312	186	5	0	1	186	1	186	3.71e-137	376
MDA8828913.1	QIZ20781.1	90.821	207	19	0	1	207	1	207	1.12e-116	326
MDA8828914.1	QIZ20780.1	90.774	336	31	0	1	336	1	336	0.0	641
MDA8828915.1	QIZ20779.1	90.561	392	37	0	1	392	1	392	0.0	710
MDA8828916.1	QIZ20778.1	97.015	335	10	0	1	335	1	335	0.0	668
MDA8828917.1	QIZ20777.1	95.859	652	27	0	1	652	1	652	0.0	1295
MDA8828918.1	QIZ20776.1	98.131	107	2	0	1	107	1	107	3.72e-67	193
MDA8828919.1	QIZ20775.1	94.595	148	8	0	1	148	1	148	7.84e-98	274
MDA8828920.1	QIZ20774.1	92.308	182	13	1	1	182	1	181	3.00e-118	328
MDA8828921.1	QIZ20773.1	97.761	268	6	0	1	268	1	268	0.0	540
MDA8828922.1	QIZ20772.1	98.755	241	3	0	1	241	1	241	7.84e-179	486
MDA8828923.1	QIZ20771.1	98.780	164	2	0	1	164	1	164	2.30e-120	332
MDA8828924.1	QIZ20770.1	99.107	224	2	0	1	224	1	224	2.85e-161	440
MDA8828925.1	QIZ20769.1	98.551	138	2	0	1	138	1	138	9.97e-97	270
MDA8828926.1	QIZ20768.1	97.026	269	8	0	1	269	1	269	0.0	523
MDA8828927.1	QIZ20767.1	98.206	446	8	0	1	446	1	446	0.0	900
MDA8828928.1	QIZ20766.1	98.742	159	2	0	22	180	1	159	1.71e-116	323
MDA8828929.1	QIZ20765.1	94.444	324	18	0	1	324	1	324	0.0	629
MDA8828930.1	QIZ20764.1	91.738	351	29	0	1	351	1	351	0.0	640
MDA8828931.1	QIZ20763.1	99.204	628	5	0	3	630	1	628	0.0	1273
MDA8828932.1	QIZ20762.1	93.429	350	23	0	1	350	1	350	0.0	589
MDA8828933.1	QIZ20761.1	95.260	443	21	0	1	443	1	443	0.0	843
MDA8828934.1	QIZ20760.1	97.778	270	6	0	1	270	1	270	0.0	525
MDA8828935.1	QIZ20759.1	98.605	430	6	0	1	430	1	430	0.0	862
MDA8828936.1	QIZ20758.1	98.294	293	5	0	1	293	1	293	0.0	592
MDA8828937.1	QIZ20757.1	97.239	326	9	0	1	326	1	326	0.0	647
MDA8828938.1	QIZ20756.1	93.871	310	19	0	1	310	1	310	0.0	576
MDA8828939.1	QIZ20755.1	88.889	81	9	0	1	81	1	81	5.91e-44	132
MDA8828940.1	QIZ20754.1	94.828	290	15	0	1	290	1	290	0.0	528
MDA8828941.1	QIZ20753.1	96.703	637	21	0	1	637	1	637	0.0	1275
MDA8828942.1	QIZ20752.1	98.333	360	6	0	1	360	1	360	0.0	732
MDA8828943.1	QIZ20751.1	93.750	208	13	0	1	208	1	208	7.00e-148	405
MDA8828944.1	QIZ20750.1	97.923	337	7	0	1	337	1	337	0.0	667
MDA8828945.1	QIZ20749.1	98.881	268	3	0	1	268	1	268	0.0	522
MDA8828946.1	QIZ20748.1	95.578	294	13	0	1	294	1	294	0.0	598
MDA8828947.1	QIZ20747.1	91.463	82	7	0	1	82	1	82	2.90e-37	126
MDA8828948.1	QIZ21273.1	97.113	485	14	0	1	485	1	485	0.0	971
MDA8828949.1	QIZ21274.1	97.619	168	4	0	1	168	1	168	4.73e-113	314
MDA8828950.1	QIZ21275.1	93.296	179	12	0	1	179	1	179	2.85e-120	333
MDA8828951.1	QIZ21276.1	100.000	75	0	0	1	75	1	75	1.79e-46	138
MDA8828952.1	QIZ21277.1	99.180	244	2	0	1	244	1	244	6.06e-176	479
MDA8828953.1	QIZ21278.1	98.901	91	1	0	1	91	1	91	5.42e-62	179
MDA8828954.1	QIZ21279.1	94.166	857	50	0	1	857	1	857	0.0	1615
MDA8828955.1	QIZ21280.1	94.898	196	10	0	1	196	1	196	1.40e-131	363
MDA8828956.1	QIZ21281.1	97.531	162	4	0	1	162	1	162	3.09e-115	319
MDA8828957.1	QIZ21282.1	96.012	326	13	0	1	326	1	326	0.0	627
MDA8828958.1	QIZ21283.1	92.950	383	27	0	1	383	1	383	0.0	706
MDA8828959.1	QIZ21284.1	99.157	356	3	0	1	356	1	356	0.0	728
MDA8828960.1	QIZ21285.1	96.237	186	7	0	1	186	1	186	3.56e-130	358
MDA8828961.1	QIZ21286.1	93.004	243	17	0	1	243	1	243	1.59e-158	435
MDA8828962.1	QIZ21287.1	93.601	547	35	0	15	561	15	561	0.0	1010
MDA8828963.1	QIZ21288.1	90.391	281	27	0	1	281	1	281	3.13e-175	480
MDA8828964.1	QIZ21289.1	93.160	424	29	0	1	424	1	424	0.0	796
MDA8828965.1	QIZ21290.1	98.101	158	3	0	1	158	1	158	3.17e-111	308
MDA8828966.1	QIZ21291.1	93.455	275	18	0	1	275	1	275	0.0	531
MDA8828967.1	QIZ21292.1	96.732	153	5	0	1	153	1	153	1.46e-110	306
MDA8828968.1	QIZ21293.1	99.408	169	1	0	1	169	1	169	2.72e-127	350
MDA8828969.1	QIZ21294.1	99.284	419	3	0	1	419	1	419	0.0	837
MDA8828970.1	QIZ21295.1	91.892	259	21	0	1	259	1	259	3.29e-176	481
MDA8828971.1	QIZ21296.1	97.199	357	10	0	1	357	1	357	0.0	711
MDA8828972.1	QIZ21297.1	96.237	186	7	0	1	186	1	186	3.59e-131	361
MDA8828973.1	QIZ21298.1	89.545	220	21	1	1	218	1	220	6.60e-136	377
MDA8828974.1	QIZ21299.1	97.419	310	8	0	1	310	1	310	0.0	604
MDA8828975.1	QIZ21300.1	94.048	252	15	0	1	252	2	253	7.47e-147	406
MDA8828976.1	QIZ21301.1	91.931	347	28	0	1	347	1	347	0.0	616
MDA8828977.1	QIZ21302.1	93.701	254	16	0	1	254	1	254	2.22e-176	481
MDA8828978.1	QIZ21303.1	91.429	70	6	0	1	70	1	70	8.87e-40	122
MDA8828979.1	QIZ21304.1	93.793	435	27	0	1	435	5	439	0.0	830
MDA8828980.1	QIZ21305.1	96.889	225	7	0	1	225	1	225	4.50e-156	427
MDA8828981.1	QIZ21306.1	98.621	145	2	0	1	145	1	145	1.45e-99	278
MDA8828982.1	QIZ21307.1	88.621	290	33	0	1	290	1	290	0.0	551
MDA8828983.1	QIZ21308.1	98.969	194	2	0	1	194	1	194	1.39e-139	383
MDA8828984.1	QIZ21309.1	97.054	611	18	0	1	611	1	611	0.0	1222
MDA8828985.1	QIZ21310.1	95.035	141	7	0	1	141	1	141	8.20e-93	260
MDA8828986.1	QIZ21312.1	95.600	250	11	0	1	250	1	250	1.54e-174	476
MDA8828987.1	QIZ21313.1	97.372	723	19	0	1	723	1	723	0.0	1462
MDA8828988.1	QIZ21314.1	96.742	399	13	0	1	399	1	399	0.0	798
MDA8828989.1	QIZ21315.1	96.644	149	5	0	1	149	1	149	3.45e-107	297
MDA8828990.1	QIZ21317.1	93.949	314	19	0	1	314	1	314	0.0	616
MDA8828991.1	QIZ21318.1	81.410	312	58	0	1	312	1	312	0.0	509
MDA8828992.1	QIZ21319.1	97.727	220	5	0	1	220	1	220	5.97e-165	449
MDA8828993.1	QIZ21320.1	99.407	337	2	0	1	337	1	337	0.0	691
MDA8828994.1	QIZ21321.1	97.992	249	5	0	1	249	1	249	0.0	497
MDA8828995.1	QIZ21322.1	99.556	225	1	0	1	225	1	225	5.34e-167	455
MDA8828996.1	QIZ21323.1	96.785	311	10	0	1	311	1	311	0.0	629
MDA8828997.1	QIZ21324.1	96.498	257	9	0	1	257	1	257	0.0	518
MDA8828998.1	QIZ21325.1	55.828	163	72	0	1	163	10	172	5.39e-62	185
MDA8828999.1	QIZ21326.1	66.038	1590	497	14	1	1560	1	1577	0.0	2120
MDA8829000.1	QIZ20692.1	50.526	95	47	0	1	95	397	491	1.24e-30	108
MDA8829001.1	QIZ20694.1	98.365	367	6	0	1	367	1	367	0.0	749
MDA8829002.1	QIZ20695.1	96.129	155	6	0	1	155	1	155	1.41e-84	241
MDA8829003.1	QIZ20696.1	97.233	253	7	0	1	253	1	253	0.0	508
MDA8829004.1	QIZ20697.1	97.253	182	5	0	1	182	1	182	8.00e-132	362
MDA8829005.1	QIZ20698.1	96.173	392	15	0	1	392	1	392	0.0	759
MDA8829007.1	QIZ20699.1	96.860	414	13	0	1	414	1	414	0.0	820
MDA8829008.1	QIZ20700.1	99.160	952	8	0	1	952	1	952	0.0	1973
MDA8829009.1	QIZ20701.1	98.413	126	2	0	1	126	1	126	1.29e-89	251
MDA8829010.1	QIZ20702.1	94.837	368	19	0	1	368	1	368	0.0	707
MDA8829011.1	QIZ20703.1	79.798	297	56	1	1	293	1	297	3.63e-161	446
MDA8829012.1	QIZ20704.1	75.394	317	78	0	1	317	1	317	5.90e-174	480
MDA8829013.1	QIZ20705.1	95.175	228	11	0	1	228	1	228	4.32e-163	445
MDA8829014.1	QIZ20706.1	95.720	257	11	0	1	257	9	265	0.0	505
MDA8829015.1	QIZ20707.1	93.252	163	11	0	1	163	1	163	1.27e-110	307
MDA8829016.1	QIZ20203.1	36.150	426	259	5	15	431	15	436	3.55e-84	261
MDA8829019.1	QIZ20714.1	98.529	204	3	0	1	204	1	204	1.15e-140	387
MDA8829020.1	QIZ20715.1	88.716	257	29	0	1	257	1	257	5.05e-172	470
MDA8829021.1	QIZ20716.1	95.683	139	6	0	1	139	1	139	1.16e-101	283
MDA8829022.1	QIZ20717.1	94.434	521	29	0	1	521	1	521	0.0	988
MDA8829023.1	QIZ20718.1	88.276	145	17	0	1	145	1	145	1.56e-90	255
MDA8829024.1	QIZ20719.1	98.045	358	7	0	1	358	1	358	0.0	692
MDA8829025.1	QIZ20720.1	98.030	203	4	0	1	203	1	203	3.65e-144	395
MDA8829026.1	QIZ20721.1	94.702	302	16	0	1	302	1	302	0.0	587
MDA8829027.1	QIZ20722.1	94.382	267	15	0	1	267	1	267	6.78e-175	478
MDA8829028.1	QIZ20723.1	93.953	215	13	0	1	215	1	215	4.61e-155	424
MDA8829029.1	QIZ20724.1	89.604	404	42	0	1	404	1	404	0.0	764
MDA8829030.1	QIZ20725.1	94.376	889	50	0	1	889	1	889	0.0	1712
MDA8829031.1	QIZ20726.1	98.433	383	6	0	1	383	1	383	0.0	762
MDA8829032.1	QIZ20727.1	98.148	432	8	0	1	432	1	432	0.0	833
MDA8829033.1	QIZ20728.1	96.429	308	11	0	1	308	1	308	0.0	604
MDA8829034.1	QIZ20729.1	98.333	120	2	0	1	120	1	120	9.49e-88	246
MDA8829035.1	QIZ20730.1	91.534	189	16	0	1	189	1	189	9.88e-127	350
MDA8829036.1	QIZ20731.1	98.473	131	2	0	1	131	1	131	3.88e-93	260
MDA8829037.1	QIZ20732.1	97.653	426	10	0	1	426	1	426	0.0	853
MDA8829038.1	QIZ20733.1	91.724	290	24	0	1	290	1	290	0.0	515
MDA8829040.1	QIZ20734.1	88.889	180	20	0	1	180	1	180	2.13e-111	311
MDA8829041.1	QIZ20735.1	89.453	256	27	0	1	256	1	256	3.58e-151	417
MDA8829042.1	QIZ20736.1	86.538	208	28	0	1	208	1	208	5.48e-141	388
MDA8829043.1	QIZ20737.1	75.444	338	83	0	1	338	1	338	0.0	532
MDA8829044.1	QIZ20738.1	93.396	106	7	0	1	106	1	106	4.68e-73	207
MDA8829045.1	QIZ20739.1	86.166	253	35	0	1	253	1	253	1.22e-159	439
MDA8829046.1	QIZ20740.1	93.344	631	42	0	2	632	1	631	0.0	1233
MDA8829047.1	QIZ20741.1	86.364	110	15	0	1	110	1	110	2.14e-64	186
MDA8829048.1	QIZ20742.1	93.318	434	29	0	1	434	1	434	0.0	841
MDA8829049.1	QIZ20743.1	74.150	294	76	0	1	294	1	294	2.87e-160	444
MDA8829050.1	QIZ20420.1	95.238	147	7	0	1	147	323	469	2.57e-85	253
MDA8829051.1	QIZ20419.1	97.399	346	9	0	1	346	1	346	0.0	704
MDA8829052.1	QIZ20418.1	99.213	381	3	0	1	381	1	381	0.0	747
MDA8829053.1	QIZ20417.1	97.887	426	9	0	1	426	1	426	0.0	837
MDA8829054.1	QIZ20416.1	98.333	240	4	0	1	240	5	244	8.41e-178	484
MDA8829055.1	QIZ20415.1	95.935	123	5	0	1	123	1	123	6.79e-83	234
MDA8829056.1	QIZ20414.1	94.514	875	48	0	1	875	1	875	0.0	1707
MDA8829057.1	QIZ20413.1	98.776	572	7	0	1	572	1	572	0.0	1161
MDA8829058.1	QIZ20412.1	92.768	401	29	0	1	401	1	401	0.0	724
MDA8829059.1	QIZ20409.1	100.000	72	0	0	1	72	1	72	2.66e-46	137
MDA8829062.1	QIZ20404.1	96.988	332	10	0	1	332	1	332	0.0	652
MDA8829063.1	QIZ20403.1	94.574	258	14	0	1	258	1	258	0.0	508
MDA8829064.1	QIZ20402.1	99.048	105	1	0	1	105	1	105	2.83e-73	208
MDA8829065.1	QIZ20401.1	94.340	371	21	0	1	371	1	371	0.0	683
MDA8829066.1	QIZ20400.1	94.801	577	30	0	1	577	1	577	0.0	1112
MDA8829067.1	QIZ20399.1	85.714	77	11	0	1	77	11	87	1.95e-43	131
MDA8829068.1	QIZ20398.1	90.476	315	30	0	1	315	2	316	0.0	569
MDA8829069.1	QIZ20397.1	97.967	246	5	0	1	246	1	246	5.20e-176	479
MDA8829070.1	QIZ20396.1	95.111	225	11	0	9	233	12	236	5.74e-162	443
MDA8829071.1	QIZ20395.1	94.118	68	2	1	1	66	1	68	1.15e-40	123
MDA8829072.1	QIZ20394.1	94.521	73	4	0	1	73	1	73	2.58e-39	120
MDA8829073.1	QIZ20393.1	96.032	252	10	0	1	252	1	252	3.26e-177	483
MDA8829074.1	QIZ20392.1	93.079	419	29	0	1	419	1	419	0.0	811
MDA8829075.1	QIZ20391.1	98.936	94	1	0	1	94	1	94	1.03e-63	183
MDA8829076.1	QIZ20390.1	93.810	517	32	0	1	517	1	517	0.0	976
MDA8829077.1	QIZ20389.1	94.915	295	15	0	1	295	1	295	0.0	553
MDA8829078.1	QIZ20388.1	96.447	197	7	0	1	197	1	197	2.98e-141	387
MDA8829079.1	QIZ20387.1	99.062	959	9	0	1	959	1	959	0.0	1944
MDA8829080.1	QIZ20386.1	97.403	154	2	2	1	153	1	153	1.49e-107	299
MDA8829081.1	QIZ20385.1	98.817	507	6	0	1	507	1	507	0.0	1011
MDA8829082.1	QIZ21489.1	83.846	130	21	0	1	130	1	130	3.94e-75	217
MDA8829083.1	QIZ21488.1	97.094	998	29	0	1	998	1	998	0.0	2014
MDA8829084.1	QIZ21487.1	96.591	88	3	0	1	88	1	88	1.78e-64	184
MDA8829085.1	QIZ21486.1	97.129	418	12	0	1	418	1	418	0.0	852
MDA8829086.1	QIZ21485.1	98.930	561	6	0	1	561	1	561	0.0	1140
MDA8829087.1	QIZ21484.1	91.255	263	23	0	1	263	1	263	0.0	496
MDA8829088.1	QIZ21483.1	93.523	386	25	0	1	386	1	386	0.0	741
MDA8829089.1	QIZ21482.1	96.875	64	2	0	1	64	1	64	1.58e-41	125
MDA8829090.1	QIZ21481.1	95.322	342	16	0	1	342	1	342	0.0	657
MDA8829091.1	QIZ21480.1	93.679	443	28	0	1	443	1	443	0.0	876
MDA8829092.1	QIZ21479.1	89.819	717	73	0	1	717	1	717	0.0	1296
MDA8829093.1	QIZ21478.1	88.824	340	38	0	1	340	1	340	0.0	618
MDA8829094.1	QIZ21477.1	73.295	176	47	0	3	178	8	183	2.83e-81	234
MDA8829095.1	QIZ21476.1	77.600	125	27	1	1	125	1	124	7.46e-68	196
MDA8829096.1	QIZ21475.1	68.493	146	46	0	7	152	1	146	7.01e-66	193
MDA8829097.1	QIZ21474.1	91.720	314	26	0	1	314	1	314	0.0	608
MDA8829098.1	QIZ21473.1	93.161	775	53	0	1	775	1	775	0.0	1517
MDA8829099.1	QIZ21472.1	80.702	114	22	0	3	116	2	115	2.35e-65	189
MDA8829100.1	QIZ21471.1	87.783	442	54	0	1	442	1	442	0.0	824
MDA8829101.1	QIZ21470.1	98.569	489	7	0	1	489	1	489	0.0	1019
MDA8829102.1	QIZ21469.1	96.497	314	11	0	1	314	1	314	0.0	626
MDA8829103.1	QIZ21468.1	98.592	284	4	0	1	284	1	284	0.0	573
MDA8829104.1	QIZ21467.1	98.101	474	9	0	1	474	1	474	0.0	969
MDA8829105.1	QIZ21466.1	96.992	133	4	0	1	133	1	133	1.80e-96	269
MDA8829106.1	QIZ21465.1	95.923	466	19	0	1	466	1	466	0.0	906
MDA8829107.1	QIZ21464.1	94.595	74	4	0	1	74	1	74	1.44e-49	146
MDA8829109.1	QIZ21463.1	72.260	292	81	0	1	292	1	292	2.63e-156	434
MDA8829110.1	QIZ21462.1	70.922	141	41	0	11	151	11	151	2.78e-72	212
MDA8829111.1	QIZ20520.1	92.607	257	19	0	1	257	8	264	0.0	500
MDA8829112.1	QIZ20519.1	98.077	156	3	0	1	156	1	156	2.16e-117	324
MDA8829113.1	QIZ20518.1	99.192	619	5	0	1	619	1	619	0.0	1296
MDA8829114.1	QIZ20517.1	95.690	116	5	0	1	116	1	116	2.99e-81	229
MDA8829116.1	QIZ20516.1	95.543	359	16	0	1	359	1	359	0.0	625
MDA8829117.1	QIZ20514.1	66.201	358	119	1	1	356	1	358	2.40e-162	454
MDA8829118.1	QIZ20513.1	95.103	388	19	0	1	388	1	388	0.0	775
MDA8829119.1	QIZ20512.1	97.872	94	2	0	1	94	1	94	1.96e-63	182
MDA8829120.1	QIZ20511.1	98.653	594	8	0	1	594	1	594	0.0	1218
MDA8829121.1	QIZ20510.1	90.092	434	43	0	1	434	1	434	0.0	811
MDA8829122.1	QIZ20508.1	95.238	861	41	0	1	861	1	861	0.0	1554
MDA8829123.1	QIZ20507.1	98.643	221	3	0	1	221	1	221	1.07e-159	436
MDA8829124.1	QIZ20506.1	87.745	204	25	0	1	204	1	204	4.12e-131	362
MDA8829125.1	QIZ20505.1	91.237	388	34	0	1	388	1	388	0.0	734
MDA8829126.1	QIZ20504.1	93.987	316	19	0	1	316	1	316	0.0	584
MDA8829127.1	QIZ20503.1	98.196	499	9	0	1	499	1	499	0.0	961
MDA8829128.1	QIZ20502.1	93.377	151	10	0	1	151	1	151	2.08e-90	255
MDA8829129.1	QIZ20501.1	90.625	320	30	0	1	320	1	320	0.0	592
MDA8829131.1	QIZ21150.1	33.148	359	208	11	1	340	4	349	4.47e-45	154
MDA8829132.1	QIZ20500.1	94.778	383	20	0	1	383	1	383	0.0	773
MDA8829133.1	QIZ20499.1	93.411	258	17	0	1	258	1	258	3.01e-174	476
MDA8829134.1	QIZ20498.1	94.737	266	14	0	1	266	1	266	1.67e-168	462
MDA8829135.1	QIZ20497.1	96.825	252	8	0	1	252	1	252	0.0	496
MDA8829136.1	QIZ20496.1	97.959	196	4	0	1	196	1	196	4.00e-135	372
MDA8829137.1	QIZ20495.1	96.045	531	21	0	1	531	1	531	0.0	1073
MDA8829138.1	QIZ20494.1	93.548	248	16	0	1	248	1	248	3.64e-171	468
MDA8829139.1	QIZ20493.1	47.458	118	62	0	3	120	15	132	1.12e-31	105
MDA8829140.1	QIZ20206.1	82.697	393	68	0	1	393	1	393	0.0	677
MDA8829141.1	QIZ20205.1	94.245	278	16	0	1	278	1	278	2.07e-161	445
MDA8829142.1	QIZ20204.1	96.951	328	10	0	7	334	1	328	0.0	665
MDA8829143.1	QIZ20203.1	95.260	443	21	0	1	443	1	443	0.0	838
MDA8829144.1	QIZ20202.1	87.805	164	20	0	1	164	1	164	2.23e-105	294
MDA8829145.1	QIZ20201.1	92.560	336	25	0	1	336	1	336	0.0	658
MDA8829146.1	QIZ20200.1	97.638	381	9	0	1	381	1	381	0.0	768
MDA8829147.1	QIZ20199.1	93.143	175	12	0	1	175	1	175	3.70e-116	322
MDA8829148.1	QIZ20198.1	90.201	398	39	0	1	398	5	402	0.0	641
MDA8829149.1	QIZ20197.1	90.210	286	28	0	3	288	4	289	0.0	540
MDA8829150.1	QIZ20196.1	95.477	199	9	0	1	199	1	199	3.05e-146	400
MDA8829151.1	QIZ20195.1	90.769	260	24	0	1	260	1	260	1.84e-176	482
MDA8829153.1	QIZ20565.1	47.751	289	141	3	1	280	4	291	4.62e-94	275
MDA8829154.1	QIZ20566.1	37.063	143	84	2	7	149	9	145	7.15e-23	84.3
MDA8829156.1	QIZ20192.1	94.479	163	9	0	1	163	5	167	4.79e-114	316
MDA8829157.1	QIZ20191.1	90.217	184	18	0	1	184	1	184	1.21e-126	349
MDA8829158.1	QIZ20190.1	95.000	360	18	0	1	360	1	360	0.0	703
MDA8829159.1	QIZ20184.1	89.355	310	33	0	1	310	1	310	0.0	553
MDA8829160.1	QIZ20183.1	96.124	129	5	0	1	129	1	129	3.25e-86	243
MDA8829161.1	QIZ20182.1	99.107	224	2	0	1	224	1	224	3.51e-161	440
MDA8829162.1	QIZ20181.1	98.696	230	3	0	1	230	1	230	5.31e-165	450
MDA8829163.1	QIZ20180.1	98.587	283	4	0	1	283	1	283	0.0	570
MDA8829164.1	QIZ21593.1	98.266	346	6	0	1	346	1	346	0.0	698
MDA8829165.1	QIZ21592.1	93.678	174	11	0	1	174	1	174	1.58e-120	333
MDA8829166.1	QIZ21591.1	96.571	175	6	0	1	175	1	175	4.46e-124	342
MDA8829167.1	QIZ21542.1	54.667	75	34	0	1	75	1	75	3.34e-25	84.7
MDA8829168.1	QIZ21541.1	93.243	814	55	0	1	814	1	814	0.0	1569
MDA8829170.1	QIZ21513.1	42.066	813	461	7	4	809	1	810	0.0	642
MDA8829171.1	QIZ21540.1	86.395	147	20	0	1	147	1	147	2.07e-94	265
MDA8829172.1	QIZ21120.1	96.450	169	6	0	1	169	1	169	5.70e-119	329
MDA8829173.1	QIZ21122.1	91.384	383	33	0	1	383	1	383	0.0	750
MDA8829174.1	QIZ21123.1	87.306	386	49	0	1	386	1	386	0.0	698
MDA8829175.1	QIZ21124.1	33.254	421	272	6	57	473	41	456	6.70e-74	236
MDA8829178.1	QIZ21125.1	93.691	317	20	0	1	317	1	317	0.0	613
MDA8829185.1	QIZ21134.1	93.005	386	26	1	1	386	1	385	0.0	728
MDA8829186.1	QIZ21135.1	93.846	195	12	0	1	195	1	195	1.78e-141	388
MDA8829187.1	QIZ21136.1	97.130	453	13	0	1	453	1	453	0.0	870
MDA8829188.1	QIZ21137.1	85.618	445	64	0	1	445	1	445	0.0	763
MDA8829189.1	QIZ21138.1	88.136	59	7	0	1	59	1	59	4.56e-34	105
MDA8829190.1	QIZ21139.1	92.491	293	22	0	1	293	1	293	0.0	517
MDA8829191.1	QIZ21141.1	75.401	187	46	0	1	187	1	187	1.97e-103	291
MDA8829192.1	QIZ21142.1	94.677	263	14	0	1	263	43	305	0.0	502
MDA8829193.1	QIZ21146.1	97.235	217	6	0	1	217	12	228	1.12e-155	426
MDA8829199.1	QIZ20680.1	77.233	347	79	0	1	347	1	347	0.0	588
MDA8829200.1	QIZ20681.1	95.946	370	15	0	1	370	1	370	0.0	748
MDA8829201.1	QIZ20682.1	96.296	405	15	0	1	405	1	405	0.0	815
MDA8829202.1	QIZ20683.1	96.013	301	12	0	1	301	1	301	0.0	572
MDA8829203.1	QIZ20684.1	77.108	415	95	0	1	415	1	415	0.0	630
MDA8829204.1	QIZ20685.1	72.500	200	55	0	1	200	1	200	1.08e-106	301
MDA8829205.1	QIZ20686.1	61.765	136	48	1	1	132	1	136	1.53e-56	168
MDA8829206.1	QIZ20687.1	59.494	158	64	0	1	158	1	158	1.30e-57	173
MDA8829207.1	QIZ20689.1	75.362	276	68	0	1	276	1	276	1.11e-155	431
MDA8829208.1	QIZ20690.1	94.022	552	33	0	1	552	1	552	0.0	1050
MDA8829209.1	QIZ20691.1	97.289	922	25	0	1	922	1	922	0.0	1890
MDA8829210.1	QIZ20692.1	68.671	316	99	0	4	319	12	327	3.11e-170	478
MDA8829211.1	QIZ21186.1	97.107	242	7	0	1	242	1	242	2.20e-173	474
MDA8829212.1	QIZ21185.1	96.111	360	14	0	1	360	1	360	0.0	692
MDA8829213.1	QIZ21184.1	98.118	372	7	0	1	372	1	372	0.0	758
MDA8829214.1	QIZ21183.1	96.970	198	6	0	1	198	1	198	7.38e-143	392
MDA8829215.1	QIZ21182.1	93.724	239	15	0	1	239	1	239	2.17e-169	462
MDA8829216.1	QIZ21181.1	96.269	134	5	0	1	134	1	134	6.27e-92	258
MDA8829217.1	QIZ21180.1	100.000	84	0	0	1	84	1	84	2.62e-56	164
MDA8829218.1	QIZ21179.1	98.471	327	5	0	1	327	1	327	0.0	652
MDA8829219.1	QIZ21178.1	97.826	368	8	0	1	368	1	368	0.0	724
MDA8829220.1	QIZ21177.1	93.269	416	28	0	1	416	1	416	0.0	773
MDA8829221.1	QIZ21176.1	95.556	180	8	0	1	180	1	180	7.05e-123	340
MDA8829222.1	QIZ21175.1	97.414	116	3	0	1	116	1	116	1.07e-78	223
MDA8829223.1	QIZ21174.1	98.153	379	7	0	1	379	1	379	0.0	747
MDA8829224.1	QIZ21173.1	95.570	158	7	0	1	158	1	158	3.53e-112	311
MDA8829225.1	QIZ21172.1	100.000	130	0	0	1	130	1	130	1.19e-89	251
MDA8829226.1	QIZ21171.1	99.576	472	2	0	1	472	1	472	0.0	951
MDA8829227.1	QIZ21170.1	99.313	291	2	0	1	291	1	291	0.0	587
MDA8829228.1	QIZ21169.1	99.413	511	3	0	1	511	1	511	0.0	1028
MDA8829229.1	QIZ21168.1	100.000	79	0	0	1	79	107	185	3.39e-53	159
MDA8829230.1	QIZ21524.1	90.583	223	21	0	2	224	254	476	5.89e-157	439
MDA8829231.1	QIZ21523.1	98.305	295	5	0	1	295	1	295	0.0	599
MDA8829232.1	QIZ21522.1	98.198	333	6	0	1	333	1	333	0.0	665
MDA8829233.1	QIZ21521.1	92.574	202	15	0	1	202	1	202	1.12e-144	397
MDA8829234.1	QIZ21520.1	96.129	155	6	0	1	155	1	155	3.53e-113	313
MDA8829235.1	QIZ21519.1	93.548	124	8	0	1	124	1	124	1.28e-86	243
MDA8829236.1	QIZ21344.1	62.057	282	106	1	1	281	1	282	3.26e-121	343
MDA8829237.1	QIZ21518.1	75.157	318	79	0	1	318	1	318	3.86e-176	486
MDA8829238.1	QIZ21517.1	66.667	72	24	0	1	72	1	72	9.72e-29	93.6
MDA8829239.1	QIZ21516.1	95.918	539	22	0	1	539	1	539	0.0	1080
MDA8829240.1	QIZ21515.1	90.536	317	30	0	1	317	1	317	0.0	602
MDA8829241.1	QIZ21514.1	87.550	249	31	0	1	249	1	249	1.66e-162	446
MDA8829242.1	QIZ21513.1	95.062	810	40	0	1	810	1	810	0.0	1590
MDA8829243.1	QIZ21512.1	72.174	115	32	0	1	115	52	166	1.96e-61	181
MDA8829244.1	QIZ21511.1	85.093	161	24	0	1	161	29	189	7.92e-104	291
MDA8829249.1	QIZ20411.1	92.835	321	23	0	1	321	1	321	0.0	608
MDA8829251.1	QIZ20216.1	96.530	317	11	0	1	317	2	318	0.0	620
MDA8829254.1	QIZ20215.1	96.552	145	5	0	1	145	1	145	1.51e-105	293
MDA8829256.1	QIZ20214.1	96.599	294	10	0	1	294	1	294	0.0	564
MDA8829257.1	QIZ20213.1	94.915	177	9	0	1	177	1	177	1.37e-112	313
MDA8829258.1	QIZ20212.1	97.531	162	4	0	1	162	1	162	1.06e-119	330
MDA8829259.1	QIZ20211.1	78.351	97	21	0	1	97	1	97	5.08e-55	161
MDA8829260.1	QIZ20210.1	88.973	526	58	0	11	536	11	536	0.0	930
MDA8829261.1	QIZ20208.1	85.606	132	19	0	1	132	1	132	8.17e-77	219
MDA8829262.1	QIZ20385.1	95.273	275	13	0	1	275	575	849	2.73e-177	506
MDA8829263.1	QIZ20384.1	95.732	164	7	0	1	164	1	164	7.44e-114	315
MDA8829264.1	QIZ20383.1	96.196	184	7	0	1	184	1	184	2.31e-132	364
MDA8829265.1	QIZ20382.1	95.405	370	17	0	1	370	1	370	0.0	734
MDA8829266.1	QIZ20381.1	96.000	275	11	0	1	275	1	275	0.0	557
MDA8829267.1	QIZ20380.1	97.549	204	5	0	1	204	1	204	4.44e-144	395
MDA8829268.1	QIZ20379.1	95.608	683	30	0	1	683	1	683	0.0	1287
MDA8829269.1	QIZ20378.1	88.636	88	10	0	1	88	1	88	3.49e-44	133
MDA8829270.1	QIZ20377.1	95.563	293	13	0	1	293	1	293	0.0	506
MDA8829271.1	QIZ20376.1	91.509	318	27	0	16	333	16	333	0.0	590
MDA8829272.1	QIZ20375.1	88.492	252	29	0	1	252	1	252	1.86e-150	415
MDA8829273.1	QIZ20374.1	94.517	383	21	0	1	383	1	383	0.0	733
MDA8829274.1	QIZ20373.1	92.118	203	16	0	1	203	1	203	3.08e-125	347
MDA8829275.1	QIZ20372.1	90.323	155	15	0	1	155	1	155	4.91e-96	275
MDA8829276.1	QIZ21362.1	99.231	130	1	0	1	130	1	130	3.32e-92	273
MDA8829277.1	QIZ21361.1	98.693	153	2	0	1	153	1	153	1.76e-106	296
MDA8829278.1	QIZ21360.1	96.623	385	13	0	1	385	1	385	0.0	761
MDA8829279.1	QIZ21359.1	97.579	1074	26	0	1	1074	1	1074	0.0	2150
MDA8829280.1	QIZ21358.1	93.162	351	24	0	1	351	1	351	0.0	661
MDA8829283.1	QIZ21517.1	65.278	72	25	0	1	72	1	72	1.46e-28	93.2
MDA8829284.1	QIZ21346.1	27.132	387	235	10	352	727	307	657	5.13e-33	131
MDA8829285.1	QIZ21357.1	88.550	131	15	0	1	131	626	756	1.70e-77	239
MDA8829286.1	QIZ21456.1	84.416	77	12	0	1	77	1	77	7.88e-38	124
MDA8829287.1	QIZ21455.1	93.571	140	9	0	1	140	1	140	2.96e-97	272
MDA8829288.1	QIZ21454.1	89.952	418	42	0	15	432	16	433	0.0	719
MDA8829289.1	QIZ21453.1	88.785	214	24	0	1	214	1	214	1.18e-114	322
MDA8829290.1	QIZ21452.1	97.075	889	26	0	1	889	1	889	0.0	1779
MDA8829291.1	QIZ21451.1	77.041	196	44	1	1	195	1	196	2.14e-99	281
MDA8829292.1	QIZ21450.1	90.265	113	11	0	1	113	1	113	1.25e-74	212
MDA8829293.1	QIZ21449.1	87.879	396	48	0	1	396	1	396	0.0	734
MDA8829294.1	QIZ21448.1	94.561	478	26	0	1	478	1	478	0.0	919
MDA8829295.1	QIZ21447.1	95.597	318	14	0	1	318	1	318	0.0	636
MDA8829298.1	QIZ20218.1	96.053	380	15	0	1	380	1	380	0.0	755
MDA8829299.1	QIZ20219.1	83.333	90	15	0	1	90	1	90	8.95e-54	158
MDA8829300.1	QIZ20220.1	96.901	484	15	0	1	484	1	484	0.0	966
MDA8829301.1	QIZ20221.1	98.760	645	8	0	1	645	1	645	0.0	1331
MDA8829302.1	QIZ20222.1	98.246	342	6	0	1	342	1	342	0.0	711
MDA8829304.1	QIZ20225.1	96.774	279	9	0	1	279	96	374	0.0	563
MDA8829305.1	QIZ21328.1	99.130	230	2	0	1	230	1	230	8.26e-165	451
MDA8829306.1	QIZ21329.1	99.107	448	4	0	1	448	1	448	0.0	907
MDA8829307.1	QIZ21330.1	98.250	800	14	0	1	800	1	800	0.0	1578
MDA8829308.1	QIZ21331.1	98.222	225	4	0	1	225	1	225	1.75e-158	433
MDA8829309.1	QIZ21332.1	97.006	167	5	0	1	167	1	167	7.08e-115	318
MDA8829310.1	QIZ21333.1	85.294	102	11	1	1	98	1	102	5.94e-54	171
MDA8829311.1	QIZ21333.1	98.750	400	5	0	1	400	114	513	0.0	784
MDA8829312.1	QIZ20670.1	96.830	347	11	0	1	347	85	431	0.0	693
MDA8829313.1	QIZ20671.1	94.175	309	18	0	1	309	1	309	0.0	587
MDA8829314.1	QIZ20672.1	96.853	286	9	0	1	286	1	286	0.0	552
MDA8829315.1	QIZ20673.1	93.706	429	25	1	1	429	1	427	0.0	781
MDA8829316.1	QIZ20674.1	95.929	393	16	0	1	393	1	393	0.0	780
MDA8829317.1	QIZ20675.1	91.176	68	6	0	1	68	1	68	5.05e-42	126
MDA8829318.1	QIZ20676.1	93.168	161	11	0	1	161	1	161	4.55e-99	278
MDA8829319.1	QIZ20679.1	96.000	75	3	0	1	75	1	75	7.20e-52	152
MDA8829324.1	QIZ21533.1	77.451	102	23	0	1	102	1	102	8.18e-57	167
MDA8829325.1	QIZ21532.1	87.931	232	28	0	1	232	1	232	2.23e-134	373
MDA8829326.1	QIZ21531.1	89.489	352	37	0	1	352	1	352	0.0	620
MDA8829327.1	QIZ21530.1	84.544	537	78	2	3	538	4	536	0.0	870
MDA8829328.1	QIZ21527.1	76.331	338	80	0	1	338	1	338	0.0	561
MDA8829329.1	QIZ21525.1	98.353	425	7	0	1	425	1	425	0.0	874
MDA8829330.1	QIZ21346.1	73.270	737	160	9	1	722	1	715	0.0	1085
MDA8829331.1	QIZ21347.1	73.142	592	142	7	1	580	1	587	0.0	828
MDA8829332.1	QIZ21355.1	95.614	114	5	0	1	114	1	114	2.10e-79	224
MDA8829334.1	QIZ21357.1	52.608	441	167	14	1	425	1	415	2.03e-117	355
MDA8829335.1	QIZ21461.1	75.991	429	103	0	10	438	14	442	0.0	605
MDA8829336.1	QIZ21460.1	98.186	441	8	0	1	441	1	441	0.0	904
MDA8829337.1	QIZ21459.1	90.789	380	35	0	1	380	1	380	0.0	718
MDA8829338.1	QIZ21458.1	91.966	473	38	0	1	473	1	473	0.0	898
MDA8829339.1	QIZ21457.1	90.647	139	13	0	1	139	1	139	5.52e-95	266
MDA8829340.1	QIZ21456.1	88.293	205	24	0	1	205	148	352	5.42e-129	363
MDA8829341.1	QIZ20338.1	98.326	478	8	0	1	478	1	478	0.0	914
MDA8829343.1	QIZ20332.1	98.684	152	2	0	1	152	1	152	8.68e-110	304
MDA8829344.1	QIZ20331.1	97.936	436	9	0	1	436	1	436	0.0	885
MDA8829345.1	QIZ20330.1	93.617	141	9	0	1	141	1	141	4.07e-97	271
MDA8829346.1	QIZ20329.1	89.671	213	22	0	1	213	1	213	1.10e-151	415
MDA8829347.1	QIZ20328.1	95.137	329	16	0	1	329	1	329	0.0	642
MDA8829348.1	QIZ20327.1	93.548	62	4	0	1	62	165	226	1.87e-27	94.4
MDA8829349.1	QIZ21352.1	53.628	1268	425	28	1	1121	153	1404	0.0	898
MDA8829349.1	QIZ21352.1	52.721	1121	382	26	685	1696	509	1590	0.0	746
MDA8829353.1	QIZ21307.1	25.940	266	189	6	9	269	9	271	3.73e-26	100
MDA8829355.1	QIZ20217.1	96.860	414	13	0	1	414	34	447	0.0	828
MDA8829356.1	QIZ21110.1	96.680	241	8	0	1	241	1	241	4.52e-169	462
MDA8829357.1	QIZ21109.1	97.101	345	10	0	1	345	1	345	0.0	701
MDA8829358.1	QIZ21108.1	72.619	168	46	0	1	168	1	168	2.70e-92	261
MDA8829359.1	QIZ21107.1	98.228	395	7	0	1	395	1	395	0.0	793
MDA8829360.1	QIZ21106.1	89.000	100	11	0	1	100	1	100	6.01e-66	193
MDA8829361.1	QIZ20232.1	94.286	245	14	0	1	245	1	245	8.41e-177	481
MDA8829362.1	QIZ20231.1	98.246	114	2	0	1	114	346	459	4.43e-81	240
MDA8829363.1	QIZ20231.1	97.576	330	8	0	1	330	1	330	0.0	673
MDA8829364.1	QIZ20230.1	97.026	269	8	0	1	269	338	606	0.0	531
MDA8829365.1	QIZ20873.1	98.095	105	2	0	1	105	1	105	3.60e-70	200
MDA8829366.1	QIZ20872.1	99.507	203	1	0	1	203	1	203	2.23e-149	409
MDA8829367.1	QIZ20871.1	94.298	684	37	1	1	682	50	733	0.0	1348
MDA8829368.1	QIZ20226.1	96.644	298	10	0	1	298	1	298	0.0	595
MDA8829369.1	QIZ20227.1	97.800	500	11	0	1	500	1	500	0.0	1008
MDA8829370.1	QIZ20228.1	99.065	107	1	0	1	107	123	229	2.38e-75	218
MDA8829372.1	QIZ20846.1	43.307	254	142	2	1	254	1	252	6.65e-61	193
MDA8829373.1	QIZ20851.1	28.571	315	196	6	11	317	6	299	7.75e-36	127
MDA8829375.1	QIZ20910.1	85.841	113	16	0	13	125	13	125	1.02e-72	208
MDA8829376.1	QIZ20911.1	70.588	187	54	1	1	187	1	186	2.54e-97	276
MDA8829378.1	QIZ21506.1	69.444	72	22	0	1	72	1	72	1.05e-30	106
MDA8829379.1	QIZ21505.1	97.934	242	5	0	1	242	1	242	6.10e-178	484
MDA8829380.1	QIZ21504.1	96.903	452	14	0	1	452	1	452	0.0	916
MDA8829381.1	QIZ21143.1	91.795	195	16	0	1	195	1	195	8.33e-134	372
MDA8829382.1	QIZ21144.1	96.460	452	16	0	1	452	1	452	0.0	879
MDA8829383.1	QIZ21145.1	100.000	96	0	0	1	96	1	96	4.34e-69	199
MDA8829384.1	QIZ21117.1	96.481	341	12	0	1	341	1	341	0.0	660
MDA8829385.1	QIZ21116.1	94.203	138	8	0	1	138	1	138	2.62e-94	264
MDA8829386.1	QIZ21115.1	93.333	75	5	0	1	75	1	75	1.39e-48	144
MDA8829387.1	QIZ21114.1	95.169	207	10	0	1	207	30	236	1.59e-145	400
MDA8829388.1	QIZ20745.1	81.319	91	17	0	1	91	1	91	9.12e-50	154
MDA8829389.1	QIZ20744.1	91.489	329	28	0	1	329	1	329	0.0	629
MDA8829390.1	QIZ20743.1	71.084	83	24	0	1	83	200	282	1.72e-35	117
