MDC0445178.1	QIZ21304.1	65.761	368	126	0	1	368	1	368	0.0	515
MDC0445179.1	QIZ21305.1	79.556	225	46	0	1	225	1	225	9.22e-130	361
MDC0445180.1	QIZ21306.1	79.861	144	29	0	1	144	1	144	4.20e-82	234
MDC0445181.1	QIZ21307.1	88.966	290	32	0	1	290	1	290	0.0	558
MDC0445182.1	QIZ21308.1	90.722	194	18	0	1	194	1	194	8.04e-130	358
MDC0445183.1	QIZ21309.1	90.998	611	55	0	1	611	1	611	0.0	1160
MDC0445184.1	QIZ21310.1	88.652	141	16	0	1	141	1	141	3.56e-85	241
MDC0445185.1	QIZ21312.1	79.600	250	51	0	1	250	1	250	5.16e-145	401
MDC0445186.1	QIZ21313.1	92.006	713	57	0	1	713	1	713	0.0	1370
MDC0445187.1	QIZ21314.1	93.985	399	24	0	1	399	1	399	0.0	779
MDC0445188.1	QIZ21316.1	77.982	218	48	0	1	218	1	218	8.93e-119	332
MDC0445190.1	QIZ21317.1	93.631	314	20	0	1	314	1	314	0.0	618
MDC0445191.1	QIZ21318.1	80.892	314	60	0	1	314	1	314	0.0	531
MDC0445192.1	QIZ21319.1	94.977	219	11	0	1	219	1	219	3.64e-160	437
MDC0445193.1	QIZ21358.1	89.744	351	36	0	1	351	1	351	0.0	630
MDC0445195.1	QIZ21359.1	88.641	1074	122	0	1	1074	1	1074	0.0	1965
MDC0445196.1	QIZ21360.1	84.156	385	60	1	1	384	1	385	0.0	669
MDC0445197.1	QIZ21361.1	75.000	152	38	0	1	152	1	152	5.45e-73	211
MDC0445198.1	QIZ21362.1	76.819	591	137	0	1	591	1	591	0.0	911
MDC0445199.1	QIZ21363.1	92.775	609	41	2	1	608	1	607	0.0	1148
MDC0445200.1	QIZ21364.1	62.755	196	69	2	1	193	3	197	3.15e-85	246
MDC0445201.1	QIZ21365.1	57.576	264	109	2	2	265	1	261	7.45e-111	316
MDC0445202.1	QIZ21366.1	66.942	242	80	0	1	242	1	242	1.81e-114	324
MDC0445203.1	QIZ21367.1	90.260	154	15	0	1	154	1	154	2.31e-106	296
MDC0445204.1	QIZ21368.1	76.800	500	103	4	1	492	1	495	0.0	702
MDC0445205.1	QIZ21369.1	71.429	336	96	0	1	336	1	336	1.46e-175	486
MDC0445206.1	QIZ21370.1	51.042	96	46	1	1	96	1	95	7.15e-25	85.9
MDC0445207.1	QIZ21371.1	60.644	559	213	2	5	561	6	559	0.0	702
MDC0445208.1	QIZ21372.1	57.203	944	401	1	1	944	1	941	0.0	1006
MDC0445210.1	QIZ21373.1	56.103	426	181	4	8	430	8	430	7.38e-150	428
MDC0445211.1	QIZ21374.1	69.333	375	113	2	1	374	1	374	5.97e-171	477
MDC0445212.1	QIZ21375.1	47.472	356	186	1	1	355	1	356	9.63e-118	341
MDC0445213.1	QIZ21376.1	74.353	464	119	0	1	464	1	464	0.0	724
MDC0445214.1	QIZ21377.1	65.292	291	101	0	9	299	22	312	2.35e-132	374
MDC0445215.1	QIZ21378.1	75.987	304	73	0	1	304	1	304	4.73e-157	436
MDC0445216.1	QIZ21379.1	33.945	218	136	3	5	215	7	223	2.19e-32	113
MDC0445218.1	QIZ21381.1	66.667	306	102	0	1	306	1	306	3.36e-144	404
MDC0445219.1	QIZ21382.1	57.358	265	112	1	18	282	19	282	2.11e-108	311
MDC0445220.1	QIZ21383.1	66.124	676	229	0	1	676	1	676	0.0	915
MDC0445221.1	QIZ21384.1	62.456	562	210	1	3	564	4	564	0.0	694
MDC0445222.1	QIZ21385.1	84.956	678	102	0	1	678	1	678	0.0	1216
MDC0445223.1	QIZ21386.1	28.261	460	317	7	41	496	33	483	1.27e-37	139
MDC0445224.1	QIZ21387.1	88.961	462	51	0	1	462	1	462	0.0	832
MDC0445226.1	QIZ20745.1	77.617	277	62	0	1	277	1	277	2.22e-157	435
MDC0445227.1	QIZ20744.1	89.362	329	35	0	1	329	1	329	0.0	621
MDC0445229.1	QIZ20743.1	73.469	294	78	0	1	294	1	294	1.45e-158	439
MDC0445230.1	QIZ20742.1	87.558	434	54	0	1	434	1	434	0.0	799
MDC0445231.1	QIZ20740.1	88.590	631	72	0	1	631	1	631	0.0	1175
MDC0445232.1	QIZ20739.1	83.594	256	41	1	1	255	1	256	1.12e-158	436
MDC0445233.1	QIZ20738.1	77.143	105	24	0	1	105	1	105	6.26e-61	177
MDC0445234.1	QIZ20737.1	73.373	338	90	0	1	338	1	338	0.0	512
MDC0445235.1	QIZ20736.1	69.082	207	64	0	1	207	1	207	3.79e-112	315
MDC0445242.1	QIZ20734.1	70.175	171	36	1	3	173	25	180	1.43e-84	243
MDC0445244.1	QIZ20733.1	56.207	290	127	0	1	290	1	290	1.18e-109	315
MDC0445255.1	QIZ20203.1	32.063	446	273	9	3	431	1	433	9.28e-63	205
MDC0445257.1	QIZ20588.1	35.185	216	139	1	67	281	65	280	2.91e-46	152
MDC0445264.1	QIZ20732.1	82.118	425	76	0	1	425	1	425	0.0	729
MDC0445265.1	QIZ20731.1	80.916	131	25	0	1	131	1	131	3.20e-80	228
MDC0445266.1	QIZ20575.1	85.345	116	17	0	1	116	1	116	4.07e-76	216
MDC0445267.1	QIZ20729.1	72.727	121	32	1	1	121	1	120	4.91e-68	196
MDC0445268.1	QIZ20728.1	66.883	308	102	0	1	308	1	308	2.38e-149	417
MDC0445269.1	QIZ20727.1	51.807	415	200	0	18	432	18	432	4.01e-142	409
MDC0445270.1	QIZ20726.1	91.185	363	31	1	5	366	21	383	0.0	677
MDC0445271.1	QIZ20725.1	76.577	888	208	0	1	888	1	888	0.0	1427
MDC0445272.1	QIZ20724.1	90.594	404	38	0	1	404	1	404	0.0	776
MDC0445273.1	QIZ20723.1	74.419	215	55	0	1	215	1	215	4.73e-123	343
MDC0445274.1	QIZ20722.1	67.537	268	85	2	1	267	1	267	2.42e-126	355
MDC0445275.1	QIZ20721.1	76.412	301	71	0	1	301	1	301	5.84e-177	486
MDC0445276.1	QIZ20720.1	73.892	203	53	0	1	203	1	203	2.29e-108	305
MDC0445277.1	QIZ20719.1	84.078	358	57	0	1	358	1	358	0.0	585
MDC0445278.1	QIZ20718.1	51.724	145	70	0	1	145	1	145	2.85e-50	153
MDC0445279.1	QIZ20717.1	80.806	521	99	1	1	520	1	521	0.0	855
MDC0445280.1	QIZ20716.1	78.417	139	30	0	1	139	1	139	6.63e-84	238
MDC0445281.1	QIZ20715.1	70.817	257	75	0	1	257	1	257	2.22e-134	375
MDC0445282.1	QIZ20714.1	79.412	204	41	1	1	203	1	204	4.69e-110	309
MDC0445283.1	QIZ20713.1	94.498	418	23	0	1	418	1	418	0.0	808
MDC0445284.1	QIZ20712.1	94.097	288	17	0	1	288	1	288	0.0	543
MDC0445285.1	QIZ20711.1	87.164	335	43	0	3	337	2	336	0.0	588
MDC0445286.1	QIZ20710.1	90.000	240	24	0	1	240	1	240	6.86e-160	438
MDC0445287.1	QIZ20709.1	87.234	235	30	0	1	235	1	235	1.12e-152	419
MDC0445288.1	QIZ20708.1	90.038	261	26	0	1	261	1	261	0.0	501
MDC0445289.1	QIZ20707.1	72.561	164	40	2	3	162	1	163	1.38e-81	234
MDC0445290.1	QIZ20706.1	79.297	256	53	0	1	256	9	264	1.46e-153	424
MDC0445291.1	QIZ20705.1	66.667	228	72	1	1	224	1	228	3.74e-111	314
MDC0445292.1	QIZ20704.1	56.508	315	135	2	1	313	1	315	1.49e-126	360
MDC0445293.1	QIZ20703.1	65.411	292	97	1	1	288	1	292	4.78e-132	372
MDC0445294.1	QIZ20702.1	68.120	367	117	0	1	367	1	367	0.0	519
MDC0445295.1	QIZ20701.1	84.127	126	20	0	1	126	1	126	6.42e-79	224
MDC0445296.1	QIZ20700.1	86.239	952	131	0	1	952	1	952	0.0	1710
MDC0445297.1	QIZ20699.1	71.014	414	120	0	1	414	1	414	0.0	608
MDC0445299.1	QIZ20653.1	49.393	247	125	0	1	247	1	247	2.15e-80	242
MDC0445300.1	QIZ20652.1	88.247	485	57	0	1	485	1	485	0.0	871
MDC0445301.1	QIZ20651.1	88.971	136	15	0	1	136	1	136	3.59e-80	228
MDC0445302.1	QIZ20650.1	67.708	192	61	1	1	191	1	192	1.68e-82	238
MDC0445303.1	QIZ20649.1	76.901	342	78	1	1	342	1	341	0.0	503
MDC0445304.1	QIZ20648.1	41.124	338	199	0	1	338	22	359	1.47e-88	266
MDC0445305.1	QIZ20647.1	67.727	220	71	0	1	220	5	224	1.08e-93	269
MDC0445306.1	QIZ20646.1	84.007	594	95	0	1	594	1	594	0.0	1049
MDC0445307.1	QIZ20645.1	83.212	274	45	1	1	274	1	273	6.87e-168	461
MDC0445308.1	QIZ20644.1	77.966	118	26	0	1	118	1	118	2.32e-66	192
MDC0445309.1	QIZ20643.1	72.449	98	27	0	38	135	35	132	1.94e-51	155
MDC0445310.1	QIZ20642.1	89.663	445	46	0	1	445	1	445	0.0	830
MDC0445311.1	QIZ20641.1	73.759	141	37	0	1	141	1	141	1.81e-72	209
MDC0445312.1	QIZ20640.1	77.941	136	30	0	10	145	10	145	1.20e-78	225
MDC0445314.1	QIZ20638.1	89.105	257	28	0	1	257	1	257	1.43e-170	467
MDC0445315.1	QIZ20637.1	78.547	592	111	2	1	576	1	592	0.0	908
MDC0445317.1	QIZ20863.1	40.741	243	136	5	98	336	104	342	2.40e-53	175
MDC0445318.1	QIZ20636.1	49.107	448	218	6	437	881	290	730	9.25e-121	379
MDC0445318.1	QIZ20636.1	32.132	333	214	3	20	345	19	346	3.76e-38	148
MDC0445319.1	QIZ20635.1	75.735	408	99	0	1	408	1	408	0.0	642
MDC0445320.1	QIZ20634.1	52.742	383	169	6	3	382	2	375	4.01e-140	399
MDC0445321.1	QIZ20633.1	89.908	218	22	0	1	218	1	218	1.08e-144	398
MDC0445322.1	QIZ20632.1	79.286	140	29	0	1	140	1	140	8.59e-82	233
MDC0445323.1	QIZ20631.1	97.917	480	10	0	1	480	1	480	0.0	979
MDC0445324.1	QIZ20630.1	96.311	244	9	0	1	244	1	244	2.98e-171	467
MDC0445325.1	QIZ20629.1	89.157	415	45	0	1	415	1	415	0.0	724
MDC0445326.1	QIZ20628.1	94.059	404	24	0	1	404	1	404	0.0	795
MDC0445327.1	QIZ20627.1	92.157	153	12	0	1	153	1	153	3.44e-106	295
MDC0445328.1	QIZ20626.1	77.778	99	21	1	1	99	1	98	1.66e-52	155
MDC0445329.1	QIZ20625.1	84.545	110	17	0	1	110	1	110	1.01e-68	197
MDC0445331.1	QIZ20624.1	92.521	468	35	0	1	468	1	468	0.0	917
MDC0445332.1	QIZ20623.1	67.516	157	51	0	4	160	3	159	8.12e-74	214
MDC0445333.1	QIZ20622.1	83.959	293	47	0	1	293	1	293	2.44e-168	464
MDC0445334.1	QIZ20620.1	79.592	196	40	0	1	196	1	196	2.11e-107	302
MDC0445335.1	QIZ20619.1	71.660	247	70	0	1	247	1	247	2.44e-102	293
MDC0445336.1	QIZ20618.1	91.566	166	14	0	1	166	1	166	3.41e-104	291
MDC0445337.1	QIZ20617.1	87.654	81	10	0	1	81	1	81	3.72e-52	153
MDC0445338.1	QIZ20614.1	61.644	146	56	0	5	150	42	187	5.07e-60	180
MDC0445339.1	QIZ20613.1	71.192	302	85	2	1	301	1	301	7.51e-160	443
MDC0445340.1	QIZ20612.1	75.839	149	36	0	1	149	1	149	6.82e-75	216
MDC0445341.1	QIZ20611.1	62.025	79	30	0	1	79	1	79	2.76e-31	101
MDC0445342.1	QIZ20610.1	86.188	181	25	0	1	181	1	181	9.24e-115	319
MDC0445343.1	QIZ20609.1	69.697	330	100	0	1	330	1	330	8.20e-177	488
MDC0445344.1	QIZ20607.1	53.261	92	41	2	1	90	1	92	8.65e-29	96.3
MDC0445348.1	QIZ20501.1	49.688	320	159	1	1	318	1	320	4.28e-105	306
MDC0445354.1	QIZ20715.1	32.569	218	130	5	42	255	52	256	7.48e-25	95.5
MDC0445356.1	QIZ20606.1	75.574	479	117	0	1	479	1	479	0.0	782
MDC0445357.1	QIZ20511.1	24.449	544	338	16	64	569	49	557	6.32e-27	110
MDC0445360.1	QIZ20710.1	33.471	242	150	5	8	247	3	235	4.73e-33	116
MDC0445365.1	QIZ20605.1	87.468	391	49	0	1	391	1	391	0.0	714
MDC0445366.1	QIZ20604.1	86.997	323	42	0	8	330	7	329	0.0	533
MDC0445367.1	QIZ20603.1	95.342	322	15	0	1	322	1	322	0.0	632
MDC0445368.1	QIZ20602.1	75.740	169	40	1	1	168	1	169	2.95e-79	228
MDC0445369.1	QIZ20601.1	95.021	482	24	0	1	482	1	482	0.0	845
MDC0445370.1	QIZ20600.1	75.904	249	59	1	1	249	1	248	6.56e-138	383
MDC0445371.1	QIZ20599.1	74.000	300	78	0	1	300	1	300	2.60e-176	485
MDC0445372.1	QIZ20598.1	72.099	405	112	1	1	405	3	406	0.0	618
MDC0445373.1	QIZ20597.1	70.732	287	84	0	4	290	3	289	2.22e-162	449
MDC0445374.1	QIZ20596.1	70.432	301	88	1	1	301	1	300	6.99e-149	415
MDC0445375.1	QIZ20595.1	65.847	366	123	1	1	364	1	366	1.86e-179	498
MDC0445376.1	QIZ20594.1	57.769	251	106	0	1	251	1	251	4.75e-102	293
MDC0445378.1	QIZ20834.1	28.448	348	217	8	9	342	1	330	2.13e-27	105
MDC0445380.1	QIZ20513.1	28.173	394	256	8	105	492	7	379	8.24e-37	135
MDC0445381.1	QIZ20593.1	78.003	591	130	0	1	591	1	591	0.0	991
MDC0445382.1	QIZ21125.1	46.452	310	162	1	4	313	3	308	1.32e-98	289
MDC0445383.1	QIZ20489.1	26.367	311	197	9	3	294	2	299	4.07e-23	94.0
MDC0445385.1	QIZ20487.1	33.252	412	271	2	20	428	21	431	2.69e-72	230
MDC0445386.1	QIZ20589.1	71.875	288	81	0	3	290	2	289	2.38e-158	438
MDC0445387.1	QIZ20592.1	85.020	247	37	0	1	247	1	247	1.64e-163	448
MDC0445388.1	QIZ20591.1	77.061	279	64	0	1	279	1	279	4.57e-166	457
MDC0445389.1	QIZ20605.1	34.463	354	191	8	33	362	50	386	9.19e-50	168
MDC0445390.1	QIZ20590.1	66.782	289	96	0	4	292	3	291	8.29e-117	334
MDC0445392.1	QIZ20587.1	76.596	235	55	0	1	235	1	235	1.47e-129	361
MDC0445393.1	QIZ20586.1	89.062	192	21	0	1	192	1	192	3.83e-128	354
MDC0445394.1	QIZ20213.1	61.184	152	59	0	17	168	26	177	4.46e-62	185
MDC0445395.1	QIZ20211.1	73.958	96	25	0	1	96	1	96	6.32e-50	149
MDC0445396.1	QIZ20542.1	48.340	482	245	2	3	480	2	483	2.61e-150	434
MDC0445397.1	QIZ20541.1	83.601	311	51	0	1	311	1	311	0.0	532
MDC0445398.1	QIZ20540.1	91.765	255	21	0	1	255	1	255	2.22e-169	463
MDC0445399.1	QIZ20218.1	78.989	376	79	0	4	379	5	380	0.0	630
MDC0445400.1	QIZ21525.1	90.118	425	41	1	1	424	1	425	0.0	810
MDC0445402.1	QIZ21524.1	89.030	474	52	0	1	474	1	474	0.0	877
MDC0445403.1	QIZ20310.1	60.976	82	32	0	1	82	1	82	4.07e-31	100
MDC0445405.1	QIZ20730.1	66.480	179	60	0	9	187	5	183	6.19e-83	239
MDC0445406.1	QIZ20508.1	71.361	845	242	0	1	845	17	861	0.0	1178
MDC0445407.1	QIZ20507.1	83.636	220	36	0	1	220	1	220	6.06e-135	374
MDC0445408.1	QIZ20506.1	69.347	199	61	0	1	199	1	199	1.70e-99	282
MDC0445409.1	QIZ21225.1	44.586	157	85	2	26	181	25	180	8.81e-45	142
MDC0445410.1	QIZ20210.1	86.754	536	71	0	10	545	1	536	0.0	926
MDC0445411.1	QIZ20674.1	74.809	393	99	0	1	393	1	393	0.0	619
MDC0445414.1	QIZ20217.1	84.375	448	69	1	1	448	1	447	0.0	793
MDC0445415.1	QIZ21315.1	85.906	149	21	0	1	149	1	149	8.65e-97	271
MDC0445416.1	QIZ20539.1	80.217	369	73	0	1	369	1	369	0.0	611
MDC0445417.1	QIZ20538.1	94.505	91	5	0	1	91	1	91	1.28e-60	175
MDC0445418.1	QIZ20537.1	66.051	433	147	0	1	433	1	433	0.0	533
MDC0445419.1	QIZ20537.1	82.589	224	36	1	1	221	1	224	1.50e-122	350
MDC0445422.1	QIZ21591.1	83.429	175	29	0	1	175	1	175	1.20e-99	280
MDC0445423.1	QIZ20938.1	41.584	202	107	4	46	237	58	258	2.04e-38	130
MDC0445426.1	QIZ21541.1	66.914	807	267	0	1	807	1	807	0.0	1143
MDC0445427.1	QIZ20545.1	88.251	366	43	0	1	366	1	366	0.0	631
MDC0445428.1	QIZ20546.1	95.759	448	19	0	1	448	1	448	0.0	889
MDC0445429.1	QIZ20547.1	72.930	314	84	1	1	313	1	314	4.86e-171	473
MDC0445430.1	QIZ20548.1	91.288	264	23	0	1	264	1	264	1.87e-180	492
MDC0445431.1	QIZ20549.1	71.008	645	175	3	1	641	1	637	0.0	942
MDC0445432.1	QIZ20547.1	52.273	308	145	1	13	320	7	312	1.18e-110	333
MDC0445433.1	QIZ20550.1	78.679	333	70	1	1	332	1	333	0.0	520
MDC0445436.1	QIZ21518.1	61.950	318	121	0	1	318	1	318	1.62e-139	394
MDC0445437.1	QIZ21344.1	60.638	282	110	1	1	281	1	282	1.59e-120	342
MDC0445440.1	QIZ20595.1	43.042	309	160	6	4	299	2	307	1.18e-80	246
MDC0445441.1	QIZ20551.1	76.053	380	91	0	1	380	1	380	0.0	610
MDC0445442.1	QIZ20552.1	91.089	303	27	0	1	303	1	303	0.0	560
MDC0445443.1	QIZ20553.1	87.150	428	55	0	1	428	1	428	0.0	766
MDC0445444.1	QIZ21495.1	56.627	249	108	0	1	249	1	249	2.15e-107	306
MDC0445446.1	QIZ20554.1	74.129	201	52	0	1	201	1	201	3.27e-97	276
MDC0445447.1	QIZ20555.1	86.573	499	67	0	2	500	3	501	0.0	901
MDC0445448.1	QIZ20556.1	83.333	348	58	0	6	353	3	350	0.0	599
MDC0445449.1	QIZ20557.1	94.375	320	18	0	1	320	1	320	0.0	622
MDC0445450.1	QIZ20559.1	98.013	151	3	0	1	151	19	169	3.86e-108	301
MDC0445451.1	QIZ20560.1	96.253	427	16	0	1	427	1	427	0.0	796
MDC0445452.1	QIZ20561.1	89.884	346	35	0	4	349	1	346	0.0	652
MDC0445453.1	QIZ20562.1	88.008	492	59	0	1	492	1	492	0.0	899
MDC0445454.1	QIZ20566.1	73.418	158	42	0	1	158	1	158	1.04e-86	246
MDC0445455.1	QIZ20567.1	96.296	135	5	0	1	135	1	135	1.68e-100	280
MDC0445456.1	QIZ20568.1	81.771	192	35	0	1	192	1	192	7.87e-116	323
MDC0445457.1	QIZ20569.1	88.288	333	39	0	1	333	1	333	0.0	612
MDC0445458.1	QIZ20570.1	78.832	137	29	0	1	137	1	137	1.87e-83	236
MDC0445459.1	QIZ20571.1	88.542	96	10	1	9	103	1	96	9.91e-59	171
MDC0445461.1	QIZ20573.1	96.842	95	3	0	1	95	1	95	8.72e-68	194
MDC0445464.1	QIZ20577.1	87.736	106	13	0	1	106	1	106	3.81e-68	195
MDC0445465.1	QIZ20579.1	92.727	110	8	0	1	110	1	110	3.75e-68	196
MDC0445466.1	QIZ20581.1	68.000	75	24	0	1	75	1	75	5.73e-34	107
MDC0445467.1	QIZ20582.1	69.369	111	34	0	1	111	1	111	7.44e-45	137
MDC0445468.1	QIZ20615.1	86.087	115	16	0	1	115	1	115	8.52e-76	215
MDC0445469.1	QIZ20616.1	87.885	520	63	0	62	581	62	581	0.0	960
MDC0445470.1	QIZ20583.1	61.947	113	43	0	1	113	1	113	2.11e-54	161
MDC0445471.1	QIZ20584.1	71.038	183	53	0	5	187	4	186	1.36e-98	279
MDC0445472.1	QIZ20585.1	63.060	268	99	0	1	268	1	268	2.11e-127	358
MDC0445476.1	QIZ20544.1	57.396	169	70	1	1	169	1	167	3.62e-67	198
MDC0445477.1	QIZ21540.1	57.447	141	60	0	15	155	7	147	2.42e-60	179
MDC0445478.1	QIZ21539.1	54.857	175	79	0	1	175	6	180	3.37e-58	176
MDC0445479.1	QIZ21538.1	53.390	236	110	0	1	236	1	236	1.08e-75	225
MDC0445480.1	QIZ21430.1	57.584	389	163	1	2	390	1	387	7.54e-154	435
MDC0445481.1	QIZ20215.1	73.103	145	39	0	1	145	1	145	4.69e-82	234
MDC0445483.1	QIZ21536.1	75.664	226	55	0	1	226	1	226	1.63e-130	363
MDC0445484.1	QIZ21533.1	60.194	103	41	0	1	103	1	103	3.29e-40	125
MDC0445485.1	QIZ21532.1	54.460	213	96	1	1	212	1	213	1.43e-76	226
MDC0445486.1	QIZ21531.1	88.068	352	42	0	1	352	1	352	0.0	609
MDC0445487.1	QIZ21530.1	84.601	539	80	1	1	539	1	536	0.0	880
MDC0445489.1	QIZ21527.1	88.496	339	39	0	1	339	1	339	0.0	634
MDC0445490.1	QIZ21523.1	92.542	295	22	0	1	295	1	295	0.0	571
MDC0445491.1	QIZ21522.1	87.688	333	41	0	1	333	1	333	0.0	606
MDC0445492.1	QIZ21521.1	87.562	201	25	0	1	201	1	201	1.31e-137	379
MDC0445493.1	QIZ21520.1	90.968	155	14	0	1	155	1	155	2.68e-109	303
MDC0445494.1	QIZ21519.1	83.065	124	21	0	1	124	1	124	3.55e-77	219
MDC0445495.1	QIZ21516.1	91.280	539	47	0	1	539	1	539	0.0	1037
MDC0445496.1	QIZ21515.1	93.375	317	21	0	1	317	1	317	0.0	603
MDC0445497.1	QIZ21514.1	93.173	249	17	0	1	249	1	249	9.99e-170	464
MDC0445498.1	QIZ21513.1	96.667	810	27	0	1	810	1	810	0.0	1632
MDC0445499.1	QIZ21512.1	58.710	155	63	1	4	157	12	166	3.17e-59	177
MDC0445500.1	QIZ21511.1	92.063	189	15	0	1	189	1	189	2.81e-132	364
MDC0445501.1	QIZ21510.1	39.394	132	80	0	9	140	7	138	1.03e-27	96.3
MDC0445504.1	QIZ21482.1	75.410	61	15	0	5	65	3	63	7.06e-31	98.6
MDC0445505.1	QIZ21509.1	81.712	257	47	0	3	259	5	261	3.21e-160	441
MDC0445507.1	QIZ21508.1	88.710	124	14	0	1	124	1	124	3.31e-84	237
MDC0445508.1	QIZ21507.1	76.866	134	31	0	1	134	1	134	4.81e-76	218
MDC0445509.1	QIZ21506.1	72.165	388	108	0	15	402	10	397	0.0	615
MDC0445510.1	QIZ21505.1	87.603	242	30	0	21	262	1	242	2.29e-161	443
MDC0445511.1	QIZ21504.1	95.354	452	21	0	1	452	1	452	0.0	904
MDC0445512.1	QIZ21503.1	85.083	181	27	0	1	181	1	181	2.18e-112	313
MDC0445514.1	QIZ21502.1	55.172	203	91	0	1	203	1	203	2.87e-79	231
MDC0445515.1	QIZ21501.1	78.625	538	115	0	1	538	12	549	0.0	886
MDC0445516.1	QIZ21500.1	80.685	321	62	0	1	321	1	321	0.0	558
MDC0445517.1	QIZ21499.1	80.368	163	32	0	1	163	1	163	3.89e-90	255
MDC0445518.1	QIZ21498.1	75.455	110	27	0	16	125	16	125	1.52e-55	173
MDC0445519.1	QIZ21488.1	92.308	338	26	0	1	338	661	998	0.0	658
MDC0445520.1	QIZ21489.1	59.487	195	79	0	1	195	1	195	2.64e-89	256
MDC0445521.1	QIZ21490.1	73.684	228	60	0	1	228	55	282	5.91e-123	346
MDC0445522.1	QIZ21090.1	69.828	232	70	0	1	232	1	232	2.56e-124	347
MDC0445523.1	QIZ21089.1	66.667	303	100	1	4	305	5	307	1.66e-140	394
MDC0445524.1	QIZ21088.1	80.672	357	69	0	1	357	1	357	0.0	603
MDC0445525.1	QIZ21086.1	86.131	137	19	0	1	137	1	137	2.31e-88	249
MDC0445526.1	QIZ21085.1	88.474	642	74	0	41	682	39	680	0.0	1192
MDC0445527.1	QIZ21084.1	84.058	207	33	0	1	207	1	207	1.30e-130	361
MDC0445528.1	QIZ21083.1	94.186	86	5	0	1	86	1	86	1.52e-58	169
MDC0445529.1	QIZ21082.1	97.176	602	17	0	1	602	1	602	0.0	1174
MDC0445530.1	QIZ21081.1	96.610	118	4	0	1	118	1	118	3.95e-81	229
MDC0445531.1	QIZ21080.1	80.184	217	43	0	1	217	1	217	3.39e-127	354
MDC0445533.1	QIZ21079.1	75.248	505	125	0	7	511	14	518	0.0	749
MDC0445536.1	QIZ21078.1	68.692	214	66	1	1	214	1	213	1.78e-104	296
MDC0445537.1	QIZ21077.1	50.964	363	171	5	1	357	14	375	1.00e-115	337
MDC0445538.1	QIZ21076.1	77.011	696	158	2	1	694	1	696	0.0	1026
MDC0445539.1	QIZ21075.1	53.804	184	83	1	1	182	1	184	6.19e-65	193
MDC0445540.1	QIZ21074.1	60.606	165	65	0	1	165	1	165	1.42e-73	214
MDC0445541.1	QIZ21073.1	76.860	121	28	0	1	121	1	121	1.35e-67	195
MDC0445542.1	QIZ21072.1	47.826	92	45	2	1	90	1	91	9.08e-21	75.1
MDC0445543.1	QIZ21071.1	88.048	251	30	0	1	251	1	251	4.54e-167	457
MDC0445544.1	QIZ21070.1	88.797	241	25	1	1	241	1	239	1.55e-156	430
MDC0445546.1	QIZ21068.1	87.500	208	26	0	1	208	1	208	3.11e-135	373
MDC0445547.1	QIZ21067.1	92.347	196	15	0	1	196	1	196	8.06e-136	374
MDC0445548.1	QIZ21066.1	87.719	171	21	0	1	171	1	171	1.47e-111	310
MDC0445549.1	QIZ21065.1	87.746	457	54	2	1	457	1	455	0.0	797
MDC0445550.1	QIZ21087.1	36.170	282	171	3	1	277	1	278	1.08e-53	171
MDC0445551.1	QIZ21064.1	59.848	132	52	1	7	137	38	169	1.23e-53	162
MDC0445552.1	QIZ21063.1	67.000	200	61	2	1	198	1	197	5.05e-97	276
MDC0445553.1	QIZ21062.1	62.238	143	51	1	1	143	1	140	1.63e-50	154
MDC0445554.1	QIZ21061.1	59.286	140	57	0	1	140	1	140	1.20e-59	176
MDC0445555.1	QIZ21060.1	77.928	222	47	2	1	220	1	222	3.08e-124	347
MDC0445556.1	QIZ21059.1	65.537	177	61	0	1	177	1	177	3.33e-76	222
MDC0445557.1	QIZ21058.1	62.214	262	99	0	2	263	3	264	2.70e-114	325
MDC0445558.1	QIZ21057.1	69.948	193	58	0	1	193	1	193	7.17e-95	270
MDC0445559.1	QIZ21056.1	78.067	269	59	0	1	269	1	269	1.33e-160	443
MDC0445560.1	QIZ21055.1	74.474	333	85	0	1	333	1	333	0.0	524
MDC0445563.1	QIZ21052.1	96.209	422	16	0	1	422	1	422	0.0	824
MDC0445564.1	QIZ21087.1	43.662	284	153	2	1	283	1	278	1.82e-77	233
MDC0445565.1	QIZ21050.1	81.941	443	80	0	1	443	1	443	0.0	734
MDC0445566.1	QIZ21049.1	88.443	623	72	0	1	623	1	623	0.0	1130
MDC0445567.1	QIZ21048.1	58.962	212	87	0	3	214	2	213	1.97e-92	266
MDC0445568.1	QIZ21047.1	85.057	261	39	0	1	261	4	264	2.45e-167	459
MDC0445569.1	QIZ21046.1	72.760	279	76	0	2	280	4	282	4.77e-150	417
MDC0445570.1	QIZ21045.1	45.317	331	179	1	1	329	1	331	1.55e-88	264
MDC0445572.1	QIZ21043.1	71.598	845	238	2	1	844	1	844	0.0	1259
MDC0445573.1	QIZ21042.1	64.162	173	57	3	8	177	8	178	5.47e-75	219
MDC0445574.1	QIZ21041.1	40.122	329	178	6	2	313	3	329	1.35e-63	200
MDC0445575.1	QIZ21040.1	64.571	175	62	0	1	175	1	175	5.64e-75	218
MDC0445576.1	QIZ21039.1	60.092	218	84	1	1	218	1	215	3.98e-92	265
MDC0445577.1	QIZ21038.1	50.920	163	78	2	1	163	1	161	6.79e-47	146
MDC0445578.1	QIZ21037.1	43.005	193	98	4	4	186	2	192	3.54e-40	131
MDC0445581.1	QIZ21036.1	69.579	309	93	1	1	309	1	308	1.92e-162	450
MDC0445582.1	QIZ21035.1	82.500	200	35	0	18	217	18	217	1.63e-127	354
MDC0445583.1	QIZ21034.1	81.323	257	48	0	1	257	1	257	4.94e-156	430
MDC0445584.1	QIZ21033.1	86.400	375	49	1	1	375	1	373	0.0	650
MDC0445585.1	QIZ21032.1	93.312	628	42	0	1	628	1	628	0.0	1185
MDC0445586.1	QIZ21031.1	71.028	214	50	3	1	208	1	208	2.09e-102	290
MDC0445587.1	QIZ21030.1	68.367	196	62	0	3	198	5	200	7.69e-88	253
MDC0445588.1	QIZ21029.1	59.635	384	154	1	1	384	1	383	1.81e-161	454
MDC0445589.1	QIZ21028.1	61.888	286	109	0	1	286	1	286	2.69e-119	339
MDC0445590.1	QIZ21027.1	75.000	196	49	0	1	196	1	196	1.81e-108	305
MDC0445591.1	QIZ21026.1	84.969	326	49	0	1	326	434	759	0.0	561
MDC0445592.1	QIZ21025.1	70.923	509	147	1	1	509	1	508	0.0	699
MDC0445593.1	QIZ21024.1	78.378	333	72	0	1	333	1	333	0.0	544
MDC0445594.1	QIZ21023.1	74.444	180	45	1	1	179	1	180	2.41e-98	278
MDC0445596.1	QIZ21022.1	60.961	333	129	1	21	353	1	332	7.15e-148	416
MDC0445597.1	QIZ21021.1	52.679	112	53	0	2	113	17	128	2.97e-42	131
MDC0445598.1	QIZ21020.1	89.630	135	14	0	1	135	1	135	2.82e-88	249
MDC0445599.1	QIZ21019.1	71.973	446	121	1	1	442	10	455	0.0	659
MDC0445600.1	QIZ21018.1	87.500	328	41	0	1	328	1	328	0.0	592
MDC0445601.1	QIZ21017.1	60.526	152	60	0	1	152	1	152	1.43e-54	165
MDC0445602.1	QIZ21016.1	58.517	499	207	0	16	514	19	517	0.0	552
MDC0445603.1	QIZ21015.1	86.889	389	51	0	1	389	1	389	0.0	694
MDC0445604.1	QIZ21014.1	91.321	530	46	0	1	530	1	530	0.0	961
MDC0445605.1	QIZ21013.1	80.537	745	124	4	3	738	4	736	0.0	1185
MDC0445606.1	QIZ21012.1	83.607	122	20	0	1	122	1	122	4.48e-73	209
MDC0445607.1	QIZ21011.1	85.366	82	12	0	1	82	1	82	1.75e-45	136
MDC0445608.1	QIZ21010.1	94.783	690	36	0	1	690	1	690	0.0	1333
MDC0445609.1	QIZ21008.1	91.954	261	21	0	1	261	1	261	0.0	501
MDC0445610.1	QIZ21007.1	95.285	403	19	0	1	403	1	403	0.0	803
MDC0445611.1	QIZ21006.1	90.361	166	16	0	1	166	1	166	1.45e-113	315
MDC0445612.1	QIZ21005.1	76.296	135	32	0	7	141	7	141	1.29e-74	214
MDC0445613.1	QIZ21004.1	96.350	137	5	0	1	137	1	137	6.15e-97	271
MDC0445614.1	QIZ21003.1	87.955	440	53	0	1	440	1	440	0.0	823
MDC0445615.1	QIZ20943.1	81.132	106	20	0	4	109	67	172	2.69e-61	181
MDC0445616.1	QIZ20942.1	70.492	305	90	0	1	305	1	305	2.21e-161	447
MDC0445617.1	QIZ20941.1	70.325	246	73	0	1	246	1	246	3.50e-131	366
MDC0445618.1	QIZ20940.1	80.263	152	30	0	1	152	1	152	7.49e-92	259
MDC0445619.1	QIZ20939.1	78.641	309	66	0	1	309	1	309	0.0	514
MDC0445620.1	QIZ21069.1	74.194	62	16	0	1	62	1	62	5.45e-30	96.3
MDC0445621.1	QIZ20937.1	77.865	384	85	0	1	384	1	384	0.0	635
MDC0445622.1	QIZ20936.1	75.000	276	68	1	1	276	1	275	5.29e-159	439
MDC0445623.1	QIZ20935.1	86.425	221	30	0	1	221	1	221	3.06e-146	402
MDC0445624.1	QIZ20934.1	69.097	288	89	0	1	288	1	288	2.44e-142	398
MDC0445625.1	QIZ20933.1	74.552	558	141	1	1	557	1	558	0.0	894
MDC0445626.1	QIZ20932.1	68.675	83	26	0	1	83	1	83	1.28e-38	119
MDC0445627.1	QIZ20931.1	76.991	113	25	1	1	112	1	113	1.37e-54	162
MDC0445629.1	QIZ20929.1	66.667	240	79	1	1	240	1	239	3.17e-112	318
MDC0445630.1	QIZ20928.1	90.769	65	6	0	1	65	1	65	2.56e-29	94.7
MDC0445631.1	QIZ20927.1	75.676	185	44	1	1	184	1	185	1.64e-98	278
MDC0445632.1	QIZ20926.1	81.295	417	78	0	1	417	1	417	0.0	677
MDC0445633.1	QIZ20925.1	68.217	129	41	0	1	129	1	129	1.29e-62	183
MDC0445634.1	QIZ20924.1	81.030	427	81	0	1	427	2	428	0.0	690
MDC0445635.1	QIZ20923.1	84.507	71	11	0	1	71	1	71	1.79e-41	125
MDC0445636.1	QIZ21496.1	67.692	65	21	0	3	67	2	66	1.17e-29	95.9
MDC0445637.1	QIZ20922.1	63.383	467	166	4	1	464	1	465	0.0	572
MDC0445638.1	QIZ20921.1	47.143	350	180	3	1	349	1	346	8.28e-111	322
MDC0445639.1	QIZ21087.1	41.343	283	158	3	1	280	1	278	1.44e-63	197
MDC0445640.1	QIZ20920.1	49.782	229	114	1	1	229	1	228	2.97e-76	226
MDC0445643.1	QIZ20911.1	75.543	184	44	1	1	184	1	183	1.31e-107	301
MDC0445644.1	QIZ20910.1	48.889	90	46	0	13	102	13	102	2.30e-32	105
MDC0445646.1	QIZ20908.1	49.130	230	110	3	1	223	1	230	2.22e-72	216
MDC0445647.1	QIZ20898.1	36.952	479	291	4	4	481	5	473	4.08e-112	335
MDC0445648.1	QIZ20897.1	58.879	107	41	2	1	105	1	106	3.97e-41	127
MDC0445649.1	QIZ20896.1	48.592	426	211	7	1	422	1	422	1.93e-135	391
MDC0445650.1	QIZ20895.1	73.377	308	82	0	1	308	1	308	1.25e-180	496
MDC0445651.1	QIZ20894.1	82.890	263	45	0	3	265	2	264	1.06e-151	419
MDC0445652.1	QIZ20893.1	87.010	408	53	0	1	408	1	408	0.0	751
MDC0445653.1	QIZ20892.1	66.029	209	71	0	1	209	1	209	6.02e-99	281
MDC0445654.1	QIZ20891.1	83.913	230	37	0	1	230	1	230	1.15e-143	396
MDC0445655.1	QIZ20890.1	89.474	95	10	0	1	95	1	95	2.34e-60	175
MDC0445656.1	QIZ20889.1	83.854	576	92	1	1	575	1	576	0.0	995
MDC0445657.1	QIZ20888.1	70.098	204	61	0	13	216	12	215	2.13e-100	286
MDC0445658.1	QIZ20887.1	66.110	419	139	2	20	436	20	437	0.0	532
MDC0445659.1	QIZ20886.1	62.257	257	97	0	1	257	1	257	1.66e-114	325
MDC0445660.1	QIZ20885.1	45.789	190	101	2	1	190	1	188	1.72e-45	145
MDC0445661.1	QIZ20884.1	72.903	310	83	1	12	320	13	322	8.74e-163	452
MDC0445662.1	QIZ20883.1	83.251	203	34	0	1	203	1	203	4.41e-130	360
MDC0445663.1	QIZ20882.1	75.079	317	79	0	1	317	1	317	0.0	511
MDC0445664.1	QIZ20881.1	80.723	166	30	2	1	164	1	166	4.85e-97	273
MDC0445665.1	QIZ20879.1	82.812	384	66	0	1	384	1	384	0.0	627
MDC0445666.1	QIZ20878.1	78.641	309	66	0	1	309	1	309	0.0	502
MDC0445667.1	QIZ20877.1	69.274	179	55	0	1	179	11	189	7.03e-94	266
MDC0445668.1	QIZ20876.1	64.198	243	85	1	2	242	3	245	9.44e-104	296
MDC0445669.1	QIZ20875.1	78.986	276	58	0	1	276	1	276	3.58e-167	460
MDC0445670.1	QIZ20874.1	71.201	566	141	4	1	553	1	557	0.0	785
MDC0445671.1	QIZ20873.1	80.952	105	20	0	1	105	1	105	3.46e-58	170
MDC0445672.1	QIZ20872.1	86.700	203	27	0	1	203	1	203	2.91e-130	360
MDC0445673.1	QIZ20871.1	78.082	730	150	2	1	720	4	733	0.0	1183
MDC0445674.1	QIZ20870.1	78.415	366	77	1	1	364	1	366	0.0	590
MDC0445675.1	QIZ20869.1	79.363	848	172	1	1	845	1	848	0.0	1360
MDC0445676.1	QIZ20868.1	69.977	433	130	0	1	433	1	433	0.0	621
MDC0445677.1	QIZ20867.1	61.538	143	54	1	1	142	1	143	3.31e-55	166
MDC0445678.1	QIZ20866.1	72.385	239	66	0	1	239	1	239	1.77e-129	361
MDC0445679.1	QIZ20865.1	74.442	403	103	0	1	403	1	403	0.0	624
MDC0445680.1	QIZ20864.1	87.123	365	47	0	1	365	1	365	0.0	665
MDC0445681.1	QIZ20863.1	85.434	357	52	0	1	357	1	357	0.0	600
MDC0445682.1	QIZ20862.1	61.786	280	107	0	1	280	1	280	1.83e-123	349
MDC0445683.1	QIZ20861.1	56.338	142	42	6	4	139	16	143	1.34e-38	124
MDC0445684.1	QIZ20860.1	81.000	100	19	0	1	100	333	432	1.45e-54	171
MDC0445685.1	QIZ21483.1	64.490	245	87	0	1	245	1	245	2.29e-117	336
MDC0445686.1	QIZ21481.1	80.409	342	67	0	1	342	1	342	0.0	567
MDC0445688.1	QIZ21480.1	90.519	443	42	0	1	443	1	443	0.0	853
MDC0445689.1	QIZ21479.1	90.098	717	71	0	1	717	1	717	0.0	1303
MDC0445690.1	QIZ21478.1	88.012	342	41	0	1	342	1	342	0.0	626
MDC0445691.1	QIZ21477.1	75.843	178	43	0	6	183	6	183	2.55e-87	250
MDC0445692.1	QIZ21476.1	75.200	125	30	1	1	125	1	124	6.61e-68	196
MDC0445693.1	QIZ21475.1	61.379	145	56	0	11	155	3	147	7.17e-59	176
MDC0445694.1	QIZ21474.1	92.332	313	24	0	1	313	1	313	0.0	603
MDC0445695.1	QIZ21473.1	89.032	775	85	0	1	775	1	775	0.0	1456
MDC0445696.1	QIZ21472.1	74.336	113	29	0	1	113	1	113	5.21e-62	181
MDC0445697.1	QIZ21163.1	54.915	295	128	2	1	294	1	291	2.00e-106	307
MDC0445698.1	QIZ21162.1	47.927	386	201	0	1	386	1	386	1.67e-128	370
MDC0445700.1	QIZ21471.1	89.140	442	48	0	1	442	1	442	0.0	835
MDC0445701.1	QIZ21470.1	93.865	489	30	0	1	489	1	489	0.0	984
MDC0445702.1	QIZ21469.1	96.178	314	12	0	1	314	1	314	0.0	631
MDC0445703.1	QIZ21468.1	93.662	284	18	0	1	284	1	284	0.0	545
MDC0445704.1	QIZ21467.1	96.943	458	14	0	12	469	17	474	0.0	928
MDC0445705.1	QIZ21466.1	93.162	117	8	0	24	140	17	133	1.07e-82	234
MDC0445706.1	QIZ21465.1	93.777	466	29	0	1	466	1	466	0.0	894
MDC0445707.1	QIZ21464.1	87.838	74	9	0	1	74	1	74	2.21e-46	138
MDC0445708.1	QIZ21463.1	70.890	292	85	0	1	292	1	292	2.47e-154	429
MDC0445709.1	QIZ21462.1	69.124	217	66	1	11	226	11	227	3.00e-110	311
MDC0445710.1	QIZ21461.1	75.587	426	104	0	10	435	14	439	0.0	601
MDC0445711.1	QIZ21460.1	81.859	441	80	0	1	441	1	441	0.0	763
MDC0445712.1	QIZ21459.1	56.868	364	157	0	10	373	10	373	9.34e-161	452
MDC0445714.1	QIZ21457.1	75.540	139	34	0	1	139	1	139	3.74e-82	233
MDC0445715.1	QIZ21456.1	60.857	350	137	0	1	350	1	350	2.45e-146	413
MDC0445716.1	QIZ21455.1	88.028	142	17	0	1	142	1	142	1.20e-94	265
MDC0445717.1	QIZ21454.1	48.804	418	214	0	15	432	16	433	3.09e-127	370
MDC0445718.1	QIZ21453.1	54.206	214	98	0	1	214	1	214	6.23e-67	201
MDC0445719.1	QIZ21452.1	87.289	889	113	0	1	889	1	889	0.0	1619
MDC0445720.1	QIZ21451.1	54.822	197	88	1	1	197	1	196	7.23e-72	212
MDC0445721.1	QIZ21450.1	86.726	113	15	0	1	113	1	113	1.25e-73	210
MDC0445722.1	QIZ21449.1	91.919	396	32	0	1	396	1	396	0.0	754
MDC0445723.1	QIZ21448.1	93.096	478	33	0	1	478	1	478	0.0	909
MDC0445724.1	QIZ21447.1	96.865	319	10	0	1	319	1	319	0.0	646
MDC0445725.1	QIZ21446.1	63.877	227	77	1	19	240	19	245	6.15e-103	294
MDC0445726.1	QIZ21445.1	69.811	212	64	0	1	212	1	212	7.19e-109	307
MDC0445727.1	QIZ21444.1	84.865	740	112	0	1	740	1	740	0.0	1295
MDC0445728.1	QIZ20556.1	33.333	243	144	6	28	266	47	275	9.81e-34	128
MDC0445728.1	QIZ20556.1	32.589	224	143	5	376	597	45	262	6.01e-32	122
MDC0445731.1	QIZ21212.1	69.145	269	83	0	7	275	1	269	2.63e-141	394
MDC0445732.1	QIZ21211.1	59.468	301	122	0	1	301	1	301	1.48e-127	363
MDC0445733.1	QIZ21210.1	79.500	1039	213	0	1	1039	1	1039	0.0	1644
MDC0445734.1	QIZ21209.1	74.874	199	50	0	1	199	1	199	6.24e-116	323
MDC0445735.1	QIZ21207.1	69.328	238	72	1	1	237	1	238	2.20e-124	348
MDC0445736.1	QIZ21206.1	58.850	226	93	0	1	226	1	226	8.21e-90	260
MDC0445737.1	QIZ21205.1	54.693	309	136	3	7	312	8	315	2.43e-107	311
MDC0445738.1	QIZ21204.1	50.667	150	73	1	1	150	1	149	5.35e-48	148
MDC0445739.1	QIZ21203.1	89.019	428	47	0	1	428	1	428	0.0	779
MDC0445740.1	QIZ21202.1	65.370	514	175	2	1	513	1	512	0.0	611
MDC0445741.1	QIZ21201.1	91.489	235	20	0	1	235	1	235	5.57e-160	438
MDC0445742.1	QIZ21200.1	84.416	924	144	0	1	924	1	924	0.0	1595
MDC0445743.1	QIZ21198.1	64.481	183	65	0	1	183	1	183	1.52e-83	240
MDC0445744.1	QIZ21197.1	88.398	181	21	0	10	190	7	187	1.71e-118	329
MDC0445745.1	QIZ21196.1	81.472	394	71	1	1	394	1	392	0.0	672
MDC0445746.1	QIZ21195.1	89.337	347	37	0	1	347	1	347	0.0	635
MDC0445747.1	QIZ21194.1	89.691	291	30	0	1	291	1	291	0.0	524
MDC0445748.1	QIZ21193.1	86.413	184	25	0	1	184	1	184	4.32e-114	318
MDC0445749.1	QIZ21192.1	87.629	97	12	0	1	97	1	97	3.27e-49	147
MDC0445750.1	QIZ21191.1	70.605	347	102	0	1	347	1	347	0.0	506
MDC0445751.1	QIZ21190.1	84.038	520	83	0	1	520	6	525	0.0	905
MDC0445752.1	QIZ21189.1	79.002	481	99	1	1	479	1	481	0.0	727
MDC0445753.1	QIZ21188.1	88.210	458	54	0	1	458	1	458	0.0	761
MDC0445754.1	QIZ21187.1	67.339	248	81	0	1	248	1	248	8.16e-114	322
MDC0445755.1	QIZ21186.1	68.121	298	95	0	1	298	1	298	2.16e-148	414
MDC0445756.1	QIZ21185.1	69.167	360	111	0	1	360	1	360	0.0	528
MDC0445757.1	QIZ21184.1	75.000	372	93	0	1	372	1	372	0.0	595
MDC0445758.1	QIZ21183.1	72.589	197	54	0	1	197	1	197	1.52e-105	297
MDC0445759.1	QIZ21182.1	66.109	239	81	0	1	239	1	239	4.12e-124	348
MDC0445760.1	QIZ21181.1	77.612	134	27	1	1	131	1	134	5.45e-76	218
MDC0445761.1	QIZ21180.1	96.429	84	3	0	1	84	1	84	2.01e-54	159
MDC0445762.1	QIZ21179.1	77.370	327	74	0	1	327	1	327	0.0	508
MDC0445763.1	QIZ21178.1	73.370	368	98	0	1	368	1	368	0.0	554
MDC0445764.1	QIZ21177.1	78.125	416	91	0	1	416	1	416	0.0	642
MDC0445765.1	QIZ21176.1	68.263	167	53	0	2	168	14	180	1.06e-76	222
MDC0445766.1	QIZ21175.1	82.759	116	20	0	1	116	1	116	3.08e-67	194
MDC0445767.1	QIZ21174.1	81.513	357	66	0	23	379	23	379	0.0	603
MDC0445768.1	QIZ21173.1	72.152	158	44	0	1	158	1	158	2.14e-85	243
MDC0445769.1	QIZ21160.1	90.058	171	17	0	1	171	1	171	1.95e-114	329
MDC0445770.1	QIZ21159.1	88.312	231	27	0	1	231	27	257	8.01e-159	436
MDC0445771.1	QIZ21158.1	91.371	591	50	1	1	591	1	590	0.0	1141
MDC0445772.1	QIZ21157.1	62.037	108	41	0	1	108	1	108	4.73e-39	122
MDC0445773.1	QIZ21156.1	70.866	127	37	0	1	127	1	127	2.67e-64	187
MDC0445774.1	QIZ21155.1	76.737	331	77	0	1	331	1	331	0.0	530
MDC0445775.1	QIZ21154.1	84.011	369	59	0	1	369	1	369	0.0	639
MDC0445776.1	QIZ21153.1	67.829	258	83	0	1	258	1	258	1.28e-137	383
MDC0445777.1	QIZ21152.1	77.654	537	120	0	1	537	1	537	0.0	897
MDC0445778.1	QIZ21151.1	81.772	587	107	0	1	587	1	587	0.0	1025
MDC0445779.1	QIZ21150.1	93.478	368	24	0	1	368	1	368	0.0	688
MDC0445780.1	QIZ21149.1	86.567	201	27	0	1	201	9	209	2.25e-129	358
MDC0445781.1	QIZ21148.1	89.079	467	51	0	1	467	1	467	0.0	868
MDC0445782.1	QIZ21146.1	81.579	228	42	0	1	228	1	228	4.15e-146	402
MDC0445783.1	QIZ21145.1	87.850	107	13	0	1	107	1	107	1.74e-67	198
MDC0445784.1	QIZ21144.1	90.487	452	43	0	1	452	1	452	0.0	796
MDC0445785.1	QIZ21143.1	74.088	274	71	0	1	274	1	274	1.18e-144	402
MDC0445786.1	QIZ21142.1	82.951	305	52	0	1	305	1	305	0.0	517
MDC0445787.1	QIZ21141.1	68.449	187	59	0	1	187	1	187	4.00e-93	265
MDC0445788.1	QIZ21140.1	67.323	254	83	0	19	272	19	272	5.63e-135	378
MDC0445789.1	QIZ21126.1	55.330	394	173	1	6	399	9	399	4.07e-136	391
MDC0445791.1	QIZ21152.1	30.263	380	239	11	136	497	166	537	1.49e-42	154
MDC0445793.1	QIZ20487.1	32.258	310	156	6	2	309	6	263	1.38e-36	139
MDC0445795.1	QIZ21134.1	32.738	336	223	2	1	333	1	336	1.21e-43	151
MDC0445798.1	QIZ20595.1	37.363	364	190	4	1	329	1	361	1.45e-80	245
MDC0445799.1	QIZ20595.1	43.207	368	185	6	1	350	1	362	1.58e-89	269
MDC0445801.1	QIZ21131.1	30.435	299	172	5	22	313	13	282	3.28e-47	156
MDC0445802.1	QIZ20597.1	30.065	153	107	0	2	154	120	272	2.40e-23	89.4
MDC0445805.1	QIZ20800.1	58.333	228	93	2	15	241	5	231	6.06e-85	248
MDC0445807.1	QIZ20793.1	72.260	292	81	0	1	292	1	292	4.37e-154	428
MDC0445808.1	QIZ20792.1	95.122	41	2	0	1	41	1	41	3.81e-23	77.4
MDC0445810.1	QIZ20790.1	79.834	362	73	0	1	362	1	362	0.0	581
MDC0445811.1	QIZ20789.1	92.632	95	7	0	1	95	1	95	9.30e-59	171
MDC0445812.1	QIZ20788.1	92.888	464	33	0	2	465	1	464	0.0	874
MDC0445813.1	QIZ20853.1	53.448	232	108	0	1	232	7	238	8.64e-84	245
MDC0445814.1	QIZ20786.1	95.312	64	3	0	1	64	1	64	1.09e-37	115
MDC0445815.1	QIZ20785.1	83.429	175	29	0	1	175	1	175	1.79e-110	309
MDC0445816.1	QIZ20784.1	86.842	76	10	0	1	76	1	76	1.69e-48	143
MDC0445817.1	QIZ20783.1	65.447	246	85	0	1	246	1	246	1.50e-115	327
MDC0445818.1	QIZ20782.1	81.183	186	35	0	1	186	1	186	1.87e-117	327
MDC0445819.1	QIZ20781.1	65.829	199	67	1	6	203	8	206	2.59e-79	231
MDC0445820.1	QIZ20780.1	76.488	336	79	0	1	336	1	336	0.0	526
MDC0445821.1	QIZ20779.1	74.936	391	98	0	1	391	1	391	0.0	592
MDC0445822.1	QIZ20778.1	87.164	335	43	0	1	335	1	335	0.0	602
MDC0445823.1	QIZ20777.1	82.796	651	112	0	1	651	1	651	0.0	1129
MDC0445824.1	QIZ20776.1	63.889	108	37	2	1	107	1	107	1.42e-34	110
MDC0445825.1	QIZ20775.1	71.622	148	42	0	1	148	1	148	1.84e-71	207
MDC0445826.1	QIZ20774.1	55.738	183	77	2	1	181	1	181	2.36e-68	202
MDC0445827.1	QIZ20773.1	76.404	267	63	0	1	267	1	267	7.56e-161	443
MDC0445828.1	QIZ20772.1	84.583	240	37	0	1	240	1	240	4.58e-153	421
MDC0445829.1	QIZ20771.1	88.415	164	19	0	1	164	1	164	5.88e-110	306
MDC0445830.1	QIZ20770.1	83.929	224	36	0	1	224	1	224	9.07e-138	381
MDC0445831.1	QIZ20769.1	93.478	138	9	0	1	138	1	138	2.12e-93	262
MDC0445832.1	QIZ20768.1	66.096	292	76	2	1	292	1	269	2.64e-119	339
MDC0445833.1	QIZ20767.1	88.167	431	51	0	17	447	16	446	0.0	800
MDC0445834.1	QIZ20766.1	76.111	180	22	1	1	180	1	159	5.60e-90	256
MDC0445835.1	QIZ20765.1	73.006	326	71	6	7	330	14	324	1.07e-171	475
MDC0445836.1	QIZ20764.1	51.895	343	163	2	1	341	1	343	1.83e-120	347
MDC0445837.1	QIZ20763.1	81.043	633	115	2	3	635	1	628	0.0	1008
MDC0445838.1	QIZ20762.1	69.714	350	106	0	1	350	1	350	4.38e-163	455
MDC0445839.1	QIZ20761.1	82.393	443	78	0	1	443	1	443	0.0	743
MDC0445840.1	QIZ20760.1	75.926	270	65	0	1	270	1	270	5.91e-147	408
MDC0445841.1	QIZ20759.1	90.233	430	42	0	1	430	1	430	0.0	809
MDC0445842.1	QIZ20758.1	91.409	291	25	0	6	296	3	293	0.0	553
MDC0445843.1	QIZ20757.1	80.982	326	62	0	1	326	1	326	0.0	527
MDC0445848.1	QIZ20248.1	68.627	255	80	0	2	256	3	257	7.90e-119	336
MDC0445858.1	QIZ21150.1	33.613	357	203	13	2	338	4	346	4.40e-44	151
MDC0445859.1	QIZ20247.1	83.206	131	22	0	1	131	1	131	1.34e-78	224
MDC0445860.1	QIZ20246.1	81.928	249	45	0	1	249	1	249	5.42e-152	419
MDC0445861.1	QIZ20245.1	77.982	218	48	0	1	218	1	218	2.13e-126	353
MDC0445862.1	QIZ20244.1	84.766	256	39	0	1	256	1	256	7.84e-171	467
MDC0445863.1	QIZ20243.1	88.605	430	49	0	1	430	1	430	0.0	811
MDC0445864.1	QIZ20242.1	90.769	260	24	0	1	260	1	260	3.77e-177	483
MDC0445865.1	QIZ20241.1	85.000	80	12	0	1	80	1	80	3.81e-46	138
MDC0445866.1	QIZ20240.1	79.736	227	46	0	1	227	1	227	1.24e-137	381
MDC0445867.1	QIZ20239.1	86.676	728	97	0	1	728	1	728	0.0	1319
MDC0445868.1	QIZ20238.1	86.842	76	10	0	1	76	1	76	2.51e-47	140
MDC0445869.1	QIZ20237.1	77.064	109	25	0	1	109	1	109	2.67e-64	186
MDC0445870.1	QIZ20236.1	87.805	205	25	0	1	205	1	205	5.15e-140	385
MDC0445871.1	QIZ20235.1	75.424	236	58	0	1	236	1	236	1.32e-129	361
MDC0445872.1	QIZ20234.1	81.051	533	101	0	1	533	1	533	0.0	917
MDC0445873.1	QIZ20233.1	75.055	453	109	2	1	449	1	453	0.0	709
MDC0445874.1	QIZ20232.1	83.673	245	40	0	1	245	1	245	8.72e-158	433
MDC0445875.1	QIZ20231.1	85.556	90	13	0	1	90	370	459	5.48e-52	164
MDC0445876.1	QIZ20665.1	76.136	88	21	0	10	97	65	152	1.27e-43	134
MDC0445877.1	QIZ20666.1	86.441	472	64	0	1	472	1	472	0.0	855
MDC0445878.1	QIZ20667.1	80.151	796	156	2	1	796	1	794	0.0	1229
MDC0445879.1	QIZ20668.1	67.403	181	59	0	1	181	1	181	2.51e-82	237
MDC0445880.1	QIZ20669.1	88.125	480	57	0	14	493	14	493	0.0	892
MDC0445882.1	QIZ20670.1	74.710	431	109	0	1	431	1	431	0.0	686
MDC0445883.1	QIZ20671.1	70.227	309	91	1	1	308	1	309	1.83e-163	453
MDC0445884.1	QIZ20672.1	69.580	286	87	0	1	286	1	286	1.16e-151	421
MDC0445885.1	QIZ20673.1	77.471	435	92	1	1	435	1	429	0.0	667
MDC0445886.1	QIZ21534.1	48.039	102	52	1	3	104	18	118	4.53e-31	102
MDC0445888.1	QIZ20676.1	79.503	161	33	0	1	161	1	161	8.41e-84	239
MDC0445890.1	QIZ20679.1	82.667	75	13	0	1	75	1	75	1.76e-43	130
MDC0445891.1	QIZ20680.1	79.827	347	70	0	1	347	1	347	0.0	600
MDC0445892.1	QIZ20681.1	92.703	370	27	0	1	370	1	370	0.0	731
MDC0445893.1	QIZ20682.1	88.395	405	47	0	1	405	1	405	0.0	756
MDC0445894.1	QIZ20683.1	75.415	301	74	0	1	301	1	301	2.51e-163	452
MDC0445895.1	QIZ20684.1	62.592	409	150	1	1	409	1	406	1.95e-177	497
MDC0445896.1	QIZ20685.1	54.000	200	91	1	1	199	1	200	4.93e-75	220
MDC0445897.1	QIZ20686.1	58.824	136	52	1	1	132	1	136	5.66e-54	162
MDC0445898.1	QIZ20687.1	52.252	111	53	0	1	111	1	111	6.45e-35	114
MDC0445900.1	QIZ20689.1	64.493	276	98	0	1	276	1	276	1.37e-135	380
MDC0445901.1	QIZ20690.1	84.601	552	84	1	1	551	1	552	0.0	957
MDC0445902.1	QIZ20691.1	90.347	922	89	0	1	922	1	922	0.0	1781
MDC0445903.1	QIZ20692.1	66.458	480	159	1	4	481	12	491	0.0	669
MDC0445904.1	QIZ20694.1	93.733	367	23	0	1	367	1	367	0.0	703
MDC0445905.1	QIZ20695.1	71.613	155	44	0	1	155	1	155	6.56e-62	183
MDC0445906.1	QIZ20696.1	59.350	246	100	0	3	248	4	249	2.14e-106	304
MDC0445907.1	QIZ20697.1	62.637	182	68	0	1	182	1	182	4.56e-82	236
MDC0445908.1	QIZ20698.1	77.287	317	72	0	2	318	76	392	0.0	508
MDC0445909.1	QIZ20969.1	81.346	1501	280	0	1	1501	1	1501	0.0	2591
MDC0445910.1	QIZ20970.1	86.221	479	66	0	1	479	1	479	0.0	842
MDC0445911.1	QIZ20971.1	68.333	240	75	1	1	239	1	240	5.89e-115	326
MDC0445912.1	QIZ20972.1	56.803	294	127	0	1	294	1	294	7.05e-126	357
MDC0445914.1	QIZ20973.1	71.362	426	114	2	1	421	1	423	0.0	613
MDC0445915.1	QIZ20974.1	91.897	1012	81	1	1	1011	1	1012	0.0	1960
MDC0445916.1	QIZ20976.1	91.489	141	12	0	1	141	1	141	3.23e-98	274
MDC0445919.1	QIZ20977.1	80.000	800	159	1	1	800	3	801	0.0	1327
MDC0445920.1	QIZ20978.1	62.963	135	49	1	2	135	4	138	7.65e-54	162
MDC0445921.1	QIZ20979.1	84.259	108	17	0	1	108	1	108	2.25e-65	189
MDC0445922.1	QIZ20980.1	73.597	303	72	3	1	301	1	297	4.40e-140	394
MDC0445923.1	QIZ20981.1	58.059	577	231	4	1	576	1	567	0.0	630
MDC0445924.1	QIZ20982.1	65.152	198	69	0	1	198	1	198	2.50e-93	266
MDC0445925.1	QIZ20983.1	53.205	156	73	0	5	160	3	158	1.33e-54	165
MDC0445926.1	QIZ20984.1	82.486	177	31	0	1	177	1	177	3.09e-99	280
MDC0445927.1	QIZ20985.1	87.097	186	24	0	4	189	3	188	1.45e-126	350
MDC0445928.1	QIZ20986.1	68.868	212	66	0	1	212	1	212	4.17e-112	316
MDC0445929.1	QIZ20987.1	76.119	67	16	0	1	67	1	67	4.41e-25	84.0
MDC0445930.1	QIZ20988.1	60.819	171	65	2	1	169	1	171	2.68e-70	206
MDC0445931.1	QIZ20989.1	82.040	451	81	0	1	451	1	451	0.0	750
MDC0445932.1	QIZ20990.1	79.208	404	84	0	1	404	1	404	0.0	649
MDC0445933.1	QIZ20991.1	72.961	233	63	0	1	233	1	233	8.28e-121	339
MDC0445934.1	QIZ20992.1	91.597	357	30	0	1	357	14	370	0.0	666
MDC0445935.1	QIZ21399.1	66.197	71	23	1	1	71	402	471	3.83e-24	89.0
MDC0445936.1	QIZ21400.1	61.204	299	116	0	1	299	1	299	1.94e-115	331
MDC0445937.1	QIZ21401.1	92.347	588	45	0	1	588	1	588	0.0	1103
MDC0445938.1	QIZ21402.1	87.363	182	23	0	1	182	1	182	3.04e-117	325
MDC0445939.1	QIZ21403.1	85.882	340	47	1	1	340	1	339	0.0	611
MDC0445943.1	QIZ20556.1	37.712	236	134	4	318	549	40	266	2.09e-43	154
MDC0445943.1	QIZ20556.1	30.830	253	157	5	19	270	41	276	2.62e-31	120
MDC0445944.1	QIZ21404.1	83.174	523	85	2	1	523	1	520	0.0	909
MDC0445945.1	QIZ21405.1	91.124	338	30	0	7	344	8	345	0.0	629
MDC0445946.1	QIZ21406.1	48.097	289	141	3	1	281	1	288	2.10e-84	254
MDC0445947.1	QIZ21407.1	48.503	167	86	0	1	167	1	167	8.81e-47	146
MDC0445948.1	QIZ21408.1	68.012	644	186	3	1	624	1	644	0.0	922
MDC0445949.1	QIZ21409.1	70.699	372	109	0	3	374	2	373	0.0	505
MDC0445950.1	QIZ21410.1	83.738	412	67	0	1	412	1	412	0.0	732
MDC0445951.1	QIZ21411.1	74.074	297	77	0	4	300	3	299	6.78e-163	451
MDC0445952.1	QIZ21412.1	84.494	316	49	0	1	316	1	316	0.0	558
MDC0445953.1	QIZ21413.1	90.236	297	29	0	1	297	1	297	0.0	560
MDC0445954.1	QIZ21414.1	81.301	123	23	0	1	123	1	123	3.64e-74	212
MDC0445956.1	QIZ21415.1	88.095	84	10	0	1	84	1	84	4.41e-55	160
MDC0445957.1	QIZ21416.1	89.796	98	10	0	1	98	1	98	2.06e-63	183
MDC0445958.1	QIZ21417.1	86.275	204	28	0	1	204	1	204	6.83e-117	327
MDC0445959.1	QIZ21418.1	85.472	413	58	1	1	411	1	413	0.0	744
MDC0445960.1	QIZ21419.1	84.512	297	46	0	1	297	1	297	0.0	511
MDC0445961.1	QIZ21420.1	71.920	349	97	1	3	350	2	350	0.0	521
MDC0445962.1	QIZ21421.1	84.146	246	39	0	1	246	1	246	1.32e-156	430
MDC0445963.1	QIZ21422.1	90.038	261	26	0	1	261	1	261	8.17e-176	480
MDC0445964.1	QIZ21423.1	86.325	234	32	0	1	234	1	234	2.66e-152	419
MDC0445965.1	QIZ21424.1	73.585	106	28	0	1	106	1	106	1.06e-53	159
MDC0445966.1	QIZ21425.1	83.498	303	50	0	1	303	1	303	0.0	525
MDC0445968.1	QIZ21239.1	80.420	572	112	0	1	572	333	904	0.0	985
MDC0445969.1	QIZ21240.1	46.875	160	85	0	8	167	7	166	5.90e-50	154
MDC0445971.1	QIZ21242.1	63.303	327	119	1	58	383	54	380	3.67e-140	400
MDC0445972.1	QIZ21243.1	62.703	185	69	0	1	185	1	185	9.23e-73	213
MDC0445973.1	QIZ21244.1	63.810	420	152	0	1	420	1	420	0.0	574
MDC0445974.1	QIZ21245.1	71.667	60	17	0	1	60	1	60	2.58e-28	92.0
MDC0445975.1	QIZ21246.1	53.846	286	131	1	1	285	1	286	4.20e-100	290
MDC0445976.1	QIZ21247.1	44.156	308	168	3	1	304	1	308	5.99e-76	231
MDC0445977.1	QIZ21248.1	48.148	405	202	3	1	400	1	402	4.68e-121	353
MDC0445978.1	QIZ21249.1	63.889	576	207	1	3	578	4	578	0.0	748
MDC0445979.1	QIZ21250.1	66.084	286	97	0	1	286	1	286	1.08e-134	378
MDC0445980.1	QIZ21251.1	83.065	124	21	0	1	124	11	134	2.75e-78	223
MDC0445981.1	QIZ21252.1	80.495	323	63	0	1	323	1	323	0.0	553
MDC0445982.1	QIZ21253.1	81.720	279	50	1	1	278	1	279	3.15e-173	475
MDC0445983.1	QIZ21254.1	74.684	79	20	0	1	79	1	79	1.38e-42	129
MDC0445984.1	QIZ21256.1	87.273	220	28	0	1	220	1	220	3.79e-136	377
MDC0445985.1	QIZ21257.1	82.403	233	40	1	1	232	1	233	4.93e-138	382
MDC0445986.1	QIZ21258.1	82.593	270	47	0	1	270	1	270	3.81e-164	451
MDC0445987.1	QIZ21259.1	94.669	544	29	0	1	544	1	544	0.0	1003
MDC0445988.1	QIZ21260.1	86.139	303	42	0	1	303	1	303	0.0	537
MDC0445990.1	QIZ21262.1	83.523	176	29	0	2	177	1	176	4.14e-115	320
MDC0445991.1	QIZ21263.1	86.641	262	35	0	1	262	1	262	4.94e-167	458
MDC0445992.1	QIZ21264.1	68.203	217	69	0	1	217	1	217	5.32e-100	285
MDC0445993.1	QIZ21265.1	71.460	459	130	1	1	459	1	458	0.0	682
MDC0445994.1	QIZ21266.1	73.913	161	42	0	1	161	1	161	6.49e-91	257
MDC0445995.1	QIZ21267.1	72.340	141	39	0	1	141	1	141	1.81e-72	209
MDC0445996.1	QIZ21268.1	64.062	320	114	1	1	319	1	320	6.72e-145	407
MDC0445997.1	QIZ21269.1	75.796	314	76	0	1	314	1	314	0.0	502
MDC0445998.1	QIZ21270.1	63.793	174	63	0	1	174	138	311	5.21e-71	213
MDC0445999.1	QIZ20524.1	80.150	267	53	0	1	267	121	387	2.44e-147	413
MDC0446000.1	QIZ20523.1	72.432	185	51	0	1	185	1	185	9.29e-86	246
MDC0446001.1	QIZ20522.1	60.938	256	100	0	1	256	1	256	1.49e-109	312
MDC0446002.1	QIZ20521.1	76.515	132	31	0	1	132	1	132	7.70e-77	219
MDC0446003.1	QIZ20520.1	74.242	264	68	0	1	264	1	264	4.80e-156	431
MDC0446004.1	QIZ20519.1	94.231	156	9	0	1	156	1	156	1.71e-113	314
MDC0446005.1	QIZ20518.1	96.931	619	19	0	1	619	1	619	0.0	1274
MDC0446006.1	QIZ20517.1	75.000	116	29	0	1	116	1	116	4.59e-64	186
MDC0446007.1	QIZ20516.1	89.415	359	38	0	1	359	1	359	0.0	590
MDC0446008.1	QIZ20514.1	64.804	358	124	1	1	356	1	358	5.85e-161	451
MDC0446009.1	QIZ20513.1	95.876	388	16	0	1	388	1	388	0.0	779
MDC0446010.1	QIZ20512.1	88.298	94	11	0	1	94	1	94	6.52e-58	169
MDC0446011.1	QIZ20511.1	96.128	594	23	0	1	594	1	594	0.0	1192
MDC0446012.1	QIZ20510.1	78.111	434	95	0	1	434	1	434	0.0	708
MDC0446013.1	QIZ20214.1	83.505	291	48	0	2	292	1	291	1.90e-158	439
MDC0446014.1	QIZ20500.1	84.595	383	59	0	1	383	1	383	0.0	698
MDC0446015.1	QIZ20499.1	73.256	258	69	0	1	258	1	258	1.71e-141	393
MDC0446016.1	QIZ20498.1	62.172	267	96	2	1	266	1	263	2.00e-110	315
MDC0446017.1	QIZ20497.1	89.286	252	27	0	1	252	1	252	4.65e-158	434
MDC0446018.1	QIZ20496.1	85.641	195	28	0	1	195	1	195	1.73e-109	307
MDC0446019.1	QIZ20495.1	87.382	531	67	0	1	531	1	531	0.0	996
MDC0446023.1	QIZ20497.1	34.800	250	154	4	2	248	8	251	9.94e-37	126
MDC0446024.1	QIZ20876.1	35.341	249	139	6	6	241	3	242	2.54e-35	122
MDC0446025.1	QIZ20946.1	33.651	315	192	7	1	307	4	309	3.04e-39	139
MDC0446034.1	QIZ20805.1	44.444	396	209	7	188	577	1	391	3.19e-106	321
MDC0446039.1	QIZ20461.1	77.331	472	106	1	1	472	1	471	0.0	699
MDC0446040.1	QIZ20462.1	83.299	491	80	1	1	491	1	489	0.0	839
MDC0446041.1	QIZ20463.1	83.830	637	103	0	1	637	1	637	0.0	1095
MDC0446042.1	QIZ20464.1	85.437	103	15	0	1	103	1	103	2.11e-50	150
MDC0446043.1	QIZ20465.1	80.952	210	40	0	1	210	1	210	3.92e-127	353
MDC0446044.1	QIZ20466.1	91.304	161	14	0	1	161	1	161	1.20e-112	312
MDC0446045.1	QIZ20467.1	91.566	332	28	0	1	332	1	332	0.0	613
MDC0446046.1	QIZ20468.1	78.446	682	141	3	1	679	1	679	0.0	1121
MDC0446047.1	QIZ20469.1	89.616	443	46	0	1	443	1	443	0.0	842
MDC0446048.1	QIZ20470.1	85.644	202	29	0	1	202	1	202	3.46e-134	370
MDC0446049.1	QIZ20471.1	93.862	391	24	0	1	391	1	391	0.0	772
MDC0446050.1	QIZ20472.1	82.673	202	34	1	1	201	1	202	7.94e-125	346
MDC0446051.1	QIZ20473.1	91.803	61	5	0	1	61	113	173	1.93e-39	123
MDC0446052.1	QIZ20438.1	80.263	304	60	0	1	304	1	304	0.0	504
MDC0446053.1	QIZ20437.1	80.319	188	37	0	1	188	1	188	4.08e-114	318
MDC0446054.1	QIZ20436.1	82.680	485	83	1	2	486	1	484	0.0	771
MDC0446055.1	QIZ20435.1	49.578	474	237	2	1	473	1	473	1.50e-138	402
MDC0446056.1	QIZ20434.1	65.854	246	84	0	1	246	1	246	1.47e-123	347
MDC0446057.1	QIZ20433.1	83.838	99	16	0	1	99	1	99	4.74e-57	167
MDC0446058.1	QIZ20432.1	87.873	536	65	0	1	536	1	536	0.0	976
MDC0446059.1	QIZ20431.1	89.781	274	28	0	1	274	1	274	2.33e-180	493
MDC0446060.1	QIZ20430.1	83.254	418	70	0	1	418	1	418	0.0	699
MDC0446061.1	QIZ20429.1	72.000	100	28	0	1	100	1	100	1.34e-45	138
MDC0446062.1	QIZ20428.1	82.680	306	53	0	1	306	3	308	0.0	518
MDC0446063.1	QIZ20427.1	67.586	145	47	0	1	145	1	145	8.34e-73	211
MDC0446064.1	QIZ20426.1	63.504	137	50	0	18	154	16	152	9.82e-58	173
MDC0446065.1	QIZ20425.1	45.033	151	82	1	1	151	2	151	4.02e-37	121
MDC0446066.1	QIZ20424.1	51.587	252	121	1	1	251	116	367	7.77e-76	230
MDC0446068.1	QIZ20494.1	72.177	248	65	3	1	244	1	248	1.53e-132	370
MDC0446069.1	QIZ20493.1	55.639	133	50	1	5	137	11	134	3.14e-48	147
MDC0446070.1	QIZ20492.1	87.209	258	33	0	1	258	1	258	1.05e-169	464
MDC0446071.1	QIZ20491.1	87.525	505	63	0	1	505	1	505	0.0	928
MDC0446072.1	QIZ20490.1	84.641	306	47	0	1	306	1	306	0.0	546
MDC0446073.1	QIZ20489.1	87.017	362	47	0	1	362	1	362	0.0	667
MDC0446074.1	QIZ20488.1	83.105	219	36	1	1	218	1	219	1.13e-124	347
MDC0446075.1	QIZ20487.1	87.755	441	54	0	1	441	1	441	0.0	742
MDC0446076.1	QIZ20486.1	77.703	296	66	0	2	297	1	296	1.03e-171	473
MDC0446077.1	QIZ20485.1	65.361	485	168	0	1	485	1	485	0.0	624
MDC0446078.1	QIZ20484.1	78.226	248	54	0	1	248	1	248	5.41e-147	406
MDC0446079.1	QIZ20483.1	58.333	96	36	2	20	114	21	113	1.78e-33	111
MDC0446082.1	QIZ21448.1	61.088	478	185	1	1	477	1	478	0.0	590
MDC0446083.1	QIZ20206.1	76.959	434	100	0	1	434	1	434	0.0	702
MDC0446084.1	QIZ20207.1	87.879	66	8	0	2	67	1	66	2.29e-40	122
MDC0446085.1	QIZ20208.1	70.769	130	38	0	2	131	3	132	4.41e-63	184
MDC0446086.1	QIZ20219.1	54.945	91	41	0	1	91	1	91	6.16e-33	105
MDC0446087.1	QIZ20220.1	88.430	484	56	0	1	484	1	484	0.0	873
MDC0446088.1	QIZ20221.1	88.217	645	76	0	1	645	1	645	0.0	1212
MDC0446089.1	QIZ20222.1	91.642	335	28	0	4	338	8	342	0.0	656
MDC0446090.1	QIZ20224.1	71.429	210	58	2	1	210	1	208	4.53e-105	297
MDC0446091.1	QIZ20225.1	85.152	330	49	0	2	331	45	374	0.0	583
MDC0446093.1	QIZ20453.1	78.364	1137	246	0	1	1137	1	1137	0.0	1841
MDC0446094.1	QIZ20454.1	64.000	225	81	0	1	225	1	225	7.19e-105	298
MDC0446095.1	QIZ20455.1	73.236	411	109	1	1	411	1	410	0.0	570
MDC0446096.1	QIZ20456.1	79.955	444	89	0	1	444	1	444	0.0	746
MDC0446097.1	QIZ20457.1	85.185	81	12	0	1	81	1	81	2.23e-39	121
MDC0446098.1	QIZ20458.1	86.570	551	74	0	1	551	1	551	0.0	1011
MDC0446099.1	QIZ20459.1	66.129	248	84	0	1	248	1	248	2.32e-106	303
MDC0446101.1	QIZ21224.1	84.225	374	59	0	1	374	1	374	0.0	674
MDC0446102.1	QIZ21223.1	69.388	294	90	0	1	294	1	294	3.22e-154	428
MDC0446103.1	QIZ21222.1	28.939	311	208	7	1	311	1	298	8.09e-34	122
MDC0446104.1	QIZ21221.1	67.857	140	44	1	2	140	28	167	3.74e-57	171
MDC0446105.1	QIZ21220.1	81.476	691	128	0	1	691	1	691	0.0	1174
MDC0446107.1	QIZ21219.1	77.907	86	19	0	1	86	16	101	3.62e-48	144
MDC0446108.1	QIZ21218.1	91.514	436	37	0	1	436	1	436	0.0	800
MDC0446109.1	QIZ21217.1	90.116	172	17	0	1	172	6	177	3.48e-116	322
MDC0446110.1	QIZ21216.1	66.327	98	33	0	1	98	1	98	4.43e-49	147
MDC0446111.1	QIZ21215.1	82.464	211	37	0	1	211	1	211	7.72e-133	367
MDC0446112.1	QIZ21214.1	72.449	294	80	1	1	293	1	294	4.23e-152	423
MDC0446113.1	QIZ21213.1	83.871	62	10	0	1	62	1	62	2.04e-36	114
MDC0446118.1	QIZ21094.1	79.635	329	64	2	6	332	21	348	0.0	558
MDC0446119.1	QIZ21095.1	82.301	339	60	0	7	345	24	362	0.0	580
MDC0446120.1	QIZ21096.1	88.559	236	27	0	1	236	1	236	1.40e-159	437
MDC0446121.1	QIZ21097.1	89.091	495	54	0	1	495	1	495	0.0	900
MDC0446122.1	QIZ21099.1	85.000	40	6	0	1	40	1	40	2.84e-21	72.4
MDC0446123.1	QIZ21101.1	88.703	239	27	0	1	239	1	239	6.46e-163	446
MDC0446126.1	QIZ21103.1	74.803	381	93	3	1	379	1	380	0.0	595
MDC0446127.1	QIZ21104.1	92.857	126	9	0	1	126	1	126	5.98e-82	232
MDC0446128.1	QIZ21105.1	91.667	108	9	0	1	108	45	152	1.89e-60	177
MDC0446130.1	QIZ21426.1	84.291	261	41	0	2	262	4	264	1.77e-164	452
MDC0446131.1	QIZ21427.1	88.511	235	27	0	1	235	1	235	1.52e-146	404
MDC0446132.1	QIZ21428.1	93.750	336	21	0	1	336	1	336	0.0	633
MDC0446133.1	QIZ21429.1	90.293	443	43	0	14	456	1	443	0.0	784
MDC0446134.1	QIZ21432.1	88.413	397	45	1	1	396	1	397	0.0	676
MDC0446135.1	QIZ21433.1	47.857	280	146	0	4	283	4	283	8.24e-93	272
MDC0446136.1	QIZ21434.1	79.667	300	61	0	1	300	193	492	0.0	515
MDC0446137.1	QIZ21434.1	73.469	196	52	0	1	196	1	196	1.83e-105	308
MDC0446138.1	QIZ21435.1	51.004	249	116	3	12	257	14	259	6.01e-88	258
MDC0446139.1	QIZ21436.1	92.308	195	15	0	1	195	1	195	7.47e-136	374
MDC0446141.1	QIZ20490.1	62.829	304	112	1	1	304	1	303	1.11e-139	392
MDC0446142.1	QIZ21127.1	70.920	337	96	1	6	342	25	359	1.60e-170	474
MDC0446143.1	QIZ21128.1	90.652	353	33	0	1	353	1	353	0.0	659
MDC0446144.1	QIZ21129.1	95.312	512	23	1	1	512	1	511	0.0	1009
MDC0446145.1	QIZ21130.1	97.203	286	8	0	1	286	1	286	0.0	551
MDC0446146.1	QIZ21131.1	95.035	282	14	0	1	282	1	282	0.0	531
MDC0446147.1	QIZ21132.1	82.222	225	40	0	1	225	1	225	4.61e-135	379
MDC0446149.1	QIZ21483.1	34.511	368	201	12	36	386	34	378	1.58e-57	188
MDC0446154.1	QIZ20805.1	38.863	422	216	10	170	576	1	395	1.13e-86	270
MDC0446156.1	QIZ21395.1	92.701	274	20	0	1	274	1	274	0.0	514
MDC0446157.1	QIZ21396.1	89.918	367	36	1	1	367	1	366	0.0	633
MDC0446158.1	QIZ21397.1	93.426	289	19	0	1	289	1	289	0.0	535
MDC0446159.1	QIZ21398.1	83.607	61	10	0	1	61	1	61	1.51e-34	107
MDC0446160.1	QIZ21399.1	80.909	330	61	2	1	329	1	329	0.0	526
MDC0446163.1	QIZ21483.1	35.440	364	232	3	15	376	3	365	1.74e-85	261
MDC0446164.1	QIZ21137.1	25.054	467	292	12	6	455	8	433	3.16e-22	94.4
MDC0446168.1	QIZ20257.1	87.695	512	61	2	1	510	1	512	0.0	933
MDC0446169.1	QIZ20256.1	88.430	121	14	0	1	121	1	121	1.12e-61	180
MDC0446170.1	QIZ20255.1	80.723	166	32	0	2	167	1	166	8.95e-97	273
MDC0446171.1	QIZ20254.1	87.336	229	29	0	1	229	1	229	1.88e-147	406
MDC0446172.1	QIZ20252.1	91.477	176	15	0	1	176	1	176	3.68e-120	332
MDC0446173.1	QIZ20251.1	85.714	63	9	0	1	63	1	63	3.06e-34	106
MDC0446174.1	QIZ20250.1	95.707	396	17	0	1	396	1	396	0.0	750
MDC0446175.1	QIZ20249.1	84.896	192	29	0	1	192	1	192	6.26e-128	355
MDC0446180.1	QIZ20851.1	29.338	317	198	9	4	316	6	300	1.39e-32	119
MDC0446181.1	QIZ20661.1	31.225	253	148	9	13	256	8	243	5.23e-23	90.1
MDC0446186.1	QIZ21506.1	31.978	369	218	9	21	362	31	393	2.29e-61	198
MDC0446189.1	QIZ21460.1	30.568	458	284	11	25	470	4	439	3.37e-54	183
MDC0446197.1	QIZ21234.1	93.123	349	24	0	1	349	1	349	0.0	673
MDC0446198.1	QIZ21233.1	95.033	604	30	0	1	604	1	604	0.0	1181
MDC0446199.1	QIZ21232.1	63.721	215	78	0	1	215	1	215	1.52e-90	261
MDC0446200.1	QIZ21231.1	80.088	226	45	0	1	226	1	226	2.04e-137	380
MDC0446201.1	QIZ21230.1	73.889	180	47	0	1	180	142	321	1.99e-96	278
MDC0446202.1	QIZ20752.1	89.349	338	36	0	1	338	23	360	0.0	615
MDC0446203.1	QIZ20753.1	89.151	636	69	0	3	638	2	637	0.0	1196
MDC0446204.1	QIZ20754.1	73.793	290	76	0	1	290	1	290	8.41e-150	417
MDC0446205.1	QIZ20755.1	71.622	74	21	0	1	74	1	74	2.45e-32	103
MDC0446206.1	QIZ20756.1	72.260	292	81	0	1	292	1	292	1.87e-152	424
MDC0446207.1	QIZ21230.1	60.811	74	29	0	1	74	1	74	5.21e-27	95.5
MDC0446208.1	QIZ21229.1	70.387	439	129	1	1	438	1	439	0.0	598
MDC0446209.1	QIZ21228.1	84.043	470	75	0	1	470	1	470	0.0	830
MDC0446210.1	QIZ21226.1	74.336	113	29	0	1	113	1	113	6.21e-61	178
MDC0446211.1	QIZ21526.1	57.692	78	33	0	16	93	16	93	5.11e-31	101
MDC0446213.1	QIZ20963.1	97.059	68	2	0	1	68	1	68	3.35e-43	129
MDC0446214.1	QIZ20964.1	91.160	181	16	0	1	181	1	181	1.24e-124	344
MDC0446215.1	QIZ20965.1	85.893	638	90	0	1	638	1	638	0.0	1173
MDC0446216.1	QIZ20966.1	76.823	384	89	0	1	384	1	384	0.0	598
MDC0446217.1	QIZ20967.1	71.242	153	44	0	1	153	1	153	2.54e-74	218
MDC0446218.1	QIZ20205.1	82.143	84	15	0	1	84	1	84	2.33e-27	96.3
MDC0446219.1	QIZ20204.1	85.976	328	46	0	7	334	1	328	0.0	596
MDC0446220.1	QIZ20203.1	94.357	443	25	0	1	443	1	443	0.0	830
MDC0446221.1	QIZ20202.1	87.117	163	21	0	1	163	1	163	6.25e-105	293
MDC0446222.1	QIZ20201.1	96.429	336	12	0	1	336	1	336	0.0	677
MDC0446223.1	QIZ20795.1	46.885	305	162	0	1	305	32	336	1.86e-100	294
MDC0446224.1	QIZ20829.1	37.542	301	175	6	24	317	34	328	1.03e-49	167
MDC0446232.1	QIZ20231.1	89.037	301	33	0	1	301	1	301	0.0	570
MDC0446233.1	QIZ20230.1	82.178	606	108	0	1	606	1	606	0.0	1053
MDC0446234.1	QIZ20229.1	80.976	205	39	0	1	205	1	205	7.63e-117	327
MDC0446235.1	QIZ20228.1	78.409	88	19	0	1	88	1	88	1.05e-49	152
MDC0446236.1	QIZ21235.1	89.038	520	57	0	1	520	10	529	0.0	931
MDC0446242.1	QIZ20537.1	74.820	139	35	0	4	142	295	433	5.86e-75	225
MDC0446243.1	QIZ20536.1	79.085	153	32	0	1	153	1	153	2.49e-68	199
MDC0446244.1	QIZ20533.1	64.567	127	45	0	1	127	1	127	8.60e-60	176
MDC0446245.1	QIZ20532.1	55.959	193	83	1	1	193	1	191	1.37e-76	224
MDC0446246.1	QIZ20531.1	63.057	157	58	0	1	157	1	157	1.16e-71	208
MDC0446247.1	QIZ20530.1	74.118	170	44	0	1	170	15	184	1.27e-95	270
MDC0446255.1	QIZ21435.1	31.148	244	159	6	17	256	21	259	9.82e-32	113
MDC0446258.1	QIZ20439.1	82.727	220	38	0	1	220	44	263	3.90e-133	370
MDC0446259.1	QIZ20440.1	92.444	225	17	0	1	225	1	225	1.72e-154	423
MDC0446260.1	QIZ20441.1	89.761	293	30	0	1	293	1	293	0.0	563
MDC0446261.1	QIZ20195.1	84.375	256	40	0	2	257	4	259	3.36e-164	451
MDC0446262.1	QIZ20196.1	81.538	195	36	0	7	201	5	199	2.28e-123	342
MDC0446263.1	QIZ20197.1	70.588	289	85	0	1	289	1	289	1.78e-162	449
