MDC0293373.1	QIZ21034.1	79.752	242	49	0	1	242	1	242	4.91e-144	399
MDC0293375.1	QIZ21033.1	89.362	376	37	2	1	376	1	373	0.0	662
MDC0293376.1	QIZ21032.1	93.631	628	40	0	1	628	1	628	0.0	1193
MDC0293377.1	QIZ21031.1	68.519	216	56	3	1	212	1	208	5.12e-98	280
MDC0293378.1	QIZ21030.1	70.051	197	59	0	2	198	4	200	2.66e-88	254
MDC0293379.1	QIZ21029.1	59.896	384	153	1	1	384	1	383	2.83e-161	453
MDC0293380.1	QIZ21028.1	67.832	286	92	0	1	286	1	286	2.39e-132	372
MDC0293381.1	QIZ21027.1	73.469	196	52	0	1	196	1	196	3.30e-108	304
MDC0293382.1	QIZ21026.1	84.709	327	50	0	1	327	434	760	0.0	562
MDC0293383.1	QIZ21025.1	72.102	509	141	1	1	509	1	508	0.0	716
MDC0293384.1	QIZ21024.1	78.679	333	71	0	1	333	1	333	0.0	551
MDC0293385.1	QIZ21023.1	76.111	180	42	1	1	179	1	180	1.04e-101	286
MDC0293387.1	QIZ21022.1	61.702	329	125	1	25	353	5	332	1.64e-150	423
MDC0293388.1	QIZ21021.1	59.821	112	45	0	2	113	17	128	9.68e-47	142
MDC0293389.1	QIZ21020.1	88.971	136	15	0	1	136	1	136	2.64e-88	249
MDC0293390.1	QIZ21019.1	74.215	446	111	1	1	442	10	455	0.0	676
MDC0293391.1	QIZ21018.1	87.613	331	41	0	1	331	1	331	0.0	602
MDC0293392.1	QIZ21017.1	59.868	152	61	0	1	152	1	152	6.16e-53	160
MDC0293393.1	QIZ21016.1	58.600	500	205	2	16	514	19	517	0.0	546
MDC0293394.1	QIZ21015.1	87.661	389	48	0	1	389	1	389	0.0	696
MDC0293395.1	QIZ21014.1	91.103	517	46	0	1	517	14	530	0.0	929
MDC0293396.1	QIZ21013.1	80.837	741	130	3	3	739	4	736	0.0	1187
MDC0293397.1	QIZ21012.1	81.967	122	22	0	1	122	1	122	2.20e-72	207
MDC0293398.1	QIZ21011.1	85.366	82	12	0	1	82	1	82	6.67e-46	137
MDC0293399.1	QIZ21010.1	97.101	690	20	0	1	690	1	690	0.0	1366
MDC0293400.1	QIZ21008.1	91.954	261	21	0	1	261	1	261	0.0	504
MDC0293401.1	QIZ21007.1	96.030	403	16	0	1	403	1	403	0.0	806
MDC0293402.1	QIZ21006.1	90.361	166	16	0	1	166	1	166	4.69e-113	313
MDC0293403.1	QIZ21005.1	67.176	131	43	0	7	137	7	137	2.35e-65	191
MDC0293405.1	QIZ20329.1	62.245	196	72	2	3	197	19	213	2.93e-94	269
MDC0293406.1	QIZ21001.1	66.434	143	48	0	4	146	6	148	1.63e-69	202
MDC0293407.1	QIZ21000.1	67.200	250	82	0	1	250	1	250	1.05e-122	345
MDC0293408.1	QIZ20999.1	80.000	145	29	0	1	145	1	145	5.58e-86	243
MDC0293409.1	QIZ20998.1	72.818	401	109	0	1	401	1	401	0.0	614
MDC0293410.1	QIZ20997.1	83.142	522	88	0	1	522	1	522	0.0	885
MDC0293411.1	QIZ20996.1	79.487	234	48	0	1	234	1	234	9.18e-142	392
MDC0293412.1	QIZ20995.1	66.202	287	97	0	1	287	1	287	4.24e-125	354
MDC0293413.1	QIZ20994.1	81.395	86	16	0	1	86	1	86	9.44e-46	137
MDC0293414.1	QIZ20993.1	82.655	467	77	3	7	472	7	470	0.0	784
MDC0293415.1	QIZ20992.1	92.703	370	27	0	1	370	1	370	0.0	699
MDC0293416.1	QIZ20991.1	74.249	233	60	0	1	233	1	233	2.95e-124	347
MDC0293417.1	QIZ20990.1	75.495	404	99	0	1	404	1	404	0.0	607
MDC0293418.1	QIZ20989.1	82.483	451	79	0	1	451	1	451	0.0	750
MDC0293419.1	QIZ20988.1	60.819	171	65	1	1	169	1	171	2.01e-72	211
MDC0293420.1	QIZ20987.1	82.090	67	12	0	1	67	1	67	1.47e-26	87.8
MDC0293421.1	QIZ20986.1	66.038	212	72	0	1	212	1	212	8.54e-109	307
MDC0293422.1	QIZ20985.1	86.022	186	26	0	4	189	3	188	2.38e-123	342
MDC0293423.1	QIZ20984.1	84.181	177	28	0	1	177	1	177	4.10e-99	279
MDC0293424.1	QIZ20983.1	53.846	156	72	0	6	161	4	159	5.04e-57	171
MDC0293425.1	QIZ20982.1	66.162	198	67	0	1	198	1	198	1.93e-92	264
MDC0293426.1	QIZ20981.1	69.420	569	168	3	1	565	1	567	0.0	762
MDC0293427.1	QIZ20980.1	75.082	305	67	6	1	297	1	304	1.78e-144	404
MDC0293428.1	QIZ20979.1	85.185	108	16	0	1	108	1	108	2.70e-66	191
MDC0293429.1	QIZ20978.1	64.444	135	47	1	2	135	4	138	1.36e-55	166
MDC0293430.1	QIZ20977.1	79.850	799	161	0	1	799	3	801	0.0	1326
MDC0293431.1	QIZ21085.1	25.637	628	435	13	37	644	58	673	1.71e-48	176
MDC0293432.1	QIZ21314.1	28.533	375	240	13	1	354	3	370	7.88e-41	145
MDC0293435.1	QIZ20976.1	86.466	133	18	0	1	133	1	133	4.78e-87	246
MDC0293436.1	QIZ20974.1	91.798	1012	83	0	1	1012	1	1012	0.0	1970
MDC0293437.1	QIZ20973.1	70.353	425	118	3	1	419	1	423	0.0	605
MDC0293438.1	QIZ21489.1	60.753	186	73	0	1	186	1	186	3.82e-84	243
MDC0293439.1	QIZ21488.1	91.183	862	76	0	1	862	137	998	0.0	1646
MDC0293441.1	QIZ20972.1	58.305	295	123	0	1	295	1	295	6.31e-129	364
MDC0293442.1	QIZ20971.1	65.417	240	82	1	1	239	1	240	3.12e-111	316
MDC0293443.1	QIZ20970.1	86.221	479	66	0	1	479	1	479	0.0	840
MDC0293444.1	QIZ20969.1	81.812	1501	273	0	1	1501	1	1501	0.0	2592
MDC0293445.1	QIZ20967.1	71.138	246	71	0	1	246	1	246	9.75e-120	337
MDC0293446.1	QIZ20966.1	78.385	384	83	0	1	384	1	384	0.0	615
MDC0293447.1	QIZ20965.1	87.461	638	80	0	1	638	1	638	0.0	1184
MDC0293448.1	QIZ20964.1	92.265	181	14	0	1	181	1	181	1.30e-125	347
MDC0293449.1	QIZ20963.1	95.588	68	3	0	1	68	1	68	5.26e-43	129
MDC0293450.1	QIZ20962.1	93.220	118	8	0	1	118	1	118	2.44e-80	227
MDC0293451.1	QIZ20961.1	92.676	355	26	0	1	355	1	355	0.0	688
MDC0293452.1	QIZ20960.1	78.803	802	168	1	1	800	1	802	0.0	1264
MDC0293453.1	QIZ20959.1	92.308	598	46	0	1	598	4	601	0.0	1145
MDC0293455.1	QIZ20846.1	36.207	174	110	1	40	213	42	214	6.69e-26	101
MDC0293458.1	QIZ20851.1	31.111	315	194	5	1	311	1	296	3.35e-36	129
MDC0293459.1	QIZ20957.1	32.013	303	175	5	1	274	1	301	9.29e-31	112
MDC0293460.1	QIZ20952.1	89.067	686	74	1	1	686	1	685	0.0	1260
MDC0293461.1	QIZ20951.1	67.371	426	139	0	1	426	1	426	0.0	589
MDC0293462.1	QIZ20950.1	71.096	602	171	3	1	599	1	602	0.0	852
MDC0293463.1	QIZ20949.1	92.593	324	24	0	1	324	1	324	0.0	637
MDC0293464.1	QIZ20948.1	79.429	175	36	0	1	175	1	175	8.26e-106	296
MDC0293465.1	QIZ20947.1	65.116	86	30	0	1	86	10	95	1.12e-32	104
MDC0293466.1	QIZ20946.1	71.000	300	87	0	2	301	68	367	1.16e-146	412
MDC0293467.1	QIZ21483.1	34.615	364	198	12	1	347	38	378	6.25e-54	177
MDC0293473.1	QIZ20642.1	44.944	445	239	4	2	446	3	441	1.04e-122	372
MDC0293474.1	QIZ20706.1	32.618	233	155	2	4	234	13	245	5.09e-44	145
MDC0293482.1	QIZ20579.1	47.706	109	57	0	1	109	1	109	1.79e-30	100
MDC0293483.1	QIZ20610.1	87.845	181	22	0	1	181	1	181	1.60e-118	329
MDC0293484.1	QIZ20609.1	86.970	330	43	0	1	330	1	330	0.0	598
MDC0293485.1	QIZ20608.1	62.950	278	102	1	1	278	1	277	1.25e-124	352
MDC0293487.1	QIZ20606.1	86.458	480	65	0	1	480	1	480	0.0	889
MDC0293488.1	QIZ20588.1	75.000	280	70	0	1	280	1	280	1.04e-163	451
MDC0293490.1	QIZ20587.1	75.319	235	58	0	1	235	1	235	3.96e-126	352
MDC0293491.1	QIZ20586.1	94.819	193	10	0	1	193	1	193	1.93e-136	375
MDC0293492.1	QIZ20213.1	63.158	152	56	0	18	169	26	177	1.16e-64	192
MDC0293493.1	QIZ20211.1	70.833	96	28	0	1	96	1	96	1.74e-48	145
MDC0293494.1	QIZ20542.1	50.500	400	195	1	3	399	2	401	1.87e-130	380
MDC0293495.1	QIZ21050.1	85.818	275	39	0	1	275	1	275	1.24e-172	480
MDC0293497.1	QIZ21052.1	95.735	422	18	0	1	422	1	422	0.0	821
MDC0293500.1	QIZ21055.1	72.072	333	93	0	1	333	1	333	0.0	513
MDC0293501.1	QIZ21056.1	76.208	269	64	0	1	269	1	269	4.95e-158	436
MDC0293502.1	QIZ21057.1	71.282	195	56	0	1	195	1	195	2.40e-97	276
MDC0293503.1	QIZ21058.1	60.837	263	103	0	2	264	3	265	6.04e-116	329
MDC0293504.1	QIZ21059.1	61.582	177	68	0	1	177	1	177	1.40e-68	203
MDC0293505.1	QIZ21060.1	75.785	223	50	3	1	220	1	222	1.59e-122	342
MDC0293506.1	QIZ21061.1	62.143	140	53	0	1	140	1	140	2.09e-61	181
MDC0293507.1	QIZ21062.1	65.000	140	49	0	1	140	1	140	6.41e-53	159
MDC0293508.1	QIZ21063.1	71.066	197	57	0	1	197	1	197	8.35e-105	295
MDC0293509.1	QIZ21064.1	62.774	137	49	2	4	138	35	171	1.81e-55	167
MDC0293510.1	QIZ21065.1	88.184	457	52	2	1	457	1	455	0.0	799
MDC0293511.1	QIZ21066.1	87.719	171	21	0	1	171	1	171	8.07e-112	311
MDC0293512.1	QIZ21067.1	92.857	196	14	0	1	196	1	196	2.33e-136	375
MDC0293513.1	QIZ21068.1	90.385	208	20	0	1	208	1	208	1.08e-139	384
MDC0293514.1	QIZ21070.1	92.083	240	18	1	1	240	1	239	1.64e-161	442
MDC0293515.1	QIZ21071.1	89.641	251	26	0	1	251	1	251	2.77e-168	460
MDC0293518.1	QIZ21073.1	74.380	121	31	0	1	121	1	121	3.77e-64	186
MDC0293519.1	QIZ21074.1	61.818	165	63	0	1	165	1	165	2.57e-74	216
MDC0293520.1	QIZ21075.1	55.978	184	79	1	1	182	1	184	3.85e-67	199
MDC0293521.1	QIZ21076.1	88.387	155	17	1	32	185	542	696	9.66e-89	270
MDC0293522.1	QIZ20455.1	79.915	234	47	0	1	234	177	410	8.97e-132	373
MDC0293523.1	QIZ20454.1	64.444	225	80	0	1	225	1	225	7.14e-109	308
MDC0293524.1	QIZ20453.1	72.162	370	103	0	1	370	1	370	0.0	560
MDC0293525.1	QIZ20529.1	62.312	199	72	2	1	198	60	256	2.93e-84	246
MDC0293527.1	QIZ20530.1	76.630	184	43	0	4	187	1	184	1.46e-105	296
MDC0293528.1	QIZ20531.1	62.420	157	59	0	1	157	1	157	1.44e-70	206
MDC0293529.1	QIZ20532.1	54.872	195	86	1	1	195	1	193	8.62e-74	217
MDC0293530.1	QIZ20533.1	62.992	127	47	0	1	127	1	127	1.15e-58	173
MDC0293531.1	QIZ20536.1	79.470	151	31	0	1	151	1	151	2.40e-66	194
MDC0293532.1	QIZ20537.1	82.185	421	75	0	10	430	13	433	0.0	663
MDC0293533.1	QIZ20537.1	65.589	433	149	0	1	433	1	433	0.0	526
MDC0293534.1	QIZ20538.1	94.505	91	5	0	1	91	1	91	4.24e-60	174
MDC0293535.1	QIZ20539.1	81.030	369	70	0	1	369	1	369	0.0	610
MDC0293539.1	QIZ20216.1	91.798	317	26	0	1	317	2	318	0.0	595
MDC0293540.1	QIZ21315.1	75.839	149	36	0	1	149	1	149	5.04e-89	251
MDC0293542.1	QIZ20217.1	86.161	448	61	1	1	448	1	447	0.0	805
MDC0293545.1	QIZ20674.1	74.809	393	99	0	1	393	1	393	0.0	620
MDC0293546.1	QIZ20210.1	86.142	534	74	0	8	541	3	536	0.0	919
MDC0293547.1	QIZ21225.1	45.205	146	79	1	6	151	36	180	6.32e-46	144
MDC0293548.1	QIZ20506.1	71.000	200	58	0	1	200	1	200	2.20e-102	290
MDC0293549.1	QIZ20507.1	83.636	220	36	0	1	220	1	220	3.35e-134	372
MDC0293550.1	QIZ20508.1	69.867	375	113	0	1	375	1	375	1.26e-175	506
MDC0293551.1	QIZ20215.1	75.172	145	36	0	1	145	1	145	8.86e-83	235
MDC0293552.1	QIZ20380.1	66.412	131	44	0	6	136	5	135	1.22e-55	168
MDC0293553.1	QIZ20381.1	76.364	275	65	0	1	275	1	275	2.25e-167	460
MDC0293554.1	QIZ20382.1	82.703	370	64	0	1	370	1	370	0.0	649
MDC0293555.1	QIZ20383.1	81.522	184	34	0	1	184	1	184	2.32e-113	316
MDC0293556.1	QIZ20384.1	84.756	164	25	0	1	164	1	164	1.51e-102	287
MDC0293557.1	QIZ20385.1	86.014	858	110	2	1	858	1	848	0.0	1462
MDC0293558.1	QIZ20386.1	88.235	153	16	2	2	152	1	153	4.63e-92	259
MDC0293559.1	QIZ20387.1	93.671	948	60	0	1	948	1	948	0.0	1840
MDC0293560.1	QIZ20388.1	83.000	200	31	1	1	200	1	197	6.47e-121	336
MDC0293561.1	QIZ20389.1	77.288	295	67	0	1	295	1	295	1.46e-167	462
MDC0293562.1	QIZ20390.1	76.402	517	122	0	1	517	1	517	0.0	786
MDC0293563.1	QIZ20391.1	87.097	93	11	1	4	96	3	94	1.28e-54	160
MDC0293564.1	QIZ20392.1	76.019	417	100	0	1	417	1	417	0.0	666
MDC0293565.1	QIZ20393.1	87.698	252	31	0	1	252	1	252	9.97e-162	444
MDC0293566.1	QIZ20394.1	72.464	69	18	1	1	69	1	68	7.59e-25	84.0
MDC0293567.1	QIZ20395.1	77.941	68	13	1	1	66	1	68	1.16e-33	105
MDC0293568.1	QIZ20396.1	82.883	222	38	0	10	231	13	234	4.20e-138	383
MDC0293569.1	QIZ20397.1	84.490	245	38	0	1	245	1	245	3.48e-144	399
MDC0293570.1	QIZ20398.1	65.683	271	93	0	1	271	45	315	1.66e-126	358
MDC0293572.1	QIZ20359.1	61.514	317	109	2	1	317	1	304	7.52e-148	414
MDC0293574.1	QIZ20357.1	86.713	143	19	0	1	143	1	143	1.61e-91	258
MDC0293575.1	QIZ20356.1	88.043	92	11	0	1	92	4	95	9.52e-57	166
MDC0293576.1	QIZ20355.1	78.723	282	60	0	1	282	1	282	5.56e-159	439
MDC0293577.1	QIZ20354.1	83.000	300	51	0	1	300	1	300	0.0	499
MDC0293578.1	QIZ20353.1	86.682	428	57	0	1	428	1	428	0.0	710
MDC0293579.1	QIZ20352.1	51.351	74	36	0	1	74	1	74	5.90e-24	81.6
MDC0293580.1	QIZ20351.1	71.471	333	95	0	1	333	1	333	7.92e-180	497
MDC0293581.1	QIZ20350.1	77.465	142	32	0	4	145	8	149	8.98e-83	236
MDC0293582.1	QIZ20349.1	77.124	153	34	1	1	152	1	153	2.51e-90	255
MDC0293583.1	QIZ20348.1	86.425	442	60	0	1	442	1	442	0.0	782
MDC0293584.1	QIZ20347.1	57.738	336	142	0	1	336	1	336	3.39e-136	386
MDC0293585.1	QIZ20346.1	77.083	96	22	0	1	96	1	96	1.57e-45	137
MDC0293586.1	QIZ20345.1	96.825	63	2	0	1	63	1	63	1.41e-39	120
MDC0293587.1	QIZ20344.1	68.333	120	37	1	5	123	6	125	2.80e-52	157
MDC0293588.1	QIZ20343.1	74.490	98	25	0	2	99	3	100	5.53e-49	146
MDC0293589.1	QIZ20342.1	79.880	333	67	0	1	333	1	333	0.0	539
MDC0293590.1	QIZ20341.1	86.667	60	8	0	1	60	1	60	1.61e-36	112
MDC0293591.1	QIZ20340.1	59.574	141	57	0	12	152	12	152	1.01e-44	140
MDC0293592.1	QIZ20339.1	55.474	137	61	0	17	153	17	153	4.73e-55	166
MDC0293593.1	QIZ20338.1	92.725	701	51	0	1	701	1	701	0.0	1268
MDC0293594.1	QIZ20337.1	53.913	115	53	0	1	115	205	319	7.75e-30	104
MDC0293595.1	QIZ21094.1	92.905	296	21	0	1	296	21	316	0.0	577
MDC0293596.1	QIZ21093.1	90.747	281	26	0	1	281	1	281	0.0	520
MDC0293597.1	QIZ21092.1	87.500	96	12	0	1	96	1	96	2.18e-57	167
MDC0293598.1	QIZ21091.1	83.934	361	58	0	1	361	1	361	0.0	571
MDC0293599.1	QIZ21090.1	69.828	232	70	0	1	232	1	232	7.25e-124	347
MDC0293600.1	QIZ21089.1	69.707	307	91	2	1	305	1	307	3.34e-146	409
MDC0293601.1	QIZ21088.1	81.513	357	66	0	1	357	1	357	0.0	605
MDC0293602.1	QIZ21086.1	83.942	137	22	0	1	137	1	137	1.19e-84	239
MDC0293603.1	QIZ21085.1	87.072	642	83	0	21	662	39	680	0.0	1178
MDC0293604.1	QIZ21084.1	88.406	207	24	0	1	207	1	207	1.20e-135	374
MDC0293605.1	QIZ21083.1	94.186	86	5	0	1	86	1	86	7.99e-58	167
MDC0293606.1	QIZ21082.1	98.173	602	11	0	1	602	1	602	0.0	1183
MDC0293607.1	QIZ21081.1	88.136	118	14	0	1	118	1	118	3.74e-76	216
MDC0293608.1	QIZ21080.1	85.124	121	18	0	1	121	1	121	1.99e-71	208
MDC0293609.1	QIZ21224.1	84.054	370	59	0	1	370	1	370	0.0	666
MDC0293610.1	QIZ21223.1	70.748	294	86	0	1	294	1	294	1.51e-158	439
MDC0293611.1	QIZ21221.1	65.269	167	57	1	1	166	1	167	7.60e-71	207
MDC0293612.1	QIZ21220.1	81.910	691	125	0	1	691	1	691	0.0	1180
MDC0293614.1	QIZ21219.1	75.248	101	25	0	1	101	1	101	4.88e-54	159
MDC0293615.1	QIZ21218.1	94.954	436	22	0	1	436	1	436	0.0	823
MDC0293616.1	QIZ21217.1	89.831	177	18	0	1	177	1	177	1.15e-120	334
MDC0293617.1	QIZ21216.1	42.553	94	54	0	2	95	1	94	8.58e-26	87.8
MDC0293618.1	QIZ21216.1	61.224	98	38	0	1	98	1	98	4.34e-46	139
MDC0293619.1	QIZ21215.1	82.464	211	37	0	1	211	1	211	1.16e-131	364
MDC0293620.1	QIZ21214.1	90.136	294	29	0	1	294	1	294	0.0	529
MDC0293621.1	QIZ21213.1	78.912	147	31	0	1	147	1	147	1.62e-87	248
MDC0293622.1	QIZ21212.1	76.230	122	29	0	1	122	1	122	8.03e-69	204
MDC0293623.1	QIZ20423.1	69.591	342	104	0	1	342	21	362	1.28e-154	442
MDC0293624.1	QIZ20424.1	50.943	371	179	2	2	369	1	371	5.25e-108	317
MDC0293625.1	QIZ20425.1	71.856	167	47	0	1	167	1	167	1.83e-84	241
MDC0293626.1	QIZ20426.1	86.184	152	21	0	1	152	1	152	2.77e-85	242
MDC0293627.1	QIZ20427.1	94.483	145	8	0	1	145	1	145	3.68e-100	279
MDC0293628.1	QIZ20428.1	83.117	308	52	0	1	308	1	308	0.0	526
MDC0293629.1	QIZ20429.1	68.687	99	31	0	1	99	1	99	4.38e-42	129
MDC0293630.1	QIZ20430.1	84.928	418	63	0	1	418	1	418	0.0	711
MDC0293631.1	QIZ20431.1	90.146	274	27	0	1	274	1	274	0.0	494
MDC0293632.1	QIZ20432.1	86.803	538	71	0	1	538	1	538	0.0	964
MDC0293633.1	QIZ20433.1	83.838	99	16	0	1	99	1	99	1.73e-57	168
MDC0293634.1	QIZ20434.1	66.260	246	83	0	1	246	1	246	3.32e-120	338
MDC0293635.1	QIZ20435.1	62.353	170	64	0	1	170	1	170	4.05e-51	166
MDC0293638.1	QIZ21324.1	35.628	247	127	10	15	245	25	255	8.68e-42	139
MDC0293639.1	QIZ21323.1	36.741	313	137	13	1	260	1	305	5.28e-54	172
MDC0293640.1	QIZ21322.1	36.574	216	96	6	14	197	5	211	6.89e-36	121
MDC0293641.1	QIZ21321.1	31.707	246	144	10	1	229	1	239	1.29e-35	122
MDC0293642.1	QIZ21320.1	82.985	335	57	0	1	335	1	335	0.0	586
MDC0293643.1	QIZ21330.1	58.997	578	218	5	1	565	220	791	0.0	674
MDC0293644.1	QIZ21331.1	52.466	223	95	2	1	212	3	225	9.04e-71	211
MDC0293645.1	QIZ21332.1	38.776	147	76	4	18	150	19	165	2.04e-24	88.6
MDC0293646.1	QIZ21333.1	55.460	467	184	10	1	455	1	455	5.87e-165	471
MDC0293647.1	QIZ21142.1	83.934	305	49	0	1	305	1	305	0.0	525
MDC0293648.1	QIZ21141.1	70.053	187	56	0	1	187	1	187	3.52e-95	270
MDC0293649.1	QIZ21140.1	68.110	254	81	0	19	272	19	272	4.03e-140	391
MDC0293650.1	QIZ21139.1	77.055	292	67	0	1	292	1	292	2.56e-153	426
MDC0293651.1	QIZ21138.1	87.037	54	7	0	5	58	6	59	3.38e-30	96.3
MDC0293652.1	QIZ21137.1	72.624	442	121	0	1	442	1	442	0.0	631
MDC0293653.1	QIZ21136.1	94.318	88	5	0	1	88	366	453	7.98e-53	166
MDC0293654.1	QIZ21123.1	92.487	386	29	0	1	386	1	386	0.0	724
MDC0293655.1	QIZ21124.1	33.571	420	272	5	57	473	41	456	1.25e-73	236
MDC0293658.1	QIZ20508.1	71.399	479	137	0	1	479	383	861	0.0	669
MDC0293659.1	QIZ21524.1	88.235	476	56	0	1	476	1	476	0.0	879
MDC0293661.1	QIZ21525.1	91.529	425	35	1	1	424	1	425	0.0	817
MDC0293662.1	QIZ20218.1	79.255	376	78	0	4	379	5	380	0.0	635
MDC0293663.1	QIZ20540.1	83.137	255	43	0	1	255	1	255	3.89e-158	435
MDC0293664.1	QIZ20541.1	76.849	311	72	0	1	311	1	311	3.18e-179	493
MDC0293665.1	QIZ20544.1	60.000	170	65	2	1	170	1	167	1.21e-69	204
MDC0293666.1	QIZ21540.1	58.156	141	59	0	15	155	7	147	1.61e-60	180
MDC0293667.1	QIZ21539.1	53.846	78	36	0	5	82	10	87	1.55e-26	91.7
MDC0293668.1	QIZ20403.1	78.689	244	52	0	1	244	15	258	2.84e-150	415
MDC0293669.1	QIZ20404.1	80.422	332	65	0	1	332	1	332	0.0	561
MDC0293670.1	QIZ20405.1	81.746	126	23	0	7	132	8	133	2.61e-74	213
MDC0293671.1	QIZ20406.1	80.899	267	51	0	1	267	1	267	1.02e-155	430
MDC0293672.1	QIZ20407.1	73.171	246	66	0	1	246	3	248	2.21e-134	374
MDC0293673.1	QIZ20408.1	67.598	358	87	3	4	332	1	358	1.60e-175	486
MDC0293675.1	QIZ20409.1	98.630	73	1	0	1	73	1	73	8.66e-47	139
MDC0293676.1	QIZ20410.1	94.884	215	11	0	1	215	1	215	8.96e-150	410
MDC0293677.1	QIZ20411.1	96.238	319	12	0	1	319	3	321	0.0	622
MDC0293678.1	QIZ20412.1	80.734	109	21	0	6	114	293	401	9.61e-63	192
MDC0293679.1	QIZ21483.1	29.589	365	235	6	14	369	29	380	2.05e-45	156
MDC0293680.1	QIZ20489.1	27.586	348	233	7	1	339	1	338	2.77e-36	130
MDC0293682.1	QIZ20487.1	39.130	437	243	7	13	443	21	440	3.63e-94	286
MDC0293684.1	QIZ21161.1	94.357	319	18	0	3	321	2	320	0.0	606
MDC0293685.1	QIZ21162.1	87.565	386	48	0	1	386	1	386	0.0	686
MDC0293686.1	QIZ21163.1	91.409	291	25	0	1	291	1	291	0.0	514
MDC0293687.1	QIZ21164.1	70.455	264	71	4	1	261	1	260	1.80e-126	378
MDC0293688.1	QIZ20936.1	78.750	240	50	1	1	240	37	275	1.54e-144	401
MDC0293689.1	QIZ20937.1	77.604	384	86	0	1	384	1	384	0.0	626
MDC0293690.1	QIZ21069.1	70.968	62	18	0	1	62	1	62	3.00e-31	99.4
MDC0293691.1	QIZ20939.1	80.259	309	61	0	1	309	1	309	0.0	530
MDC0293692.1	QIZ20940.1	83.648	159	26	0	1	159	1	159	3.75e-99	278
MDC0293693.1	QIZ20941.1	72.358	246	68	0	1	246	1	246	6.70e-133	370
MDC0293694.1	QIZ20942.1	68.197	305	97	0	1	305	1	305	1.91e-154	430
MDC0293695.1	QIZ20943.1	79.070	172	36	0	1	172	1	172	8.11e-102	286
MDC0293696.1	QIZ20944.1	55.272	588	260	3	1	587	1	586	0.0	616
MDC0293698.1	QIZ20945.1	62.914	151	56	0	1	151	1	151	1.66e-65	193
MDC0293699.1	QIZ21299.1	93.706	286	18	0	1	286	25	310	0.0	513
MDC0293700.1	QIZ21298.1	70.354	226	59	2	1	224	1	220	4.54e-103	294
MDC0293701.1	QIZ21297.1	81.081	185	35	0	1	185	1	185	4.79e-113	315
MDC0293702.1	QIZ21296.1	88.235	357	42	0	1	357	1	357	0.0	656
MDC0293703.1	QIZ21295.1	79.615	260	51	2	1	259	1	259	4.29e-148	410
MDC0293704.1	QIZ21294.1	95.227	419	20	0	1	419	1	419	0.0	795
MDC0293705.1	QIZ21293.1	88.757	169	19	0	1	169	1	169	2.63e-108	302
MDC0293706.1	QIZ21292.1	75.342	146	36	0	8	153	3	148	3.82e-83	237
MDC0293707.1	QIZ20441.1	89.049	347	38	0	1	347	1	347	0.0	650
MDC0293708.1	QIZ20440.1	92.889	225	16	0	1	225	1	225	3.58e-155	425
MDC0293709.1	QIZ20439.1	76.426	263	62	0	1	263	1	263	1.81e-141	394
MDC0293710.1	QIZ20438.1	80.909	330	63	0	1	330	1	330	0.0	543
MDC0293711.1	QIZ20437.1	77.660	188	42	0	1	188	1	188	4.17e-109	306
MDC0293712.1	QIZ20436.1	90.074	272	27	0	12	283	213	484	3.67e-179	498
MDC0293713.1	QIZ21209.1	81.022	137	26	0	1	137	63	199	4.25e-83	238
MDC0293714.1	QIZ21210.1	80.751	1039	200	0	1	1039	1	1039	0.0	1658
MDC0293715.1	QIZ21211.1	60.328	305	121	0	1	305	1	305	3.24e-132	375
MDC0293716.1	QIZ21212.1	76.543	81	18	1	1	81	191	270	1.14e-38	125
MDC0293717.1	QIZ20487.1	77.677	439	98	0	4	442	2	440	0.0	659
MDC0293718.1	QIZ20488.1	55.340	206	78	2	16	208	15	219	4.61e-69	206
MDC0293719.1	QIZ20489.1	60.822	365	141	1	1	365	1	363	4.75e-165	461
MDC0293720.1	QIZ20495.1	86.325	468	64	0	1	468	1	468	0.0	877
MDC0293721.1	QIZ21250.1	69.565	253	77	0	1	253	1	253	1.90e-128	361
MDC0293722.1	QIZ21251.1	98.507	134	2	0	1	134	1	134	1.62e-98	274
MDC0293723.1	QIZ21252.1	84.520	323	50	0	1	323	1	323	0.0	569
MDC0293724.1	QIZ21253.1	81.720	279	50	1	1	278	1	279	6.00e-171	469
MDC0293725.1	QIZ21254.1	78.481	79	17	0	1	79	1	79	3.64e-45	135
MDC0293726.1	QIZ20644.1	77.670	103	23	0	1	103	16	118	8.18e-56	164
MDC0293727.1	QIZ20643.1	71.429	98	28	0	38	135	35	132	2.78e-51	155
MDC0293728.1	QIZ20642.1	89.663	445	46	0	1	445	1	445	0.0	829
MDC0293729.1	QIZ20641.1	74.306	144	34	1	1	144	1	141	6.25e-72	208
MDC0293730.1	QIZ20640.1	79.412	136	28	0	1	136	10	145	2.53e-80	229
MDC0293731.1	QIZ20418.1	85.302	381	56	0	1	381	1	381	0.0	621
MDC0293732.1	QIZ20419.1	94.220	346	20	0	1	346	1	346	0.0	684
MDC0293734.1	QIZ20637.1	79.070	129	27	0	1	129	1	129	1.89e-60	191
MDC0293735.1	QIZ20421.1	82.127	442	79	0	1	442	1	442	0.0	683
MDC0293736.1	QIZ20422.1	75.126	398	99	0	1	398	54	451	0.0	610
MDC0293738.1	QIZ20724.1	87.376	404	51	0	1	404	1	404	0.0	758
MDC0293739.1	QIZ20723.1	72.093	215	60	0	1	215	1	215	2.82e-122	341
MDC0293740.1	QIZ20722.1	68.539	89	27	1	1	89	1	88	1.48e-33	112
MDC0293741.1	QIZ21243.1	76.000	75	18	0	1	75	1	75	7.15e-34	110
MDC0293742.1	QIZ21244.1	65.476	420	145	0	1	420	1	420	0.0	577
MDC0293743.1	QIZ21245.1	70.000	60	18	0	1	60	1	60	7.13e-27	88.2
MDC0293744.1	QIZ21246.1	57.325	157	67	0	1	157	130	286	7.26e-60	183
MDC0293745.1	QIZ20645.1	84.091	264	41	1	1	264	11	273	2.54e-163	449
MDC0293746.1	QIZ20646.1	85.590	458	66	0	1	458	137	594	0.0	820
MDC0293747.1	QIZ21050.1	82.178	101	18	0	1	101	343	443	1.64e-55	173
MDC0293748.1	QIZ21049.1	87.546	546	68	0	1	546	1	546	0.0	986
