MDC3397469.1	QIZ20666.1	98.941	472	5	0	1	472	1	472	0.0	954
MDC3397470.1	QIZ20667.1	96.474	794	28	0	1	794	1	794	0.0	1524
MDC3397471.1	QIZ20668.1	92.818	181	13	0	1	181	1	181	3.45e-110	308
MDC3397472.1	QIZ20669.1	92.276	479	37	0	15	493	15	493	0.0	919
MDC3397473.1	QIZ20670.1	96.288	431	16	0	1	431	1	431	0.0	855
MDC3397474.1	QIZ20671.1	94.822	309	16	0	1	309	1	309	0.0	588
MDC3397475.1	QIZ20672.1	97.552	286	7	0	1	286	1	286	0.0	555
MDC3397476.1	QIZ20673.1	79.677	433	88	0	1	433	1	433	0.0	695
MDC3397477.1	QIZ20674.1	95.929	393	16	0	1	393	1	393	0.0	779
MDC3397478.1	QIZ20675.1	91.176	68	6	0	1	68	1	68	3.84e-42	127
MDC3397479.1	QIZ20676.1	92.547	161	12	0	1	161	1	161	6.61e-99	278
MDC3397482.1	QIZ20679.1	90.667	75	7	0	1	75	1	75	5.14e-48	142
MDC3397483.1	QIZ20680.1	77.233	347	79	0	1	347	1	347	0.0	588
MDC3397484.1	QIZ20681.1	95.946	370	15	0	1	370	1	370	0.0	748
MDC3397485.1	QIZ20682.1	96.543	405	14	0	1	405	1	405	0.0	816
MDC3397486.1	QIZ20683.1	96.346	301	11	0	1	301	1	301	0.0	574
MDC3397487.1	QIZ20684.1	77.349	415	94	0	1	415	1	415	0.0	628
MDC3397488.1	QIZ20685.1	73.000	200	54	0	1	200	1	200	1.85e-107	303
MDC3397489.1	QIZ20686.1	62.500	136	47	1	1	132	1	136	2.86e-57	170
MDC3397490.1	QIZ20687.1	60.127	158	63	0	1	158	1	158	4.00e-58	174
MDC3397491.1	QIZ20689.1	75.000	276	69	0	1	276	1	276	3.24e-155	429
MDC3397492.1	QIZ20690.1	89.552	134	14	0	1	134	1	134	2.30e-77	234
MDC3397493.1	QIZ20980.1	92.434	304	23	0	1	304	1	304	0.0	506
MDC3397494.1	QIZ20979.1	99.074	108	1	0	1	108	1	108	3.71e-75	213
MDC3397495.1	QIZ20978.1	90.780	141	13	0	1	141	1	141	2.35e-91	257
MDC3397497.1	QIZ20981.1	93.559	295	19	0	1	295	1	295	0.0	541
MDC3397498.1	QIZ20982.1	94.444	198	11	0	1	198	1	198	1.05e-135	374
MDC3397499.1	QIZ20983.1	91.824	159	13	0	1	159	1	159	1.30e-95	269
MDC3397500.1	QIZ20984.1	97.175	177	5	0	1	177	1	177	9.08e-124	342
MDC3397501.1	QIZ20985.1	98.404	188	3	0	1	188	1	188	7.85e-141	385
MDC3397502.1	QIZ20986.1	93.578	218	14	0	1	218	1	218	1.29e-154	423
MDC3397503.1	QIZ20987.1	94.030	67	4	0	1	67	1	67	4.39e-31	99.0
MDC3397504.1	QIZ20988.1	91.813	171	14	0	1	171	1	171	4.31e-114	317
MDC3397505.1	QIZ20989.1	97.614	461	11	0	1	461	1	461	0.0	912
MDC3397506.1	QIZ20990.1	93.812	404	25	0	1	404	1	404	0.0	760
MDC3397507.1	QIZ20991.1	91.416	233	20	0	1	233	1	233	3.24e-147	405
MDC3397508.1	QIZ20992.1	98.378	370	6	0	1	370	1	370	0.0	728
MDC3397509.1	QIZ20993.1	97.447	470	12	0	1	470	1	470	0.0	927
MDC3397510.1	QIZ20994.1	97.674	86	2	0	1	86	1	86	3.33e-54	159
MDC3397511.1	QIZ20995.1	92.334	287	22	0	1	287	1	287	0.0	507
MDC3397512.1	QIZ20996.1	96.154	234	9	0	1	234	1	234	1.30e-170	465
MDC3397513.1	QIZ20997.1	97.318	522	14	0	1	522	1	522	0.0	1030
MDC3397514.1	QIZ20998.1	93.017	401	28	0	1	401	1	401	0.0	763
MDC3397515.1	QIZ20999.1	95.172	145	7	0	1	145	1	145	3.15e-101	282
MDC3397516.1	QIZ21000.1	93.625	251	16	0	1	251	1	251	1.05e-171	469
MDC3397517.1	QIZ21001.1	89.933	149	15	0	1	149	1	149	2.08e-96	270
MDC3397518.1	QIZ21002.1	88.832	197	22	0	1	197	1	197	2.13e-131	362
MDC3397519.1	QIZ21003.1	97.656	256	6	0	1	256	188	443	0.0	522
MDC3397520.1	QIZ20181.1	100.000	116	0	0	1	116	1	116	1.14e-78	227
MDC3397521.1	QIZ20180.1	95.730	281	12	0	1	281	3	283	0.0	555
MDC3397522.1	QIZ20180.1	52.747	273	116	4	171	439	20	283	2.55e-94	281
MDC3397523.1	QIZ21593.1	91.329	346	30	0	1	346	1	346	0.0	647
MDC3397527.1	QIZ21591.1	94.286	175	10	0	1	175	1	175	2.56e-113	315
MDC3397542.1	QIZ20911.1	71.123	187	53	1	1	187	1	186	2.16e-98	278
MDC3397543.1	QIZ20910.1	88.889	108	12	0	13	120	13	120	5.31e-72	207
MDC3397548.1	QIZ21506.1	75.581	344	84	0	1	344	54	397	0.0	580
MDC3397549.1	QIZ21507.1	73.881	134	35	0	1	134	1	134	2.36e-73	211
MDC3397550.1	QIZ21508.1	97.581	124	3	0	1	124	1	124	1.96e-91	256
MDC3397551.1	QIZ21509.1	95.402	261	12	0	1	261	1	261	0.0	504
MDC3397552.1	QIZ21510.1	51.880	133	64	0	1	133	6	138	6.47e-46	142
MDC3397556.1	QIZ21511.1	87.302	189	24	0	1	189	1	189	1.89e-125	347
MDC3397557.1	QIZ21512.1	65.663	166	57	0	1	166	1	166	2.65e-75	218
MDC3397558.1	QIZ21513.1	94.691	810	43	0	1	810	1	810	0.0	1584
MDC3397559.1	QIZ21514.1	87.149	249	32	0	1	249	1	249	2.21e-161	442
MDC3397560.1	QIZ21515.1	90.221	317	31	0	1	317	1	317	0.0	600
MDC3397561.1	QIZ21516.1	96.475	539	19	0	1	539	1	539	0.0	1087
MDC3397562.1	QIZ21344.1	63.830	282	102	0	1	282	1	282	8.15e-129	363
MDC3397563.1	QIZ21519.1	98.387	124	2	0	1	124	1	124	5.63e-91	254
MDC3397564.1	QIZ21520.1	96.129	155	6	0	1	155	1	155	2.11e-113	313
MDC3397565.1	QIZ21521.1	88.614	202	23	0	1	202	1	202	4.98e-141	387
MDC3397566.1	QIZ21522.1	72.673	333	91	0	1	333	1	333	0.0	522
MDC3397567.1	QIZ21523.1	97.627	295	7	0	1	295	1	295	0.0	597
MDC3397568.1	QIZ21524.1	90.546	476	45	0	1	476	1	476	0.0	896
MDC3397570.1	QIZ21525.1	97.882	425	8	1	1	424	1	425	0.0	865
MDC3397571.1	QIZ21527.1	78.113	265	58	0	1	265	1	265	2.68e-161	447
MDC3397572.1	QIZ20624.1	97.492	319	8	0	1	319	1	319	0.0	652
MDC3397573.1	QIZ20623.1	84.277	159	25	0	1	159	1	159	1.66e-89	253
MDC3397574.1	QIZ20622.1	87.119	295	38	0	1	295	1	295	5.89e-180	493
MDC3397575.1	QIZ20621.1	78.146	302	66	0	1	302	1	302	2.52e-172	475
MDC3397576.1	QIZ20620.1	94.359	195	11	0	1	195	1	195	2.97e-125	347
MDC3397577.1	QIZ20619.1	91.532	248	21	0	1	248	1	248	1.01e-135	378
MDC3397578.1	QIZ20618.1	98.193	166	3	0	1	166	1	166	8.56e-120	331
MDC3397579.1	QIZ20617.1	92.593	81	6	0	7	87	1	81	7.36e-54	157
MDC3397580.1	QIZ20616.1	96.243	559	21	0	23	581	23	581	0.0	1046
MDC3397581.1	QIZ20615.1	96.522	115	4	0	1	115	1	115	3.79e-83	234
MDC3397583.1	QIZ20228.1	66.812	229	66	2	1	221	1	227	2.98e-114	322
MDC3397586.1	QIZ21132.1	38.375	357	211	4	1	353	1	352	1.30e-76	236
MDC3397587.1	QIZ21133.1	49.162	358	176	3	1	353	1	357	2.32e-123	355
MDC3397588.1	QIZ21130.1	28.621	290	197	5	1	284	1	286	2.39e-21	87.0
MDC3397589.1	QIZ21131.1	28.881	277	180	6	4	266	8	281	2.39e-35	124
MDC3397592.1	QIZ20335.1	96.875	128	4	0	1	128	1	128	5.86e-89	249
MDC3397593.1	QIZ20336.1	98.507	134	2	0	1	134	1	134	6.09e-95	265
MDC3397594.1	QIZ20337.1	90.909	319	29	0	1	319	1	319	0.0	549
MDC3397595.1	QIZ20338.1	98.573	701	10	0	1	701	1	701	0.0	1349
MDC3397596.1	QIZ20339.1	90.850	153	14	0	1	153	1	153	1.40e-94	266
MDC3397597.1	QIZ20340.1	94.444	144	8	0	12	155	12	155	1.73e-85	243
MDC3397598.1	QIZ20341.1	100.000	60	0	0	1	60	1	60	7.22e-42	125
MDC3397599.1	QIZ20342.1	91.916	334	26	1	1	333	1	334	0.0	621
MDC3397600.1	QIZ20343.1	96.000	100	4	0	1	100	1	100	1.86e-65	188
MDC3397601.1	QIZ20344.1	96.000	125	5	0	1	125	1	125	1.24e-82	233
MDC3397602.1	QIZ20345.1	100.000	63	0	0	1	63	1	63	4.14e-41	124
MDC3397603.1	QIZ20346.1	98.958	96	1	0	1	96	1	96	2.66e-61	177
MDC3397604.1	QIZ20347.1	92.262	336	26	0	1	336	1	336	0.0	577
MDC3397605.1	QIZ20348.1	90.724	442	41	0	1	442	1	442	0.0	815
MDC3397606.1	QIZ20349.1	98.039	153	3	0	1	153	1	153	1.18e-110	306
MDC3397607.1	QIZ20350.1	95.973	149	6	0	1	149	1	149	5.02e-106	295
MDC3397608.1	QIZ20351.1	92.647	340	25	0	33	372	1	340	0.0	635
MDC3397609.1	QIZ20352.1	90.541	74	7	0	1	74	1	74	8.27e-46	136
MDC3397610.1	QIZ20353.1	95.581	430	19	0	1	430	1	430	0.0	792
MDC3397611.1	QIZ20354.1	85.667	300	43	0	1	300	1	300	0.0	517
MDC3397612.1	QIZ20355.1	96.085	281	11	0	1	281	1	281	0.0	540
MDC3397613.1	QIZ20356.1	94.565	92	5	0	1	92	4	95	8.17e-61	176
MDC3397614.1	QIZ20357.1	85.517	145	21	0	1	145	1	145	1.01e-93	263
MDC3397615.1	QIZ20359.1	61.677	167	63	1	1	167	1	166	2.42e-78	231
MDC3397616.1	QIZ20379.1	95.011	441	22	0	10	450	243	683	0.0	825
MDC3397617.1	QIZ20380.1	97.549	204	5	0	1	204	1	204	5.53e-144	395
MDC3397618.1	QIZ20381.1	96.727	275	9	0	1	275	1	275	0.0	558
MDC3397619.1	QIZ20382.1	94.054	370	22	0	1	370	1	370	0.0	727
MDC3397620.1	QIZ20383.1	96.196	184	7	0	1	184	1	184	2.31e-132	364
MDC3397621.1	QIZ20384.1	95.732	164	7	0	1	164	1	164	7.44e-114	315
MDC3397622.1	QIZ20385.1	97.173	849	24	0	1	849	1	849	0.0	1658
MDC3397623.1	QIZ20386.1	98.039	153	2	1	1	152	1	153	2.11e-109	303
MDC3397624.1	QIZ20387.1	98.853	959	11	0	1	959	1	959	0.0	1943
MDC3397625.1	QIZ20388.1	96.447	197	7	0	1	197	1	197	2.98e-141	387
MDC3397626.1	QIZ20389.1	95.254	295	14	0	1	295	1	295	0.0	555
MDC3397627.1	QIZ20390.1	93.037	517	36	0	1	517	1	517	0.0	969
MDC3397628.1	QIZ20391.1	98.936	94	1	0	1	94	1	94	1.03e-63	183
MDC3397629.1	QIZ20392.1	93.862	391	24	0	1	391	29	419	0.0	759
MDC3397630.1	QIZ20724.1	89.604	404	42	0	2	405	1	404	0.0	764
MDC3397631.1	QIZ20725.1	94.340	106	6	0	1	106	784	889	3.19e-56	181
MDC3397632.1	QIZ20725.1	95.034	725	36	0	1	725	1	725	0.0	1440
MDC3397634.1	QIZ20726.1	98.956	383	4	0	1	383	1	383	0.0	766
MDC3397635.1	QIZ20727.1	93.830	389	22	1	37	425	46	432	0.0	694
MDC3397636.1	QIZ20718.1	88.276	145	17	0	1	145	1	145	1.61e-90	255
MDC3397637.1	QIZ20719.1	97.765	358	8	0	1	358	1	358	0.0	690
MDC3397638.1	QIZ20720.1	98.522	203	3	0	1	203	1	203	5.47e-145	397
MDC3397639.1	QIZ20721.1	94.040	302	18	0	1	302	1	302	0.0	580
MDC3397640.1	QIZ20722.1	92.884	267	19	0	1	267	1	267	6.78e-173	473
MDC3397641.1	QIZ20723.1	94.241	191	11	0	1	191	25	215	1.52e-137	379
MDC3397642.1	QIZ21424.1	88.889	72	8	0	1	72	1	72	8.52e-42	127
MDC3397643.1	QIZ21423.1	96.581	234	8	0	1	234	1	234	2.35e-169	461
MDC3397644.1	QIZ21422.1	95.019	261	13	0	1	261	1	261	0.0	506
MDC3397645.1	QIZ21421.1	96.748	246	8	0	1	246	1	246	8.88e-177	481
MDC3397646.1	QIZ21420.1	94.286	350	20	0	1	350	1	350	0.0	664
MDC3397647.1	QIZ21419.1	95.455	286	13	0	1	286	12	297	0.0	556
MDC3397648.1	QIZ21418.1	95.157	413	20	0	1	413	1	413	0.0	815
MDC3397649.1	QIZ21417.1	95.588	204	9	0	1	204	1	204	4.13e-123	342
MDC3397650.1	QIZ21416.1	97.959	98	2	0	1	98	1	98	1.08e-67	194
MDC3397651.1	QIZ21415.1	86.905	84	11	0	1	84	1	84	4.80e-53	155
MDC3397652.1	QIZ21414.1	96.748	123	4	0	1	123	1	123	5.02e-89	249
MDC3397653.1	QIZ21412.1	94.620	316	17	0	1	316	1	316	0.0	623
MDC3397654.1	QIZ21411.1	94.314	299	17	0	1	299	1	299	0.0	560
MDC3397655.1	QIZ21410.1	95.874	412	17	0	1	412	1	412	0.0	822
MDC3397656.1	QIZ21409.1	94.102	373	22	0	1	373	1	373	0.0	654
MDC3397657.1	QIZ21408.1	76.344	186	43	1	1	186	470	654	3.90e-96	288
MDC3397663.1	QIZ20844.1	30.435	368	224	11	27	390	25	364	6.45e-44	152
MDC3397665.1	QIZ20837.1	26.712	584	383	8	16	572	17	582	1.18e-59	204
MDC3397666.1	QIZ20858.1	26.741	359	222	10	1	345	27	358	6.38e-25	101
MDC3397668.1	QIZ20221.1	98.058	206	4	0	1	206	1	206	1.40e-146	418
MDC3397669.1	QIZ20220.1	96.281	484	18	0	1	484	1	484	0.0	939
MDC3397670.1	QIZ20219.1	85.556	90	13	0	1	90	1	90	3.71e-55	161
MDC3397671.1	QIZ20218.1	94.474	380	21	0	1	380	1	380	0.0	748
MDC3397674.1	QIZ20565.1	28.829	222	142	5	111	323	77	291	1.09e-22	91.7
MDC3397678.1	QIZ20480.1	38.037	163	93	3	30	189	24	181	6.54e-33	112
MDC3397680.1	QIZ20505.1	92.473	93	7	0	1	93	296	388	1.28e-58	180
MDC3397681.1	QIZ20506.1	88.235	204	24	0	1	204	1	204	3.20e-132	365
MDC3397682.1	QIZ20507.1	99.548	221	1	0	1	221	1	221	6.65e-160	437
MDC3397683.1	QIZ20508.1	96.095	845	33	0	1	845	17	861	0.0	1605
MDC3397684.1	QIZ20510.1	90.553	434	41	0	1	434	1	434	0.0	817
MDC3397685.1	QIZ20511.1	98.822	594	7	0	1	594	1	594	0.0	1219
MDC3397686.1	QIZ20512.1	97.872	94	2	0	1	94	1	94	1.96e-63	182
MDC3397687.1	QIZ20513.1	95.103	388	19	0	1	388	1	388	0.0	775
MDC3397688.1	QIZ20514.1	64.646	198	70	0	1	198	1	198	1.33e-77	232
MDC3397689.1	QIZ20314.1	96.104	154	6	0	1	154	1	154	1.03e-104	317
MDC3397690.1	QIZ20315.1	98.901	91	1	0	1	91	1	91	1.82e-67	192
MDC3397691.1	QIZ20316.1	98.321	417	7	0	1	417	1	417	0.0	853
MDC3397692.1	QIZ20317.1	81.547	737	135	1	1	737	1	736	0.0	1246
MDC3397693.1	QIZ20318.1	93.857	293	18	0	1	293	1	293	0.0	572
MDC3397694.1	QIZ20319.1	98.718	156	2	0	1	156	1	156	4.17e-112	310
MDC3397695.1	QIZ20320.1	87.861	173	21	0	1	173	1	173	1.15e-105	295
MDC3397696.1	QIZ20321.1	87.179	585	71	1	1	581	1	585	0.0	1064
MDC3397697.1	QIZ20322.1	97.087	103	3	0	1	103	1	103	1.05e-69	202
MDC3397698.1	QIZ21318.1	88.034	117	14	0	1	117	198	314	3.18e-71	211
MDC3397699.1	QIZ21319.1	88.584	219	25	0	1	219	1	219	6.44e-150	411
MDC3397700.1	QIZ21358.1	93.447	351	23	0	1	351	1	351	0.0	664
MDC3397701.1	QIZ21359.1	97.364	569	15	0	1	569	506	1074	0.0	1148
MDC3397701.1	QIZ21359.1	31.592	402	242	9	54	431	8	400	4.29e-54	193
MDC3397702.1	QIZ21359.1	95.402	522	24	0	1	522	1	522	0.0	992
MDC3397702.1	QIZ21359.1	32.187	407	233	9	8	400	559	936	9.54e-56	197
MDC3397703.1	QIZ21360.1	96.129	155	6	0	1	155	244	398	1.62e-107	308
MDC3397705.1	QIZ20501.1	90.312	320	31	0	1	320	1	320	0.0	590
MDC3397706.1	QIZ20502.1	93.377	151	10	0	1	151	1	151	2.08e-90	255
MDC3397707.1	QIZ20503.1	98.196	499	9	0	1	499	1	499	0.0	961
MDC3397708.1	QIZ20504.1	93.987	316	19	0	1	316	1	316	0.0	583
MDC3397709.1	QIZ20505.1	90.789	228	21	0	1	228	1	228	6.39e-154	428
MDC3397710.1	QIZ20937.1	97.890	237	5	0	1	237	1	237	6.62e-173	477
MDC3397711.1	QIZ20936.1	98.545	275	4	0	1	275	1	275	0.0	557
MDC3397712.1	QIZ20935.1	97.758	223	5	0	1	223	1	223	2.70e-162	443
MDC3397713.1	QIZ20934.1	85.417	288	42	0	1	288	1	288	1.73e-175	482
MDC3397714.1	QIZ20933.1	96.057	558	22	0	1	558	1	558	0.0	1103
MDC3397715.1	QIZ20932.1	96.386	83	3	0	1	83	1	83	1.22e-56	164
MDC3397716.1	QIZ20931.1	92.982	114	8	0	1	114	1	114	1.28e-71	205
MDC3397717.1	QIZ20930.1	100.000	54	0	0	1	54	1	54	3.72e-33	103
MDC3397718.1	QIZ21120.1	94.286	105	6	0	1	105	65	169	8.13e-70	202
MDC3397719.1	QIZ21122.1	91.906	383	31	0	1	383	1	383	0.0	752
MDC3397720.1	QIZ21123.1	87.565	386	48	0	1	386	1	386	0.0	699
MDC3397721.1	QIZ21124.1	33.492	421	271	6	57	473	41	456	5.36e-74	237
MDC3397724.1	QIZ21400.1	91.250	80	7	0	1	80	1	80	7.80e-49	152
MDC3397725.1	QIZ21399.1	90.021	471	46	1	1	470	1	471	0.0	838
MDC3397726.1	QIZ21398.1	95.082	61	3	0	1	61	1	61	2.17e-37	114
MDC3397727.1	QIZ21397.1	91.667	288	24	0	1	288	1	288	0.0	518
MDC3397728.1	QIZ21396.1	91.257	366	32	0	1	366	1	366	0.0	640
MDC3397729.1	QIZ21395.1	98.540	274	4	0	18	291	1	274	0.0	546
MDC3397730.1	QIZ21401.1	93.909	197	12	0	1	197	370	566	1.13e-138	395
MDC3397736.1	QIZ20282.1	97.857	420	9	0	1	420	7	426	0.0	820
MDC3397737.1	QIZ20283.1	94.366	213	12	0	1	213	1	213	4.29e-152	416
MDC3397738.1	QIZ20284.1	99.213	127	1	0	1	127	1	127	4.54e-91	255
MDC3397739.1	QIZ20285.1	98.667	150	2	0	1	150	1	150	1.80e-107	298
MDC3397740.1	QIZ20286.1	98.538	342	5	0	1	342	1	342	0.0	682
MDC3397741.1	QIZ20287.1	99.310	145	1	0	1	145	1	145	3.03e-104	290
MDC3397742.1	QIZ20314.1	93.342	781	52	0	1	781	222	1002	0.0	1535
MDC3397743.1	QIZ20313.1	88.235	187	22	0	1	187	1	187	9.84e-122	337
MDC3397744.1	QIZ20312.1	94.902	255	13	0	1	255	1	255	2.50e-173	473
MDC3397745.1	QIZ21313.1	96.540	289	10	0	1	289	1	289	0.0	579
MDC3397746.1	QIZ21314.1	97.494	399	10	0	1	399	1	399	0.0	803
MDC3397747.1	QIZ21315.1	96.644	149	5	0	1	149	1	149	1.47e-107	298
MDC3397748.1	QIZ21316.1	81.651	218	40	0	1	218	1	218	1.29e-123	345
MDC3397750.1	QIZ20217.1	96.197	447	17	0	1	447	1	447	0.0	888
MDC3397751.1	QIZ21513.1	37.291	539	331	4	1	534	1	537	2.37e-105	330
MDC3397752.1	QIZ20236.1	98.065	155	3	0	1	155	1	155	1.78e-112	313
MDC3397753.1	QIZ20235.1	95.359	237	11	0	1	237	1	237	1.85e-164	449
MDC3397754.1	QIZ20234.1	96.435	533	19	0	1	533	1	533	0.0	1065
MDC3397756.1	QIZ20493.1	43.137	102	55	2	11	110	11	111	8.84e-23	82.0
MDC3397758.1	QIZ21317.1	93.610	313	20	0	1	313	1	313	0.0	609
MDC3397759.1	QIZ21318.1	80.672	119	23	0	1	119	1	119	9.54e-70	207
MDC3397760.1	QIZ20746.1	94.658	730	39	0	1	730	64	793	0.0	1433
MDC3397761.1	QIZ20612.1	94.231	52	3	0	1	52	99	150	4.11e-33	106
MDC3397762.1	QIZ20613.1	92.027	301	24	0	1	301	1	301	0.0	575
MDC3397763.1	QIZ20614.1	95.588	136	6	0	1	136	34	169	3.90e-92	261
MDC3397765.1	QIZ20937.1	97.959	98	2	0	1	98	287	384	7.15e-64	193
MDC3397766.1	QIZ20939.1	94.498	309	17	0	1	309	1	309	0.0	609
MDC3397767.1	QIZ20940.1	96.855	159	5	0	1	159	1	159	9.63e-114	315
MDC3397768.1	QIZ20941.1	95.652	46	2	0	1	46	201	246	5.60e-28	95.1
