MDA8608343.1	QIZ20542.1	49.793	482	237	3	2	478	2	483	3.64e-150	433
MDA8608344.1	QIZ21534.1	73.333	105	28	0	18	122	18	122	7.72e-57	168
MDA8608345.1	QIZ20541.1	76.849	311	72	0	1	311	1	311	0.0	498
MDA8608346.1	QIZ20540.1	82.745	255	44	0	1	255	1	255	3.60e-155	427
MDA8608347.1	QIZ20218.1	79.787	376	76	0	4	379	5	380	0.0	636
MDA8608348.1	QIZ21525.1	89.882	425	42	1	1	424	1	425	0.0	811
MDA8608350.1	QIZ21524.1	88.819	474	53	0	1	474	1	474	0.0	883
MDA8608351.1	QIZ20310.1	69.048	84	26	0	1	84	1	84	6.86e-40	122
MDA8608352.1	QIZ20594.1	43.254	252	142	1	3	253	1	252	1.46e-67	205
MDA8608355.1	QIZ20730.1	66.667	165	55	0	1	165	19	183	2.40e-83	239
MDA8608360.1	QIZ20585.1	70.229	262	78	0	7	268	7	268	2.15e-144	401
MDA8608361.1	QIZ20584.1	71.038	183	53	0	5	187	4	186	1.55e-98	279
MDA8608362.1	QIZ20583.1	66.964	112	37	0	1	112	1	112	1.91e-52	156
MDA8608363.1	QIZ20616.1	88.395	517	60	0	59	575	65	581	0.0	959
MDA8608364.1	QIZ20615.1	86.957	115	15	0	1	115	1	115	2.60e-76	217
MDA8608365.1	QIZ20582.1	74.775	111	28	0	1	111	1	111	5.92e-46	140
MDA8608366.1	QIZ20579.1	89.091	110	12	0	1	110	1	110	9.76e-67	192
MDA8608367.1	QIZ20577.1	85.849	106	15	0	1	106	1	106	1.26e-67	194
MDA8608368.1	QIZ20576.1	91.837	98	8	0	1	98	1	98	5.91e-63	182
MDA8608369.1	QIZ20574.1	79.167	120	25	0	1	120	1	120	7.11e-64	186
MDA8608370.1	QIZ20573.1	96.842	95	3	0	1	95	1	95	4.61e-68	194
MDA8608372.1	QIZ20571.1	88.542	96	10	1	9	103	1	96	5.02e-59	172
MDA8608373.1	QIZ20570.1	81.022	137	26	0	1	137	1	137	4.16e-85	241
MDA8608374.1	QIZ20569.1	89.790	333	34	0	1	333	1	333	0.0	614
MDA8608375.1	QIZ20568.1	83.158	190	31	1	1	189	1	190	4.40e-115	321
MDA8608376.1	QIZ20567.1	97.037	135	4	0	1	135	1	135	8.40e-101	280
MDA8608377.1	QIZ20562.1	87.830	493	60	0	1	493	1	493	0.0	905
MDA8608378.1	QIZ20561.1	92.754	345	24	1	5	349	3	346	0.0	662
MDA8608379.1	QIZ20560.1	95.550	427	19	0	1	427	1	427	0.0	743
MDA8608380.1	QIZ20559.1	96.104	154	6	0	2	155	16	169	1.37e-108	302
MDA8608381.1	QIZ20557.1	95.312	320	15	0	1	320	1	320	0.0	625
MDA8608382.1	QIZ20556.1	83.908	348	56	0	6	353	3	350	0.0	597
MDA8608383.1	QIZ20555.1	86.172	499	69	0	2	500	3	501	0.0	900
MDA8608384.1	QIZ20554.1	80.693	202	39	0	1	202	1	202	1.38e-114	320
MDA8608386.1	QIZ21495.1	56.175	251	110	0	1	251	1	251	3.05e-108	308
MDA8608388.1	QIZ21131.1	30.035	283	177	7	19	292	12	282	1.37e-26	101
MDA8608395.1	QIZ20595.1	50.769	325	140	6	1	309	1	321	5.13e-108	316
MDA8608396.1	QIZ20553.1	86.215	428	59	0	1	428	1	428	0.0	763
MDA8608397.1	QIZ20552.1	89.109	303	33	0	1	303	1	303	0.0	554
MDA8608398.1	QIZ20551.1	76.053	380	91	0	1	380	1	380	0.0	604
MDA8608399.1	QIZ21440.1	43.098	297	157	4	6	293	8	301	5.35e-81	247
MDA8608402.1	QIZ21344.1	62.411	282	105	1	1	281	1	282	1.26e-121	345
MDA8608403.1	QIZ21518.1	56.051	314	138	0	5	318	5	318	1.18e-122	350
MDA8608404.1	QIZ21518.1	62.579	318	119	0	1	318	1	318	3.48e-143	402
MDA8608407.1	QIZ20550.1	79.880	333	66	1	1	332	1	333	0.0	520
MDA8608408.1	QIZ20549.1	79.906	637	127	1	1	636	1	637	0.0	1055
MDA8608409.1	QIZ20548.1	93.939	264	16	0	1	264	1	264	0.0	506
MDA8608410.1	QIZ20547.1	89.809	314	31	1	1	313	1	314	0.0	570
MDA8608411.1	QIZ20546.1	95.982	448	18	0	1	448	1	448	0.0	889
MDA8608412.1	QIZ20545.1	86.885	366	48	0	1	366	1	366	0.0	624
MDA8608413.1	QIZ21541.1	79.430	807	166	0	1	807	1	807	0.0	1350
MDA8608414.1	QIZ21591.1	82.857	175	30	0	1	175	1	175	5.25e-99	279
MDA8608419.1	QIZ21593.1	84.393	346	54	0	1	346	1	346	0.0	593
MDA8608420.1	QIZ20180.1	93.286	283	19	0	1	283	1	283	0.0	536
MDA8608421.1	QIZ20181.1	91.739	230	19	0	1	230	1	230	1.19e-153	422
MDA8608422.1	QIZ20182.1	86.161	224	31	0	1	224	1	224	3.05e-143	395
MDA8608423.1	QIZ20608.1	27.106	273	181	7	3	260	5	274	2.91e-24	94.4
MDA8608424.1	QIZ20183.1	77.519	129	29	0	1	129	1	129	6.71e-69	199
MDA8608425.1	QIZ20184.1	70.130	308	92	0	1	308	1	308	2.30e-156	435
MDA8608426.1	QIZ20185.1	82.609	345	60	0	3	347	10	354	0.0	509
MDA8608427.1	QIZ20186.1	70.455	220	65	0	1	220	1	220	2.24e-114	322
MDA8608428.1	QIZ20187.1	88.344	326	38	0	1	326	1	326	0.0	565
MDA8608429.1	QIZ20188.1	84.375	64	10	0	1	64	93	156	1.44e-34	110
MDA8608430.1	QIZ20189.1	93.788	499	31	0	1	499	1	499	0.0	913
MDA8608431.1	QIZ21214.1	36.154	260	163	3	29	286	29	287	4.77e-41	140
MDA8608432.1	QIZ20355.1	34.058	276	180	2	11	285	3	277	8.78e-37	128
MDA8608433.1	QIZ20190.1	74.167	360	93	0	1	360	1	360	0.0	566
MDA8608434.1	QIZ20191.1	69.613	181	55	0	1	181	1	181	1.52e-98	278
MDA8608435.1	QIZ20192.1	82.036	167	30	0	1	167	1	167	2.86e-102	286
MDA8608436.1	QIZ20599.1	41.137	299	170	2	5	302	1	294	5.26e-75	228
MDA8608438.1	QIZ20563.1	44.404	277	145	5	24	294	21	294	6.57e-67	207
MDA8608439.1	QIZ20196.1	82.564	195	34	0	7	201	5	199	5.37e-124	344
MDA8608440.1	QIZ20197.1	70.934	289	84	0	1	289	1	289	2.27e-158	439
MDA8608441.1	QIZ20198.1	70.677	399	116	1	1	398	1	399	0.0	520
MDA8608442.1	QIZ20199.1	76.364	165	39	0	1	165	1	165	6.19e-89	253
MDA8608443.1	QIZ20204.1	57.812	320	135	0	1	320	1	320	8.61e-147	412
MDA8608444.1	QIZ20205.1	48.473	262	134	1	1	261	16	277	1.15e-60	189
MDA8608445.1	QIZ20208.1	67.969	128	41	0	5	132	5	132	8.71e-60	176
MDA8608446.1	QIZ20419.1	95.087	346	17	0	1	346	1	346	0.0	691
MDA8608447.1	QIZ20418.1	85.302	381	56	0	1	381	1	381	0.0	618
MDA8608448.1	QIZ20417.1	83.568	426	67	1	1	423	1	426	0.0	721
MDA8608449.1	QIZ20416.1	92.083	240	19	0	1	240	5	244	4.60e-168	459
MDA8608450.1	QIZ20415.1	87.705	122	15	0	1	122	1	122	1.66e-74	213
MDA8608451.1	QIZ20414.1	84.000	875	140	0	1	875	1	875	0.0	1541
MDA8608452.1	QIZ20413.1	93.706	572	36	0	1	572	1	572	0.0	1112
MDA8608453.1	QIZ20412.1	85.287	401	59	0	1	401	1	401	0.0	682
MDA8608458.1	QIZ20416.1	38.189	254	139	7	1	249	1	241	2.96e-51	163
MDA8608460.1	QIZ21305.1	33.921	227	136	6	3	225	6	222	1.85e-33	116
MDA8608462.1	QIZ20408.1	67.308	364	103	6	4	357	1	358	1.51e-174	485
MDA8608463.1	QIZ20407.1	71.951	246	69	0	1	246	3	248	3.29e-130	364
MDA8608464.1	QIZ20406.1	81.273	267	50	0	1	267	1	267	9.64e-155	427
MDA8608465.1	QIZ20405.1	80.000	130	26	0	3	132	4	133	1.98e-76	218
MDA8608466.1	QIZ20404.1	80.120	332	66	0	1	332	1	332	0.0	561
MDA8608467.1	QIZ20403.1	79.070	258	54	0	1	258	1	258	3.72e-160	440
MDA8608468.1	QIZ20402.1	83.810	105	17	0	1	105	1	105	7.84e-61	177
MDA8608469.1	QIZ20401.1	71.117	367	106	0	1	367	1	367	0.0	516
MDA8608470.1	QIZ20400.1	71.404	577	165	0	1	577	1	577	0.0	847
MDA8608471.1	QIZ20399.1	62.791	86	32	0	1	86	1	86	6.94e-33	105
MDA8608472.1	QIZ20398.1	63.291	316	116	0	1	316	1	316	2.33e-141	397
MDA8608473.1	QIZ20397.1	82.449	245	43	0	1	245	1	245	1.54e-140	390
MDA8608474.1	QIZ20396.1	81.532	222	41	0	10	231	13	234	7.30e-136	377
MDA8608475.1	QIZ20395.1	77.941	68	13	1	1	66	1	68	2.34e-34	107
MDA8608476.1	QIZ20394.1	69.444	72	21	1	1	71	1	72	1.27e-25	85.9
MDA8608477.1	QIZ20393.1	86.000	250	35	0	1	250	1	250	1.45e-159	439
MDA8608478.1	QIZ20392.1	76.019	417	100	0	1	417	1	417	0.0	673
MDA8608479.1	QIZ20391.1	86.957	92	12	0	4	95	3	94	2.31e-55	162
MDA8608480.1	QIZ20390.1	76.879	519	116	2	1	517	1	517	0.0	792
MDA8608481.1	QIZ20389.1	77.288	295	67	0	1	295	1	295	1.23e-166	460
MDA8608482.1	QIZ21085.1	25.000	648	431	19	27	647	56	675	9.11e-45	165
MDA8608483.1	QIZ20388.1	83.000	200	31	1	1	200	1	197	6.99e-120	333
MDA8608484.1	QIZ20387.1	93.987	948	57	0	1	948	1	948	0.0	1844
MDA8608485.1	QIZ20386.1	88.235	153	15	2	1	150	1	153	1.41e-91	258
MDA8608486.1	QIZ20385.1	87.063	858	101	2	1	858	1	848	0.0	1473
MDA8608487.1	QIZ20384.1	84.756	164	25	0	1	164	1	164	7.23e-102	285
MDA8608488.1	QIZ20383.1	78.804	184	39	0	1	184	1	184	7.51e-110	307
MDA8608489.1	QIZ20382.1	81.622	370	68	0	1	370	1	370	0.0	644
MDA8608490.1	QIZ20381.1	77.818	275	61	0	1	275	1	275	1.23e-166	458
MDA8608491.1	QIZ20380.1	70.500	200	59	0	6	205	5	204	7.68e-99	281
MDA8608492.1	QIZ20379.1	71.010	683	198	0	1	683	1	683	0.0	978
MDA8608493.1	QIZ20378.1	56.818	88	38	0	1	88	1	88	9.94e-23	79.7
MDA8608494.1	QIZ20377.1	70.103	291	87	0	2	292	3	293	2.95e-140	393
MDA8608495.1	QIZ20376.1	65.385	312	108	0	22	333	22	333	3.01e-148	416
MDA8608496.1	QIZ20375.1	48.729	236	119	2	17	252	18	251	7.50e-66	201
MDA8608497.1	QIZ20374.1	71.875	384	107	1	1	384	1	383	0.0	571
MDA8608498.1	QIZ20373.1	67.488	203	66	0	1	203	1	203	1.63e-88	254
MDA8608499.1	QIZ20372.1	51.613	310	147	2	1	307	1	310	1.16e-95	281
MDA8608500.1	QIZ20371.1	77.388	513	116	0	1	513	1	513	0.0	832
MDA8608501.1	QIZ20370.1	68.651	252	78	1	1	251	1	252	5.79e-119	336
MDA8608502.1	QIZ20369.1	60.547	256	100	1	1	256	3	257	1.76e-109	312
MDA8608503.1	QIZ20368.1	62.353	170	64	0	1	170	1	170	2.71e-78	226
MDA8608504.1	QIZ20367.1	83.077	390	66	0	1	390	1	390	0.0	593
MDA8608505.1	QIZ20366.1	38.506	174	91	4	1	165	1	167	1.77e-28	99.8
MDA8608506.1	QIZ20365.1	72.043	93	26	0	1	93	1	93	1.16e-45	137
MDA8608507.1	QIZ20364.1	81.459	329	61	0	1	329	1	329	0.0	557
MDA8608508.1	QIZ20363.1	73.651	315	83	0	1	315	1	315	5.05e-176	485
MDA8608509.1	QIZ20362.1	57.447	564	240	0	1	564	1	564	0.0	653
MDA8608510.1	QIZ20361.1	45.882	85	46	0	1	85	1	85	3.72e-21	75.5
MDA8608511.1	QIZ20360.1	47.511	703	347	13	1	691	7	699	0.0	544
MDA8608515.1	QIZ21533.1	59.406	101	41	0	1	101	1	101	2.40e-39	122
MDA8608516.1	QIZ21532.1	55.349	215	95	1	1	214	1	215	9.69e-78	229
MDA8608517.1	QIZ21531.1	78.187	353	76	1	1	353	1	352	0.0	533
MDA8608518.1	QIZ21530.1	69.274	537	162	1	2	538	3	536	0.0	724
MDA8608519.1	QIZ21529.1	68.667	150	47	0	30	179	17	166	2.08e-78	227
MDA8608521.1	QIZ21527.1	70.175	342	99	3	1	342	1	339	7.70e-177	489
MDA8608522.1	QIZ21523.1	92.881	295	21	0	1	295	1	295	0.0	573
MDA8608523.1	QIZ21522.1	85.886	333	47	0	1	333	1	333	0.0	598
MDA8608524.1	QIZ21521.1	87.562	201	25	0	1	201	1	201	1.06e-137	379
MDA8608525.1	QIZ21520.1	89.032	155	17	0	1	155	1	155	2.00e-106	296
MDA8608526.1	QIZ21519.1	84.677	124	19	0	1	124	1	124	1.46e-77	221
MDA8608527.1	QIZ21516.1	90.724	539	50	0	1	539	1	539	0.0	1033
MDA8608528.1	QIZ21515.1	84.858	317	48	0	1	317	1	317	0.0	568
MDA8608529.1	QIZ21514.1	84.739	249	38	0	1	249	1	249	5.67e-158	434
MDA8608530.1	QIZ21513.1	89.877	810	81	1	1	809	1	810	0.0	1509
MDA8608531.1	QIZ21512.1	62.500	136	51	0	22	157	31	166	2.21e-59	177
MDA8608532.1	QIZ21511.1	90.476	189	18	0	1	189	1	189	4.42e-130	358
MDA8608536.1	QIZ21510.1	51.163	129	63	0	4	132	10	138	4.65e-45	140
MDA8608537.1	QIZ21482.1	80.328	61	12	0	5	65	3	63	1.69e-32	102
MDA8608538.1	QIZ21509.1	83.333	258	43	0	2	259	4	261	1.18e-161	444
MDA8608540.1	QIZ21508.1	89.516	124	13	0	1	124	1	124	1.05e-84	239
MDA8608541.1	QIZ21507.1	76.119	134	32	0	1	134	1	134	5.37e-77	220
MDA8608542.1	QIZ21506.1	69.309	391	120	0	25	415	7	397	0.0	610
MDA8608543.1	QIZ21505.1	84.711	242	37	0	1	242	1	242	8.18e-157	431
MDA8608544.1	QIZ21504.1	95.575	452	20	0	1	452	1	452	0.0	905
MDA8608547.1	QIZ21502.1	55.172	203	91	0	1	203	1	203	2.07e-81	236
MDA8608548.1	QIZ21501.1	77.434	452	100	2	1	451	99	549	0.0	726
MDA8608549.1	QIZ21500.1	82.243	321	57	0	1	321	1	321	0.0	567
MDA8608550.1	QIZ21499.1	79.755	163	33	0	1	163	1	163	2.35e-89	253
MDA8608551.1	QIZ21498.1	79.279	333	68	1	16	348	16	347	0.0	545
MDA8608552.1	QIZ21497.1	75.000	152	38	0	1	152	1	152	1.14e-86	246
MDA8608553.1	QIZ21496.1	98.529	68	1	0	1	68	1	68	8.57e-47	139
MDA8608554.1	QIZ21494.1	66.087	115	39	0	1	115	1	115	2.83e-57	169
MDA8608555.1	QIZ21493.1	74.597	248	63	0	1	248	1	248	1.45e-127	357
MDA8608556.1	QIZ21492.1	59.286	140	57	0	7	146	7	146	4.63e-60	178
MDA8608558.1	QIZ21490.1	76.596	282	66	0	1	282	1	282	1.99e-160	443
MDA8608559.1	QIZ21489.1	63.590	195	71	0	1	195	1	195	7.81e-92	262
MDA8608560.1	QIZ21488.1	91.283	998	87	0	1	998	1	998	0.0	1910
MDA8608561.1	QIZ21487.1	90.909	88	8	0	1	88	1	88	1.46e-60	175
MDA8608562.1	QIZ21486.1	95.933	418	17	0	1	418	1	418	0.0	828
MDA8608563.1	QIZ21485.1	94.831	561	29	0	1	561	1	561	0.0	1091
MDA8608564.1	QIZ21484.1	86.641	262	35	0	1	262	1	262	2.03e-176	482
MDA8608565.1	QIZ21483.1	90.439	387	37	0	1	387	1	387	0.0	734
MDA8608566.1	QIZ21481.1	78.947	342	72	0	1	342	1	342	0.0	561
MDA8608568.1	QIZ21480.1	87.585	443	55	0	1	443	1	443	0.0	837
MDA8608569.1	QIZ21479.1	86.611	717	96	0	1	717	1	717	0.0	1251
MDA8608570.1	QIZ21478.1	87.310	197	25	0	1	197	145	341	1.19e-126	356
MDA8608571.1	QIZ21027.1	74.545	165	42	0	1	165	33	197	3.46e-90	257
MDA8608572.1	QIZ21026.1	85.321	327	48	0	1	327	434	760	0.0	564
MDA8608573.1	QIZ21025.1	71.316	509	145	1	1	509	1	508	0.0	709
MDA8608574.1	QIZ21024.1	78.979	333	70	0	1	333	1	333	0.0	548
MDA8608575.1	QIZ21023.1	75.556	180	43	1	1	179	1	180	1.00e-98	278
MDA8608577.1	QIZ21022.1	61.889	307	116	1	1	307	27	332	8.46e-140	394
MDA8608578.1	QIZ21021.1	54.688	128	58	0	1	128	1	128	1.52e-51	155
MDA8608579.1	QIZ21020.1	90.370	135	13	0	1	135	1	135	9.98e-89	249
MDA8608580.1	QIZ20620.1	40.909	198	110	5	3	199	1	192	1.60e-45	145
MDA8608581.1	QIZ21019.1	70.549	455	130	1	1	451	1	455	0.0	654
MDA8608582.1	QIZ21018.1	87.500	328	41	0	1	328	1	328	0.0	592
MDA8608583.1	QIZ21017.1	59.868	152	61	0	1	152	1	152	1.71e-54	164
MDA8608584.1	QIZ21016.1	58.517	499	207	0	16	514	19	517	0.0	550
MDA8608585.1	QIZ21015.1	88.432	389	45	0	1	389	1	389	0.0	701
MDA8608586.1	QIZ21014.1	90.566	530	50	0	1	530	1	530	0.0	954
MDA8608587.1	QIZ21013.1	81.561	743	121	4	3	739	4	736	0.0	1194
MDA8608588.1	QIZ21012.1	83.607	122	20	0	1	122	1	122	7.49e-74	211
MDA8608589.1	QIZ21011.1	86.585	82	11	0	1	82	1	82	1.28e-46	139
MDA8608590.1	QIZ21010.1	94.348	690	39	0	1	690	1	690	0.0	1328
MDA8608592.1	QIZ21008.1	91.954	261	21	0	1	261	1	261	0.0	504
MDA8608593.1	QIZ21007.1	95.037	403	20	0	1	403	1	403	0.0	801
MDA8608594.1	QIZ21006.1	89.157	166	18	0	1	166	1	166	3.27e-112	311
MDA8608595.1	QIZ21005.1	77.037	135	31	0	7	141	7	141	1.09e-76	220
MDA8608596.1	QIZ21004.1	96.350	137	5	0	1	137	1	137	6.15e-97	271
MDA8608597.1	QIZ21003.1	88.713	443	50	0	1	443	1	443	0.0	835
MDA8608598.1	QIZ21002.1	75.510	196	48	0	3	198	1	196	1.94e-114	320
MDA8608599.1	QIZ21001.1	65.734	143	49	0	4	146	6	148	7.67e-71	206
MDA8608600.1	QIZ21000.1	68.000	250	80	0	1	250	1	250	3.77e-123	346
MDA8608601.1	QIZ20999.1	75.172	145	36	0	1	145	1	145	2.38e-80	229
MDA8608602.1	QIZ20998.1	72.070	401	110	1	1	399	1	401	0.0	598
MDA8608603.1	QIZ20997.1	82.950	522	89	0	1	522	1	522	0.0	884
MDA8608604.1	QIZ20996.1	80.258	233	46	0	1	233	1	233	9.81e-144	397
MDA8608605.1	QIZ20995.1	64.808	287	101	0	1	287	1	287	7.55e-123	348
MDA8608606.1	QIZ20994.1	83.721	86	14	0	1	86	1	86	3.28e-47	141
MDA8608607.1	QIZ20993.1	83.047	466	75	3	9	474	9	470	0.0	786
MDA8608608.1	QIZ20992.1	92.973	370	26	0	1	370	1	370	0.0	700
MDA8608609.1	QIZ20991.1	73.391	233	62	0	1	233	1	233	4.79e-121	339
MDA8608610.1	QIZ20990.1	79.455	404	83	0	1	404	1	404	0.0	655
MDA8608611.1	QIZ20989.1	82.262	451	80	0	1	451	1	451	0.0	752
MDA8608612.1	QIZ20988.1	60.234	171	66	2	1	169	1	171	9.88e-71	207
MDA8608613.1	QIZ20987.1	77.612	67	15	0	1	67	1	67	8.88e-26	85.9
MDA8608614.1	QIZ20986.1	67.925	212	68	0	1	212	1	212	9.90e-111	312
MDA8608615.1	QIZ20985.1	87.097	186	24	0	4	189	3	188	4.58e-126	348
MDA8608616.1	QIZ20984.1	83.616	177	29	0	1	177	1	177	7.18e-101	284
MDA8608617.1	QIZ20983.1	55.034	149	67	0	12	160	10	158	4.75e-52	159
MDA8608618.1	QIZ20982.1	64.646	198	70	0	1	198	1	198	2.01e-91	262
MDA8608619.1	QIZ20981.1	58.907	567	222	5	1	566	1	557	0.0	622
MDA8608620.1	QIZ21363.1	91.776	608	49	1	1	608	1	607	0.0	1140
MDA8608621.1	QIZ21362.1	76.481	591	139	0	1	591	1	591	0.0	911
MDA8608622.1	QIZ21361.1	74.342	152	39	0	1	152	1	152	1.43e-72	210
MDA8608623.1	QIZ21360.1	83.636	385	62	1	1	384	1	385	0.0	667
MDA8608624.1	QIZ21359.1	89.199	1074	116	0	1	1074	1	1074	0.0	1975
MDA8608625.1	QIZ21358.1	79.487	351	72	0	1	351	1	351	0.0	557
MDA8608626.1	QIZ21319.1	91.781	219	18	0	1	219	1	219	3.17e-155	425
MDA8608627.1	QIZ21318.1	83.758	314	51	0	1	314	1	314	0.0	545
MDA8608628.1	QIZ21317.1	94.904	314	16	0	1	314	1	314	0.0	625
MDA8608629.1	QIZ20493.1	44.118	102	54	2	11	110	11	111	1.59e-22	81.6
MDA8608631.1	QIZ21316.1	77.523	218	49	0	1	218	1	218	2.35e-119	334
MDA8608632.1	QIZ21249.1	31.707	533	339	11	65	586	57	575	4.42e-77	251
MDA8608633.1	QIZ21314.1	93.985	399	24	0	1	399	1	399	0.0	780
MDA8608634.1	QIZ21313.1	91.725	713	59	0	1	713	1	713	0.0	1370
MDA8608635.1	QIZ21312.1	78.400	250	54	0	1	250	1	250	3.29e-144	399
MDA8608636.1	QIZ21310.1	90.071	141	14	0	1	141	1	141	1.11e-87	248
MDA8608637.1	QIZ21309.1	90.016	611	61	0	1	611	1	611	0.0	1153
MDA8608638.1	QIZ21308.1	90.155	193	19	0	1	193	1	193	9.39e-129	355
MDA8608639.1	QIZ21307.1	89.310	290	31	0	1	290	1	290	0.0	560
MDA8608640.1	QIZ21306.1	80.556	144	28	0	1	144	1	144	9.89e-83	235
MDA8608641.1	QIZ21305.1	80.444	225	44	0	1	225	1	225	2.50e-130	362
MDA8608642.1	QIZ21304.1	68.565	439	138	0	1	439	1	439	0.0	640
MDA8608643.1	QIZ21303.1	70.000	70	21	0	1	70	1	70	1.44e-29	96.3
MDA8608644.1	QIZ21302.1	64.567	254	90	0	1	254	1	254	1.07e-120	340
MDA8608645.1	QIZ21301.1	55.523	344	152	1	4	347	5	347	4.34e-131	374
MDA8608646.1	QIZ21300.1	61.660	253	96	1	1	252	1	253	1.52e-92	269
MDA8608647.1	QIZ21299.1	93.548	310	20	0	1	310	1	310	0.0	559
MDA8608648.1	QIZ21298.1	71.556	225	57	2	1	223	1	220	9.62e-103	293
MDA8608649.1	QIZ21297.1	78.919	185	39	0	1	185	1	185	3.33e-109	306
MDA8608650.1	QIZ21296.1	88.235	357	42	0	1	357	1	357	0.0	657
MDA8608651.1	QIZ21295.1	80.385	260	49	2	1	259	1	259	5.65e-150	415
MDA8608652.1	QIZ21294.1	94.033	419	25	0	1	419	1	419	0.0	783
MDA8608653.1	QIZ21293.1	88.757	169	19	0	1	169	1	169	1.05e-106	298
MDA8608654.1	QIZ21292.1	74.324	148	38	0	1	148	1	148	1.10e-81	233
MDA8608655.1	QIZ21291.1	73.636	220	58	0	1	220	1	220	4.97e-122	343
MDA8608656.1	QIZ21290.1	87.975	158	19	0	1	158	1	158	4.42e-101	283
MDA8608657.1	QIZ21291.1	95.349	43	2	0	1	43	232	274	3.10e-26	91.3
MDA8608658.1	QIZ21289.1	65.097	361	126	0	1	361	1	361	9.56e-173	483
MDA8608659.1	QIZ21288.1	54.448	281	128	0	1	281	1	281	2.35e-97	283
MDA8608660.1	QIZ21287.1	58.684	547	225	1	16	561	15	561	0.0	639
MDA8608661.1	QIZ21286.1	63.786	243	84	1	1	239	1	243	3.65e-105	300
MDA8608662.1	QIZ21285.1	77.297	185	42	0	1	185	1	185	9.81e-101	284
MDA8608663.1	QIZ21284.1	90.169	356	35	0	1	356	1	356	0.0	674
MDA8608664.1	QIZ21283.1	54.427	384	173	2	1	383	1	383	4.49e-141	402
MDA8608666.1	QIZ21175.1	81.034	116	22	0	1	116	1	116	5.89e-66	191
MDA8608667.1	QIZ21174.1	81.768	362	63	1	18	379	21	379	0.0	609
MDA8608668.1	QIZ21173.1	73.418	158	42	0	1	158	1	158	1.54e-86	246
MDA8608669.1	QIZ21172.1	80.769	130	25	0	1	130	1	130	1.45e-72	208
MDA8608670.1	QIZ21171.1	95.127	472	23	0	1	472	1	472	0.0	916
MDA8608671.1	QIZ21170.1	87.285	291	37	0	1	291	1	291	0.0	523
MDA8608672.1	QIZ21169.1	93.542	511	33	0	1	511	1	511	0.0	983
MDA8608673.1	QIZ21168.1	74.054	185	48	0	1	185	1	185	1.53e-92	263
MDA8608674.1	QIZ21167.1	81.106	651	123	0	1	651	1	651	0.0	1109
MDA8608675.1	QIZ21166.1	84.764	466	71	0	1	466	1	466	0.0	815
MDA8608676.1	QIZ21165.1	79.727	439	75	3	1	439	1	425	0.0	705
MDA8608677.1	QIZ21164.1	83.110	971	161	2	1	971	1	968	0.0	1706
MDA8608678.1	QIZ21163.1	91.753	291	24	0	1	291	1	291	0.0	515
MDA8608679.1	QIZ21162.1	88.860	386	43	0	1	386	1	386	0.0	701
MDA8608680.1	QIZ21161.1	94.062	320	19	0	1	320	1	320	0.0	609
MDA8608681.1	QIZ21160.1	93.159	497	34	0	1	497	1	497	0.0	971
MDA8608682.1	QIZ21159.1	87.013	231	30	0	1	231	27	257	1.15e-157	433
MDA8608683.1	QIZ21158.1	92.217	591	45	1	1	591	1	590	0.0	1150
MDA8608684.1	QIZ21157.1	60.185	108	43	0	1	108	1	108	1.07e-36	116
MDA8608685.1	QIZ21156.1	69.291	127	39	0	1	127	1	127	2.98e-63	185
MDA8608686.1	QIZ21155.1	77.039	331	76	0	1	331	1	331	0.0	534
MDA8608687.1	QIZ21154.1	84.282	369	58	0	1	369	1	369	0.0	639
MDA8608688.1	QIZ21153.1	68.992	258	80	0	1	258	1	258	1.78e-140	390
MDA8608689.1	QIZ21152.1	77.840	537	119	0	1	537	1	537	0.0	900
MDA8608690.1	QIZ21151.1	82.624	587	102	0	1	587	1	587	0.0	1025
MDA8608691.1	QIZ21150.1	93.750	368	23	0	1	368	1	368	0.0	689
MDA8608692.1	QIZ21149.1	86.567	201	27	0	1	201	9	209	1.39e-130	361
MDA8608693.1	QIZ21148.1	88.865	467	52	0	1	467	1	467	0.0	873
MDA8608694.1	QIZ21147.1	78.613	173	36	1	1	173	1	172	2.56e-97	275
MDA8608695.1	QIZ21146.1	82.018	228	41	0	1	228	1	228	5.27e-147	405
MDA8608696.1	QIZ21145.1	87.850	107	13	0	1	107	1	107	2.85e-68	202
MDA8608697.1	QIZ21144.1	90.487	452	43	0	1	452	1	452	0.0	800
MDA8608698.1	QIZ21143.1	75.182	274	68	0	1	274	1	274	7.55e-147	408
MDA8608699.1	QIZ21142.1	84.262	305	48	0	1	305	1	305	0.0	524
MDA8608700.1	QIZ21141.1	75.000	136	34	0	1	136	52	187	3.85e-74	215
MDA8608702.1	QIZ21079.1	75.842	505	122	0	7	511	14	518	0.0	752
MDA8608704.1	QIZ21080.1	82.028	217	39	0	1	217	1	217	1.07e-128	357
MDA8608705.1	QIZ21081.1	98.305	118	2	0	1	118	1	118	2.93e-82	232
MDA8608706.1	QIZ21082.1	97.342	602	16	0	1	602	1	602	0.0	1180
MDA8608707.1	QIZ21083.1	96.512	86	3	0	1	86	1	86	1.13e-59	172
MDA8608708.1	QIZ21084.1	85.024	207	31	0	1	207	1	207	9.15e-132	364
MDA8608709.1	QIZ21085.1	88.318	642	75	0	41	682	39	680	0.0	1192
MDA8608710.1	QIZ21086.1	82.482	137	24	0	1	137	1	137	8.20e-85	240
MDA8608712.1	QIZ21088.1	79.552	357	73	0	1	357	1	357	0.0	598
MDA8608713.1	QIZ21089.1	69.508	305	92	1	2	305	3	307	8.70e-147	410
MDA8608714.1	QIZ21090.1	70.259	232	69	0	1	232	1	232	1.03e-124	348
MDA8608715.1	QIZ21091.1	85.042	361	54	0	1	361	1	361	0.0	578
MDA8608716.1	QIZ21092.1	87.500	96	12	0	1	96	1	96	1.77e-57	167
MDA8608717.1	QIZ21093.1	89.324	281	30	0	1	281	1	281	0.0	515
MDA8608720.1	QIZ21094.1	77.299	348	77	1	1	346	1	348	0.0	570
MDA8608721.1	QIZ21095.1	75.135	370	84	1	1	370	1	362	0.0	557
MDA8608722.1	QIZ21096.1	87.712	236	29	0	1	236	1	236	1.39e-158	434
MDA8608723.1	QIZ21097.1	89.293	495	53	0	1	495	1	495	0.0	905
MDA8608724.1	QIZ21099.1	97.500	40	1	0	1	40	1	40	2.97e-23	77.4
MDA8608725.1	QIZ21100.1	90.580	138	13	0	1	138	1	138	1.26e-87	247
MDA8608726.1	QIZ21101.1	91.176	238	21	0	1	238	1	238	5.44e-166	454
MDA8608729.1	QIZ21102.1	100.000	37	0	0	1	37	1	37	5.69e-22	78.2
MDA8608730.1	QIZ21102.1	94.000	150	9	0	1	150	52	201	2.54e-78	226
MDA8608731.1	QIZ21103.1	86.316	380	52	0	1	380	1	380	0.0	679
MDA8608732.1	QIZ21104.1	90.476	126	12	0	1	126	1	126	9.00e-81	229
MDA8608733.1	QIZ21105.1	93.421	152	10	0	1	152	1	152	7.15e-95	266
MDA8608734.1	QIZ21106.1	70.244	205	61	0	1	205	1	205	1.13e-101	288
MDA8608735.1	QIZ21107.1	87.595	395	49	0	1	395	1	395	0.0	712
MDA8608736.1	QIZ21108.1	64.912	171	56	3	1	170	1	168	5.73e-79	228
MDA8608737.1	QIZ21109.1	76.232	345	82	0	1	345	1	345	0.0	577
MDA8608738.1	QIZ21110.1	81.423	253	47	0	1	253	1	253	8.83e-150	414
MDA8608739.1	QIZ21111.1	83.333	114	19	0	1	114	1	114	1.53e-69	199
MDA8608740.1	QIZ21112.1	89.560	182	19	0	1	182	1	182	4.07e-122	338
MDA8608741.1	QIZ21113.1	95.283	106	5	0	1	106	1	106	1.34e-73	209
MDA8608742.1	QIZ21114.1	82.203	236	41	1	1	235	1	236	4.76e-144	398
MDA8608743.1	QIZ21115.1	66.216	74	25	0	1	74	1	74	4.75e-34	107
MDA8608744.1	QIZ21116.1	73.913	138	36	0	1	138	1	138	1.77e-75	216
MDA8608745.1	QIZ21117.1	71.092	467	134	1	1	466	1	467	0.0	642
MDA8608746.1	QIZ20318.1	86.818	220	29	0	1	220	1	220	2.32e-144	400
MDA8608747.1	QIZ20317.1	69.044	743	222	4	1	742	1	736	0.0	1055
MDA8608750.1	QIZ20796.1	26.462	325	214	9	1	317	1	308	3.30e-21	87.8
MDA8608751.1	QIZ20796.1	29.538	325	199	12	11	322	3	310	3.35e-28	107
MDA8608752.1	QIZ20316.1	95.683	417	18	0	1	417	1	417	0.0	837
MDA8608753.1	QIZ20315.1	89.888	89	9	0	1	89	1	89	3.73e-62	179
MDA8608754.1	QIZ20314.1	80.739	1002	192	1	1	1001	1	1002	0.0	1725
MDA8608755.1	QIZ20313.1	61.497	187	72	0	1	187	1	187	2.98e-86	248
MDA8608756.1	QIZ20312.1	84.314	255	40	0	1	255	1	255	7.67e-157	432
MDA8608757.1	QIZ20311.1	90.244	246	24	0	1	246	1	246	3.22e-141	391
MDA8608761.1	QIZ20306.1	63.253	166	55	2	1	166	1	160	1.91e-77	223
MDA8608762.1	QIZ20305.1	89.474	456	48	0	1	456	1	456	0.0	820
MDA8608763.1	QIZ20304.1	73.510	302	79	1	1	302	1	301	5.81e-169	466
MDA8608764.1	QIZ20303.1	81.944	216	39	0	1	216	1	216	8.38e-133	368
MDA8608765.1	QIZ20302.1	92.872	491	35	0	1	491	1	491	0.0	917
MDA8608766.1	QIZ20301.1	85.567	485	70	0	1	485	1	485	0.0	850
MDA8608767.1	QIZ20300.1	85.263	95	14	0	1	95	1	95	3.61e-55	162
MDA8608768.1	QIZ20299.1	80.795	151	29	0	1	151	1	151	2.16e-85	243
MDA8608769.1	QIZ20298.1	92.971	313	22	0	1	313	1	313	0.0	610
MDA8608770.1	QIZ20742.1	27.578	417	261	11	25	423	22	415	8.18e-39	140
MDA8608771.1	QIZ20297.1	73.438	192	50	1	1	192	1	191	7.38e-96	272
MDA8608772.1	QIZ20296.1	82.160	852	150	1	1	850	1	852	0.0	1438
MDA8608773.1	QIZ20294.1	77.124	153	35	0	1	153	1	153	3.55e-87	247
MDA8608774.1	QIZ20293.1	65.340	427	148	0	1	427	5	431	0.0	557
MDA8608775.1	QIZ20292.1	73.718	156	41	0	1	156	115	270	5.97e-83	241
MDA8608776.1	QIZ21387.1	89.177	462	50	0	1	462	1	462	0.0	835
MDA8608778.1	QIZ20745.1	75.451	277	68	0	1	277	1	277	7.36e-153	424
MDA8608779.1	QIZ20744.1	89.362	329	35	0	1	329	1	329	0.0	620
MDA8608780.1	QIZ20743.1	75.170	294	73	0	1	294	1	294	4.76e-165	456
MDA8608781.1	QIZ20742.1	85.484	434	63	0	1	434	1	434	0.0	786
MDA8608782.1	QIZ20741.1	75.926	108	26	0	1	108	1	108	6.67e-58	170
MDA8608783.1	QIZ20740.1	90.000	630	63	0	1	630	1	630	0.0	1188
MDA8608784.1	QIZ20739.1	83.794	253	41	0	1	253	1	253	1.89e-156	431
MDA8608786.1	QIZ20738.1	79.245	106	22	0	1	106	1	106	1.62e-62	181
MDA8608787.1	QIZ20737.1	73.669	338	89	0	1	338	1	338	0.0	516
MDA8608788.1	QIZ20736.1	75.362	207	51	0	1	207	1	207	2.03e-120	336
MDA8608792.1	QIZ20735.1	55.000	260	113	2	1	260	1	256	1.39e-82	244
MDA8608794.1	QIZ20311.1	36.364	165	104	1	14	177	40	204	1.24e-25	96.3
MDA8608795.1	QIZ20311.1	31.737	167	113	1	51	216	74	240	3.18e-25	95.1
MDA8608796.1	QIZ20416.1	49.219	256	115	3	6	259	2	244	2.67e-82	243
MDA8608797.1	QIZ20734.1	72.121	165	38	1	9	173	24	180	1.27e-84	243
MDA8608799.1	QIZ20733.1	55.862	290	128	0	1	290	1	290	9.91e-111	318
MDA8608804.1	QIZ20203.1	31.767	447	275	9	3	432	1	434	1.16e-62	204
MDA8608805.1	QIZ20860.1	81.172	239	45	0	1	239	194	432	6.63e-148	415
MDA8608806.1	QIZ20861.1	51.408	142	49	4	4	139	16	143	2.88e-37	120
MDA8608807.1	QIZ20862.1	61.429	280	108	0	1	280	1	280	5.62e-122	345
MDA8608808.1	QIZ20863.1	84.874	357	54	0	1	357	1	357	0.0	593
MDA8608809.1	QIZ20864.1	88.493	365	42	0	1	365	1	365	0.0	667
MDA8608810.1	QIZ20865.1	74.938	403	101	0	1	403	1	403	0.0	630
MDA8608811.1	QIZ20866.1	72.385	239	66	0	1	239	1	239	3.03e-129	361
MDA8608812.1	QIZ20867.1	62.759	145	49	2	1	142	1	143	1.18e-54	164
MDA8608813.1	QIZ20868.1	71.132	433	125	0	1	433	1	433	0.0	628
MDA8608814.1	QIZ20869.1	79.127	848	174	1	1	845	1	848	0.0	1359
MDA8608815.1	QIZ20870.1	77.446	368	79	2	1	364	1	368	0.0	583
MDA8608816.1	QIZ20871.1	77.671	730	153	2	1	720	4	733	0.0	1187
MDA8608817.1	QIZ20872.1	85.222	203	30	0	1	203	1	203	1.40e-128	356
MDA8608818.1	QIZ20873.1	81.905	105	19	0	1	105	1	105	1.60e-59	174
MDA8608819.1	QIZ20874.1	72.679	560	143	4	1	553	1	557	0.0	795
MDA8608820.1	QIZ20875.1	79.348	276	57	0	1	276	1	276	1.42e-168	463
MDA8608821.1	QIZ20876.1	66.393	244	80	1	2	243	3	246	9.65e-110	311
MDA8608822.1	QIZ20877.1	71.823	181	47	2	1	179	11	189	6.47e-97	274
MDA8608823.1	QIZ20878.1	78.317	309	67	0	1	309	1	309	0.0	498
MDA8608824.1	QIZ20879.1	80.779	385	74	0	1	385	1	385	0.0	618
MDA8608825.1	QIZ20881.1	81.325	166	29	2	1	164	1	166	9.25e-98	275
MDA8608826.1	QIZ20882.1	75.394	317	78	0	1	317	1	317	0.0	516
MDA8608827.1	QIZ20883.1	84.236	203	32	0	1	203	1	203	2.94e-131	363
MDA8608828.1	QIZ20884.1	71.935	310	86	1	12	320	13	322	1.68e-159	444
MDA8608829.1	QIZ20885.1	41.146	192	108	1	1	187	1	192	8.05e-38	125
MDA8608830.1	QIZ20886.1	74.806	258	65	0	1	258	1	258	1.01e-140	391
MDA8608831.1	QIZ20887.1	66.265	415	137	2	20	432	20	433	0.0	525
MDA8608832.1	QIZ20888.1	71.569	204	58	0	13	216	12	215	3.44e-102	290
MDA8608833.1	QIZ20889.1	80.864	162	30	1	1	161	1	162	1.29e-87	263
MDA8608836.1	QIZ21448.1	61.975	476	180	1	1	475	1	476	0.0	596
MDA8608837.1	QIZ20490.1	27.536	276	179	3	3	264	5	273	1.25e-28	107
MDA8608838.1	QIZ21438.1	65.145	241	84	0	5	245	5	245	3.84e-119	336
MDA8608839.1	QIZ21439.1	82.990	388	66	0	1	388	1	388	0.0	682
MDA8608840.1	QIZ21440.1	87.465	359	45	0	3	361	4	362	0.0	663
MDA8608841.1	QIZ21441.1	94.737	361	19	0	13	373	13	373	0.0	704
MDA8608842.1	QIZ21442.1	83.133	415	70	0	1	415	1	415	0.0	711
MDA8608843.1	QIZ21443.1	91.901	284	23	0	1	284	1	284	0.0	505
MDA8608844.1	QIZ21444.1	87.703	740	91	0	1	740	1	740	0.0	1328
MDA8608845.1	QIZ21445.1	69.484	213	65	0	1	213	1	213	4.65e-110	310
MDA8608846.1	QIZ21446.1	64.317	227	76	1	19	240	19	245	1.95e-103	295
MDA8608847.1	QIZ21447.1	97.179	319	9	0	1	319	1	319	0.0	645
MDA8608848.1	QIZ21448.1	93.096	478	33	0	1	478	1	478	0.0	910
MDA8608849.1	QIZ21449.1	91.414	396	34	0	1	396	1	396	0.0	751
MDA8608850.1	QIZ21450.1	87.611	113	14	0	1	113	1	113	7.55e-74	210
MDA8608851.1	QIZ21451.1	54.822	197	88	1	1	197	1	196	6.48e-72	212
MDA8608852.1	QIZ21452.1	87.514	889	111	0	1	889	1	889	0.0	1626
MDA8608853.1	QIZ21453.1	52.336	214	102	0	1	214	1	214	8.81e-66	198
MDA8608854.1	QIZ21454.1	47.847	418	217	1	15	431	16	433	4.31e-129	375
MDA8608855.1	QIZ21455.1	82.394	142	25	0	1	142	1	142	5.21e-86	243
MDA8608856.1	QIZ21456.1	78.571	70	15	0	1	70	1	70	5.21e-32	108
MDA8608857.1	QIZ21282.1	70.707	198	58	0	1	198	1	198	5.00e-98	283
MDA8608858.1	QIZ21281.1	75.926	162	39	0	1	162	1	162	1.02e-82	237
MDA8608859.1	QIZ21280.1	67.442	172	56	0	21	192	25	196	5.69e-88	253
MDA8608860.1	QIZ21279.1	82.847	857	147	0	1	857	1	857	0.0	1441
MDA8608861.1	QIZ21278.1	85.714	91	13	0	1	91	1	91	8.83e-53	155
MDA8608862.1	QIZ21277.1	90.164	244	24	0	1	244	1	244	7.46e-163	446
MDA8608863.1	QIZ21276.1	100.000	75	0	0	1	75	1	75	1.79e-46	138
MDA8608864.1	QIZ21275.1	73.743	179	47	0	18	196	1	179	1.88e-93	266
MDA8608865.1	QIZ21274.1	80.357	168	33	0	9	176	1	168	2.83e-93	264
MDA8608866.1	QIZ21273.1	83.711	485	79	0	1	485	1	485	0.0	840
MDA8608867.1	QIZ21272.1	60.071	283	113	0	1	283	1	283	9.72e-112	320
MDA8608868.1	QIZ21271.1	66.102	354	120	0	1	354	1	354	4.13e-166	463
MDA8608869.1	QIZ21270.1	61.564	307	118	0	5	311	5	311	1.05e-126	360
MDA8608870.1	QIZ21269.1	77.070	314	72	0	1	314	1	314	0.0	503
MDA8608871.1	QIZ21268.1	64.375	320	113	1	1	319	1	320	2.84e-144	405
MDA8608872.1	QIZ21267.1	71.631	141	40	0	1	141	1	141	4.55e-70	203
MDA8608873.1	QIZ21266.1	72.050	161	45	0	1	161	1	161	2.44e-91	258
MDA8608874.1	QIZ21265.1	70.806	459	130	2	1	456	1	458	0.0	674
MDA8608875.1	QIZ21264.1	68.203	217	69	0	1	217	1	217	6.36e-101	287
MDA8608876.1	QIZ21263.1	85.878	262	37	0	1	262	1	262	4.33e-166	456
MDA8608877.1	QIZ21262.1	84.091	176	28	0	2	177	1	176	6.41e-116	322
MDA8608879.1	QIZ21260.1	86.139	303	42	0	1	303	1	303	0.0	541
MDA8608880.1	QIZ21259.1	95.037	544	27	0	1	544	1	544	0.0	1006
MDA8608881.1	QIZ21258.1	83.395	271	45	0	1	271	1	271	3.46e-165	454
MDA8608882.1	QIZ21257.1	81.974	233	41	1	1	232	1	233	7.73e-139	384
MDA8608883.1	QIZ21256.1	87.654	162	20	0	1	162	1	162	2.50e-106	298
MDA8608884.1	QIZ20247.1	87.097	62	8	0	1	62	1	62	6.99e-37	115
MDA8608885.1	QIZ20246.1	83.936	249	40	0	1	249	1	249	2.55e-157	432
MDA8608886.1	QIZ20245.1	77.982	218	48	0	1	218	1	218	4.08e-127	355
MDA8608887.1	QIZ20244.1	85.938	256	36	0	1	256	1	256	2.20e-171	469
MDA8608888.1	QIZ20243.1	89.976	409	41	0	1	409	22	430	0.0	780
MDA8608889.1	QIZ20241.1	86.250	80	11	0	1	80	1	80	9.56e-47	139
MDA8608890.1	QIZ20240.1	81.057	227	43	0	1	227	1	227	2.51e-140	388
MDA8608891.1	QIZ20238.1	86.842	76	10	0	1	76	1	76	2.51e-47	140
MDA8608892.1	QIZ20237.1	82.569	109	19	0	1	109	1	109	1.07e-66	192
MDA8608893.1	QIZ20236.1	87.317	205	26	0	1	205	1	205	3.14e-140	385
MDA8608894.1	QIZ20235.1	76.695	236	55	0	1	236	1	236	8.41e-134	372
MDA8608895.1	QIZ20234.1	81.989	533	96	0	1	533	1	533	0.0	929
MDA8608896.1	QIZ20233.1	75.717	453	106	2	1	449	1	453	0.0	708
MDA8608897.1	QIZ20232.1	84.490	245	38	0	1	245	1	245	2.21e-158	435
MDA8608898.1	QIZ20231.1	89.978	459	46	0	1	459	1	459	0.0	869
MDA8608899.1	QIZ20230.1	82.013	606	109	0	1	606	1	606	0.0	1047
MDA8608900.1	QIZ20229.1	79.512	205	42	0	1	205	1	205	2.33e-116	325
MDA8608901.1	QIZ20228.1	79.736	227	46	0	1	227	1	227	2.75e-142	393
MDA8608902.1	QIZ20227.1	90.365	301	29	0	1	301	1	301	0.0	566
MDA8608903.1	QIZ20227.1	91.228	114	10	0	1	114	317	430	1.53e-74	224
MDA8608904.1	QIZ20952.1	88.630	686	77	1	1	686	1	685	0.0	1253
MDA8608905.1	QIZ20959.1	91.472	598	51	0	1	598	4	601	0.0	1137
MDA8608906.1	QIZ20960.1	71.945	802	225	0	1	802	1	802	0.0	1145
MDA8608907.1	QIZ20961.1	86.479	355	48	0	1	355	1	355	0.0	651
MDA8608908.1	QIZ20962.1	94.068	118	7	0	1	118	1	118	3.36e-80	227
MDA8608909.1	QIZ20963.1	98.529	68	1	0	1	68	1	68	3.34e-44	132
MDA8608910.1	QIZ20964.1	91.160	181	16	0	1	181	1	181	1.24e-124	344
MDA8608911.1	QIZ20965.1	86.834	638	84	0	1	638	1	638	0.0	1180
MDA8608912.1	QIZ20966.1	75.781	384	93	0	1	384	1	384	0.0	592
MDA8608913.1	QIZ20967.1	73.171	246	66	0	3	248	1	246	2.19e-121	342
MDA8608914.1	QIZ20969.1	84.317	644	101	0	4	647	858	1501	0.0	1123
MDA8608915.1	QIZ20969.1	80.445	854	167	0	1	854	1	854	0.0	1476
MDA8608916.1	QIZ20970.1	86.221	479	66	0	1	479	1	479	0.0	845
MDA8608918.1	QIZ21436.1	87.037	54	7	0	1	54	1	54	2.29e-30	100
MDA8608920.1	QIZ20511.1	28.670	579	380	11	1	555	4	573	1.16e-70	233
MDA8608921.1	QIZ21437.1	76.350	389	91	1	1	389	1	388	0.0	659
MDA8608923.1	QIZ20216.1	57.729	317	133	1	1	316	1	317	8.18e-127	361
MDA8608924.1	QIZ20495.1	43.371	528	296	3	3	527	4	531	1.08e-145	425
MDA8608931.1	QIZ20592.1	34.524	252	151	5	6	256	5	243	2.05e-40	135
MDA8608932.1	QIZ20556.1	45.697	337	179	2	2	334	3	339	2.31e-106	311
MDA8608933.1	QIZ20555.1	42.264	265	149	3	57	321	236	496	1.34e-59	195
MDA8608936.1	QIZ20291.1	56.693	127	54	1	1	126	154	280	2.48e-30	105
MDA8608937.1	QIZ20290.1	88.621	457	52	0	1	457	1	457	0.0	829
MDA8608938.1	QIZ20289.1	65.534	206	70	1	1	205	1	206	1.84e-94	270
MDA8608939.1	QIZ20288.1	78.073	301	66	0	1	301	1	301	3.15e-171	472
MDA8608940.1	QIZ20287.1	89.116	147	14	1	1	147	1	145	2.19e-92	260
MDA8608941.1	QIZ20286.1	92.398	342	26	0	1	342	1	342	0.0	642
MDA8608942.1	QIZ20285.1	87.333	150	18	1	1	149	1	150	4.58e-79	226
MDA8608943.1	QIZ20284.1	94.488	127	7	0	1	127	1	127	7.33e-88	247
MDA8608944.1	QIZ20283.1	69.484	213	65	0	1	213	1	213	1.38e-109	309
MDA8608945.1	QIZ20282.1	92.254	426	33	0	1	426	1	426	0.0	795
MDA8608946.1	QIZ20281.1	84.314	153	21	2	1	150	1	153	1.13e-75	218
MDA8608947.1	QIZ20280.1	87.574	169	21	0	3	171	2	170	1.11e-105	295
MDA8608948.1	QIZ20279.1	78.814	118	25	0	1	118	1	118	1.27e-64	187
MDA8608949.1	QIZ20278.1	84.358	179	28	0	1	179	1	179	1.49e-106	298
MDA8608950.1	QIZ20277.1	85.496	131	19	0	1	131	1	131	1.49e-83	236
MDA8608951.1	QIZ20276.1	89.109	101	11	0	1	101	1	101	3.75e-64	185
MDA8608952.1	QIZ20275.1	83.696	184	30	0	1	184	1	184	1.14e-115	322
MDA8608953.1	QIZ20274.1	91.429	70	6	0	1	70	1	70	2.36e-41	126
MDA8608954.1	QIZ20273.1	95.902	122	5	0	1	122	1	122	8.88e-82	231
MDA8608955.1	QIZ20272.1	88.462	78	9	0	1	78	1	78	6.46e-39	119
MDA8608956.1	QIZ20271.1	87.302	63	8	0	1	63	1	63	1.32e-35	110
MDA8608957.1	QIZ20270.1	88.971	136	15	0	1	136	1	136	3.59e-89	251
MDA8608958.1	QIZ20269.1	94.248	226	13	0	1	226	1	226	1.86e-161	441
MDA8608959.1	QIZ20268.1	82.576	132	23	0	1	132	1	132	1.55e-79	226
MDA8608960.1	QIZ20267.1	85.057	87	13	0	1	87	1	87	1.98e-54	160
MDA8608961.1	QIZ20266.1	87.143	280	35	1	1	279	1	280	1.51e-176	484
MDA8608962.1	QIZ20435.1	49.180	366	186	0	1	366	1	366	5.59e-102	305
MDA8608963.1	QIZ20434.1	66.667	246	82	0	1	246	1	246	4.74e-122	343
MDA8608964.1	QIZ20433.1	84.848	99	15	0	1	99	1	99	2.45e-57	167
MDA8608965.1	QIZ20432.1	87.546	538	67	0	1	538	1	538	0.0	979
MDA8608966.1	QIZ20431.1	90.876	274	25	0	1	274	1	274	0.0	498
MDA8608967.1	QIZ20430.1	83.971	418	67	0	1	418	1	418	0.0	704
MDA8608968.1	QIZ20429.1	72.000	100	28	0	1	100	1	100	3.64e-46	139
MDA8608969.1	QIZ20428.1	81.518	303	56	0	1	303	3	305	0.0	511
MDA8608970.1	QIZ20427.1	68.276	145	46	0	1	145	1	145	5.75e-74	213
MDA8608971.1	QIZ20426.1	64.444	135	48	0	20	154	18	152	2.29e-58	174
MDA8608972.1	QIZ20425.1	44.172	163	89	2	1	162	2	163	9.09e-39	125
MDA8608973.1	QIZ20424.1	53.406	367	168	2	2	365	1	367	4.13e-115	335
MDA8608974.1	QIZ20423.1	65.261	593	205	1	1	592	1	593	0.0	720
MDA8608975.1	QIZ20422.1	76.718	451	105	0	1	451	1	451	0.0	689
MDA8608976.1	QIZ20421.1	81.857	463	84	0	1	463	1	463	0.0	712
MDA8608977.1	QIZ20670.1	75.638	431	105	0	1	431	1	431	0.0	697
MDA8608979.1	QIZ20669.1	88.542	480	55	0	14	493	14	493	0.0	896
MDA8608980.1	QIZ20668.1	65.193	181	63	0	1	181	1	181	5.25e-84	241
MDA8608981.1	QIZ20667.1	81.430	797	144	3	1	796	1	794	0.0	1249
MDA8608982.1	QIZ20666.1	85.805	472	67	0	1	472	1	472	0.0	853
MDA8608983.1	QIZ20665.1	79.605	152	31	0	1	152	1	152	8.74e-79	226
MDA8608984.1	QIZ20664.1	92.857	70	5	0	21	90	1	70	2.63e-44	133
MDA8608985.1	QIZ20663.1	81.731	104	19	0	1	104	1	104	2.69e-62	182
MDA8608986.1	QIZ20662.1	68.831	308	96	0	1	308	1	308	3.92e-147	412
MDA8608987.1	QIZ20661.1	82.857	245	42	0	1	245	3	247	1.20e-149	413
MDA8608988.1	QIZ20660.1	92.405	79	6	0	1	79	1	79	9.21e-47	139
MDA8608989.1	QIZ20659.1	75.714	210	51	0	1	210	1	210	5.68e-123	342
MDA8608990.1	QIZ20658.1	61.923	260	99	0	2	261	3	262	9.11e-119	336
MDA8608991.1	QIZ20657.1	51.039	337	128	4	1	318	1	319	1.02e-102	300
MDA8608992.1	QIZ20656.1	40.526	190	113	0	1	190	115	304	7.71e-43	141
MDA8608993.1	QIZ21539.1	57.600	125	53	0	1	125	6	130	1.81e-39	126
MDA8608994.1	QIZ21540.1	57.857	140	59	0	16	155	8	147	8.49e-62	183
MDA8608995.1	QIZ20544.1	59.172	169	67	1	1	169	1	167	7.82e-71	207
MDA8608996.1	QIZ20508.1	71.243	845	243	0	1	845	17	861	0.0	1184
MDA8608997.1	QIZ20507.1	84.091	220	35	0	1	220	1	220	1.61e-135	375
MDA8608998.1	QIZ20506.1	69.849	199	60	0	1	199	1	199	2.24e-99	282
MDA8608999.1	QIZ21225.1	45.283	159	85	2	24	181	23	180	1.35e-44	141
MDA8609000.1	QIZ20210.1	86.142	534	74	0	8	541	3	536	0.0	916
MDA8609001.1	QIZ20674.1	74.300	393	101	0	1	393	1	393	0.0	614
MDA8609005.1	QIZ20217.1	85.938	448	62	1	1	448	1	447	0.0	798
MDA8609006.1	QIZ21315.1	77.852	149	33	0	1	149	1	149	3.51e-90	254
MDA8609008.1	QIZ20539.1	75.120	209	52	0	1	209	1	209	1.19e-113	325
MDA8609009.1	QIZ21071.1	35.961	203	129	1	6	208	39	240	5.43e-43	140
MDA8609010.1	QIZ21068.1	35.577	208	122	7	7	204	3	208	3.39e-30	106
MDA8609014.1	QIZ20846.1	31.273	275	170	7	19	291	20	277	1.41e-28	108
MDA8609021.1	QIZ20715.1	33.486	218	128	5	42	255	52	256	1.94e-26	99.8
MDA8609023.1	QIZ20606.1	77.453	479	108	0	1	479	1	479	0.0	800
MDA8609024.1	QIZ20511.1	23.519	540	348	14	64	569	49	557	4.44e-25	105
MDA8609026.1	QIZ20605.1	87.212	391	50	0	1	391	1	391	0.0	713
MDA8609027.1	QIZ20604.1	92.241	232	18	0	1	232	98	329	9.20e-142	395
MDA8609028.1	QIZ20646.1	84.230	539	85	0	2	540	56	594	0.0	955
MDA8609029.1	QIZ20645.1	85.036	274	40	1	1	274	1	273	1.27e-171	471
MDA8609030.1	QIZ20644.1	72.881	118	32	0	1	118	1	118	6.37e-62	181
MDA8609031.1	QIZ20643.1	71.429	98	28	0	37	134	35	132	1.58e-50	153
MDA8609032.1	QIZ20642.1	90.112	445	44	0	1	445	1	445	0.0	832
MDA8609033.1	QIZ20641.1	72.222	144	37	1	1	144	1	141	5.66e-71	205
MDA8609034.1	QIZ20640.1	78.676	136	29	0	10	145	10	145	7.49e-79	226
MDA8609036.1	QIZ20638.1	88.327	257	30	0	1	257	1	257	4.18e-169	463
MDA8609037.1	QIZ20637.1	78.041	592	114	2	1	576	1	592	0.0	900
MDA8609039.1	QIZ20778.1	88.788	330	37	0	1	330	1	330	0.0	606
MDA8609040.1	QIZ20777.1	84.485	651	101	0	1	651	1	651	0.0	1152
MDA8609041.1	QIZ20781.1	68.571	140	44	0	10	149	68	207	1.91e-67	199
MDA8609042.1	QIZ20782.1	80.108	186	37	0	1	186	1	186	2.99e-117	326
MDA8609043.1	QIZ20783.1	65.447	246	85	0	1	246	1	246	2.84e-116	328
MDA8609044.1	QIZ20784.1	86.842	76	10	0	1	76	1	76	1.03e-48	144
MDA8609045.1	QIZ20785.1	82.564	195	34	0	1	195	1	195	5.39e-114	318
MDA8609046.1	QIZ20786.1	95.312	64	3	0	1	64	1	64	1.09e-37	115
MDA8609047.1	QIZ20853.1	54.310	232	106	0	1	232	7	238	1.28e-86	252
MDA8609048.1	QIZ20788.1	93.103	464	32	0	2	465	1	464	0.0	876
MDA8609049.1	QIZ20789.1	91.579	95	8	0	1	95	1	95	3.83e-58	170
MDA8609050.1	QIZ20790.1	88.482	191	22	0	1	191	157	347	1.22e-119	339
MDA8609051.1	QIZ20790.1	70.199	151	45	0	1	151	1	151	3.84e-73	219
MDA8609053.1	QIZ20792.1	95.122	41	2	0	1	41	1	41	3.81e-23	77.4
MDA8609054.1	QIZ20793.1	73.359	259	69	0	1	259	33	291	3.46e-143	399
MDA8609055.1	QIZ20355.1	67.260	281	92	0	1	281	1	281	1.65e-132	372
MDA8609056.1	QIZ20354.1	71.572	299	84	1	1	298	1	299	7.42e-157	436
MDA8609057.1	QIZ20353.1	86.047	430	60	0	1	430	1	430	0.0	704
MDA8609058.1	QIZ20352.1	58.667	75	30	1	1	75	1	74	3.87e-28	92.4
MDA8609059.1	QIZ20351.1	74.775	333	84	0	1	333	1	333	0.0	520
MDA8609060.1	QIZ20350.1	75.352	142	35	0	4	145	8	149	1.83e-81	232
MDA8609061.1	QIZ20349.1	79.085	153	31	1	1	152	1	153	7.59e-91	256
MDA8609062.1	QIZ20348.1	93.213	442	30	0	1	442	1	442	0.0	832
MDA8609063.1	QIZ20347.1	49.401	334	165	2	1	332	1	332	1.21e-95	283
MDA8609064.1	QIZ20346.1	78.125	96	21	0	1	96	1	96	9.07e-46	138
MDA8609065.1	QIZ20345.1	95.238	63	3	0	1	63	1	63	2.49e-39	119
MDA8609066.1	QIZ20344.1	66.129	124	41	1	1	123	2	125	4.40e-53	159
MDA8609067.1	QIZ20343.1	75.510	98	24	0	2	99	3	100	4.90e-49	147
MDA8609068.1	QIZ20342.1	78.078	333	73	0	1	333	1	333	0.0	521
MDA8609069.1	QIZ20341.1	86.667	60	8	0	1	60	1	60	1.61e-36	112
MDA8609070.1	QIZ20340.1	54.321	81	37	0	1	81	72	152	3.18e-23	82.4
MDA8609071.1	QIZ20929.1	62.500	80	29	1	1	80	1	79	1.24e-28	98.2
MDA8609073.1	QIZ20931.1	79.825	114	22	1	1	113	1	114	1.63e-56	167
MDA8609074.1	QIZ20932.1	68.675	83	26	0	1	83	1	83	1.53e-38	119
MDA8609075.1	QIZ20933.1	73.297	558	147	2	1	557	1	557	0.0	884
MDA8609076.1	QIZ20934.1	69.792	288	87	0	1	288	1	288	1.53e-144	403
MDA8609077.1	QIZ20935.1	87.330	221	28	0	1	221	1	221	1.52e-146	403
MDA8609078.1	QIZ20936.1	75.362	276	67	1	1	276	1	275	1.69e-159	440
MDA8609079.1	QIZ20937.1	76.823	384	89	0	1	384	1	384	0.0	624
MDA8609080.1	QIZ20939.1	72.816	309	84	0	1	309	1	309	4.83e-179	492
MDA8609081.1	QIZ20940.1	82.237	152	27	0	1	152	1	152	1.14e-93	264
MDA8609082.1	QIZ20941.1	71.138	246	71	0	1	246	1	246	7.22e-132	368
MDA8609083.1	QIZ20942.1	71.711	304	86	0	1	304	1	304	1.06e-160	446
MDA8609084.1	QIZ20943.1	79.651	172	34	1	1	171	1	172	1.57e-99	280
MDA8609085.1	QIZ21209.1	78.947	171	36	0	1	171	29	199	3.45e-105	295
MDA8609086.1	QIZ21210.1	81.232	1039	195	0	1	1039	1	1039	0.0	1658
MDA8609087.1	QIZ21211.1	59.136	301	123	0	1	301	1	301	1.10e-127	363
MDA8609088.1	QIZ21212.1	68.889	270	84	0	1	270	1	270	5.09e-140	390
MDA8609089.1	QIZ21213.1	81.633	147	27	0	1	147	1	147	3.48e-92	259
MDA8609090.1	QIZ21214.1	72.449	294	80	1	1	293	1	294	6.01e-152	422
MDA8609091.1	QIZ21215.1	86.256	211	29	0	1	211	1	211	1.36e-137	379
MDA8609092.1	QIZ21216.1	63.265	98	36	0	1	98	1	98	1.05e-46	140
MDA8609093.1	QIZ21217.1	88.701	177	20	0	1	177	1	177	3.68e-119	330
MDA8609094.1	QIZ21218.1	90.367	436	42	0	1	436	1	436	0.0	795
MDA8609095.1	QIZ20331.1	93.143	175	12	0	1	175	1	175	6.99e-120	341
MDA8609096.1	QIZ20330.1	84.397	141	22	0	1	141	1	141	4.06e-86	243
MDA8609097.1	QIZ20329.1	80.412	194	38	0	3	196	20	213	9.66e-120	333
MDA8609098.1	QIZ20328.1	79.331	329	68	0	1	329	1	329	0.0	546
MDA8609099.1	QIZ20327.1	67.257	226	74	0	1	226	1	226	5.59e-102	290
MDA8609100.1	QIZ20326.1	73.059	219	59	0	1	219	1	219	2.78e-111	314
MDA8609101.1	QIZ20325.1	73.140	242	65	0	3	244	2	243	1.54e-133	372
MDA8609102.1	QIZ20324.1	60.630	127	50	0	1	127	1	127	1.23e-51	155
MDA8609103.1	QIZ20323.1	68.220	236	75	0	1	236	1	236	9.66e-108	306
MDA8609104.1	QIZ20322.1	83.590	195	32	0	1	195	1	195	4.23e-110	308
MDA8609105.1	QIZ20321.1	80.513	585	110	1	1	581	1	585	0.0	986
MDA8609106.1	QIZ20320.1	54.913	173	75	1	1	170	1	173	6.16e-61	182
MDA8609107.1	QIZ20319.1	89.744	156	16	0	1	156	1	156	1.08e-105	294
MDA8609108.1	QIZ20977.1	80.250	800	157	1	1	800	3	801	0.0	1327
MDA8609109.1	QIZ21314.1	28.000	375	242	14	1	354	3	370	3.41e-39	140
MDA8609112.1	QIZ20976.1	87.234	141	18	0	1	141	1	141	2.73e-94	264
MDA8609113.1	QIZ20975.1	84.974	193	29	0	1	193	1	193	7.67e-122	346
MDA8609115.1	QIZ21036.1	68.932	309	95	1	1	309	1	308	2.42e-159	442
MDA8609116.1	QIZ21035.1	84.615	195	30	0	18	212	18	212	4.38e-128	356
MDA8609117.1	QIZ21034.1	83.658	257	42	0	1	257	1	257	1.20e-160	442
MDA8609118.1	QIZ21033.1	86.400	375	49	1	1	375	1	373	0.0	643
MDA8609119.1	QIZ21032.1	92.516	628	47	0	1	628	1	628	0.0	1177
MDA8609120.1	QIZ21031.1	69.953	213	54	3	1	208	1	208	1.67e-100	286
MDA8609121.1	QIZ21030.1	68.878	196	61	0	3	198	5	200	1.64e-90	259
MDA8609122.1	QIZ21029.1	61.714	350	134	0	1	350	34	383	2.27e-152	429
MDA8609123.1	QIZ21087.1	44.601	213	108	3	1	209	1	207	3.65e-52	165
MDA8609124.1	QIZ20921.1	47.009	351	181	3	1	350	1	347	1.62e-111	324
MDA8609125.1	QIZ20922.1	64.026	467	163	4	1	464	1	465	0.0	580
MDA8609126.1	QIZ21496.1	67.692	65	21	0	3	67	2	66	1.17e-29	95.9
MDA8609127.1	QIZ20923.1	84.507	71	11	0	1	71	1	71	1.79e-41	125
MDA8609128.1	QIZ20924.1	81.499	427	79	0	1	427	2	428	0.0	697
MDA8609129.1	QIZ20925.1	67.969	128	41	0	1	128	1	128	1.09e-61	181
MDA8609130.1	QIZ20926.1	80.815	417	80	0	1	417	1	417	0.0	675
MDA8609131.1	QIZ20927.1	74.595	185	46	1	1	184	1	185	2.41e-98	278
MDA8609132.1	QIZ20928.1	87.692	65	8	0	1	65	1	65	9.36e-29	93.2
MDA8609133.1	QIZ20929.1	60.465	86	34	0	1	86	154	239	2.94e-30	102
MDA8609134.1	QIZ20608.1	78.182	275	60	0	1	275	1	275	1.78e-161	445
MDA8609137.1	QIZ20492.1	28.516	256	171	6	12	266	2	246	3.03e-24	94.4
MDA8609140.1	QIZ20501.1	48.438	320	163	1	1	318	1	320	2.24e-101	296
MDA8609143.1	QIZ20510.1	74.885	434	109	0	1	434	1	434	0.0	689
MDA8609144.1	QIZ20500.1	87.467	383	48	0	1	383	1	383	0.0	719
MDA8609145.1	QIZ20499.1	79.070	258	54	0	1	258	1	258	8.89e-152	419
MDA8609146.1	QIZ20498.1	61.423	267	98	2	1	266	1	263	1.19e-108	311
MDA8609147.1	QIZ20497.1	89.286	252	27	0	1	252	1	252	4.70e-157	432
MDA8609148.1	QIZ20496.1	90.256	195	19	0	1	195	1	195	7.87e-115	321
MDA8609149.1	QIZ20495.1	82.704	503	87	0	2	504	29	531	0.0	895
MDA8609150.1	QIZ20894.1	85.135	74	11	0	1	74	191	264	6.71e-32	107
MDA8609151.1	QIZ20895.1	73.377	308	82	0	1	308	1	308	1.92e-179	493
MDA8609152.1	QIZ20896.1	48.592	426	211	7	1	422	1	422	1.09e-138	399
MDA8609153.1	QIZ20897.1	58.879	107	41	2	1	105	1	106	5.82e-41	127
MDA8609154.1	QIZ20898.1	37.161	479	290	4	4	481	5	473	1.88e-113	338
MDA8609155.1	QIZ20908.1	49.565	230	109	3	1	223	1	230	4.43e-74	220
MDA8609157.1	QIZ20920.1	49.770	217	108	1	1	217	13	228	1.30e-72	216
MDA8609158.1	QIZ21429.1	88.017	242	29	0	1	242	202	443	6.10e-158	441
MDA8609159.1	QIZ21431.1	77.778	216	48	0	1	216	1	216	1.94e-114	323
MDA8609160.1	QIZ21432.1	90.176	397	38	1	1	396	1	397	0.0	693
MDA8609161.1	QIZ21433.1	82.105	285	51	0	1	285	1	285	2.05e-168	463
MDA8609162.1	QIZ21434.1	76.423	492	116	0	1	492	1	492	0.0	805
MDA8609163.1	QIZ21435.1	50.885	226	108	2	1	223	34	259	3.18e-79	234
MDA8609164.1	QIZ21436.1	94.595	74	4	0	1	74	122	195	8.30e-50	150
MDA8609165.1	QIZ20727.1	58.261	115	47	1	3	116	318	432	1.01e-42	140
MDA8609166.1	QIZ20726.1	93.963	381	23	0	1	381	1	381	0.0	734
MDA8609167.1	QIZ20725.1	76.802	888	206	0	1	888	1	888	0.0	1427
MDA8609168.1	QIZ20724.1	88.366	404	47	0	1	404	1	404	0.0	767
MDA8609169.1	QIZ20219.1	56.522	92	40	0	1	92	1	92	1.15e-34	110
MDA8609170.1	QIZ20220.1	87.603	484	60	0	1	484	1	484	0.0	865
MDA8609171.1	QIZ20221.1	89.922	645	65	0	1	645	1	645	0.0	1227
MDA8609172.1	QIZ20222.1	90.000	330	31	1	8	337	15	342	0.0	632
MDA8609174.1	QIZ21381.1	67.974	306	98	0	1	306	1	306	2.94e-146	409
MDA8609175.1	QIZ21382.1	55.649	239	106	0	18	256	19	257	5.19e-97	282
MDA8609176.1	QIZ21383.1	65.367	667	231	0	10	676	10	676	0.0	891
MDA8609177.1	QIZ21384.1	64.941	425	149	0	1	425	140	564	0.0	560
MDA8609178.1	QIZ21071.1	88.048	251	30	0	1	251	1	251	1.01e-167	459
MDA8609179.1	QIZ21070.1	87.137	241	29	1	1	241	1	239	5.54e-154	423
MDA8609180.1	QIZ21068.1	87.019	208	27	0	1	208	1	208	2.32e-135	374
MDA8609181.1	QIZ21067.1	92.347	196	15	0	1	196	1	196	5.14e-136	374
MDA8609182.1	QIZ21066.1	87.719	171	21	0	1	171	1	171	1.56e-111	310
MDA8609183.1	QIZ21065.1	89.623	424	42	2	1	424	1	422	0.0	749
MDA8609184.1	QIZ20648.1	46.535	101	54	0	13	113	13	113	2.73e-25	93.2
MDA8609185.1	QIZ20649.1	76.901	342	78	1	1	342	1	341	0.0	509
MDA8609186.1	QIZ20650.1	66.845	187	61	1	1	186	1	187	2.96e-84	243
MDA8609187.1	QIZ20651.1	90.441	136	13	0	1	136	1	136	4.68e-80	228
MDA8609188.1	QIZ20652.1	88.454	485	56	0	1	485	1	485	0.0	883
MDA8609189.1	QIZ20653.1	50.435	230	114	0	1	230	1	230	1.27e-74	226
MDA8609190.1	QIZ20472.1	90.141	71	6	1	1	70	132	202	2.71e-43	134
MDA8609191.1	QIZ20471.1	93.350	391	26	0	1	391	1	391	0.0	769
MDA8609192.1	QIZ20470.1	86.139	202	28	0	1	202	1	202	7.20e-135	372
MDA8609193.1	QIZ20469.1	89.842	443	45	0	1	443	1	443	0.0	843
MDA8609194.1	QIZ20468.1	92.727	330	24	0	1	330	1	330	0.0	654
MDA8609195.1	QIZ20588.1	35.648	216	138	1	81	295	65	280	2.20e-46	153
MDA8609199.1	QIZ20463.1	84.517	549	85	0	1	549	1	549	0.0	956
MDA8609200.1	QIZ20464.1	87.379	103	13	0	1	103	1	103	1.01e-50	151
MDA8609201.1	QIZ20465.1	80.000	210	42	0	23	232	1	210	7.87e-124	345
MDA8609202.1	QIZ20466.1	89.441	161	17	0	1	161	1	161	1.75e-110	307
MDA8609203.1	QIZ20467.1	94.810	289	15	0	1	289	44	332	0.0	550
MDA8609205.1	QIZ21430.1	57.584	389	163	1	2	390	1	387	1.26e-152	432
MDA8609206.1	QIZ20215.1	85.517	145	21	0	1	145	1	145	4.35e-92	259
MDA8609207.1	QIZ21536.1	75.111	225	56	0	1	225	1	225	6.05e-132	366
MDA8609211.1	QIZ21369.1	71.795	156	44	0	3	158	181	336	4.25e-74	221
MDA8609212.1	QIZ21369.1	71.333	150	43	0	1	150	1	150	9.10e-76	224
MDA8609213.1	QIZ21368.1	76.447	501	103	6	1	492	1	495	0.0	692
MDA8609214.1	QIZ21367.1	89.677	155	16	0	1	155	1	155	5.43e-106	295
MDA8609215.1	QIZ21459.1	58.082	365	153	0	10	374	10	374	2.92e-164	461
MDA8609216.1	QIZ21458.1	69.639	471	143	0	1	471	1	471	0.0	693
MDA8609217.1	QIZ21457.1	74.101	139	36	0	1	139	1	139	1.03e-80	230
MDA8609218.1	QIZ21456.1	73.367	199	53	0	1	199	152	350	3.43e-103	297
MDA8609219.1	QIZ20485.1	66.292	89	30	0	1	89	1	89	2.65e-40	134
MDA8609220.1	QIZ20487.1	76.993	439	101	0	4	442	2	440	0.0	654
MDA8609221.1	QIZ20488.1	55.825	206	77	2	16	208	15	219	1.08e-68	205
MDA8609222.1	QIZ20489.1	65.931	317	108	0	12	328	47	363	2.81e-157	440
MDA8609224.1	QIZ20904.1	40.994	161	85	3	1	153	1	159	1.14e-35	117
MDA8609229.1	QIZ20589.1	68.613	137	43	0	1	137	58	194	1.75e-63	191
MDA8609230.1	QIZ20592.1	93.750	240	15	0	38	277	8	247	4.67e-170	466
MDA8609231.1	QIZ20591.1	77.778	279	62	0	1	279	1	279	1.41e-165	456
MDA8609232.1	QIZ20605.1	32.880	368	203	9	33	386	50	387	1.90e-47	162
MDA8609233.1	QIZ20655.1	40.114	875	445	10	1	865	1	806	0.0	583
MDA8609234.1	QIZ20654.1	49.618	131	66	0	10	140	227	357	5.29e-27	99.0
MDA8609235.1	QIZ21251.1	85.821	134	19	0	1	134	1	134	2.21e-86	244
MDA8609236.1	QIZ21252.1	54.489	323	147	0	1	323	1	323	6.43e-126	359
MDA8609237.1	QIZ21253.1	82.079	279	49	1	1	278	1	279	4.32e-171	470
MDA8609242.1	QIZ20436.1	82.979	423	69	2	1	422	64	484	0.0	669
MDA8609243.1	QIZ20437.1	79.894	189	38	0	1	189	1	189	4.54e-112	313
MDA8609244.1	QIZ20438.1	81.090	312	59	0	1	312	1	312	0.0	520
MDA8609245.1	QIZ20889.1	83.815	346	56	0	1	346	231	576	0.0	608
MDA8609246.1	QIZ20890.1	89.474	95	10	0	1	95	1	95	2.45e-60	175
MDA8609247.1	QIZ20891.1	85.217	230	34	0	1	230	1	230	6.78e-146	402
MDA8609248.1	QIZ20892.1	65.550	209	72	0	1	209	1	209	1.57e-99	283
MDA8609249.1	QIZ20601.1	95.643	482	21	0	1	482	1	482	0.0	849
MDA8609250.1	QIZ20600.1	76.305	249	58	1	1	249	1	248	9.05e-140	388
MDA8609251.1	QIZ20599.1	67.797	118	38	0	1	118	1	118	3.42e-57	175
MDA8609255.1	QIZ21422.1	89.272	261	28	0	1	261	1	261	1.63e-173	474
MDA8609256.1	QIZ21421.1	82.927	246	42	0	1	246	1	246	1.49e-156	430
MDA8609257.1	QIZ21420.1	72.239	335	92	1	1	334	16	350	0.0	504
MDA8609258.1	QIZ21202.1	69.366	284	86	1	10	292	229	512	1.89e-126	366
MDA8609259.1	QIZ21203.1	89.252	428	46	0	1	428	1	428	0.0	783
MDA8609260.1	QIZ21204.1	53.333	90	42	0	1	90	1	90	7.42e-29	97.1
MDA8609261.1	QIZ20338.1	90.300	701	68	0	1	701	1	701	0.0	1240
MDA8609262.1	QIZ21384.1	65.217	69	24	0	3	71	4	72	6.54e-28	99.8
MDA8609263.1	QIZ21385.1	86.578	678	91	0	1	678	1	678	0.0	1231
MDA8609269.1	QIZ20420.1	70.435	230	68	0	1	230	239	468	1.17e-85	258
MDA8609271.1	QIZ20226.1	94.361	266	15	0	1	266	33	298	0.0	523
MDA8609272.1	QIZ20225.1	86.631	374	50	0	1	374	1	374	0.0	678
MDA8609273.1	QIZ20224.1	67.797	59	18	1	1	59	150	207	6.73e-21	76.6
