MDA9722772.1	QIZ21510.1	43.056	144	73	1	3	146	7	141	1.62e-39	126
MDA9722773.1	QIZ21509.1	74.609	256	65	0	2	257	6	261	7.73e-144	399
MDA9722774.1	QIZ21508.1	90.323	124	12	0	1	124	1	124	3.26e-86	242
MDA9722775.1	QIZ21507.1	75.373	134	33	0	1	134	1	134	2.88e-74	213
MDA9722778.1	QIZ21506.1	62.078	385	146	0	7	391	13	397	0.0	526
MDA9722780.1	QIZ21513.1	35.142	811	515	7	1	801	1	810	1.89e-169	505
MDA9722783.1	QIZ20555.1	40.171	234	137	2	48	280	265	496	1.96e-54	180
MDA9722784.1	QIZ21505.1	85.950	242	34	0	1	242	1	242	2.03e-158	434
MDA9722785.1	QIZ21504.1	91.150	452	40	0	1	452	1	452	0.0	866
MDA9722786.1	QIZ21503.1	75.691	181	44	0	1	181	1	181	1.02e-103	291
MDA9722788.1	QIZ21502.1	55.172	203	90	1	1	202	1	203	2.44e-78	229
MDA9722789.1	QIZ21501.1	72.171	539	150	0	1	539	12	550	0.0	824
MDA9722790.1	QIZ21500.1	77.019	322	74	0	1	322	1	322	0.0	530
MDA9722791.1	QIZ21499.1	69.872	156	47	0	8	163	7	162	2.56e-75	218
MDA9722792.1	QIZ21498.1	64.368	348	123	1	1	347	1	348	7.18e-154	432
MDA9722794.1	QIZ21497.1	67.333	150	49	0	1	150	1	150	3.03e-73	212
MDA9722795.1	QIZ21492.1	62.329	146	55	0	1	146	1	146	1.12e-65	192
MDA9722797.1	QIZ21489.1	58.462	195	81	0	1	195	1	195	9.09e-86	247
MDA9722798.1	QIZ21488.1	85.070	998	149	0	2	999	1	998	0.0	1811
MDA9722799.1	QIZ21487.1	85.227	88	13	0	1	88	1	88	2.77e-56	164
MDA9722800.1	QIZ21486.1	89.952	418	42	0	1	418	1	418	0.0	789
MDA9722801.1	QIZ21485.1	82.047	557	99	1	3	558	5	561	0.0	944
MDA9722802.1	QIZ21484.1	42.188	256	148	0	4	259	6	261	1.22e-73	221
MDA9722803.1	QIZ21483.1	67.363	383	124	1	5	386	4	386	0.0	544
MDA9722805.1	QIZ21131.1	24.315	292	191	7	122	396	4	282	1.96e-22	91.7
MDA9722808.1	QIZ21481.1	45.029	342	162	7	1	318	1	340	3.61e-93	276
MDA9722809.1	QIZ21480.1	82.993	441	75	0	1	441	1	441	0.0	792
MDA9722811.1	QIZ21479.1	88.424	717	83	0	1	717	1	717	0.0	1282
MDA9722812.1	QIZ21478.1	87.464	343	43	0	1	343	1	343	0.0	619
MDA9722813.1	QIZ21477.1	76.404	178	42	0	14	191	6	183	1.15e-87	251
MDA9722814.1	QIZ21476.1	78.704	108	22	1	4	111	18	124	1.77e-58	172
MDA9722815.1	QIZ21475.1	56.849	146	63	0	1	146	1	146	3.96e-56	168
MDA9722816.1	QIZ21474.1	91.111	315	27	1	1	315	1	314	0.0	594
MDA9722817.1	QIZ21473.1	63.415	779	280	2	1	779	2	775	0.0	1047
MDA9722818.1	QIZ21472.1	77.477	111	25	0	6	116	5	115	1.83e-62	182
MDA9722819.1	QIZ21471.1	81.136	440	83	0	2	441	3	442	0.0	773
MDA9722820.1	QIZ21470.1	84.049	489	78	0	1	489	1	489	0.0	889
MDA9722821.1	QIZ21469.1	92.038	314	25	0	1	314	1	314	0.0	603
MDA9722822.1	QIZ21468.1	86.620	284	38	0	1	284	1	284	0.0	514
MDA9722823.1	QIZ21467.1	91.503	459	38	1	6	464	17	474	0.0	880
MDA9722824.1	QIZ21466.1	89.744	117	12	0	18	134	17	133	2.52e-78	223
MDA9722825.1	QIZ21465.1	84.335	466	73	0	1	466	1	466	0.0	813
MDA9722826.1	QIZ21464.1	59.740	77	26	2	1	76	1	73	1.77e-26	88.2
MDA9722828.1	QIZ21463.1	74.744	293	72	2	1	291	1	293	1.87e-160	444
MDA9722829.1	QIZ21462.1	78.341	217	46	1	11	226	11	227	1.11e-126	353
MDA9722830.1	QIZ21461.1	90.826	436	40	0	4	439	6	441	0.0	768
MDA9722831.1	QIZ21460.1	78.005	441	97	0	1	441	1	441	0.0	731
MDA9722832.1	QIZ21459.1	57.407	378	160	1	2	378	3	380	5.16e-161	452
MDA9722833.1	QIZ21458.1	64.271	473	167	2	1	472	1	472	0.0	644
MDA9722834.1	QIZ21457.1	71.223	139	40	0	1	139	1	139	3.06e-77	221
MDA9722835.1	QIZ20892.1	53.234	201	92	2	1	200	1	200	4.96e-67	200
MDA9722836.1	QIZ20891.1	48.444	225	106	6	6	222	6	228	2.62e-61	187
MDA9722837.1	QIZ20890.1	63.542	96	35	0	1	96	1	96	2.04e-39	122
MDA9722838.1	QIZ20889.1	68.522	575	177	2	1	574	1	572	0.0	819
MDA9722839.1	QIZ20888.1	59.804	204	82	0	13	216	12	215	2.43e-80	235
MDA9722840.1	QIZ20887.1	57.656	418	176	1	20	436	20	437	1.90e-158	451
MDA9722841.1	QIZ20886.1	61.628	258	99	0	1	258	1	258	3.65e-116	329
MDA9722843.1	QIZ20884.1	55.272	313	137	3	13	325	13	322	2.47e-119	342
MDA9722844.1	QIZ20883.1	61.576	203	78	0	1	203	1	203	5.21e-92	263
MDA9722845.1	QIZ20882.1	59.677	310	124	1	8	316	7	316	4.71e-136	384
MDA9722847.1	QIZ20881.1	56.627	166	71	1	1	165	1	166	1.04e-67	199
MDA9722848.1	QIZ20880.1	54.444	270	123	0	1	270	1	270	7.91e-93	271
MDA9722849.1	QIZ20879.1	78.351	388	84	0	1	388	1	388	0.0	603
MDA9722850.1	QIZ20878.1	69.355	310	94	1	1	310	1	309	4.58e-162	449
MDA9722851.1	QIZ20877.1	56.983	179	74	1	1	176	11	189	2.52e-77	224
MDA9722852.1	QIZ20876.1	56.504	246	106	1	1	245	1	246	1.79e-91	265
MDA9722853.1	QIZ20875.1	64.964	274	96	0	2	275	3	276	6.11e-138	385
MDA9722854.1	QIZ20874.1	64.786	514	168	3	1	501	1	514	0.0	654
MDA9722855.1	QIZ20873.1	69.524	105	32	0	1	105	1	105	2.30e-51	153
MDA9722856.1	QIZ20872.1	71.939	196	54	1	1	196	1	195	5.73e-107	301
MDA9722857.1	QIZ20871.1	73.315	727	183	3	1	716	4	730	0.0	1131
MDA9722858.1	QIZ20870.1	72.554	368	101	0	1	368	1	368	0.0	557
MDA9722859.1	QIZ20869.1	70.671	849	240	2	1	841	1	848	0.0	1207
MDA9722860.1	QIZ20868.1	65.127	433	151	0	1	433	1	433	0.0	581
MDA9722861.1	QIZ20867.1	53.103	145	62	2	1	141	1	143	1.90e-45	140
MDA9722862.1	QIZ20866.1	72.269	238	66	0	4	241	2	239	2.86e-123	346
MDA9722863.1	QIZ20865.1	67.990	403	128	1	1	402	1	403	0.0	565
MDA9722864.1	QIZ20864.1	76.374	364	86	0	1	364	1	364	0.0	585
MDA9722865.1	QIZ20863.1	75.000	356	89	0	1	356	1	356	0.0	531
MDA9722866.1	QIZ20862.1	49.643	280	141	0	1	280	1	280	6.26e-90	264
MDA9722867.1	QIZ20861.1	50.450	111	47	3	13	121	16	120	2.27e-29	100
MDA9722868.1	QIZ20860.1	57.922	385	161	1	44	428	47	430	2.45e-158	450
MDA9722870.1	QIZ20805.1	40.204	393	217	6	191	567	1	391	4.17e-90	279
MDA9722873.1	QIZ20796.1	29.012	324	200	12	3	316	6	309	6.33e-28	106
MDA9722876.1	QIZ20842.1	29.644	253	154	5	1	236	1	246	2.98e-27	103
MDA9722880.1	QIZ20796.1	29.268	287	159	8	5	271	3	265	3.94e-23	92.8
MDA9722881.1	QIZ20851.1	27.778	324	208	10	5	322	3	306	5.97e-28	106
MDA9722884.1	QIZ20852.1	32.581	310	193	8	2	300	3	307	5.91e-32	117
MDA9722885.1	QIZ20829.1	36.082	194	122	2	25	217	34	226	4.62e-31	117
MDA9722888.1	QIZ20829.1	34.530	362	223	6	13	370	22	373	1.07e-48	164
MDA9722889.1	QIZ20851.1	27.414	321	200	11	1	315	1	294	1.61e-22	92.0
MDA9722893.1	QIZ20594.1	60.159	251	100	0	1	251	1	251	4.55e-107	305
MDA9722894.1	QIZ20595.1	66.940	366	119	1	1	364	1	366	4.24e-180	499
MDA9722895.1	QIZ20596.1	70.333	300	89	0	1	300	1	300	2.01e-151	422
MDA9722896.1	QIZ20597.1	70.833	288	84	0	4	291	3	290	2.15e-163	451
MDA9722897.1	QIZ20598.1	71.358	405	115	1	1	405	3	406	0.0	613
MDA9722898.1	QIZ20599.1	73.000	300	81	0	1	300	1	300	1.58e-172	475
MDA9722899.1	QIZ20600.1	77.108	249	56	1	1	249	1	248	2.72e-143	397
MDA9722900.1	QIZ20601.1	94.191	482	28	0	1	482	1	482	0.0	837
MDA9722901.1	QIZ20602.1	73.810	168	43	1	1	167	1	168	1.26e-79	229
MDA9722902.1	QIZ20603.1	83.951	324	51	1	1	324	1	323	0.0	556
MDA9722903.1	QIZ20604.1	71.053	114	33	0	3	116	2	115	1.12e-45	146
MDA9722904.1	QIZ20604.1	90.995	211	19	0	1	211	119	329	8.28e-135	377
MDA9722905.1	QIZ20605.1	85.678	391	56	0	1	391	1	391	0.0	699
MDA9722910.1	QIZ20416.1	31.818	220	140	5	8	225	5	216	1.35e-29	107
MDA9722914.1	QIZ21401.1	24.260	507	338	15	64	550	51	531	2.69e-28	115
MDA9722915.1	QIZ20606.1	73.849	478	125	0	1	478	1	478	0.0	757
MDA9722921.1	QIZ20501.1	49.062	320	161	1	1	318	1	320	1.82e-104	304
MDA9722926.1	QIZ20622.1	70.068	294	88	0	1	294	1	294	3.48e-145	405
MDA9722927.1	QIZ20623.1	64.151	159	57	0	1	159	1	159	7.84e-68	199
MDA9722928.1	QIZ20624.1	84.188	468	74	0	1	468	1	468	0.0	839
MDA9722929.1	QIZ20625.1	81.308	107	20	0	5	111	4	110	1.14e-64	187
MDA9722930.1	QIZ20626.1	75.510	98	24	0	1	98	1	98	3.27e-53	157
MDA9722931.1	QIZ20627.1	75.817	153	37	0	1	153	1	153	1.70e-86	246
MDA9722932.1	QIZ20628.1	82.020	406	73	0	1	406	1	406	0.0	707
MDA9722933.1	QIZ20629.1	64.096	415	148	1	1	414	1	415	0.0	510
MDA9722934.1	QIZ20630.1	88.889	243	27	0	1	243	1	243	1.78e-157	432
MDA9722935.1	QIZ20631.1	88.679	477	54	0	2	478	4	480	0.0	902
MDA9722936.1	QIZ20632.1	67.143	140	46	0	1	140	1	140	6.88e-68	197
MDA9722937.1	QIZ20633.1	83.486	218	36	0	4	221	1	218	3.80e-137	379
MDA9722938.1	QIZ20634.1	48.677	378	175	6	1	363	1	374	3.19e-114	333
MDA9722939.1	QIZ20635.1	68.305	407	126	2	1	405	1	406	0.0	553
MDA9722940.1	QIZ20636.1	53.495	329	146	2	2	328	405	728	2.48e-106	322
MDA9722941.1	QIZ21282.1	59.449	254	102	1	1	254	1	253	1.27e-107	310
MDA9722942.1	QIZ21281.1	57.407	162	66	2	1	159	1	162	3.76e-55	167
MDA9722943.1	QIZ21280.1	57.059	170	73	0	24	193	27	196	5.97e-71	209
MDA9722944.1	QIZ21279.1	72.695	857	234	0	1	857	1	857	0.0	1244
MDA9722945.1	QIZ21278.1	66.667	90	30	0	1	90	1	90	1.47e-38	119
MDA9722946.1	QIZ21277.1	91.803	244	20	0	1	244	1	244	5.85e-166	454
MDA9722947.1	QIZ21276.1	100.000	75	0	0	1	75	1	75	1.79e-46	138
MDA9722948.1	QIZ21275.1	68.485	165	52	0	20	184	3	167	1.20e-80	233
MDA9722949.1	QIZ21274.1	67.879	165	53	0	1	165	4	168	4.83e-73	213
MDA9722950.1	QIZ21273.1	78.763	485	103	0	1	485	1	485	0.0	804
MDA9722951.1	QIZ21272.1	65.957	282	96	0	1	282	1	282	2.52e-125	354
MDA9722952.1	QIZ21271.1	71.751	354	100	0	1	354	1	354	0.0	510
MDA9722953.1	QIZ21270.1	52.459	305	135	5	3	297	7	311	2.02e-87	259
MDA9722955.1	QIZ21269.1	72.293	314	87	0	3	316	1	314	6.03e-171	473
MDA9722956.1	QIZ21268.1	57.812	320	135	0	1	320	1	320	2.52e-133	377
MDA9722957.1	QIZ21267.1	62.319	138	52	0	1	138	1	138	2.98e-59	176
MDA9722958.1	QIZ21266.1	50.311	161	80	0	1	161	1	161	9.47e-62	184
MDA9722959.1	QIZ21265.1	59.607	458	183	2	1	456	1	458	0.0	570
MDA9722960.1	QIZ21260.1	70.297	303	90	0	1	303	1	303	1.83e-155	432
MDA9722964.1	QIZ21259.1	39.051	548	308	8	36	576	3	531	1.32e-124	374
MDA9722965.1	QIZ21258.1	24.710	259	168	4	11	254	4	250	3.24e-23	91.7
MDA9722969.1	QIZ21257.1	69.362	235	70	1	1	235	1	233	2.20e-114	323
MDA9722970.1	QIZ21256.1	80.000	220	44	0	1	220	1	220	1.10e-122	342
MDA9722972.1	QIZ21253.1	78.853	279	58	1	1	278	1	279	1.47e-166	458
MDA9722973.1	QIZ21252.1	55.418	323	144	0	1	323	1	323	5.09e-128	364
MDA9722974.1	QIZ21251.1	75.000	132	33	0	1	132	1	132	1.18e-74	214
MDA9722975.1	QIZ21250.1	70.629	286	84	0	1	286	1	286	2.57e-145	405
MDA9722976.1	QIZ21249.1	64.249	579	206	1	1	579	1	578	0.0	743
MDA9722977.1	QIZ21248.1	49.392	411	202	2	1	407	1	409	5.08e-125	363
MDA9722978.1	QIZ21247.1	42.395	309	171	5	1	303	1	308	2.84e-67	208
MDA9722979.1	QIZ21246.1	55.245	286	127	1	1	285	1	286	1.09e-100	292
MDA9722980.1	QIZ21245.1	78.947	57	12	0	3	59	4	60	1.43e-27	90.1
MDA9722981.1	QIZ21244.1	60.333	421	167	0	1	421	1	421	0.0	543
MDA9722982.1	QIZ21243.1	52.459	183	87	0	1	183	1	183	1.32e-56	172
MDA9722983.1	QIZ21242.1	63.855	249	90	0	1	249	131	379	3.37e-111	320
MDA9722984.1	QIZ21242.1	53.030	132	56	3	6	135	1	128	3.89e-22	85.9
MDA9722986.1	QIZ21240.1	46.341	164	87	1	1	163	1	164	2.09e-47	147
MDA9722987.1	QIZ21239.1	75.138	909	220	4	1	908	1	904	0.0	1411
MDA9722988.1	QIZ21238.1	66.667	303	101	0	6	308	2	304	5.22e-137	386
MDA9722989.1	QIZ21237.1	59.926	272	108	1	1	271	1	272	5.37e-121	342
MDA9722990.1	QIZ21236.1	92.553	94	7	0	1	94	1	94	8.23e-61	176
MDA9722991.1	QIZ21235.1	89.862	217	22	0	2	218	1	217	4.49e-141	401
MDA9722993.1	QIZ21478.1	50.152	329	156	3	7	335	6	326	1.28e-117	340
MDA9722994.1	QIZ20555.1	40.249	241	143	1	72	312	254	493	3.64e-55	192
MDA9722994.1	QIZ20555.1	38.211	246	147	1	446	691	254	494	1.40e-47	171
MDA9722998.1	QIZ20556.1	44.282	341	186	2	2	338	3	343	8.73e-105	307
MDA9723000.1	QIZ20592.1	31.128	257	161	6	1	255	1	243	1.38e-33	118
MDA9723001.1	QIZ21435.1	31.967	244	156	6	17	255	22	260	1.73e-31	112
MDA9723010.1	QIZ20495.1	43.315	531	294	4	2	527	3	531	8.49e-143	417
MDA9723011.1	QIZ20216.1	56.151	317	138	1	1	316	2	318	7.06e-124	353
MDA9723013.1	QIZ21437.1	74.036	389	100	1	1	389	1	388	0.0	642
MDA9723014.1	QIZ21401.1	27.387	555	384	7	6	548	3	550	2.77e-68	227
MDA9723016.1	QIZ21436.1	92.308	195	15	0	1	195	1	195	3.96e-135	372
MDA9723017.1	QIZ21435.1	46.538	260	135	3	1	256	1	260	1.33e-80	239
MDA9723018.1	QIZ21434.1	74.797	492	124	0	1	492	1	492	0.0	800
MDA9723019.1	QIZ21433.1	52.899	276	130	0	1	276	10	285	4.64e-99	287
MDA9723020.1	QIZ21432.1	80.605	397	76	1	1	396	1	397	0.0	622
MDA9723021.1	QIZ20554.1	66.169	201	68	0	1	201	1	201	5.97e-87	251
MDA9723022.1	QIZ21429.1	75.682	440	107	0	14	453	1	440	0.0	669
MDA9723023.1	QIZ21428.1	79.341	334	69	0	1	334	1	334	0.0	556
MDA9723024.1	QIZ21427.1	79.149	235	49	0	1	235	1	235	1.65e-133	371
MDA9723025.1	QIZ21426.1	80.469	256	50	0	1	256	1	256	1.23e-155	429
MDA9723027.1	QIZ21425.1	78.405	301	65	0	6	306	3	303	2.79e-175	483
MDA9723028.1	QIZ20213.1	65.132	152	53	0	17	168	26	177	2.53e-67	198
MDA9723029.1	QIZ21424.1	56.604	106	46	0	1	106	1	106	2.45e-42	130
MDA9723030.1	QIZ21423.1	67.949	234	75	0	1	234	1	234	1.08e-123	346
MDA9723031.1	QIZ21422.1	88.123	261	31	0	1	261	1	261	2.17e-171	469
MDA9723032.1	QIZ21421.1	82.520	246	43	0	1	246	1	246	3.62e-156	429
MDA9723033.1	QIZ21420.1	78.443	167	36	0	1	167	184	350	1.31e-95	276
MDA9723034.1	QIZ21220.1	95.105	143	7	0	1	143	549	691	1.35e-95	285
MDA9723036.1	QIZ21219.1	50.505	99	49	0	2	100	3	101	1.82e-33	107
MDA9723037.1	QIZ21440.1	31.140	228	129	6	23	234	27	242	5.11e-30	116
MDA9723041.1	QIZ21217.1	69.186	172	53	0	1	172	6	177	9.03e-92	261
MDA9723042.1	QIZ21216.1	52.041	98	47	0	1	98	1	98	2.24e-36	114
MDA9723043.1	QIZ21216.1	42.553	94	54	0	1	94	1	94	4.00e-23	81.3
MDA9723044.1	QIZ21215.1	71.090	211	57	2	1	207	1	211	2.31e-110	310
MDA9723045.1	QIZ21214.1	70.175	285	85	0	1	285	1	285	1.28e-146	409
MDA9723046.1	QIZ21213.1	72.789	147	40	0	1	147	1	147	5.32e-81	231
MDA9723047.1	QIZ21212.1	60.741	270	105	1	1	270	1	269	7.84e-119	337
MDA9723048.1	QIZ21211.1	58.140	301	126	0	1	301	1	301	3.35e-134	380
MDA9723049.1	QIZ21210.1	82.002	1039	183	1	1	1035	1	1039	0.0	1692
MDA9723050.1	QIZ21209.1	73.869	199	52	0	1	199	1	199	4.90e-113	316
MDA9723051.1	QIZ20306.1	45.783	166	74	4	6	171	11	160	1.70e-43	137
MDA9723053.1	QIZ21207.1	66.527	239	76	3	1	236	1	238	8.52e-117	329
MDA9723054.1	QIZ21206.1	49.780	227	114	0	1	227	1	227	1.22e-77	229
MDA9723055.1	QIZ21205.1	53.355	313	141	2	4	311	6	318	2.88e-99	291
MDA9723056.1	QIZ21204.1	50.340	147	72	1	1	147	1	146	3.01e-49	152
MDA9723057.1	QIZ21203.1	85.748	428	61	0	1	428	1	428	0.0	755
MDA9723058.1	QIZ21202.1	55.512	508	209	10	5	498	6	510	1.98e-160	461
MDA9723059.1	QIZ21201.1	84.483	232	36	0	2	233	3	234	3.55e-146	403
MDA9723060.1	QIZ21200.1	75.431	928	220	3	1	924	1	924	0.0	1417
MDA9723061.1	QIZ21199.1	74.757	309	78	0	1	309	1	309	1.35e-171	473
MDA9723062.1	QIZ21197.1	84.492	187	29	0	1	187	1	187	1.58e-116	324
MDA9723063.1	QIZ21196.1	79.082	392	82	0	1	392	1	392	0.0	657
MDA9723064.1	QIZ21195.1	84.971	346	52	0	1	346	1	346	0.0	607
MDA9723066.1	QIZ21191.1	47.407	135	67	1	224	358	218	348	1.34e-31	117
MDA9723067.1	QIZ21192.1	66.355	107	22	1	1	93	1	107	2.00e-44	135
MDA9723068.1	QIZ21362.1	92.683	82	6	0	1	82	1	82	2.61e-43	142
MDA9723069.1	QIZ21361.1	67.550	151	49	0	1	151	1	151	3.72e-61	181
MDA9723070.1	QIZ21360.1	73.832	214	53	1	3	216	7	217	1.69e-112	323
MDA9723071.1	QIZ21360.1	79.042	167	35	0	1	167	219	385	1.54e-99	288
MDA9723072.1	QIZ21359.1	80.149	1073	213	0	1	1073	1	1073	0.0	1791
MDA9723073.1	QIZ21319.1	72.603	219	60	0	1	219	1	219	8.38e-124	345
MDA9723074.1	QIZ21318.1	77.070	314	72	0	1	314	1	314	0.0	504
MDA9723075.1	QIZ21317.1	86.262	313	43	0	1	313	1	313	0.0	568
MDA9723076.1	QIZ21104.1	66.929	127	41	1	1	127	1	126	3.02e-51	154
MDA9723078.1	QIZ21314.1	73.618	398	101	1	1	394	1	398	0.0	608
MDA9723079.1	QIZ21313.1	87.798	713	87	0	1	713	1	713	0.0	1330
MDA9723080.1	QIZ21312.1	77.823	248	55	0	1	248	1	248	4.79e-142	394
MDA9723081.1	QIZ21310.1	79.433	141	29	0	1	141	1	141	3.58e-78	223
MDA9723082.1	QIZ21309.1	77.741	611	136	0	1	611	1	611	0.0	1010
MDA9723083.1	QIZ21308.1	86.316	190	26	0	4	193	4	193	3.64e-119	332
MDA9723084.1	QIZ21307.1	74.483	290	74	0	1	290	1	290	2.88e-175	481
MDA9723085.1	QIZ21306.1	67.586	145	47	0	1	145	1	145	9.01e-69	200
MDA9723086.1	QIZ21305.1	68.000	225	72	0	1	225	1	225	3.06e-106	301
MDA9723087.1	QIZ21304.1	62.187	439	163	2	1	437	1	438	0.0	566
MDA9723088.1	QIZ21303.1	66.667	66	22	0	1	66	1	66	7.02e-28	92.0
MDA9723089.1	QIZ21302.1	56.641	256	106	2	1	253	1	254	7.91e-101	290
MDA9723090.1	QIZ21301.1	41.787	347	198	2	12	358	5	347	4.95e-72	224
MDA9723091.1	QIZ21300.1	54.365	252	112	1	1	249	1	252	4.27e-69	209
MDA9723092.1	QIZ21299.1	83.871	310	50	0	1	310	1	310	0.0	499
MDA9723093.1	QIZ21298.1	58.824	187	77	0	1	187	1	187	1.86e-80	236
MDA9723094.1	QIZ21297.1	81.622	185	34	0	1	185	1	185	1.39e-113	317
MDA9723095.1	QIZ21296.1	75.419	358	87	1	1	358	1	357	0.0	562
MDA9723096.1	QIZ21295.1	74.330	261	65	1	1	261	1	259	1.31e-140	391
MDA9723097.1	QIZ21294.1	85.372	417	60	1	1	417	1	416	0.0	728
MDA9723098.1	QIZ21293.1	85.030	167	25	0	6	172	3	169	4.47e-102	286
MDA9723099.1	QIZ21292.1	74.667	150	38	0	21	170	2	151	8.17e-84	239
MDA9723100.1	QIZ21291.1	71.898	274	77	0	1	274	1	274	4.69e-150	416
MDA9723101.1	QIZ21290.1	81.013	158	30	0	1	158	1	158	5.13e-93	262
MDA9723103.1	QIZ21002.1	70.408	196	58	0	8	203	1	196	4.10e-105	296
MDA9723104.1	QIZ21001.1	61.157	121	46	1	2	122	29	148	3.22e-53	160
MDA9723105.1	QIZ21000.1	59.917	242	96	1	7	247	10	251	1.71e-101	291
MDA9723106.1	QIZ20999.1	66.897	145	48	0	1	145	1	145	1.20e-73	212
MDA9723107.1	QIZ20998.1	69.598	398	119	1	1	396	4	401	0.0	566
MDA9723108.1	QIZ20997.1	78.352	522	113	0	1	522	1	522	0.0	836
MDA9723109.1	QIZ20996.1	75.214	234	58	0	1	234	1	234	8.85e-137	379
MDA9723110.1	QIZ20995.1	61.806	288	109	1	1	288	1	287	1.10e-116	333
MDA9723111.1	QIZ20994.1	73.256	86	23	0	1	86	1	86	2.17e-39	121
MDA9723112.1	QIZ20993.1	76.907	472	102	4	2	471	4	470	0.0	726
MDA9723113.1	QIZ20992.1	83.514	370	61	0	1	370	1	370	0.0	630
MDA9723114.1	QIZ20991.1	65.236	233	81	0	1	233	1	233	5.54e-106	301
MDA9723115.1	QIZ20990.1	69.554	404	123	0	1	404	1	404	0.0	568
MDA9723116.1	QIZ20989.1	71.840	451	127	0	1	451	1	451	0.0	655
MDA9723117.1	QIZ20988.1	45.122	164	90	0	9	172	4	167	2.09e-50	155
MDA9723118.1	QIZ20986.1	69.014	213	66	0	1	213	1	213	2.57e-109	308
MDA9723119.1	QIZ20985.1	85.561	187	27	0	1	187	1	187	6.06e-123	340
MDA9723120.1	QIZ20984.1	80.226	177	35	0	1	177	1	177	1.22e-94	268
MDA9723121.1	QIZ20983.1	39.375	160	91	5	4	159	1	158	1.12e-29	102
MDA9723122.1	QIZ20982.1	48.205	195	99	2	1	194	1	194	5.74e-56	172
MDA9723123.1	QIZ20981.1	65.432	567	195	1	1	566	1	567	0.0	728
MDA9723124.1	QIZ20980.1	79.279	222	40	1	66	281	80	301	1.96e-128	363
MDA9723125.1	QIZ20979.1	76.852	108	25	0	1	108	1	108	3.87e-60	175
MDA9723126.1	QIZ20978.1	56.618	136	58	1	1	136	1	135	2.33e-48	148
MDA9723127.1	QIZ20977.1	72.319	802	221	1	9	810	1	801	0.0	1205
MDA9723128.1	QIZ21085.1	25.552	634	423	17	37	641	58	671	1.23e-43	162
MDA9723131.1	QIZ20844.1	38.507	335	195	6	36	363	34	364	9.64e-55	180
MDA9723132.1	QIZ20844.1	35.882	340	201	9	65	398	34	362	8.88e-54	178
MDA9723138.1	QIZ20793.1	75.601	291	71	0	1	291	1	291	1.73e-164	454
MDA9723139.1	QIZ20792.1	95.122	41	2	0	1	41	1	41	5.21e-22	74.3
MDA9723140.1	QIZ20790.1	73.481	362	96	0	1	362	1	362	0.0	535
MDA9723141.1	QIZ20789.1	90.526	95	9	0	1	95	1	95	8.59e-58	169
MDA9723142.1	QIZ20788.1	85.806	465	65	1	1	465	1	464	0.0	812
MDA9723143.1	QIZ20853.1	50.000	230	114	1	2	230	9	238	5.41e-79	233
MDA9723144.1	QIZ20786.1	93.750	64	4	0	1	64	1	64	1.68e-37	115
MDA9723145.1	QIZ20785.1	74.857	175	44	0	1	175	1	175	1.95e-100	284
MDA9723146.1	QIZ20784.1	86.667	75	10	0	1	75	1	75	4.71e-47	140
MDA9723147.1	QIZ20783.1	58.065	248	102	1	1	248	1	246	2.99e-103	295
MDA9723148.1	QIZ20782.1	74.731	186	47	0	1	186	1	186	4.55e-108	303
MDA9723149.1	QIZ20781.1	63.285	207	73	2	1	204	1	207	2.26e-77	226
MDA9723150.1	QIZ20780.1	73.512	336	89	0	1	336	1	336	0.0	511
MDA9723151.1	QIZ20779.1	68.798	391	122	0	1	391	1	391	0.0	553
MDA9723152.1	QIZ20778.1	80.000	335	67	0	1	335	1	335	0.0	560
MDA9723153.1	QIZ20777.1	76.805	651	151	0	1	651	1	651	0.0	1053
MDA9723154.1	QIZ20776.1	57.944	107	45	0	1	107	1	107	2.82e-26	89.7
MDA9723155.1	QIZ20775.1	58.108	148	62	0	1	148	1	148	4.48e-59	176
MDA9723156.1	QIZ20774.1	52.198	182	83	3	1	180	1	180	2.18e-57	174
MDA9723157.1	QIZ20773.1	64.286	266	93	2	1	265	1	265	1.80e-122	346
MDA9723158.1	QIZ20772.1	61.864	236	90	0	1	236	1	236	3.60e-112	317
MDA9723159.1	QIZ20771.1	71.069	159	46	0	1	159	1	159	1.10e-88	252
MDA9723160.1	QIZ20770.1	78.125	224	49	0	1	224	1	224	2.80e-132	367
MDA9723161.1	QIZ20769.1	86.957	138	18	0	1	138	1	138	1.61e-88	249
MDA9723162.1	QIZ20479.1	67.742	62	20	0	2	63	13	74	5.62e-28	91.7
MDA9723164.1	QIZ20478.1	62.551	486	181	1	1	485	1	486	0.0	577
MDA9723165.1	QIZ20477.1	86.139	202	28	0	1	202	1	202	2.02e-134	371
MDA9723166.1	QIZ20476.1	90.000	420	40	1	2	419	3	422	0.0	781
MDA9723167.1	QIZ20475.1	84.151	795	124	1	1	795	2	794	0.0	1342
MDA9723168.1	QIZ20474.1	86.885	122	16	0	1	122	1	122	9.22e-74	211
MDA9723169.1	QIZ20473.1	89.595	173	18	0	1	173	1	173	1.51e-123	341
MDA9723170.1	QIZ20472.1	70.312	192	57	0	1	192	1	192	1.70e-103	292
MDA9723171.1	QIZ20471.1	88.491	391	45	0	1	391	1	391	0.0	732
MDA9723172.1	QIZ20470.1	71.782	202	57	0	1	202	1	202	2.83e-109	307
MDA9723173.1	QIZ20469.1	82.393	443	78	0	1	443	1	443	0.0	779
MDA9723174.1	QIZ20468.1	68.824	680	206	2	1	675	1	679	0.0	994
MDA9723175.1	QIZ20467.1	86.018	329	46	0	3	331	2	330	0.0	577
MDA9723176.1	QIZ20466.1	85.714	161	23	0	1	161	1	161	1.12e-104	292
MDA9723177.1	QIZ20465.1	77.143	210	47	1	1	210	1	209	1.73e-119	333
MDA9723178.1	QIZ20464.1	89.320	103	11	0	1	103	1	103	1.87e-50	150
MDA9723179.1	QIZ20463.1	75.510	637	156	0	1	637	1	637	0.0	999
MDA9723180.1	QIZ20462.1	78.024	496	107	1	1	496	1	494	0.0	787
MDA9723181.1	QIZ20461.1	72.187	471	131	0	1	471	1	471	0.0	640
MDA9723182.1	QIZ20460.1	50.926	108	51	2	1	106	1	108	1.31e-27	95.5
MDA9723185.1	QIZ20851.1	30.671	313	196	9	4	311	6	302	3.02e-32	118
MDA9723188.1	QIZ20837.1	32.137	585	365	9	5	568	11	584	6.33e-74	242
MDA9723199.1	QIZ20851.1	31.699	306	187	9	1	301	1	289	9.04e-36	127
MDA9723204.1	QIZ20858.1	35.629	334	193	7	11	341	30	344	5.61e-34	125
MDA9723207.1	QIZ21430.1	64.660	382	135	0	1	382	1	382	8.33e-174	486
MDA9723208.1	QIZ21495.1	57.371	251	107	0	1	251	1	251	5.08e-109	310
MDA9723209.1	QIZ21493.1	64.919	248	70	1	1	231	1	248	3.66e-111	315
MDA9723212.1	QIZ21536.1	62.780	223	83	0	1	223	1	223	1.52e-107	305
MDA9723213.1	QIZ20568.1	80.851	188	36	0	1	188	1	188	2.54e-114	319
MDA9723214.1	QIZ20569.1	80.488	328	64	0	4	331	6	333	0.0	549
MDA9723215.1	QIZ20572.1	63.780	127	46	0	1	127	1	127	2.55e-60	177
MDA9723216.1	QIZ20576.1	50.000	96	45	2	1	94	1	95	2.34e-25	87.0
MDA9723219.1	QIZ20577.1	66.981	106	35	0	1	106	1	106	2.18e-52	155
MDA9723221.1	QIZ20579.1	62.727	110	41	0	1	110	1	110	2.32e-42	130
MDA9723222.1	QIZ20583.1	58.929	112	46	0	1	112	1	112	5.02e-44	135
MDA9723224.1	QIZ20556.1	35.270	241	147	6	318	556	40	273	4.58e-39	142
MDA9723224.1	QIZ20556.1	29.572	257	163	5	19	274	41	280	1.57e-31	120
MDA9723228.1	QIZ21101.1	76.667	240	56	0	1	240	1	240	4.92e-141	390
MDA9723229.1	QIZ20585.1	66.008	253	86	0	15	267	15	267	1.68e-127	358
MDA9723231.1	QIZ20587.1	68.511	235	74	0	1	235	1	235	1.82e-117	330
MDA9723233.1	QIZ21442.1	86.170	94	13	0	2	95	322	415	1.53e-52	165
MDA9723234.1	QIZ21443.1	84.507	284	44	0	1	284	1	284	9.09e-167	459
MDA9723235.1	QIZ20975.1	38.205	390	213	7	5	371	9	393	2.87e-74	231
MDA9723236.1	QIZ21154.1	45.889	377	194	4	10	386	2	368	8.32e-122	353
MDA9723238.1	QIZ21401.1	23.322	566	399	11	4	556	3	546	2.09e-32	127
MDA9723239.1	QIZ21121.1	31.283	374	250	2	9	375	4	377	5.03e-65	207
MDA9723241.1	QIZ20218.1	37.026	343	193	11	61	388	44	378	4.88e-63	203
MDA9723245.1	QIZ20556.1	30.924	249	162	4	18	266	37	275	5.54e-33	125
MDA9723245.1	QIZ20556.1	32.456	228	138	5	376	597	45	262	2.13e-29	115
MDA9723246.1	QIZ21198.1	42.623	183	97	3	10	187	2	181	5.09e-41	132
MDA9723247.1	QIZ21444.1	80.000	740	148	0	1	740	1	740	0.0	1221
MDA9723249.1	QIZ21447.1	92.744	317	23	0	2	318	3	319	0.0	616
MDA9723250.1	QIZ21448.1	74.633	477	121	0	1	477	1	477	0.0	741
MDA9723251.1	QIZ21449.1	79.944	359	72	0	1	359	37	395	0.0	617
MDA9723252.1	QIZ20738.1	76.812	69	16	0	1	69	37	105	3.00e-38	118
MDA9723253.1	QIZ20737.1	72.404	337	93	0	1	337	1	337	0.0	516
MDA9723254.1	QIZ20736.1	63.942	208	75	0	1	208	1	208	1.64e-99	283
MDA9723255.1	QIZ20734.1	75.000	136	34	0	1	136	44	179	4.17e-76	219
MDA9723258.1	QIZ20733.1	57.143	287	123	0	3	289	4	290	1.02e-113	325
MDA9723265.1	QIZ20732.1	82.588	425	74	0	1	425	1	425	0.0	739
MDA9723266.1	QIZ20731.1	80.153	131	26	0	1	131	1	131	2.52e-78	223
MDA9723268.1	QIZ20729.1	58.678	121	49	1	1	121	1	120	6.34e-55	163
MDA9723269.1	QIZ20728.1	63.961	308	111	0	1	308	1	308	1.65e-134	379
MDA9723270.1	QIZ20727.1	53.253	415	194	0	18	432	18	432	1.09e-145	417
MDA9723271.1	QIZ20726.1	84.073	383	52	3	1	374	1	383	0.0	652
MDA9723272.1	QIZ20725.1	76.384	885	209	0	3	887	4	888	0.0	1410
MDA9723273.1	QIZ20724.1	86.628	172	23	0	1	172	233	404	5.40e-112	320
MDA9723274.1	QIZ20944.1	36.286	587	364	7	1	578	1	586	2.50e-110	338
MDA9723275.1	QIZ20943.1	73.563	174	43	2	1	173	1	172	2.75e-93	264
MDA9723276.1	QIZ20942.1	58.766	308	125	2	1	306	1	308	8.59e-123	350
MDA9723277.1	QIZ20941.1	66.260	246	83	0	1	246	1	246	5.01e-122	343
MDA9723278.1	QIZ20940.1	78.981	157	33	0	1	157	1	157	1.43e-93	264
MDA9723279.1	QIZ20939.1	77.023	309	71	0	1	309	1	309	0.0	509
MDA9723280.1	QIZ20937.1	75.260	384	95	0	1	384	1	384	0.0	605
MDA9723281.1	QIZ20936.1	75.824	273	65	1	3	275	4	275	4.65e-158	436
MDA9723282.1	QIZ20935.1	52.607	211	100	0	8	218	11	221	5.27e-76	224
MDA9723283.1	QIZ20934.1	55.516	281	125	0	2	282	8	288	2.36e-111	319
MDA9723284.1	QIZ20933.1	65.357	560	190	2	1	559	1	557	0.0	788
MDA9723285.1	QIZ20932.1	59.211	76	31	0	4	79	3	78	1.18e-30	99.0
MDA9723286.1	QIZ20931.1	62.281	114	42	1	1	113	1	114	4.13e-41	127
MDA9723288.1	QIZ20929.1	53.138	239	112	0	1	239	1	239	4.13e-91	264
MDA9723290.1	QIZ20927.1	69.189	185	56	1	1	184	1	185	1.89e-90	258
MDA9723291.1	QIZ20926.1	64.762	420	145	2	1	420	1	417	0.0	523
MDA9723292.1	QIZ20925.1	51.181	127	62	0	1	127	1	127	5.27e-40	126
MDA9723293.1	QIZ20924.1	56.308	428	180	2	1	421	1	428	3.09e-163	462
MDA9723294.1	QIZ20923.1	82.857	70	12	0	1	70	1	70	1.09e-39	121
MDA9723295.1	QIZ21496.1	69.231	65	20	0	3	67	2	66	3.77e-30	97.1
MDA9723296.1	QIZ20922.1	63.169	467	167	4	1	464	1	465	0.0	575
MDA9723297.1	QIZ20921.1	47.181	337	175	3	14	348	11	346	9.16e-107	312
MDA9723298.1	QIZ20920.1	47.556	225	117	1	1	225	5	228	1.50e-67	203
MDA9723299.1	QIZ20908.1	55.385	130	55	1	1	127	1	130	1.25e-42	136
MDA9723300.1	QIZ21073.1	70.370	108	32	0	1	108	1	108	1.08e-54	162
MDA9723301.1	QIZ21163.1	53.925	293	130	2	1	292	1	289	2.46e-105	304
MDA9723302.1	QIZ21162.1	46.494	385	206	0	1	385	1	385	2.12e-128	370
MDA9723305.1	QIZ21071.1	87.251	251	32	0	1	251	1	251	7.04e-166	454
MDA9723306.1	QIZ21070.1	86.307	241	31	1	1	241	1	239	1.81e-151	417
MDA9723308.1	QIZ21068.1	83.654	208	34	0	1	208	1	208	5.00e-131	362
MDA9723309.1	QIZ21067.1	86.224	196	27	0	1	196	1	196	9.26e-130	358
MDA9723310.1	QIZ21066.1	91.813	171	14	0	1	171	1	171	6.24e-115	319
MDA9723311.1	QIZ21065.1	84.649	456	69	1	1	456	1	455	0.0	768
MDA9723312.1	QIZ21064.1	50.000	132	64	2	7	137	38	168	8.63e-39	125
MDA9723313.1	QIZ21063.1	59.694	196	76	2	1	194	1	195	9.50e-77	224
MDA9723314.1	QIZ21062.1	68.310	142	41	1	1	142	1	138	5.04e-58	172
MDA9723315.1	QIZ21061.1	39.286	140	85	0	1	140	1	140	7.78e-34	111
MDA9723316.1	QIZ21060.1	70.270	222	65	1	1	221	1	222	7.92e-115	323
MDA9723317.1	QIZ21059.1	52.326	172	82	0	1	172	1	172	1.08e-56	173
MDA9723318.1	QIZ21058.1	60.305	262	104	0	2	263	3	264	6.26e-112	319
MDA9723320.1	QIZ21057.1	74.869	191	48	0	4	194	5	195	8.07e-99	280
MDA9723321.1	QIZ21056.1	68.000	275	87	1	1	275	1	274	3.78e-137	384
MDA9723322.1	QIZ21055.1	66.967	333	109	1	1	332	1	333	5.11e-171	474
MDA9723323.1	QIZ21054.1	35.455	330	189	10	5	317	7	329	2.24e-58	188
MDA9723325.1	QIZ21052.1	89.598	423	43	1	1	423	1	422	0.0	776
MDA9723327.1	QIZ20698.1	66.923	390	128	1	1	389	1	390	0.0	516
MDA9723328.1	QIZ20697.1	63.372	172	62	1	8	178	11	182	5.08e-77	224
MDA9723329.1	QIZ20696.1	54.878	246	111	0	2	247	4	249	1.44e-99	286
MDA9723332.1	QIZ21226.1	60.177	113	43	2	4	115	2	113	1.54e-43	134
MDA9723333.1	QIZ21097.1	75.960	495	119	0	1	495	1	495	0.0	774
MDA9723334.1	QIZ21096.1	76.271	236	56	0	1	236	1	236	5.27e-137	380
MDA9723335.1	QIZ21095.1	77.941	340	75	0	15	354	24	363	0.0	568
MDA9723336.1	QIZ20694.1	88.283	367	43	0	1	367	1	367	0.0	662
MDA9723337.1	QIZ21490.1	57.447	282	120	0	1	282	1	282	4.78e-120	341
MDA9723339.1	QIZ21213.1	40.000	145	87	0	23	167	1	145	1.36e-31	107
MDA9723340.1	QIZ20688.1	85.965	399	56	0	1	399	1	399	0.0	740
MDA9723341.1	QIZ20687.1	57.616	151	64	0	3	153	6	156	6.97e-55	166
MDA9723342.1	QIZ20686.1	42.336	137	69	2	1	130	1	134	4.82e-33	108
MDA9723343.1	QIZ20683.1	73.754	301	79	0	1	301	1	301	9.96e-159	440
MDA9723344.1	QIZ20681.1	92.703	370	27	0	2	371	1	370	0.0	730
MDA9723345.1	QIZ20680.1	85.303	347	51	0	1	347	1	347	0.0	629
MDA9723346.1	QIZ20679.1	84.000	75	12	0	1	75	1	75	9.30e-45	134
MDA9723350.1	QIZ20676.1	86.335	161	22	0	1	161	1	161	4.05e-91	258
MDA9723352.1	QIZ20234.1	79.730	74	15	0	1	74	1	74	4.23e-39	130
MDA9723353.1	QIZ20233.1	66.004	453	154	0	1	453	1	453	0.0	629
MDA9723354.1	QIZ20232.1	79.592	245	50	0	1	245	1	245	1.59e-149	412
MDA9723355.1	QIZ20231.1	83.660	459	75	0	1	459	1	459	0.0	816
MDA9723357.1	QIZ20230.1	74.587	606	154	0	1	606	1	606	0.0	949
MDA9723358.1	QIZ20229.1	75.000	196	49	0	10	205	10	205	6.94e-102	289
MDA9723359.1	QIZ20228.1	66.520	227	70	2	1	221	1	227	1.50e-115	325
MDA9723360.1	QIZ20227.1	83.800	500	81	0	1	500	1	500	0.0	875
MDA9723361.1	QIZ20226.1	86.242	298	41	0	1	298	1	298	0.0	535
MDA9723362.1	QIZ20225.1	88.235	374	44	0	1	374	1	374	0.0	688
MDA9723363.1	QIZ20558.1	73.113	212	56	1	1	212	1	211	3.84e-120	336
MDA9723364.1	QIZ21511.1	39.604	202	109	5	1	202	1	189	1.52e-42	137
MDA9723366.1	QIZ20223.1	65.761	184	63	0	4	187	6	189	5.30e-91	259
MDA9723367.1	QIZ20222.1	91.850	319	26	0	1	319	24	342	0.0	630
MDA9723368.1	QIZ20221.1	84.186	645	102	0	1	645	1	645	0.0	1154
MDA9723369.1	QIZ20220.1	82.707	399	69	0	1	399	1	399	0.0	689
MDA9723370.1	QIZ20485.1	52.703	148	69	1	2	149	5	151	8.76e-51	164
MDA9723371.1	QIZ20486.1	73.311	296	79	0	1	296	1	296	8.41e-159	440
MDA9723372.1	QIZ20487.1	87.302	441	56	0	1	441	1	441	0.0	737
MDA9723373.1	QIZ20488.1	79.535	215	44	0	4	218	5	219	8.37e-118	330
MDA9723374.1	QIZ20489.1	84.530	362	56	0	1	362	1	362	0.0	649
MDA9723375.1	QIZ20490.1	80.519	308	60	0	1	308	1	308	0.0	513
MDA9723376.1	QIZ20491.1	85.060	502	75	0	3	504	4	505	0.0	899
MDA9723377.1	QIZ20492.1	77.907	258	57	0	1	258	1	258	3.68e-152	420
MDA9723378.1	QIZ20494.1	70.082	244	71	1	1	242	1	244	4.23e-128	358
MDA9723381.1	QIZ20495.1	71.536	534	147	1	1	534	1	529	0.0	822
MDA9723382.1	QIZ20496.1	81.579	190	34	1	2	191	8	196	1.56e-98	279
MDA9723383.1	QIZ20497.1	85.714	252	36	0	1	252	1	252	2.68e-152	420
MDA9723384.1	QIZ20498.1	66.400	125	41	1	1	124	140	264	9.32e-62	186
MDA9723385.1	QIZ20499.1	63.241	253	92	1	5	256	6	258	8.48e-112	318
MDA9723386.1	QIZ20500.1	80.940	383	73	0	1	383	1	383	0.0	669
MDA9723389.1	QIZ21199.1	32.127	221	136	5	2	213	4	219	1.82e-31	113
MDA9723390.1	QIZ20756.1	60.841	309	121	0	1	309	1	309	1.54e-134	380
MDA9723392.1	QIZ20754.1	62.069	290	109	1	1	289	1	290	1.28e-120	343
MDA9723393.1	QIZ20753.1	75.316	632	156	0	3	634	2	633	0.0	1011
MDA9723394.1	QIZ20752.1	82.961	358	61	0	1	358	1	358	0.0	610
MDA9723395.1	QIZ20751.1	63.942	208	74	1	1	207	1	208	1.32e-98	280
MDA9723396.1	QIZ20750.1	72.107	337	94	0	1	337	1	337	0.0	512
MDA9723397.1	QIZ20749.1	79.182	269	55	1	1	269	1	268	1.10e-139	389
MDA9723398.1	QIZ20748.1	81.911	293	50	1	1	290	1	293	0.0	507
MDA9723399.1	QIZ20747.1	58.721	688	282	2	1	687	1	687	0.0	805
MDA9723400.1	QIZ20746.1	80.791	885	170	0	1	885	1	885	0.0	1511
MDA9723401.1	QIZ20745.1	70.504	278	81	1	1	278	1	277	5.63e-137	383
MDA9723402.1	QIZ20744.1	83.891	329	53	0	1	329	1	329	0.0	587
MDA9723403.1	QIZ21388.1	88.281	256	30	0	1	256	1	256	1.67e-176	484
MDA9723404.1	QIZ20526.1	80.563	391	76	0	1	391	1	391	0.0	667
MDA9723405.1	QIZ20525.1	59.753	405	163	0	1	405	1	405	2.73e-171	481
MDA9723406.1	QIZ20524.1	62.245	392	137	2	14	404	6	387	1.39e-162	458
MDA9723407.1	QIZ20523.1	70.811	185	54	0	1	185	1	185	4.01e-87	249
MDA9723408.1	QIZ20522.1	57.977	257	104	4	1	254	1	256	8.22e-92	267
MDA9723409.1	QIZ20521.1	67.939	131	42	0	1	131	1	131	1.63e-67	196
MDA9723410.1	QIZ20520.1	69.697	231	68	1	1	231	36	264	6.53e-121	340
MDA9723411.1	QIZ20519.1	88.462	156	18	0	1	156	1	156	1.30e-106	296
MDA9723412.1	QIZ20518.1	91.057	615	55	0	4	618	5	619	0.0	1174
MDA9723413.1	QIZ20517.1	71.552	116	33	0	1	116	1	116	3.17e-60	176
MDA9723414.1	QIZ20516.1	71.143	350	101	0	1	350	1	350	2.14e-163	457
MDA9723415.1	QIZ20513.1	90.206	388	38	0	1	388	1	388	0.0	735
MDA9723416.1	QIZ20512.1	85.870	92	13	0	4	95	3	94	3.88e-54	159
MDA9723417.1	QIZ20511.1	90.541	592	56	0	1	592	1	592	0.0	1128
MDA9723420.1	QIZ20805.1	39.387	424	208	9	194	598	2	395	2.89e-95	293
MDA9723421.1	QIZ20317.1	73.961	457	119	0	1	457	280	736	0.0	712
MDA9723422.1	QIZ20316.1	91.127	417	37	0	1	417	1	417	0.0	806
MDA9723423.1	QIZ20315.1	86.813	91	12	0	1	91	1	91	2.39e-61	177
MDA9723424.1	QIZ20314.1	72.500	1000	272	3	3	1000	4	1002	0.0	1560
MDA9723425.1	QIZ20313.1	46.196	184	93	2	1	178	1	184	4.30e-53	163
MDA9723426.1	QIZ20305.1	38.839	448	273	1	1	447	5	452	7.64e-111	330
MDA9723427.1	QIZ20304.1	62.667	300	112	0	1	300	1	300	2.92e-136	383
MDA9723428.1	QIZ20303.1	84.722	216	33	0	1	216	1	216	3.80e-137	379
MDA9723429.1	QIZ20302.1	91.446	491	42	0	1	491	1	491	0.0	903
MDA9723430.1	QIZ20301.1	83.299	485	81	0	1	485	1	485	0.0	824
MDA9723431.1	QIZ20300.1	75.789	95	23	0	1	95	1	95	1.00e-49	148
MDA9723432.1	QIZ20299.1	63.576	151	55	0	1	151	1	151	1.59e-67	197
MDA9723433.1	QIZ20298.1	89.457	313	33	0	1	313	1	313	0.0	583
MDA9723434.1	QIZ20742.1	27.873	409	264	11	28	423	25	415	4.25e-43	152
MDA9723435.1	QIZ20297.1	75.000	100	25	0	1	100	1	100	1.35e-52	161
MDA9723437.1	QIZ21126.1	53.634	399	182	1	1	399	4	399	5.46e-133	383
MDA9723438.1	QIZ21140.1	52.756	254	116	3	20	270	20	272	9.10e-92	268
MDA9723439.1	QIZ21141.1	53.552	183	85	0	4	186	5	187	4.82e-70	206
MDA9723440.1	QIZ21142.1	73.443	305	81	0	1	305	1	305	6.56e-165	456
MDA9723441.1	QIZ21143.1	62.774	274	102	0	1	274	1	274	1.26e-114	327
MDA9723442.1	QIZ21151.1	79.229	467	97	0	350	816	121	587	0.0	796
MDA9723443.1	QIZ21152.1	83.395	542	90	0	1	542	1	542	0.0	956
MDA9723444.1	QIZ21154.1	76.152	369	88	0	1	369	1	369	0.0	589
MDA9723445.1	QIZ21155.1	62.952	332	122	1	1	332	1	331	1.50e-153	430
MDA9723446.1	QIZ21156.1	67.742	124	40	0	1	124	1	124	7.76e-57	168
MDA9723447.1	QIZ21157.1	68.224	107	34	0	1	107	1	107	4.00e-45	137
MDA9723448.1	QIZ21158.1	89.606	558	57	1	1	558	1	557	0.0	1061
MDA9723449.1	QIZ21025.1	73.864	88	22	1	1	88	1	87	4.07e-40	133
MDA9723450.1	QIZ21026.1	77.538	325	73	0	1	325	437	761	0.0	522
MDA9723451.1	QIZ21027.1	67.857	196	63	0	1	196	1	196	1.10e-92	265
MDA9723452.1	QIZ21028.1	62.230	278	105	0	5	282	9	286	9.50e-114	325
MDA9723453.1	QIZ21029.1	56.658	383	166	0	1	383	1	383	9.98e-148	419
MDA9723454.1	QIZ21030.1	62.500	200	75	0	1	200	1	200	1.81e-81	236
MDA9723455.1	QIZ21031.1	68.132	182	54	2	36	216	28	206	7.49e-86	249
MDA9723456.1	QIZ21032.1	86.943	628	82	0	1	628	1	628	0.0	1119
MDA9723457.1	QIZ21033.1	78.989	376	75	3	1	375	1	373	0.0	592
MDA9723460.1	QIZ21034.1	76.357	258	61	0	1	258	1	258	2.15e-148	410
MDA9723461.1	QIZ21035.1	79.500	200	41	0	18	217	18	217	5.61e-123	343
MDA9723462.1	QIZ21036.1	71.197	309	88	1	1	309	1	308	1.24e-162	451
MDA9723464.1	QIZ21397.1	88.066	243	29	0	1	243	41	283	3.22e-159	439
MDA9723465.1	QIZ21398.1	76.667	60	14	0	1	60	1	60	6.61e-30	95.9
MDA9723466.1	QIZ21399.1	69.807	467	134	3	5	464	4	470	0.0	629
MDA9723467.1	QIZ21400.1	56.856	299	129	0	1	299	1	299	4.13e-102	297
MDA9723468.1	QIZ21401.1	82.823	588	101	0	1	588	1	588	0.0	1015
MDA9723469.1	QIZ21402.1	77.901	181	40	0	1	181	1	181	2.17e-101	285
MDA9723470.1	QIZ21403.1	84.366	339	52	1	1	339	1	338	0.0	602
MDA9723471.1	QIZ21404.1	82.609	529	83	3	1	529	1	520	0.0	907
MDA9723472.1	QIZ21405.1	87.021	339	43	1	4	341	7	345	0.0	600
MDA9723473.1	QIZ21406.1	43.056	288	149	8	4	280	2	285	2.04e-60	193
MDA9723474.1	QIZ21407.1	39.456	147	88	1	16	162	18	163	1.16e-22	85.1
MDA9723475.1	QIZ21408.1	54.799	646	280	3	10	646	10	652	0.0	729
MDA9723476.1	QIZ21409.1	63.608	316	115	0	5	320	47	362	5.26e-139	394
MDA9723478.1	QIZ20595.1	37.637	364	188	5	1	328	1	361	1.24e-81	248
MDA9723479.1	QIZ20595.1	43.207	368	185	5	1	350	1	362	1.58e-86	261
MDA9723481.1	QIZ21131.1	30.769	299	171	5	22	313	13	282	1.77e-47	157
MDA9723482.1	QIZ21130.1	31.802	283	183	5	17	296	7	282	8.31e-40	136
MDA9723487.1	QIZ20730.1	57.065	184	76	1	1	184	1	181	2.76e-70	207
MDA9723488.1	QIZ21123.1	27.005	374	259	7	17	379	18	388	1.02e-40	144
MDA9723490.1	QIZ20480.1	59.732	149	60	0	33	181	35	183	8.59e-64	191
MDA9723491.1	QIZ21225.1	47.024	168	84	3	18	181	14	180	4.55e-48	150
MDA9723492.1	QIZ21229.1	60.227	440	173	2	1	439	1	439	0.0	509
MDA9723493.1	QIZ21228.1	85.656	244	35	0	1	244	227	470	1.02e-158	444
MDA9723494.1	QIZ20355.1	67.407	270	88	0	1	270	1	270	3.93e-120	340
MDA9723495.1	QIZ20354.1	61.667	300	114	1	1	299	1	300	9.08e-137	385
MDA9723496.1	QIZ20353.1	72.000	425	119	0	5	429	5	429	0.0	596
MDA9723498.1	QIZ20351.1	65.487	339	117	0	1	339	1	339	2.14e-162	453
MDA9723499.1	QIZ20350.1	75.373	134	33	0	10	143	16	149	2.67e-74	214
MDA9723500.1	QIZ20349.1	70.588	153	44	1	1	152	1	153	2.48e-82	235
MDA9723501.1	QIZ20348.1	42.195	410	229	4	16	418	9	417	1.28e-118	349
MDA9723502.1	QIZ21153.1	44.697	264	137	2	1	263	1	256	3.16e-82	243
MDA9723503.1	QIZ20348.1	79.773	440	89	0	2	441	3	442	0.0	731
MDA9723504.1	QIZ20347.1	51.818	330	151	6	12	338	12	336	1.85e-97	288
MDA9723505.1	QIZ20346.1	63.542	96	35	0	1	96	1	96	3.29e-37	116
MDA9723506.1	QIZ20345.1	92.063	63	5	0	1	63	1	63	2.47e-38	117
MDA9723507.1	QIZ20344.1	62.500	120	44	1	5	123	4	123	8.80e-48	145
MDA9723508.1	QIZ20343.1	64.211	95	34	0	1	95	1	95	3.06e-38	119
MDA9723509.1	QIZ20342.1	64.970	334	116	1	1	334	1	333	8.42e-155	433
MDA9723510.1	QIZ20341.1	73.333	60	15	1	1	59	1	60	1.18e-27	90.1
MDA9723511.1	QIZ20340.1	49.650	143	72	0	12	154	12	154	2.42e-37	121
MDA9723512.1	QIZ20339.1	49.618	131	65	1	16	145	17	147	2.13e-44	139
MDA9723514.1	QIZ21113.1	92.453	106	8	0	1	106	1	106	5.89e-73	207
MDA9723515.1	QIZ21114.1	72.881	236	63	1	1	235	1	236	3.35e-129	360
MDA9723516.1	QIZ21115.1	49.315	73	37	0	1	73	1	73	5.07e-23	79.3
MDA9723517.1	QIZ21116.1	67.626	139	45	0	1	139	1	139	6.27e-66	192
MDA9723518.1	QIZ21117.1	63.571	560	201	3	2	559	51	609	0.0	706
MDA9723519.1	QIZ21118.1	40.805	174	102	1	1	174	1	173	1.05e-44	141
MDA9723520.1	QIZ21119.1	49.138	116	55	1	7	118	3	118	1.40e-33	109
MDA9723521.1	QIZ21120.1	64.493	138	48	1	30	166	32	169	1.06e-63	189
MDA9723522.1	QIZ21121.1	92.950	383	27	0	1	383	1	383	0.0	752
MDA9723523.1	QIZ21122.1	81.723	383	70	0	1	383	1	383	0.0	680
MDA9723524.1	QIZ21123.1	88.660	388	44	0	1	388	1	388	0.0	696
MDA9723525.1	QIZ21124.1	88.621	457	52	0	1	457	1	457	0.0	855
MDA9723526.1	QIZ21125.1	76.972	317	73	0	1	317	1	317	0.0	522
MDA9723528.1	QIZ20765.1	73.874	111	28	1	1	111	215	324	1.03e-57	176
MDA9723529.1	QIZ20764.1	43.678	348	190	5	1	347	1	343	1.51e-85	258
MDA9723530.1	QIZ20763.1	87.739	628	77	0	3	630	1	628	0.0	1095
MDA9723531.1	QIZ20762.1	60.345	348	136	2	1	347	1	347	1.47e-136	388
MDA9723532.1	QIZ20761.1	74.718	443	112	0	1	443	1	443	0.0	666
MDA9723533.1	QIZ20760.1	71.481	270	77	0	1	270	1	270	2.78e-139	389
MDA9723534.1	QIZ20759.1	80.607	428	83	0	1	428	1	428	0.0	719
MDA9723535.1	QIZ20758.1	84.247	292	46	0	5	296	2	293	0.0	513
MDA9723536.1	QIZ20757.1	63.272	324	119	0	1	324	1	324	1.19e-145	409
MDA9723537.1	QIZ20739.1	74.000	250	64	1	1	249	1	250	8.07e-138	383
MDA9723538.1	QIZ20740.1	85.895	631	89	0	1	631	1	631	0.0	1149
MDA9723539.1	QIZ20741.1	73.636	110	29	0	1	110	1	110	1.87e-54	161
MDA9723540.1	QIZ20742.1	79.032	434	91	0	1	434	1	434	0.0	730
MDA9723541.1	QIZ20743.1	64.626	294	103	1	1	293	1	294	7.16e-134	377
MDA9723543.1	QIZ21387.1	77.223	461	105	0	1	461	1	461	0.0	724
MDA9723545.1	QIZ21385.1	74.161	298	77	0	1	298	2	299	1.12e-165	472
MDA9723546.1	QIZ20945.1	47.200	125	66	0	3	127	44	168	4.23e-39	125
MDA9723547.1	QIZ20946.1	53.825	366	169	0	1	366	1	366	2.08e-126	363
MDA9723548.1	QIZ20947.1	55.294	85	38	0	1	85	10	94	1.03e-24	84.7
MDA9723549.1	QIZ20948.1	74.286	175	45	0	1	175	1	175	3.32e-99	280
MDA9723550.1	QIZ20949.1	81.081	74	14	0	1	74	1	74	7.97e-42	134
MDA9723551.1	QIZ20952.1	80.124	161	32	0	1	161	525	685	1.34e-89	270
MDA9723552.1	QIZ20951.1	61.702	423	161	1	1	422	1	423	0.0	523
MDA9723553.1	QIZ20950.1	64.393	601	208	4	2	597	3	602	0.0	758
MDA9723554.1	QIZ20949.1	88.889	324	36	0	1	324	1	324	0.0	623
MDA9723555.1	QIZ20948.1	74.286	175	45	0	1	175	1	175	3.32e-99	280
MDA9723556.1	QIZ20947.1	55.294	85	38	0	1	85	10	94	1.03e-24	84.7
MDA9723557.1	QIZ20946.1	53.825	366	169	0	1	366	1	366	2.08e-126	363
MDA9723558.1	QIZ20945.1	47.200	125	66	0	3	127	44	168	4.23e-39	125
MDA9723560.1	QIZ20189.1	90.361	498	48	0	1	498	1	498	0.0	883
MDA9723561.1	QIZ20188.1	90.385	156	15	0	1	156	1	156	1.09e-100	281
MDA9723562.1	QIZ20187.1	84.356	326	51	0	1	326	1	326	0.0	546
MDA9723563.1	QIZ20185.1	29.819	332	222	5	23	350	26	350	1.12e-36	131
MDA9723565.1	QIZ20184.1	71.197	309	89	0	1	309	1	309	1.26e-154	431
MDA9723566.1	QIZ20183.1	75.194	129	32	0	1	129	1	129	8.00e-64	186
MDA9723568.1	QIZ20182.1	70.982	224	65	0	1	224	1	224	1.18e-119	335
MDA9723569.1	QIZ20181.1	84.889	225	34	0	1	225	6	230	1.55e-139	385
MDA9723570.1	QIZ20546.1	81.432	447	82	1	1	446	1	447	0.0	772
MDA9723571.1	QIZ20547.1	83.439	314	51	1	1	313	1	314	0.0	528
MDA9723572.1	QIZ20548.1	92.424	264	20	0	1	264	1	264	0.0	501
MDA9723573.1	QIZ20549.1	72.430	642	171	3	1	641	1	637	0.0	970
MDA9723574.1	QIZ20551.1	63.733	375	136	0	1	375	1	375	0.0	520
MDA9723575.1	QIZ20550.1	75.976	333	79	1	1	332	1	333	0.0	512
MDA9723576.1	QIZ20582.1	69.725	109	33	0	1	109	1	109	1.03e-41	129
MDA9723578.1	QIZ21518.1	44.509	173	95	1	16	188	19	190	7.63e-48	154
MDA9723585.1	QIZ20844.1	30.137	365	224	9	11	361	16	363	2.73e-32	120
MDA9723586.1	QIZ20857.1	34.906	318	176	7	6	308	5	306	7.98e-41	143
MDA9723588.1	QIZ21152.1	28.165	387	256	9	58	428	157	537	1.04e-40	147
MDA9723590.1	QIZ20487.1	30.820	305	157	7	7	309	11	263	1.28e-32	127
MDA9723593.1	QIZ20419.1	89.306	346	37	0	1	346	1	346	0.0	656
MDA9723594.1	QIZ20418.1	69.129	379	117	0	5	383	3	381	0.0	536
MDA9723595.1	QIZ20417.1	71.111	405	117	0	19	423	22	426	0.0	598
MDA9723596.1	QIZ20416.1	85.833	240	34	0	1	240	5	244	5.77e-156	428
MDA9723597.1	QIZ20415.1	85.246	122	18	0	1	122	1	122	1.51e-73	210
MDA9723598.1	QIZ20414.1	80.282	142	28	0	1	142	1	142	4.69e-81	251
MDA9723600.1	QIZ21520.1	85.161	155	23	0	1	155	1	155	2.38e-102	286
MDA9723601.1	QIZ21521.1	81.188	202	36	1	1	200	1	202	1.79e-124	345
MDA9723602.1	QIZ21522.1	64.565	333	118	0	1	333	1	333	1.51e-162	452
MDA9723603.1	QIZ21523.1	86.441	295	40	0	1	295	1	295	0.0	539
MDA9723604.1	QIZ21527.1	67.836	342	107	3	1	342	1	339	4.07e-170	473
MDA9723606.1	QIZ21529.1	60.894	179	58	1	1	179	1	167	2.85e-78	226
MDA9723607.1	QIZ21530.1	75.728	206	50	0	5	210	5	210	3.82e-107	314
MDA9723608.1	QIZ20637.1	74.735	471	85	4	1	439	1	469	0.0	662
MDA9723610.1	QIZ20863.1	41.803	244	134	5	104	343	104	343	2.79e-55	180
MDA9723612.1	QIZ20439.1	66.920	263	87	0	2	264	1	263	3.15e-124	350
MDA9723613.1	QIZ20440.1	90.708	226	20	1	1	226	1	225	2.49e-152	418
MDA9723614.1	QIZ20441.1	75.974	462	111	0	1	462	1	462	0.0	724
MDA9723615.1	QIZ20442.1	61.436	376	144	1	1	375	1	376	9.55e-161	452
MDA9723616.1	QIZ20443.1	53.676	136	61	1	22	157	125	258	2.15e-44	142
MDA9723618.1	QIZ20553.1	83.879	428	69	0	1	428	1	428	0.0	742
MDA9723619.1	QIZ20552.1	76.238	303	72	0	1	303	1	303	4.34e-170	469
MDA9723620.1	QIZ21344.1	61.348	282	109	0	1	282	1	282	5.56e-129	363
MDA9723622.1	QIZ21530.1	68.000	250	77	1	3	252	290	536	4.85e-108	318
MDA9723623.1	QIZ21531.1	79.545	352	72	0	1	352	1	352	0.0	549
MDA9723624.1	QIZ21541.1	76.399	661	156	0	1	661	1	661	0.0	1059
MDA9723625.1	QIZ21007.1	95.516	223	10	0	1	223	1	223	1.60e-163	453
MDA9723626.1	QIZ21006.1	80.723	166	32	0	1	166	1	166	3.69e-99	278
MDA9723627.1	QIZ21005.1	67.647	136	44	0	7	142	7	142	8.34e-68	197
MDA9723628.1	QIZ21004.1	93.431	137	9	0	1	137	1	137	3.38e-95	266
MDA9723629.1	QIZ21003.1	68.649	370	114	1	1	368	1	370	0.0	550
MDA9723630.1	QIZ20190.1	71.141	298	85	1	1	298	1	297	7.00e-160	445
MDA9723631.1	QIZ20191.1	68.156	179	57	0	5	183	4	182	9.08e-93	264
MDA9723632.1	QIZ20192.1	80.838	167	32	0	1	167	1	167	6.96e-102	286
MDA9723633.1	QIZ20678.1	49.425	261	123	6	21	280	143	395	5.31e-81	246
MDA9723635.1	QIZ21162.1	75.758	99	24	0	1	99	1	99	2.90e-49	155
MDA9723636.1	QIZ21161.1	85.938	320	45	0	1	320	1	320	0.0	560
MDA9723637.1	QIZ21159.1	82.468	154	26	1	1	153	104	257	4.18e-94	268
MDA9723638.1	QIZ21043.1	78.304	401	86	1	5	405	2	401	0.0	676
MDA9723639.1	QIZ21042.1	64.481	183	55	5	3	181	2	178	2.57e-76	223
MDA9723640.1	QIZ21041.1	45.509	334	157	7	1	314	1	329	1.65e-78	238
MDA9723641.1	QIZ21040.1	63.636	66	24	0	3	68	109	174	1.28e-22	80.9
MDA9723642.1	QIZ20969.1	78.920	963	200	1	1	960	539	1501	0.0	1598
MDA9723643.1	QIZ20967.1	65.079	63	22	0	12	74	188	250	1.74e-21	79.7
MDA9723644.1	QIZ20667.1	75.752	499	117	2	1	495	294	792	0.0	712
MDA9723645.1	QIZ20668.1	54.696	181	82	0	1	181	1	181	3.71e-72	211
MDA9723646.1	QIZ20669.1	84.211	266	42	0	11	276	15	280	2.70e-172	481
MDA9723647.1	QIZ21450.1	87.778	90	11	0	1	90	24	113	1.30e-56	166
MDA9723648.1	QIZ21451.1	53.933	178	82	0	7	184	18	195	1.06e-65	196
MDA9723649.1	QIZ21452.1	80.704	653	126	0	1	653	1	653	0.0	1097
MDA9723650.1	QIZ20356.1	74.725	91	23	0	1	91	4	94	1.14e-47	142
MDA9723652.1	QIZ20359.1	62.025	316	108	1	1	316	1	304	1.61e-147	413
MDA9723653.1	QIZ20485.1	49.784	231	116	0	1	231	255	485	6.51e-79	241
MDA9723655.1	QIZ20483.1	61.751	217	79	2	1	216	2	215	1.92e-94	271
MDA9723660.1	QIZ20198.1	67.413	402	131	0	1	402	1	402	2.71e-175	491
MDA9723661.1	QIZ20200.1	77.596	183	41	0	1	183	198	380	4.50e-105	302
MDA9723662.1	QIZ20560.1	27.562	283	195	3	47	319	48	330	1.91e-26	105
MDA9723665.1	QIZ20197.1	68.500	200	63	0	1	200	90	289	2.62e-104	298
MDA9723666.1	QIZ20196.1	70.769	195	57	0	7	201	5	199	1.01e-108	305
