MDC1043768.1	QIZ20356.1	93.478	92	6	0	1	92	4	95	9.14e-60	173
MDC1043769.1	QIZ20357.1	86.331	139	19	0	2	140	7	145	4.33e-91	256
MDC1043771.1	QIZ20359.1	62.893	318	105	2	1	318	1	305	8.28e-155	431
MDC1043773.1	QIZ20566.1	90.385	156	15	0	1	156	1	156	5.17e-104	290
MDC1043774.1	QIZ20567.1	88.235	136	16	0	1	136	1	136	8.74e-94	263
MDC1043775.1	QIZ20568.1	93.194	191	13	0	1	191	1	191	3.09e-132	364
MDC1043776.1	QIZ20569.1	96.697	333	11	0	1	333	1	333	0.0	654
MDC1043778.1	QIZ20579.1	48.624	109	56	0	1	109	1	109	8.24e-36	114
MDC1043779.1	QIZ20579.1	91.667	108	9	0	1	108	3	110	2.19e-66	191
MDC1043780.1	QIZ20583.1	89.474	114	12	0	1	114	1	114	4.20e-74	211
MDC1043781.1	QIZ20584.1	82.065	184	33	0	6	189	3	186	5.66e-112	313
MDC1043782.1	QIZ20585.1	86.194	268	37	0	1	268	1	268	3.18e-173	474
MDC1043783.1	QIZ20586.1	75.648	193	47	0	1	193	1	193	3.06e-112	314
MDC1043784.1	QIZ20587.1	81.702	235	43	0	1	235	1	235	3.85e-140	388
MDC1043785.1	QIZ20588.1	88.571	280	32	0	1	280	1	280	0.0	519
MDC1043786.1	QIZ20589.1	91.003	289	26	0	19	307	1	289	0.0	543
MDC1043787.1	QIZ20606.1	88.750	480	54	0	1	480	1	480	0.0	901
MDC1043788.1	QIZ20609.1	93.939	330	20	0	1	330	1	330	0.0	639
MDC1043789.1	QIZ20610.1	91.713	181	15	0	1	181	1	181	9.25e-124	342
MDC1043790.1	QIZ20611.1	80.952	84	16	0	1	84	1	84	2.40e-40	124
MDC1043791.1	QIZ20612.1	91.333	150	13	0	1	150	1	150	2.07e-90	255
MDC1043792.1	QIZ20613.1	92.027	301	24	0	1	301	1	301	0.0	581
MDC1043793.1	QIZ20614.1	95.513	156	7	0	1	156	34	189	6.04e-96	271
MDC1043794.1	QIZ20615.1	93.913	115	7	0	1	115	1	115	1.19e-81	230
MDC1043795.1	QIZ20616.1	96.243	559	21	0	23	581	23	581	0.0	1047
MDC1043796.1	QIZ20617.1	92.593	81	6	0	1	81	1	81	1.05e-53	157
MDC1043797.1	QIZ20618.1	98.193	166	3	0	1	166	1	166	8.56e-120	331
MDC1043798.1	QIZ20619.1	91.129	248	22	0	1	248	1	248	4.58e-136	379
MDC1043799.1	QIZ20620.1	93.878	196	12	0	1	196	1	196	1.63e-124	345
MDC1043800.1	QIZ20621.1	78.477	302	65	0	1	302	1	302	1.06e-172	476
MDC1043801.1	QIZ20622.1	84.681	235	36	0	1	235	61	295	3.28e-135	378
MDC1043802.1	QIZ20623.1	84.277	159	25	0	1	159	1	159	1.66e-89	253
MDC1043803.1	QIZ20624.1	98.077	468	9	0	1	468	1	468	0.0	960
MDC1043805.1	QIZ20625.1	100.000	110	0	0	1	110	1	110	5.67e-78	221
MDC1043806.1	QIZ20626.1	97.959	98	2	0	1	98	1	98	3.61e-67	192
MDC1043807.1	QIZ20627.1	85.256	156	23	0	1	156	1	156	3.95e-98	275
MDC1043808.1	QIZ20628.1	82.921	404	69	0	1	404	1	404	0.0	731
MDC1043809.1	QIZ20629.1	59.518	415	167	1	1	414	1	415	2.14e-168	474
MDC1043810.1	QIZ20630.1	80.247	243	48	0	1	243	1	243	3.89e-141	391
MDC1043811.1	QIZ20631.1	91.875	480	39	0	1	480	1	480	0.0	927
MDC1043812.1	QIZ20632.1	96.454	141	5	0	1	141	1	141	9.53e-100	278
MDC1043813.1	QIZ20633.1	99.083	218	2	0	1	218	1	218	5.28e-166	452
MDC1043814.1	QIZ20634.1	92.000	375	30	0	1	375	1	375	0.0	698
MDC1043815.1	QIZ20635.1	95.110	409	20	0	1	409	1	409	0.0	774
MDC1043816.1	QIZ20636.1	87.671	730	90	0	1	730	1	730	0.0	1179
MDC1043817.1	QIZ20863.1	42.387	243	132	5	104	342	104	342	1.53e-54	178
MDC1043819.1	QIZ20637.1	94.649	598	32	0	1	598	1	598	0.0	1099
MDC1043820.1	QIZ20638.1	98.444	257	4	0	1	257	1	257	0.0	513
MDC1043822.1	QIZ20640.1	94.118	136	8	0	10	145	10	145	2.40e-92	260
MDC1043823.1	QIZ20641.1	92.908	141	10	0	1	141	1	141	3.52e-93	261
MDC1043824.1	QIZ20642.1	98.198	444	8	0	1	444	1	444	0.0	908
MDC1043825.1	QIZ20643.1	78.519	135	26	1	1	135	1	132	1.18e-67	196
MDC1043826.1	QIZ20644.1	95.798	119	5	0	1	119	1	119	2.59e-82	232
MDC1043827.1	QIZ20645.1	95.238	273	13	0	1	273	1	273	0.0	531
MDC1043828.1	QIZ20646.1	96.296	594	22	0	1	594	1	594	0.0	1184
MDC1043829.1	QIZ20647.1	95.909	220	9	0	1	220	5	224	1.80e-139	385
MDC1043830.1	QIZ20648.1	91.086	359	32	0	1	359	1	359	0.0	625
MDC1043831.1	QIZ20649.1	92.105	342	27	0	1	342	1	342	0.0	603
MDC1043832.1	QIZ20650.1	89.583	192	20	0	1	192	1	192	3.46e-116	324
MDC1043833.1	QIZ20651.1	95.588	136	6	0	1	136	1	136	4.00e-83	236
MDC1043834.1	QIZ20652.1	91.546	485	41	0	1	485	1	485	0.0	900
MDC1043835.1	QIZ20653.1	64.042	381	131	2	1	378	1	378	3.28e-171	478
MDC1043836.1	QIZ20654.1	70.028	357	107	0	1	357	1	357	3.51e-166	464
MDC1043837.1	QIZ20655.1	54.235	850	349	5	1	847	1	813	0.0	921
MDC1043838.1	QIZ20656.1	78.361	305	66	0	1	305	1	305	1.49e-160	445
MDC1043839.1	QIZ20657.1	89.375	320	34	0	1	320	1	320	0.0	531
MDC1043840.1	QIZ20658.1	89.313	262	28	0	1	262	1	262	8.27e-172	470
MDC1043841.1	QIZ20659.1	95.714	210	9	0	1	210	1	210	1.77e-149	409
MDC1043842.1	QIZ20660.1	100.000	79	0	0	1	79	1	79	1.08e-50	149
MDC1043843.1	QIZ20661.1	100.000	245	0	0	1	245	3	247	3.39e-180	490
MDC1043844.1	QIZ20662.1	98.710	310	4	0	1	310	1	310	0.0	608
MDC1043845.1	QIZ20663.1	100.000	121	0	0	1	121	1	121	8.72e-86	241
MDC1043846.1	QIZ20664.1	98.571	70	1	0	23	92	1	70	6.03e-47	140
MDC1043847.1	QIZ20665.1	98.026	152	3	0	1	152	1	152	6.40e-103	287
MDC1043848.1	QIZ20666.1	98.941	472	5	0	1	472	1	472	0.0	953
MDC1043849.1	QIZ20667.1	97.103	794	23	0	1	794	1	794	0.0	1533
MDC1043850.1	QIZ20668.1	91.713	181	15	0	1	181	1	181	7.12e-109	304
MDC1043851.1	QIZ20669.1	92.276	479	37	0	15	493	15	493	0.0	918
MDC1043852.1	QIZ20670.1	97.448	431	11	0	1	431	1	431	0.0	863
MDC1043853.1	QIZ20672.1	97.203	286	8	0	1	286	1	286	0.0	554
MDC1043854.1	QIZ20673.1	79.446	433	89	0	1	433	1	433	0.0	695
MDC1043855.1	QIZ20674.1	94.911	393	20	0	1	393	1	393	0.0	775
MDC1043856.1	QIZ20675.1	88.235	68	8	0	1	68	1	68	4.30e-41	124
MDC1043858.1	QIZ20800.1	42.424	231	130	1	1	228	4	234	1.96e-53	167
MDC1043859.1	QIZ20676.1	89.441	161	17	0	1	161	1	161	1.88e-95	269
MDC1043861.1	QIZ20679.1	88.000	75	9	0	1	75	1	75	3.38e-46	137
MDC1043862.1	QIZ20680.1	77.522	347	78	0	1	347	1	347	0.0	588
MDC1043863.1	QIZ20681.1	95.405	370	17	0	1	370	1	370	0.0	745
MDC1043864.1	QIZ20682.1	96.296	405	15	0	1	405	1	405	0.0	815
MDC1043865.1	QIZ20683.1	97.010	301	9	0	1	301	1	301	0.0	575
MDC1043866.1	QIZ20684.1	77.831	415	92	0	1	415	1	415	0.0	633
MDC1043867.1	QIZ20685.1	73.000	200	54	0	1	200	1	200	1.35e-107	303
MDC1043868.1	QIZ20686.1	61.765	136	48	1	1	132	1	136	1.46e-56	168
MDC1043869.1	QIZ20687.1	60.127	158	63	0	1	158	1	158	4.93e-58	174
MDC1043870.1	QIZ20689.1	75.000	276	69	0	1	276	1	276	3.24e-155	429
MDC1043871.1	QIZ20690.1	94.022	552	33	0	1	552	1	552	0.0	1046
MDC1043872.1	QIZ20691.1	96.095	922	36	0	1	922	1	922	0.0	1867
MDC1043873.1	QIZ20692.1	63.958	480	173	0	4	483	12	491	0.0	669
MDC1043875.1	QIZ20694.1	98.365	367	6	0	1	367	1	367	0.0	749
MDC1043876.1	QIZ20695.1	96.129	155	6	0	1	155	1	155	1.41e-84	241
MDC1043877.1	QIZ20696.1	97.233	253	7	0	1	253	1	253	0.0	505
MDC1043878.1	QIZ20697.1	97.253	182	5	0	1	182	1	182	8.00e-132	362
MDC1043879.1	QIZ20698.1	96.429	392	14	0	1	392	1	392	0.0	762
MDC1043881.1	QIZ20699.1	96.618	414	14	0	1	414	1	414	0.0	818
MDC1043882.1	QIZ20700.1	98.845	952	11	0	1	952	1	952	0.0	1968
MDC1043883.1	QIZ20701.1	98.413	126	2	0	1	126	1	126	1.29e-89	251
MDC1043884.1	QIZ20702.1	95.109	368	18	0	1	368	1	368	0.0	709
MDC1043885.1	QIZ20703.1	80.808	297	53	1	1	293	1	297	6.95e-163	450
MDC1043886.1	QIZ20704.1	94.637	317	17	0	1	317	1	317	0.0	590
MDC1043887.1	QIZ20705.1	96.491	228	8	0	1	228	1	228	2.41e-165	451
MDC1043888.1	QIZ20706.1	95.720	257	11	0	1	257	9	265	0.0	506
MDC1043889.1	QIZ20707.1	90.184	163	16	0	1	163	1	163	1.91e-107	299
MDC1043890.1	QIZ20708.1	97.318	261	7	0	1	261	1	261	0.0	530
MDC1043891.1	QIZ20709.1	98.723	235	3	0	1	235	1	235	2.45e-170	464
MDC1043892.1	QIZ20710.1	98.750	240	3	0	1	240	1	240	1.36e-174	475
MDC1043893.1	QIZ20711.1	98.214	336	6	0	1	336	1	336	0.0	654
MDC1043894.1	QIZ20712.1	97.569	288	7	0	1	288	1	288	0.0	556
MDC1043895.1	QIZ20713.1	98.086	418	8	0	1	418	1	418	0.0	851
MDC1043896.1	QIZ20714.1	99.020	204	2	0	1	204	1	204	2.02e-141	389
MDC1043897.1	QIZ20715.1	88.327	257	30	0	1	257	1	257	5.89e-171	468
MDC1043898.1	QIZ20716.1	96.241	133	5	0	1	133	7	139	2.54e-97	271
MDC1043899.1	QIZ20717.1	94.050	521	31	0	1	521	1	521	0.0	982
MDC1043900.1	QIZ20718.1	88.276	145	17	0	1	145	1	145	1.56e-90	255
MDC1043901.1	QIZ20719.1	98.045	358	7	0	1	358	1	358	0.0	692
MDC1043902.1	QIZ20720.1	98.522	203	3	0	1	203	1	203	5.47e-145	397
MDC1043903.1	QIZ20721.1	94.702	302	16	0	1	302	1	302	0.0	586
MDC1043904.1	QIZ20722.1	94.382	267	15	0	1	267	1	267	6.78e-175	478
MDC1043905.1	QIZ20723.1	93.953	215	13	0	1	215	1	215	4.61e-155	424
MDC1043906.1	QIZ20724.1	89.604	404	42	0	1	404	1	404	0.0	764
MDC1043907.1	QIZ20725.1	90.214	889	87	0	1	889	1	889	0.0	1642
MDC1043908.1	QIZ20726.1	99.217	383	3	0	1	383	1	383	0.0	766
MDC1043909.1	QIZ20727.1	97.917	432	9	0	1	432	1	432	0.0	831
MDC1043910.1	QIZ20728.1	96.104	308	12	0	1	308	1	308	0.0	603
MDC1043911.1	QIZ20729.1	99.167	120	1	0	1	120	1	120	7.14e-88	246
MDC1043912.1	QIZ20730.1	91.534	189	16	0	1	189	1	189	2.27e-127	352
MDC1043913.1	QIZ20731.1	97.710	131	3	0	1	131	1	131	5.96e-93	260
MDC1043914.1	QIZ20732.1	98.122	426	8	0	1	426	1	426	0.0	853
MDC1043915.1	QIZ20733.1	92.414	290	22	0	1	290	1	290	0.0	523
MDC1043917.1	QIZ20734.1	90.556	180	17	0	1	180	1	180	1.85e-113	316
MDC1043918.1	QIZ20416.1	47.638	254	122	2	8	261	2	244	5.55e-81	239
MDC1043919.1	QIZ20181.1	29.858	211	136	3	15	213	13	223	1.20e-23	90.5
MDC1043920.1	QIZ20311.1	34.545	165	107	1	14	177	40	204	6.39e-26	96.7
MDC1043922.1	QIZ20735.1	56.923	260	108	2	1	260	1	256	1.55e-86	254
MDC1043924.1	QIZ20736.1	83.654	208	34	0	1	208	1	208	1.76e-137	379
MDC1043925.1	QIZ20737.1	92.308	338	26	0	1	338	1	338	0.0	617
MDC1043926.1	QIZ20738.1	93.396	106	7	0	1	106	1	106	3.15e-73	208
MDC1043927.1	QIZ20739.1	86.166	253	35	0	1	253	1	253	1.22e-159	439
MDC1043928.1	QIZ20740.1	92.710	631	46	0	1	631	1	631	0.0	1227
MDC1043929.1	QIZ20741.1	86.364	110	15	0	1	110	1	110	2.14e-64	186
MDC1043930.1	QIZ20742.1	92.857	434	31	0	1	434	1	434	0.0	842
MDC1043931.1	QIZ20743.1	84.014	294	47	0	1	294	1	294	0.0	500
MDC1043932.1	QIZ20744.1	91.489	329	28	0	1	329	1	329	0.0	629
MDC1043933.1	QIZ20745.1	88.087	277	33	0	1	277	1	277	0.0	498
MDC1043934.1	QIZ20746.1	94.927	887	45	0	1	887	1	887	0.0	1747
MDC1043935.1	QIZ20747.1	88.081	688	82	0	1	688	1	688	0.0	1206
MDC1043936.1	QIZ20748.1	95.918	294	12	0	1	294	1	294	0.0	602
MDC1043937.1	QIZ20749.1	98.507	268	4	0	1	268	1	268	0.0	521
MDC1043938.1	QIZ20750.1	98.220	337	6	0	1	337	1	337	0.0	668
MDC1043939.1	QIZ20751.1	93.750	208	13	0	1	208	1	208	2.24e-147	404
MDC1043940.1	QIZ20752.1	97.778	360	8	0	1	360	1	360	0.0	728
MDC1043941.1	QIZ20753.1	96.389	637	23	0	1	637	1	637	0.0	1270
MDC1043942.1	QIZ20754.1	95.517	290	13	0	1	290	1	290	0.0	531
MDC1043943.1	QIZ20755.1	88.889	81	9	0	1	81	1	81	3.90e-44	133
MDC1043944.1	QIZ20756.1	95.806	310	13	0	1	310	1	310	0.0	587
MDC1043945.1	QIZ20757.1	97.546	326	8	0	1	326	1	326	0.0	648
MDC1043946.1	QIZ20758.1	97.952	293	6	0	1	293	1	293	0.0	589
MDC1043947.1	QIZ20759.1	98.837	430	5	0	1	430	1	430	0.0	863
MDC1043948.1	QIZ20760.1	98.148	270	5	0	1	270	1	270	0.0	527
MDC1043949.1	QIZ20761.1	95.485	443	20	0	1	443	1	443	0.0	846
MDC1043950.1	QIZ20762.1	94.000	350	21	0	1	350	1	350	0.0	592
MDC1043951.1	QIZ20763.1	99.045	628	6	0	1	628	1	628	0.0	1271
MDC1043952.1	QIZ20764.1	91.168	351	31	0	1	351	1	351	0.0	638
MDC1043953.1	QIZ20765.1	94.444	324	18	0	1	324	1	324	0.0	629
MDC1043954.1	QIZ20766.1	98.742	159	2	0	22	180	1	159	8.48e-117	323
MDC1043955.1	QIZ20767.1	98.430	446	7	0	1	446	1	446	0.0	901
MDC1043956.1	QIZ20768.1	97.026	269	8	0	1	269	1	269	0.0	523
MDC1043957.1	QIZ20769.1	98.551	138	2	0	1	138	1	138	9.97e-97	270
MDC1043958.1	QIZ20770.1	99.554	224	1	0	1	224	1	224	1.96e-163	446
MDC1043959.1	QIZ20771.1	98.171	164	3	0	1	164	1	164	1.17e-119	330
MDC1043960.1	QIZ20772.1	99.167	240	2	0	1	240	1	240	6.58e-179	486
MDC1043961.1	QIZ20773.1	97.761	268	6	0	1	268	1	268	0.0	540
MDC1043962.1	QIZ20774.1	90.659	182	16	1	1	182	1	181	1.07e-115	322
MDC1043963.1	QIZ20775.1	95.946	148	6	0	1	148	1	148	3.66e-100	280
MDC1043964.1	QIZ20776.1	97.196	107	3	0	1	107	1	107	5.23e-67	192
MDC1043965.1	QIZ20777.1	95.859	652	27	0	1	652	1	652	0.0	1294
MDC1043966.1	QIZ20778.1	96.716	335	11	0	1	335	1	335	0.0	665
MDC1043967.1	QIZ20779.1	91.582	392	33	0	1	392	1	392	0.0	719
MDC1043968.1	QIZ20780.1	90.774	336	31	0	1	336	1	336	0.0	642
MDC1043969.1	QIZ20781.1	91.787	207	17	0	1	207	1	207	2.92e-118	330
MDC1043970.1	QIZ20782.1	97.312	186	5	0	1	186	1	186	3.71e-137	376
MDC1043971.1	QIZ20783.1	97.967	246	5	0	1	246	1	246	0.0	491
MDC1043972.1	QIZ20784.1	97.368	76	2	0	1	76	1	76	8.59e-53	154
MDC1043973.1	QIZ20785.1	96.923	195	6	0	1	195	1	195	5.52e-140	384
MDC1043974.1	QIZ20786.1	100.000	64	0	0	1	64	1	64	4.42e-39	119
MDC1043975.1	QIZ20853.1	52.586	232	110	0	1	232	7	238	1.64e-83	244
MDC1043976.1	QIZ20788.1	97.629	464	11	0	1	464	1	464	0.0	909
MDC1043977.1	QIZ20789.1	98.039	102	2	0	1	102	1	102	5.06e-70	200
MDC1043978.1	QIZ20790.1	91.160	362	32	0	1	362	1	362	0.0	658
MDC1043980.1	QIZ20792.1	100.000	41	0	0	1	41	1	41	1.01e-23	78.6
MDC1043986.1	QIZ20829.1	38.077	260	147	3	22	280	36	282	9.36e-36	130
MDC1043995.1	QIZ20804.1	30.726	179	120	2	27	204	10	185	1.05e-22	90.1
MDC1044002.1	QIZ20837.1	29.661	590	388	6	2	574	6	585	2.92e-72	238
MDC1044005.1	QIZ20795.1	26.403	303	197	8	1	282	26	323	9.33e-25	97.8
MDC1044009.1	QIZ20293.1	27.512	418	263	13	1	396	1	400	3.73e-33	125
MDC1044012.1	QIZ20360.1	43.994	716	365	13	1	699	7	703	5.64e-174	510
MDC1044013.1	QIZ20361.1	60.759	79	31	0	1	79	1	79	1.89e-31	101
MDC1044014.1	QIZ20362.1	84.220	564	89	0	1	564	1	564	0.0	953
MDC1044015.1	QIZ20363.1	89.524	315	33	0	1	315	1	315	0.0	579
MDC1044016.1	QIZ20364.1	78.182	330	72	0	1	330	1	330	0.0	553
MDC1044017.1	QIZ20365.1	97.849	93	2	0	1	93	1	93	8.85e-64	183
MDC1044018.1	QIZ20366.1	73.373	169	43	1	1	169	1	167	8.40e-84	240
MDC1044019.1	QIZ20367.1	95.128	390	19	0	1	390	1	390	0.0	670
MDC1044020.1	QIZ20368.1	87.647	170	21	0	1	170	1	170	1.28e-110	308
MDC1044021.1	QIZ20793.1	67.241	290	94	1	3	291	2	291	7.77e-138	387
MDC1044022.1	QIZ20369.1	57.255	255	109	0	1	255	1	255	4.83e-101	291
MDC1044023.1	QIZ20370.1	86.905	252	33	0	1	252	1	252	1.99e-154	426
MDC1044024.1	QIZ20371.1	92.203	513	40	0	1	513	1	513	0.0	981
MDC1044025.1	QIZ20372.1	89.355	310	33	0	1	310	1	310	0.0	533
MDC1044026.1	QIZ20373.1	92.118	203	16	0	1	203	1	203	1.41e-125	348
MDC1044027.1	QIZ20374.1	94.256	383	22	0	1	383	1	383	0.0	734
MDC1044028.1	QIZ20375.1	88.095	252	30	0	1	252	1	252	3.19e-149	412
MDC1044029.1	QIZ20376.1	91.509	318	27	0	16	333	16	333	0.0	593
MDC1044030.1	QIZ20377.1	95.563	293	13	0	1	293	1	293	0.0	506
MDC1044031.1	QIZ20378.1	87.500	88	11	0	1	88	1	88	1.91e-43	132
MDC1044032.1	QIZ20379.1	95.461	683	31	0	1	683	1	683	0.0	1287
MDC1044033.1	QIZ20380.1	97.549	204	5	0	1	204	1	204	1.14e-144	397
MDC1044034.1	QIZ20381.1	96.000	275	11	0	1	275	1	275	0.0	557
MDC1044035.1	QIZ20382.1	94.865	370	19	0	1	370	1	370	0.0	729
MDC1044036.1	QIZ20383.1	96.196	184	7	0	1	184	1	184	2.31e-132	364
MDC1044037.1	QIZ20384.1	95.732	164	7	0	1	164	1	164	7.44e-114	315
MDC1044038.1	QIZ20385.1	97.409	849	22	0	1	849	1	849	0.0	1662
MDC1044039.1	QIZ20386.1	98.039	153	2	1	1	152	1	153	2.11e-109	303
MDC1044040.1	QIZ20387.1	98.957	959	10	0	1	959	1	959	0.0	1944
MDC1044041.1	QIZ20388.1	96.447	197	7	0	1	197	1	197	1.31e-140	386
MDC1044042.1	QIZ20389.1	96.271	295	11	0	1	295	1	295	0.0	560
MDC1044043.1	QIZ20390.1	93.617	517	33	0	1	517	1	517	0.0	974
MDC1044044.1	QIZ20391.1	98.936	94	1	0	1	94	1	94	1.03e-63	183
MDC1044045.1	QIZ20392.1	93.795	419	26	0	1	419	1	419	0.0	814
MDC1044046.1	QIZ20393.1	96.032	252	10	0	1	252	1	252	3.26e-177	483
MDC1044047.1	QIZ20394.1	94.521	73	4	0	1	73	1	73	2.58e-39	120
MDC1044048.1	QIZ20395.1	94.118	68	2	1	1	66	1	68	1.15e-40	123
MDC1044049.1	QIZ20396.1	95.111	225	11	0	9	233	12	236	5.74e-162	443
MDC1044050.1	QIZ20397.1	97.967	246	5	0	1	246	1	246	5.20e-176	479
MDC1044051.1	QIZ20398.1	90.506	316	30	0	1	316	1	316	0.0	574
MDC1044052.1	QIZ20399.1	88.506	87	10	0	1	87	1	87	1.01e-49	147
MDC1044053.1	QIZ20400.1	94.454	577	32	0	1	577	1	577	0.0	1108
MDC1044054.1	QIZ20401.1	94.879	371	19	0	1	371	1	371	0.0	689
MDC1044055.1	QIZ20402.1	99.048	105	1	0	1	105	1	105	2.83e-73	208
MDC1044056.1	QIZ20403.1	96.124	258	10	0	1	258	1	258	0.0	513
MDC1044057.1	QIZ20404.1	96.988	332	10	0	1	332	1	332	0.0	650
MDC1044060.1	QIZ20409.1	100.000	72	0	0	1	72	1	72	2.66e-46	137
MDC1044061.1	QIZ20412.1	93.766	401	25	0	1	401	1	401	0.0	735
MDC1044062.1	QIZ20413.1	98.427	572	9	0	1	572	1	572	0.0	1155
MDC1044063.1	QIZ20414.1	94.514	875	48	0	1	875	1	875	0.0	1705
MDC1044064.1	QIZ20415.1	95.122	123	6	0	1	123	1	123	2.40e-82	233
MDC1044065.1	QIZ20416.1	97.541	244	6	0	1	244	1	244	9.14e-180	489
MDC1044066.1	QIZ20417.1	96.479	426	15	0	1	426	1	426	0.0	827
MDC1044067.1	QIZ20418.1	96.325	381	14	0	1	381	1	381	0.0	733
MDC1044068.1	QIZ20419.1	99.711	346	1	0	1	346	1	346	0.0	712
MDC1044069.1	QIZ20420.1	92.751	469	34	0	1	469	1	469	0.0	724
MDC1044070.1	QIZ20421.1	96.112	463	18	0	1	463	1	463	0.0	830
MDC1044071.1	QIZ20422.1	94.678	451	24	0	1	451	1	451	0.0	838
MDC1044072.1	QIZ20423.1	93.592	593	38	0	1	593	1	593	0.0	1047
MDC1044073.1	QIZ20424.1	92.992	371	26	0	1	371	1	371	0.0	634
MDC1044074.1	QIZ20425.1	93.413	167	11	0	1	167	1	167	5.89e-104	291
MDC1044075.1	QIZ20426.1	73.684	152	40	0	1	152	1	152	2.04e-73	212
MDC1044076.1	QIZ20427.1	73.793	145	38	0	1	145	1	145	1.03e-79	228
MDC1044077.1	QIZ20428.1	85.390	308	45	0	1	308	1	308	0.0	540
MDC1044078.1	QIZ20429.1	99.000	100	1	0	1	100	1	100	2.54e-64	185
MDC1044079.1	QIZ20430.1	96.172	418	16	0	1	418	1	418	0.0	818
MDC1044080.1	QIZ20431.1	97.445	274	7	0	1	274	1	274	0.0	556
MDC1044081.1	QIZ20432.1	97.212	538	15	0	1	538	1	538	0.0	1069
MDC1044082.1	QIZ20433.1	98.000	100	2	0	1	100	1	100	1.74e-66	191
MDC1044083.1	QIZ20434.1	91.870	246	20	0	1	246	1	246	3.81e-169	462
MDC1044084.1	QIZ20435.1	67.230	473	155	0	1	473	1	473	0.0	574
MDC1044085.1	QIZ20436.1	86.157	484	67	0	1	484	1	484	0.0	810
MDC1044086.1	QIZ20437.1	91.623	191	16	0	1	191	1	191	2.73e-128	354
MDC1044087.1	QIZ20438.1	93.636	330	21	0	1	330	1	330	0.0	625
MDC1044088.1	QIZ20439.1	96.578	263	9	0	1	263	1	263	0.0	493
MDC1044089.1	QIZ20440.1	98.222	225	4	0	1	225	1	225	5.99e-164	447
MDC1044090.1	QIZ20441.1	91.202	466	41	0	1	466	1	466	0.0	878
MDC1044091.1	QIZ20442.1	91.777	377	31	0	1	377	1	377	0.0	664
MDC1044092.1	QIZ20443.1	86.590	261	35	0	1	261	1	261	3.77e-144	400
MDC1044093.1	QIZ20444.1	91.923	260	21	0	1	260	1	260	0.0	493
MDC1044094.1	QIZ20445.1	88.957	326	36	0	1	326	1	326	0.0	579
MDC1044095.1	QIZ20446.1	97.260	146	4	0	5	150	1	146	1.49e-106	296
MDC1044096.1	QIZ20447.1	66.234	154	52	0	1	154	20	173	3.35e-54	164
MDC1044098.1	QIZ20448.1	81.186	388	73	0	1	388	1	388	0.0	620
MDC1044099.1	QIZ20449.1	87.273	220	28	0	1	220	1	220	6.30e-123	343
MDC1044100.1	QIZ20450.1	87.556	225	28	0	1	225	1	225	1.51e-126	353
MDC1044101.1	QIZ20451.1	97.110	173	5	0	1	173	11	183	1.36e-121	336
MDC1044102.1	QIZ20452.1	92.933	283	20	0	1	283	1	283	0.0	525
MDC1044104.1	QIZ20453.1	95.431	1138	52	0	1	1138	1	1138	0.0	2227
MDC1044105.1	QIZ20454.1	91.228	228	20	0	1	228	1	228	4.47e-151	415
MDC1044106.1	QIZ20455.1	93.415	410	27	0	1	410	1	410	0.0	717
MDC1044107.1	QIZ20456.1	95.270	444	21	0	1	444	1	444	0.0	867
MDC1044108.1	QIZ20457.1	95.062	81	4	0	1	81	1	81	2.32e-45	136
MDC1044109.1	QIZ20458.1	96.370	551	20	0	1	551	1	551	0.0	1107
MDC1044110.1	QIZ20459.1	87.773	229	28	0	1	229	1	229	3.69e-132	368
MDC1044111.1	QIZ20460.1	88.235	187	22	0	1	187	1	187	5.40e-116	323
MDC1044112.1	QIZ20461.1	96.815	471	15	0	1	471	1	471	0.0	900
MDC1044113.1	QIZ20462.1	94.970	497	25	0	1	497	1	497	0.0	961
MDC1044114.1	QIZ20463.1	94.192	637	37	0	1	637	1	637	0.0	1215
MDC1044115.1	QIZ20464.1	92.233	103	8	0	1	103	1	103	1.30e-51	153
MDC1044116.1	QIZ20465.1	95.238	210	10	0	1	210	1	210	6.55e-148	405
MDC1044117.1	QIZ20466.1	98.758	161	2	0	1	161	1	161	1.81e-120	332
MDC1044118.1	QIZ20467.1	96.386	332	12	0	1	332	1	332	0.0	640
MDC1044119.1	QIZ20468.1	95.582	679	30	0	1	679	1	679	0.0	1354
MDC1044120.1	QIZ20469.1	97.291	443	12	0	1	443	1	443	0.0	895
MDC1044121.1	QIZ20470.1	94.554	202	11	0	1	202	1	202	3.48e-147	403
MDC1044122.1	QIZ20471.1	98.977	391	4	0	1	391	1	391	0.0	802
MDC1044123.1	QIZ20472.1	95.545	202	9	0	1	202	1	202	8.47e-146	399
MDC1044124.1	QIZ20473.1	98.266	173	3	0	1	173	1	173	2.57e-131	360
MDC1044125.1	QIZ20474.1	98.361	122	2	0	1	122	1	122	2.15e-84	238
MDC1044126.1	QIZ20475.1	98.111	794	15	0	1	794	1	794	0.0	1578
MDC1044127.1	QIZ20476.1	99.289	422	3	0	1	422	1	422	0.0	860
MDC1044128.1	QIZ20477.1	96.059	203	8	0	1	203	1	203	4.04e-149	408
MDC1044129.1	QIZ20478.1	90.000	490	32	2	1	477	1	486	0.0	852
MDC1044130.1	QIZ20479.1	80.000	80	16	0	1	80	1	80	1.31e-46	139
MDC1044134.1	QIZ20480.1	64.118	170	61	0	13	182	13	182	2.08e-78	228
MDC1044135.1	QIZ20481.1	73.756	221	58	0	1	221	1	221	1.24e-121	340
MDC1044136.1	QIZ20482.1	78.571	140	30	0	1	140	1	140	9.47e-83	235
MDC1044138.1	QIZ20483.1	76.168	214	50	1	1	213	2	215	1.61e-113	319
MDC1044139.1	QIZ20484.1	87.903	248	30	0	1	248	1	248	2.74e-166	455
MDC1044140.1	QIZ20485.1	83.929	56	9	0	2	57	430	485	6.51e-29	101
MDC1044141.1	QIZ20485.1	70.218	413	123	0	1	413	1	413	0.0	566
MDC1044142.1	QIZ20487.1	77.904	439	97	0	4	442	2	440	0.0	664
MDC1044143.1	QIZ20488.1	55.825	206	77	2	3	195	15	219	4.82e-71	211
MDC1044144.1	QIZ20489.1	62.637	364	135	1	1	364	1	363	1.14e-168	471
MDC1044145.1	QIZ20495.1	95.104	531	26	0	1	531	1	531	0.0	1069
MDC1044146.1	QIZ20496.1	98.469	196	3	0	1	196	1	196	2.31e-135	372
MDC1044147.1	QIZ20497.1	96.825	252	8	0	1	252	1	252	0.0	496
MDC1044148.1	QIZ20498.1	95.489	266	12	0	1	266	1	266	1.35e-168	462
MDC1044149.1	QIZ20499.1	93.411	258	17	0	1	258	1	258	4.28e-174	476
MDC1044150.1	QIZ20500.1	94.778	383	20	0	1	383	1	383	0.0	773
MDC1044151.1	QIZ21150.1	32.869	359	209	11	1	340	4	349	8.29e-45	153
MDC1044153.1	QIZ20501.1	90.312	320	31	0	1	320	1	320	0.0	590
MDC1044154.1	QIZ20502.1	93.377	151	10	0	1	151	1	151	2.08e-90	255
MDC1044155.1	QIZ20503.1	97.796	499	11	0	1	499	1	499	0.0	958
MDC1044156.1	QIZ20504.1	95.570	316	14	0	1	316	1	316	0.0	592
MDC1044157.1	QIZ20505.1	90.206	388	38	0	1	388	1	388	0.0	731
MDC1044158.1	QIZ20506.1	88.235	204	24	0	1	204	1	204	3.90e-132	365
MDC1044159.1	QIZ20507.1	99.095	221	2	0	1	221	1	221	4.43e-160	437
MDC1044160.1	QIZ20508.1	95.703	861	37	0	1	861	1	861	0.0	1565
MDC1044161.1	QIZ20510.1	90.092	434	43	0	1	434	1	434	0.0	813
MDC1044162.1	QIZ20511.1	98.653	594	8	0	1	594	1	594	0.0	1217
MDC1044163.1	QIZ20512.1	97.872	94	2	0	1	94	1	94	1.96e-63	182
MDC1044164.1	QIZ20513.1	95.103	388	19	0	1	388	1	388	0.0	775
MDC1044165.1	QIZ20514.1	65.642	358	121	1	1	356	1	358	3.22e-160	449
MDC1044166.1	QIZ20516.1	95.265	359	17	0	1	359	1	359	0.0	624
MDC1044168.1	QIZ20517.1	95.690	116	5	0	1	116	1	116	2.99e-81	229
MDC1044169.1	QIZ20518.1	99.031	619	6	0	1	619	1	619	0.0	1295
MDC1044170.1	QIZ20519.1	98.077	156	3	0	1	156	1	156	2.16e-117	324
MDC1044171.1	QIZ20520.1	90.909	264	24	0	1	264	1	264	0.0	504
MDC1044172.1	QIZ20521.1	88.636	132	15	0	34	165	1	132	9.36e-89	251
MDC1044173.1	QIZ20522.1	90.625	256	24	0	1	256	1	256	1.67e-165	454
MDC1044174.1	QIZ20523.1	92.973	185	13	0	1	185	1	185	1.96e-116	324
MDC1044175.1	QIZ20524.1	92.506	387	29	0	1	387	1	387	0.0	682
MDC1044176.1	QIZ20525.1	95.813	406	17	0	1	406	1	406	0.0	750
MDC1044177.1	QIZ20526.1	97.187	391	11	0	1	391	1	391	0.0	782
MDC1044178.1	QIZ20527.1	96.226	371	14	0	1	371	1	371	0.0	729
MDC1044179.1	QIZ20528.1	100.000	68	0	0	1	68	1	68	1.86e-44	132
MDC1044180.1	QIZ20529.1	95.703	256	11	0	1	256	1	256	0.0	500
MDC1044182.1	QIZ20530.1	98.913	184	2	0	1	184	1	184	7.56e-132	363
MDC1044183.1	QIZ20531.1	96.815	157	5	0	1	157	1	157	1.37e-107	299
MDC1044184.1	QIZ20532.1	89.175	194	21	0	1	194	1	194	3.35e-129	357
MDC1044185.1	QIZ20533.1	82.677	127	22	0	1	127	1	127	2.03e-77	220
MDC1044189.1	QIZ20535.1	62.424	330	124	0	4	333	1	330	2.46e-148	417
MDC1044190.1	QIZ20536.1	84.459	148	23	0	1	148	6	153	1.00e-70	205
MDC1044191.1	QIZ20537.1	64.665	433	153	0	1	433	1	433	0.0	523
MDC1044192.1	QIZ20538.1	100.000	91	0	0	1	91	1	91	2.32e-63	182
MDC1044193.1	QIZ20539.1	96.286	377	14	0	1	377	1	377	0.0	737
MDC1044195.1	QIZ20540.1	92.941	255	18	0	1	255	1	255	3.29e-172	471
MDC1044196.1	QIZ20541.1	87.460	311	39	0	1	311	1	311	0.0	556
MDC1044197.1	QIZ20542.1	50.211	474	233	1	3	473	2	475	6.68e-158	453
MDC1044198.1	QIZ20544.1	94.611	167	9	0	1	167	1	167	7.99e-116	321
MDC1044199.1	QIZ20545.1	95.946	370	15	0	1	370	1	370	0.0	691
MDC1044200.1	QIZ20546.1	98.214	448	8	0	1	448	1	448	0.0	927
MDC1044201.1	QIZ20547.1	92.038	314	24	1	1	313	1	314	0.0	577
MDC1044202.1	QIZ20548.1	96.981	265	8	0	1	265	1	265	0.0	525
MDC1044203.1	QIZ20549.1	87.284	637	81	0	1	637	1	637	0.0	1152
MDC1044204.1	QIZ20550.1	94.940	336	17	0	1	336	1	336	0.0	630
MDC1044205.1	QIZ20551.1	85.789	380	54	0	1	380	1	380	0.0	688
MDC1044206.1	QIZ20552.1	93.729	303	19	0	1	303	1	303	0.0	575
MDC1044207.1	QIZ20553.1	90.187	428	42	0	1	428	1	428	0.0	791
MDC1044208.1	QIZ20554.1	71.642	201	57	0	1	201	1	201	1.44e-97	277
MDC1044209.1	QIZ20555.1	94.810	501	26	0	1	501	1	501	0.0	971
MDC1044210.1	QIZ20556.1	94.857	350	18	0	1	350	1	350	0.0	671
MDC1044211.1	QIZ20557.1	95.938	320	13	0	1	320	1	320	0.0	629
MDC1044212.1	QIZ20562.1	93.496	492	32	0	1	492	1	492	0.0	959
MDC1044213.1	QIZ20563.1	78.694	291	57	1	13	303	13	298	4.96e-168	465
MDC1044214.1	QIZ20564.1	39.689	257	133	8	1	239	1	253	1.70e-45	148
MDC1044215.1	QIZ20565.1	97.163	282	8	0	1	282	10	291	0.0	560
MDC1044216.1	QIZ21234.1	99.239	394	3	0	1	394	1	394	0.0	805
MDC1044217.1	QIZ21233.1	98.520	608	9	0	1	608	1	608	0.0	1219
MDC1044218.1	QIZ21232.1	89.302	215	23	0	1	215	1	215	1.19e-137	380
MDC1044219.1	QIZ21231.1	94.690	226	12	0	1	226	1	226	5.06e-159	435
MDC1044220.1	QIZ21230.1	90.712	323	30	0	1	323	1	323	0.0	590
MDC1044221.1	QIZ21229.1	95.444	439	20	0	1	439	1	439	0.0	806
MDC1044222.1	QIZ21228.1	98.723	470	6	0	1	470	1	470	0.0	950
MDC1044223.1	QIZ21227.1	95.833	120	5	0	1	120	1	120	2.06e-84	238
MDC1044224.1	QIZ21226.1	99.130	115	1	0	1	115	1	115	4.96e-81	229
MDC1044225.1	QIZ21225.1	96.111	180	7	0	1	180	1	180	9.94e-128	352
MDC1044227.1	QIZ21223.1	84.014	294	47	0	1	294	1	294	0.0	508
MDC1044228.1	QIZ21221.1	91.617	167	14	0	1	167	1	167	4.33e-100	281
MDC1044229.1	QIZ21220.1	95.514	691	31	0	1	691	1	691	0.0	1362
MDC1044231.1	QIZ21219.1	94.059	101	6	0	1	101	1	101	1.54e-68	196
MDC1044232.1	QIZ21218.1	99.541	436	2	0	1	436	1	436	0.0	851
MDC1044233.1	QIZ21217.1	97.191	178	5	0	1	178	1	178	5.60e-130	357
MDC1044234.1	QIZ21216.1	91.837	98	8	0	1	98	1	98	1.55e-67	193
MDC1044235.1	QIZ21215.1	92.891	211	15	0	1	211	1	211	1.25e-144	397
MDC1044236.1	QIZ21214.1	67.007	294	97	0	1	294	1	294	7.87e-149	415
MDC1044237.1	QIZ21213.1	93.878	147	9	0	1	147	1	147	3.48e-104	290
MDC1044238.1	QIZ21212.1	87.407	270	34	0	1	270	1	270	0.0	496
MDC1044239.1	QIZ21211.1	86.505	289	39	0	1	289	1	289	0.0	510
MDC1044240.1	QIZ21210.1	89.135	1040	113	0	1	1040	1	1040	0.0	1817
MDC1044241.1	QIZ21209.1	92.965	199	14	0	1	199	1	199	3.52e-139	382
MDC1044242.1	QIZ21207.1	92.437	238	18	0	1	238	1	238	3.72e-169	461
MDC1044243.1	QIZ21206.1	88.646	229	26	0	1	229	1	229	8.73e-145	399
MDC1044244.1	QIZ21205.1	90.654	321	30	0	1	321	1	321	0.0	569
MDC1044245.1	QIZ21204.1	91.447	152	13	0	1	152	1	152	8.84e-101	281
MDC1044246.1	QIZ21203.1	98.832	428	5	0	1	428	1	428	0.0	871
MDC1044247.1	QIZ21202.1	97.266	512	14	0	1	512	1	512	0.0	982
MDC1044248.1	QIZ21201.1	98.298	235	4	0	1	235	1	235	4.06e-170	464
MDC1044249.1	QIZ21200.1	97.186	924	26	0	1	924	1	924	0.0	1823
MDC1044250.1	QIZ21199.1	95.469	309	14	0	1	309	1	309	0.0	591
MDC1044251.1	QIZ21198.1	96.175	183	7	0	1	183	1	183	1.26e-122	339
MDC1044252.1	QIZ21197.1	97.861	187	4	0	1	187	1	187	2.30e-135	372
MDC1044253.1	QIZ21196.1	92.347	392	30	0	1	392	1	392	0.0	750
MDC1044254.1	QIZ21195.1	98.271	347	6	0	1	347	1	347	0.0	711
MDC1044255.1	QIZ21194.1	98.282	291	5	0	1	291	1	291	0.0	582
MDC1044256.1	QIZ21193.1	95.652	184	8	0	1	184	1	184	2.61e-125	346
MDC1044257.1	QIZ21191.1	96.286	350	13	0	1	350	1	350	0.0	666
MDC1044258.1	QIZ21190.1	95.962	520	21	0	1	520	6	525	0.0	1020
MDC1044259.1	QIZ21189.1	98.960	481	5	0	1	481	1	481	0.0	925
MDC1044260.1	QIZ21188.1	96.725	458	15	0	1	458	1	458	0.0	887
MDC1044261.1	QIZ21187.1	89.516	248	26	0	1	248	1	248	5.03e-153	421
MDC1044262.1	QIZ21186.1	97.987	298	6	0	1	298	1	298	0.0	579
MDC1044263.1	QIZ21185.1	96.667	360	12	0	1	360	1	360	0.0	695
MDC1044264.1	QIZ21184.1	98.387	372	6	0	1	372	1	372	0.0	758
MDC1044265.1	QIZ21183.1	97.980	198	4	0	1	198	1	198	3.17e-144	395
MDC1044266.1	QIZ21182.1	93.305	239	16	0	1	239	1	239	1.50e-168	460
MDC1044267.1	QIZ21181.1	97.015	134	4	0	1	134	1	134	9.19e-93	260
MDC1044268.1	QIZ21180.1	100.000	84	0	0	1	84	1	84	2.62e-56	164
MDC1044269.1	QIZ21179.1	97.554	327	8	0	1	327	1	327	0.0	647
MDC1044270.1	QIZ21178.1	97.826	368	8	0	1	368	1	368	0.0	724
MDC1044271.1	QIZ21177.1	93.204	412	28	0	1	412	5	416	0.0	763
MDC1044272.1	QIZ21176.1	94.444	180	10	0	1	180	1	180	3.54e-122	338
MDC1044273.1	QIZ21175.1	96.552	116	4	0	1	116	1	116	5.39e-78	221
MDC1044274.1	QIZ21174.1	98.417	379	6	0	1	379	1	379	0.0	748
MDC1044275.1	QIZ21173.1	95.570	158	7	0	1	158	1	158	2.46e-111	308
MDC1044276.1	QIZ21172.1	100.000	130	0	0	1	130	1	130	1.19e-89	251
MDC1044277.1	QIZ21171.1	99.576	472	2	0	1	472	1	472	0.0	951
MDC1044278.1	QIZ21170.1	99.313	291	2	0	1	291	1	291	0.0	585
MDC1044279.1	QIZ21169.1	99.413	511	3	0	1	511	1	511	0.0	1027
MDC1044280.1	QIZ21168.1	97.838	185	4	0	1	185	1	185	1.65e-130	359
MDC1044281.1	QIZ21167.1	96.313	651	24	0	1	651	1	651	0.0	1286
MDC1044282.1	QIZ21166.1	97.854	466	10	0	1	466	1	466	0.0	931
MDC1044283.1	QIZ21165.1	95.529	425	19	0	1	425	1	425	0.0	819
MDC1044284.1	QIZ21164.1	89.463	968	101	1	1	967	1	968	0.0	1836
MDC1044285.1	QIZ21163.1	97.251	291	8	0	1	291	1	291	0.0	572
MDC1044286.1	QIZ21162.1	94.041	386	23	0	1	386	1	386	0.0	730
MDC1044287.1	QIZ21161.1	99.062	320	3	0	1	320	1	320	0.0	633
MDC1044288.1	QIZ21160.1	98.189	497	9	0	1	497	1	497	0.0	1009
MDC1044289.1	QIZ21159.1	95.720	257	11	0	1	257	1	257	0.0	508
MDC1044290.1	QIZ21158.1	98.644	590	8	0	1	590	1	590	0.0	1222
MDC1044291.1	QIZ21157.1	90.741	108	10	0	1	108	1	108	1.20e-58	171
MDC1044292.1	QIZ21156.1	93.701	127	8	0	1	127	1	127	1.96e-84	238
MDC1044293.1	QIZ21155.1	93.994	333	20	0	1	333	1	333	0.0	645
MDC1044294.1	QIZ21154.1	95.122	369	18	0	1	369	1	369	0.0	716
MDC1044295.1	QIZ21153.1	90.698	258	24	0	1	258	1	258	1.96e-178	486
MDC1044296.1	QIZ21152.1	97.970	542	11	0	1	542	1	542	0.0	1110
MDC1044297.1	QIZ21151.1	98.467	587	9	0	1	587	1	587	0.0	1193
MDC1044298.1	QIZ21150.1	99.185	368	3	0	1	368	1	368	0.0	746
MDC1044299.1	QIZ21149.1	99.015	203	2	0	1	203	9	211	5.76e-148	405
MDC1044300.1	QIZ21148.1	98.715	467	6	0	1	467	1	467	0.0	955
MDC1044301.1	QIZ21147.1	95.977	174	7	0	1	174	1	174	1.06e-119	331
MDC1044302.1	QIZ21146.1	96.930	228	7	0	1	228	1	228	4.35e-165	450
MDC1044303.1	QIZ21145.1	96.124	129	4	1	1	128	1	129	8.40e-85	241
MDC1044304.1	QIZ21144.1	96.239	452	17	0	1	452	1	452	0.0	876
MDC1044305.1	QIZ21143.1	91.971	274	22	0	1	274	1	274	9.00e-179	489
MDC1044306.1	QIZ21142.1	95.082	305	15	0	1	305	1	305	0.0	581
MDC1044307.1	QIZ21141.1	75.936	187	45	0	1	187	1	187	2.99e-104	293
MDC1044308.1	QIZ21139.1	92.833	293	21	0	1	293	1	293	0.0	518
MDC1044309.1	QIZ21138.1	84.746	59	9	0	1	59	1	59	6.02e-33	103
MDC1044310.1	QIZ21137.1	86.067	445	62	0	1	445	1	445	0.0	765
MDC1044311.1	QIZ21136.1	97.130	453	13	0	1	453	1	453	0.0	870
MDC1044312.1	QIZ21135.1	93.333	195	13	0	1	195	1	195	4.19e-141	387
MDC1044313.1	QIZ21134.1	92.487	386	28	1	1	386	1	385	0.0	725
MDC1044320.1	QIZ21125.1	93.060	317	22	0	1	317	1	317	0.0	610
MDC1044323.1	QIZ21124.1	33.492	421	271	6	57	473	41	456	2.47e-74	238
MDC1044324.1	QIZ21123.1	87.306	386	49	0	1	386	1	386	0.0	698
MDC1044325.1	QIZ21122.1	91.906	383	31	0	1	383	1	383	0.0	752
MDC1044326.1	QIZ21120.1	96.450	169	6	0	1	169	1	169	2.17e-119	330
MDC1044327.1	QIZ21119.1	94.872	117	6	0	1	117	1	117	1.77e-69	200
MDC1044328.1	QIZ21118.1	92.188	64	5	0	3	66	110	173	1.98e-37	118
MDC1044329.1	QIZ21118.1	89.189	111	12	0	1	111	1	111	1.12e-71	207
MDC1044330.1	QIZ21117.1	95.520	625	28	0	1	625	1	625	0.0	1121
MDC1044331.1	QIZ21116.1	94.203	138	8	0	1	138	1	138	6.82e-94	263
MDC1044332.1	QIZ21115.1	93.333	75	5	0	1	75	1	75	1.39e-48	144
MDC1044333.1	QIZ21114.1	97.034	236	7	0	1	236	1	236	8.20e-169	460
MDC1044334.1	QIZ21113.1	100.000	106	0	0	1	106	1	106	1.12e-77	219
MDC1044335.1	QIZ21112.1	94.536	183	10	0	1	183	1	183	6.33e-127	350
MDC1044336.1	QIZ21111.1	98.246	114	2	0	1	114	1	114	8.67e-79	223
MDC1044337.1	QIZ21110.1	96.838	253	8	0	1	253	1	253	1.41e-178	486
MDC1044338.1	QIZ21109.1	76.522	345	81	0	1	345	1	345	0.0	582
MDC1044339.1	QIZ21108.1	73.214	168	45	0	1	168	1	168	1.48e-92	262
MDC1044340.1	QIZ21107.1	97.975	395	8	0	1	395	1	395	0.0	791
MDC1044341.1	QIZ21106.1	90.732	205	19	0	1	205	1	205	3.47e-139	383
MDC1044342.1	QIZ21105.1	96.053	152	6	0	1	152	1	152	1.05e-106	296
MDC1044343.1	QIZ21104.1	100.000	126	0	0	1	126	1	126	7.68e-88	247
MDC1044344.1	QIZ21103.1	90.000	380	38	0	1	380	1	380	0.0	709
MDC1044345.1	QIZ21102.1	99.010	202	2	0	1	202	1	202	6.36e-139	382
MDC1044346.1	QIZ21101.1	95.417	240	11	0	1	240	1	240	5.55e-174	474
MDC1044347.1	QIZ21100.1	97.080	137	4	0	1	137	1	137	9.73e-93	260
MDC1044348.1	QIZ21099.1	95.000	40	2	0	1	40	1	40	4.22e-23	77.0
MDC1044349.1	QIZ21098.1	58.333	108	45	0	1	108	1	108	1.49e-46	141
MDC1044350.1	QIZ21097.1	96.364	495	18	0	1	495	1	495	0.0	979
MDC1044351.1	QIZ21096.1	94.915	236	12	0	1	236	1	236	1.07e-166	455
MDC1044352.1	QIZ21095.1	92.562	363	27	0	1	363	1	363	0.0	662
MDC1044353.1	QIZ21094.1	92.286	350	27	0	1	350	1	350	0.0	676
MDC1044354.1	QIZ21093.1	97.865	281	6	0	1	281	1	281	0.0	551
MDC1044355.1	QIZ21092.1	97.917	96	2	0	1	96	1	96	2.42e-63	182
MDC1044356.1	QIZ21091.1	87.812	361	44	0	1	361	1	361	0.0	592
MDC1044357.1	QIZ21090.1	93.534	232	15	0	1	232	1	232	5.44e-162	443
MDC1044358.1	QIZ21089.1	94.463	307	17	0	1	307	1	307	0.0	583
MDC1044359.1	QIZ21088.1	96.919	357	11	0	1	357	1	357	0.0	704
MDC1044360.1	QIZ21086.1	93.431	137	9	0	1	137	1	137	4.17e-95	266
MDC1044361.1	QIZ21085.1	95.171	642	31	0	40	681	39	680	0.0	1272
MDC1044362.1	QIZ21084.1	93.720	207	13	0	1	207	1	207	2.15e-143	394
MDC1044363.1	QIZ21083.1	100.000	86	0	0	1	86	1	86	4.81e-62	178
MDC1044364.1	QIZ21082.1	97.010	602	18	0	1	602	1	602	0.0	1177
MDC1044365.1	QIZ21081.1	94.915	118	6	0	1	118	1	118	1.04e-80	228
MDC1044366.1	QIZ21080.1	95.890	219	9	0	1	219	1	219	1.42e-151	416
MDC1044368.1	QIZ21079.1	95.446	505	23	0	7	511	14	518	0.0	952
MDC1044370.1	QIZ21087.1	40.845	284	161	3	1	283	1	278	1.30e-65	202
MDC1044371.1	QIZ21078.1	92.381	210	16	0	2	211	4	213	3.31e-144	396
MDC1044372.1	QIZ21077.1	89.474	171	18	0	1	171	207	377	2.94e-104	299
MDC1044373.1	QIZ20296.1	99.379	161	1	0	1	161	703	863	1.44e-108	324
MDC1044374.1	QIZ20295.1	94.000	100	6	0	1	100	1	100	4.38e-61	177
MDC1044375.1	QIZ20294.1	96.732	153	5	0	1	153	1	153	5.08e-108	300
MDC1044376.1	QIZ20293.1	95.370	432	20	0	1	432	1	432	0.0	798
MDC1044377.1	QIZ20292.1	96.296	270	10	0	1	270	1	270	0.0	517
MDC1044378.1	QIZ20291.1	87.857	280	34	0	1	280	1	280	4.40e-175	480
MDC1044379.1	QIZ20290.1	98.249	457	8	0	1	457	1	457	0.0	901
MDC1044380.1	QIZ20289.1	92.233	206	16	0	1	206	1	206	2.01e-137	379
MDC1044381.1	QIZ20288.1	98.026	304	6	0	1	304	1	304	0.0	615
MDC1044382.1	QIZ20287.1	100.000	145	0	0	1	145	1	145	2.77e-105	292
MDC1044383.1	QIZ20286.1	98.538	342	5	0	1	342	1	342	0.0	682
MDC1044384.1	QIZ20285.1	98.667	150	2	0	1	150	1	150	1.80e-107	298
MDC1044385.1	QIZ20284.1	99.213	127	1	0	1	127	1	127	4.54e-91	255
MDC1044386.1	QIZ20283.1	94.366	213	12	0	1	213	1	213	9.24e-152	415
MDC1044387.1	QIZ20282.1	98.122	426	8	0	1	426	1	426	0.0	833
MDC1044388.1	QIZ20281.1	98.693	153	2	0	1	153	1	153	1.23e-105	294
MDC1044389.1	QIZ20280.1	98.235	170	3	0	1	170	1	170	2.31e-121	335
MDC1044390.1	QIZ20279.1	99.153	118	1	0	1	118	1	118	7.21e-82	231
MDC1044391.1	QIZ20278.1	96.089	179	7	0	1	179	1	179	9.81e-123	339
MDC1044392.1	QIZ20277.1	99.237	131	1	0	1	131	1	131	5.57e-94	263
MDC1044393.1	QIZ20276.1	97.030	101	3	0	1	101	1	101	3.07e-69	197
MDC1044394.1	QIZ20275.1	99.457	184	1	0	1	184	1	184	1.12e-133	367
MDC1044395.1	QIZ20274.1	97.561	82	2	0	1	82	1	82	5.88e-51	150
MDC1044396.1	QIZ20273.1	99.180	122	1	0	1	122	1	122	2.52e-85	240
MDC1044397.1	QIZ20272.1	100.000	78	0	0	1	78	1	78	3.16e-53	155
MDC1044398.1	QIZ20271.1	98.413	63	1	0	1	63	1	63	1.62e-39	120
MDC1044399.1	QIZ20270.1	99.265	136	1	0	1	136	1	136	2.83e-98	274
MDC1044400.1	QIZ20269.1	99.558	226	1	0	1	226	1	226	4.83e-168	457
MDC1044401.1	QIZ20268.1	100.000	132	0	0	1	132	1	132	5.43e-94	263
MDC1044402.1	QIZ20267.1	100.000	97	0	0	1	97	1	97	2.41e-67	192
MDC1044403.1	QIZ20266.1	98.577	281	4	0	1	281	1	281	0.0	568
MDC1044404.1	QIZ20265.1	98.969	97	1	0	1	97	1	97	1.42e-65	188
MDC1044405.1	QIZ20264.1	97.585	207	5	0	1	207	1	207	9.66e-145	397
MDC1044406.1	QIZ20263.1	98.305	236	4	0	1	236	1	236	8.93e-171	465
MDC1044407.1	QIZ20262.1	99.020	102	1	0	1	102	1	102	2.94e-71	203
MDC1044408.1	QIZ20261.1	98.410	692	11	0	1	692	1	692	0.0	1415
MDC1044409.1	QIZ20260.1	100.000	156	0	0	1	156	1	156	4.84e-114	315
MDC1044410.1	QIZ20259.1	100.000	123	0	0	1	123	1	123	2.65e-87	245
MDC1044411.1	QIZ20258.1	98.272	1389	24	0	1	1389	1	1389	0.0	2812
MDC1044412.1	QIZ20257.1	98.606	1363	19	0	1	1363	1	1363	0.0	2750
MDC1044413.1	QIZ20256.1	96.694	121	4	0	1	121	1	121	1.05e-77	221
MDC1044414.1	QIZ20255.1	96.386	166	6	0	1	166	1	166	2.84e-118	327
MDC1044415.1	QIZ20254.1	95.633	229	10	0	1	229	1	229	8.94e-160	437
MDC1044416.1	QIZ20253.1	98.582	141	2	0	1	141	1	141	4.05e-100	279
MDC1044417.1	QIZ20252.1	99.432	176	1	0	1	176	1	176	6.44e-127	350
MDC1044418.1	QIZ20251.1	100.000	63	0	0	1	63	1	63	8.54e-41	123
MDC1044419.1	QIZ20250.1	97.222	396	11	0	1	396	1	396	0.0	787
MDC1044420.1	QIZ20249.1	99.190	247	2	0	1	247	1	247	0.0	502
MDC1044421.1	QIZ20248.1	93.822	259	16	0	1	259	1	259	3.92e-176	481
MDC1044423.1	QIZ20247.1	87.970	133	16	0	1	133	1	133	3.72e-85	240
MDC1044424.1	QIZ20246.1	94.779	249	13	0	1	249	1	249	1.75e-179	488
MDC1044425.1	QIZ20245.1	94.495	218	12	0	1	218	1	218	5.03e-151	415
MDC1044426.1	QIZ20244.1	96.875	256	8	0	1	256	1	256	0.0	525
MDC1044427.1	QIZ20243.1	97.674	430	10	0	1	430	1	430	0.0	867
MDC1044428.1	QIZ20242.1	98.077	260	5	0	1	260	1	260	0.0	512
MDC1044429.1	QIZ20241.1	95.000	80	4	0	1	80	1	80	6.33e-52	152
MDC1044430.1	QIZ20240.1	96.035	227	9	0	1	227	1	227	2.78e-165	451
MDC1044431.1	QIZ20239.1	96.575	730	25	0	1	730	1	730	0.0	1455
MDC1044432.1	QIZ20238.1	97.368	76	2	0	1	76	1	76	4.53e-51	150
MDC1044433.1	QIZ20237.1	95.455	110	5	0	1	110	1	110	7.65e-77	218
MDC1044434.1	QIZ21224.1	82.210	371	66	0	6	376	25	395	0.0	652
MDC1044435.1	QIZ20236.1	97.073	205	6	0	1	205	1	205	2.30e-150	411
MDC1044436.1	QIZ20235.1	94.093	237	14	0	1	237	1	237	4.57e-162	443
MDC1044437.1	QIZ20234.1	95.685	533	23	0	1	533	1	533	0.0	1057
MDC1044438.1	QIZ20233.1	92.936	453	32	0	1	453	1	453	0.0	859
MDC1044439.1	QIZ20232.1	93.878	245	15	0	1	245	1	245	3.62e-176	480
MDC1044440.1	QIZ20231.1	98.475	459	7	0	1	459	1	459	0.0	946
MDC1044441.1	QIZ20230.1	95.710	606	26	0	1	606	1	606	0.0	1197
MDC1044442.1	QIZ20229.1	94.686	207	11	0	1	207	1	207	1.63e-139	384
MDC1044443.1	QIZ20228.1	97.817	229	5	0	1	229	1	229	1.15e-170	464
MDC1044444.1	QIZ20227.1	98.000	500	10	0	1	500	1	500	0.0	1011
MDC1044445.1	QIZ20226.1	97.315	298	8	0	1	298	1	298	0.0	598
MDC1044446.1	QIZ20225.1	95.989	374	15	0	1	374	1	374	0.0	744
MDC1044447.1	QIZ21152.1	25.714	490	321	11	52	508	60	539	2.72e-40	148
MDC1044449.1	QIZ20504.1	27.653	311	214	6	3	312	2	302	6.30e-28	106
MDC1044450.1	QIZ20503.1	43.933	478	261	6	22	494	23	498	1.62e-125	371
MDC1044453.1	QIZ20222.1	98.246	342	6	0	1	342	1	342	0.0	711
MDC1044454.1	QIZ20221.1	98.760	645	8	0	1	645	1	645	0.0	1331
MDC1044455.1	QIZ20220.1	96.281	484	18	0	1	484	1	484	0.0	941
MDC1044456.1	QIZ20219.1	85.556	90	13	0	1	90	1	90	3.08e-55	162
MDC1044457.1	QIZ20218.1	95.526	380	17	0	1	380	1	380	0.0	754
MDC1044462.1	QIZ21307.1	26.692	266	187	6	8	268	9	271	1.17e-27	104
MDC1044463.1	QIZ20510.1	28.571	434	301	4	18	451	10	434	3.02e-56	188
MDC1044464.1	QIZ20318.1	28.873	284	188	7	5	281	4	280	1.65e-28	107
MDC1044466.1	QIZ20217.1	95.526	447	20	0	1	447	1	447	0.0	884
MDC1044470.1	QIZ21212.1	29.091	275	170	12	26	288	2	263	9.15e-22	88.2
MDC1044472.1	QIZ20348.1	35.323	402	218	4	30	391	31	430	5.32e-68	217
MDC1044480.1	QIZ21320.1	51.713	321	153	2	5	323	3	323	7.62e-117	337
MDC1044482.1	QIZ21343.1	38.725	204	118	5	22	223	497	695	3.13e-41	145
MDC1044487.1	QIZ21336.1	35.115	131	84	1	3	132	12	142	1.35e-27	95.5
MDC1044488.1	QIZ21339.1	51.948	77	35	1	4	78	1	77	3.32e-22	83.2
MDC1044489.1	QIZ21342.1	42.708	96	55	0	7	102	5	100	8.11e-23	81.3
MDC1044491.1	QIZ20212.1	98.148	162	3	0	1	162	1	162	9.56e-121	333
MDC1044492.1	QIZ20211.1	79.381	97	20	0	1	97	1	97	1.54e-55	163
MDC1044493.1	QIZ20582.1	79.310	58	12	0	1	58	54	111	1.42e-21	75.9
MDC1044496.1	QIZ20210.1	86.122	526	73	0	11	536	11	536	0.0	901
MDC1044497.1	QIZ20208.1	84.091	132	21	0	1	132	1	132	4.97e-77	220
MDC1044498.1	QIZ20207.1	100.000	66	0	0	1	66	1	66	5.61e-44	131
MDC1044499.1	QIZ20206.1	89.631	434	45	0	1	434	1	434	0.0	805
MDC1044500.1	QIZ20205.1	94.604	278	15	0	1	278	1	278	4.08e-162	447
MDC1044501.1	QIZ20204.1	97.561	328	8	0	7	334	1	328	0.0	669
MDC1044502.1	QIZ20203.1	95.711	443	19	0	1	443	1	443	0.0	841
MDC1044503.1	QIZ20202.1	87.805	164	20	0	1	164	1	164	2.23e-105	294
MDC1044504.1	QIZ20201.1	92.560	336	25	0	1	336	1	336	0.0	659
MDC1044505.1	QIZ20200.1	97.900	381	8	0	17	397	1	381	0.0	770
MDC1044506.1	QIZ20199.1	94.286	175	9	1	1	174	1	175	1.13e-115	321
MDC1044507.1	QIZ20198.1	71.642	402	114	0	1	402	1	402	0.0	530
MDC1044508.1	QIZ20197.1	88.112	286	34	0	3	288	4	289	0.0	530
MDC1044509.1	QIZ20196.1	72.864	199	54	0	1	199	1	199	2.71e-114	320
MDC1044510.1	QIZ20599.1	39.867	301	175	3	5	304	1	296	7.09e-73	222
MDC1044512.1	QIZ21130.1	29.796	245	159	7	46	283	43	281	2.17e-21	87.0
MDC1044513.1	QIZ21131.1	28.302	265	170	7	21	270	23	282	3.70e-29	107
MDC1044515.1	QIZ20595.1	57.766	367	145	3	1	364	1	360	8.74e-152	428
MDC1044516.1	QIZ20192.1	94.611	167	9	0	1	167	1	167	7.98e-117	323
MDC1044517.1	QIZ20191.1	91.304	184	16	0	1	184	1	184	1.32e-127	352
MDC1044518.1	QIZ20190.1	94.722	360	19	0	1	360	1	360	0.0	698
MDC1044519.1	QIZ20184.1	90.323	310	30	0	1	310	1	310	0.0	556
MDC1044520.1	QIZ20183.1	96.124	129	5	0	1	129	1	129	3.25e-86	243
MDC1044521.1	QIZ20182.1	98.661	224	3	0	1	224	1	224	6.72e-160	437
MDC1044522.1	QIZ20181.1	98.696	230	3	0	1	230	1	230	5.31e-165	450
MDC1044523.1	QIZ20180.1	98.587	283	4	0	1	283	1	283	0.0	569
MDC1044524.1	QIZ21593.1	97.977	346	7	0	1	346	1	346	0.0	696
MDC1044528.1	QIZ21591.1	96.571	175	6	0	1	175	1	175	1.66e-124	343
MDC1044529.1	QIZ21542.1	56.000	75	33	0	1	75	1	75	2.54e-26	87.8
MDC1044530.1	QIZ21541.1	93.366	814	54	0	1	814	1	814	0.0	1573
MDC1044532.1	QIZ21513.1	41.943	813	462	7	4	809	1	810	0.0	639
MDC1044533.1	QIZ21540.1	85.714	147	21	0	1	147	1	147	8.63e-94	263
MDC1044534.1	QIZ21539.1	79.444	180	37	0	1	180	1	180	4.71e-92	262
MDC1044536.1	QIZ21538.1	84.810	237	36	0	1	237	1	237	1.88e-138	384
MDC1044537.1	QIZ21537.1	93.987	316	19	0	1	316	1	316	0.0	565
MDC1044539.1	QIZ21536.1	71.111	225	65	0	1	225	1	225	7.53e-122	345
MDC1044541.1	QIZ21534.1	49.038	104	52	1	18	121	18	120	1.70e-32	106
MDC1044542.1	QIZ21214.1	28.114	281	191	3	13	290	8	280	1.25e-28	107
MDC1044543.1	QIZ21533.1	78.431	102	22	0	1	102	1	102	1.70e-57	168
MDC1044544.1	QIZ21532.1	87.931	232	28	0	1	232	1	232	1.87e-135	376
MDC1044545.1	QIZ21531.1	89.773	352	36	0	1	352	1	352	0.0	619
MDC1044546.1	QIZ21530.1	84.544	537	78	2	3	538	4	536	0.0	871
MDC1044547.1	QIZ21527.1	76.106	339	81	0	1	339	1	339	0.0	560
MDC1044548.1	QIZ21524.1	87.879	66	8	0	3	68	411	476	3.78e-39	129
MDC1044549.1	QIZ21523.1	97.288	295	8	0	1	295	1	295	0.0	596
MDC1044550.1	QIZ21522.1	73.273	333	89	0	1	333	1	333	0.0	526
MDC1044551.1	QIZ21521.1	88.119	202	24	0	1	202	1	202	8.81e-141	387
MDC1044552.1	QIZ21520.1	96.774	155	5	0	1	155	1	155	3.52e-114	315
MDC1044553.1	QIZ21519.1	95.161	124	6	0	1	124	1	124	6.20e-88	247
MDC1044554.1	QIZ21344.1	63.830	282	101	1	1	281	1	282	8.42e-126	355
MDC1044555.1	QIZ21518.1	72.871	317	86	0	1	317	1	317	1.16e-170	472
MDC1044556.1	QIZ21517.1	69.444	72	22	0	1	72	1	72	2.13e-32	102
MDC1044557.1	QIZ21516.1	97.032	539	16	0	1	539	1	539	0.0	1092
MDC1044558.1	QIZ21515.1	90.536	317	30	0	1	317	1	317	0.0	602
MDC1044559.1	QIZ21514.1	87.149	249	32	0	1	249	1	249	7.70e-162	444
MDC1044560.1	QIZ21513.1	94.815	810	42	0	1	810	1	810	0.0	1583
MDC1044561.1	QIZ21512.1	72.174	115	32	0	1	115	52	166	1.96e-61	181
MDC1044562.1	QIZ21511.1	87.302	189	24	0	1	189	1	189	1.89e-125	347
MDC1044566.1	QIZ21510.1	51.128	133	65	0	1	133	6	138	3.05e-45	140
MDC1044567.1	QIZ21509.1	95.019	261	13	0	1	261	1	261	0.0	504
MDC1044568.1	QIZ21508.1	97.581	124	3	0	1	124	1	124	1.96e-91	256
MDC1044569.1	QIZ21507.1	73.881	134	35	0	1	134	1	134	2.64e-73	211
MDC1044570.1	QIZ21506.1	73.552	397	105	0	1	397	1	397	0.0	645
MDC1044571.1	QIZ21505.1	97.107	242	7	0	1	242	1	242	4.80e-177	482
MDC1044572.1	QIZ21504.1	97.566	452	11	0	1	452	1	452	0.0	922
MDC1044573.1	QIZ21503.1	97.790	181	4	0	1	181	1	181	1.82e-125	346
MDC1044575.1	QIZ21502.1	96.552	203	7	0	1	203	1	203	1.02e-142	392
MDC1044576.1	QIZ21501.1	96.909	550	17	0	1	550	1	550	0.0	1101
MDC1044577.1	QIZ21500.1	96.970	297	9	0	1	297	27	323	0.0	598
MDC1044578.1	QIZ20977.1	93.933	478	29	0	1	478	324	801	0.0	920
MDC1044579.1	QIZ20978.1	92.199	141	11	0	1	141	1	141	3.73e-92	259
MDC1044580.1	QIZ20979.1	99.074	108	1	0	1	108	1	108	3.71e-75	213
MDC1044581.1	QIZ20980.1	92.105	304	24	0	1	304	1	304	0.0	501
MDC1044582.1	QIZ20981.1	96.127	568	22	0	1	568	1	568	0.0	1031
MDC1044583.1	QIZ20982.1	94.444	198	11	0	1	198	1	198	3.38e-136	375
MDC1044584.1	QIZ20983.1	92.453	159	12	0	1	159	1	159	9.04e-96	270
MDC1044585.1	QIZ20984.1	97.175	177	5	0	1	177	1	177	9.08e-124	342
MDC1044586.1	QIZ20985.1	97.872	188	4	0	1	188	1	188	4.03e-140	384
MDC1044587.1	QIZ20986.1	93.578	218	14	0	1	218	1	218	6.84e-155	424
MDC1044588.1	QIZ20987.1	95.522	67	3	0	1	67	1	67	4.49e-31	99.0
MDC1044589.1	QIZ20988.1	90.643	171	16	0	1	171	1	171	3.58e-113	314
MDC1044590.1	QIZ20989.1	97.831	461	10	0	1	461	1	461	0.0	916
MDC1044591.1	QIZ20990.1	93.564	404	26	0	1	404	1	404	0.0	753
MDC1044592.1	QIZ20991.1	92.704	233	17	0	1	233	1	233	7.71e-149	410
MDC1044593.1	QIZ20992.1	98.378	370	6	0	1	370	1	370	0.0	728
MDC1044594.1	QIZ20993.1	97.447	470	12	0	1	470	1	470	0.0	927
MDC1044595.1	QIZ20994.1	98.837	86	1	0	1	86	1	86	1.23e-54	160
MDC1044596.1	QIZ20995.1	92.683	287	21	0	1	287	1	287	0.0	509
MDC1044597.1	QIZ20996.1	95.726	234	10	0	1	234	1	234	4.94e-170	463
MDC1044598.1	QIZ20997.1	97.893	522	11	0	1	522	1	522	0.0	1034
MDC1044599.1	QIZ20998.1	93.267	401	27	0	1	401	1	401	0.0	764
MDC1044600.1	QIZ20999.1	95.172	145	7	0	1	145	1	145	3.15e-101	282
MDC1044601.1	QIZ21000.1	94.024	251	15	0	1	251	1	251	1.55e-172	471
MDC1044602.1	QIZ21001.1	90.411	146	14	0	1	146	1	146	7.04e-95	266
MDC1044603.1	QIZ20329.1	58.974	195	78	2	4	197	20	213	1.22e-87	253
MDC1044605.1	QIZ21005.1	70.073	137	39	1	1	135	1	137	2.27e-65	191
MDC1044606.1	QIZ21006.1	97.590	166	4	0	1	166	1	166	5.96e-120	331
MDC1044607.1	QIZ21007.1	87.593	403	50	0	1	403	1	403	0.0	749
MDC1044608.1	QIZ21008.1	97.701	261	6	0	1	261	1	261	0.0	524
MDC1044609.1	QIZ21009.1	89.683	126	13	0	1	126	1	126	1.54e-84	238
MDC1044610.1	QIZ21010.1	97.681	690	16	0	1	690	1	690	0.0	1373
MDC1044611.1	QIZ21011.1	100.000	82	0	0	1	82	1	82	9.37e-56	162
MDC1044612.1	QIZ21012.1	99.180	122	1	0	1	122	1	122	2.78e-86	243
MDC1044613.1	QIZ21013.1	97.015	737	18	2	1	734	1	736	0.0	1435
MDC1044614.1	QIZ21014.1	99.623	530	2	0	1	530	1	530	0.0	1057
MDC1044615.1	QIZ21015.1	97.172	389	11	0	1	389	1	389	0.0	786
MDC1044616.1	QIZ21016.1	90.982	499	45	0	16	514	19	517	0.0	858
MDC1044617.1	QIZ21017.1	92.157	153	12	0	1	153	1	153	4.99e-89	252
MDC1044618.1	QIZ21018.1	97.898	333	7	0	1	333	1	333	0.0	660
MDC1044619.1	QIZ21019.1	93.626	455	29	0	1	455	1	455	0.0	850
MDC1044620.1	QIZ21020.1	100.000	136	0	0	1	136	1	136	1.23e-97	272
MDC1044621.1	QIZ21021.1	92.969	128	9	0	1	128	1	128	5.12e-86	242
MDC1044622.1	QIZ21022.1	88.253	332	39	0	1	332	1	332	0.0	611
MDC1044624.1	QIZ21023.1	94.444	180	10	0	1	180	1	180	1.81e-124	343
MDC1044625.1	QIZ21024.1	85.886	333	47	0	1	333	1	333	0.0	588
MDC1044626.1	QIZ21025.1	82.874	508	87	0	1	508	1	508	0.0	824
MDC1044627.1	QIZ21026.1	90.551	762	71	1	1	762	1	761	0.0	1403
MDC1044628.1	QIZ21027.1	96.954	197	6	0	1	197	1	197	8.97e-138	379
MDC1044629.1	QIZ21028.1	91.638	287	24	0	1	287	1	287	0.0	506
MDC1044630.1	QIZ21029.1	89.556	383	40	0	1	383	1	383	0.0	672
MDC1044631.1	QIZ21030.1	94.500	200	11	0	1	200	1	200	5.89e-129	357
MDC1044632.1	QIZ21031.1	90.521	211	20	0	1	211	1	211	1.42e-137	379
MDC1044633.1	QIZ21032.1	96.610	649	20	1	1	647	1	649	0.0	1251
MDC1044634.1	QIZ21033.1	95.745	376	13	1	1	376	1	373	0.0	728
MDC1044635.1	QIZ21034.1	93.411	258	17	0	1	258	1	258	9.29e-180	490
MDC1044636.1	QIZ21035.1	95.500	200	9	0	18	217	18	217	1.39e-146	402
MDC1044637.1	QIZ21036.1	85.761	309	44	0	1	309	1	309	0.0	555
MDC1044638.1	QIZ21037.1	86.528	193	26	0	1	193	1	193	3.53e-116	324
MDC1044639.1	QIZ21038.1	88.608	158	18	0	1	158	5	162	1.43e-97	274
MDC1044640.1	QIZ21039.1	86.111	216	30	0	1	216	1	216	1.27e-140	387
MDC1044641.1	QIZ21040.1	82.222	180	32	0	1	180	1	180	5.20e-106	297
MDC1044642.1	QIZ21041.1	42.319	345	170	8	1	332	1	329	4.06e-65	204
MDC1044643.1	QIZ21042.1	71.348	178	47	3	5	182	5	178	7.56e-88	251
MDC1044644.1	QIZ21043.1	90.995	844	76	0	1	844	1	844	0.0	1584
MDC1044645.1	QIZ21044.1	55.000	140	61	1	15	154	17	154	2.50e-45	141
MDC1044646.1	QIZ21045.1	80.665	331	64	0	1	331	1	331	0.0	534
MDC1044647.1	QIZ21046.1	88.298	282	33	0	1	282	1	282	0.0	501
MDC1044648.1	QIZ21047.1	92.803	264	19	0	1	264	1	264	0.0	501
MDC1044649.1	QIZ21048.1	84.507	213	33	0	1	213	1	213	7.88e-132	365
MDC1044650.1	QIZ21049.1	94.382	623	35	0	1	623	1	623	0.0	1203
MDC1044651.1	QIZ21050.1	93.002	443	31	0	1	443	1	443	0.0	821
MDC1044652.1	QIZ21051.1	37.917	509	295	7	50	546	55	554	9.99e-97	300
MDC1044653.1	QIZ21051.1	53.763	558	242	4	7	560	9	554	0.0	559
MDC1044654.1	QIZ21052.1	99.526	422	2	0	1	422	1	422	0.0	847
MDC1044657.1	QIZ21055.1	85.455	275	40	0	1	275	59	333	9.50e-179	491
MDC1044658.1	QIZ20885.1	81.967	122	22	0	1	122	73	194	2.11e-71	207
MDC1044659.1	QIZ20886.1	97.287	258	7	0	1	258	1	258	0.0	503
MDC1044660.1	QIZ20887.1	93.396	424	28	0	19	442	19	442	0.0	768
MDC1044661.1	QIZ20888.1	96.774	217	7	0	1	217	1	217	8.00e-153	418
MDC1044662.1	QIZ20889.1	98.785	576	7	0	1	576	1	576	0.0	1152
MDC1044663.1	QIZ20890.1	98.947	95	1	0	1	95	1	95	3.45e-66	189
MDC1044664.1	QIZ20891.1	93.913	230	14	0	1	230	1	230	5.83e-160	437
MDC1044665.1	QIZ20892.1	93.301	209	14	0	1	209	1	209	9.25e-144	395
MDC1044666.1	QIZ20893.1	97.317	410	11	0	1	410	1	410	0.0	824
MDC1044667.1	QIZ20894.1	97.358	265	7	0	1	265	1	265	0.0	513
MDC1044668.1	QIZ20895.1	90.260	308	30	0	1	308	1	308	0.0	592
MDC1044669.1	QIZ20896.1	48.357	426	212	6	1	422	1	422	1.27e-140	404
MDC1044670.1	QIZ20897.1	60.748	107	39	2	1	105	1	106	5.86e-44	134
MDC1044671.1	QIZ20898.1	36.059	477	294	7	3	475	4	473	1.28e-99	303
MDC1044672.1	QIZ20908.1	55.022	229	97	3	1	223	1	229	2.93e-80	236
MDC1044674.1	QIZ20920.1	52.838	229	107	1	1	229	1	228	2.07e-79	233
MDC1044675.1	QIZ20921.1	47.429	350	179	3	1	349	1	346	1.91e-112	327
MDC1044676.1	QIZ20922.1	70.664	467	133	3	1	465	1	465	0.0	650
MDC1044677.1	QIZ21496.1	75.385	65	16	0	3	67	2	66	5.04e-32	101
MDC1044678.1	QIZ20923.1	100.000	71	0	0	1	71	1	71	2.42e-50	147
MDC1044679.1	QIZ20924.1	96.963	428	13	0	1	428	1	428	0.0	824
MDC1044680.1	QIZ20925.1	96.947	131	4	0	1	131	1	131	2.75e-90	253
MDC1044681.1	QIZ20926.1	96.163	417	16	0	1	417	1	417	0.0	800
MDC1044682.1	QIZ20927.1	97.838	185	4	0	1	185	1	185	7.96e-134	368
MDC1044684.1	QIZ20929.1	80.753	239	46	0	1	239	1	239	1.14e-143	397
MDC1044685.1	QIZ20930.1	100.000	54	0	0	1	54	1	54	3.72e-33	103
MDC1044686.1	QIZ20931.1	95.614	114	5	0	1	114	1	114	1.17e-71	205
MDC1044687.1	QIZ20932.1	100.000	83	0	0	1	83	1	83	7.85e-58	167
MDC1044688.1	QIZ20933.1	98.029	558	11	0	1	558	1	558	0.0	1119
MDC1044689.1	QIZ20934.1	84.722	288	44	0	1	288	1	288	6.64e-174	478
MDC1044690.1	QIZ20935.1	97.758	223	5	0	1	223	1	223	2.70e-162	443
MDC1044691.1	QIZ20936.1	98.182	275	5	0	1	275	1	275	0.0	556
MDC1044692.1	QIZ20937.1	95.052	384	19	0	1	384	1	384	0.0	742
MDC1044693.1	QIZ20939.1	94.822	309	16	0	1	309	1	309	0.0	608
MDC1044694.1	QIZ20940.1	96.226	159	6	0	1	159	1	159	3.63e-113	313
MDC1044695.1	QIZ20941.1	96.748	246	8	0	1	246	1	246	1.52e-176	481
MDC1044696.1	QIZ20942.1	88.710	310	35	0	1	310	1	310	0.0	561
MDC1044697.1	QIZ20943.1	97.093	172	5	0	1	172	1	172	6.03e-122	337
MDC1044698.1	QIZ20944.1	90.444	586	56	0	1	586	1	586	0.0	1041
MDC1044700.1	QIZ20945.1	90.588	170	16	0	1	170	1	170	1.07e-111	310
MDC1044701.1	QIZ20946.1	88.859	368	41	0	1	368	1	368	0.0	634
MDC1044702.1	QIZ20947.1	86.047	86	12	0	1	86	10	95	4.53e-48	143
MDC1044703.1	QIZ20948.1	100.000	175	0	0	1	175	1	175	4.07e-131	360
MDC1044704.1	QIZ20949.1	99.383	324	2	0	1	324	1	324	0.0	671
MDC1044705.1	QIZ20950.1	96.179	602	23	0	1	602	1	602	0.0	1129
MDC1044706.1	QIZ20951.1	91.549	426	36	0	1	426	1	426	0.0	745
MDC1044707.1	QIZ20952.1	98.832	685	8	0	1	685	1	685	0.0	1379
MDC1044708.1	QIZ20959.1	98.161	598	11	0	1	598	4	601	0.0	1202
MDC1044709.1	QIZ20960.1	83.416	802	133	0	1	802	1	802	0.0	1332
MDC1044710.1	QIZ20961.1	94.648	355	19	0	1	355	1	355	0.0	697
MDC1044711.1	QIZ20962.1	98.305	118	2	0	1	118	1	118	1.40e-84	238
MDC1044712.1	QIZ20963.1	98.529	68	1	0	1	68	1	68	1.82e-44	132
MDC1044713.1	QIZ20964.1	99.448	181	1	0	1	181	1	181	5.56e-133	365
MDC1044714.1	QIZ20965.1	98.589	638	9	0	1	638	1	638	0.0	1303
MDC1044715.1	QIZ20966.1	94.271	384	22	0	1	384	1	384	0.0	719
MDC1044716.1	QIZ20967.1	92.430	251	19	0	1	251	1	251	3.03e-161	442
MDC1044717.1	QIZ20968.1	90.378	291	28	0	1	291	1	291	0.0	521
MDC1044718.1	QIZ20969.1	97.735	1501	34	0	1	1501	1	1501	0.0	3039
MDC1044719.1	QIZ20970.1	96.679	271	9	0	1	271	209	479	0.0	530
MDC1044720.1	QIZ21488.1	91.667	120	10	0	1	120	879	998	1.62e-73	231
MDC1044721.1	QIZ21489.1	91.241	137	12	0	1	137	59	195	3.12e-93	263
MDC1044722.1	QIZ21490.1	94.346	283	16	0	1	283	1	283	0.0	529
MDC1044723.1	QIZ21491.1	81.553	103	19	0	1	103	1	103	3.16e-46	140
MDC1044724.1	QIZ21492.1	54.478	134	61	0	1	134	13	146	4.69e-50	152
MDC1044725.1	QIZ21488.1	96.386	166	6	0	1	166	1	166	1.46e-114	347
MDC1044726.1	QIZ21487.1	97.727	88	2	0	1	88	1	88	1.06e-64	185
MDC1044727.1	QIZ21486.1	96.890	418	13	0	1	418	1	418	0.0	851
MDC1044728.1	QIZ21485.1	98.752	561	7	0	1	561	1	561	0.0	1140
MDC1044729.1	QIZ21484.1	90.875	263	24	0	1	263	1	263	6.26e-180	491
MDC1044730.1	QIZ21483.1	93.282	387	26	0	1	387	1	387	0.0	748
MDC1044731.1	QIZ21482.1	95.312	64	3	0	1	64	1	64	1.12e-40	123
MDC1044732.1	QIZ21481.1	94.444	342	19	0	1	342	1	342	0.0	649
MDC1044733.1	QIZ21480.1	93.454	443	29	0	1	443	1	443	0.0	874
MDC1044734.1	QIZ21479.1	90.084	716	71	0	1	716	1	716	0.0	1298
MDC1044735.1	QIZ21478.1	87.941	340	41	0	1	340	1	340	0.0	613
MDC1044736.1	QIZ21477.1	72.727	176	48	0	3	178	8	183	3.36e-80	232
MDC1044737.1	QIZ21476.1	78.400	125	26	1	1	125	1	124	2.69e-68	197
MDC1044738.1	QIZ21475.1	68.707	147	46	0	7	153	1	147	2.89e-66	194
MDC1044739.1	QIZ21474.1	95.860	314	13	0	1	314	1	314	0.0	625
MDC1044740.1	QIZ21473.1	93.032	775	54	0	1	775	1	775	0.0	1517
MDC1044741.1	QIZ21472.1	82.456	114	20	0	3	116	2	115	1.08e-66	192
MDC1044742.1	QIZ21471.1	87.783	442	54	0	1	442	1	442	0.0	825
MDC1044743.1	QIZ21470.1	97.546	489	12	0	1	489	1	489	0.0	1011
MDC1044744.1	QIZ21469.1	96.497	314	11	0	1	314	1	314	0.0	625
MDC1044745.1	QIZ21468.1	98.239	284	5	0	1	284	1	284	0.0	571
MDC1044746.1	QIZ21467.1	98.101	474	9	0	1	474	1	474	0.0	966
MDC1044747.1	QIZ21466.1	96.992	133	4	0	1	133	1	133	1.80e-96	269
MDC1044748.1	QIZ21465.1	96.567	466	16	0	1	466	1	466	0.0	909
MDC1044749.1	QIZ21464.1	94.595	74	4	0	1	74	1	74	1.44e-49	146
MDC1044751.1	QIZ21463.1	72.260	292	81	0	1	292	1	292	8.41e-157	435
MDC1044752.1	QIZ21462.1	67.727	220	64	2	11	226	11	227	6.06e-105	298
MDC1044753.1	QIZ21461.1	75.822	426	103	0	10	435	14	439	0.0	599
MDC1044754.1	QIZ21460.1	81.859	441	80	0	1	441	1	441	0.0	767
MDC1044755.1	QIZ21459.1	85.000	380	57	0	1	380	1	380	0.0	679
MDC1044756.1	QIZ21458.1	91.966	473	38	0	1	473	1	473	0.0	898
MDC1044757.1	QIZ21457.1	89.209	139	15	0	1	139	1	139	1.28e-92	260
MDC1044758.1	QIZ21456.1	88.352	352	41	0	1	352	1	352	0.0	594
MDC1044759.1	QIZ21455.1	93.571	140	9	0	1	140	1	140	2.96e-97	272
MDC1044760.1	QIZ21454.1	89.713	418	43	0	15	432	16	433	0.0	716
MDC1044761.1	QIZ21453.1	89.720	214	22	0	1	214	1	214	2.96e-115	323
MDC1044762.1	QIZ21452.1	97.300	889	24	0	1	889	1	889	0.0	1783
MDC1044763.1	QIZ21451.1	77.041	196	44	1	1	195	1	196	2.21e-99	281
MDC1044764.1	QIZ21450.1	90.265	113	11	0	1	113	1	113	1.25e-74	212
MDC1044765.1	QIZ21449.1	87.879	396	48	0	1	396	1	396	0.0	734
MDC1044769.1	QIZ20485.1	31.440	493	306	6	6	482	9	485	5.68e-85	266
MDC1044770.1	QIZ21448.1	94.979	478	24	0	1	478	1	478	0.0	921
MDC1044771.1	QIZ21447.1	94.969	318	16	0	1	318	1	318	0.0	632
MDC1044772.1	QIZ21446.1	90.351	228	22	0	18	245	18	245	4.67e-152	419
MDC1044773.1	QIZ21445.1	92.523	214	16	0	1	214	1	214	7.89e-147	403
MDC1044775.1	QIZ21444.1	93.919	740	45	0	1	740	1	740	0.0	1432
MDC1044776.1	QIZ21443.1	95.775	284	12	0	1	284	1	284	0.0	526
MDC1044777.1	QIZ21442.1	84.819	415	63	0	1	415	1	415	0.0	726
MDC1044778.1	QIZ21441.1	95.845	361	15	0	13	373	13	373	0.0	712
MDC1044779.1	QIZ21440.1	97.238	362	10	0	1	362	1	362	0.0	728
MDC1044780.1	QIZ21439.1	81.186	388	73	0	1	388	1	388	0.0	677
MDC1044781.1	QIZ21438.1	84.082	245	39	0	1	245	1	245	5.78e-156	429
MDC1044782.1	QIZ21437.1	94.588	388	21	0	1	388	1	388	0.0	781
MDC1044783.1	QIZ21436.1	95.385	195	9	0	1	195	1	195	3.69e-139	382
MDC1044784.1	QIZ21435.1	77.220	259	59	0	1	259	1	259	1.27e-152	421
MDC1044785.1	QIZ21434.1	91.886	493	40	0	1	493	1	493	0.0	946
MDC1044786.1	QIZ21433.1	50.877	285	140	0	1	285	1	285	6.61e-100	290
MDC1044787.1	QIZ21432.1	94.207	397	20	1	1	394	1	397	0.0	724
MDC1044788.1	QIZ21431.1	85.771	253	36	0	1	253	1	253	6.08e-149	412
MDC1044789.1	QIZ21430.1	93.023	387	27	0	1	387	1	387	0.0	696
MDC1044790.1	QIZ21429.1	94.582	443	24	0	14	456	1	443	0.0	818
MDC1044791.1	QIZ21428.1	95.833	336	14	0	1	336	1	336	0.0	638
MDC1044792.1	QIZ21427.1	95.745	235	10	0	1	235	1	235	5.34e-159	436
MDC1044793.1	QIZ21426.1	94.697	264	14	0	1	264	1	264	0.0	504
MDC1044795.1	QIZ21425.1	86.799	303	40	0	1	303	1	303	0.0	537
MDC1044796.1	QIZ21424.1	89.623	106	11	0	1	106	1	106	4.21e-65	188
MDC1044797.1	QIZ21423.1	96.581	234	8	0	1	234	1	234	3.33e-169	461
MDC1044798.1	QIZ21422.1	95.402	261	12	0	1	261	1	261	0.0	508
MDC1044799.1	QIZ21421.1	95.935	246	10	0	1	246	1	246	7.38e-176	479
MDC1044800.1	QIZ21420.1	94.286	350	20	0	1	350	1	350	0.0	663
MDC1044801.1	QIZ21419.1	95.960	297	12	0	1	297	1	297	0.0	580
MDC1044802.1	QIZ21418.1	95.157	413	20	0	1	413	1	413	0.0	814
MDC1044803.1	QIZ21417.1	95.098	204	10	0	1	204	1	204	2.41e-123	343
MDC1044804.1	QIZ21416.1	97.959	98	2	0	1	98	1	98	1.08e-67	194
MDC1044805.1	QIZ21415.1	86.905	84	11	0	1	84	1	84	4.80e-53	155
MDC1044806.1	QIZ21414.1	97.561	123	3	0	1	123	1	123	6.10e-90	252
MDC1044807.1	QIZ21412.1	94.620	316	17	0	1	316	1	316	0.0	622
MDC1044808.1	QIZ21411.1	93.980	299	18	0	1	299	1	299	0.0	560
MDC1044809.1	QIZ21410.1	96.117	412	16	0	1	412	1	412	0.0	823
MDC1044810.1	QIZ21409.1	96.739	184	6	0	1	184	190	373	4.85e-128	360
MDC1044811.1	QIZ21381.1	95.595	227	10	0	1	227	80	306	3.94e-151	418
MDC1044812.1	QIZ21382.1	95.472	265	12	0	18	282	18	282	0.0	508
MDC1044813.1	QIZ21383.1	93.926	675	41	0	1	675	1	675	0.0	1280
MDC1044814.1	QIZ21384.1	90.957	564	51	0	1	564	1	564	0.0	1027
MDC1044815.1	QIZ21385.1	97.493	678	17	0	1	678	1	678	0.0	1353
MDC1044816.1	QIZ21386.1	76.812	483	112	0	1	483	1	483	0.0	699
MDC1044817.1	QIZ21387.1	97.403	462	12	0	1	462	1	462	0.0	924
MDC1044819.1	QIZ21388.1	93.016	315	22	0	1	315	1	315	0.0	616
MDC1044820.1	QIZ21395.1	98.540	274	4	0	18	291	1	274	0.0	546
MDC1044821.1	QIZ21396.1	91.257	366	32	0	1	366	1	366	0.0	640
MDC1044822.1	QIZ21397.1	90.972	288	26	0	1	288	1	288	0.0	516
MDC1044823.1	QIZ21398.1	95.082	61	3	0	1	61	1	61	2.17e-37	114
MDC1044824.1	QIZ21399.1	89.597	471	48	1	1	470	1	471	0.0	835
MDC1044825.1	QIZ21400.1	86.174	311	43	0	1	311	1	311	1.17e-171	474
MDC1044826.1	QIZ21401.1	92.177	588	46	0	1	588	1	588	0.0	1096
MDC1044827.1	QIZ21402.1	92.784	97	7	0	1	97	1	97	3.70e-62	182
MDC1044831.1	QIZ20303.1	91.667	216	18	0	1	216	1	216	5.73e-147	404
MDC1044832.1	QIZ20304.1	92.027	301	24	0	1	301	1	301	0.0	561
MDC1044833.1	QIZ20305.1	96.272	456	17	0	1	456	1	456	0.0	866
MDC1044834.1	QIZ20306.1	89.441	161	17	0	2	162	1	161	2.62e-108	301
MDC1044835.1	QIZ20311.1	97.154	246	7	0	1	246	1	246	3.33e-170	465
MDC1044836.1	QIZ20312.1	94.902	255	13	0	1	255	1	255	2.50e-173	473
MDC1044837.1	QIZ20313.1	89.305	187	20	0	1	187	1	187	1.40e-123	342
MDC1044838.1	QIZ20314.1	93.613	1002	64	0	1	1002	1	1002	0.0	1975
MDC1044839.1	QIZ20315.1	98.901	91	1	0	1	91	1	91	1.82e-67	192
MDC1044840.1	QIZ20316.1	98.321	417	7	0	1	417	1	417	0.0	854
MDC1044841.1	QIZ20317.1	89.067	375	41	0	1	375	362	736	0.0	698
MDC1044843.1	QIZ21235.1	98.198	555	9	1	1	554	1	555	0.0	1078
MDC1044844.1	QIZ21236.1	97.917	96	2	0	1	96	1	96	9.13e-64	183
MDC1044845.1	QIZ21237.1	92.647	272	20	0	1	272	1	272	0.0	518
MDC1044846.1	QIZ21238.1	95.410	305	14	0	1	305	1	305	0.0	577
MDC1044847.1	QIZ21239.1	97.127	905	26	0	1	905	1	905	0.0	1825
MDC1044848.1	QIZ21240.1	89.697	165	17	0	1	165	1	165	2.63e-94	266
MDC1044849.1	QIZ21241.1	79.365	126	20	2	1	126	1	120	3.03e-52	158
MDC1044850.1	QIZ21242.1	94.459	379	21	0	1	379	1	379	0.0	673
MDC1044851.1	QIZ21243.1	90.909	187	17	0	1	187	1	187	7.42e-110	307
MDC1044852.1	QIZ21244.1	93.349	421	28	0	1	421	1	421	0.0	795
MDC1044853.1	QIZ21245.1	95.161	62	3	0	1	62	1	62	8.65e-40	120
MDC1044854.1	QIZ21246.1	92.308	286	22	0	1	286	1	286	0.0	530
MDC1044855.1	QIZ21247.1	87.667	300	37	0	1	300	15	314	0.0	528
MDC1044856.1	QIZ20317.1	72.542	295	80	1	1	295	1	294	3.90e-151	436
MDC1044857.1	QIZ20318.1	93.515	293	19	0	1	293	1	293	0.0	573
MDC1044858.1	QIZ20319.1	98.718	156	2	0	1	156	1	156	4.17e-112	310
MDC1044859.1	QIZ20320.1	88.439	173	20	0	1	173	1	173	8.08e-107	298
MDC1044860.1	QIZ20321.1	87.179	585	71	1	1	581	1	585	0.0	1064
MDC1044861.1	QIZ20322.1	96.923	195	6	0	1	195	1	195	1.25e-135	373
MDC1044862.1	QIZ20323.1	91.213	239	21	0	1	239	1	239	7.85e-151	415
MDC1044863.1	QIZ20324.1	94.531	128	7	0	1	128	1	128	4.55e-84	237
MDC1044864.1	QIZ20325.1	95.082	244	12	0	1	244	1	244	6.01e-173	471
MDC1044865.1	QIZ20326.1	95.045	222	11	0	1	222	1	222	2.50e-152	417
MDC1044866.1	QIZ20327.1	95.133	226	11	0	1	226	1	226	4.68e-149	410
MDC1044867.1	QIZ20328.1	95.441	329	15	0	1	329	1	329	0.0	645
MDC1044868.1	QIZ20329.1	90.141	213	21	0	1	213	1	213	5.52e-152	416
MDC1044869.1	QIZ20330.1	93.617	141	9	0	1	141	1	141	4.07e-97	271
MDC1044870.1	QIZ20331.1	98.575	351	5	0	1	351	1	351	0.0	720
MDC1044871.1	QIZ20861.1	95.763	118	4	1	1	118	1	117	1.96e-79	226
MDC1044872.1	QIZ20862.1	92.857	280	20	0	1	280	1	280	0.0	513
MDC1044873.1	QIZ20863.1	98.039	357	7	0	1	357	1	357	0.0	709
MDC1044874.1	QIZ20864.1	99.727	366	1	0	1	366	1	366	0.0	732
MDC1044875.1	QIZ20865.1	95.533	403	18	0	1	403	1	403	0.0	781
MDC1044876.1	QIZ20866.1	95.417	240	11	0	1	240	1	240	2.46e-167	457
MDC1044877.1	QIZ20867.1	90.909	143	13	0	1	143	1	143	1.46e-84	240
MDC1044878.1	QIZ20868.1	91.686	433	36	0	1	433	1	433	0.0	805
MDC1044879.1	QIZ20869.1	93.567	855	47	3	1	854	1	848	0.0	1615
MDC1044880.1	QIZ20870.1	94.837	368	19	0	1	368	1	368	0.0	718
MDC1044882.1	QIZ21334.1	52.326	86	41	0	1	86	417	502	9.96e-29	102
MDC1044883.1	QIZ21334.1	35.459	392	225	7	11	378	12	399	4.06e-69	223
MDC1044884.1	QIZ21333.1	33.523	528	282	17	3	471	1	518	5.53e-79	251
MDC1044893.1	QIZ20296.1	97.323	635	17	0	1	635	1	635	0.0	1281
MDC1044894.1	QIZ20297.1	95.812	191	8	0	1	191	1	191	6.04e-123	341
MDC1044895.1	QIZ20742.1	25.815	399	275	10	36	423	27	415	9.51e-36	132
MDC1044896.1	QIZ20298.1	98.722	313	4	0	1	313	1	313	0.0	637
MDC1044897.1	QIZ20299.1	98.013	151	3	0	1	151	1	151	1.22e-105	294
MDC1044898.1	QIZ20300.1	94.737	95	5	0	1	95	1	95	1.78e-61	177
MDC1044899.1	QIZ20301.1	97.526	485	12	0	1	485	1	485	0.0	967
MDC1044900.1	QIZ20302.1	97.952	293	6	0	1	293	1	293	0.0	604
MDC1044901.1	QIZ20347.1	91.406	256	22	0	1	256	81	336	3.84e-151	421
MDC1044902.1	QIZ20348.1	90.724	442	41	0	1	442	1	442	0.0	814
MDC1044903.1	QIZ20349.1	98.039	153	3	0	1	153	1	153	1.18e-110	306
MDC1044904.1	QIZ20350.1	95.973	149	6	0	1	149	1	149	5.02e-106	295
MDC1044905.1	QIZ20351.1	92.059	340	27	0	33	372	1	340	0.0	632
MDC1044906.1	QIZ20352.1	89.189	74	8	0	1	74	1	74	1.82e-45	135
MDC1044907.1	QIZ20354.1	86.667	300	40	0	1	300	1	300	0.0	523
MDC1044908.1	QIZ20355.1	96.809	282	9	0	1	282	1	282	0.0	545
MDC1044909.1	QIZ21312.1	95.200	250	12	0	1	250	1	250	1.17e-173	474
MDC1044910.1	QIZ21313.1	97.372	723	19	0	1	723	1	723	0.0	1463
MDC1044911.1	QIZ21314.1	96.992	399	12	0	1	399	1	399	0.0	799
MDC1044912.1	QIZ21315.1	97.315	149	4	0	1	149	1	149	1.10e-108	301
MDC1044913.1	QIZ21317.1	94.268	314	18	0	1	314	1	314	0.0	619
MDC1044914.1	QIZ21318.1	80.892	314	60	0	1	314	1	314	0.0	511
MDC1044915.1	QIZ21319.1	88.128	219	26	0	1	219	1	219	1.42e-148	408
MDC1044916.1	QIZ21076.1	96.774	465	15	0	1	465	232	696	0.0	921
MDC1044917.1	QIZ21075.1	89.744	156	16	0	1	156	29	184	9.42e-100	280
MDC1044918.1	QIZ21074.1	92.216	167	13	0	1	167	1	167	2.03e-114	317
MDC1044919.1	QIZ21073.1	95.041	121	6	0	1	121	1	121	1.30e-83	236
MDC1044920.1	QIZ21072.1	97.030	101	3	0	1	101	1	101	9.76e-68	194
MDC1044921.1	QIZ21071.1	97.610	251	6	0	1	251	1	251	0.0	501
MDC1044922.1	QIZ21070.1	94.142	239	14	0	1	239	1	239	7.87e-166	453
MDC1044923.1	QIZ21069.1	96.875	64	2	0	1	64	1	64	2.04e-43	130
MDC1044924.1	QIZ21068.1	96.635	208	7	0	1	208	1	208	1.20e-147	404
MDC1044925.1	QIZ21067.1	98.980	196	2	0	1	196	1	196	4.24e-146	400
MDC1044926.1	QIZ21066.1	99.415	171	1	0	1	171	1	171	1.30e-122	338
MDC1044927.1	QIZ21358.1	94.574	258	14	0	1	258	93	350	0.0	503
MDC1044929.1	QIZ21359.1	97.393	1074	28	0	1	1074	1	1074	0.0	2150
MDC1044930.1	QIZ21360.1	96.985	398	12	0	1	398	1	398	0.0	789
MDC1044931.1	QIZ21361.1	98.039	153	3	0	1	153	1	153	7.09e-106	295
MDC1044932.1	QIZ21362.1	100.000	87	0	0	1	87	1	87	1.03e-56	179
MDC1044934.1	QIZ20411.1	98.746	319	4	0	1	319	3	321	0.0	633
MDC1044938.1	QIZ21513.1	35.476	809	509	6	1	803	1	802	4.85e-164	492
MDC1044939.1	QIZ20871.1	93.617	611	37	1	1	609	123	733	0.0	1204
MDC1044940.1	QIZ20872.1	99.507	203	1	0	1	203	1	203	2.23e-149	409
MDC1044941.1	QIZ20873.1	98.095	105	2	0	1	105	1	105	3.60e-70	200
MDC1044942.1	QIZ20874.1	94.973	557	28	0	1	557	1	557	0.0	1038
MDC1044943.1	QIZ20875.1	94.565	276	15	0	1	276	1	276	0.0	543
MDC1044944.1	QIZ21366.1	94.186	86	5	0	1	86	1	86	6.90e-57	171
MDC1044945.1	QIZ21365.1	73.563	261	27	1	1	219	1	261	2.34e-139	386
MDC1044946.1	QIZ21364.1	93.401	197	13	0	1	197	1	197	1.38e-132	365
MDC1044947.1	QIZ21363.1	98.847	607	7	0	1	607	1	607	0.0	1215
MDC1044948.1	QIZ21362.1	97.802	455	10	0	1	455	137	591	0.0	898
MDC1044949.1	QIZ20974.1	97.002	467	14	0	1	467	1	467	0.0	940
MDC1044950.1	QIZ20975.1	94.177	395	23	0	1	395	1	395	0.0	764
MDC1044951.1	QIZ20976.1	91.489	141	12	0	1	141	1	141	2.09e-95	267
MDC1044952.1	QIZ20977.1	98.425	254	4	0	1	254	3	256	0.0	513
MDC1044953.1	QIZ20880.1	94.118	170	10	0	1	170	1	170	8.49e-96	274
MDC1044954.1	QIZ20881.1	95.181	166	8	0	1	166	1	166	3.16e-118	327
MDC1044955.1	QIZ20882.1	96.273	322	12	0	1	322	1	322	0.0	639
MDC1044956.1	QIZ20883.1	98.030	203	4	0	1	203	1	203	1.47e-149	409
MDC1044957.1	QIZ20884.1	95.192	312	15	0	12	323	12	323	0.0	583
MDC1044958.1	QIZ21405.1	97.091	275	8	0	1	275	1	275	0.0	538
MDC1044959.1	QIZ21404.1	95.000	520	26	0	1	520	1	520	0.0	1026
MDC1044960.1	QIZ21403.1	97.640	339	8	0	1	339	1	339	0.0	681
MDC1044961.1	QIZ21248.1	88.398	362	42	0	1	362	1	362	0.0	598
MDC1044962.1	QIZ21249.1	86.678	578	77	0	1	578	1	578	0.0	1029
MDC1044963.1	QIZ21250.1	90.850	153	14	0	1	153	135	287	1.91e-98	281
