MDA8926888.1	QIZ20487.1	34.007	297	192	2	1	294	135	430	6.87e-52	172
MDA8926889.1	QIZ20589.1	70.242	289	86	0	1	289	1	289	6.59e-152	422
MDA8926890.1	QIZ20592.1	91.498	247	21	0	1	247	1	247	2.98e-173	473
MDA8926891.1	QIZ20591.1	77.419	279	63	0	1	279	1	279	3.11e-166	457
MDA8926892.1	QIZ20605.1	32.454	379	212	9	26	390	43	391	2.78e-50	169
MDA8926893.1	QIZ20590.1	66.436	289	97	0	4	292	3	291	1.63e-118	338
MDA8926895.1	QIZ20587.1	75.319	235	58	0	1	235	1	235	8.23e-125	349
MDA8926896.1	QIZ20586.1	90.104	192	19	0	1	192	1	192	2.56e-130	360
MDA8926897.1	QIZ21150.1	31.373	357	211	13	1	337	4	346	1.37e-40	142
MDA8926898.1	QIZ20213.1	61.842	152	58	0	18	169	26	177	6.48e-63	187
MDA8926899.1	QIZ20211.1	70.833	96	28	0	1	96	1	96	2.60e-48	144
MDA8926900.1	QIZ20542.1	48.548	482	243	3	3	479	2	483	3.86e-149	431
MDA8926901.1	QIZ21534.1	79.412	102	21	0	3	104	21	122	2.16e-58	171
MDA8926902.1	QIZ20541.1	77.170	311	71	0	1	311	1	311	3.08e-180	496
MDA8926903.1	QIZ20540.1	83.529	255	42	0	1	255	1	255	3.89e-156	430
MDA8926904.1	QIZ20218.1	80.585	376	73	0	4	379	5	380	0.0	643
MDA8926905.1	QIZ21525.1	89.882	425	42	1	1	424	1	425	0.0	813
MDA8926907.1	QIZ21524.1	89.030	474	52	0	1	474	1	474	0.0	880
MDA8926908.1	QIZ20310.1	60.976	82	32	0	1	82	1	82	5.03e-33	105
MDA8926911.1	QIZ20730.1	70.909	165	48	0	1	165	19	183	1.06e-87	250
MDA8926913.1	QIZ20508.1	71.243	845	243	0	1	845	17	861	0.0	1179
MDA8926914.1	QIZ20507.1	84.091	220	35	0	1	220	1	220	1.38e-135	375
MDA8926915.1	QIZ20506.1	70.854	199	58	0	1	199	1	199	7.25e-101	286
MDA8926916.1	QIZ21225.1	45.283	159	85	2	24	181	23	180	3.77e-45	143
MDA8926917.1	QIZ20210.1	86.517	534	72	0	8	541	3	536	0.0	920
MDA8926918.1	QIZ20674.1	75.064	393	98	0	1	393	1	393	0.0	622
MDA8926921.1	QIZ20217.1	85.938	448	62	1	1	448	1	447	0.0	805
MDA8926922.1	QIZ21315.1	77.852	149	33	0	1	149	1	149	4.05e-90	254
MDA8926924.1	QIZ20539.1	79.675	369	75	0	1	369	1	369	0.0	604
MDA8926925.1	QIZ20538.1	95.604	91	4	0	1	91	1	91	1.81e-61	177
MDA8926926.1	QIZ20537.1	65.358	433	150	0	1	433	1	433	0.0	526
MDA8926927.1	QIZ20537.1	81.921	354	61	1	1	351	1	354	0.0	533
MDA8926928.1	QIZ21496.1	98.148	54	1	0	1	54	15	68	2.77e-35	108
MDA8926929.1	QIZ21494.1	68.696	115	36	0	1	115	1	115	1.99e-60	177
MDA8926930.1	QIZ21493.1	74.597	248	63	0	1	248	1	248	6.60e-128	358
MDA8926931.1	QIZ21492.1	61.111	144	56	0	1	144	1	144	2.41e-61	181
MDA8926933.1	QIZ21490.1	76.596	282	66	0	1	282	1	282	3.01e-158	437
MDA8926934.1	QIZ21489.1	61.026	195	76	0	1	195	1	195	4.14e-89	255
MDA8926935.1	QIZ21488.1	91.082	998	89	0	1	998	1	998	0.0	1922
MDA8926936.1	QIZ21487.1	93.182	88	6	0	1	88	1	88	5.67e-62	178
MDA8926937.1	QIZ21486.1	95.455	418	19	0	1	418	1	418	0.0	827
MDA8926938.1	QIZ21485.1	95.009	561	28	0	1	561	1	561	0.0	1092
MDA8926939.1	QIZ21484.1	87.072	263	34	0	1	263	1	263	5.69e-175	478
MDA8926940.1	QIZ21483.1	91.473	387	33	0	1	387	1	387	0.0	735
MDA8926941.1	QIZ21481.1	78.655	342	73	0	1	342	1	342	0.0	556
MDA8926943.1	QIZ21480.1	88.036	443	53	0	1	443	1	443	0.0	829
MDA8926944.1	QIZ21479.1	89.261	717	77	0	1	717	1	717	0.0	1294
MDA8926945.1	QIZ21478.1	89.181	342	37	0	1	342	1	342	0.0	629
MDA8926946.1	QIZ21477.1	75.281	178	44	0	15	192	6	183	6.54e-87	249
MDA8926947.1	QIZ21476.1	73.600	125	32	1	1	125	1	124	3.07e-64	187
MDA8926948.1	QIZ21475.1	66.667	147	49	0	1	147	1	147	6.71e-67	196
MDA8926949.1	QIZ21474.1	93.949	314	19	0	1	314	1	314	0.0	616
MDA8926950.1	QIZ21473.1	89.935	775	78	0	1	775	1	775	0.0	1476
MDA8926951.1	QIZ21472.1	84.821	112	17	0	5	116	4	115	6.14e-68	196
MDA8926952.1	QIZ21471.1	88.688	442	50	0	1	442	1	442	0.0	835
MDA8926953.1	QIZ21470.1	94.479	489	27	0	1	489	1	489	0.0	986
MDA8926954.1	QIZ21469.1	95.860	314	13	0	1	314	1	314	0.0	627
MDA8926955.1	QIZ21468.1	94.366	284	16	0	1	284	1	284	0.0	551
MDA8926956.1	QIZ21467.1	96.514	459	16	0	11	469	16	474	0.0	929
MDA8926957.1	QIZ20908.1	48.696	230	111	3	1	223	1	230	1.54e-71	214
MDA8926958.1	QIZ20898.1	36.952	479	291	4	4	481	5	473	1.39e-112	337
MDA8926959.1	QIZ20897.1	58.879	107	41	2	1	105	1	106	5.82e-41	127
MDA8926960.1	QIZ20896.1	48.122	426	213	7	1	422	1	422	6.95e-138	397
MDA8926961.1	QIZ20895.1	73.701	308	81	0	1	308	1	308	0.0	499
MDA8926962.1	QIZ20894.1	82.510	263	46	0	3	265	2	264	1.33e-152	422
MDA8926963.1	QIZ20893.1	86.520	408	55	0	1	408	1	408	0.0	745
MDA8926964.1	QIZ20892.1	69.458	203	62	0	1	203	1	203	2.89e-101	287
MDA8926965.1	QIZ20891.1	83.478	230	38	0	1	230	1	230	8.82e-143	394
MDA8926966.1	QIZ20890.1	91.579	95	8	0	1	95	1	95	1.55e-61	178
MDA8926967.1	QIZ20889.1	84.201	576	90	1	1	575	1	576	0.0	998
MDA8926968.1	QIZ20888.1	70.588	204	60	0	13	216	12	215	1.09e-100	286
MDA8926969.1	QIZ20887.1	65.952	420	138	2	20	436	20	437	0.0	527
MDA8926970.1	QIZ20886.1	72.093	258	72	0	1	258	1	258	2.87e-133	372
MDA8926971.1	QIZ20885.1	40.719	167	98	1	26	191	26	192	1.80e-35	119
MDA8926972.1	QIZ20884.1	72.258	310	85	1	12	320	13	322	2.45e-162	451
MDA8926973.1	QIZ20883.1	83.251	203	34	0	1	203	1	203	3.14e-130	360
MDA8926974.1	QIZ20882.1	74.763	317	80	0	1	317	1	317	0.0	510
MDA8926975.1	QIZ20881.1	81.325	166	29	2	1	164	1	166	8.85e-98	275
MDA8926976.1	QIZ20879.1	86.713	143	19	0	1	143	1	143	1.21e-88	259
MDA8926977.1	QIZ20879.1	76.639	244	57	0	13	256	141	384	6.95e-128	363
MDA8926978.1	QIZ20878.1	78.896	308	65	0	1	308	1	308	0.0	497
MDA8926981.1	QIZ20877.1	70.950	179	52	0	1	179	11	189	9.29e-97	274
MDA8926982.1	QIZ20876.1	66.803	244	79	1	2	243	3	246	1.18e-109	311
MDA8926983.1	QIZ20875.1	81.159	276	52	0	1	276	1	276	3.11e-172	473
MDA8926984.1	QIZ20874.1	71.429	560	150	4	1	553	1	557	0.0	774
MDA8926985.1	QIZ20873.1	82.857	105	18	0	1	105	1	105	3.41e-60	175
MDA8926986.1	QIZ20872.1	86.207	203	28	0	1	203	1	203	5.20e-129	357
MDA8926987.1	QIZ20871.1	77.838	185	33	1	1	177	549	733	4.01e-100	300
MDA8926989.1	QIZ20951.1	68.310	426	135	0	1	426	1	426	0.0	581
MDA8926990.1	QIZ20950.1	69.040	604	180	4	1	599	1	602	0.0	832
MDA8926991.1	QIZ20949.1	91.975	324	26	0	1	324	1	324	0.0	634
MDA8926992.1	QIZ20948.1	78.857	175	37	0	1	175	1	175	1.91e-106	298
MDA8926993.1	QIZ20947.1	69.767	86	26	0	1	86	10	95	1.16e-37	117
MDA8926994.1	QIZ20946.1	65.847	366	125	0	1	366	1	366	3.31e-164	459
MDA8926995.1	QIZ20945.1	61.765	170	65	0	1	170	1	170	4.76e-73	213
MDA8926997.1	QIZ20944.1	56.345	591	249	4	1	587	1	586	0.0	618
MDA8926998.1	QIZ20943.1	81.395	172	31	1	1	171	1	172	1.38e-102	288
MDA8926999.1	QIZ20942.1	68.852	305	95	0	1	305	1	305	3.39e-158	439
MDA8927000.1	QIZ20941.1	70.325	246	73	0	1	246	1	246	3.79e-132	369
MDA8927001.1	QIZ20940.1	83.226	155	26	0	1	155	1	155	4.92e-98	275
MDA8927002.1	QIZ20939.1	80.583	309	60	0	1	309	1	309	0.0	527
MDA8927003.1	QIZ20937.1	78.646	384	82	0	1	384	1	384	0.0	635
MDA8927004.1	QIZ20936.1	74.638	276	69	1	1	276	1	275	3.05e-158	437
MDA8927005.1	QIZ20935.1	85.973	221	31	0	1	221	1	221	5.07e-146	402
MDA8927006.1	QIZ20934.1	70.486	288	85	0	1	288	1	288	1.16e-146	409
MDA8927007.1	QIZ20933.1	78.221	326	71	0	1	326	233	558	0.0	554
MDA8927009.1	QIZ21527.1	88.791	339	38	0	1	339	1	339	0.0	633
MDA8927010.1	QIZ21523.1	92.542	295	22	0	1	295	1	295	0.0	570
MDA8927011.1	QIZ21522.1	87.387	333	42	0	1	333	1	333	0.0	605
MDA8927012.1	QIZ21521.1	87.562	201	25	0	1	201	1	201	9.56e-138	379
MDA8927013.1	QIZ21520.1	90.323	155	15	0	1	155	1	155	1.19e-108	301
MDA8927014.1	QIZ21519.1	83.065	124	21	0	1	124	1	124	9.95e-77	218
MDA8927015.1	QIZ21516.1	91.095	539	48	0	1	539	1	539	0.0	1040
MDA8927016.1	QIZ21515.1	83.912	317	51	0	1	317	1	317	0.0	561
MDA8927017.1	QIZ21514.1	83.936	249	40	0	1	249	1	249	8.42e-158	434
MDA8927018.1	QIZ21513.1	89.506	810	84	1	1	809	1	810	0.0	1508
MDA8927019.1	QIZ21512.1	62.500	136	51	0	22	157	31	166	6.56e-60	179
MDA8927020.1	QIZ21511.1	91.534	189	16	0	1	189	1	189	1.04e-130	360
MDA8927024.1	QIZ21510.1	52.308	130	62	0	5	134	11	140	1.52e-46	144
MDA8927025.1	QIZ21482.1	77.049	61	14	0	10	70	3	63	2.79e-32	102
MDA8927026.1	QIZ21509.1	83.658	257	42	0	3	259	5	261	1.13e-161	444
MDA8927027.1	QIZ21508.1	88.710	124	14	0	13	136	1	124	1.28e-84	239
MDA8927036.1	QIZ20248.1	69.565	253	77	0	4	256	5	257	1.23e-122	345
MDA8927037.1	QIZ20249.1	89.069	247	27	0	1	247	1	247	1.34e-171	468
MDA8927038.1	QIZ20250.1	94.949	396	20	0	1	396	1	396	0.0	744
MDA8927039.1	QIZ20251.1	89.831	59	6	0	1	59	5	63	7.62e-33	103
MDA8927040.1	QIZ20252.1	93.182	176	12	0	1	176	1	176	6.28e-122	337
MDA8927041.1	QIZ20253.1	85.106	141	21	0	1	141	1	141	2.85e-87	246
MDA8927042.1	QIZ20254.1	88.210	229	27	0	1	229	1	229	2.17e-147	405
MDA8927043.1	QIZ21259.1	95.772	544	23	0	1	544	1	544	0.0	1013
MDA8927044.1	QIZ21260.1	85.809	303	43	0	1	303	1	303	0.0	533
MDA8927045.1	QIZ21262.1	82.386	176	31	0	2	177	1	176	1.17e-114	318
MDA8927046.1	QIZ21263.1	85.496	262	38	0	1	262	1	262	6.02e-166	455
MDA8927047.1	QIZ21201.1	91.915	235	19	0	1	235	1	235	1.94e-160	439
MDA8927048.1	QIZ21200.1	85.823	924	131	0	1	924	1	924	0.0	1625
MDA8927049.1	QIZ21198.1	63.388	183	67	0	9	191	1	183	7.89e-83	239
MDA8927050.1	QIZ21197.1	90.055	181	18	0	7	187	7	187	3.51e-121	336
MDA8927051.1	QIZ21196.1	81.472	394	71	1	1	394	1	392	0.0	672
MDA8927052.1	QIZ21195.1	90.202	347	34	0	1	347	1	347	0.0	639
MDA8927053.1	QIZ21194.1	93.814	291	18	0	1	291	1	291	0.0	538
MDA8927054.1	QIZ21193.1	80.556	180	35	0	1	180	1	180	4.03e-103	290
MDA8927055.1	QIZ21192.1	86.598	97	13	0	1	97	1	97	4.60e-49	147
MDA8927056.1	QIZ21191.1	69.452	347	106	0	1	347	1	347	3.00e-178	494
MDA8927057.1	QIZ21190.1	84.808	520	79	0	1	520	6	525	0.0	912
MDA8927058.1	QIZ21189.1	79.130	460	94	1	1	458	22	481	0.0	694
MDA8927059.1	QIZ21188.1	88.865	458	51	0	1	458	1	458	0.0	765
MDA8927060.1	QIZ20495.1	39.167	240	143	3	1	237	292	531	2.31e-51	170
MDA8927061.1	QIZ20216.1	58.991	317	129	1	1	316	1	317	1.19e-129	368
MDA8927063.1	QIZ21437.1	75.835	389	93	1	1	389	1	388	0.0	645
MDA8927064.1	QIZ20511.1	30.172	580	372	11	7	562	3	573	2.32e-75	246
MDA8927066.1	QIZ21436.1	90.769	195	18	0	1	195	1	195	7.41e-134	369
MDA8927067.1	QIZ21435.1	51.681	238	112	2	22	256	21	258	1.92e-86	254
MDA8927068.1	QIZ21434.1	76.626	492	115	0	1	492	1	492	0.0	807
MDA8927069.1	QIZ21433.1	58.596	285	118	0	1	285	1	285	8.01e-115	328
MDA8927070.1	QIZ21432.1	89.924	397	39	1	1	396	1	397	0.0	688
MDA8927071.1	QIZ21431.1	80.476	210	41	0	1	210	43	252	1.12e-117	331
MDA8927072.1	QIZ21401.1	93.532	201	13	0	1	201	388	588	1.30e-142	405
MDA8927073.1	QIZ21402.1	88.462	182	21	0	1	182	1	182	1.17e-118	329
MDA8927074.1	QIZ21403.1	85.294	340	49	1	1	340	1	339	0.0	608
MDA8927079.1	QIZ20556.1	38.627	233	128	6	318	545	40	262	8.93e-42	149
MDA8927079.1	QIZ20556.1	32.157	255	151	6	19	270	41	276	1.31e-33	126
MDA8927080.1	QIZ21404.1	83.174	523	85	2	1	523	1	520	0.0	906
MDA8927081.1	QIZ21405.1	90.533	338	32	0	7	344	8	345	0.0	627
MDA8927082.1	QIZ21406.1	43.860	285	150	3	1	276	1	284	8.99e-74	227
MDA8927083.1	QIZ21407.1	49.375	160	81	0	1	160	1	160	3.60e-42	135
MDA8927084.1	QIZ21408.1	76.471	85	20	0	1	85	1	85	1.31e-43	144
MDA8927085.1	QIZ21465.1	94.206	466	27	0	1	466	1	466	0.0	898
MDA8927086.1	QIZ21464.1	85.135	74	11	0	1	74	1	74	9.13e-46	136
MDA8927088.1	QIZ21463.1	71.918	292	82	0	1	292	1	292	1.15e-157	437
MDA8927089.1	QIZ21462.1	70.507	217	63	1	11	226	11	227	5.93e-111	313
MDA8927090.1	QIZ21461.1	75.587	426	104	0	10	435	14	439	0.0	600
MDA8927091.1	QIZ21460.1	81.633	441	81	0	1	441	1	441	0.0	761
MDA8927092.1	QIZ21459.1	58.630	365	151	0	10	374	10	374	1.25e-163	459
MDA8927093.1	QIZ21458.1	69.492	472	144	0	1	472	1	472	0.0	698
MDA8927094.1	QIZ21456.1	74.138	348	90	0	1	348	1	348	7.78e-173	480
MDA8927095.1	QIZ21455.1	83.000	100	17	0	1	100	43	142	7.96e-59	173
MDA8927096.1	QIZ21014.1	92.184	435	34	0	2	436	96	530	0.0	802
MDA8927097.1	QIZ21013.1	81.954	737	128	2	3	738	4	736	0.0	1200
MDA8927098.1	QIZ21012.1	83.607	122	20	0	1	122	1	122	2.17e-73	210
MDA8927099.1	QIZ21011.1	86.585	82	11	0	1	82	1	82	4.01e-47	140
MDA8927100.1	QIZ21010.1	95.362	690	32	0	1	690	1	690	0.0	1345
MDA8927102.1	QIZ21008.1	91.954	261	21	0	1	261	1	261	0.0	504
MDA8927103.1	QIZ21007.1	95.285	403	19	0	1	403	1	403	0.0	802
MDA8927104.1	QIZ21014.1	92.658	395	29	0	2	396	96	490	0.0	729
MDA8927106.1	QIZ20511.1	23.889	540	346	15	64	569	49	557	6.58e-26	107
MDA8927107.1	QIZ20606.1	78.079	479	105	0	1	479	1	479	0.0	803
MDA8927109.1	QIZ20715.1	33.486	218	128	5	42	255	52	256	4.49e-26	99.0
MDA8927113.1	QIZ20637.1	77.314	551	109	1	1	535	42	592	0.0	832
MDA8927114.1	QIZ20638.1	89.494	257	27	0	1	257	1	257	1.82e-171	469
MDA8927116.1	QIZ20640.1	77.941	136	30	0	10	145	10	145	4.67e-78	224
MDA8927117.1	QIZ20641.1	73.050	141	38	0	1	141	1	141	1.35e-72	209
MDA8927118.1	QIZ20642.1	89.888	445	45	0	1	445	1	445	0.0	830
MDA8927119.1	QIZ20643.1	73.469	98	26	0	38	135	35	132	3.35e-51	155
MDA8927120.1	QIZ20644.1	76.271	118	28	0	1	118	1	118	1.19e-64	187
MDA8927121.1	QIZ20645.1	85.036	274	40	1	1	274	1	273	1.36e-171	471
MDA8927122.1	QIZ20646.1	84.007	594	95	0	1	594	1	594	0.0	1045
MDA8927123.1	QIZ21221.1	62.963	81	30	0	1	81	1	81	1.70e-26	91.3
MDA8927124.1	QIZ21220.1	80.753	691	133	0	1	691	1	691	0.0	1168
MDA8927126.1	QIZ21219.1	69.307	101	31	0	1	101	1	101	6.18e-49	146
MDA8927127.1	QIZ21218.1	89.908	436	44	0	1	436	1	436	0.0	792
MDA8927128.1	QIZ21217.1	88.136	177	21	0	1	177	1	177	3.42e-118	328
MDA8927129.1	QIZ21216.1	64.286	98	35	0	1	98	1	98	2.04e-47	142
MDA8927130.1	QIZ21215.1	86.256	211	29	0	1	211	1	211	8.32e-137	377
MDA8927131.1	QIZ21214.1	72.789	294	79	1	1	293	1	294	1.25e-152	424
MDA8927132.1	QIZ21213.1	84.810	79	12	0	1	79	1	79	1.28e-48	146
MDA8927133.1	QIZ20871.1	76.151	478	112	1	1	476	4	481	0.0	756
MDA8927134.1	QIZ20870.1	77.838	370	74	3	1	364	1	368	0.0	588
MDA8927135.1	QIZ20869.1	78.656	848	178	1	1	845	1	848	0.0	1357
MDA8927136.1	QIZ20868.1	69.977	433	130	0	1	433	1	433	0.0	629
MDA8927137.1	QIZ20867.1	60.417	96	33	2	1	93	1	94	8.63e-28	94.4
MDA8927138.1	QIZ21507.1	80.357	56	11	0	1	56	1	56	2.00e-29	96.7
MDA8927139.1	QIZ21506.1	74.202	376	97	0	3	378	22	397	0.0	622
MDA8927140.1	QIZ21505.1	86.364	242	33	0	1	242	1	242	3.83e-159	436
MDA8927141.1	QIZ21504.1	96.018	452	18	0	1	452	1	452	0.0	909
MDA8927142.1	QIZ21503.1	85.635	181	26	0	1	181	1	181	5.71e-113	315
MDA8927144.1	QIZ21502.1	54.680	203	92	0	1	203	1	203	2.08e-78	229
MDA8927145.1	QIZ21501.1	77.273	506	115	0	1	506	44	549	0.0	822
MDA8927146.1	QIZ20385.1	80.780	359	59	2	2	360	500	848	0.0	565
MDA8927147.1	QIZ20384.1	85.976	164	23	0	1	164	1	164	2.29e-102	286
MDA8927148.1	QIZ20383.1	78.261	184	40	0	1	184	1	184	4.74e-108	303
MDA8927149.1	QIZ20382.1	81.892	370	67	0	1	370	1	370	0.0	645
MDA8927150.1	QIZ20381.1	77.091	275	63	0	1	275	1	275	4.79e-166	457
MDA8927151.1	QIZ20380.1	69.000	200	62	0	6	205	5	204	1.50e-95	273
MDA8927152.1	QIZ20379.1	75.616	406	99	0	1	406	278	683	0.0	627
MDA8927153.1	QIZ20385.1	90.951	431	39	0	1	431	1	431	0.0	795
MDA8927154.1	QIZ20386.1	88.235	153	15	2	1	150	1	153	7.97e-92	259
MDA8927155.1	QIZ20387.1	93.354	948	63	0	1	948	1	948	0.0	1832
MDA8927156.1	QIZ20388.1	84.000	200	29	1	1	200	1	197	9.09e-121	336
MDA8927158.1	QIZ20621.1	69.868	302	90	1	1	301	1	302	2.87e-147	411
MDA8927159.1	QIZ20622.1	84.983	293	44	0	1	293	1	293	1.64e-172	474
MDA8927160.1	QIZ20623.1	66.879	157	52	0	4	160	3	159	1.39e-72	211
MDA8927161.1	QIZ20624.1	93.162	468	32	0	1	468	1	468	0.0	924
MDA8927163.1	QIZ20625.1	84.545	110	17	0	1	110	1	110	3.98e-70	201
MDA8927164.1	QIZ20626.1	77.778	99	21	1	1	99	1	98	1.57e-51	153
MDA8927165.1	QIZ20627.1	86.022	93	13	0	1	93	61	153	3.63e-56	166
MDA8927166.1	QIZ21049.1	90.000	340	34	0	16	355	85	424	0.0	650
MDA8927167.1	QIZ21066.1	86.897	145	19	0	1	145	1	145	1.55e-93	264
MDA8927168.1	QIZ21067.1	92.347	196	15	0	1	196	1	196	4.51e-136	374
MDA8927169.1	QIZ21068.1	86.538	208	28	0	1	208	1	208	5.45e-135	372
MDA8927170.1	QIZ21070.1	90.041	241	22	1	1	241	1	239	8.13e-157	431
MDA8927171.1	QIZ21071.1	88.845	251	28	0	1	251	1	251	4.39e-168	460
MDA8927172.1	QIZ21072.1	52.174	92	41	2	1	90	1	91	3.44e-22	78.6
MDA8927173.1	QIZ21073.1	69.737	76	23	0	1	76	1	76	1.26e-34	110
MDA8927174.1	QIZ21495.1	57.430	249	106	0	1	249	1	249	2.37e-109	311
MDA8927175.1	QIZ20553.1	89.720	428	44	0	1	428	1	428	0.0	785
MDA8927176.1	QIZ20552.1	86.567	268	36	0	1	268	36	303	3.94e-171	470
MDA8927177.1	QIZ20551.1	74.086	301	78	0	1	301	1	301	7.95e-177	489
MDA8927178.1	QIZ21202.1	67.352	389	122	2	2	385	124	512	6.60e-164	465
MDA8927179.1	QIZ21203.1	89.720	428	44	0	1	428	1	428	0.0	785
MDA8927180.1	QIZ21204.1	50.000	150	74	1	1	150	1	149	2.97e-46	144
MDA8927181.1	QIZ20965.1	89.817	491	50	0	1	491	148	638	0.0	941
MDA8927182.1	QIZ20964.1	91.160	181	16	0	1	181	1	181	1.24e-124	344
MDA8927183.1	QIZ20963.1	98.529	68	1	0	1	68	1	68	3.34e-44	132
MDA8927184.1	QIZ20962.1	94.068	118	7	0	1	118	1	118	3.36e-80	227
MDA8927185.1	QIZ20630.1	79.098	244	51	0	1	244	1	244	1.55e-139	387
MDA8927186.1	QIZ20631.1	93.500	400	26	0	1	400	81	480	0.0	786
MDA8927187.1	QIZ20617.1	80.769	52	10	0	1	52	30	81	7.79e-30	95.9
MDA8927188.1	QIZ20618.1	92.308	130	10	0	1	130	36	165	5.74e-81	231
MDA8927189.1	QIZ21440.1	42.034	295	167	2	6	296	8	302	2.52e-81	246
MDA8927192.1	QIZ21209.1	77.922	154	34	0	3	156	46	199	1.37e-92	263
MDA8927193.1	QIZ21210.1	78.828	529	112	0	1	529	511	1039	0.0	856
