MDB3885393.1	QIZ20636.1	80.952	231	44	0	1	231	500	730	1.65e-126	370
MDB3885404.1	QIZ20851.1	31.731	312	187	10	5	311	6	296	3.42e-34	124
MDB3885405.1	QIZ20957.1	30.293	307	184	5	3	286	1	300	6.54e-31	113
MDB3885406.1	QIZ21591.1	82.857	175	30	0	1	175	1	175	2.78e-98	277
MDB3885410.1	QIZ21593.1	92.775	346	25	0	1	346	1	346	0.0	653
MDB3885411.1	QIZ20180.1	81.119	286	51	2	1	286	1	283	9.74e-171	469
MDB3885412.1	QIZ20181.1	91.739	230	19	0	1	230	1	230	3.35e-155	426
MDB3885413.1	QIZ20182.1	88.341	223	26	0	1	223	1	223	6.91e-144	396
MDB3885414.1	QIZ21536.1	78.222	225	49	0	1	225	1	225	5.69e-134	372
MDB3885415.1	QIZ21538.1	64.865	185	65	0	1	185	52	236	6.21e-76	223
MDB3885416.1	QIZ20544.1	90.533	169	16	0	1	169	1	169	1.81e-112	312
MDB3885417.1	QIZ20542.1	50.426	470	230	1	6	472	5	474	1.73e-156	449
MDB3885418.1	QIZ20541.1	84.244	311	49	0	1	311	1	311	0.0	533
MDB3885419.1	QIZ20540.1	91.765	255	21	0	1	255	1	255	9.65e-171	467
MDB3885420.1	QIZ20539.1	93.899	377	23	0	1	377	1	377	0.0	703
MDB3885421.1	QIZ20538.1	97.802	91	2	0	1	91	1	91	1.47e-62	180
MDB3885422.1	QIZ20537.1	65.127	433	151	0	1	433	1	433	0.0	521
MDB3885423.1	QIZ20195.1	72.201	259	72	0	1	259	1	259	8.72e-141	392
MDB3885425.1	QIZ20533.1	81.890	127	23	0	1	127	1	127	1.60e-76	218
MDB3885426.1	QIZ20532.1	67.708	192	61	1	1	191	1	192	1.87e-92	264
MDB3885427.1	QIZ20531.1	82.166	157	28	0	1	157	1	157	5.92e-97	272
MDB3885428.1	QIZ20530.1	84.783	184	28	0	1	184	1	184	3.35e-115	320
MDB3885430.1	QIZ20529.1	82.422	256	45	0	1	256	1	256	9.34e-156	429
MDB3885431.1	QIZ20528.1	83.929	56	9	0	1	56	13	68	4.17e-31	98.6
MDB3885432.1	QIZ20527.1	90.836	371	34	0	1	371	1	371	0.0	696
MDB3885434.1	QIZ20526.1	91.304	391	34	0	1	391	1	391	0.0	743
MDB3885435.1	QIZ20525.1	64.444	405	144	0	1	405	1	405	1.08e-180	504
MDB3885436.1	QIZ20524.1	79.845	387	78	0	1	387	1	387	0.0	596
MDB3885437.1	QIZ20523.1	83.784	185	30	0	1	185	1	185	9.92e-106	296
MDB3885438.1	QIZ20522.1	72.768	224	61	0	1	224	33	256	1.33e-110	313
MDB3885439.1	QIZ20521.1	78.626	131	28	0	1	131	1	131	1.53e-78	224
MDB3885440.1	QIZ20520.1	77.444	266	58	1	1	266	1	264	3.43e-157	433
MDB3885441.1	QIZ20519.1	95.513	156	7	0	1	156	1	156	7.09e-115	317
MDB3885442.1	QIZ20518.1	98.384	619	10	0	1	619	1	619	0.0	1289
MDB3885443.1	QIZ20517.1	92.241	116	9	0	1	116	1	116	2.70e-78	222
MDB3885446.1	QIZ20857.1	34.197	386	208	15	1	373	1	353	1.93e-38	136
MDB3885447.1	QIZ20516.1	80.780	359	69	0	1	359	1	359	0.0	532
MDB3885448.1	QIZ20853.1	54.468	235	107	0	1	235	4	238	5.29e-89	258
MDB3885449.1	QIZ20514.1	68.539	356	111	1	10	364	1	356	1.05e-169	473
MDB3885450.1	QIZ20513.1	98.454	388	6	0	1	388	1	388	0.0	795
MDB3885451.1	QIZ20512.1	94.681	94	5	0	1	94	1	94	9.44e-63	181
MDB3885452.1	QIZ20511.1	98.482	593	9	0	1	593	1	593	0.0	1215
MDB3885454.1	QIZ20510.1	74.194	434	112	0	1	434	1	434	0.0	671
MDB3885455.1	QIZ20855.1	32.218	239	144	6	65	293	1	231	1.05e-22	90.1
MDB3885457.1	QIZ20846.1	34.158	202	124	3	23	223	25	218	4.79e-29	110
MDB3885459.1	QIZ20214.1	85.172	290	43	0	1	290	1	290	2.62e-161	446
MDB3885460.1	QIZ20499.1	83.333	258	43	0	1	258	1	258	3.80e-159	438
MDB3885461.1	QIZ20498.1	90.977	266	24	0	1	266	1	266	5.31e-161	443
MDB3885462.1	QIZ20497.1	95.238	252	12	0	1	252	1	252	1.44e-165	454
MDB3885463.1	QIZ20496.1	93.878	196	12	0	1	196	1	196	8.53e-121	336
MDB3885464.1	QIZ20495.1	83.051	531	90	0	1	531	1	531	0.0	946
MDB3885465.1	QIZ20489.1	62.637	364	135	1	1	364	1	363	1.30e-168	470
MDB3885466.1	QIZ20488.1	58.252	206	72	2	19	211	15	219	7.49e-72	213
MDB3885467.1	QIZ20487.1	77.904	439	97	0	4	442	2	440	0.0	660
MDB3885468.1	QIZ20485.1	71.959	485	136	0	1	485	1	485	0.0	686
MDB3885469.1	QIZ20484.1	93.548	248	16	0	1	248	1	248	2.39e-173	473
MDB3885470.1	QIZ20483.1	83.256	215	36	0	1	215	1	215	8.96e-132	365
MDB3885471.1	QIZ20482.1	86.429	140	19	0	1	140	1	140	2.22e-89	252
MDB3885472.1	QIZ20481.1	84.163	221	35	0	1	221	1	221	4.47e-139	384
MDB3885473.1	QIZ20480.1	72.989	174	47	0	13	186	13	186	2.88e-92	263
MDB3885477.1	QIZ20479.1	71.250	80	23	0	1	80	1	80	2.80e-41	125
MDB3885478.1	QIZ20478.1	82.716	486	75	2	1	477	1	486	0.0	774
MDB3885479.1	QIZ20477.1	92.611	203	15	0	1	203	1	203	8.59e-143	392
MDB3885480.1	QIZ20476.1	97.630	422	10	0	1	422	1	422	0.0	848
MDB3885481.1	QIZ20475.1	94.956	793	40	0	1	793	2	794	0.0	1505
MDB3885482.1	QIZ20474.1	92.623	122	9	0	1	122	1	122	2.50e-79	225
MDB3885483.1	QIZ20473.1	95.376	173	8	0	1	173	1	173	5.52e-128	352
MDB3885484.1	QIZ20472.1	88.119	202	24	0	1	202	1	202	4.22e-133	367
MDB3885485.1	QIZ20471.1	96.675	391	13	0	1	391	1	391	0.0	786
MDB3885486.1	QIZ20470.1	87.129	202	26	0	1	202	1	202	1.67e-136	376
MDB3885487.1	QIZ20469.1	91.196	443	39	0	1	443	1	443	0.0	850
MDB3885488.1	QIZ20468.1	84.265	680	106	1	1	680	1	679	0.0	1223
MDB3885489.1	QIZ20467.1	93.976	332	20	0	1	332	1	332	0.0	628
MDB3885490.1	QIZ20466.1	93.789	161	10	0	1	161	1	161	4.91e-115	318
MDB3885491.1	QIZ20465.1	90.952	210	19	0	1	210	1	210	6.23e-143	393
MDB3885492.1	QIZ20464.1	94.175	103	6	0	1	103	1	103	5.45e-54	159
MDB3885493.1	QIZ20463.1	86.321	636	87	0	1	636	1	636	0.0	1139
MDB3885494.1	QIZ20462.1	90.946	497	45	0	1	497	1	497	0.0	912
MDB3885495.1	QIZ20461.1	86.412	471	64	0	1	471	1	471	0.0	776
MDB3885496.1	QIZ20460.1	85.561	187	27	0	1	187	1	187	1.83e-112	314
MDB3885497.1	QIZ20459.1	92.339	248	19	0	1	248	1	248	2.87e-150	414
MDB3885498.1	QIZ20458.1	98.730	551	7	0	1	551	1	551	0.0	1125
MDB3885499.1	QIZ20457.1	97.531	81	2	0	1	81	1	81	7.96e-54	157
MDB3885500.1	QIZ20456.1	96.171	444	17	0	1	444	1	444	0.0	876
MDB3885501.1	QIZ20455.1	97.561	410	10	0	1	410	1	410	0.0	769
MDB3885502.1	QIZ20454.1	91.667	228	19	0	1	228	1	228	8.90e-153	419
MDB3885503.1	QIZ20453.1	95.782	1138	48	0	1	1138	1	1138	0.0	2227
MDB3885505.1	QIZ20452.1	89.753	283	29	0	1	283	1	283	0.0	505
MDB3885506.1	QIZ20451.1	89.617	183	19	0	1	183	1	183	9.68e-121	335
MDB3885507.1	QIZ20450.1	64.889	225	79	0	1	225	1	225	3.67e-96	276
MDB3885508.1	QIZ20449.1	57.143	217	87	3	1	212	1	216	1.30e-63	192
MDB3885509.1	QIZ20448.1	65.891	387	131	1	3	388	2	388	5.86e-174	486
MDB3885511.1	QIZ20446.1	80.690	145	28	0	5	149	2	146	7.39e-88	248
MDB3885512.1	QIZ20445.1	66.258	326	110	0	1	326	1	326	3.10e-157	439
MDB3885513.1	QIZ20444.1	65.637	259	89	0	1	259	1	259	2.48e-121	342
MDB3885514.1	QIZ20443.1	58.015	262	108	1	1	262	1	260	1.33e-88	259
MDB3885515.1	QIZ20442.1	75.000	376	94	0	1	376	1	376	0.0	549
MDB3885516.1	QIZ20441.1	84.783	460	70	0	1	460	1	460	0.0	807
MDB3885517.1	QIZ20440.1	96.444	225	8	0	1	225	1	225	1.17e-161	441
MDB3885518.1	QIZ20439.1	81.749	263	48	0	1	263	1	263	1.61e-148	411
MDB3885519.1	QIZ20438.1	84.848	330	50	0	1	330	1	330	0.0	575
MDB3885520.1	QIZ20437.1	87.368	190	24	0	1	190	1	190	5.09e-122	338
MDB3885521.1	QIZ20436.1	91.322	484	42	0	1	484	1	484	0.0	855
MDB3885522.1	QIZ20435.1	77.167	473	108	0	1	473	1	473	0.0	672
MDB3885523.1	QIZ20434.1	88.618	246	28	0	1	246	1	246	5.99e-162	444
MDB3885524.1	QIZ20433.1	95.000	100	5	0	1	100	1	100	2.46e-64	185
MDB3885525.1	QIZ20432.1	93.123	538	37	0	1	538	1	538	0.0	1032
MDB3885526.1	QIZ20431.1	96.350	274	10	0	1	274	1	274	0.0	528
MDB3885527.1	QIZ20430.1	90.431	418	40	0	1	418	1	418	0.0	753
MDB3885528.1	QIZ20429.1	83.000	100	17	0	1	100	1	100	9.78e-55	161
MDB3885529.1	QIZ20428.1	93.831	308	19	0	1	308	1	308	0.0	590
MDB3885530.1	QIZ20427.1	61.379	145	56	0	1	145	1	145	7.29e-66	193
MDB3885531.1	QIZ20426.1	68.613	137	43	0	20	156	16	152	8.50e-62	183
MDB3885532.1	QIZ20425.1	86.826	167	22	0	1	167	1	167	2.38e-99	279
MDB3885533.1	QIZ20424.1	81.402	371	69	0	1	371	1	371	0.0	559
MDB3885534.1	QIZ20423.1	83.137	593	100	0	1	593	1	593	0.0	919
MDB3885535.1	QIZ20422.1	91.353	451	39	0	1	451	1	451	0.0	812
MDB3885536.1	QIZ20421.1	91.145	463	41	0	1	463	1	463	0.0	798
MDB3885537.1	QIZ20420.1	83.565	432	71	0	3	434	38	469	0.0	634
MDB3885538.1	QIZ20419.1	95.376	346	16	0	1	346	1	346	0.0	691
MDB3885539.1	QIZ20418.1	85.434	357	52	0	1	357	25	381	0.0	582
MDB3885540.1	QIZ20417.1	85.086	409	61	0	15	423	18	426	0.0	714
MDB3885541.1	QIZ20416.1	94.167	240	14	0	1	240	5	244	4.91e-169	461
MDB3885542.1	QIZ20415.1	92.683	123	9	0	1	123	1	123	1.83e-80	228
MDB3885544.1	QIZ20414.1	94.971	875	44	0	1	875	1	875	0.0	1706
MDB3885545.1	QIZ20413.1	99.126	572	5	0	1	572	1	572	0.0	1164
MDB3885546.1	QIZ20412.1	95.262	401	19	0	1	401	1	401	0.0	744
MDB3885549.1	QIZ20411.1	100.000	319	0	0	1	319	3	321	0.0	639
MDB3885550.1	QIZ20410.1	96.744	215	7	0	1	215	1	215	1.93e-149	410
MDB3885551.1	QIZ20408.1	68.715	358	77	5	4	326	1	358	8.73e-174	482
MDB3885552.1	QIZ20407.1	74.194	248	63	1	1	247	1	248	7.73e-137	380
MDB3885553.1	QIZ20406.1	79.775	267	54	0	1	267	1	267	1.74e-154	427
MDB3885554.1	QIZ20405.1	80.153	131	26	0	2	132	3	133	1.22e-76	219
MDB3885555.1	QIZ20404.1	98.193	332	6	0	1	332	1	332	0.0	660
MDB3885556.1	QIZ20403.1	96.512	258	9	0	1	258	1	258	0.0	513
MDB3885557.1	QIZ20402.1	99.048	105	1	0	1	105	1	105	2.83e-73	208
MDB3885558.1	QIZ20401.1	88.410	371	43	0	1	371	1	371	0.0	641
MDB3885559.1	QIZ20400.1	84.055	577	92	0	1	577	1	577	0.0	990
MDB3885560.1	QIZ20399.1	75.581	86	21	0	1	86	1	86	7.20e-40	122
MDB3885561.1	QIZ20398.1	70.159	315	94	0	1	315	2	316	3.39e-162	450
MDB3885562.1	QIZ20397.1	90.244	246	24	0	1	246	1	246	1.40e-154	425
MDB3885563.1	QIZ20396.1	91.964	224	18	0	10	233	13	236	1.13e-154	424
MDB3885564.1	QIZ20395.1	92.647	68	3	1	1	66	1	68	2.40e-40	122
MDB3885565.1	QIZ20394.1	84.722	72	11	0	1	72	1	72	3.75e-34	107
MDB3885566.1	QIZ20393.1	93.651	252	16	0	1	252	1	252	2.18e-173	473
MDB3885567.1	QIZ20392.1	88.067	419	50	0	1	419	1	419	0.0	758
MDB3885568.1	QIZ20391.1	96.809	94	3	0	1	94	1	94	1.50e-62	180
MDB3885569.1	QIZ20390.1	92.650	517	38	0	1	517	1	517	0.0	954
MDB3885570.1	QIZ20389.1	96.949	295	9	0	1	295	1	295	0.0	562
MDB3885571.1	QIZ20388.1	97.222	180	5	0	1	180	18	197	3.37e-130	359
MDB3885572.1	QIZ20371.1	85.232	474	70	0	1	474	40	513	0.0	839
MDB3885573.1	QIZ20370.1	73.228	254	67	1	1	253	1	254	4.89e-134	374
MDB3885574.1	QIZ20369.1	75.097	257	64	0	1	257	1	257	1.00e-146	406
MDB3885575.1	QIZ20368.1	76.471	170	40	0	1	170	1	170	4.04e-99	279
MDB3885576.1	QIZ20367.1	89.231	390	42	0	1	390	1	390	0.0	632
MDB3885577.1	QIZ20366.1	41.935	186	75	6	1	172	1	167	1.37e-40	130
MDB3885578.1	QIZ20365.1	86.022	93	13	0	1	93	1	93	1.33e-56	165
MDB3885579.1	QIZ20364.1	92.705	329	24	0	1	329	1	329	0.0	620
MDB3885580.1	QIZ20363.1	80.952	315	60	0	1	315	1	315	0.0	532
MDB3885581.1	QIZ20362.1	72.695	564	154	0	1	564	1	564	0.0	832
MDB3885582.1	QIZ20361.1	56.790	81	35	0	1	81	1	81	1.83e-30	99.0
MDB3885583.1	QIZ20360.1	65.390	705	241	3	2	705	4	706	0.0	922
MDB3885587.1	QIZ20359.1	90.492	305	29	0	1	305	1	305	0.0	565
MDB3885589.1	QIZ20357.1	86.207	145	20	0	1	145	1	145	8.28e-95	266
MDB3885590.1	QIZ20356.1	90.217	92	9	0	1	92	4	95	1.06e-58	171
MDB3885591.1	QIZ20355.1	87.189	281	36	0	1	281	1	281	1.50e-174	479
MDB3885592.1	QIZ20354.1	67.333	300	96	2	1	298	1	300	2.15e-146	409
MDB3885593.1	QIZ20353.1	92.093	430	34	0	1	430	1	430	0.0	761
MDB3885595.1	QIZ20351.1	87.021	339	44	0	33	371	1	339	0.0	597
MDB3885596.1	QIZ20350.1	91.946	149	12	0	1	149	1	149	2.60e-101	283
MDB3885597.1	QIZ20349.1	92.157	153	12	0	1	153	1	153	4.24e-105	292
MDB3885598.1	QIZ20348.1	85.874	446	58	1	1	446	1	441	0.0	779
MDB3885599.1	QIZ20347.1	78.571	336	72	0	1	336	1	336	0.0	502
MDB3885600.1	QIZ20346.1	82.292	96	17	0	1	96	1	96	4.06e-49	146
MDB3885601.1	QIZ20345.1	98.413	63	1	0	1	63	1	63	3.05e-40	122
MDB3885602.1	QIZ20344.1	85.600	125	18	0	1	125	1	125	2.79e-73	210
MDB3885603.1	QIZ20343.1	89.000	100	11	0	1	100	1	100	1.02e-60	176
MDB3885604.1	QIZ20342.1	87.087	333	43	0	1	333	1	333	0.0	585
MDB3885605.1	QIZ20341.1	93.333	60	4	0	1	60	1	60	8.09e-39	118
MDB3885606.1	QIZ20340.1	81.944	144	26	0	12	155	12	155	3.68e-73	212
MDB3885607.1	QIZ20339.1	52.518	139	66	0	14	152	15	153	2.73e-50	154
MDB3885608.1	QIZ20338.1	99.144	701	6	0	1	701	1	701	0.0	1363
MDB3885609.1	QIZ20337.1	94.984	319	16	0	1	319	1	319	0.0	568
MDB3885610.1	QIZ20336.1	100.000	134	0	0	1	134	1	134	5.57e-96	268
MDB3885611.1	QIZ20335.1	98.438	128	2	0	1	128	1	128	1.64e-89	251
MDB3885612.1	QIZ20334.1	99.180	366	3	0	1	366	1	366	0.0	716
MDB3885613.1	QIZ20333.1	94.924	197	10	0	1	197	1	197	1.29e-136	376
MDB3885615.1	QIZ20332.1	97.368	152	4	0	1	152	1	152	1.06e-108	301
MDB3885616.1	QIZ20331.1	97.018	436	13	0	1	436	1	436	0.0	880
MDB3885617.1	QIZ20330.1	95.035	141	7	0	1	141	1	141	1.33e-98	275
MDB3885618.1	QIZ20329.1	96.714	213	7	0	1	213	1	213	1.50e-158	432
MDB3885619.1	QIZ20328.1	93.313	329	22	0	1	329	1	329	0.0	638
MDB3885620.1	QIZ20327.1	84.513	226	35	0	1	226	1	226	5.76e-132	366
MDB3885621.1	QIZ20326.1	86.036	222	31	0	1	222	1	222	3.10e-137	379
MDB3885622.1	QIZ20325.1	85.537	242	35	0	3	244	2	243	2.52e-152	419
MDB3885623.1	QIZ20324.1	78.906	128	27	0	1	128	1	128	4.54e-69	199
MDB3885624.1	QIZ20323.1	76.151	239	57	0	1	239	1	239	3.84e-126	353
MDB3885625.1	QIZ20322.1	90.256	195	19	0	1	195	1	195	3.88e-121	337
MDB3885626.1	QIZ20321.1	94.530	585	32	0	1	585	1	585	0.0	1143
MDB3885627.1	QIZ20320.1	69.942	173	52	0	1	173	1	173	3.46e-84	241
MDB3885628.1	QIZ20319.1	91.667	156	13	0	1	156	1	156	6.84e-105	292
MDB3885629.1	QIZ20318.1	84.983	293	44	0	1	293	1	293	0.0	523
MDB3885630.1	QIZ20317.1	80.291	756	129	1	2	757	1	736	0.0	1243
MDB3885631.1	QIZ20316.1	96.882	417	13	0	1	417	1	417	0.0	842
MDB3885632.1	QIZ20315.1	95.506	89	4	0	1	89	1	89	8.89e-65	186
MDB3885633.1	QIZ20314.1	88.523	1002	115	0	1	1002	1	1002	0.0	1894
MDB3885634.1	QIZ20313.1	90.909	187	17	0	1	187	1	187	1.98e-126	349
MDB3885635.1	QIZ20312.1	95.686	255	11	0	1	255	1	255	1.02e-173	474
MDB3885636.1	QIZ20311.1	97.154	246	7	0	1	246	1	246	1.34e-170	466
MDB3885637.1	QIZ20310.1	88.889	90	10	0	1	90	1	90	6.52e-57	166
MDB3885639.1	QIZ20306.1	95.031	161	8	0	1	161	1	161	3.70e-114	316
MDB3885640.1	QIZ20305.1	96.491	456	16	0	1	456	1	456	0.0	869
MDB3885641.1	QIZ20304.1	91.362	301	26	0	1	301	1	301	0.0	555
MDB3885642.1	QIZ20303.1	93.056	216	15	0	1	216	1	216	1.21e-148	408
MDB3885643.1	QIZ20302.1	96.538	491	17	0	1	491	1	491	0.0	973
MDB3885644.1	QIZ20301.1	96.289	485	18	0	1	485	1	485	0.0	927
MDB3885645.1	QIZ20300.1	92.632	95	7	0	1	95	1	95	2.25e-60	175
MDB3885646.1	QIZ20299.1	98.675	151	2	0	1	151	1	151	2.43e-106	295
MDB3885647.1	QIZ20298.1	97.125	313	9	0	1	313	1	313	0.0	632
MDB3885648.1	QIZ20742.1	25.616	406	277	11	28	423	25	415	4.37e-34	127
MDB3885649.1	QIZ20297.1	93.194	191	13	0	1	191	1	191	2.71e-122	339
MDB3885650.1	QIZ20296.1	95.657	852	37	0	1	852	1	852	0.0	1613
MDB3885651.1	QIZ20294.1	84.314	153	24	0	1	153	1	153	2.11e-94	265
MDB3885652.1	QIZ20293.1	81.439	431	80	0	1	431	1	431	0.0	692
MDB3885653.1	QIZ20292.1	83.764	271	44	0	1	271	1	271	2.70e-159	439
MDB3885654.1	QIZ20291.1	64.561	285	92	3	1	281	1	280	5.09e-121	343
MDB3885655.1	QIZ20290.1	94.530	457	25	0	1	457	1	457	0.0	874
MDB3885656.1	QIZ20289.1	73.659	205	54	0	1	205	1	205	2.02e-110	310
MDB3885657.1	QIZ20288.1	89.145	304	33	0	1	304	1	304	0.0	551
MDB3885658.1	QIZ20287.1	90.345	145	14	0	1	145	1	145	2.59e-95	267
MDB3885659.1	QIZ20286.1	95.906	342	14	0	1	342	1	342	0.0	667
MDB3885660.1	QIZ20285.1	82.468	154	23	1	1	154	1	150	2.17e-76	220
MDB3885661.1	QIZ20284.1	95.276	127	6	0	1	127	1	127	1.86e-87	246
MDB3885662.1	QIZ20283.1	76.995	213	49	0	1	213	1	213	2.81e-126	351
MDB3885663.1	QIZ20282.1	97.418	426	11	0	1	426	1	426	0.0	829
MDB3885664.1	QIZ20281.1	88.889	153	16	1	1	152	1	153	7.36e-84	239
MDB3885665.1	QIZ20280.1	96.471	170	6	0	1	170	1	170	5.97e-117	324
MDB3885666.1	QIZ20279.1	83.898	118	19	0	1	118	1	118	2.29e-68	197
MDB3885667.1	QIZ20278.1	91.620	179	15	0	1	179	1	179	3.09e-116	323
MDB3885668.1	QIZ20277.1	89.313	131	14	0	1	131	1	131	6.83e-86	242
MDB3885669.1	QIZ20276.1	96.040	101	4	0	1	101	1	101	4.09e-69	197
MDB3885670.1	QIZ20275.1	94.022	184	11	0	1	184	1	184	2.36e-126	349
MDB3885671.1	QIZ20274.1	91.429	70	6	0	1	70	1	70	3.98e-41	125
MDB3885672.1	QIZ20273.1	95.902	122	5	0	1	122	1	122	7.92e-84	236
MDB3885673.1	QIZ20272.1	97.436	78	2	0	1	78	1	78	3.10e-52	153
MDB3885674.1	QIZ20271.1	90.476	63	6	0	1	63	1	63	6.78e-36	110
MDB3885675.1	QIZ20270.1	98.519	135	2	0	1	135	1	135	4.02e-97	271
MDB3885676.1	QIZ20269.1	96.018	226	9	0	1	226	1	226	6.47e-164	447
MDB3885677.1	QIZ20268.1	97.727	132	3	0	1	132	1	132	6.03e-92	258
MDB3885678.1	QIZ20267.1	97.849	93	2	0	1	93	1	93	4.43e-64	184
MDB3885679.1	QIZ20266.1	91.459	281	24	0	1	281	1	281	0.0	517
MDB3885680.1	QIZ20265.1	92.784	97	7	0	1	97	1	97	8.10e-62	179
MDB3885681.1	QIZ20264.1	92.754	207	15	0	1	207	1	207	6.20e-139	382
MDB3885682.1	QIZ20263.1	89.868	227	23	0	1	227	1	227	9.27e-150	412
MDB3885683.1	QIZ20262.1	99.020	102	1	0	1	102	1	102	2.31e-71	203
MDB3885684.1	QIZ20261.1	96.098	692	27	0	1	692	1	692	0.0	1391
MDB3885685.1	QIZ20260.1	98.718	156	2	0	1	156	1	156	1.29e-112	311
MDB3885686.1	QIZ20259.1	95.122	123	6	0	1	123	1	123	4.18e-84	237
MDB3885687.1	QIZ20258.1	96.256	1389	52	0	1	1389	1	1389	0.0	2766
MDB3885688.1	QIZ20257.1	95.818	1363	57	0	1	1363	1	1363	0.0	2681
MDB3885689.1	QIZ20256.1	95.868	121	5	0	1	121	1	121	1.34e-63	185
MDB3885690.1	QIZ20255.1	87.952	166	20	0	1	166	1	166	3.35e-109	304
MDB3885691.1	QIZ20254.1	87.773	229	28	0	1	229	1	229	2.45e-145	400
MDB3885692.1	QIZ20253.1	93.617	141	9	0	1	141	1	141	1.74e-95	267
MDB3885693.1	QIZ20252.1	93.750	176	11	0	1	176	1	176	9.25e-120	332
MDB3885694.1	QIZ20251.1	100.000	63	0	0	1	63	1	63	8.54e-41	123
MDB3885695.1	QIZ20250.1	97.475	396	10	0	1	396	1	396	0.0	789
MDB3885696.1	QIZ20249.1	91.057	246	22	0	1	246	1	246	6.84e-172	469
MDB3885698.1	QIZ20183.1	84.496	129	20	0	1	129	1	129	6.66e-75	214
MDB3885705.1	QIZ21051.1	36.264	364	205	6	358	708	200	549	2.86e-55	194
MDB3885707.1	QIZ20248.1	76.562	256	60	0	1	256	1	256	5.06e-141	392
MDB3885709.1	QIZ20247.1	81.818	132	24	0	1	132	1	132	7.02e-78	222
MDB3885710.1	QIZ20246.1	89.960	249	25	0	1	249	1	249	2.77e-169	462
MDB3885711.1	QIZ20245.1	86.111	216	30	0	1	216	1	216	1.03e-139	387
MDB3885712.1	QIZ20244.1	93.359	256	17	0	1	256	1	256	0.0	506
MDB3885713.1	QIZ20243.1	93.721	430	27	0	1	430	1	430	0.0	845
MDB3885714.1	QIZ20242.1	95.769	260	11	0	1	260	1	260	0.0	502
MDB3885715.1	QIZ20241.1	88.750	80	9	0	1	80	1	80	9.50e-49	144
MDB3885716.1	QIZ20240.1	86.784	227	30	0	1	227	1	227	1.72e-148	408
MDB3885717.1	QIZ20239.1	91.758	728	60	0	1	728	1	728	0.0	1388
MDB3885718.1	QIZ20238.1	86.842	76	10	0	1	76	1	76	1.47e-47	141
MDB3885719.1	QIZ20237.1	88.182	110	13	0	1	110	1	110	1.17e-72	207
MDB3885721.1	QIZ20236.1	94.146	205	12	0	1	205	1	205	8.19e-146	400
MDB3885722.1	QIZ20235.1	86.920	237	31	0	1	237	1	237	4.54e-152	418
MDB3885724.1	QIZ20234.1	91.165	532	47	0	1	532	1	532	0.0	1011
MDB3885725.1	QIZ20233.1	83.223	453	76	0	1	453	1	453	0.0	769
MDB3885726.1	QIZ20232.1	84.490	245	38	0	1	245	1	245	9.93e-162	443
MDB3885727.1	QIZ20231.1	94.118	459	27	0	1	459	1	459	0.0	911
MDB3885728.1	QIZ20230.1	86.799	606	80	0	1	606	1	606	0.0	1094
MDB3885729.1	QIZ20229.1	83.415	205	34	0	1	205	1	205	2.17e-120	335
MDB3885730.1	QIZ20228.1	89.083	229	25	0	1	229	1	229	4.89e-159	435
MDB3885731.1	QIZ20227.1	91.400	500	43	0	1	500	1	500	0.0	951
MDB3885732.1	QIZ20630.1	94.860	214	11	0	1	214	1	214	2.55e-145	400
MDB3885733.1	QIZ20631.1	97.708	480	11	0	1	480	1	480	0.0	980
MDB3885734.1	QIZ20632.1	88.652	141	16	0	1	141	1	141	4.26e-91	256
MDB3885735.1	QIZ20633.1	94.037	218	13	0	1	218	1	218	2.13e-151	415
MDB3885736.1	QIZ20634.1	65.333	375	130	0	1	375	1	375	0.0	518
MDB3885737.1	QIZ20635.1	83.578	408	67	0	1	408	1	408	0.0	686
MDB3885739.1	QIZ21541.1	70.762	814	238	0	1	814	1	814	0.0	1222
MDB3885740.1	QIZ20545.1	93.784	370	23	0	1	370	1	370	0.0	676
MDB3885741.1	QIZ20546.1	96.875	448	14	0	1	448	1	448	0.0	916
MDB3885742.1	QIZ20559.1	98.013	151	3	0	1	151	19	169	4.50e-108	300
MDB3885743.1	QIZ20560.1	99.063	427	4	0	1	427	1	427	0.0	810
MDB3885744.1	QIZ20561.1	95.087	346	17	0	1	346	1	346	0.0	678
MDB3885745.1	QIZ20547.1	99.045	314	3	0	1	314	1	314	0.0	627
MDB3885746.1	QIZ20548.1	99.623	265	1	0	1	265	1	265	0.0	536
MDB3885747.1	QIZ20549.1	98.273	637	11	0	1	637	1	637	0.0	1269
MDB3885748.1	QIZ20550.1	91.667	336	28	0	1	336	1	336	0.0	613
MDB3885749.1	QIZ20215.1	81.690	142	26	0	3	144	4	145	4.20e-89	251
MDB3885751.1	QIZ20551.1	87.863	379	46	0	1	379	1	379	0.0	694
MDB3885752.1	QIZ20552.1	93.069	303	21	0	1	303	1	303	0.0	566
MDB3885753.1	QIZ20553.1	89.019	428	47	0	1	428	1	428	0.0	781
MDB3885754.1	QIZ21414.1	57.025	121	50	1	33	151	3	123	1.97e-49	150
MDB3885755.1	QIZ20554.1	83.663	202	33	0	1	202	1	202	1.23e-117	328
MDB3885756.1	QIZ20555.1	96.008	501	20	0	1	501	1	501	0.0	983
MDB3885757.1	QIZ20556.1	95.143	350	17	0	1	350	1	350	0.0	672
MDB3885758.1	QIZ20557.1	99.062	320	3	0	1	320	1	320	0.0	651
MDB3885759.1	QIZ20562.1	90.385	104	10	0	1	104	389	492	6.84e-66	202
MDB3885760.1	QIZ20562.1	94.241	382	22	0	1	382	1	382	0.0	745
MDB3885761.1	QIZ20567.1	94.030	134	8	0	1	134	1	134	3.02e-97	271
MDB3885762.1	QIZ20568.1	82.812	192	33	0	1	192	1	192	1.33e-117	327
MDB3885763.1	QIZ20569.1	96.997	333	10	0	1	333	1	333	0.0	652
MDB3885764.1	QIZ20570.1	97.826	138	3	0	1	138	1	138	2.07e-99	277
MDB3885765.1	QIZ20571.1	84.375	96	14	1	9	103	1	96	6.01e-57	167
MDB3885766.1	QIZ20576.1	97.959	98	2	0	1	98	1	98	2.31e-66	190
MDB3885767.1	QIZ20577.1	87.736	106	13	0	1	106	1	106	5.91e-68	195
MDB3885768.1	QIZ20578.1	97.015	67	2	0	1	67	1	67	4.44e-44	132
MDB3885769.1	QIZ20579.1	91.818	110	9	0	1	110	1	110	8.96e-66	190
MDB3885770.1	QIZ20581.1	60.000	75	30	0	1	75	1	75	1.01e-30	99.0
MDB3885771.1	QIZ20583.1	69.643	112	34	0	1	112	1	112	3.77e-58	171
MDB3885772.1	QIZ20584.1	80.874	183	35	0	7	189	4	186	4.70e-110	308
MDB3885773.1	QIZ20585.1	81.343	268	50	0	1	268	1	268	9.51e-168	460
MDB3885774.1	QIZ20586.1	77.720	193	43	0	1	193	1	193	5.82e-114	318
MDB3885775.1	QIZ20587.1	88.511	235	27	0	1	235	1	235	1.62e-146	404
MDB3885776.1	QIZ20588.1	82.500	280	49	0	1	280	1	280	6.49e-177	484
MDB3885777.1	QIZ20589.1	87.889	289	35	0	1	289	1	289	0.0	526
MDB3885778.1	QIZ20606.1	87.708	480	59	0	1	480	1	480	0.0	898
MDB3885779.1	QIZ20607.1	97.222	108	3	0	1	108	1	108	2.37e-75	214
MDB3885780.1	QIZ20608.1	89.170	277	30	0	1	277	1	277	0.0	499
MDB3885781.1	QIZ20609.1	85.758	330	47	0	1	330	1	330	0.0	592
MDB3885782.1	QIZ20610.1	92.818	181	13	0	1	181	1	181	3.84e-125	345
MDB3885784.1	QIZ20611.1	77.215	79	18	0	1	79	1	79	1.30e-40	124
MDB3885785.1	QIZ20612.1	85.517	145	21	0	1	145	1	145	3.86e-80	229
MDB3885786.1	QIZ20615.1	92.174	115	9	0	1	115	1	115	5.43e-80	226
MDB3885787.1	QIZ20616.1	97.308	520	14	0	65	584	62	581	0.0	1047
MDB3885788.1	QIZ20617.1	86.420	81	11	0	1	81	1	81	4.65e-51	150
MDB3885789.1	QIZ20618.1	90.361	166	16	0	1	166	1	166	3.30e-103	289
MDB3885790.1	QIZ20619.1	81.377	247	46	0	1	247	1	247	4.55e-118	333
MDB3885791.1	QIZ20620.1	87.245	196	25	0	1	196	1	196	4.37e-118	329
MDB3885792.1	QIZ20621.1	79.139	302	63	0	1	302	1	302	2.77e-175	482
MDB3885793.1	QIZ21502.1	87.685	203	25	0	1	203	1	203	2.66e-132	365
MDB3885794.1	QIZ21501.1	92.545	550	41	0	1	550	1	550	0.0	1050
MDB3885795.1	QIZ21500.1	91.950	323	26	0	1	323	1	323	0.0	626
MDB3885796.1	QIZ21499.1	86.503	163	22	0	1	163	1	163	1.87e-98	276
MDB3885797.1	QIZ21498.1	85.014	347	52	0	1	347	1	347	0.0	588
MDB3885798.1	QIZ21497.1	85.714	154	22	0	1	154	1	154	3.39e-98	275
MDB3885799.1	QIZ21496.1	98.529	68	1	0	1	68	1	68	8.57e-47	139
MDB3885800.1	QIZ21495.1	77.381	252	57	0	1	252	1	252	4.83e-148	409
MDB3885801.1	QIZ21494.1	73.913	115	30	0	1	115	1	115	1.77e-65	189
MDB3885802.1	QIZ21493.1	87.903	248	30	0	1	248	1	248	1.98e-156	430
MDB3885803.1	QIZ21492.1	82.192	146	26	0	1	146	1	146	1.70e-89	253
MDB3885804.1	QIZ21491.1	44.660	103	50	1	1	96	1	103	1.06e-21	77.8
MDB3885805.1	QIZ21490.1	87.986	283	34	0	3	285	1	283	0.0	499
MDB3885806.1	QIZ21489.1	76.410	195	46	0	1	195	1	195	2.10e-111	312
MDB3885807.1	QIZ21488.1	95.992	998	40	0	1	998	1	998	0.0	1989
MDB3885808.1	QIZ21487.1	96.591	88	3	0	1	88	1	88	4.58e-64	184
MDB3885809.1	QIZ21486.1	96.651	418	14	0	1	418	1	418	0.0	846
MDB3885810.1	QIZ21485.1	98.752	561	7	0	1	561	1	561	0.0	1139
MDB3885811.1	QIZ21484.1	90.114	263	26	0	1	263	1	263	1.39e-179	490
MDB3885812.1	QIZ21483.1	88.342	386	45	0	3	388	2	387	0.0	717
MDB3885813.1	QIZ20491.1	28.465	404	284	4	37	435	74	477	6.76e-53	181
MDB3885814.1	QIZ20661.1	39.676	247	137	6	5	247	6	244	1.34e-43	144
MDB3885816.1	QIZ20203.1	30.415	434	295	6	11	441	6	435	2.90e-64	209
MDB3885818.1	QIZ21482.1	95.238	63	3	0	1	63	1	63	1.60e-38	117
MDB3885819.1	QIZ21481.1	89.766	342	35	0	1	342	1	342	0.0	627
MDB3885820.1	QIZ21480.1	91.910	445	36	0	1	445	1	445	0.0	872
MDB3885821.1	QIZ21009.1	86.992	123	16	0	1	123	1	123	2.96e-80	228
MDB3885822.1	QIZ21479.1	91.353	717	62	0	1	717	1	717	0.0	1323
MDB3885823.1	QIZ21478.1	91.520	342	29	0	1	342	1	342	0.0	643
MDB3885824.1	QIZ21477.1	68.889	180	54	2	5	184	6	183	2.29e-77	225
MDB3885825.1	QIZ21476.1	82.258	124	22	0	1	124	1	124	8.30e-74	211
MDB3885826.1	QIZ21475.1	78.912	147	31	0	1	147	1	147	3.01e-80	229
MDB3885827.1	QIZ21474.1	85.849	318	41	1	5	322	1	314	0.0	565
MDB3885828.1	QIZ21473.1	92.258	775	60	0	1	775	1	775	0.0	1505
MDB3885829.1	QIZ21472.1	81.579	114	21	0	3	116	2	115	1.56e-66	192
MDB3885830.1	QIZ21471.1	93.213	442	30	0	1	442	1	442	0.0	869
MDB3885831.1	QIZ21470.1	96.319	489	18	0	1	489	1	489	0.0	999
MDB3885832.1	QIZ21469.1	98.089	314	6	0	1	314	1	314	0.0	637
MDB3885833.1	QIZ21468.1	96.831	284	9	0	1	284	1	284	0.0	563
MDB3885834.1	QIZ21467.1	97.257	474	13	0	1	474	1	474	0.0	965
MDB3885835.1	QIZ21466.1	93.162	117	8	0	19	135	17	133	8.45e-83	234
MDB3885836.1	QIZ21465.1	96.996	466	14	0	1	466	1	466	0.0	912
MDB3885837.1	QIZ21464.1	91.892	74	6	0	1	74	1	74	1.90e-48	143
MDB3885839.1	QIZ21463.1	94.898	294	15	0	1	294	1	294	0.0	560
MDB3885840.1	QIZ21462.1	96.476	227	8	0	1	227	1	227	1.87e-164	449
MDB3885841.1	QIZ21461.1	98.869	442	5	0	1	442	1	442	0.0	894
MDB3885842.1	QIZ21460.1	93.424	441	29	0	1	441	1	441	0.0	870
MDB3885843.1	QIZ21459.1	60.963	374	146	0	1	374	1	374	8.69e-171	477
MDB3885845.1	QIZ21456.1	76.420	352	80	1	1	349	1	352	0.0	519
MDB3885846.1	QIZ21455.1	79.577	142	29	0	1	142	1	142	2.42e-84	239
MDB3885847.1	QIZ21454.1	44.000	175	98	0	1	175	259	433	1.47e-42	142
MDB3885848.1	QIZ21385.1	92.183	678	53	0	1	678	1	678	0.0	1293
MDB3885849.1	QIZ21384.1	62.324	568	210	3	1	568	1	564	0.0	673
MDB3885850.1	QIZ21383.1	79.310	667	138	0	10	676	10	676	0.0	1074
MDB3885851.1	QIZ21382.1	56.654	263	111	2	18	277	19	281	3.11e-103	298
MDB3885852.1	QIZ21381.1	79.412	306	63	0	1	306	1	306	5.72e-173	477
MDB3885853.1	QIZ21380.1	64.499	369	131	0	1	369	1	369	5.98e-168	469
MDB3885854.1	QIZ21379.1	58.222	225	93	1	1	224	1	225	1.38e-81	239
MDB3885855.1	QIZ21378.1	82.566	304	53	0	1	304	1	304	1.42e-171	473
MDB3885856.1	QIZ21377.1	78.526	312	67	0	1	312	1	312	4.38e-170	470
MDB3885857.1	QIZ21376.1	85.129	464	69	0	1	464	1	464	0.0	816
MDB3885858.1	QIZ21375.1	68.539	356	112	0	1	356	1	356	2.46e-179	497
MDB3885859.1	QIZ21374.1	79.679	374	76	0	1	374	1	374	0.0	564
MDB3885860.1	QIZ21373.1	68.372	430	127	2	1	421	1	430	0.0	527
MDB3885862.1	QIZ21372.1	67.932	948	304	0	1	948	1	948	0.0	1259
MDB3885863.1	QIZ21371.1	82.679	560	95	2	1	560	3	560	0.0	933
MDB3885864.1	QIZ21370.1	60.784	102	40	0	1	102	1	102	1.00e-40	126
MDB3885865.1	QIZ21369.1	84.821	336	51	0	1	336	1	336	0.0	575
MDB3885866.1	QIZ21368.1	86.519	497	65	1	1	497	1	495	0.0	802
MDB3885867.1	QIZ21367.1	97.419	155	4	0	1	155	1	155	1.22e-113	314
MDB3885868.1	QIZ21366.1	74.494	247	63	0	1	247	1	247	1.65e-134	375
MDB3885869.1	QIZ21365.1	67.803	264	82	1	1	264	1	261	4.23e-134	375
MDB3885870.1	QIZ21364.1	66.146	192	65	0	5	196	4	195	1.08e-87	252
MDB3885871.1	QIZ21363.1	94.089	609	34	1	1	609	1	607	0.0	1159
MDB3885872.1	QIZ21362.1	93.232	591	40	0	1	591	1	591	0.0	1107
MDB3885873.1	QIZ21361.1	93.464	153	10	0	1	153	1	153	3.66e-94	265
MDB3885874.1	QIZ21360.1	98.492	398	6	0	1	398	1	398	0.0	795
MDB3885875.1	QIZ21359.1	98.510	1074	16	0	1	1074	1	1074	0.0	2166
MDB3885876.1	QIZ21358.1	96.866	351	11	0	1	351	1	351	0.0	679
MDB3885877.1	QIZ21319.1	83.562	219	36	0	1	219	1	219	5.37e-142	391
MDB3885878.1	QIZ21318.1	59.936	312	124	1	1	311	1	312	9.65e-139	391
MDB3885879.1	QIZ21317.1	93.291	313	21	0	1	313	1	313	0.0	605
MDB3885881.1	QIZ21537.1	66.879	314	101	2	1	312	1	313	4.55e-140	394
MDB3885883.1	QIZ21316.1	81.193	218	41	0	1	218	1	218	2.14e-123	344
MDB3885884.1	QIZ20851.1	29.268	328	199	11	4	320	6	311	1.77e-26	102
MDB3885885.1	QIZ20804.1	33.679	193	119	5	10	195	9	199	6.09e-23	90.1
MDB3885888.1	QIZ21314.1	94.987	399	20	0	1	399	1	399	0.0	781
MDB3885889.1	QIZ21313.1	97.510	723	18	0	1	723	1	723	0.0	1462
MDB3885890.1	QIZ21312.1	96.000	250	10	0	1	250	1	250	2.47e-173	473
MDB3885891.1	QIZ21311.1	98.225	338	6	0	1	338	1	338	0.0	682
MDB3885892.1	QIZ21310.1	98.582	141	2	0	1	141	1	141	2.79e-95	267
MDB3885893.1	QIZ21309.1	97.218	611	17	0	1	611	1	611	0.0	1222
MDB3885894.1	QIZ21308.1	96.392	194	7	0	1	194	1	194	1.49e-137	378
MDB3885895.1	QIZ21307.1	87.586	290	36	0	1	290	1	290	0.0	551
MDB3885896.1	QIZ21306.1	87.586	145	18	0	1	145	1	145	2.66e-91	257
MDB3885897.1	QIZ21305.1	83.556	225	37	0	1	225	1	225	1.13e-134	373
MDB3885898.1	QIZ21304.1	82.232	439	78	0	1	439	1	439	0.0	747
MDB3885899.1	QIZ21303.1	81.429	70	13	0	1	70	1	70	1.29e-35	111
MDB3885900.1	QIZ21302.1	81.890	254	46	0	1	254	1	254	7.01e-152	419
MDB3885901.1	QIZ21301.1	73.563	348	91	1	1	348	1	347	5.52e-177	490
MDB3885902.1	QIZ21300.1	73.123	253	67	1	1	252	1	253	4.07e-111	316
MDB3885903.1	QIZ21299.1	94.839	310	16	0	1	310	1	310	0.0	563
MDB3885904.1	QIZ21298.1	80.631	222	41	1	1	222	1	220	8.39e-118	331
MDB3885905.1	QIZ21297.1	88.710	186	21	0	1	186	1	186	1.03e-121	337
MDB3885906.1	QIZ21296.1	94.398	357	20	0	1	357	1	357	0.0	704
MDB3885907.1	QIZ21295.1	94.595	259	14	0	1	259	1	259	1.50e-180	492
MDB3885908.1	QIZ21294.1	97.136	419	12	0	1	419	1	419	0.0	823
MDB3885909.1	QIZ21293.1	97.633	169	4	0	1	169	1	169	3.91e-126	347
MDB3885910.1	QIZ21292.1	90.196	153	15	0	1	153	1	153	1.29e-104	291
MDB3885911.1	QIZ21291.1	86.182	275	38	0	1	275	1	275	0.0	495
MDB3885912.1	QIZ21290.1	92.405	158	12	0	1	158	1	158	1.22e-104	292
MDB3885913.1	QIZ21289.1	79.009	424	89	0	1	424	1	424	0.0	681
MDB3885914.1	QIZ21288.1	70.107	281	84	0	1	281	1	281	5.13e-132	371
MDB3885915.1	QIZ21287.1	71.846	547	154	0	15	561	15	561	0.0	782
MDB3885916.1	QIZ21286.1	78.189	243	53	0	1	243	1	243	1.38e-129	362
MDB3885917.1	QIZ21285.1	87.097	186	24	0	1	186	1	186	1.33e-119	332
MDB3885918.1	QIZ21284.1	93.820	356	22	0	1	356	1	356	0.0	700
MDB3885919.1	QIZ21283.1	72.324	383	106	0	1	383	1	383	0.0	562
MDB3885920.1	QIZ21282.1	82.462	325	57	0	1	325	1	325	0.0	543
MDB3885921.1	QIZ21281.1	89.506	162	17	0	1	162	1	162	1.13e-96	272
MDB3885922.1	QIZ21280.1	77.041	196	45	0	1	196	1	196	5.36e-108	303
MDB3885923.1	QIZ21279.1	90.082	857	85	0	1	857	1	857	0.0	1552
MDB3885924.1	QIZ21278.1	91.209	91	8	0	1	91	1	91	3.36e-57	166
MDB3885925.1	QIZ21277.1	96.721	244	8	0	1	244	1	244	1.40e-172	471
MDB3885926.1	QIZ21276.1	100.000	75	0	0	1	75	1	75	1.79e-46	138
MDB3885927.1	QIZ21275.1	78.771	179	38	0	18	196	1	179	1.82e-99	281
MDB3885928.1	QIZ21274.1	86.420	162	22	0	1	162	4	165	1.16e-96	272
MDB3885929.1	QIZ21273.1	97.732	485	11	0	1	485	1	485	0.0	974
MDB3885930.1	QIZ21272.1	89.753	283	29	0	1	283	1	283	2.20e-176	483
MDB3885931.1	QIZ21271.1	90.730	356	32	1	1	356	1	355	0.0	638
MDB3885932.1	QIZ21270.1	89.199	287	31	0	1	287	25	311	0.0	499
MDB3885933.1	QIZ21269.1	92.994	314	22	0	1	314	1	314	0.0	604
MDB3885934.1	QIZ21268.1	81.056	322	61	0	1	322	1	322	0.0	542
MDB3885935.1	QIZ21267.1	88.652	141	16	0	1	141	1	141	3.86e-91	256
MDB3885936.1	QIZ21266.1	86.957	161	21	0	1	161	1	161	9.09e-108	300
MDB3885937.1	QIZ21265.1	85.792	183	26	0	1	183	276	458	9.49e-115	329
MDB3885942.1	QIZ21200.1	24.726	639	373	20	25	617	345	921	1.69e-40	153
MDB3885946.1	QIZ21588.1	46.237	93	50	0	1	93	27	119	3.71e-25	87.0
MDB3885956.1	QIZ20908.1	36.752	234	135	6	1	223	1	232	1.36e-46	150
MDB3885971.1	QIZ21587.1	68.571	105	30	1	1	105	25	126	8.96e-50	149
MDB3885975.1	QIZ21571.1	82.716	81	14	0	18	98	11	91	1.10e-42	130
MDB3886015.1	QIZ21510.1	82.609	138	24	0	1	138	1	138	2.38e-83	236
MDB3886017.1	QIZ21213.1	37.063	143	90	0	28	170	1	143	2.21e-28	99.8
MDB3886018.1	QIZ21511.1	93.651	189	12	0	1	189	1	189	3.13e-134	369
MDB3886019.1	QIZ21512.1	78.659	164	35	0	4	167	3	166	1.11e-91	259
MDB3886020.1	QIZ21513.1	98.642	810	11	0	1	810	1	810	0.0	1659
MDB3886021.1	QIZ21514.1	98.394	249	4	0	1	249	1	249	3.50e-177	483
MDB3886022.1	QIZ21515.1	98.107	317	6	0	1	317	1	317	0.0	638
MDB3886023.1	QIZ21516.1	91.837	539	44	0	1	539	1	539	0.0	1043
MDB3886024.1	QIZ21517.1	80.556	72	14	0	18	89	1	72	1.73e-37	116
MDB3886025.1	QIZ21518.1	35.350	314	195	3	6	316	5	313	2.74e-58	186
MDB3886026.1	QIZ21344.1	64.085	284	99	3	1	283	1	282	4.66e-130	366
MDB3886027.1	QIZ21519.1	96.774	124	4	0	1	124	1	124	4.89e-90	252
MDB3886028.1	QIZ21520.1	94.194	155	9	0	8	162	1	155	1.12e-111	310
MDB3886029.1	QIZ21521.1	92.079	202	16	0	1	202	1	202	6.96e-145	397
MDB3886030.1	QIZ21522.1	72.072	333	93	0	1	333	1	333	0.0	513
MDB3886031.1	QIZ21523.1	97.966	295	6	0	1	295	1	295	0.0	599
MDB3886032.1	QIZ21524.1	90.336	476	46	0	1	476	1	476	0.0	891
MDB3886034.1	QIZ21525.1	98.588	425	6	0	1	425	1	425	0.0	876
MDB3886035.1	QIZ21527.1	95.575	339	15	0	1	339	1	339	0.0	678
MDB3886036.1	QIZ21528.1	95.082	61	3	0	1	61	1	61	1.06e-39	120
MDB3886037.1	QIZ21529.1	94.545	165	9	0	2	166	1	165	9.31e-120	331
MDB3886038.1	QIZ21530.1	86.381	536	70	1	3	538	4	536	0.0	892
MDB3886039.1	QIZ21531.1	88.352	352	41	0	1	352	1	352	0.0	613
MDB3886040.1	QIZ21532.1	81.897	232	42	0	1	232	1	232	4.43e-124	347
MDB3886041.1	QIZ21533.1	82.353	102	18	0	1	102	1	102	2.58e-60	175
MDB3886042.1	QIZ21534.1	49.587	121	60	1	1	121	1	120	1.29e-35	114
MDB3886044.1	QIZ20184.1	88.065	310	37	0	1	310	1	310	0.0	540
MDB3886045.1	QIZ20185.1	76.124	356	85	0	3	358	2	357	3.51e-176	489
MDB3886046.1	QIZ20187.1	98.773	326	4	0	1	326	1	326	0.0	652
MDB3886047.1	QIZ20188.1	98.077	156	3	0	1	156	1	156	9.85e-110	305
MDB3886048.1	QIZ20189.1	98.200	500	9	0	1	500	1	500	0.0	970
MDB3886049.1	QIZ20190.1	89.972	359	36	0	1	359	1	359	0.0	662
MDB3886050.1	QIZ20191.1	79.348	184	38	0	1	184	1	184	4.18e-112	313
MDB3886051.1	QIZ20192.1	80.240	167	33	0	1	167	1	167	1.69e-99	280
MDB3886052.1	QIZ20196.1	91.457	199	17	0	1	199	1	199	7.82e-141	387
MDB3886053.1	QIZ20197.1	97.578	289	7	0	1	289	1	289	0.0	582
MDB3886054.1	QIZ20198.1	88.557	402	46	0	1	402	1	402	0.0	633
MDB3886055.1	QIZ20199.1	90.857	175	13	1	1	172	1	175	4.09e-110	307
MDB3886056.1	QIZ20204.1	58.750	320	132	0	1	320	1	320	6.10e-148	415
MDB3886057.1	QIZ20205.1	48.473	262	134	1	1	261	16	277	1.84e-60	188
MDB3886058.1	QIZ20208.1	92.424	132	10	0	1	132	1	132	4.37e-83	235
MDB3886059.1	QIZ20209.1	90.435	115	11	0	1	115	1	115	6.78e-62	180
MDB3886060.1	QIZ20210.1	98.134	536	10	0	10	545	1	536	0.0	1043
MDB3886061.1	QIZ20211.1	78.351	97	21	0	1	97	1	97	2.37e-53	157
MDB3886062.1	QIZ20212.1	91.975	162	13	0	1	162	1	162	1.16e-115	320
MDB3886065.1	QIZ20216.1	98.107	317	6	0	1	317	2	318	0.0	625
MDB3886066.1	QIZ20218.1	95.263	380	18	0	1	380	1	380	0.0	753
MDB3886067.1	QIZ20219.1	93.548	93	6	0	1	93	1	93	2.40e-63	182
MDB3886068.1	QIZ20220.1	96.901	484	15	0	1	484	1	484	0.0	968
MDB3886069.1	QIZ20221.1	98.295	645	11	0	1	645	1	645	0.0	1324
MDB3886070.1	QIZ20222.1	99.415	342	2	0	1	342	1	342	0.0	717
MDB3886071.1	QIZ20225.1	96.429	140	5	0	1	140	235	374	2.91e-101	290
MDB3886073.1	QIZ21444.1	85.946	740	104	0	1	740	1	740	0.0	1308
MDB3886074.1	QIZ21443.1	94.366	284	16	0	1	284	1	284	0.0	513
MDB3886075.1	QIZ21442.1	81.446	415	77	0	1	415	1	415	0.0	707
MDB3886076.1	QIZ21441.1	87.258	361	44	2	13	371	13	373	0.0	645
MDB3886077.1	QIZ21440.1	87.017	362	47	0	1	362	1	362	0.0	660
MDB3886078.1	QIZ21439.1	95.361	388	18	0	1	388	1	388	0.0	780
MDB3886079.1	QIZ20715.1	74.319	257	66	0	1	257	1	257	3.49e-141	392
MDB3886080.1	QIZ20717.1	90.019	521	52	0	1	521	1	521	0.0	943
MDB3886081.1	QIZ20718.1	74.483	145	37	0	1	145	1	145	3.49e-74	214
MDB3886082.1	QIZ20719.1	91.341	358	31	0	1	358	1	358	0.0	630
MDB3886083.1	QIZ20720.1	91.626	203	17	0	1	203	1	203	8.66e-137	377
MDB3886084.1	QIZ20721.1	85.099	302	45	0	1	302	1	302	0.0	538
MDB3886085.1	QIZ20722.1	67.658	269	85	1	1	269	1	267	6.46e-130	365
MDB3886086.1	QIZ20723.1	92.558	215	16	0	1	215	1	215	1.17e-152	418
MDB3886087.1	QIZ20724.1	89.109	404	44	0	1	404	1	404	0.0	757
MDB3886088.1	QIZ20725.1	88.526	889	102	0	1	889	1	889	0.0	1625
MDB3886089.1	QIZ20726.1	94.256	383	21	1	1	382	1	383	0.0	727
MDB3886090.1	QIZ20727.1	80.556	180	35	0	1	180	253	432	3.48e-98	286
MDB3886091.1	QIZ20727.1	69.333	225	69	0	2	226	1	225	8.35e-106	308
MDB3886092.1	QIZ20728.1	85.390	308	45	0	1	308	1	308	0.0	521
MDB3886093.1	QIZ20729.1	84.167	120	19	0	1	120	1	120	2.37e-77	220
MDB3886094.1	QIZ20730.1	79.781	183	37	0	1	183	1	183	1.53e-104	294
MDB3886095.1	QIZ20731.1	96.183	131	5	0	1	131	1	131	2.00e-91	256
MDB3886096.1	QIZ20732.1	94.353	425	24	0	1	425	1	425	0.0	827
MDB3886098.1	QIZ20733.1	66.552	290	97	0	1	290	1	290	5.45e-148	412
MDB3886100.1	QIZ20734.1	83.333	180	30	0	1	180	1	180	1.52e-102	288
MDB3886101.1	QIZ20416.1	47.036	253	123	2	9	261	3	244	3.14e-80	238
MDB3886102.1	QIZ20181.1	30.332	211	135	3	15	213	13	223	2.81e-24	92.0
MDB3886103.1	QIZ20311.1	33.333	165	109	1	14	177	40	204	9.03e-25	94.0
MDB3886105.1	QIZ20735.1	60.684	117	44	1	2	118	139	253	1.20e-39	129
MDB3886106.1	QIZ21224.1	90.404	396	38	0	1	396	1	396	0.0	758
MDB3886107.1	QIZ21223.1	83.673	294	48	0	1	294	1	294	0.0	512
MDB3886108.1	QIZ21222.1	27.586	319	216	7	1	316	1	307	7.13e-29	108
MDB3886109.1	QIZ21221.1	82.635	167	29	0	1	167	1	167	1.15e-89	254
MDB3886110.1	QIZ21220.1	87.988	691	83	0	1	691	1	691	0.0	1271
MDB3886111.1	QIZ21219.1	88.119	101	12	0	1	101	1	101	3.36e-64	185
MDB3886112.1	QIZ21218.1	86.468	436	59	0	1	436	1	436	0.0	763
MDB3886113.1	QIZ21217.1	89.888	178	18	0	1	178	1	178	4.41e-122	337
MDB3886114.1	QIZ20953.1	42.568	296	143	9	2	295	3	273	2.94e-62	194
MDB3886115.1	QIZ21216.1	58.763	97	40	0	3	99	2	98	1.32e-44	135
MDB3886116.1	QIZ21215.1	90.047	211	21	0	1	211	1	211	1.53e-143	394
MDB3886117.1	QIZ21214.1	95.238	294	14	0	1	294	1	294	0.0	559
MDB3886118.1	QIZ21213.1	89.116	147	16	0	1	147	1	147	1.02e-99	278
MDB3886119.1	QIZ21212.1	77.273	132	30	0	1	132	1	132	2.14e-76	223
MDB3886120.1	QIZ20698.1	94.850	233	12	0	1	233	160	392	4.62e-165	457
MDB3886121.1	QIZ20697.1	92.258	155	12	0	1	155	28	182	2.44e-106	297
MDB3886122.1	QIZ20696.1	86.957	253	33	0	1	253	1	253	1.07e-169	464
MDB3886123.1	QIZ20695.1	76.129	155	37	0	1	155	1	155	6.19e-70	204
MDB3886124.1	QIZ20694.1	97.548	367	9	0	1	367	1	367	0.0	742
MDB3886125.1	QIZ20693.1	62.360	178	58	1	1	169	1	178	7.22e-77	223
MDB3886126.1	QIZ20692.1	88.391	491	57	0	1	491	1	491	0.0	928
MDB3886127.1	QIZ20691.1	98.915	922	10	0	1	922	1	922	0.0	1914
MDB3886128.1	QIZ20690.1	98.188	552	10	0	1	552	1	552	0.0	1107
MDB3886129.1	QIZ20689.1	80.072	276	55	0	1	276	1	276	2.64e-165	455
MDB3886130.1	QIZ20687.1	96.842	95	3	0	1	95	67	161	7.83e-61	178
MDB3886132.1	QIZ21225.1	75.758	165	40	0	19	183	16	180	1.46e-92	263
MDB3886133.1	QIZ21226.1	75.652	115	28	0	1	115	1	115	7.24e-61	177
MDB3886134.1	QIZ21228.1	93.617	470	30	0	1	470	1	470	0.0	909
MDB3886135.1	QIZ21229.1	87.927	439	53	0	1	439	1	439	0.0	755
MDB3886136.1	QIZ21230.1	88.235	323	38	0	1	323	1	323	0.0	578
MDB3886137.1	QIZ21231.1	91.262	206	18	0	1	206	21	226	2.94e-140	387
MDB3886138.1	QIZ21232.1	89.767	215	22	0	1	215	1	215	1.71e-135	374
MDB3886139.1	QIZ21233.1	95.724	608	26	0	1	608	1	608	0.0	1196
MDB3886140.1	QIZ21234.1	96.641	387	13	0	1	387	1	387	0.0	776
MDB3886141.1	QIZ21454.1	41.477	176	102	1	16	191	17	191	2.63e-36	127
MDB3886142.1	QIZ21453.1	65.888	214	73	0	1	214	1	214	1.06e-84	246
MDB3886143.1	QIZ21452.1	92.801	889	64	0	1	889	1	889	0.0	1711
MDB3886144.1	QIZ21451.1	96.939	196	6	0	1	196	1	196	7.69e-138	379
MDB3886145.1	QIZ21450.1	86.726	113	15	0	1	113	1	113	2.82e-72	206
MDB3886146.1	QIZ21449.1	91.919	396	32	0	1	396	1	396	0.0	754
MDB3886147.1	QIZ20680.1	81.448	221	41	0	4	224	3	223	5.17e-136	381
MDB3886148.1	QIZ20681.1	98.378	370	6	0	1	370	1	370	0.0	761
MDB3886149.1	QIZ20682.1	96.543	405	14	0	1	405	1	405	0.0	818
MDB3886150.1	QIZ20683.1	88.704	301	34	0	1	301	1	301	0.0	511
MDB3886151.1	QIZ20684.1	90.854	164	15	0	1	164	252	415	4.23e-105	303
MDB3886152.1	QIZ21246.1	63.333	90	33	0	1	90	197	286	6.86e-38	124
MDB3886153.1	QIZ21245.1	76.667	60	14	0	1	60	1	60	1.75e-31	99.8
MDB3886154.1	QIZ21244.1	67.458	421	137	0	1	421	1	421	0.0	602
MDB3886155.1	QIZ21243.1	66.848	184	61	0	1	184	1	184	9.30e-79	229
MDB3886156.1	QIZ21242.1	65.426	188	65	0	1	188	193	380	2.32e-84	249
MDB3886158.1	QIZ21445.1	79.343	213	44	0	1	213	1	213	3.27e-124	346
MDB3886159.1	QIZ21446.1	75.771	227	55	0	19	245	19	245	2.92e-125	351
MDB3886160.1	QIZ21447.1	97.973	296	6	0	1	296	1	296	0.0	603
MDB3886161.1	QIZ20636.1	40.800	250	148	0	20	269	19	268	1.87e-55	186
MDB3886162.1	QIZ20642.1	85.746	456	52	4	1	454	1	445	0.0	781
MDB3886164.1	QIZ21239.1	91.045	804	72	0	1	804	28	831	0.0	1506
MDB3886165.1	QIZ20374.1	81.530	379	70	0	1	379	1	379	0.0	648
MDB3886166.1	QIZ20375.1	63.850	213	77	0	2	214	40	252	1.81e-94	272
