MDB4612795.1	QIZ20851.1	33.016	315	185	9	1	309	1	295	3.50e-39	136
MDB4612796.1	QIZ20793.1	69.863	292	88	0	1	292	1	292	3.80e-148	413
MDB4612797.1	QIZ20792.1	95.122	41	2	0	1	41	1	41	3.81e-23	77.4
MDB4612799.1	QIZ20790.1	79.282	362	75	0	1	362	1	362	0.0	580
MDB4612800.1	QIZ20789.1	92.632	95	7	0	1	95	1	95	1.17e-58	171
MDB4612801.1	QIZ20788.1	92.241	464	36	0	2	465	1	464	0.0	871
MDB4612802.1	QIZ20853.1	52.586	232	110	0	1	232	7	238	6.29e-84	245
MDB4612803.1	QIZ20786.1	95.312	64	3	0	1	64	1	64	1.09e-37	115
MDB4612804.1	QIZ20785.1	83.590	195	32	0	1	195	1	195	4.88e-115	321
MDB4612805.1	QIZ20784.1	86.842	76	10	0	1	76	1	76	1.03e-48	144
MDB4612806.1	QIZ20783.1	66.260	246	83	0	1	246	1	246	7.06e-117	330
MDB4612807.1	QIZ20782.1	82.258	186	33	0	1	186	1	186	5.96e-119	330
MDB4612808.1	QIZ20781.1	65.500	200	68	1	6	204	8	207	1.35e-80	235
MDB4612809.1	QIZ20780.1	80.060	336	67	0	1	336	1	336	0.0	554
MDB4612810.1	QIZ20779.1	73.214	392	105	0	1	392	1	392	0.0	583
MDB4612811.1	QIZ20778.1	86.567	335	45	0	1	335	1	335	0.0	599
MDB4612812.1	QIZ20777.1	84.284	649	102	0	1	649	1	649	0.0	1135
MDB4612813.1	QIZ20776.1	61.682	107	41	0	1	107	1	107	1.29e-35	113
MDB4612814.1	QIZ20775.1	75.676	148	36	0	1	148	1	148	8.66e-75	216
MDB4612815.1	QIZ20774.1	55.801	181	80	0	1	181	1	181	4.37e-67	199
MDB4612816.1	QIZ20773.1	75.373	268	66	0	1	268	1	268	2.16e-161	444
MDB4612817.1	QIZ20772.1	83.750	240	39	0	1	240	1	240	1.71e-153	422
MDB4612818.1	QIZ20771.1	85.366	164	24	0	1	164	1	164	1.48e-106	297
MDB4612819.1	QIZ20770.1	83.929	224	36	0	1	224	1	224	2.54e-139	385
MDB4612820.1	QIZ20769.1	92.754	138	10	0	1	138	1	138	3.54e-93	261
MDB4612821.1	QIZ20768.1	68.493	292	69	2	1	292	1	269	1.76e-124	352
MDB4612822.1	QIZ20767.1	87.935	431	52	0	17	447	16	446	0.0	800
MDB4612823.1	QIZ20766.1	84.848	165	19	1	1	165	1	159	3.81e-94	266
MDB4612824.1	QIZ20765.1	73.538	325	75	5	6	330	11	324	4.82e-174	481
MDB4612825.1	QIZ20764.1	51.312	343	165	2	1	341	1	343	2.81e-120	346
MDB4612826.1	QIZ20763.1	81.517	633	112	2	3	635	1	628	0.0	1013
MDB4612827.1	QIZ20762.1	69.394	330	101	0	1	330	20	349	1.27e-152	428
MDB4612828.1	QIZ20761.1	81.716	443	81	0	1	443	1	443	0.0	741
MDB4612829.1	QIZ20760.1	75.556	270	66	0	1	270	1	270	4.44e-146	406
MDB4612830.1	QIZ20759.1	91.163	430	38	0	1	430	1	430	0.0	816
MDB4612831.1	QIZ20758.1	92.833	293	21	0	5	297	1	293	0.0	562
MDB4612832.1	QIZ20757.1	83.591	323	53	0	1	323	1	323	0.0	540
MDB4612834.1	QIZ21199.1	31.278	227	146	3	3	222	5	228	4.02e-33	117
MDB4612835.1	QIZ20756.1	72.258	310	86	0	1	310	1	310	1.46e-159	443
MDB4612836.1	QIZ20755.1	71.795	78	22	0	1	78	1	78	2.27e-32	103
MDB4612837.1	QIZ20754.1	75.862	290	70	0	1	290	1	290	3.50e-154	428
MDB4612838.1	QIZ20753.1	88.697	637	72	0	1	637	1	637	0.0	1184
MDB4612839.1	QIZ20752.1	91.111	360	32	0	1	360	1	360	0.0	671
MDB4612840.1	QIZ20751.1	74.519	208	53	0	1	208	1	208	2.22e-118	330
MDB4612841.1	QIZ20750.1	80.712	337	65	0	1	337	1	337	0.0	555
MDB4612842.1	QIZ20749.1	85.448	268	39	0	1	268	1	268	5.45e-156	431
MDB4612843.1	QIZ20748.1	88.396	293	34	0	1	293	1	293	0.0	553
MDB4612844.1	QIZ20747.1	69.432	687	210	0	1	687	1	687	0.0	949
MDB4612845.1	QIZ20746.1	87.910	885	107	0	1	885	1	885	0.0	1624
MDB4612847.1	QIZ21388.1	90.476	315	30	0	1	315	1	315	0.0	602
MDB4612848.1	QIZ21395.1	96.350	274	10	0	1	274	1	274	0.0	533
MDB4612849.1	QIZ21396.1	91.740	339	28	0	29	367	28	366	0.0	637
MDB4612850.1	QIZ21397.1	92.388	289	22	0	1	289	1	289	0.0	528
MDB4612851.1	QIZ21398.1	81.967	61	11	0	1	61	1	61	2.06e-33	104
MDB4612852.1	QIZ21399.1	76.110	473	107	5	1	469	1	471	0.0	689
MDB4612853.1	QIZ21400.1	60.870	299	117	0	1	299	1	299	3.04e-116	333
MDB4612854.1	QIZ21401.1	92.177	588	46	0	1	588	1	588	0.0	1100
MDB4612855.1	QIZ21402.1	90.110	182	18	0	1	182	1	182	2.97e-120	333
MDB4612856.1	QIZ21403.1	85.588	340	48	1	1	340	1	339	0.0	610
MDB4612860.1	QIZ20556.1	38.627	233	128	6	318	545	40	262	2.95e-42	150
MDB4612860.1	QIZ20556.1	33.333	255	148	7	19	270	41	276	3.32e-34	128
MDB4612861.1	QIZ21404.1	83.556	523	83	2	1	523	1	520	0.0	911
MDB4612862.1	QIZ21405.1	91.124	338	30	0	7	344	8	345	0.0	629
MDB4612863.1	QIZ21406.1	54.035	285	123	5	1	279	1	283	8.22e-96	284
MDB4612864.1	QIZ21407.1	51.205	166	81	0	1	166	1	166	6.44e-44	139
MDB4612865.1	QIZ21408.1	66.977	645	193	2	1	625	1	645	0.0	920
MDB4612866.1	QIZ21409.1	69.536	151	46	0	1	151	87	237	9.34e-74	221
MDB4612867.1	QIZ21409.1	77.612	134	30	0	1	134	240	373	8.19e-61	187
MDB4612868.1	QIZ21410.1	80.861	209	40	0	1	209	1	209	1.12e-126	359
MDB4612869.1	QIZ21410.1	88.152	211	25	0	6	216	202	412	9.18e-140	393
MDB4612870.1	QIZ21411.1	47.719	285	149	0	5	289	15	299	1.25e-95	280
MDB4612871.1	QIZ21412.1	85.489	317	46	0	1	317	1	317	0.0	567
MDB4612872.1	QIZ21413.1	89.562	297	31	0	1	297	1	297	0.0	555
MDB4612873.1	QIZ21414.1	86.992	123	16	0	1	123	1	123	1.26e-79	226
MDB4612874.1	QIZ21415.1	86.905	84	11	0	1	84	1	84	6.81e-53	155
MDB4612875.1	QIZ21416.1	91.837	98	8	0	1	98	1	98	8.93e-65	186
MDB4612876.1	QIZ21417.1	84.804	204	31	0	1	204	1	204	3.13e-115	322
MDB4612877.1	QIZ21418.1	84.504	413	62	1	1	411	1	413	0.0	739
MDB4612878.1	QIZ21419.1	85.859	297	42	0	1	297	1	297	0.0	516
MDB4612879.1	QIZ21420.1	71.633	349	98	1	3	350	2	350	0.0	520
MDB4612880.1	QIZ21421.1	83.740	246	40	0	1	246	1	246	1.94e-157	432
MDB4612881.1	QIZ21422.1	89.272	261	28	0	1	261	1	261	3.05e-173	474
MDB4612882.1	QIZ21423.1	92.735	234	17	0	1	234	1	234	2.88e-163	446
MDB4612883.1	QIZ21424.1	87.850	107	13	0	1	107	1	107	4.18e-64	185
MDB4612884.1	QIZ21425.1	85.479	303	44	0	1	303	1	303	0.0	533
MDB4612887.1	QIZ21426.1	85.385	260	38	0	3	262	5	264	1.75e-164	452
MDB4612888.1	QIZ21427.1	88.511	235	27	0	1	235	1	235	4.17e-147	405
MDB4612889.1	QIZ21428.1	94.345	336	19	0	1	336	1	336	0.0	636
MDB4612890.1	QIZ21429.1	90.745	443	41	0	14	456	1	443	0.0	788
MDB4612891.1	QIZ21431.1	80.159	252	50	0	1	252	1	252	3.24e-138	384
MDB4612892.1	QIZ21432.1	91.184	397	34	1	1	396	1	397	0.0	698
MDB4612893.1	QIZ21433.1	83.860	285	46	0	1	285	1	285	7.92e-172	472
MDB4612894.1	QIZ21434.1	76.626	492	115	0	1	492	1	492	0.0	807
MDB4612895.1	QIZ21435.1	51.681	238	112	2	22	256	21	258	1.95e-87	256
MDB4612896.1	QIZ21436.1	91.282	195	17	0	1	195	1	195	8.09e-134	369
MDB4612898.1	QIZ20511.1	29.706	579	374	11	8	562	4	573	1.23e-74	244
MDB4612899.1	QIZ21437.1	76.093	389	92	1	1	389	1	388	0.0	657
MDB4612901.1	QIZ20216.1	58.360	317	131	1	1	316	1	317	2.70e-129	367
MDB4612902.1	QIZ20495.1	43.561	528	295	3	3	527	4	531	2.88e-146	426
MDB4612909.1	QIZ20592.1	33.597	253	152	6	6	256	5	243	1.09e-40	136
MDB4612910.1	QIZ20556.1	45.401	337	180	2	2	334	3	339	2.26e-106	311
MDB4612911.1	QIZ20555.1	41.509	265	151	3	57	321	236	496	6.45e-58	191
MDB4612916.1	QIZ21448.1	62.395	476	178	1	1	475	1	476	0.0	597
MDB4612917.1	QIZ20490.1	27.536	276	179	3	3	264	5	273	1.79e-28	107
MDB4612918.1	QIZ21438.1	65.560	241	83	0	5	245	5	245	4.73e-119	335
MDB4612919.1	QIZ21439.1	82.732	388	67	0	1	388	1	388	0.0	684
MDB4612920.1	QIZ21440.1	87.187	359	46	0	3	361	4	362	0.0	663
MDB4612921.1	QIZ21441.1	87.637	364	41	2	13	375	13	373	0.0	657
MDB4612922.1	QIZ21442.1	85.301	415	61	0	1	415	1	415	0.0	738
MDB4612923.1	QIZ21443.1	93.662	284	18	0	1	284	1	284	0.0	512
MDB4612924.1	QIZ20975.1	37.436	390	216	7	5	371	9	393	6.18e-71	223
MDB4612925.1	QIZ21444.1	88.514	740	85	0	1	740	1	740	0.0	1342
MDB4612926.1	QIZ21445.1	70.283	212	63	0	1	212	1	212	1.56e-108	306
MDB4612927.1	QIZ21446.1	64.317	227	76	1	19	240	19	245	3.60e-105	300
MDB4612928.1	QIZ21447.1	96.865	319	10	0	1	319	1	319	0.0	644
MDB4612929.1	QIZ21448.1	93.515	478	31	0	1	478	1	478	0.0	914
MDB4612930.1	QIZ21449.1	92.677	396	29	0	1	396	1	396	0.0	758
MDB4612931.1	QIZ21450.1	88.496	113	13	0	1	113	1	113	1.59e-74	212
MDB4612932.1	QIZ21451.1	54.315	197	89	1	1	197	1	196	4.57e-72	213
MDB4612933.1	QIZ21452.1	88.414	889	103	0	1	889	1	889	0.0	1641
MDB4612934.1	QIZ21453.1	52.336	214	102	0	1	214	1	214	4.45e-67	201
MDB4612935.1	QIZ21454.1	42.067	416	239	2	14	427	17	432	3.80e-106	317
MDB4612936.1	QIZ21455.1	79.577	142	29	0	1	142	1	142	6.02e-83	236
MDB4612937.1	QIZ21456.1	74.000	350	91	0	1	350	1	350	0.0	500
MDB4612938.1	QIZ21457.1	72.662	139	38	0	1	139	1	139	9.77e-80	227
MDB4612939.1	QIZ21458.1	70.127	472	141	0	1	472	1	472	0.0	697
MDB4612940.1	QIZ21459.1	58.630	365	151	0	10	374	10	374	7.89e-164	459
MDB4612941.1	QIZ21460.1	72.093	172	48	0	1	172	270	441	5.87e-91	268
MDB4612942.1	QIZ21460.1	88.060	268	32	0	1	268	1	268	4.35e-180	498
MDB4612943.1	QIZ21461.1	75.587	426	104	0	10	435	14	439	0.0	600
MDB4612944.1	QIZ21462.1	63.291	79	28	1	2	79	149	227	3.95e-29	99.4
MDB4612945.1	QIZ21462.1	77.099	131	30	0	11	141	11	141	4.28e-72	211
MDB4612946.1	QIZ21463.1	71.233	292	84	0	1	292	1	292	1.87e-157	436
MDB4612948.1	QIZ21464.1	87.838	74	9	0	1	74	1	74	2.21e-46	138
MDB4612949.1	QIZ21465.1	94.206	466	27	0	1	466	1	466	0.0	897
MDB4612950.1	QIZ21466.1	93.162	117	8	0	21	137	17	133	5.36e-82	233
MDB4612951.1	QIZ21467.1	95.359	474	17	1	1	469	1	474	0.0	939
MDB4612952.1	QIZ21468.1	94.366	284	16	0	1	284	1	284	0.0	551
MDB4612953.1	QIZ21469.1	95.541	314	14	0	1	314	1	314	0.0	625
MDB4612954.1	QIZ21470.1	94.070	489	29	0	1	489	1	489	0.0	981
MDB4612955.1	QIZ21471.1	88.688	442	50	0	1	442	1	442	0.0	833
MDB4612956.1	QIZ21472.1	85.714	112	16	0	5	116	4	115	1.68e-68	197
MDB4612957.1	QIZ21473.1	89.677	775	80	0	1	775	1	775	0.0	1472
MDB4612958.1	QIZ21474.1	93.631	314	20	0	1	314	1	314	0.0	614
MDB4612959.1	QIZ21475.1	65.986	147	50	0	1	147	1	147	4.22e-66	194
MDB4612960.1	QIZ21476.1	73.600	125	32	1	1	125	1	124	1.46e-64	188
MDB4612961.1	QIZ21477.1	75.843	178	43	0	6	183	6	183	1.31e-87	251
MDB4612962.1	QIZ21478.1	89.181	342	37	0	1	342	1	342	0.0	629
MDB4612963.1	QIZ21479.1	89.261	717	77	0	1	717	1	717	0.0	1293
MDB4612964.1	QIZ21480.1	88.262	443	52	0	1	443	1	443	0.0	831
MDB4612966.1	QIZ21481.1	78.655	342	73	0	1	342	1	342	0.0	556
MDB4612967.1	QIZ21483.1	92.248	387	30	0	1	387	1	387	0.0	739
MDB4612968.1	QIZ21484.1	87.452	263	33	0	1	263	1	263	1.54e-175	479
MDB4612969.1	QIZ21485.1	95.544	561	25	0	1	561	1	561	0.0	1096
MDB4612970.1	QIZ21486.1	95.215	418	20	0	1	418	1	418	0.0	827
MDB4612971.1	QIZ21487.1	93.182	88	6	0	1	88	1	88	5.67e-62	178
MDB4612972.1	QIZ21488.1	91.082	998	89	0	1	998	1	998	0.0	1915
MDB4612973.1	QIZ21489.1	61.026	195	76	0	1	195	1	195	6.95e-90	257
MDB4612974.1	QIZ21490.1	74.113	282	73	0	1	282	1	282	1.17e-155	431
MDB4612976.1	QIZ21492.1	61.429	140	54	0	7	146	7	146	1.01e-61	182
MDB4612977.1	QIZ21493.1	74.494	247	63	0	1	247	1	247	1.66e-127	357
MDB4612978.1	QIZ21494.1	66.957	115	38	0	1	115	1	115	1.03e-58	172
MDB4612979.1	QIZ21496.1	98.529	68	1	0	1	68	1	68	8.57e-47	139
MDB4612980.1	QIZ21497.1	79.866	149	30	0	1	149	1	149	4.80e-88	249
MDB4612981.1	QIZ21498.1	77.177	333	75	1	16	348	16	347	0.0	530
MDB4612982.1	QIZ21499.1	80.982	163	31	0	1	163	1	163	4.25e-91	258
MDB4612983.1	QIZ21500.1	81.308	321	60	0	1	321	1	321	0.0	562
MDB4612984.1	QIZ21501.1	78.506	549	118	0	1	549	1	549	0.0	907
MDB4612985.1	QIZ21502.1	55.172	203	91	0	1	203	1	203	1.05e-79	232
MDB4612987.1	QIZ21503.1	85.635	181	26	0	1	181	1	181	4.49e-113	315
MDB4612988.1	QIZ21504.1	96.018	452	18	0	1	452	1	452	0.0	909
MDB4612989.1	QIZ21505.1	87.603	242	30	0	1	242	1	242	5.62e-160	439
MDB4612990.1	QIZ21506.1	74.485	388	99	0	54	441	10	397	0.0	639
MDB4612991.1	QIZ21507.1	78.358	134	29	0	1	134	1	134	6.60e-78	222
MDB4612992.1	QIZ21508.1	88.710	124	14	0	1	124	1	124	5.47e-85	239
MDB4612993.1	QIZ21509.1	84.436	257	40	0	3	259	5	261	5.03e-163	448
MDB4612994.1	QIZ21482.1	75.410	61	15	0	10	70	3	63	1.50e-31	100
MDB4612995.1	QIZ21510.1	51.515	132	64	0	3	134	9	140	4.78e-47	145
MDB4612999.1	QIZ21511.1	89.362	141	15	0	1	141	1	141	9.55e-95	267
MDB4613000.1	QIZ21512.1	63.235	136	50	0	22	157	31	166	4.01e-60	179
MDB4613001.1	QIZ21513.1	89.506	810	84	1	1	809	1	810	0.0	1506
MDB4613002.1	QIZ21514.1	83.936	249	40	0	1	249	1	249	1.00e-157	433
MDB4613003.1	QIZ21515.1	84.227	317	50	0	1	317	1	317	0.0	567
MDB4613004.1	QIZ21516.1	90.730	356	33	0	1	356	1	356	0.0	675
MDB4613005.1	QIZ21024.1	78.979	333	70	0	1	333	1	333	0.0	548
MDB4613006.1	QIZ21023.1	76.667	180	41	1	1	179	1	180	1.25e-100	283
MDB4613008.1	QIZ21022.1	63.363	333	121	1	1	333	1	332	2.60e-153	429
MDB4613009.1	QIZ21021.1	53.906	128	59	0	1	128	1	128	9.74e-50	150
MDB4613010.1	QIZ21020.1	88.971	136	15	0	1	136	1	136	2.95e-88	248
MDB4613011.1	QIZ21019.1	71.749	446	122	1	1	442	10	455	0.0	652
MDB4613012.1	QIZ21018.1	87.805	328	40	0	1	328	1	328	0.0	594
MDB4613013.1	QIZ21017.1	61.184	152	59	0	1	152	1	152	6.30e-53	160
MDB4613014.1	QIZ21016.1	59.719	499	201	0	16	514	19	517	0.0	550
MDB4613015.1	QIZ21015.1	88.175	389	46	0	1	389	1	389	0.0	700
MDB4613016.1	QIZ21014.1	91.132	530	47	0	1	530	1	530	0.0	961
MDB4613017.1	QIZ21013.1	81.402	742	123	4	3	738	4	736	0.0	1195
MDB4613018.1	QIZ21012.1	83.607	122	20	0	1	122	1	122	1.99e-73	210
MDB4613019.1	QIZ21011.1	86.585	82	11	0	1	82	1	82	4.01e-47	140
MDB4613020.1	QIZ21010.1	95.652	690	30	0	1	690	1	690	0.0	1350
MDB4613022.1	QIZ21008.1	91.188	261	23	0	1	261	1	261	0.0	501
MDB4613023.1	QIZ21007.1	95.533	403	18	0	1	403	1	403	0.0	805
MDB4613024.1	QIZ21006.1	89.759	166	17	0	1	166	1	166	3.23e-112	311
MDB4613025.1	QIZ21005.1	77.037	135	31	0	7	141	7	141	4.03e-77	221
MDB4613026.1	QIZ21004.1	96.350	137	5	0	1	137	1	137	6.15e-97	271
MDB4613027.1	QIZ21003.1	88.713	443	50	0	1	443	1	443	0.0	834
MDB4613028.1	QIZ21002.1	73.469	196	52	0	1	196	1	196	9.70e-113	315
MDB4613029.1	QIZ21001.1	65.035	143	50	0	4	146	6	148	5.51e-70	203
MDB4613030.1	QIZ21000.1	66.400	250	84	0	1	250	1	250	1.63e-122	345
MDB4613031.1	QIZ20999.1	78.621	145	31	0	1	145	1	145	3.98e-84	239
MDB4613032.1	QIZ20998.1	72.818	401	107	1	1	399	1	401	0.0	603
MDB4613033.1	QIZ20997.1	82.759	522	90	0	1	522	1	522	0.0	885
MDB4613034.1	QIZ20996.1	80.687	233	45	0	1	233	1	233	2.00e-143	396
MDB4613035.1	QIZ20995.1	63.066	287	106	0	1	287	1	287	1.05e-116	333
MDB4613036.1	QIZ20994.1	83.721	86	14	0	1	86	1	86	1.18e-47	142
MDB4613037.1	QIZ20993.1	82.051	468	80	2	7	474	7	470	0.0	789
MDB4613038.1	QIZ20992.1	92.973	370	26	0	1	370	1	370	0.0	702
MDB4613039.1	QIZ20991.1	73.820	233	61	0	1	233	1	233	9.28e-123	343
MDB4613040.1	QIZ20990.1	70.792	404	118	0	1	404	1	404	0.0	574
MDB4613041.1	QIZ20989.1	81.818	451	82	0	1	451	1	451	0.0	751
MDB4613042.1	QIZ20988.1	59.064	171	68	1	1	169	1	171	6.49e-70	205
MDB4613043.1	QIZ20987.1	79.104	67	14	0	1	67	1	67	4.60e-26	86.7
MDB4613044.1	QIZ20986.1	66.981	212	70	0	1	212	1	212	4.46e-112	315
MDB4613045.1	QIZ20985.1	87.097	186	24	0	4	189	3	188	3.72e-125	346
MDB4613046.1	QIZ20984.1	83.616	177	29	0	1	177	1	177	1.33e-101	286
MDB4613047.1	QIZ20983.1	57.047	149	64	0	12	160	10	158	1.89e-54	165
MDB4613048.1	QIZ20982.1	66.667	198	66	0	1	198	1	198	2.56e-94	269
MDB4613049.1	QIZ20981.1	58.232	577	230	4	1	576	1	567	0.0	629
MDB4613050.1	QIZ20980.1	84.279	229	33	1	72	297	76	304	9.06e-137	385
MDB4613051.1	QIZ20979.1	85.185	108	16	0	1	108	1	108	3.11e-66	191
MDB4613052.1	QIZ20978.1	62.963	135	49	1	2	135	4	138	2.26e-54	163
MDB4613053.1	QIZ20977.1	79.875	800	160	1	1	800	3	801	0.0	1322
MDB4613054.1	QIZ21085.1	24.765	638	429	16	37	645	58	673	5.69e-43	160
MDB4613055.1	QIZ20976.1	89.362	141	15	0	1	141	1	141	6.42e-95	266
MDB4613056.1	QIZ20974.1	92.490	1012	75	1	1	1011	1	1012	0.0	1976
MDB4613057.1	QIZ20973.1	69.606	431	113	3	1	421	1	423	0.0	612
MDB4613058.1	QIZ20972.1	75.254	295	73	0	1	295	1	295	8.71e-162	447
MDB4613059.1	QIZ20971.1	64.583	240	84	1	1	239	1	240	1.15e-110	315
MDB4613060.1	QIZ20970.1	86.430	479	65	0	1	479	1	479	0.0	842
MDB4613061.1	QIZ20969.1	81.600	1500	276	0	1	1500	1	1500	0.0	2591
MDB4613062.1	QIZ20967.1	71.138	246	71	0	1	246	1	246	8.64e-120	337
MDB4613063.1	QIZ20966.1	77.344	384	87	0	1	384	1	384	0.0	601
MDB4613064.1	QIZ20965.1	87.147	638	82	0	1	638	1	638	0.0	1186
MDB4613065.1	QIZ20964.1	91.160	181	16	0	1	181	1	181	1.24e-124	344
MDB4613066.1	QIZ20963.1	98.529	68	1	0	1	68	1	68	3.34e-44	132
MDB4613067.1	QIZ20962.1	94.068	118	7	0	1	118	1	118	3.36e-80	227
MDB4613068.1	QIZ20961.1	86.197	355	49	0	1	355	1	355	0.0	649
MDB4613069.1	QIZ20960.1	72.319	802	222	0	1	802	1	802	0.0	1149
MDB4613070.1	QIZ20959.1	91.973	598	48	0	1	598	4	601	0.0	1139
MDB4613073.1	QIZ20953.1	38.603	272	153	7	1	262	1	268	5.72e-44	146
MDB4613075.1	QIZ20952.1	88.047	686	81	1	1	686	1	685	0.0	1251
MDB4613076.1	QIZ20951.1	68.310	426	135	0	1	426	1	426	0.0	582
MDB4613077.1	QIZ20950.1	69.205	604	179	4	1	599	1	602	0.0	833
MDB4613078.1	QIZ20949.1	92.284	324	25	0	1	324	1	324	0.0	635
MDB4613079.1	QIZ20948.1	78.857	175	37	0	1	175	1	175	1.68e-106	298
MDB4613080.1	QIZ20947.1	68.605	86	27	0	1	86	10	95	4.19e-36	113
MDB4613081.1	QIZ20946.1	66.120	366	124	0	1	366	1	366	2.69e-164	460
MDB4613082.1	QIZ20945.1	61.765	170	65	0	1	170	1	170	6.20e-73	213
MDB4613084.1	QIZ20944.1	56.514	591	248	4	1	587	1	586	0.0	617
MDB4613085.1	QIZ20943.1	81.977	172	30	1	1	171	1	172	1.81e-103	290
MDB4613086.1	QIZ20942.1	68.525	305	96	0	1	305	1	305	2.16e-158	440
MDB4613087.1	QIZ20941.1	70.325	246	73	0	1	246	1	246	1.41e-132	370
MDB4613088.1	QIZ20940.1	83.226	155	26	0	1	155	1	155	3.54e-98	276
MDB4613089.1	QIZ20939.1	80.259	309	61	0	1	309	1	309	0.0	527
MDB4613090.1	QIZ20937.1	78.125	384	84	0	1	384	1	384	0.0	634
MDB4613091.1	QIZ20936.1	75.000	276	68	1	1	276	1	275	3.12e-159	439
MDB4613092.1	QIZ20935.1	86.878	221	29	0	1	221	1	221	5.59e-147	404
MDB4613093.1	QIZ20934.1	70.139	288	86	0	1	288	1	288	1.92e-145	405
MDB4613094.1	QIZ20933.1	74.194	558	143	1	1	557	1	558	0.0	895
MDB4613095.1	QIZ20932.1	67.470	83	27	0	1	83	1	83	2.68e-37	115
MDB4613096.1	QIZ20931.1	78.947	114	23	1	1	113	1	114	1.35e-56	167
MDB4613098.1	QIZ20929.1	65.833	240	81	1	1	240	1	239	8.77e-112	317
MDB4613099.1	QIZ20928.1	87.692	65	8	0	1	65	1	65	6.81e-29	93.6
MDB4613100.1	QIZ20927.1	75.676	185	44	1	1	184	1	185	6.61e-99	280
MDB4613101.1	QIZ20926.1	80.576	417	81	0	1	417	1	417	0.0	674
MDB4613102.1	QIZ20925.1	71.318	129	37	0	1	129	1	129	3.75e-65	190
MDB4613103.1	QIZ20924.1	82.201	427	76	0	1	427	2	428	0.0	698
MDB4613104.1	QIZ20923.1	84.507	71	11	0	1	71	1	71	1.79e-41	125
MDB4613105.1	QIZ21496.1	67.692	65	21	0	3	67	2	66	1.17e-29	95.9
MDB4613106.1	QIZ20922.1	64.668	467	160	4	1	464	1	465	0.0	593
MDB4613107.1	QIZ20921.1	47.143	350	180	3	1	349	1	346	1.62e-111	324
MDB4613108.1	QIZ20920.1	51.092	229	111	1	1	229	1	228	1.12e-77	229
MDB4613115.1	QIZ20915.1	30.514	934	493	31	110	924	122	1018	3.70e-99	332
MDB4613116.1	QIZ20911.1	75.543	184	44	1	1	184	1	183	9.14e-107	300
MDB4613117.1	QIZ20910.1	54.867	113	51	0	13	125	13	125	1.80e-46	142
MDB4613121.1	QIZ20908.1	47.619	231	114	3	1	224	1	231	1.35e-68	206
MDB4613123.1	QIZ20898.1	33.954	483	304	6	4	485	5	473	2.47e-93	287
MDB4613125.1	QIZ20897.1	57.944	107	42	2	1	105	1	106	1.43e-40	125
MDB4613126.1	QIZ20896.1	47.653	426	215	7	1	422	1	422	3.25e-135	390
MDB4613127.1	QIZ20895.1	73.701	308	81	0	1	308	1	308	0.0	498
MDB4613128.1	QIZ20894.1	82.510	263	46	0	3	265	2	264	3.00e-152	421
MDB4613129.1	QIZ20893.1	86.275	408	56	0	1	408	1	408	0.0	743
MDB4613130.1	QIZ20892.1	69.458	203	62	0	1	203	1	203	5.28e-101	286
MDB4613131.1	QIZ20891.1	84.783	230	35	0	1	230	1	230	5.75e-146	402
MDB4613132.1	QIZ20890.1	90.526	95	9	0	1	95	1	95	5.32e-61	176
MDB4613133.1	QIZ20889.1	83.854	576	92	1	1	575	1	576	0.0	996
MDB4613134.1	QIZ20887.1	68.204	412	130	1	20	430	20	431	0.0	547
MDB4613135.1	QIZ20886.1	58.527	258	106	1	1	258	1	257	7.03e-106	303
MDB4613137.1	QIZ20884.1	71.704	311	87	1	12	321	13	323	6.32e-161	447
MDB4613138.1	QIZ20883.1	83.251	203	34	0	1	203	1	203	1.21e-128	356
MDB4613139.1	QIZ20882.1	76.656	317	74	0	1	317	1	317	0.0	520
MDB4613140.1	QIZ20881.1	80.723	166	30	2	1	164	1	166	1.95e-97	274
MDB4613141.1	QIZ20879.1	81.558	385	71	0	1	385	1	385	0.0	623
MDB4613142.1	QIZ20878.1	78.317	309	67	0	1	309	1	309	0.0	498
MDB4613143.1	QIZ20877.1	72.626	179	49	0	1	179	11	189	4.28e-99	280
MDB4613144.1	QIZ20876.1	67.213	244	78	1	2	243	3	246	4.98e-111	315
MDB4613145.1	QIZ20875.1	81.159	276	52	0	1	276	1	276	1.70e-171	471
MDB4613146.1	QIZ20874.1	71.964	560	147	4	1	553	1	557	0.0	784
MDB4613147.1	QIZ20873.1	82.857	105	18	0	1	105	1	105	3.41e-60	175
MDB4613148.1	QIZ20872.1	85.714	203	29	0	1	203	1	203	2.55e-128	355
MDB4613149.1	QIZ20871.1	77.671	730	153	2	1	720	4	733	0.0	1186
MDB4613150.1	QIZ20870.1	77.989	368	77	1	1	364	1	368	0.0	584
MDB4613151.1	QIZ20869.1	76.842	855	190	2	1	854	1	848	0.0	1327
MDB4613152.1	QIZ20868.1	70.670	433	127	0	1	433	1	433	0.0	631
MDB4613153.1	QIZ20867.1	62.069	145	50	2	1	142	1	143	2.34e-54	163
MDB4613154.1	QIZ20866.1	72.385	239	66	0	1	239	1	239	8.29e-129	360
MDB4613155.1	QIZ20865.1	75.434	403	99	0	1	403	1	403	0.0	630
MDB4613156.1	QIZ20864.1	88.798	366	41	0	1	366	1	366	0.0	671
MDB4613157.1	QIZ20863.1	85.714	357	51	0	1	357	1	357	0.0	602
MDB4613158.1	QIZ20862.1	61.429	280	108	0	1	280	1	280	5.82e-119	338
MDB4613159.1	QIZ20861.1	57.143	119	34	3	4	117	16	122	5.81e-37	119
MDB4613160.1	QIZ20860.1	67.250	400	130	1	30	428	33	432	0.0	548
MDB4613176.1	QIZ20851.1	32.343	303	188	7	4	301	6	296	1.17e-36	130
MDB4613182.1	QIZ20846.1	35.391	243	148	4	40	281	36	270	2.55e-36	129
MDB4613184.1	QIZ20829.1	32.738	336	219	4	32	365	40	370	9.60e-47	159
MDB4613185.1	QIZ20837.1	29.630	594	362	14	4	560	11	585	3.41e-47	169
MDB4613196.1	QIZ21196.1	81.472	394	71	1	1	394	1	392	0.0	672
MDB4613197.1	QIZ21195.1	90.202	347	34	0	1	347	1	347	0.0	639
MDB4613198.1	QIZ21194.1	93.471	291	19	0	1	291	1	291	0.0	536
MDB4613199.1	QIZ21193.1	80.000	180	36	0	1	180	1	180	4.75e-102	287
MDB4613200.1	QIZ21192.1	86.598	97	13	0	1	97	1	97	4.60e-49	147
MDB4613201.1	QIZ21191.1	70.794	315	92	0	1	315	1	315	1.76e-164	457
MDB4613202.1	QIZ21190.1	84.808	520	79	0	1	520	6	525	0.0	910
MDB4613203.1	QIZ21189.1	79.626	481	96	1	1	479	1	481	0.0	732
MDB4613204.1	QIZ21188.1	88.646	458	52	0	1	458	1	458	0.0	765
MDB4613205.1	QIZ21187.1	68.548	248	78	0	1	248	1	248	4.61e-116	328
MDB4613206.1	QIZ21186.1	70.805	298	87	0	1	298	1	298	9.87e-154	427
MDB4613207.1	QIZ21185.1	69.359	359	110	0	1	359	1	359	0.0	529
MDB4613208.1	QIZ21184.1	76.216	370	88	0	1	370	1	370	0.0	608
MDB4613209.1	QIZ21183.1	74.619	197	50	0	1	197	1	197	4.73e-108	303
MDB4613210.1	QIZ21182.1	71.548	239	68	0	5	243	1	239	2.82e-129	361
MDB4613211.1	QIZ21181.1	79.851	134	24	1	1	131	1	134	3.15e-77	221
MDB4613212.1	QIZ21180.1	95.238	84	4	0	1	84	1	84	4.89e-54	158
MDB4613213.1	QIZ21179.1	77.982	327	72	0	1	327	1	327	0.0	512
MDB4613214.1	QIZ21178.1	75.272	368	91	0	1	368	1	368	0.0	563
MDB4613215.1	QIZ21177.1	79.327	416	86	0	1	416	1	416	0.0	651
MDB4613216.1	QIZ21176.1	65.896	173	59	0	1	173	8	180	1.52e-76	222
MDB4613217.1	QIZ21175.1	81.034	116	22	0	1	116	1	116	5.89e-66	191
MDB4613218.1	QIZ21174.1	82.073	357	64	0	23	379	23	379	0.0	605
MDB4613219.1	QIZ21173.1	72.152	158	44	0	1	158	1	158	1.33e-84	241
MDB4613220.1	QIZ21172.1	80.000	130	26	0	1	130	1	130	6.39e-73	209
MDB4613221.1	QIZ21171.1	95.127	472	23	0	1	472	1	472	0.0	916
MDB4613222.1	QIZ21170.1	87.285	291	37	0	1	291	1	291	0.0	525
MDB4613223.1	QIZ21169.1	93.738	511	32	0	1	511	1	511	0.0	983
MDB4613224.1	QIZ21168.1	72.973	185	50	0	1	185	1	185	6.73e-93	264
MDB4613225.1	QIZ21167.1	81.260	651	122	0	1	651	1	651	0.0	1103
MDB4613227.1	QIZ21166.1	84.979	466	70	0	1	466	1	466	0.0	818
MDB4613228.1	QIZ21165.1	80.410	439	72	4	1	439	1	425	0.0	703
MDB4613229.1	QIZ21164.1	83.110	971	161	2	1	971	1	968	0.0	1702
MDB4613230.1	QIZ21163.1	91.409	291	25	0	1	291	1	291	0.0	512
MDB4613231.1	QIZ21162.1	88.342	386	45	0	1	386	1	386	0.0	697
MDB4613232.1	QIZ21161.1	94.688	320	17	0	1	320	1	320	0.0	610
MDB4613233.1	QIZ21160.1	93.159	497	34	0	1	497	1	497	0.0	970
MDB4613234.1	QIZ21159.1	87.446	231	29	0	1	231	27	257	5.23e-158	434
MDB4613235.1	QIZ21158.1	92.386	591	44	1	1	591	1	590	0.0	1152
MDB4613236.1	QIZ21157.1	64.815	108	38	0	1	108	1	108	1.19e-39	124
MDB4613237.1	QIZ21156.1	71.654	127	36	0	1	127	1	127	1.20e-64	188
MDB4613238.1	QIZ21155.1	77.039	331	76	0	1	331	1	331	0.0	532
MDB4613239.1	QIZ21154.1	82.927	369	63	0	1	369	1	369	0.0	629
MDB4613240.1	QIZ21153.1	65.504	258	89	0	1	258	1	258	2.82e-134	375
MDB4613241.1	QIZ21152.1	78.026	537	118	0	1	537	1	537	0.0	905
MDB4613242.1	QIZ21151.1	82.964	587	100	0	1	587	1	587	0.0	1034
MDB4613243.1	QIZ21150.1	93.478	368	24	0	1	368	1	368	0.0	687
MDB4613244.1	QIZ21149.1	86.567	201	27	0	1	201	9	209	1.39e-130	361
MDB4613245.1	QIZ21148.1	89.293	467	50	0	1	467	1	467	0.0	873
MDB4613246.1	QIZ21146.1	82.895	228	39	0	1	228	1	228	2.47e-148	408
MDB4613247.1	QIZ21145.1	73.649	148	39	0	1	148	1	148	2.68e-63	187
MDB4613248.1	QIZ21144.1	89.823	452	46	0	1	452	1	452	0.0	794
MDB4613249.1	QIZ21143.1	75.182	274	68	0	1	274	1	274	4.56e-143	399
MDB4613250.1	QIZ21142.1	84.262	305	48	0	1	305	1	305	0.0	528
MDB4613251.1	QIZ21141.1	68.449	187	59	0	1	187	1	187	1.94e-93	266
MDB4613252.1	QIZ21140.1	68.504	254	80	0	19	272	19	272	6.02e-139	388
MDB4613253.1	QIZ21139.1	78.425	292	63	0	1	292	1	292	4.11e-158	439
MDB4613254.1	QIZ21137.1	72.851	442	120	0	1	442	1	442	0.0	637
MDB4613255.1	QIZ21136.1	94.260	453	26	0	1	453	1	453	0.0	823
MDB4613256.1	QIZ21135.1	86.598	194	26	0	1	194	2	195	1.27e-128	355
MDB4613257.1	QIZ21134.1	92.746	386	26	2	1	385	1	385	0.0	713
MDB4613258.1	QIZ21133.1	84.314	357	56	0	1	357	1	357	0.0	630
MDB4613259.1	QIZ21132.1	83.287	359	60	0	1	359	1	359	0.0	600
MDB4613260.1	QIZ21131.1	94.681	282	15	0	1	282	1	282	0.0	531
MDB4613261.1	QIZ21130.1	96.154	286	11	0	1	286	1	286	0.0	550
MDB4613262.1	QIZ21129.1	94.141	512	29	1	1	512	1	511	0.0	995
MDB4613263.1	QIZ21128.1	92.068	353	28	0	1	353	1	353	0.0	665
MDB4613264.1	QIZ21127.1	70.994	362	103	1	1	362	1	360	0.0	503
MDB4613265.1	QIZ21126.1	76.309	401	92	1	1	401	1	398	0.0	561
MDB4613266.1	QIZ21125.1	90.536	317	30	0	1	317	1	317	0.0	590
MDB4613269.1	QIZ21124.1	33.732	418	270	5	57	471	41	454	3.23e-77	245
MDB4613270.1	QIZ21123.1	90.155	386	38	0	1	386	1	386	0.0	709
MDB4613271.1	QIZ21122.1	88.512	383	44	0	1	383	1	383	0.0	732
MDB4613272.1	QIZ21120.1	58.108	148	62	0	19	166	22	169	3.93e-65	192
MDB4613273.1	QIZ21119.1	69.565	92	28	0	5	96	25	116	2.05e-40	126
MDB4613274.1	QIZ21118.1	49.711	173	86	1	1	172	1	173	1.68e-60	181
MDB4613275.1	QIZ21117.1	68.801	609	189	1	1	608	1	609	0.0	830
MDB4613276.1	QIZ21116.1	78.986	138	29	0	1	138	1	138	3.64e-78	223
MDB4613277.1	QIZ21115.1	68.657	67	21	0	1	67	8	74	4.87e-31	99.4
MDB4613278.1	QIZ21114.1	82.627	236	40	1	1	235	1	236	5.20e-144	398
MDB4613279.1	QIZ21113.1	95.283	106	5	0	1	106	1	106	1.34e-73	209
MDB4613280.1	QIZ21112.1	90.110	182	18	0	1	182	1	182	4.11e-122	338
MDB4613281.1	QIZ21111.1	83.929	112	18	0	1	112	1	112	5.22e-68	196
MDB4613282.1	QIZ21110.1	81.423	253	47	0	1	253	1	253	2.40e-150	415
MDB4613283.1	QIZ21109.1	75.942	345	83	0	1	345	1	345	0.0	577
MDB4613284.1	QIZ21108.1	68.421	171	50	2	1	170	1	168	1.17e-85	244
MDB4613285.1	QIZ21107.1	87.563	394	49	0	1	394	1	394	0.0	708
MDB4613286.1	QIZ21106.1	69.756	205	62	0	1	205	1	205	1.80e-100	285
MDB4613287.1	QIZ21105.1	93.421	152	10	0	1	152	1	152	7.15e-95	266
MDB4613288.1	QIZ21104.1	90.476	126	12	0	1	126	1	126	9.00e-81	229
MDB4613289.1	QIZ21103.1	85.526	380	55	0	1	380	1	380	0.0	673
MDB4613290.1	QIZ21102.1	96.020	201	8	0	1	201	1	201	1.71e-134	371
MDB4613293.1	QIZ21101.1	90.336	238	23	0	1	238	1	238	3.92e-165	451
MDB4613294.1	QIZ21100.1	91.304	138	12	0	1	138	1	138	7.88e-88	248
MDB4613295.1	QIZ21099.1	97.500	40	1	0	1	40	1	40	2.97e-23	77.4
MDB4613296.1	QIZ21097.1	89.899	495	50	0	1	495	1	495	0.0	911
MDB4613297.1	QIZ21096.1	88.136	236	28	0	1	236	1	236	2.50e-159	436
MDB4613298.1	QIZ21095.1	82.596	339	59	0	14	352	24	362	0.0	582
MDB4613301.1	QIZ21094.1	86.364	330	45	0	1	330	21	350	0.0	601
MDB4613302.1	QIZ21093.1	90.036	281	28	0	1	281	1	281	0.0	520
MDB4613303.1	QIZ21092.1	86.458	96	13	0	1	96	1	96	4.80e-58	169
MDB4613304.1	QIZ21091.1	83.934	361	58	0	1	361	1	361	0.0	572
MDB4613305.1	QIZ21090.1	71.983	232	65	0	1	232	1	232	4.07e-126	352
MDB4613306.1	QIZ21089.1	67.105	304	99	1	3	305	4	307	1.22e-143	402
MDB4613307.1	QIZ21088.1	80.112	357	71	0	1	357	1	357	0.0	605
MDB4613308.1	QIZ21086.1	84.672	137	21	0	1	137	1	137	1.45e-86	244
MDB4613309.1	QIZ21085.1	88.785	642	72	0	45	686	39	680	0.0	1196
MDB4613310.1	QIZ21084.1	74.396	207	53	0	1	207	1	207	2.39e-113	318
MDB4613311.1	QIZ21083.1	76.744	86	20	0	1	86	1	86	9.40e-48	142
MDB4613312.1	QIZ21082.1	89.850	601	61	0	1	601	1	601	0.0	1057
MDB4613313.1	QIZ21081.1	82.203	118	21	0	1	118	1	118	1.64e-72	207
MDB4613314.1	QIZ21080.1	82.488	217	38	0	1	217	1	217	2.61e-131	364
MDB4613316.1	QIZ21079.1	74.951	507	123	2	7	511	14	518	0.0	753
MDB4613318.1	QIZ21087.1	45.907	281	149	2	1	281	1	278	1.05e-72	220
MDB4613319.1	QIZ21078.1	69.194	211	64	1	2	212	4	213	2.07e-104	296
MDB4613320.1	QIZ21077.1	49.176	364	176	5	1	357	14	375	6.55e-109	319
MDB4613321.1	QIZ21076.1	61.314	137	53	0	1	137	1	137	4.22e-44	148
MDB4613322.1	QIZ21221.1	66.906	139	45	1	1	138	29	167	1.89e-56	169
MDB4613323.1	QIZ21222.1	25.649	308	216	6	11	315	11	308	6.15e-28	106
MDB4613324.1	QIZ21223.1	70.629	286	84	0	1	286	1	286	1.43e-157	437
MDB4613325.1	QIZ21224.1	86.111	396	55	0	1	396	1	396	0.0	728
MDB4613327.1	QIZ21526.1	51.282	78	38	0	16	93	16	93	2.74e-29	96.7
MDB4613328.1	QIZ21226.1	77.876	113	25	0	1	113	1	113	3.43e-62	181
MDB4613329.1	QIZ21228.1	84.468	470	73	0	1	470	1	470	0.0	831
MDB4613330.1	QIZ21229.1	71.071	439	126	1	1	438	1	439	0.0	609
MDB4613331.1	QIZ21230.1	70.093	321	96	0	1	321	1	321	2.93e-163	454
MDB4613332.1	QIZ21231.1	79.646	226	46	0	1	226	1	226	1.34e-137	380
MDB4613333.1	QIZ21232.1	83.256	215	36	0	1	215	1	215	1.40e-124	347
MDB4613334.1	QIZ21233.1	95.199	604	29	0	1	604	1	604	0.0	1189
MDB4613335.1	QIZ21234.1	74.756	614	105	4	1	566	1	612	0.0	843
MDB4613345.1	QIZ21235.1	92.060	529	42	0	1	529	1	529	0.0	982
MDB4613346.1	QIZ21236.1	94.792	96	5	0	1	96	1	96	3.05e-63	182
MDB4613347.1	QIZ21237.1	70.221	272	81	0	1	272	1	272	7.64e-146	405
MDB4613348.1	QIZ21238.1	72.459	305	84	0	2	306	1	305	7.45e-165	456
MDB4613349.1	QIZ21239.1	83.075	904	153	0	1	904	1	904	0.0	1555
MDB4613350.1	QIZ21240.1	46.452	155	83	0	12	166	11	165	1.68e-41	132
MDB4613352.1	QIZ21242.1	60.317	378	149	1	8	384	3	380	2.19e-141	403
MDB4613353.1	QIZ21243.1	59.574	188	76	0	1	188	1	188	7.82e-69	204
MDB4613354.1	QIZ21244.1	65.321	421	145	1	1	420	1	421	0.0	571
MDB4613355.1	QIZ21245.1	71.667	60	17	0	1	60	1	60	1.07e-30	97.8
MDB4613356.1	QIZ21246.1	58.741	286	118	0	1	286	1	286	6.80e-117	333
MDB4613357.1	QIZ21247.1	45.687	313	163	3	1	310	1	309	3.46e-85	254
MDB4613358.1	QIZ21248.1	48.325	418	208	3	1	414	1	414	6.10e-113	333
MDB4613359.1	QIZ21249.1	66.897	580	190	1	1	580	1	578	0.0	788
MDB4613360.1	QIZ21250.1	70.979	286	83	0	1	286	1	286	2.77e-147	410
MDB4613361.1	QIZ21251.1	86.567	134	18	0	1	134	1	134	1.21e-86	244
MDB4613362.1	QIZ21252.1	54.489	323	147	0	1	323	1	323	7.48e-127	361
MDB4613363.1	QIZ21253.1	84.229	279	43	1	1	278	1	279	4.67e-176	482
MDB4613364.1	QIZ21254.1	83.544	79	13	0	1	79	1	79	8.47e-49	144
MDB4613365.1	QIZ21255.1	80.672	119	23	0	1	119	1	119	6.81e-71	203
MDB4613367.1	QIZ21256.1	88.479	217	25	0	1	217	1	217	2.16e-132	367
MDB4613368.1	QIZ21257.1	80.258	233	46	0	1	233	1	233	2.54e-136	378
MDB4613369.1	QIZ21258.1	83.395	271	45	0	1	271	1	271	2.02e-164	452
MDB4613370.1	QIZ21259.1	95.772	544	23	0	1	544	1	544	0.0	1013
MDB4613371.1	QIZ21260.1	85.149	303	45	0	1	303	1	303	0.0	528
MDB4613372.1	QIZ21262.1	82.955	176	30	0	1	176	1	176	8.47e-115	319
MDB4613373.1	QIZ21263.1	86.260	262	36	0	1	262	1	262	1.90e-166	457
MDB4613374.1	QIZ21264.1	66.359	217	73	0	1	217	1	217	2.35e-98	281
MDB4613375.1	QIZ21265.1	71.895	459	128	1	1	459	1	458	0.0	694
MDB4613376.1	QIZ21266.1	72.050	161	45	0	1	161	1	161	6.07e-92	260
MDB4613377.1	QIZ21267.1	71.631	141	40	0	1	141	1	141	3.74e-74	213
MDB4613378.1	QIZ21268.1	64.062	320	114	1	1	319	1	320	3.64e-145	407
MDB4613379.1	QIZ21269.1	75.796	314	76	0	1	314	1	314	0.0	501
MDB4613380.1	QIZ21270.1	58.521	311	129	0	11	321	1	311	3.61e-119	341
MDB4613381.1	QIZ21271.1	68.927	354	110	0	1	354	1	354	8.82e-178	493
MDB4613382.1	QIZ21272.1	61.131	283	110	0	1	283	1	283	3.22e-116	331
MDB4613383.1	QIZ21273.1	81.481	486	89	1	1	486	1	485	0.0	816
MDB4613384.1	QIZ21274.1	78.182	165	36	0	1	165	4	168	1.15e-89	254
MDB4613385.1	QIZ21275.1	76.536	179	42	0	18	196	1	179	1.04e-96	274
MDB4613386.1	QIZ21276.1	100.000	75	0	0	1	75	1	75	1.79e-46	138
MDB4613387.1	QIZ21277.1	93.033	244	17	0	1	244	1	244	1.73e-167	457
MDB4613388.1	QIZ21278.1	76.923	91	21	0	1	91	1	91	4.88e-48	143
MDB4613389.1	QIZ21279.1	82.964	857	146	0	1	857	1	857	0.0	1449
MDB4613390.1	QIZ21280.1	68.182	176	56	0	17	192	21	196	2.60e-89	256
MDB4613391.1	QIZ21281.1	72.840	162	44	0	1	162	1	162	2.49e-78	226
MDB4613392.1	QIZ21282.1	63.323	319	117	0	6	324	6	324	4.53e-149	418
MDB4613393.1	QIZ21283.1	54.688	384	172	2	1	383	1	383	2.97e-142	405
MDB4613394.1	QIZ21284.1	89.045	356	39	0	1	356	1	356	0.0	666
MDB4613395.1	QIZ21285.1	79.781	183	37	0	1	183	1	183	1.44e-103	291
MDB4613396.1	QIZ21286.1	65.021	243	81	1	1	239	1	243	4.12e-107	305
MDB4613397.1	QIZ21287.1	59.598	547	220	1	16	561	15	561	0.0	653
MDB4613398.1	QIZ21288.1	55.872	281	124	0	1	281	1	281	2.63e-102	296
MDB4613399.1	QIZ21289.1	63.033	422	156	0	1	422	1	422	0.0	556
MDB4613400.1	QIZ21290.1	87.342	158	20	0	1	158	1	158	7.58e-100	280
MDB4613401.1	QIZ21291.1	76.277	274	65	0	1	274	1	274	4.17e-159	439
MDB4613402.1	QIZ21292.1	76.027	146	35	0	8	153	3	148	2.00e-82	235
MDB4613403.1	QIZ21293.1	86.982	169	22	0	1	169	1	169	7.62e-107	298
MDB4613404.1	QIZ21294.1	94.033	419	25	0	1	419	1	419	0.0	786
MDB4613405.1	QIZ21295.1	78.764	259	55	0	1	259	1	259	3.81e-149	412
MDB4613406.1	QIZ21296.1	87.955	357	43	0	1	357	1	357	0.0	659
MDB4613407.1	QIZ21297.1	80.541	185	36	0	1	185	1	185	4.79e-111	310
MDB4613408.1	QIZ21298.1	72.768	224	55	2	1	222	1	220	2.93e-105	299
MDB4613409.1	QIZ21299.1	93.548	310	20	0	1	310	1	310	0.0	560
MDB4613410.1	QIZ21300.1	60.474	253	98	2	3	253	1	253	1.46e-86	253
MDB4613411.1	QIZ21301.1	54.942	344	154	1	4	347	5	347	2.71e-126	362
MDB4613412.1	QIZ21302.1	66.929	254	84	0	1	254	1	254	3.99e-124	349
MDB4613413.1	QIZ21303.1	71.429	70	20	0	1	70	1	70	3.29e-30	98.2
MDB4613414.1	QIZ21304.1	69.248	439	135	0	1	439	1	439	0.0	647
MDB4613415.1	QIZ21305.1	77.451	204	46	0	1	204	1	204	4.40e-111	313
MDB4613416.1	QIZ21306.1	80.556	144	28	0	1	144	1	144	6.10e-83	236
MDB4613417.1	QIZ21307.1	88.966	290	32	0	1	290	1	290	0.0	559
MDB4613418.1	QIZ21308.1	89.637	193	20	0	1	193	1	193	1.13e-127	353
MDB4613419.1	QIZ21309.1	90.671	611	57	0	1	611	1	611	0.0	1158
MDB4613420.1	QIZ21310.1	89.362	141	15	0	1	141	1	141	3.15e-87	246
MDB4613421.1	QIZ21312.1	79.200	250	52	0	1	250	1	250	1.56e-146	405
MDB4613422.1	QIZ21313.1	91.585	713	60	0	1	713	1	713	0.0	1367
MDB4613423.1	QIZ21314.1	75.188	399	95	1	1	395	1	399	0.0	634
MDB4613424.1	QIZ21316.1	78.241	216	47	0	1	216	1	216	2.24e-118	331
MDB4613426.1	QIZ21317.1	97.452	314	8	0	1	314	1	314	0.0	637
MDB4613427.1	QIZ21318.1	84.395	314	49	0	1	314	1	314	0.0	547
MDB4613428.1	QIZ21319.1	90.868	219	20	0	1	219	1	219	1.98e-154	423
MDB4613429.1	QIZ21358.1	79.772	351	71	0	1	351	1	351	0.0	565
MDB4613430.1	QIZ21359.1	88.068	352	42	0	1	352	723	1074	0.0	639
MDB4613431.1	QIZ20184.1	70.161	248	74	0	1	248	1	248	2.49e-122	346
MDB4613432.1	QIZ20183.1	86.822	129	17	0	1	129	1	129	4.44e-77	220
MDB4613434.1	QIZ20182.1	87.500	224	28	0	1	224	1	224	1.92e-145	400
MDB4613435.1	QIZ20181.1	93.043	230	16	0	1	230	1	230	9.26e-157	429
MDB4613436.1	QIZ20180.1	93.640	283	18	0	1	283	1	283	0.0	540
MDB4613437.1	QIZ21593.1	84.104	346	55	0	1	346	1	346	0.0	591
MDB4613441.1	QIZ21591.1	84.571	175	27	0	1	175	1	175	5.99e-101	284
MDB4613442.1	QIZ20957.1	27.597	308	198	7	1	291	1	300	1.05e-26	102
MDB4613443.1	QIZ20851.1	33.651	315	184	10	1	309	1	296	6.45e-39	136
MDB4613457.1	QIZ21541.1	78.067	807	177	0	1	807	1	807	0.0	1325
MDB4613458.1	QIZ20545.1	87.978	366	44	0	1	366	1	366	0.0	628
MDB4613459.1	QIZ20546.1	96.205	448	17	0	1	448	1	448	0.0	895
MDB4613460.1	QIZ20547.1	89.172	314	33	1	1	313	1	314	0.0	566
MDB4613461.1	QIZ20548.1	93.208	265	18	0	1	265	1	265	0.0	505
MDB4613462.1	QIZ20549.1	78.650	637	135	1	1	636	1	637	0.0	1041
MDB4613463.1	QIZ20953.1	45.000	220	106	3	2	219	3	209	5.26e-57	180
MDB4613470.1	QIZ20550.1	81.682	333	60	1	1	332	1	333	0.0	544
MDB4613473.1	QIZ21518.1	52.830	318	150	0	1	318	1	318	1.79e-116	335
MDB4613474.1	QIZ21518.1	56.688	314	136	0	5	318	5	318	2.59e-121	347
MDB4613475.1	QIZ21344.1	63.121	282	104	0	1	282	1	282	8.52e-127	358
MDB4613478.1	QIZ21440.1	41.472	299	159	4	6	293	8	301	2.72e-79	243
MDB4613479.1	QIZ20551.1	76.316	380	90	0	1	380	1	380	0.0	601
MDB4613480.1	QIZ20552.1	85.809	303	43	0	1	303	1	303	0.0	535
MDB4613481.1	QIZ20553.1	89.019	428	47	0	1	428	1	428	0.0	784
MDB4613483.1	QIZ20554.1	73.500	200	53	0	1	200	1	200	5.89e-96	273
MDB4613485.1	QIZ20555.1	86.172	499	69	0	2	500	3	501	0.0	898
MDB4613486.1	QIZ20556.1	83.621	348	57	0	6	353	3	350	0.0	598
MDB4613487.1	QIZ20557.1	95.938	320	13	0	1	320	1	320	0.0	629
MDB4613488.1	QIZ20562.1	88.008	492	59	0	1	492	1	492	0.0	899
MDB4613489.1	QIZ20563.1	92.715	302	22	0	22	323	4	305	0.0	571
MDB4613491.1	QIZ20565.1	49.831	295	141	4	1	294	1	289	2.07e-98	287
MDB4613492.1	QIZ20566.1	91.772	158	13	0	1	158	1	158	8.74e-108	300
MDB4613493.1	QIZ20567.1	96.296	135	5	0	1	135	1	135	1.68e-100	280
MDB4613494.1	QIZ20568.1	81.771	192	35	0	1	192	1	192	5.54e-116	323
MDB4613495.1	QIZ20569.1	89.489	333	35	0	1	333	1	333	0.0	615
MDB4613496.1	QIZ20570.1	78.832	137	29	0	1	137	1	137	3.42e-83	236
MDB4613497.1	QIZ20571.1	94.792	96	5	0	9	104	1	96	2.41e-66	190
MDB4613499.1	QIZ20573.1	96.875	96	3	0	1	96	1	96	1.25e-68	196
MDB4613500.1	QIZ20572.1	67.717	127	41	0	1	127	1	127	2.94e-66	192
MDB4613501.1	QIZ20574.1	79.167	120	25	0	1	120	1	120	1.13e-62	183
MDB4613503.1	QIZ20577.1	85.849	106	15	0	1	106	1	106	1.91e-67	194
MDB4613504.1	QIZ20579.1	90.323	93	9	0	1	93	1	93	1.76e-57	168
MDB4613509.1	QIZ20732.1	81.647	425	78	0	1	425	1	425	0.0	726
MDB4613510.1	QIZ20731.1	80.916	131	25	0	1	131	1	131	3.20e-80	228
MDB4613511.1	QIZ21069.1	79.688	64	13	0	1	64	1	64	1.60e-35	110
MDB4613512.1	QIZ20729.1	73.109	119	31	1	2	120	3	120	2.71e-67	194
MDB4613513.1	QIZ20728.1	67.532	308	100	0	1	308	1	308	7.38e-151	421
MDB4613514.1	QIZ20727.1	56.867	415	177	2	18	430	18	432	1.99e-160	455
MDB4613515.1	QIZ20726.1	93.963	381	23	0	1	381	1	381	0.0	734
MDB4613516.1	QIZ20725.1	76.802	888	206	0	1	888	1	888	0.0	1424
MDB4613517.1	QIZ20724.1	89.109	404	44	0	1	404	1	404	0.0	768
MDB4613518.1	QIZ20723.1	72.558	215	59	0	1	215	1	215	1.02e-121	340
MDB4613519.1	QIZ20722.1	67.897	271	79	3	1	267	1	267	6.21e-126	354
MDB4613520.1	QIZ20721.1	77.741	301	67	0	1	301	1	301	6.68e-179	491
MDB4613521.1	QIZ20720.1	73.399	203	54	0	1	203	1	203	4.97e-106	299
MDB4613522.1	QIZ20719.1	83.799	358	58	0	1	358	1	358	0.0	580
MDB4613523.1	QIZ20718.1	52.817	142	67	0	1	142	1	142	1.22e-50	154
MDB4613524.1	QIZ20717.1	80.998	521	98	1	1	520	1	521	0.0	862
MDB4613525.1	QIZ20716.1	82.014	139	25	0	1	139	1	139	6.73e-89	250
MDB4613526.1	QIZ20715.1	68.872	257	80	0	1	257	1	257	6.51e-131	366
MDB4613527.1	QIZ20714.1	87.255	204	26	0	1	204	1	204	1.51e-122	341
MDB4613528.1	QIZ20707.1	68.712	163	49	1	2	162	1	163	9.25e-77	222
MDB4613529.1	QIZ20706.1	81.250	256	48	0	1	256	9	264	4.80e-157	433
MDB4613530.1	QIZ20705.1	67.982	228	69	1	1	224	1	228	2.78e-112	317
MDB4613531.1	QIZ20704.1	56.646	316	133	3	1	313	1	315	7.51e-126	358
MDB4613532.1	QIZ20703.1	75.085	293	69	1	1	289	1	293	3.93e-152	423
MDB4613533.1	QIZ20702.1	68.665	367	115	0	1	367	1	367	0.0	521
MDB4613534.1	QIZ20701.1	81.746	126	23	0	1	126	1	126	8.37e-78	221
MDB4613535.1	QIZ20700.1	86.660	952	127	0	1	952	1	952	0.0	1720
MDB4613536.1	QIZ20699.1	71.014	414	120	0	1	414	1	414	0.0	605
MDB4613538.1	QIZ20698.1	73.214	392	105	0	1	392	1	392	0.0	592
MDB4613539.1	QIZ20697.1	64.835	182	64	0	1	182	1	182	1.29e-85	246
MDB4613540.1	QIZ20696.1	58.537	246	102	0	3	248	4	249	2.09e-104	299
MDB4613541.1	QIZ20695.1	70.968	155	45	0	1	155	1	155	7.15e-64	188
MDB4613542.1	QIZ20694.1	92.643	367	27	0	1	367	1	367	0.0	697
MDB4613543.1	QIZ20692.1	66.042	480	162	1	4	482	12	491	0.0	669
MDB4613544.1	QIZ20691.1	90.130	922	91	0	1	922	1	922	0.0	1778
MDB4613545.1	QIZ20690.1	84.420	552	85	1	1	551	1	552	0.0	957
MDB4613546.1	QIZ20689.1	63.768	276	100	0	1	276	1	276	1.99e-136	382
MDB4613547.1	QIZ20687.1	58.333	156	65	0	1	156	1	156	5.87e-58	174
MDB4613548.1	QIZ20686.1	58.394	137	51	2	1	132	1	136	2.54e-54	162
MDB4613549.1	QIZ20685.1	56.716	201	86	1	1	200	1	201	1.85e-79	231
MDB4613550.1	QIZ20684.1	64.407	413	144	1	1	413	1	410	4.58e-180	504
MDB4613551.1	QIZ20683.1	76.412	301	71	0	1	301	1	301	2.75e-165	457
MDB4613552.1	QIZ20682.1	88.642	405	46	0	1	405	1	405	0.0	761
MDB4613553.1	QIZ20681.1	94.823	367	19	0	5	371	4	370	0.0	739
MDB4613554.1	QIZ20680.1	78.674	347	74	0	1	347	1	347	0.0	594
MDB4613555.1	QIZ20679.1	85.333	75	11	0	1	75	1	75	1.23e-45	136
MDB4613556.1	QIZ21307.1	27.586	261	181	6	8	263	9	266	3.97e-27	103
MDB4613557.1	QIZ20676.1	82.609	161	28	0	1	161	1	161	6.85e-88	249
MDB4613559.1	QIZ20888.1	33.816	207	127	3	12	211	12	215	2.03e-28	102
MDB4613560.1	QIZ20673.1	79.245	424	88	0	1	424	1	424	0.0	671
MDB4613561.1	QIZ20672.1	69.930	286	86	0	1	286	1	286	7.17e-153	424
MDB4613562.1	QIZ20671.1	73.463	309	81	1	1	308	1	309	2.22e-171	473
MDB4613563.1	QIZ20670.1	75.406	431	106	0	1	431	1	431	0.0	692
MDB4613567.1	QIZ20800.1	44.635	233	125	3	1	231	4	234	4.65e-56	174
MDB4613568.1	QIZ20733.1	55.862	290	128	0	1	290	1	290	1.50e-109	315
MDB4613570.1	QIZ20734.1	76.667	150	35	0	24	173	31	180	3.64e-85	244
MDB4613574.1	QIZ20736.1	75.362	207	51	0	1	207	1	207	9.13e-121	337
MDB4613575.1	QIZ20737.1	73.669	338	89	0	1	338	1	338	0.0	514
MDB4613576.1	QIZ20738.1	81.132	106	20	0	1	106	1	106	1.75e-63	184
MDB4613578.1	QIZ20739.1	84.190	253	40	0	1	253	1	253	8.98e-157	432
MDB4613579.1	QIZ20740.1	88.889	630	70	0	1	630	1	630	0.0	1179
MDB4613580.1	QIZ20741.1	72.727	110	30	0	1	110	1	110	4.40e-55	162
MDB4613582.1	QIZ20742.1	86.406	434	59	0	1	434	1	434	0.0	794
MDB4613583.1	QIZ20743.1	73.469	294	78	0	1	294	1	294	5.14e-160	443
MDB4613584.1	QIZ20744.1	89.058	329	36	0	1	329	1	329	0.0	615
MDB4613585.1	QIZ20745.1	75.812	277	67	0	1	277	1	277	1.44e-153	425
MDB4613587.1	QIZ21387.1	89.610	462	48	0	1	462	1	462	0.0	835
MDB4613588.1	QIZ21386.1	29.565	460	305	9	43	496	37	483	6.19e-35	132
MDB4613589.1	QIZ21385.1	86.136	678	94	0	1	678	1	678	0.0	1225
MDB4613590.1	QIZ21384.1	62.456	562	210	1	3	564	4	564	0.0	691
MDB4613591.1	QIZ21383.1	67.012	676	223	0	1	676	1	676	0.0	925
MDB4613592.1	QIZ21382.1	57.500	240	101	1	18	257	19	257	1.27e-94	276
MDB4613593.1	QIZ21381.1	68.750	304	95	0	1	304	3	306	4.37e-152	424
MDB4613594.1	QIZ21380.1	38.978	372	222	3	1	371	1	368	1.01e-69	219
MDB4613595.1	QIZ21379.1	35.484	217	135	4	13	227	11	224	8.00e-33	114
MDB4613596.1	QIZ21378.1	71.382	304	87	0	1	304	1	304	6.61e-150	418
MDB4613597.1	QIZ21377.1	66.000	300	102	0	2	301	13	312	9.07e-133	375
MDB4613598.1	QIZ21376.1	73.491	464	123	0	1	464	1	464	0.0	711
MDB4613599.1	QIZ21375.1	46.111	360	183	3	1	354	1	355	2.26e-118	342
MDB4613600.1	QIZ21374.1	64.835	364	127	1	11	373	11	374	4.60e-156	439
MDB4613601.1	QIZ21373.1	56.840	424	175	4	8	424	8	430	6.19e-151	431
MDB4613603.1	QIZ21372.1	57.839	944	395	1	1	944	1	941	0.0	1009
MDB4613604.1	QIZ21371.1	61.939	557	207	5	7	563	8	559	0.0	694
MDB4613605.1	QIZ21370.1	50.000	94	47	0	3	96	2	95	9.50e-25	85.5
MDB4613606.1	QIZ21369.1	70.427	328	97	0	1	328	9	336	3.24e-169	469
MDB4613607.1	QIZ21368.1	77.711	498	103	4	1	493	1	495	0.0	702
MDB4613608.1	QIZ21367.1	92.903	155	11	0	1	155	1	155	1.37e-108	301
MDB4613609.1	QIZ21366.1	64.167	240	79	1	1	233	3	242	2.96e-106	303
MDB4613610.1	QIZ21365.1	61.538	260	96	3	2	260	3	259	6.00e-114	324
MDB4613611.1	QIZ21364.1	62.887	194	72	0	3	196	4	197	4.42e-86	248
MDB4613613.1	QIZ21363.1	91.626	609	48	2	1	608	1	607	0.0	1139
MDB4613614.1	QIZ21362.1	76.311	591	140	0	1	591	1	591	0.0	907
MDB4613615.1	QIZ21361.1	76.974	152	35	0	1	152	1	152	4.85e-75	216
MDB4613616.1	QIZ21360.1	83.896	385	61	1	1	384	1	385	0.0	668
MDB4613617.1	QIZ21359.1	91.901	284	23	0	1	284	1	284	0.0	545
MDB4613617.1	QIZ21359.1	32.422	256	162	3	8	259	559	807	7.91e-42	149
MDB4613621.1	QIZ20508.1	71.124	845	243	1	1	844	17	861	0.0	1164
MDB4613622.1	QIZ20507.1	82.727	220	38	0	1	220	1	220	1.15e-133	370
MDB4613623.1	QIZ20506.1	69.849	199	60	0	1	199	1	199	1.22e-99	283
MDB4613624.1	QIZ21225.1	45.283	159	85	2	24	181	23	180	3.00e-45	143
MDB4613625.1	QIZ20674.1	74.555	393	100	0	1	393	1	393	0.0	617
MDB4613629.1	QIZ20217.1	86.830	448	58	1	1	448	1	447	0.0	810
MDB4613630.1	QIZ21315.1	76.510	149	35	0	1	149	1	149	4.18e-89	252
MDB4613632.1	QIZ20539.1	79.946	369	74	0	1	369	1	369	0.0	607
MDB4613633.1	QIZ20538.1	95.604	91	4	0	1	91	1	91	1.81e-61	177
MDB4613634.1	QIZ20537.1	65.589	433	149	0	1	433	1	433	0.0	528
MDB4613635.1	QIZ20537.1	79.446	433	86	1	1	430	1	433	0.0	652
MDB4613636.1	QIZ20536.1	81.699	153	28	0	1	153	1	153	1.00e-70	206
MDB4613638.1	QIZ20533.1	63.492	126	46	0	1	126	1	126	1.79e-57	170
MDB4613639.1	QIZ20532.1	61.257	191	72	1	1	191	1	189	4.78e-82	238
MDB4613640.1	QIZ20531.1	64.968	157	55	0	1	157	1	157	1.19e-72	211
MDB4613641.1	QIZ20530.1	75.000	184	46	0	4	187	1	184	1.83e-104	293
MDB4613643.1	QIZ20529.1	60.558	251	98	1	4	254	7	256	7.88e-106	303
MDB4613644.1	QIZ20528.1	74.074	54	14	0	1	54	13	66	8.00e-27	87.8
MDB4613645.1	QIZ20527.1	75.815	368	87	2	4	370	3	369	0.0	566
MDB4613647.1	QIZ20526.1	80.563	391	76	0	1	391	1	391	0.0	666
MDB4613648.1	QIZ20525.1	86.453	406	55	0	1	406	1	406	0.0	697
MDB4613649.1	QIZ20524.1	69.251	387	119	0	1	387	1	387	0.0	518
MDB4613650.1	QIZ20523.1	73.514	185	49	0	1	185	1	185	4.26e-89	254
MDB4613651.1	QIZ20522.1	63.922	255	92	0	1	255	1	255	2.96e-114	324
MDB4613652.1	QIZ20521.1	81.061	132	25	0	1	132	1	132	8.45e-82	232
MDB4613653.1	QIZ20520.1	73.106	264	71	0	1	264	1	264	1.14e-153	424
MDB4613654.1	QIZ20519.1	94.872	156	8	0	1	156	1	156	1.67e-113	314
MDB4613655.1	QIZ20518.1	96.769	619	20	0	1	619	1	619	0.0	1272
MDB4613656.1	QIZ20517.1	75.000	116	29	0	1	116	1	116	7.04e-64	185
MDB4613657.1	QIZ20516.1	86.908	359	47	0	1	359	1	359	0.0	578
MDB4613658.1	QIZ20514.1	64.246	358	126	1	1	356	1	358	3.51e-160	449
MDB4613659.1	QIZ20513.1	96.392	388	14	0	1	388	1	388	0.0	782
MDB4613660.1	QIZ20512.1	87.234	94	12	0	1	94	1	94	1.08e-56	166
MDB4613661.1	QIZ20511.1	95.946	592	24	0	1	592	1	592	0.0	1182
MDB4613664.1	QIZ20805.1	39.225	413	218	5	192	593	1	391	5.60e-86	269
MDB4613666.1	QIZ20510.1	75.115	434	108	0	1	434	1	434	0.0	689
MDB4613667.1	QIZ20500.1	86.945	383	50	0	1	383	1	383	0.0	713
MDB4613668.1	QIZ20499.1	78.682	258	55	0	1	258	1	258	1.00e-150	416
MDB4613669.1	QIZ20498.1	65.323	124	42	1	1	123	140	263	1.92e-60	182
MDB4613670.1	QIZ20497.1	90.079	252	25	0	1	252	1	252	1.22e-157	434
MDB4613671.1	QIZ20496.1	90.256	195	19	0	1	195	1	195	6.05e-116	323
MDB4613672.1	QIZ20495.1	82.298	531	94	0	1	531	1	531	0.0	946
MDB4613673.1	QIZ20489.1	60.548	365	142	1	1	365	1	363	6.21e-164	459
MDB4613674.1	QIZ20488.1	55.825	206	77	2	16	208	15	219	1.27e-68	205
MDB4613675.1	QIZ20487.1	77.221	439	100	0	4	442	2	440	0.0	656
MDB4613676.1	QIZ20485.1	63.636	110	40	0	1	110	1	110	1.25e-46	151
MDB4613677.1	QIZ20604.1	92.701	137	10	0	13	149	193	329	2.97e-92	266
MDB4613678.1	QIZ20605.1	87.980	391	47	0	1	391	1	391	0.0	716
MDB4613684.1	QIZ20416.1	32.273	220	139	5	8	225	5	216	1.13e-31	112
MDB4613687.1	QIZ20511.1	23.519	540	348	14	64	569	49	557	2.40e-25	105
MDB4613688.1	QIZ20606.1	78.079	479	105	0	1	479	1	479	0.0	803
MDB4613695.1	QIZ20501.1	47.812	320	165	1	1	318	1	320	2.26e-99	291
MDB4613698.1	QIZ20710.1	28.163	245	168	2	1	244	1	238	6.43e-32	113
MDB4613702.1	QIZ20492.1	29.297	256	169	6	12	266	2	246	9.59e-25	95.5
MDB4613706.1	QIZ20608.1	76.895	277	64	0	1	277	1	277	9.38e-160	441
MDB4613707.1	QIZ20609.1	70.909	330	96	0	1	330	1	330	1.57e-178	493
MDB4613708.1	QIZ20610.1	84.530	181	28	0	1	181	1	181	2.56e-114	318
MDB4613709.1	QIZ20611.1	58.228	79	32	1	1	78	1	79	3.28e-28	93.6
MDB4613710.1	QIZ20612.1	71.812	149	42	0	1	149	1	149	4.44e-73	211
MDB4613711.1	QIZ20613.1	77.409	301	67	1	1	300	1	301	4.14e-178	489
MDB4613712.1	QIZ20614.1	62.032	187	71	0	1	187	1	187	1.04e-80	234
MDB4613713.1	QIZ20617.1	80.247	81	16	0	1	81	1	81	1.08e-47	142
MDB4613714.1	QIZ20618.1	88.485	165	19	0	1	165	1	165	1.59e-100	282
MDB4613715.1	QIZ20619.1	60.976	246	96	0	1	246	1	246	5.96e-84	246
MDB4613716.1	QIZ20620.1	67.857	196	63	0	1	196	1	196	3.69e-89	256
MDB4613717.1	QIZ20621.1	70.530	302	88	1	1	301	1	302	1.97e-148	414
MDB4613718.1	QIZ20622.1	84.300	293	46	0	1	293	1	293	4.53e-171	471
MDB4613719.1	QIZ20623.1	66.879	157	52	0	4	160	3	159	3.25e-72	210
MDB4613720.1	QIZ20624.1	93.162	468	32	0	1	468	1	468	0.0	924
MDB4613722.1	QIZ20625.1	84.545	110	17	0	1	110	1	110	3.98e-70	201
MDB4613723.1	QIZ20626.1	77.778	99	21	1	1	99	1	98	1.57e-51	153
MDB4613724.1	QIZ20627.1	88.235	153	18	0	1	153	1	153	2.05e-100	281
MDB4613725.1	QIZ20628.1	91.133	406	36	0	1	406	1	406	0.0	779
MDB4613726.1	QIZ20629.1	50.839	417	198	5	1	412	1	415	3.47e-135	389
MDB4613727.1	QIZ20630.1	79.508	244	50	0	1	244	1	244	2.56e-140	389
MDB4613728.1	QIZ20631.1	92.917	480	34	0	1	480	1	480	0.0	939
MDB4613729.1	QIZ20632.1	78.571	140	30	0	1	140	1	140	6.46e-82	233
MDB4613730.1	QIZ20633.1	91.284	218	19	0	1	218	1	218	2.87e-148	407
MDB4613731.1	QIZ20634.1	51.459	377	171	6	3	376	2	369	1.37e-131	377
MDB4613732.1	QIZ20635.1	77.696	408	91	0	1	408	1	408	0.0	649
MDB4613733.1	QIZ20636.1	60.606	264	92	4	28	282	470	730	1.04e-98	300
MDB4613734.1	QIZ20188.1	88.462	156	18	0	1	156	1	156	5.48e-99	277
MDB4613735.1	QIZ20189.1	94.578	498	27	0	1	498	1	498	0.0	919
MDB4613736.1	QIZ21214.1	37.023	262	158	4	29	286	29	287	9.03e-42	141
MDB4613737.1	QIZ20355.1	34.286	280	174	3	11	285	3	277	7.73e-37	128
MDB4613738.1	QIZ20190.1	80.556	360	70	0	1	360	1	360	0.0	603
MDB4613739.1	QIZ20191.1	70.718	181	53	0	1	181	1	181	1.17e-100	284
MDB4613740.1	QIZ20192.1	81.437	167	31	0	1	167	1	167	2.59e-103	289
MDB4613741.1	QIZ20599.1	41.137	299	170	2	5	302	1	294	6.97e-75	228
MDB4613744.1	QIZ20195.1	84.556	259	40	0	1	259	1	259	2.10e-165	454
MDB4613745.1	QIZ20675.1	60.294	68	27	0	1	68	1	68	2.45e-23	79.7
MDB4613746.1	QIZ20196.1	84.103	195	31	0	7	201	5	199	1.28e-127	353
MDB4613747.1	QIZ20197.1	70.242	289	86	0	1	289	1	289	1.59e-157	436
MDB4613748.1	QIZ20198.1	69.620	395	119	1	1	394	5	399	1.67e-180	503
MDB4613749.1	QIZ20199.1	77.576	165	37	0	1	165	1	165	3.01e-90	257
MDB4613750.1	QIZ20204.1	58.125	320	134	0	1	320	1	320	7.04e-148	415
MDB4613751.1	QIZ20205.1	47.710	262	136	1	1	261	16	277	7.85e-59	184
MDB4613752.1	QIZ20208.1	67.424	132	43	0	1	132	1	132	1.08e-61	181
MDB4613753.1	QIZ20219.1	58.889	90	37	0	1	90	1	90	5.19e-36	113
MDB4613754.1	QIZ20220.1	89.256	484	52	0	1	484	1	484	0.0	878
MDB4613755.1	QIZ20221.1	89.922	645	65	0	1	645	1	645	0.0	1228
MDB4613756.1	QIZ20222.1	90.000	330	31	1	8	337	15	342	0.0	634
MDB4613757.1	QIZ20224.1	73.684	209	54	1	1	209	1	208	2.38e-108	305
MDB4613758.1	QIZ20225.1	86.096	374	52	0	1	374	1	374	0.0	673
MDB4613759.1	QIZ20226.1	94.295	298	17	0	1	298	1	298	0.0	582
MDB4613760.1	QIZ20227.1	88.600	500	57	0	1	500	1	500	0.0	931
MDB4613761.1	QIZ20228.1	78.855	227	48	0	1	227	1	227	1.57e-140	388
MDB4613762.1	QIZ20229.1	81.951	205	37	0	1	205	1	205	4.46e-118	330
MDB4613763.1	QIZ20230.1	83.993	606	97	0	1	606	1	606	0.0	1067
MDB4613764.1	QIZ20231.1	90.196	459	45	0	1	459	1	459	0.0	872
MDB4613765.1	QIZ20232.1	83.265	245	41	0	1	245	1	245	1.59e-155	427
MDB4613766.1	QIZ20233.1	74.834	453	110	2	1	449	1	453	0.0	700
MDB4613767.1	QIZ20234.1	82.364	533	94	0	1	533	1	533	0.0	929
MDB4613768.1	QIZ20235.1	76.271	236	56	0	1	236	1	236	7.78e-133	369
MDB4613769.1	QIZ20236.1	88.293	205	24	0	1	205	1	205	2.07e-140	386
MDB4613770.1	QIZ20237.1	84.404	109	17	0	1	109	1	109	6.04e-68	195
MDB4613771.1	QIZ20238.1	86.842	76	10	0	1	76	1	76	2.51e-47	140
MDB4613772.1	QIZ20239.1	86.951	728	95	0	1	728	1	728	0.0	1333
MDB4613773.1	QIZ20240.1	81.057	227	43	0	1	227	1	227	1.36e-139	386
MDB4613774.1	QIZ20241.1	85.000	80	12	0	1	80	1	80	8.41e-46	137
MDB4613775.1	QIZ20242.1	91.506	259	22	0	1	259	1	259	5.78e-178	486
MDB4613776.1	QIZ20243.1	88.837	430	48	0	1	430	1	430	0.0	809
MDB4613777.1	QIZ20244.1	86.290	248	34	0	1	248	9	256	2.94e-168	460
MDB4613778.1	QIZ21028.1	63.218	174	62	1	1	174	1	172	8.13e-70	209
MDB4613779.1	QIZ21029.1	60.156	384	152	1	15	398	1	383	2.55e-158	446
MDB4613780.1	QIZ21030.1	66.327	196	66	0	3	198	5	200	3.33e-87	251
MDB4613781.1	QIZ21031.1	72.857	210	53	3	1	208	1	208	1.13e-103	293
MDB4613782.1	QIZ21032.1	93.153	628	43	0	1	628	1	628	0.0	1183
MDB4613783.1	QIZ21033.1	86.133	375	50	1	1	375	1	373	0.0	645
MDB4613784.1	QIZ21034.1	82.879	257	44	0	1	257	1	257	1.04e-160	442
MDB4613785.1	QIZ21035.1	84.615	195	30	0	18	212	18	212	1.74e-127	354
MDB4613786.1	QIZ21036.1	70.874	309	89	1	1	309	1	308	3.66e-159	442
MDB4613787.1	QIZ21037.1	43.814	194	99	4	3	187	1	193	2.43e-39	129
MDB4613788.1	QIZ21038.1	53.939	165	72	4	1	164	1	162	5.92e-49	151
MDB4613789.1	QIZ21039.1	62.963	216	80	0	1	216	1	216	1.29e-100	286
MDB4613790.1	QIZ21040.1	50.000	182	89	2	1	182	1	180	9.54e-54	165
MDB4613791.1	QIZ21041.1	37.574	338	173	15	1	309	1	329	6.91e-39	135
MDB4613792.1	QIZ21042.1	53.448	174	76	3	4	172	3	176	1.53e-58	177
MDB4613793.1	QIZ21043.1	70.423	852	243	5	1	851	1	844	0.0	1219
MDB4613795.1	QIZ21045.1	47.734	331	171	1	1	329	1	331	1.93e-96	285
MDB4613796.1	QIZ21046.1	72.401	279	77	0	2	280	4	282	5.46e-147	409
MDB4613797.1	QIZ21047.1	84.848	264	40	0	1	264	1	264	2.45e-168	461
MDB4613798.1	QIZ21048.1	58.962	212	87	0	3	214	2	213	2.35e-92	265
MDB4613799.1	QIZ21049.1	87.961	623	75	0	1	623	1	623	0.0	1125
MDB4613800.1	QIZ21050.1	83.521	443	73	0	1	443	1	443	0.0	745
MDB4613802.1	QIZ21052.1	95.972	422	17	0	1	422	1	422	0.0	822
MDB4613805.1	QIZ21055.1	77.177	333	76	0	1	333	1	333	0.0	538
MDB4613806.1	QIZ21056.1	77.695	269	60	0	1	269	1	269	2.44e-161	445
MDB4613807.1	QIZ21057.1	70.681	191	56	0	1	191	1	191	2.93e-94	268
MDB4613808.1	QIZ21058.1	64.504	262	93	0	2	263	3	264	1.51e-119	338
MDB4613809.1	QIZ21059.1	63.277	177	65	0	1	177	1	177	6.46e-72	211
MDB4613810.1	QIZ21060.1	76.682	223	49	2	1	220	1	223	8.74e-126	350
MDB4613811.1	QIZ21061.1	60.714	140	55	0	1	140	1	140	4.69e-60	177
MDB4613812.1	QIZ21062.1	65.957	141	47	1	1	141	1	140	2.63e-51	155
MDB4613813.1	QIZ21063.1	71.212	198	56	1	1	198	1	197	2.28e-105	297
MDB4613814.1	QIZ21064.1	62.044	137	50	2	4	138	35	171	1.12e-55	167
MDB4613815.1	QIZ21065.1	88.621	457	50	2	1	457	1	455	0.0	801
MDB4613816.1	QIZ21066.1	86.550	171	23	0	1	171	1	171	1.24e-109	305
MDB4613817.1	QIZ21067.1	92.347	196	15	0	1	196	1	196	1.22e-135	373
MDB4613818.1	QIZ21068.1	88.953	172	19	0	1	172	1	172	5.55e-113	315
MDB4613821.1	QIZ20730.1	68.108	185	57	1	2	186	1	183	6.67e-91	259
MDB4613824.1	QIZ20310.1	59.756	82	33	0	1	82	1	82	2.46e-32	103
MDB4613825.1	QIZ21524.1	89.030	474	52	0	1	474	1	474	0.0	879
MDB4613827.1	QIZ21525.1	89.412	425	44	1	1	424	1	425	0.0	808
MDB4613828.1	QIZ20218.1	80.053	376	75	0	4	379	5	380	0.0	641
MDB4613830.1	QIZ20540.1	82.745	255	44	0	1	255	1	255	2.06e-156	431
MDB4613831.1	QIZ20541.1	76.527	311	73	0	1	311	1	311	3.07e-178	491
MDB4613832.1	QIZ21534.1	73.770	122	32	0	1	122	1	122	1.86e-59	175
MDB4613833.1	QIZ20542.1	48.963	482	241	3	3	479	2	483	1.41e-148	429
MDB4613834.1	QIZ20211.1	70.833	96	28	0	1	96	1	96	2.60e-48	144
MDB4613835.1	QIZ20213.1	61.184	152	59	0	18	169	26	177	1.45e-62	186
MDB4613836.1	QIZ20586.1	89.062	192	21	0	1	192	1	192	1.90e-129	357
MDB4613837.1	QIZ20587.1	75.319	235	58	0	1	235	1	235	6.00e-126	352
MDB4613839.1	QIZ20669.1	88.000	400	48	0	14	413	14	413	0.0	743
MDB4613840.1	QIZ20668.1	68.508	181	57	0	1	181	1	181	1.34e-84	243
MDB4613841.1	QIZ20667.1	81.454	798	143	3	1	797	1	794	0.0	1250
MDB4613842.1	QIZ20666.1	86.229	472	65	0	1	472	1	472	0.0	856
MDB4613843.1	QIZ20665.1	79.605	152	31	0	1	152	1	152	1.67e-78	225
MDB4613844.1	QIZ20664.1	97.143	70	2	0	21	90	1	70	4.99e-46	137
MDB4613845.1	QIZ20663.1	82.524	103	18	0	1	103	1	103	5.20e-62	181
MDB4613846.1	QIZ20662.1	69.156	308	95	0	1	308	1	308	3.41e-150	419
MDB4613847.1	QIZ20661.1	82.400	125	22	0	1	125	3	127	1.17e-69	205
MDB4613848.1	QIZ20661.1	86.667	120	16	0	1	120	128	247	7.46e-75	218
MDB4613849.1	QIZ20660.1	92.405	79	6	0	1	79	1	79	9.21e-47	139
MDB4613850.1	QIZ20659.1	77.619	210	47	0	1	210	1	210	3.36e-124	345
MDB4613851.1	QIZ20658.1	65.385	260	90	0	2	261	3	262	3.70e-123	347
MDB4613852.1	QIZ20657.1	67.742	62	20	0	1	62	259	320	1.91e-28	98.6
MDB4613853.1	QIZ20430.1	83.971	418	67	0	1	418	1	418	0.0	701
MDB4613854.1	QIZ20431.1	90.876	274	25	0	1	274	1	274	0.0	496
MDB4613855.1	QIZ20432.1	87.175	538	69	0	1	538	1	538	0.0	970
MDB4613856.1	QIZ20433.1	82.828	99	17	0	1	99	1	99	7.11e-57	166
MDB4613857.1	QIZ20434.1	70.435	115	34	0	1	115	130	244	1.55e-53	164
MDB4613858.1	QIZ21027.1	76.020	196	47	0	1	196	1	196	1.35e-110	310
MDB4613859.1	QIZ21026.1	85.321	327	48	0	1	327	434	760	0.0	563
MDB4613860.1	QIZ21025.1	77.174	368	83	1	1	368	1	367	0.0	548
MDB4613862.1	QIZ20863.1	40.741	243	136	5	98	336	104	342	3.30e-53	175
MDB4613865.1	QIZ20487.1	33.012	415	274	2	14	425	17	430	1.23e-70	226
MDB4613866.1	QIZ20589.1	70.242	289	86	0	1	289	1	289	1.64e-152	424
MDB4613867.1	QIZ20592.1	90.688	247	23	0	1	247	1	247	2.35e-171	468
MDB4613868.1	QIZ21076.1	87.609	460	56	1	5	463	237	696	0.0	821
MDB4613869.1	QIZ21075.1	58.696	184	74	1	1	182	1	184	2.44e-69	204
MDB4613870.1	QIZ21074.1	60.465	129	51	0	1	129	1	129	2.79e-53	161
MDB4613871.1	QIZ21073.1	75.207	121	30	0	1	121	1	121	1.02e-64	188
MDB4613873.1	QIZ20439.1	83.230	161	27	0	1	161	103	263	1.27e-95	273
MDB4613874.1	QIZ20440.1	93.333	225	15	0	1	225	1	225	1.28e-155	426
MDB4613875.1	QIZ20441.1	82.898	421	72	0	1	421	1	421	0.0	734
MDB4613877.1	QIZ21219.1	66.337	101	34	0	1	101	1	101	6.04e-49	146
MDB4613878.1	QIZ21218.1	90.138	436	43	0	1	436	1	436	0.0	793
MDB4613879.1	QIZ21217.1	90.000	130	13	0	1	130	48	177	1.96e-87	248
MDB4613880.1	QIZ20425.1	43.506	154	86	1	1	154	2	154	3.03e-37	122
MDB4613881.1	QIZ20426.1	59.854	137	55	0	18	154	16	152	3.42e-54	164
MDB4613882.1	QIZ20427.1	68.276	145	46	0	1	145	1	145	1.42e-71	207
MDB4613883.1	QIZ20428.1	81.973	294	53	0	1	294	15	308	0.0	500
MDB4613884.1	QIZ20404.1	85.520	221	32	0	1	221	112	332	1.07e-144	402
MDB4613885.1	QIZ20403.1	79.845	258	52	0	1	258	1	258	1.48e-161	444
MDB4613886.1	QIZ20402.1	83.810	105	17	0	1	105	1	105	1.90e-61	178
MDB4613887.1	QIZ20401.1	80.120	166	33	0	1	166	1	166	1.63e-97	282
