MDC3060546.1	QIZ20837.1	34.629	283	174	4	292	564	304	585	3.15e-42	155
MDC3060549.1	QIZ20851.1	29.586	338	191	12	3	329	6	307	8.40e-25	98.2
MDC3060558.1	QIZ20515.1	29.102	323	213	6	2	310	4	324	1.95e-30	113
MDC3060560.1	QIZ20804.1	37.436	195	108	5	15	200	9	198	2.76e-27	101
MDC3060563.1	QIZ20846.1	32.937	252	144	5	32	282	36	263	2.01e-31	116
MDC3060566.1	QIZ20777.1	35.111	225	122	7	15	215	23	247	1.66e-29	111
MDC3060571.1	QIZ20876.1	35.060	251	144	8	1	240	1	243	3.06e-33	117
MDC3060577.1	QIZ21390.1	53.394	221	101	1	1	221	1	219	1.58e-84	246
MDC3060582.1	QIZ20795.1	51.020	343	161	2	5	347	3	338	1.26e-114	332
MDC3060583.1	QIZ20796.1	58.824	306	124	1	2	307	1	304	1.32e-127	362
MDC3060584.1	QIZ20793.1	66.781	292	97	0	1	292	1	292	3.27e-146	408
MDC3060585.1	QIZ20792.1	95.122	41	2	0	1	41	1	41	5.21e-22	74.3
MDC3060587.1	QIZ20790.1	73.204	362	96	1	1	361	1	362	0.0	526
MDC3060588.1	QIZ20789.1	91.579	95	8	0	1	95	1	95	2.35e-59	173
MDC3060589.1	QIZ20788.1	85.991	464	65	0	1	464	1	464	0.0	820
MDC3060590.1	QIZ20853.1	52.609	230	108	1	2	230	9	238	9.38e-81	238
MDC3060591.1	QIZ20786.1	89.062	64	7	0	1	64	1	64	1.62e-35	110
MDC3060592.1	QIZ20785.1	73.143	175	47	0	1	175	1	175	4.33e-99	280
MDC3060593.1	QIZ20784.1	87.838	74	9	0	1	74	1	74	1.12e-47	141
MDC3060594.1	QIZ20783.1	59.746	236	93	1	1	234	11	246	9.61e-99	283
MDC3060595.1	QIZ20782.1	65.054	186	65	0	1	186	1	186	1.44e-94	268
MDC3060596.1	QIZ20781.1	63.819	199	71	1	6	203	9	207	7.33e-77	225
MDC3060597.1	QIZ20780.1	73.952	334	86	1	1	333	1	334	0.0	515
MDC3060598.1	QIZ20779.1	64.194	391	140	0	1	391	1	391	0.0	515
MDC3060599.1	QIZ20778.1	74.627	335	85	0	1	335	1	335	0.0	529
MDC3060600.1	QIZ20777.1	71.210	653	181	3	1	652	1	647	0.0	965
MDC3060601.1	QIZ20776.1	49.541	109	53	1	1	109	1	107	5.95e-22	79.0
MDC3060602.1	QIZ20775.1	60.714	140	55	0	1	140	1	140	3.98e-54	163
MDC3060603.1	QIZ20774.1	53.933	178	79	3	1	177	2	177	5.53e-56	170
MDC3060604.1	QIZ20773.1	61.940	268	102	0	1	268	1	268	2.66e-121	343
MDC3060605.1	QIZ20772.1	63.180	239	87	1	1	239	1	238	6.76e-113	319
MDC3060606.1	QIZ20771.1	74.847	163	41	0	1	163	1	163	2.11e-94	266
MDC3060607.1	QIZ20770.1	76.786	224	52	0	1	224	1	224	1.40e-129	360
MDC3060608.1	QIZ20769.1	90.580	138	13	0	1	138	1	138	1.72e-91	257
MDC3060609.1	QIZ20768.1	71.747	269	76	0	1	269	1	269	5.69e-125	352
MDC3060610.1	QIZ20767.1	86.543	431	58	0	19	449	16	446	0.0	781
MDC3060611.1	QIZ20766.1	80.128	156	27	1	5	160	8	159	7.09e-90	254
MDC3060612.1	QIZ20765.1	62.918	329	110	6	4	329	5	324	8.16e-146	410
MDC3060613.1	QIZ20764.1	42.857	336	182	5	22	355	20	347	1.10e-84	256
MDC3060614.1	QIZ20763.1	79.937	633	122	2	3	635	1	628	0.0	994
MDC3060615.1	QIZ20762.1	58.689	351	143	2	1	350	1	350	1.71e-131	375
MDC3060616.1	QIZ20761.1	72.912	443	120	0	1	443	1	443	0.0	654
MDC3060617.1	QIZ20760.1	68.539	267	84	0	1	267	1	267	1.16e-130	367
MDC3060618.1	QIZ20759.1	77.622	429	96	0	1	429	1	429	0.0	692
MDC3060619.1	QIZ20758.1	82.414	290	51	0	8	297	4	293	0.0	500
MDC3060620.1	QIZ20757.1	64.174	321	115	0	1	321	1	321	1.22e-142	402
MDC3060622.1	QIZ20541.1	33.480	227	149	2	5	230	6	231	2.59e-32	115
MDC3060623.1	QIZ20756.1	64.630	311	107	2	1	309	1	310	1.13e-135	383
MDC3060625.1	QIZ20754.1	60.690	290	113	1	1	289	1	290	5.45e-121	344
MDC3060626.1	QIZ20753.1	72.038	633	177	0	1	633	1	633	0.0	974
MDC3060627.1	QIZ20752.1	78.830	359	76	0	1	359	1	359	0.0	592
MDC3060628.1	QIZ20751.1	59.615	208	83	1	1	207	1	208	9.68e-92	263
MDC3060629.1	QIZ20750.1	71.810	337	95	0	1	337	1	337	0.0	500
MDC3060630.1	QIZ20749.1	79.182	269	55	1	1	269	1	268	6.18e-143	398
MDC3060631.1	QIZ20748.1	78.767	292	62	0	1	292	1	292	0.0	509
MDC3060632.1	QIZ20747.1	56.831	688	296	1	1	688	1	687	0.0	774
MDC3060633.1	QIZ20746.1	81.469	885	164	0	1	885	1	885	0.0	1513
MDC3060634.1	QIZ20745.1	53.818	275	123	3	3	275	5	277	6.98e-95	276
MDC3060635.1	QIZ20744.1	80.243	329	65	0	1	329	1	329	0.0	562
MDC3060636.1	QIZ21388.1	83.810	315	51	0	1	315	1	315	0.0	570
MDC3060637.1	QIZ21395.1	76.829	82	19	0	1	82	193	274	1.92e-41	132
MDC3060639.1	QIZ20733.1	55.556	288	128	0	2	289	3	290	4.55e-116	331
MDC3060641.1	QIZ20732.1	81.882	425	77	0	1	425	1	425	0.0	728
MDC3060642.1	QIZ20731.1	79.389	131	27	0	1	131	1	131	1.38e-78	224
MDC3060643.1	QIZ20730.1	71.271	181	52	0	1	181	1	181	2.40e-95	271
MDC3060644.1	QIZ20729.1	64.167	120	43	0	1	120	1	120	4.59e-58	171
MDC3060645.1	QIZ20728.1	63.312	308	113	0	1	308	1	308	6.65e-143	401
MDC3060646.1	QIZ20727.1	53.301	409	188	3	25	431	25	432	1.76e-146	420
MDC3060647.1	QIZ20726.1	85.326	368	54	0	1	368	1	368	0.0	653
MDC3060648.1	QIZ20725.1	76.158	885	211	0	3	887	4	888	0.0	1408
MDC3060649.1	QIZ20724.1	86.881	404	53	0	1	404	1	404	0.0	746
MDC3060650.1	QIZ20723.1	72.093	215	60	0	1	215	1	215	6.84e-120	335
MDC3060651.1	QIZ20722.1	62.172	267	98	2	1	264	1	267	3.81e-115	327
MDC3060652.1	QIZ20721.1	73.754	301	79	0	1	301	1	301	6.55e-170	469
MDC3060653.1	QIZ20720.1	58.621	203	84	0	1	203	1	203	5.68e-87	251
MDC3060654.1	QIZ20719.1	79.261	352	73	0	1	352	1	352	0.0	556
MDC3060655.1	QIZ20718.1	54.676	139	62	1	6	143	7	145	2.30e-46	143
MDC3060656.1	QIZ20717.1	71.401	521	148	1	1	520	1	521	0.0	772
MDC3060657.1	QIZ20715.1	62.016	258	97	1	1	258	1	257	8.42e-115	325
MDC3060658.1	QIZ20714.1	84.804	204	30	1	1	203	1	204	5.57e-121	337
MDC3060659.1	QIZ20707.1	65.432	162	54	1	4	163	2	163	1.36e-71	209
MDC3060660.1	QIZ20706.1	79.688	256	52	0	1	256	9	264	1.64e-155	429
MDC3060661.1	QIZ20705.1	63.677	223	77	1	1	219	1	223	9.49e-101	288
MDC3060662.1	QIZ20704.1	50.955	314	153	1	8	320	3	316	1.49e-108	315
MDC3060663.1	QIZ20703.1	62.007	279	102	1	1	275	1	279	3.59e-119	339
MDC3060664.1	QIZ20702.1	65.651	361	123	1	4	363	5	365	1.47e-176	491
MDC3060665.1	QIZ20701.1	73.810	126	33	0	1	126	1	126	6.35e-71	204
MDC3060666.1	QIZ20700.1	81.799	956	170	2	1	956	1	952	0.0	1631
MDC3060667.1	QIZ20699.1	64.734	414	144	2	1	412	1	414	0.0	554
MDC3060669.1	QIZ20698.1	67.092	392	129	0	1	392	1	392	0.0	526
MDC3060670.1	QIZ20697.1	59.890	182	73	0	1	182	1	182	1.26e-74	218
MDC3060671.1	QIZ20696.1	60.163	246	98	0	3	248	4	249	1.40e-106	304
MDC3060672.1	QIZ20694.1	86.649	367	49	0	1	367	1	367	0.0	655
MDC3060673.1	QIZ21213.1	40.714	140	83	0	25	164	4	143	8.34e-28	98.2
MDC3060674.1	QIZ20688.1	85.678	398	57	0	1	398	1	398	0.0	736
MDC3060675.1	QIZ20687.1	62.500	152	57	0	3	154	6	157	7.99e-62	183
MDC3060676.1	QIZ20686.1	48.507	134	65	1	1	130	1	134	9.66e-38	120
MDC3060677.1	QIZ20683.1	73.090	301	81	0	1	301	1	301	5.03e-154	428
MDC3060678.1	QIZ20681.1	86.757	370	49	0	1	370	1	370	0.0	692
MDC3060679.1	QIZ20679.1	77.333	75	17	0	1	75	1	75	1.11e-41	126
MDC3060680.1	QIZ20677.1	58.730	189	65	4	51	236	59	237	7.94e-52	164
MDC3060681.1	QIZ20673.1	54.358	436	190	2	1	431	1	432	5.01e-164	464
MDC3060682.1	QIZ20672.1	65.385	286	99	0	2	287	1	286	9.97e-142	396
MDC3060683.1	QIZ20671.1	59.740	308	122	2	1	306	1	308	5.56e-126	358
MDC3060684.1	QIZ20670.1	57.611	427	176	2	4	425	5	431	0.0	514
MDC3060687.1	QIZ20669.1	78.288	479	104	0	14	492	14	492	0.0	801
MDC3060688.1	QIZ20668.1	64.052	153	55	0	28	180	29	181	1.17e-74	218
MDC3060689.1	QIZ20667.1	72.762	793	213	2	1	790	1	793	0.0	1111
MDC3060690.1	QIZ20666.1	80.426	470	90	2	1	468	1	470	0.0	781
MDC3060691.1	QIZ20665.1	63.158	152	56	0	1	152	1	152	4.79e-59	176
MDC3060692.1	QIZ20664.1	82.857	70	12	0	20	89	1	70	6.43e-38	117
MDC3060693.1	QIZ20663.1	66.346	104	35	0	1	104	1	104	1.03e-50	152
MDC3060694.1	QIZ20662.1	53.896	308	142	0	1	308	1	308	3.15e-107	310
MDC3060695.1	QIZ20661.1	63.525	244	89	0	1	244	3	246	2.23e-110	313
MDC3060696.1	QIZ20660.1	88.608	79	9	0	1	79	1	79	2.84e-44	133
MDC3060697.1	QIZ20659.1	55.882	204	85	1	5	203	5	208	1.21e-81	238
MDC3060698.1	QIZ20658.1	54.118	255	116	1	6	260	6	259	8.04e-92	268
MDC3060699.1	QIZ20657.1	51.988	327	143	4	4	326	3	319	6.41e-99	290
MDC3060700.1	QIZ20656.1	38.870	301	168	7	9	301	7	299	1.25e-50	165
MDC3060701.1	QIZ20655.1	37.415	735	432	9	140	848	73	805	3.68e-144	442
MDC3060702.1	QIZ20654.1	41.504	359	206	4	4	361	2	357	5.11e-70	219
MDC3060703.1	QIZ20653.1	36.340	377	226	5	1	370	1	370	1.31e-69	219
MDC3060704.1	QIZ20652.1	67.347	490	146	7	1	481	1	485	0.0	620
MDC3060705.1	QIZ20651.1	76.336	131	31	0	2	132	5	135	3.68e-64	187
MDC3060706.1	QIZ20650.1	60.209	191	76	0	1	191	1	191	3.72e-74	218
MDC3060707.1	QIZ20649.1	67.560	336	109	0	5	340	6	341	3.89e-159	444
MDC3060708.1	QIZ20648.1	40.401	349	207	1	7	355	11	358	1.31e-73	228
MDC3060709.1	QIZ20647.1	55.000	220	99	0	1	220	5	224	4.19e-75	222
MDC3060710.1	QIZ20646.1	76.007	596	141	1	1	596	1	594	0.0	957
MDC3060711.1	QIZ20645.1	66.787	277	83	2	1	272	1	273	5.33e-133	373
MDC3060712.1	QIZ20644.1	62.712	118	43	1	1	118	1	117	1.63e-49	149
MDC3060713.1	QIZ20643.1	70.968	93	27	0	41	133	39	131	2.29e-46	142
MDC3060714.1	QIZ20642.1	85.618	445	64	0	1	445	1	445	0.0	799
MDC3060715.1	QIZ20641.1	65.753	146	39	2	1	140	1	141	7.69e-61	179
MDC3060716.1	QIZ20640.1	61.314	137	53	0	9	145	9	145	3.03e-57	171
MDC3060718.1	QIZ20638.1	78.346	254	55	0	5	258	4	257	4.63e-150	415
MDC3060719.1	QIZ20637.1	64.883	598	183	5	1	577	1	592	0.0	718
MDC3060721.1	QIZ20863.1	42.449	245	130	5	99	336	80	320	1.87e-51	171
MDC3060723.1	QIZ20234.1	80.000	115	23	0	1	115	1	115	1.56e-67	207
MDC3060724.1	QIZ20233.1	64.901	453	159	0	1	453	1	453	0.0	617
MDC3060725.1	QIZ20232.1	76.230	244	58	0	1	244	1	244	7.94e-143	395
MDC3060726.1	QIZ20231.1	83.878	459	74	0	1	459	1	459	0.0	829
MDC3060727.1	QIZ20230.1	78.548	606	130	0	1	606	1	606	0.0	1011
MDC3060728.1	QIZ20229.1	72.195	205	54	1	1	202	1	205	2.09e-103	292
MDC3060729.1	QIZ20228.1	66.079	227	77	0	1	227	1	227	4.66e-119	334
MDC3060730.1	QIZ20227.1	80.400	500	98	0	1	500	1	500	0.0	847
MDC3060731.1	QIZ20226.1	79.530	298	61	0	1	298	1	298	0.0	501
MDC3060732.1	QIZ20225.1	87.166	374	48	0	1	374	1	374	0.0	681
MDC3060733.1	QIZ20222.1	88.427	337	39	0	1	337	6	342	0.0	640
MDC3060734.1	QIZ20221.1	84.877	648	95	1	1	648	1	645	0.0	1168
MDC3060735.1	QIZ20220.1	70.041	484	142	2	1	481	1	484	0.0	714
MDC3060736.1	QIZ20205.1	46.923	260	137	1	3	261	18	277	2.31e-57	180
MDC3060737.1	QIZ20204.1	56.918	318	137	0	1	318	1	318	1.32e-143	404
MDC3060738.1	QIZ20199.1	71.512	172	44	1	1	167	1	172	1.43e-81	234
MDC3060739.1	QIZ20198.1	73.684	399	105	0	1	399	1	399	0.0	521
MDC3060740.1	QIZ20197.1	88.581	289	33	0	1	289	1	289	0.0	536
MDC3060741.1	QIZ20196.1	66.332	199	67	0	1	199	1	199	3.41e-104	294
MDC3060742.1	QIZ20192.1	79.042	167	35	0	1	167	1	167	4.25e-100	281
MDC3060743.1	QIZ20191.1	70.166	181	54	0	1	181	1	181	2.25e-100	283
MDC3060744.1	QIZ20190.1	64.444	360	127	1	1	360	1	359	8.56e-175	486
MDC3060745.1	QIZ20570.1	54.348	138	62	1	1	138	1	137	4.83e-53	160
MDC3060746.1	QIZ20186.1	47.170	212	112	0	7	218	9	220	7.87e-71	212
MDC3060747.1	QIZ20184.1	71.661	307	87	0	1	307	1	307	1.75e-156	436
MDC3060748.1	QIZ20183.1	82.171	129	23	0	1	129	1	129	2.82e-72	207
MDC3060750.1	QIZ20182.1	80.717	223	43	0	1	223	1	223	1.78e-133	370
MDC3060751.1	QIZ20181.1	91.739	230	19	0	1	230	1	230	3.99e-153	420
MDC3060752.1	QIZ20180.1	82.686	283	49	0	1	283	1	283	2.28e-175	481
MDC3060753.1	QIZ21593.1	76.301	346	82	0	1	346	1	346	0.0	548
MDC3060759.1	QIZ21591.1	78.857	175	36	1	1	174	1	175	6.32e-92	261
MDC3060760.1	QIZ20957.1	30.068	296	188	3	3	280	1	295	6.11e-34	121
MDC3060761.1	QIZ20851.1	31.392	309	189	9	5	308	6	296	5.78e-36	128
MDC3060767.1	QIZ20480.1	58.182	165	69	0	22	186	22	186	2.41e-66	197
MDC3060768.1	QIZ20481.1	58.824	221	91	0	1	221	1	221	6.06e-91	263
MDC3060769.1	QIZ20482.1	57.937	126	53	0	1	126	1	126	1.02e-45	141
MDC3060770.1	QIZ20483.1	65.278	216	71	2	1	215	2	214	4.71e-99	282
MDC3060771.1	QIZ20484.1	72.653	245	67	0	6	250	4	248	1.99e-135	377
MDC3060772.1	QIZ20485.1	52.577	485	230	0	1	485	1	485	0.0	516
MDC3060773.1	QIZ20487.1	76.082	439	105	0	4	442	2	440	0.0	650
MDC3060774.1	QIZ20488.1	58.454	207	72	2	7	200	14	219	4.70e-72	213
MDC3060775.1	QIZ20489.1	59.341	364	147	1	1	364	1	363	2.79e-161	452
MDC3060776.1	QIZ20495.1	71.215	535	149	2	1	535	1	530	0.0	824
MDC3060777.1	QIZ20496.1	80.000	190	37	1	3	192	8	196	4.33e-95	270
MDC3060778.1	QIZ21362.1	90.476	63	6	0	1	63	1	63	9.21e-29	101
MDC3060779.1	QIZ21361.1	69.737	152	46	0	1	152	1	152	4.92e-65	191
MDC3060780.1	QIZ21360.1	75.806	372	90	0	13	384	14	385	0.0	598
MDC3060781.1	QIZ21359.1	79.516	1074	220	0	1	1074	1	1074	0.0	1791
MDC3060782.1	QIZ21414.1	66.667	120	40	0	30	149	3	122	7.68e-61	179
MDC3060783.1	QIZ21319.1	71.818	220	62	0	1	220	1	220	1.90e-121	339
MDC3060784.1	QIZ21318.1	57.692	312	131	1	1	311	1	312	2.20e-131	372
MDC3060785.1	QIZ21317.1	88.217	314	37	0	1	314	1	314	0.0	587
MDC3060787.1	QIZ21316.1	70.561	214	63	0	1	214	1	214	4.87e-104	295
MDC3060788.1	QIZ21314.1	79.449	399	82	0	1	399	1	399	0.0	679
MDC3060789.1	QIZ21313.1	85.253	712	105	0	1	712	1	712	0.0	1298
MDC3060790.1	QIZ21312.1	78.947	247	52	0	1	247	1	247	4.03e-144	399
MDC3060791.1	QIZ21310.1	80.142	141	28	0	1	141	1	141	9.29e-78	223
MDC3060792.1	QIZ21309.1	77.087	611	140	0	1	611	1	611	0.0	1008
MDC3060793.1	QIZ21308.1	86.842	190	25	0	4	193	4	193	9.55e-119	330
MDC3060794.1	QIZ21307.1	78.276	290	63	0	1	290	1	290	0.0	499
MDC3060795.1	QIZ21306.1	72.414	145	40	0	1	145	1	145	3.01e-75	216
MDC3060796.1	QIZ21305.1	68.000	225	72	0	1	225	1	225	7.41e-112	315
MDC3060797.1	QIZ21304.1	59.629	431	172	1	1	429	9	439	0.0	516
MDC3060798.1	QIZ21303.1	62.857	70	26	0	1	70	1	70	1.66e-25	86.3
MDC3060799.1	QIZ21302.1	62.992	254	93	1	1	253	1	254	1.32e-114	325
MDC3060800.1	QIZ21301.1	48.961	337	171	1	11	346	11	347	1.02e-99	294
MDC3060801.1	QIZ21300.1	54.365	252	112	1	1	249	1	252	1.11e-75	226
MDC3060802.1	QIZ21299.1	83.871	310	50	0	1	310	1	310	0.0	514
MDC3060803.1	QIZ21298.1	57.754	187	79	0	1	187	1	187	3.12e-78	231
MDC3060804.1	QIZ21297.1	77.838	185	41	0	1	185	1	185	2.29e-106	298
MDC3060805.1	QIZ21296.1	74.790	357	90	0	1	357	1	357	0.0	561
MDC3060806.1	QIZ21295.1	75.686	255	60	1	5	259	7	259	4.44e-142	395
MDC3060807.1	QIZ21294.1	87.589	419	52	0	1	419	1	419	0.0	744
MDC3060808.1	QIZ21293.1	77.059	170	38	1	1	170	1	169	7.29e-95	268
MDC3060809.1	QIZ21292.1	70.345	145	43	0	10	154	5	149	1.29e-76	221
MDC3060810.1	QIZ21291.1	67.153	274	90	0	1	274	1	274	3.29e-140	391
MDC3060811.1	QIZ21290.1	78.481	158	34	0	1	158	1	158	1.29e-87	249
MDC3060812.1	QIZ21289.1	47.891	403	210	0	22	424	22	424	1.01e-129	377
MDC3060813.1	QIZ21288.1	49.458	277	136	4	6	279	6	281	5.79e-72	218
MDC3060814.1	QIZ21287.1	47.177	549	280	4	17	559	15	559	2.09e-160	465
MDC3060815.1	QIZ21286.1	50.679	221	100	1	23	234	23	243	1.21e-66	202
MDC3060816.1	QIZ21285.1	68.649	185	58	0	3	187	2	186	5.73e-94	267
MDC3060817.1	QIZ21284.1	77.620	353	79	0	5	357	4	356	0.0	588
MDC3060818.1	QIZ21283.1	46.214	383	199	3	1	377	1	382	1.19e-116	340
MDC3060819.1	QIZ21282.1	56.782	317	132	3	9	324	9	321	6.25e-120	344
MDC3060820.1	QIZ21281.1	53.086	162	75	1	1	161	1	162	2.57e-54	165
MDC3060821.1	QIZ21280.1	60.819	171	67	0	23	193	26	196	5.91e-77	224
MDC3060822.1	QIZ21279.1	67.678	857	277	0	1	857	1	857	0.0	1156
MDC3060823.1	QIZ21278.1	68.132	91	28	1	1	90	1	91	1.86e-37	117
MDC3060824.1	QIZ21277.1	86.066	244	34	0	1	244	1	244	1.98e-158	435
MDC3060825.1	QIZ21276.1	100.000	75	0	0	1	75	1	75	1.79e-46	138
MDC3060826.1	QIZ21275.1	63.473	167	61	0	22	188	5	171	1.05e-71	211
MDC3060827.1	QIZ21274.1	66.061	165	56	0	1	165	4	168	1.12e-72	211
MDC3060828.1	QIZ21273.1	81.070	486	91	1	1	486	1	485	0.0	815
MDC3060829.1	QIZ21272.1	53.041	296	126	2	1	296	1	283	3.67e-103	298
MDC3060830.1	QIZ21271.1	61.429	140	54	0	1	140	1	140	5.16e-57	177
MDC3060831.1	QIZ21220.1	81.421	549	102	0	1	549	143	691	0.0	935
MDC3060833.1	QIZ21219.1	50.000	96	48	0	4	99	5	100	1.35e-32	105
MDC3060834.1	QIZ21218.1	76.376	436	95	2	1	428	1	436	0.0	672
MDC3060835.1	QIZ21217.1	63.006	173	62	2	1	172	6	177	2.44e-78	227
MDC3060836.1	QIZ20953.1	40.461	304	139	6	2	296	3	273	4.30e-64	199
MDC3060837.1	QIZ21216.1	58.763	97	40	0	3	99	2	98	1.11e-43	133
MDC3060838.1	QIZ21215.1	79.147	211	41	1	1	208	1	211	2.39e-122	341
MDC3060839.1	QIZ21214.1	71.769	294	82	1	1	293	1	294	1.65e-152	424
MDC3060840.1	QIZ21213.1	64.384	146	52	0	1	146	1	146	3.69e-71	206
MDC3060841.1	QIZ21212.1	58.736	269	110	1	1	269	1	268	1.01e-114	327
MDC3060842.1	QIZ21211.1	53.115	305	143	0	1	305	1	305	3.30e-112	323
MDC3060843.1	QIZ21210.1	80.558	1039	202	0	1	1039	1	1039	0.0	1658
MDC3060844.1	QIZ21209.1	73.958	192	50	0	6	197	8	199	1.90e-113	317
MDC3060845.1	QIZ20306.1	35.260	173	94	5	5	175	4	160	2.65e-26	94.0
MDC3060847.1	QIZ21207.1	68.201	239	72	3	1	236	1	238	3.09e-122	343
MDC3060848.1	QIZ21206.1	56.140	228	98	1	1	226	1	228	3.24e-87	253
MDC3060849.1	QIZ21205.1	53.822	314	140	3	6	314	8	321	7.40e-100	292
MDC3060850.1	QIZ21204.1	44.521	146	80	1	13	157	3	148	1.69e-37	122
MDC3060851.1	QIZ21203.1	84.813	428	65	0	1	428	1	428	0.0	749
MDC3060852.1	QIZ21202.1	61.644	511	193	3	1	508	1	511	0.0	578
MDC3060853.1	QIZ21201.1	87.069	232	29	1	3	233	4	235	1.27e-150	414
MDC3060854.1	QIZ21200.1	74.270	925	237	1	1	925	1	924	0.0	1406
MDC3060855.1	QIZ21198.1	51.913	183	87	1	1	182	1	183	1.79e-62	187
MDC3060856.1	QIZ21197.1	82.873	181	31	0	5	185	7	187	6.57e-112	312
MDC3060857.1	QIZ21196.1	77.551	392	88	0	1	392	1	392	0.0	649
MDC3060858.1	QIZ21195.1	84.438	347	54	0	1	347	1	347	0.0	605
MDC3060859.1	QIZ21194.1	80.690	290	56	0	20	309	1	290	2.79e-173	477
MDC3060860.1	QIZ21193.1	72.222	180	50	0	1	180	1	180	1.59e-93	266
MDC3060861.1	QIZ21192.1	80.000	80	16	0	1	80	1	80	5.43e-44	134
MDC3060862.1	QIZ21191.1	61.383	347	131	1	1	344	1	347	2.57e-148	417
MDC3060863.1	QIZ21190.1	78.736	522	111	0	1	522	3	524	0.0	854
MDC3060864.1	QIZ21189.1	69.783	460	139	0	1	460	22	481	0.0	624
MDC3060865.1	QIZ21188.1	81.278	454	85	0	4	457	5	458	0.0	701
MDC3060866.1	QIZ21187.1	54.251	247	108	2	1	247	1	242	4.25e-83	244
MDC3060867.1	QIZ21186.1	56.610	295	125	2	5	297	4	297	1.13e-113	326
MDC3060868.1	QIZ21185.1	62.117	359	135	1	1	358	1	359	3.63e-159	446
MDC3060869.1	QIZ21184.1	76.011	371	89	0	1	371	1	371	0.0	599
MDC3060870.1	QIZ21183.1	72.589	197	54	0	1	197	1	197	6.61e-105	296
MDC3060871.1	QIZ21182.1	55.731	253	98	1	1	253	1	239	1.32e-99	286
MDC3060872.1	QIZ21181.1	77.586	116	24	1	1	114	1	116	3.14e-64	187
MDC3060873.1	QIZ21180.1	89.286	84	9	0	1	84	1	84	5.75e-51	150
MDC3060874.1	QIZ21179.1	71.865	327	92	0	1	327	1	327	6.24e-167	463
MDC3060875.1	QIZ21178.1	73.641	368	97	0	1	368	1	368	0.0	557
MDC3060876.1	QIZ21177.1	62.981	416	154	0	1	416	1	416	0.0	509
MDC3060877.1	QIZ21176.1	60.345	174	68	1	1	174	8	180	8.42e-69	202
MDC3060878.1	QIZ21175.1	72.414	116	32	0	1	116	1	116	1.08e-59	175
MDC3060879.1	QIZ21174.1	74.930	359	90	0	19	377	21	379	0.0	554
MDC3060880.1	QIZ21173.1	67.763	152	49	0	7	158	7	158	6.98e-78	224
MDC3060881.1	QIZ21172.1	60.000	130	52	0	1	130	1	130	4.63e-54	162
MDC3060882.1	QIZ21171.1	94.915	472	24	0	1	472	1	472	0.0	912
MDC3060883.1	QIZ21170.1	100.000	43	0	0	1	43	249	291	1.21e-24	87.4
MDC3060884.1	QIZ20553.1	88.698	407	46	0	5	411	22	428	0.0	760
MDC3060886.1	QIZ21131.1	25.000	292	189	7	122	396	4	282	2.90e-22	91.3
MDC3060889.1	QIZ20595.1	46.667	360	168	5	1	336	1	360	1.10e-105	310
MDC3060890.1	QIZ20554.1	63.184	201	74	0	1	201	1	201	1.94e-82	239
MDC3060891.1	QIZ20975.1	55.297	387	170	1	9	392	7	393	1.43e-157	445
MDC3060892.1	QIZ21531.1	72.206	349	95	2	3	349	4	352	9.66e-175	485
MDC3060893.1	QIZ21530.1	69.346	535	161	1	2	536	5	536	0.0	714
MDC3060895.1	QIZ21527.1	68.713	342	104	3	1	342	1	339	3.80e-172	478
MDC3060896.1	QIZ21523.1	85.085	295	44	0	1	295	1	295	0.0	529
MDC3060897.1	QIZ21522.1	78.378	333	72	0	1	333	1	333	0.0	558
MDC3060898.1	QIZ21521.1	81.188	202	36	1	1	200	1	202	5.86e-127	352
MDC3060899.1	QIZ21520.1	82.581	155	27	0	1	155	1	155	3.78e-99	278
MDC3060900.1	QIZ20620.1	52.261	199	87	2	1	195	1	195	2.01e-65	196
MDC3060901.1	QIZ21519.1	81.452	124	23	0	1	124	1	124	2.48e-75	215
MDC3060903.1	QIZ21516.1	85.343	539	79	0	1	539	1	539	0.0	984
MDC3060904.1	QIZ21515.1	80.757	317	61	0	1	317	1	317	0.0	520
MDC3060905.1	QIZ21514.1	86.345	249	34	0	1	249	1	249	2.52e-160	440
MDC3060906.1	QIZ21513.1	90.247	810	79	0	1	810	1	810	0.0	1514
MDC3060907.1	QIZ21512.1	67.376	141	46	0	14	154	26	166	3.22e-70	205
MDC3060908.1	QIZ21511.1	73.656	186	49	0	1	186	1	186	4.88e-107	300
MDC3060909.1	QIZ20490.1	28.625	269	185	1	3	264	5	273	3.71e-32	117
MDC3060910.1	QIZ21448.1	61.975	476	180	1	1	475	1	476	0.0	595
MDC3060914.1	QIZ20555.1	42.264	265	149	2	76	340	236	496	6.07e-58	191
MDC3060915.1	QIZ20556.1	46.041	341	180	2	2	338	3	343	5.20e-107	313
MDC3060916.1	QIZ20592.1	32.669	251	156	5	6	255	5	243	4.61e-36	124
MDC3060921.1	QIZ20495.1	43.879	531	291	4	2	527	3	531	1.51e-145	424
MDC3060922.1	QIZ20681.1	75.272	368	91	0	2	369	3	370	0.0	608
MDC3060923.1	QIZ20216.1	57.098	317	135	1	1	316	1	317	9.87e-126	358
MDC3060925.1	QIZ21510.1	47.826	138	72	0	1	138	1	138	9.08e-38	121
MDC3060926.1	QIZ21509.1	78.125	256	56	0	2	257	6	261	3.22e-152	420
MDC3060929.1	QIZ21508.1	88.618	123	14	0	1	123	1	123	1.06e-83	236
MDC3060930.1	QIZ21507.1	67.164	134	44	0	1	134	1	134	4.39e-67	195
MDC3060932.1	QIZ21062.1	60.448	134	53	0	1	134	1	134	9.92e-51	154
MDC3060933.1	QIZ21063.1	58.673	196	77	3	1	193	1	195	9.28e-73	214
MDC3060934.1	QIZ21064.1	51.538	130	61	2	6	134	38	166	6.68e-37	120
MDC3060936.1	QIZ21065.1	84.211	456	70	2	1	455	1	455	0.0	755
MDC3060937.1	QIZ21066.1	85.965	171	24	0	1	171	1	171	1.72e-108	303
MDC3060938.1	QIZ21067.1	86.224	196	27	0	1	196	1	196	3.23e-130	359
MDC3060939.1	QIZ21068.1	85.096	208	31	0	1	208	1	208	9.54e-134	369
MDC3060941.1	QIZ21070.1	86.864	236	31	0	1	236	1	236	2.21e-153	422
MDC3060942.1	QIZ21071.1	85.657	251	36	0	1	251	1	251	1.23e-163	449
MDC3060944.1	QIZ21073.1	79.339	121	25	0	1	121	1	121	2.61e-69	199
MDC3060945.1	QIZ21074.1	56.790	162	70	0	2	163	4	165	1.58e-64	191
MDC3060946.1	QIZ21075.1	56.354	181	77	1	5	183	4	184	8.44e-65	193
MDC3060947.1	QIZ21076.1	66.428	697	228	5	1	692	1	696	0.0	863
MDC3060948.1	QIZ21077.1	42.204	372	195	9	1	360	14	377	1.50e-74	231
MDC3060949.1	QIZ21078.1	52.830	212	100	0	3	214	2	213	3.07e-78	229
MDC3060951.1	QIZ21079.1	64.047	509	179	2	6	514	14	518	0.0	636
MDC3060953.1	QIZ21080.1	72.018	218	61	0	1	218	1	218	3.77e-116	326
MDC3060954.1	QIZ21081.1	75.962	104	25	0	8	111	12	115	1.42e-57	169
MDC3060955.1	QIZ21082.1	73.026	608	156	3	8	615	3	602	0.0	853
MDC3060956.1	QIZ21083.1	59.770	87	32	2	1	85	1	86	5.30e-34	107
MDC3060957.1	QIZ21084.1	57.561	205	87	0	4	208	3	207	1.42e-81	237
MDC3060958.1	QIZ21085.1	82.812	640	110	0	54	693	40	679	0.0	1122
MDC3060959.1	QIZ21086.1	70.803	137	40	0	1	137	1	137	1.98e-69	201
MDC3060960.1	QIZ21088.1	68.347	357	112	1	1	356	1	357	0.0	506
MDC3060961.1	QIZ21089.1	55.049	307	134	2	1	303	1	307	2.87e-115	330
MDC3060962.1	QIZ21090.1	59.914	232	93	0	1	232	1	232	1.50e-104	298
MDC3060963.1	QIZ21091.1	79.224	361	75	0	1	361	1	361	0.0	546
MDC3060964.1	QIZ21092.1	83.333	96	16	0	1	96	1	96	5.65e-54	159
MDC3060965.1	QIZ21093.1	85.765	281	40	0	1	281	1	281	6.10e-179	490
MDC3060966.1	QIZ21096.1	81.356	236	44	0	1	236	1	236	2.69e-147	406
MDC3060967.1	QIZ21097.1	81.452	496	92	0	1	496	1	496	0.0	837
MDC3060972.1	QIZ21103.1	70.789	380	109	2	1	379	1	379	0.0	556
MDC3060973.1	QIZ21104.1	84.921	126	19	0	1	126	1	126	1.13e-73	211
MDC3060974.1	QIZ21105.1	77.333	150	32	1	1	148	1	150	2.90e-75	217
MDC3060975.1	QIZ21107.1	83.376	391	65	0	3	393	5	395	0.0	686
MDC3060976.1	QIZ21108.1	67.857	168	52	1	1	168	3	168	5.97e-84	240
MDC3060977.1	QIZ21109.1	69.364	346	105	1	1	346	1	345	0.0	526
MDC3060978.1	QIZ21110.1	79.204	226	46	1	1	225	1	226	2.21e-128	358
MDC3060980.1	QIZ20908.1	49.356	233	111	3	1	226	1	233	2.34e-68	206
MDC3060981.1	QIZ20898.1	38.574	477	283	6	3	476	4	473	7.97e-112	334
MDC3060983.1	QIZ20896.1	48.585	424	211	5	4	424	3	422	4.91e-134	387
MDC3060984.1	QIZ20895.1	60.323	310	121	2	1	310	1	308	3.98e-141	396
MDC3060985.1	QIZ20894.1	73.664	262	69	0	5	266	4	265	2.53e-131	368
MDC3060986.1	QIZ20893.1	77.396	407	92	0	1	407	1	407	0.0	669
MDC3060987.1	QIZ20892.1	50.244	205	100	2	1	204	1	204	1.43e-66	199
MDC3060988.1	QIZ20891.1	48.444	225	108	5	5	222	6	229	2.47e-66	200
MDC3060989.1	QIZ20890.1	57.333	75	32	0	2	76	20	94	6.63e-22	77.4
MDC3060990.1	QIZ20889.1	51.562	576	277	2	1	575	1	575	0.0	605
MDC3060991.1	QIZ20888.1	63.415	205	75	0	13	217	12	216	8.14e-87	251
MDC3060992.1	QIZ20887.1	60.143	419	166	1	19	436	19	437	1.46e-164	466
MDC3060993.1	QIZ20886.1	50.588	255	126	0	3	257	2	256	1.90e-94	274
MDC3060995.1	QIZ20884.1	57.692	312	129	3	12	322	13	322	1.13e-123	353
MDC3060996.1	QIZ20883.1	61.951	205	76	1	1	205	1	203	2.69e-91	262
MDC3060997.1	QIZ20882.1	53.106	322	148	3	1	321	1	320	5.47e-122	349
MDC3060998.1	QIZ20881.1	54.118	170	69	4	1	165	1	166	4.63e-62	184
MDC3060999.1	QIZ20879.1	75.515	388	95	0	1	388	1	388	0.0	576
MDC3061000.1	QIZ20878.1	71.429	308	88	0	1	308	1	308	2.78e-166	460
MDC3061001.1	QIZ20877.1	62.431	181	66	1	1	181	11	189	2.48e-87	250
MDC3061002.1	QIZ20876.1	63.008	246	90	1	1	245	1	246	5.51e-99	285
MDC3061003.1	QIZ20875.1	59.489	274	111	0	2	275	3	276	4.94e-119	338
MDC3061004.1	QIZ20874.1	56.396	555	226	6	1	543	1	551	0.0	593
MDC3061005.1	QIZ20873.1	70.476	105	31	0	1	105	1	105	1.39e-47	143
MDC3061006.1	QIZ20872.1	77.436	195	44	0	1	195	1	195	9.36e-115	321
MDC3061007.1	QIZ20871.1	68.638	727	217	3	1	716	4	730	0.0	1039
MDC3061008.1	QIZ20870.1	66.576	368	123	0	1	368	1	368	0.0	522
MDC3061009.1	QIZ20869.1	67.920	851	257	4	1	838	1	848	0.0	1152
MDC3061010.1	QIZ20868.1	60.628	414	162	1	18	431	21	433	0.0	513
MDC3061011.1	QIZ20867.1	55.172	145	59	2	1	141	1	143	4.46e-45	140
MDC3061012.1	QIZ20866.1	66.527	239	80	0	4	242	2	240	2.32e-119	336
MDC3061013.1	QIZ20865.1	67.246	403	132	0	1	403	1	403	0.0	556
MDC3061014.1	QIZ20864.1	76.454	361	85	0	1	361	1	361	0.0	582
MDC3061015.1	QIZ20863.1	70.506	356	105	0	3	358	2	357	0.0	508
MDC3061016.1	QIZ20862.1	44.643	280	155	0	1	280	1	280	1.28e-78	235
MDC3061018.1	QIZ20860.1	69.545	220	65	1	1	220	213	430	2.02e-112	324
MDC3061019.1	QIZ20451.1	74.863	183	46	0	1	183	1	183	1.88e-101	286
MDC3061020.1	QIZ20452.1	66.431	283	95	0	1	283	1	283	4.61e-139	389
MDC3061022.1	QIZ20453.1	66.930	1140	371	6	1	1137	2	1138	0.0	1551
MDC3061023.1	QIZ20454.1	59.735	226	91	0	1	226	1	226	2.76e-95	274
MDC3061024.1	QIZ20455.1	62.683	410	152	1	1	409	1	410	2.38e-170	479
MDC3061025.1	QIZ20456.1	75.510	441	107	1	1	440	1	441	0.0	698
MDC3061026.1	QIZ20457.1	66.234	77	26	0	1	77	1	77	2.27e-28	93.2
MDC3061027.1	QIZ20458.1	73.551	552	145	1	1	552	1	551	0.0	888
MDC3061028.1	QIZ20459.1	53.279	244	113	1	1	243	1	244	2.86e-79	234
MDC3061029.1	QIZ20460.1	50.292	171	83	2	1	169	1	171	1.13e-44	141
MDC3061030.1	QIZ20461.1	70.701	471	138	0	1	471	1	471	0.0	628
MDC3061031.1	QIZ20462.1	74.694	490	123	1	1	490	1	489	0.0	753
MDC3061032.1	QIZ20463.1	74.411	637	163	0	1	637	1	637	0.0	983
MDC3061033.1	QIZ20464.1	79.612	103	21	0	1	103	1	103	5.53e-46	139
MDC3061034.1	QIZ20465.1	79.426	209	43	0	1	209	1	209	7.73e-124	345
MDC3061035.1	QIZ20466.1	85.714	161	23	0	1	161	1	161	2.72e-107	299
MDC3061036.1	QIZ20467.1	84.639	332	51	0	1	332	1	332	0.0	568
MDC3061037.1	QIZ20468.1	65.882	680	226	2	1	675	1	679	0.0	959
MDC3061038.1	QIZ20469.1	81.038	443	84	0	1	443	1	443	0.0	769
MDC3061039.1	QIZ20470.1	66.832	202	67	0	1	202	1	202	1.23e-104	295
MDC3061040.1	QIZ20471.1	88.491	391	45	0	1	391	1	391	0.0	737
MDC3061041.1	QIZ20472.1	72.396	192	53	0	1	192	1	192	2.33e-107	302
MDC3061042.1	QIZ20473.1	87.861	173	21	0	1	173	1	173	4.80e-121	334
MDC3061043.1	QIZ20474.1	80.328	122	24	0	1	122	1	122	1.36e-67	195
MDC3061044.1	QIZ20475.1	81.760	784	143	0	1	784	2	785	0.0	1306
MDC3061045.1	QIZ20476.1	88.571	420	46	1	2	419	3	422	0.0	769
MDC3061046.1	QIZ20477.1	81.000	200	38	0	2	201	3	202	9.96e-130	359
MDC3061047.1	QIZ20478.1	67.136	426	140	0	1	426	1	426	0.0	575
MDC3061048.1	QIZ20479.1	65.385	78	27	0	1	78	1	78	9.68e-35	109
MDC3061050.1	QIZ20719.1	35.593	354	204	9	3	343	4	346	7.87e-54	176
MDC3061051.1	QIZ21541.1	65.314	813	280	2	1	811	1	813	0.0	1111
MDC3061052.1	QIZ20511.1	86.683	398	53	0	3	400	195	592	0.0	734
MDC3061053.1	QIZ21395.1	84.404	109	17	0	1	109	16	124	4.75e-66	196
MDC3061054.1	QIZ21396.1	81.416	339	60	3	29	364	28	366	0.0	566
MDC3061055.1	QIZ21397.1	83.273	275	46	0	13	287	15	289	2.28e-171	471
MDC3061056.1	QIZ21398.1	77.049	61	14	0	1	61	1	61	3.09e-31	99.0
MDC3061057.1	QIZ21399.1	71.613	465	128	2	10	470	7	471	0.0	661
MDC3061058.1	QIZ21400.1	58.188	287	119	1	1	286	1	287	1.57e-99	291
MDC3061059.1	QIZ21401.1	82.993	588	100	0	1	588	1	588	0.0	1011
MDC3061060.1	QIZ21402.1	80.110	181	36	0	1	181	1	181	4.58e-104	292
MDC3061061.1	QIZ21403.1	84.661	339	51	1	1	339	1	338	0.0	601
MDC3061062.1	QIZ21404.1	84.570	512	76	2	1	512	1	509	0.0	909
MDC3061063.1	QIZ21405.1	88.757	338	38	0	5	342	8	345	0.0	615
MDC3061064.1	QIZ21406.1	42.553	282	154	2	1	274	1	282	4.25e-69	215
MDC3061065.1	QIZ21407.1	50.625	160	79	0	4	163	5	164	4.98e-44	139
MDC3061066.1	QIZ21408.1	63.636	649	215	3	1	630	1	647	0.0	839
MDC3061067.1	QIZ21409.1	64.075	373	132	2	3	374	2	373	2.11e-159	448
MDC3061068.1	QIZ21410.1	71.807	415	113	2	1	414	1	412	0.0	636
MDC3061069.1	QIZ21411.1	68.896	299	93	0	1	299	1	299	1.41e-146	409
MDC3061070.1	QIZ21412.1	79.747	316	64	0	1	316	1	316	0.0	526
MDC3061071.1	QIZ21413.1	72.054	297	83	0	1	297	1	297	1.46e-160	444
MDC3061072.1	QIZ21414.1	83.607	122	19	1	1	121	1	122	7.70e-75	214
MDC3061073.1	QIZ21415.1	67.470	83	27	0	1	83	1	83	9.85e-41	124
MDC3061074.1	QIZ20988.1	49.091	165	79	3	7	167	4	167	5.92e-52	159
MDC3061075.1	QIZ21416.1	69.792	96	29	0	2	97	3	98	9.91e-47	140
MDC3061076.1	QIZ21417.1	77.451	204	46	0	1	204	1	204	1.31e-102	290
MDC3061077.1	QIZ21418.1	84.988	413	61	1	1	412	1	413	0.0	733
MDC3061078.1	QIZ21419.1	83.502	297	49	0	1	297	1	297	0.0	503
MDC3061079.1	QIZ21420.1	71.143	350	100	1	1	349	1	350	0.0	517
MDC3061080.1	QIZ21421.1	84.146	246	39	0	1	246	1	246	6.00e-158	434
MDC3061081.1	QIZ21422.1	86.590	261	35	0	1	261	1	261	6.94e-169	462
MDC3061082.1	QIZ21423.1	67.521	234	76	0	1	234	1	234	4.87e-120	337
MDC3061083.1	QIZ21424.1	61.321	106	41	0	1	106	1	106	1.36e-44	136
MDC3061086.1	QIZ21426.1	76.046	263	63	0	1	263	1	263	7.00e-154	425
MDC3061087.1	QIZ21427.1	77.439	164	37	0	1	164	1	164	2.91e-87	251
MDC3061088.1	QIZ20371.1	71.888	498	140	0	1	498	15	512	0.0	744
MDC3061089.1	QIZ20370.1	62.598	254	94	1	1	253	1	254	4.64e-113	321
MDC3061090.1	QIZ20369.1	58.203	256	104	2	1	254	1	255	1.51e-102	295
MDC3061091.1	QIZ20368.1	52.353	170	80	1	1	169	1	170	5.43e-62	185
MDC3061092.1	QIZ20367.1	74.872	390	98	0	1	390	1	390	0.0	545
MDC3061093.1	QIZ20366.1	42.604	169	79	4	1	153	1	167	3.39e-32	108
MDC3061094.1	QIZ20365.1	65.591	93	32	0	1	93	1	93	8.04e-43	130
MDC3061095.1	QIZ20364.1	84.277	318	50	0	1	318	1	318	0.0	555
MDC3061096.1	QIZ20363.1	58.065	310	129	1	1	310	1	309	4.66e-130	369
MDC3061097.1	QIZ20362.1	38.339	566	342	5	1	562	1	563	3.70e-118	357
MDC3061099.1	QIZ20360.1	43.018	709	380	13	1	698	7	702	3.10e-179	524
MDC3061103.1	QIZ20359.1	62.145	317	108	1	1	317	1	305	1.75e-149	418
MDC3061104.1	QIZ20356.1	70.000	90	27	0	1	90	4	93	8.96e-45	135
MDC3061105.1	QIZ20355.1	66.667	282	93	1	1	281	1	282	1.19e-129	365
MDC3061106.1	QIZ20354.1	75.667	300	73	0	1	300	1	300	2.12e-166	459
MDC3061107.1	QIZ20353.1	74.588	425	108	0	6	430	5	429	0.0	597
MDC3061109.1	QIZ20351.1	67.847	339	109	0	1	339	1	339	9.58e-169	469
MDC3061110.1	QIZ20350.1	69.697	132	40	0	6	137	18	149	2.32e-66	194
MDC3061111.1	QIZ20349.1	73.203	153	40	1	1	152	1	153	1.01e-83	238
MDC3061112.1	QIZ20348.1	43.171	410	225	4	17	419	9	417	1.17e-120	355
MDC3061113.1	QIZ21153.1	43.561	264	140	3	1	263	1	256	3.34e-77	231
MDC3061114.1	QIZ20347.1	49.123	342	162	5	1	336	1	336	5.16e-95	281
MDC3061115.1	QIZ20346.1	57.292	96	41	0	1	96	1	96	2.20e-32	104
MDC3061116.1	QIZ20345.1	87.302	63	8	0	1	63	1	63	6.90e-37	113
MDC3061117.1	QIZ20344.1	53.279	122	54	3	1	119	1	122	7.35e-33	107
MDC3061118.1	QIZ20343.1	55.319	94	42	0	2	95	3	96	2.52e-33	107
MDC3061119.1	QIZ20342.1	61.218	312	119	2	1	311	24	334	1.33e-138	391
MDC3061120.1	QIZ21140.1	52.174	253	116	4	19	267	20	271	2.64e-94	275
MDC3061121.1	QIZ21139.1	65.068	292	102	0	1	292	1	292	1.41e-130	369
MDC3061122.1	QIZ21138.1	68.966	58	18	0	1	58	2	59	6.34e-23	77.8
MDC3061123.1	QIZ21137.1	72.624	442	121	0	1	442	2	443	0.0	659
MDC3061124.1	QIZ21136.1	86.976	453	59	0	1	453	1	453	0.0	768
MDC3061125.1	QIZ21135.1	80.000	195	38	1	1	195	2	195	1.51e-119	332
MDC3061126.1	QIZ21134.1	87.749	351	43	0	1	351	35	385	0.0	662
MDC3061128.1	QIZ21133.1	76.751	357	83	0	1	357	1	357	0.0	583
MDC3061129.1	QIZ21132.1	69.832	358	108	0	1	358	1	358	0.0	513
MDC3061130.1	QIZ21131.1	87.234	282	36	0	1	282	1	282	0.0	503
MDC3061131.1	QIZ21130.1	86.179	246	33	1	1	246	42	286	5.39e-149	413
MDC3061132.1	QIZ21129.1	79.102	512	105	2	1	511	1	511	0.0	855
MDC3061133.1	QIZ21128.1	84.419	353	55	0	1	353	1	353	0.0	617
MDC3061134.1	QIZ21125.1	82.019	317	57	0	1	317	1	317	0.0	548
MDC3061135.1	QIZ21124.1	78.556	457	98	0	1	457	1	457	0.0	755
MDC3061136.1	QIZ21123.1	90.155	386	38	0	1	386	1	386	0.0	714
MDC3061137.1	QIZ21122.1	85.602	382	55	0	1	382	1	382	0.0	692
MDC3061138.1	QIZ21121.1	91.885	382	31	0	1	382	1	382	0.0	744
MDC3061139.1	QIZ21120.1	70.297	101	30	0	1	101	69	169	1.32e-52	158
MDC3061141.1	QIZ21119.1	53.261	92	43	0	30	121	30	121	9.97e-28	94.7
MDC3061142.1	QIZ21118.1	43.931	173	96	1	1	172	1	173	1.33e-52	161
MDC3061143.1	QIZ21117.1	58.862	615	235	7	1	604	2	609	0.0	667
MDC3061144.1	QIZ21116.1	71.223	139	39	1	1	139	1	138	2.41e-66	193
MDC3061145.1	QIZ21115.1	48.611	72	37	0	1	72	1	72	9.94e-23	78.6
MDC3061146.1	QIZ21114.1	72.881	236	63	1	1	235	1	236	1.16e-125	351
MDC3061147.1	QIZ21113.1	89.623	106	11	0	1	106	1	106	8.33e-71	202
MDC3061148.1	QIZ21112.1	65.926	135	46	0	1	135	1	135	1.37e-66	195
MDC3061149.1	QIZ20636.1	51.807	332	153	4	4	333	403	729	6.00e-99	303
MDC3061150.1	QIZ20635.1	73.039	408	109	1	1	407	1	408	0.0	592
MDC3061151.1	QIZ20634.1	47.721	373	185	4	1	363	1	373	3.84e-115	335
MDC3061152.1	QIZ20633.1	80.275	218	43	0	1	218	1	218	2.03e-129	359
MDC3061153.1	QIZ20632.1	68.889	135	42	0	1	135	1	135	1.33e-68	199
MDC3061154.1	QIZ20631.1	88.958	480	53	0	1	480	1	480	0.0	896
MDC3061155.1	QIZ20630.1	83.197	244	41	0	1	244	1	244	1.07e-146	405
MDC3061156.1	QIZ20629.1	61.743	413	157	1	1	412	1	413	1.80e-177	497
MDC3061157.1	QIZ20628.1	77.778	405	90	0	1	405	1	405	0.0	685
MDC3061158.1	QIZ20627.1	81.410	156	29	0	1	156	1	156	2.56e-93	263
MDC3061159.1	QIZ20626.1	71.717	99	27	1	1	99	1	98	3.18e-48	144
MDC3061160.1	QIZ20625.1	82.569	109	19	0	3	111	2	110	1.74e-67	194
MDC3061162.1	QIZ20624.1	85.684	468	67	0	1	468	1	468	0.0	856
MDC3061164.1	QIZ20623.1	63.057	157	58	0	4	160	3	159	1.87e-67	198
MDC3061165.1	QIZ20622.1	69.625	293	89	0	1	293	1	293	1.81e-142	399
MDC3061166.1	QIZ20621.1	48.534	307	151	3	1	305	1	302	8.77e-97	283
MDC3061167.1	QIZ21490.1	69.366	284	86	1	1	284	1	283	8.43e-141	394
MDC3061168.1	QIZ20416.1	29.911	224	147	4	1	222	1	216	3.93e-29	106
MDC3061174.1	QIZ20501.1	48.113	318	163	1	6	321	3	320	6.04e-104	303
MDC3061177.1	QIZ21225.1	48.235	170	85	1	19	188	14	180	9.37e-53	162
MDC3061179.1	QIZ21526.1	56.962	79	34	0	17	95	17	95	2.02e-29	97.1
MDC3061180.1	QIZ21226.1	60.177	113	45	0	1	113	1	113	1.01e-50	152
MDC3061181.1	QIZ21228.1	76.383	470	111	0	1	470	1	470	0.0	767
MDC3061182.1	QIZ21229.1	57.277	426	180	2	15	439	15	439	4.25e-164	465
MDC3061183.1	QIZ21231.1	51.111	225	108	2	7	231	4	226	1.99e-75	223
MDC3061184.1	QIZ21232.1	75.349	215	53	0	1	215	1	215	4.62e-116	325
MDC3061185.1	QIZ21235.1	89.225	529	57	0	1	529	1	529	0.0	945
MDC3061186.1	QIZ21236.1	91.489	94	8	0	1	94	1	94	5.22e-59	171
MDC3061187.1	QIZ21237.1	56.250	272	117	2	1	270	1	272	5.11e-108	309
MDC3061188.1	QIZ21238.1	61.967	305	116	0	1	305	1	305	4.09e-129	366
MDC3061189.1	QIZ21239.1	74.972	907	224	2	1	907	1	904	0.0	1412
MDC3061190.1	QIZ21240.1	53.691	149	69	0	4	152	7	155	8.27e-47	145
MDC3061192.1	QIZ21242.1	61.350	326	119	2	60	380	52	375	1.45e-133	383
MDC3061193.1	QIZ21243.1	53.261	184	86	0	1	184	1	184	3.72e-59	179
MDC3061194.1	QIZ21244.1	61.045	421	164	0	1	421	1	421	0.0	527
MDC3061195.1	QIZ21245.1	71.667	60	17	0	1	60	1	60	9.02e-30	95.5
MDC3061196.1	QIZ21246.1	55.947	227	97	1	1	224	60	286	9.36e-94	272
MDC3061200.1	QIZ20416.1	37.402	254	141	7	1	249	1	241	5.97e-49	157
MDC3061202.1	QIZ21305.1	29.730	222	148	3	5	225	8	222	1.05e-27	101
MDC3061203.1	QIZ20410.1	73.488	215	57	0	1	215	1	215	7.89e-113	317
MDC3061205.1	QIZ20409.1	90.411	73	7	0	1	73	1	73	7.68e-44	131
MDC3061206.1	QIZ21085.1	28.043	649	409	19	33	646	55	680	1.41e-51	185
MDC3061207.1	QIZ20215.1	78.472	144	31	0	3	146	2	145	5.69e-85	241
MDC3061209.1	QIZ21493.1	57.895	247	87	1	1	230	1	247	1.19e-93	270
MDC3061211.1	QIZ20568.1	78.421	190	40	1	1	190	1	189	2.52e-112	314
MDC3061212.1	QIZ20569.1	81.682	333	61	0	1	333	1	333	0.0	567
MDC3061213.1	QIZ20574.1	72.549	102	28	0	27	128	19	120	6.03e-54	161
MDC3061214.1	QIZ20576.1	81.250	96	16	1	1	94	1	96	1.57e-52	155
MDC3061215.1	QIZ20577.1	69.811	106	32	0	1	106	1	106	2.16e-55	163
MDC3061217.1	QIZ20579.1	69.811	106	32	0	5	110	5	110	9.13e-49	147
MDC3061218.1	QIZ20580.1	79.452	73	15	0	1	73	1	73	2.01e-41	125
MDC3061220.1	QIZ20606.1	79.332	479	99	0	1	479	1	479	0.0	824
MDC3061221.1	QIZ20511.1	23.277	537	353	14	64	569	49	557	1.63e-28	115
MDC3061223.1	QIZ20599.1	68.333	300	94	1	1	299	1	300	3.68e-161	446
MDC3061224.1	QIZ20591.1	54.480	279	127	0	1	279	1	279	5.00e-107	308
MDC3061226.1	QIZ20587.1	60.426	235	92	1	1	234	1	235	2.53e-99	285
MDC3061229.1	QIZ20585.1	62.595	262	98	0	4	265	7	268	1.78e-120	340
MDC3061230.1	QIZ21101.1	78.903	237	50	0	3	239	2	238	7.97e-145	400
MDC3061234.1	QIZ20795.1	36.657	341	193	3	1	323	1	336	6.23e-69	214
MDC3061236.1	QIZ21533.1	44.444	99	55	0	6	104	5	103	7.52e-27	91.3
MDC3061237.1	QIZ21532.1	61.682	214	81	1	1	213	1	214	7.10e-86	250
MDC3061238.1	QIZ20247.1	75.188	133	33	0	1	133	1	133	1.23e-70	204
MDC3061239.1	QIZ20246.1	67.206	247	81	0	1	247	1	247	8.17e-125	350
MDC3061240.1	QIZ20245.1	60.092	218	83	1	1	214	1	218	6.71e-96	275
MDC3061241.1	QIZ20244.1	74.902	255	64	0	1	255	1	255	4.11e-151	417
MDC3061242.1	QIZ20243.1	79.767	430	87	0	1	430	1	430	0.0	730
MDC3061243.1	QIZ20242.1	70.115	261	75	2	1	259	1	260	7.06e-135	377
MDC3061244.1	QIZ20241.1	70.130	77	23	0	1	77	1	77	3.69e-36	112
MDC3061245.1	QIZ20240.1	71.681	226	64	0	1	226	1	226	2.18e-124	347
MDC3061246.1	QIZ20239.1	77.686	726	162	0	5	730	3	728	0.0	1182
MDC3061247.1	QIZ20238.1	89.333	75	8	0	1	75	1	75	1.74e-46	138
MDC3061248.1	QIZ20237.1	74.545	110	28	0	1	110	1	110	5.70e-60	175
MDC3061250.1	QIZ20236.1	78.537	205	44	0	1	205	1	205	7.05e-129	357
MDC3061251.1	QIZ20235.1	72.458	236	65	0	1	236	1	236	6.84e-123	344
MDC3061252.1	QIZ20234.1	83.806	247	40	0	1	247	286	532	4.01e-147	417
MDC3061253.1	QIZ21167.1	66.200	429	144	1	1	429	1	428	0.0	595
MDC3061254.1	QIZ21166.1	77.682	466	104	0	1	466	1	466	0.0	752
MDC3061255.1	QIZ21165.1	70.345	435	118	5	1	434	1	425	0.0	612
MDC3061256.1	QIZ21164.1	74.560	967	243	2	1	964	1	967	0.0	1535
MDC3061257.1	QIZ21163.1	88.316	291	34	0	1	291	1	291	4.69e-179	491
MDC3061258.1	QIZ21162.1	79.275	386	80	0	1	386	1	386	0.0	635
MDC3061259.1	QIZ21161.1	87.107	318	41	0	1	318	1	318	0.0	566
MDC3061260.1	QIZ21160.1	83.099	497	84	0	1	497	1	497	0.0	884
MDC3061261.1	QIZ21159.1	86.147	231	32	0	1	231	27	257	1.28e-155	427
MDC3061262.1	QIZ21158.1	87.479	591	73	1	1	591	1	590	0.0	1107
MDC3061263.1	QIZ21443.1	91.250	80	7	0	1	80	190	269	7.36e-47	146
MDC3061264.1	QIZ21458.1	68.454	317	100	0	4	320	157	473	5.64e-166	466
MDC3061265.1	QIZ21457.1	71.223	139	40	0	1	139	1	139	4.11e-77	221
MDC3061266.1	QIZ21455.1	85.211	142	21	0	1	142	1	142	2.76e-90	254
MDC3061267.1	QIZ21454.1	40.000	420	243	4	17	431	18	433	4.50e-100	301
MDC3061268.1	QIZ21453.1	46.479	213	113	1	1	212	1	213	5.26e-47	150
MDC3061269.1	QIZ21452.1	80.540	889	173	0	1	889	1	889	0.0	1490
MDC3061270.1	QIZ21451.1	53.571	196	91	0	1	196	1	196	4.34e-73	215
MDC3061271.1	QIZ21450.1	86.726	113	15	0	1	113	1	113	1.47e-71	204
MDC3061272.1	QIZ21449.1	73.643	387	102	0	6	392	9	395	0.0	611
MDC3061273.1	QIZ21448.1	75.472	477	117	0	1	477	1	477	0.0	739
MDC3061274.1	QIZ21447.1	89.492	295	31	0	1	295	24	318	0.0	556
MDC3061276.1	QIZ20734.1	76.642	137	32	0	13	149	44	180	3.24e-77	223
MDC3061277.1	QIZ20736.1	62.679	209	77	1	1	209	1	208	8.73e-99	281
MDC3061278.1	QIZ20737.1	73.373	338	90	0	1	338	1	338	0.0	517
MDC3061279.1	QIZ20738.1	76.190	105	25	0	1	105	1	105	4.08e-61	177
MDC3061280.1	QIZ20739.1	78.906	256	54	0	1	256	1	256	7.88e-149	412
MDC3061281.1	QIZ20740.1	84.311	631	99	0	1	631	1	631	0.0	1137
MDC3061282.1	QIZ20741.1	60.909	110	43	0	1	110	1	110	8.25e-46	139
MDC3061283.1	QIZ20742.1	82.719	434	75	0	1	434	1	434	0.0	760
MDC3061284.1	QIZ20743.1	58.703	293	120	1	1	292	1	293	1.30e-120	343
MDC3061286.1	QIZ21387.1	77.223	461	105	0	1	461	1	461	0.0	712
MDC3061288.1	QIZ21378.1	63.605	294	104	2	1	293	13	304	4.72e-120	342
MDC3061289.1	QIZ21379.1	34.568	162	104	2	66	227	66	225	1.88e-25	95.1
MDC3061290.1	QIZ21380.1	31.830	377	233	10	9	377	8	368	1.02e-41	145
MDC3061291.1	QIZ21381.1	60.131	306	122	0	1	306	1	306	1.09e-131	372
MDC3061292.1	QIZ21382.1	56.911	246	106	0	17	262	19	264	6.08e-100	290
MDC3061293.1	QIZ21383.1	63.554	664	241	1	11	673	10	673	0.0	836
MDC3061294.1	QIZ21384.1	55.717	551	240	2	16	566	18	564	0.0	598
MDC3061295.1	QIZ21385.1	71.534	678	189	3	1	674	1	678	0.0	1008
MDC3061297.1	QIZ20537.1	63.861	404	146	0	1	404	30	433	6.21e-172	483
MDC3061298.1	QIZ20536.1	64.384	146	51	1	8	152	7	152	1.22e-48	150
MDC3061300.1	QIZ20533.1	57.143	126	54	0	1	126	1	126	1.46e-51	155
MDC3061301.1	QIZ20532.1	51.031	194	95	0	1	194	1	194	1.20e-68	204
MDC3061302.1	QIZ20531.1	56.688	157	68	0	1	157	1	157	1.14e-64	191
MDC3061303.1	QIZ20530.1	71.196	184	53	0	4	187	1	184	2.08e-99	281
MDC3061305.1	QIZ20529.1	59.127	252	102	1	1	251	1	252	6.14e-107	305
MDC3061306.1	QIZ20528.1	75.000	56	14	0	1	56	13	68	2.08e-26	87.0
MDC3061307.1	QIZ20527.1	73.641	368	96	1	3	369	2	369	0.0	580
MDC3061309.1	QIZ20526.1	70.153	392	116	1	1	392	1	391	0.0	592
MDC3061310.1	QIZ20525.1	64.469	273	97	0	15	287	121	393	2.82e-125	359
MDC3061311.1	QIZ20524.1	64.706	340	110	3	4	343	58	387	5.27e-148	418
MDC3061312.1	QIZ20523.1	71.351	185	53	0	1	185	1	185	7.22e-86	246
MDC3061313.1	QIZ20522.1	50.607	247	120	2	1	245	1	247	1.14e-73	221
MDC3061314.1	QIZ20521.1	70.992	131	38	0	1	131	1	131	1.13e-69	201
MDC3061315.1	QIZ20520.1	66.667	264	88	0	1	264	1	264	8.13e-131	367
MDC3061316.1	QIZ20519.1	82.051	156	28	0	1	156	1	156	7.28e-100	280
MDC3061317.1	QIZ20518.1	87.055	618	80	0	1	618	1	618	0.0	1127
MDC3061318.1	QIZ20517.1	63.793	116	42	0	1	116	1	116	1.22e-53	159
MDC3061319.1	QIZ20516.1	70.056	354	106	0	1	354	1	354	3.35e-163	456
MDC3061320.1	QIZ20513.1	87.371	388	49	0	1	388	1	388	0.0	714
MDC3061321.1	QIZ20512.1	71.233	73	21	0	1	73	22	94	2.98e-38	118
MDC3061322.1	QIZ20304.1	55.172	116	52	0	1	116	169	284	7.52e-47	149
MDC3061323.1	QIZ20305.1	38.616	448	274	1	1	447	5	452	3.04e-110	329
MDC3061324.1	QIZ20313.1	45.455	187	96	2	1	181	1	187	1.04e-54	167
MDC3061325.1	QIZ20314.1	72.981	1003	268	3	1	1001	1	1002	0.0	1573
MDC3061326.1	QIZ20315.1	88.764	89	10	0	1	89	1	89	4.72e-61	176
MDC3061327.1	QIZ20316.1	91.367	417	36	0	1	417	1	417	0.0	808
MDC3061328.1	QIZ20317.1	73.321	551	147	0	1	551	186	736	0.0	852
MDC3061329.1	QIZ21320.1	69.301	329	101	0	1	329	1	329	1.34e-172	478
MDC3061335.1	QIZ21326.1	29.125	594	293	20	337	815	420	1000	4.35e-56	209
MDC3061335.1	QIZ21326.1	28.442	443	194	15	840	1221	1170	1550	6.81e-38	150
MDC3061336.1	QIZ20424.1	56.410	273	117	2	1	271	99	371	9.10e-96	282
MDC3061337.1	QIZ20425.1	66.667	165	55	0	1	165	1	165	6.00e-79	228
MDC3061338.1	QIZ20426.1	69.925	133	40	0	16	148	16	148	5.75e-64	188
MDC3061339.1	QIZ20427.1	63.699	146	52	1	1	146	1	145	1.32e-61	182
MDC3061340.1	QIZ20428.1	83.987	306	49	0	5	310	3	308	0.0	527
MDC3061341.1	QIZ20429.1	63.158	95	35	0	1	95	1	95	3.71e-36	114
MDC3061342.1	QIZ20430.1	73.206	418	111	1	1	418	1	417	0.0	612
MDC3061343.1	QIZ20431.1	81.685	273	50	0	1	273	1	273	1.16e-169	466
MDC3061344.1	QIZ20432.1	85.981	535	75	0	1	535	1	535	0.0	943
MDC3061345.1	QIZ20433.1	73.000	100	27	0	1	100	1	100	1.06e-50	151
MDC3061348.1	QIZ21054.1	34.043	329	195	8	5	317	7	329	4.01e-58	187
MDC3061349.1	QIZ21055.1	55.556	333	147	1	1	332	1	333	9.91e-136	385
MDC3061350.1	QIZ21056.1	70.260	269	80	0	1	269	1	269	1.06e-143	400
MDC3061351.1	QIZ21057.1	68.586	191	60	0	1	191	1	191	1.37e-91	262
MDC3061352.1	QIZ21058.1	53.640	261	121	0	2	262	3	263	6.97e-100	288
MDC3061353.1	QIZ21059.1	51.462	171	81	1	1	169	1	171	2.46e-51	159
MDC3061354.1	QIZ21060.1	69.027	226	63	3	1	222	1	223	3.10e-110	311
MDC3061355.1	QIZ21095.1	55.030	169	74	2	1	168	195	362	9.54e-63	193
MDC3061356.1	QIZ20541.1	73.463	309	82	0	1	309	1	309	5.98e-167	462
MDC3061357.1	QIZ20540.1	78.039	255	56	0	1	255	1	255	3.74e-149	412
MDC3061358.1	QIZ20542.1	49.576	472	229	5	7	471	6	475	5.28e-145	421
MDC3061359.1	QIZ21483.1	78.272	382	83	0	5	386	4	385	0.0	628
MDC3061361.1	QIZ21362.1	58.753	417	168	2	5	419	177	591	2.85e-179	508
MDC3061362.1	QIZ21363.1	84.514	607	94	0	1	607	1	607	0.0	1038
MDC3061363.1	QIZ21364.1	55.357	168	75	0	30	197	30	197	2.09e-66	198
MDC3061364.1	QIZ21365.1	68.966	261	81	0	19	279	1	261	1.95e-137	384
MDC3061365.1	QIZ21366.1	64.130	92	33	0	1	92	1	92	3.93e-41	131
MDC3061370.1	QIZ21156.1	66.957	115	38	0	2	116	3	117	2.94e-52	156
MDC3061371.1	QIZ21154.1	76.423	369	87	0	1	369	1	369	0.0	587
MDC3061372.1	QIZ21152.1	76.568	542	127	0	1	542	1	542	0.0	884
MDC3061373.1	QIZ21151.1	82.353	51	9	0	1	51	537	587	1.09e-25	92.4
MDC3061374.1	QIZ20960.1	58.526	692	276	5	1	682	1	691	0.0	779
MDC3061375.1	QIZ20961.1	73.803	355	93	0	1	355	1	355	0.0	565
MDC3061376.1	QIZ20962.1	88.983	118	13	0	1	118	1	118	1.76e-76	217
MDC3061377.1	QIZ20963.1	88.235	68	8	0	1	68	1	68	5.77e-39	119
MDC3061378.1	QIZ20964.1	77.344	128	29	0	2	129	54	181	2.32e-71	207
MDC3061379.1	QIZ21224.1	68.608	395	124	0	1	395	1	395	0.0	597
MDC3061380.1	QIZ21223.1	68.403	288	91	0	1	288	1	288	6.92e-148	412
MDC3061381.1	QIZ21222.1	28.105	306	207	7	11	313	11	306	4.39e-28	106
MDC3061382.1	QIZ21221.1	67.308	156	50	1	2	156	13	168	1.07e-64	191
MDC3061383.1	QIZ21220.1	70.667	75	22	0	1	75	1	75	1.46e-34	119
MDC3061387.1	QIZ20338.1	88.567	691	79	0	4	694	11	701	0.0	1199
MDC3061388.1	QIZ20334.1	75.000	324	81	0	1	324	1	324	6.92e-173	480
MDC3061389.1	QIZ21170.1	83.140	172	29	0	1	172	1	172	2.11e-107	304
MDC3061390.1	QIZ21169.1	92.157	510	40	0	1	510	1	510	0.0	972
MDC3061391.1	QIZ21168.1	53.714	175	81	0	10	184	11	185	5.38e-61	183
MDC3061392.1	QIZ21167.1	43.119	109	62	0	1	109	543	651	3.58e-28	102
MDC3061393.1	QIZ21369.1	52.679	112	50	2	1	109	1	112	9.67e-35	117
MDC3061394.1	QIZ21368.1	71.717	495	121	6	2	479	3	495	0.0	625
MDC3061395.1	QIZ21367.1	80.000	150	30	0	1	150	1	150	1.45e-91	258
MDC3061397.1	QIZ21339.1	62.162	74	27	1	4	76	3	76	1.82e-23	86.3
MDC3061399.1	QIZ20321.1	76.275	510	121	0	1	510	1	510	0.0	825
MDC3061400.1	QIZ20331.1	89.103	312	34	0	1	312	125	436	0.0	580
MDC3061402.1	QIZ20329.1	61.538	195	73	2	1	194	20	213	2.40e-93	267
MDC3061404.1	QIZ20388.1	86.022	93	10	1	1	93	108	197	1.07e-54	164
MDC3061405.1	QIZ20389.1	67.918	293	92	2	6	297	4	295	1.35e-138	389
MDC3061406.1	QIZ20390.1	78.075	374	82	0	1	374	144	517	0.0	595
MDC3061407.1	QIZ21377.1	59.851	269	105	1	1	269	11	276	6.24e-108	311
MDC3061408.1	QIZ21376.1	62.203	463	175	0	8	470	3	465	0.0	603
MDC3061409.1	QIZ20419.1	88.728	346	38	1	1	345	1	346	0.0	648
MDC3061410.1	QIZ20418.1	67.628	312	101	0	4	315	2	313	3.84e-149	420
MDC3061411.1	QIZ20438.1	75.304	247	61	0	1	247	1	247	1.03e-133	376
MDC3061412.1	QIZ20437.1	72.826	184	50	0	3	186	2	185	2.71e-99	281
MDC3061413.1	QIZ20374.1	72.274	321	89	0	1	321	63	383	3.16e-174	484
MDC3061414.1	QIZ20373.1	60.396	202	78	2	4	204	3	203	1.60e-71	212
MDC3061415.1	QIZ20372.1	51.049	143	70	0	5	147	8	150	5.12e-43	140
