MBP36912.1	QIZ21224.1	52.500	280	133	0	1	280	116	395	4.83e-106	309
MBP36915.1	QIZ20213.1	36.913	149	94	0	18	166	28	176	5.84e-32	108
MBP36916.1	QIZ20683.1	45.205	292	159	1	16	307	10	300	3.82e-76	231
MBP36921.1	QIZ20556.1	30.417	240	158	4	20	259	42	272	6.31e-34	123
MBP36922.1	QIZ21478.1	32.917	240	155	4	27	265	35	269	4.48e-36	127
MBP36927.1	QIZ20717.1	47.961	515	267	1	12	525	7	521	2.69e-175	500
MBP36928.1	QIZ20719.1	50.185	271	132	2	216	485	90	358	5.31e-85	262
MBP36928.1	QIZ20719.1	54.878	82	37	0	7	88	7	88	1.57e-24	100
MBP36935.1	QIZ21007.1	64.516	403	143	0	1	403	1	403	0.0	553
MBP36936.1	QIZ21006.1	66.667	165	54	1	1	164	1	165	5.07e-80	230
MBP36937.1	QIZ21000.1	32.917	240	158	3	7	243	9	248	1.97e-39	132
MBP36938.1	QIZ20998.1	40.712	393	219	6	2	384	8	396	7.50e-89	270
MBP36939.1	QIZ20996.1	46.930	228	118	3	18	243	8	234	1.73e-66	201
MBP36940.1	QIZ20995.1	37.979	287	152	8	1	266	1	282	2.82e-47	155
MBP36942.1	QIZ20993.1	39.696	461	251	6	12	462	19	462	5.86e-123	362
MBP36943.1	QIZ20952.1	57.238	601	209	9	4	574	5	587	0.0	660
MBP36944.1	QIZ20951.1	33.747	403	252	8	20	411	18	416	1.15e-58	193
MBP36945.1	QIZ21197.1	56.069	173	76	0	2	174	15	187	8.78e-67	198
MBP36946.1	QIZ20800.1	34.599	237	140	6	6	236	3	230	6.84e-30	110
MBP36949.1	QIZ21199.1	48.185	303	147	4	15	310	10	309	8.62e-93	274
MBP36950.1	QIZ21200.1	45.708	932	478	8	1	915	4	924	0.0	776
MBP36954.1	QIZ20682.1	25.441	397	246	12	4	373	19	392	4.54e-26	103
MBP36955.1	QIZ21094.1	38.889	360	201	5	26	382	1	344	2.15e-87	264
MBP36956.1	QIZ21100.1	55.556	135	60	0	1	135	1	135	4.50e-50	152
MBP36957.1	QIZ20900.1	36.519	293	184	2	32	323	50	341	2.79e-60	192
MBP36958.1	QIZ20676.1	51.553	161	78	0	1	161	1	161	3.83e-52	159
MBP36959.1	QIZ21451.1	31.977	172	116	1	20	191	18	188	1.78e-28	101
MBP36960.1	QIZ20736.1	50.485	206	101	1	1	205	1	206	2.53e-72	214
MBP36961.1	QIZ21225.1	39.041	146	88	1	24	168	15	160	1.20e-35	119
MBP36963.1	QIZ21541.1	64.356	808	288	0	1	808	1	808	0.0	1099
MBP36965.1	QIZ21436.1	30.811	185	123	4	5	185	3	186	2.21e-24	90.5
MBP36969.1	QIZ21152.1	24.190	525	348	15	12	500	21	531	3.66e-30	119
MBP36971.1	QIZ20745.1	36.996	273	163	3	6	275	10	276	1.39e-51	166
MBP36975.1	QIZ21252.1	46.479	284	150	1	1	284	42	323	2.52e-91	270
MBP36976.1	QIZ21433.1	47.518	282	146	2	1	280	1	282	1.80e-81	243
MBP36977.1	QIZ20362.1	32.297	579	372	8	13	587	2	564	4.87e-87	276
MBP36978.1	QIZ20353.1	38.605	430	260	3	1	428	1	428	5.75e-79	247
MBP36980.1	QIZ20351.1	43.195	338	188	4	5	340	4	339	2.08e-88	265
MBP36981.1	QIZ20350.1	53.731	134	62	0	12	145	16	149	1.91e-46	144
MBP36982.1	QIZ20349.1	52.703	148	70	0	6	153	5	152	1.71e-53	162
MBP36985.1	QIZ20342.1	39.117	317	190	3	6	319	5	321	3.16e-68	213
MBP36989.1	QIZ20338.1	71.655	695	193	3	3	697	10	700	0.0	979
MBP36990.1	QIZ20337.1	36.486	296	181	4	7	300	1	291	8.63e-42	143
MBP36992.1	QIZ20335.1	38.732	142	70	2	3	144	2	126	8.47e-31	103
MBP36996.1	QIZ21248.1	31.795	390	248	5	1	378	1	384	7.64e-47	162
MBP36997.1	QIZ21247.1	32.432	296	177	5	2	292	3	280	1.31e-37	132
MBP36998.1	QIZ21246.1	31.010	287	193	3	8	293	3	285	1.10e-39	136
MBP37006.1	QIZ21239.1	53.901	564	246	5	1	560	345	898	0.0	625
MBP37007.1	QIZ20220.1	29.437	462	305	10	1	442	15	475	1.35e-57	193
MBP37008.1	QIZ20374.1	39.464	261	148	4	8	258	7	267	1.94e-49	166
MBP37012.1	QIZ20383.1	59.474	190	66	4	1	185	1	184	2.46e-73	215
MBP37015.1	QIZ20323.1	32.661	248	152	4	1	243	1	238	1.40e-32	114
MBP37018.1	QIZ21442.1	32.735	223	144	4	94	313	189	408	9.22e-33	121
MBP37019.1	QIZ21443.1	31.276	243	141	5	19	243	28	262	5.47e-25	96.3
MBP37020.1	QIZ21440.1	41.813	342	195	4	1	340	1	340	1.87e-90	271
MBP37024.1	QIZ20628.1	30.095	422	257	14	21	437	10	398	1.98e-47	165
MBP37026.1	QIZ20657.1	37.186	199	116	4	45	240	128	320	1.72e-32	116
MBP37027.1	QIZ20658.1	33.937	221	128	7	9	217	6	220	1.35e-28	105
MBP37028.1	QIZ20659.1	41.799	189	109	1	10	198	9	196	1.75e-46	148
MBP37030.1	QIZ21007.1	39.529	425	228	10	1	418	1	403	1.47e-88	270
MBP37031.1	QIZ20660.1	66.667	75	25	0	3	77	4	78	6.39e-30	97.1
MBP37032.1	QIZ20661.1	46.694	242	127	2	5	245	6	246	1.99e-72	217
MBP37033.1	QIZ20662.1	41.503	306	172	3	1	302	1	303	5.33e-57	182
MBP37035.1	QIZ20664.1	62.295	61	23	0	24	84	10	70	1.39e-22	79.0
MBP37037.1	QIZ20666.1	48.085	470	225	5	23	492	18	468	1.26e-153	442
MBP37039.1	QIZ20667.1	42.166	785	413	14	21	794	30	784	0.0	535
MBP37049.1	QIZ21080.1	40.191	209	118	3	290	496	3	206	3.28e-42	146
MBP37050.1	QIZ20753.1	34.074	270	156	9	13	274	324	579	5.32e-31	118
MBP37056.1	QIZ20754.1	45.520	279	150	2	16	293	13	290	9.57e-68	208
MBP37057.1	QIZ20719.1	31.579	342	209	8	9	336	8	338	8.02e-49	163
MBP37060.1	QIZ21317.1	65.033	306	107	0	7	312	9	314	2.34e-151	423
MBP37061.1	QIZ21319.1	49.289	211	95	2	4	202	9	219	9.75e-69	205
MBP37062.1	QIZ21318.1	39.423	312	176	6	10	315	8	312	1.21e-61	194
MBP37063.1	QIZ21290.1	47.134	157	82	1	1	156	1	157	5.55e-47	146
MBP37064.1	QIZ21359.1	54.054	555	250	3	2	554	523	1074	0.0	607
MBP37064.1	QIZ21359.1	33.416	404	245	8	34	418	2	400	5.71e-61	213
MBP37066.1	QIZ20865.1	29.661	472	250	12	3	464	4	403	5.62e-48	166
MBP37083.1	QIZ20595.1	44.086	372	193	5	1	363	1	366	4.52e-104	306
MBP37084.1	QIZ20989.1	26.346	353	252	4	38	387	45	392	6.87e-39	142
MBP37086.1	QIZ20597.1	22.780	259	179	5	39	288	29	275	2.65e-21	87.0
MBP37092.1	QIZ20692.1	35.010	497	288	8	9	492	15	489	1.76e-96	296
MBP37095.1	QIZ21213.1	50.336	149	72	1	1	149	1	147	1.34e-52	160
MBP37102.1	QIZ20684.1	31.034	406	271	7	1	401	1	402	5.54e-63	204
MBP37105.1	QIZ21164.1	50.207	484	232	3	4	479	13	495	1.05e-172	506
MBP37106.1	QIZ21163.1	65.744	289	99	0	1	289	1	289	2.60e-135	380
MBP37107.1	QIZ21162.1	44.584	397	206	4	1	394	1	386	2.58e-118	345
MBP37108.1	QIZ21161.1	55.591	313	138	1	3	314	2	314	1.21e-128	365
MBP37109.1	QIZ21159.1	58.935	263	101	1	1	263	1	256	5.20e-118	334
MBP37110.1	QIZ21158.1	66.330	594	194	5	4	597	3	590	0.0	838
MBP37113.1	QIZ20492.1	31.395	258	162	4	4	259	4	248	1.98e-36	125
MBP37114.1	QIZ20385.1	37.183	710	377	19	8	664	16	709	1.76e-123	385
MBP37117.1	QIZ20326.1	38.813	219	124	2	9	226	7	216	1.23e-43	142
MBP37118.1	QIZ20325.1	49.378	241	116	3	4	240	5	243	8.20e-74	220
MBP37119.1	QIZ20324.1	41.600	125	70	2	2	125	3	125	2.86e-24	86.3
MBP37120.1	QIZ20321.1	45.752	459	249	0	25	483	23	481	4.23e-148	439
MBP37122.1	QIZ20319.1	42.953	149	84	1	1	149	9	156	3.99e-37	120
MBP37123.1	QIZ20318.1	50.617	162	75	2	1	158	133	293	5.84e-48	152
MBP37126.1	QIZ21368.1	58.879	321	131	1	1	321	1	320	8.32e-114	342
MBP37127.1	QIZ21381.1	46.263	281	149	2	11	290	6	285	7.00e-71	217
MBP37128.1	QIZ21387.1	59.607	458	185	0	4	461	2	459	0.0	533
MBP37129.1	QIZ21207.1	35.965	228	114	2	1	203	1	221	2.73e-42	138
MBP37131.1	QIZ20939.1	45.574	305	159	4	10	312	8	307	3.52e-92	272
MBP37135.1	QIZ21028.1	36.937	222	132	4	4	222	68	284	6.38e-34	119
MBP37136.1	QIZ21027.1	28.351	194	133	2	2	193	1	190	9.50e-26	94.4
MBP37137.1	QIZ21073.1	44.737	114	60	1	2	112	3	116	5.89e-30	100
MBP37139.1	QIZ21071.1	59.363	251	102	0	1	251	1	251	4.42e-108	308
MBP37140.1	QIZ21070.1	35.345	232	142	4	12	240	5	231	5.57e-42	139
MBP37142.1	QIZ21068.1	44.498	209	111	2	5	211	3	208	5.32e-57	175
MBP37143.1	QIZ21067.1	56.186	194	85	0	2	195	3	196	1.90e-81	236
MBP37144.1	QIZ21066.1	55.814	172	74	2	9	180	2	171	2.46e-66	196
MBP37145.1	QIZ21065.1	65.287	435	149	1	3	437	23	455	0.0	587
MBP37152.1	QIZ21060.1	41.026	195	114	1	4	197	1	195	1.11e-47	152
MBP37154.1	QIZ20182.1	34.762	210	128	1	19	219	13	222	3.84e-29	105
MBP37155.1	QIZ20318.1	29.655	290	194	5	4	289	2	285	1.72e-37	130
MBP37156.1	QIZ20742.1	26.009	446	304	11	5	449	3	423	3.11e-41	148
MBP37157.1	QIZ21449.1	26.209	393	246	13	21	387	13	387	4.96e-22	92.4
MBP37161.1	QIZ20990.1	36.973	403	247	3	7	405	5	404	5.30e-88	268
MBP37163.1	QIZ20989.1	47.356	435	229	0	10	444	14	448	2.66e-143	414
MBP37164.1	QIZ21444.1	60.756	767	274	6	1	767	1	740	0.0	917
MBP37165.1	QIZ21152.1	65.659	463	157	1	1	463	1	461	0.0	660
MBP37166.1	QIZ20304.1	44.737	266	141	4	8	271	4	265	4.19e-77	232
MBP37167.1	QIZ21505.1	31.061	264	153	6	16	279	2	236	9.52e-41	137
MBP37168.1	QIZ21485.1	72.842	556	147	3	2	553	6	561	0.0	821
MBP37169.1	QIZ20316.1	79.710	414	84	0	7	420	4	417	0.0	701
MBP37170.1	QIZ20315.1	71.910	89	25	0	1	89	1	89	4.88e-51	152
MBP37171.1	QIZ20314.1	58.700	1000	389	8	2	987	12	1001	0.0	1213
MBP37173.1	QIZ20306.1	42.568	148	80	2	9	156	16	158	1.13e-37	122
MBP37175.1	QIZ20363.1	41.311	305	174	3	6	309	3	303	1.52e-79	241
MBP37176.1	QIZ21516.1	77.239	536	120	2	1	536	6	539	0.0	897
MBP37177.1	QIZ21515.1	87.037	54	7	0	1	54	264	317	1.52e-27	95.9
MBP37178.1	QIZ21008.1	56.164	219	95	1	2	220	38	255	8.77e-93	268
MBP37180.1	QIZ21010.1	60.058	691	271	4	1	690	1	687	0.0	842
MBP37184.1	QIZ21013.1	45.571	700	363	9	47	742	49	734	0.0	568
MBP37185.1	QIZ21014.1	47.255	510	244	6	12	503	23	525	3.33e-145	424
MBP37187.1	QIZ21016.1	31.707	492	278	21	13	464	19	492	4.14e-41	150
MBP37190.1	QIZ21018.1	46.906	307	162	1	7	312	21	327	6.45e-93	275
MBP37191.1	QIZ21019.1	46.606	442	213	7	6	434	11	442	4.79e-127	371
MBP37194.1	QIZ21197.1	75.410	183	45	0	8	190	5	187	5.38e-102	288
MBP37195.1	QIZ21196.1	70.408	392	116	0	1	392	1	392	0.0	573
MBP37196.1	QIZ21195.1	81.395	344	63	1	5	347	3	346	0.0	578
MBP37197.1	QIZ20951.1	47.073	427	222	3	1	426	1	424	1.26e-126	369
MBP37198.1	QIZ20952.1	70.700	686	193	4	10	692	5	685	0.0	982
MBP37199.1	QIZ20992.1	53.243	370	172	1	1	370	1	369	1.95e-135	387
MBP37200.1	QIZ20993.1	51.136	88	43	0	1	88	376	463	4.26e-26	95.1
MBP37201.1	QIZ20472.1	54.717	159	70	1	32	190	30	186	1.04e-62	189
MBP37202.1	QIZ20471.1	67.010	388	128	0	5	392	4	391	0.0	571
MBP37203.1	QIZ20470.1	47.027	185	98	0	12	196	8	192	3.56e-59	180
MBP37204.1	QIZ20469.1	64.183	416	148	1	1	415	1	416	0.0	590
MBP37205.1	QIZ20468.1	49.110	674	331	6	1	671	1	665	0.0	687
MBP37206.1	QIZ20467.1	66.981	318	105	0	14	331	13	330	6.34e-157	438
MBP37207.1	QIZ20466.1	71.698	159	45	0	4	162	3	161	8.31e-89	252
MBP37208.1	QIZ20465.1	43.868	212	104	4	1	203	1	206	9.25e-49	154
MBP37209.1	QIZ20464.1	66.990	103	34	0	1	103	1	103	2.67e-36	115
MBP37210.1	QIZ20463.1	50.711	633	308	3	4	633	4	635	0.0	638
MBP37211.1	QIZ20462.1	54.303	488	220	2	3	490	2	486	0.0	539
MBP37212.1	QIZ20461.1	50.740	473	221	6	9	477	6	470	6.47e-138	401
MBP37213.1	QIZ20460.1	34.066	182	100	6	19	184	7	184	1.17e-22	87.4
MBP37214.1	QIZ20459.1	37.143	245	144	5	1	241	2	240	5.66e-39	131
MBP37215.1	QIZ20458.1	37.774	548	335	3	15	557	5	551	1.55e-134	398
MBP37216.1	QIZ20456.1	55.034	447	183	7	1	432	1	444	7.01e-166	469
MBP37217.1	QIZ20455.1	41.278	407	224	6	13	414	12	408	6.73e-89	271
MBP37218.1	QIZ20454.1	39.462	223	133	2	4	226	3	223	2.52e-49	157
MBP37219.1	QIZ20453.1	43.733	1077	567	15	5	1059	9	1068	0.0	842
MBP37221.1	QIZ20452.1	38.182	275	159	5	8	276	7	276	1.56e-53	171
MBP37222.1	QIZ20842.1	33.951	324	201	4	6	321	1	319	1.25e-53	174
MBP37224.1	QIZ20430.1	47.608	418	216	3	1	418	1	415	1.81e-126	368
MBP37225.1	QIZ20431.1	58.909	275	109	2	1	273	1	273	3.12e-108	310
MBP37226.1	QIZ20432.1	58.801	534	217	3	2	534	3	534	0.0	648
MBP37228.1	QIZ20434.1	34.764	233	146	5	10	238	7	237	7.55e-42	139
MBP37230.1	QIZ20436.1	49.552	446	221	2	43	488	43	484	8.27e-144	417
MBP37231.1	QIZ20437.1	49.189	185	93	1	2	185	3	187	5.56e-65	194
MBP37232.1	QIZ20438.1	41.346	312	181	2	8	318	6	316	2.70e-79	241
MBP37233.1	QIZ20439.1	42.029	207	116	3	50	254	52	256	2.40e-43	144
MBP37234.1	QIZ20610.1	40.278	144	86	0	7	150	21	164	1.38e-32	110
MBP37235.1	QIZ20440.1	45.133	226	108	4	1	211	1	225	2.13e-61	187
MBP37236.1	QIZ20441.1	46.970	198	96	3	1	196	1	191	1.38e-49	162
MBP37240.1	QIZ21450.1	42.857	105	60	0	4	108	5	109	9.40e-28	94.0
MBP37241.1	QIZ21304.1	35.714	434	269	4	4	431	10	439	2.82e-89	273
MBP37242.1	QIZ21305.1	42.727	220	120	4	21	238	7	222	4.39e-49	157
MBP37243.1	QIZ21306.1	35.461	141	90	1	11	150	5	145	1.18e-23	86.3
MBP37244.1	QIZ21307.1	54.962	262	116	2	6	266	5	265	3.82e-104	301
MBP37247.1	QIZ21308.1	49.171	181	85	3	7	181	7	186	1.72e-51	159
MBP37248.1	QIZ21309.1	41.708	609	348	2	28	634	7	610	1.41e-170	496
MBP37249.1	QIZ20511.1	85.124	363	54	0	1	363	1	363	0.0	659
MBP37250.1	QIZ20884.1	58.046	174	72	1	1	174	151	323	8.65e-67	202
MBP37252.1	QIZ20886.1	54.054	259	118	1	1	259	1	258	2.77e-100	289
MBP37253.1	QIZ20887.1	57.656	418	176	1	20	436	20	437	1.60e-159	454
MBP37254.1	QIZ20888.1	38.119	202	114	3	13	203	12	213	4.67e-36	122
MBP37255.1	QIZ20889.1	72.396	576	157	2	1	575	1	575	0.0	852
MBP37256.1	QIZ20890.1	68.817	93	29	0	1	93	1	93	2.75e-43	132
MBP37257.1	QIZ20891.1	55.603	232	99	2	1	232	2	229	8.93e-89	258
MBP37258.1	QIZ20892.1	57.843	204	86	0	3	206	5	208	1.05e-82	240
MBP37259.1	QIZ20893.1	78.186	408	89	0	2	409	1	408	0.0	683
MBP37260.1	QIZ20894.1	71.805	266	73	1	1	266	1	264	2.04e-125	353
MBP37261.1	QIZ20895.1	65.372	309	106	1	1	309	1	308	5.58e-158	439
MBP37262.1	QIZ20896.1	66.129	310	105	0	1	310	1	310	6.04e-154	433
MBP37263.1	QIZ21277.1	61.463	205	77	1	1	203	39	243	3.61e-90	260
MBP37268.1	QIZ21269.1	55.911	313	137	1	1	312	1	313	1.71e-122	361
MBP37269.1	QIZ21267.1	51.079	139	67	1	3	141	2	139	2.99e-45	140
MBP37271.1	QIZ20513.1	30.412	388	246	8	105	486	7	376	5.67e-43	152
MBP37274.1	QIZ21414.1	41.584	101	58	1	25	125	19	118	4.82e-25	88.2
MBP37276.1	QIZ20679.1	60.000	75	30	0	1	75	1	75	7.52e-28	91.7
MBP37278.1	QIZ20296.1	45.455	858	431	8	1	830	1	849	0.0	748
MBP37279.1	QIZ20297.1	44.920	187	94	3	13	198	11	189	4.08e-47	149
MBP37280.1	QIZ20298.1	52.787	305	144	0	65	369	7	311	1.45e-119	345
MBP37281.1	QIZ20299.1	35.115	131	85	0	17	147	17	147	2.18e-22	82.8
MBP37282.1	QIZ20300.1	44.898	98	48	2	1	95	1	95	1.37e-22	79.7
MBP37283.1	QIZ20301.1	57.906	468	192	3	5	471	8	471	0.0	514
MBP37284.1	QIZ20302.1	72.685	216	57	2	4	218	9	223	1.35e-105	309
MBP37288.1	QIZ20320.1	34.667	150	95	2	11	157	13	162	2.06e-22	84.3
MBP37290.1	QIZ20762.1	41.923	260	146	4	13	269	90	347	1.91e-58	186
MBP37291.1	QIZ20522.1	42.105	247	142	1	1	247	1	246	8.41e-56	175
MBP37292.1	QIZ20523.1	60.541	185	73	0	1	185	1	185	4.78e-71	209
MBP37294.1	QIZ20233.1	48.615	325	161	2	6	328	7	327	1.19e-114	336
MBP37295.1	QIZ20765.1	28.309	272	175	6	20	275	34	301	2.15e-26	101
MBP37296.1	QIZ20764.1	39.459	185	106	2	30	210	42	224	7.64e-32	117
MBP37297.1	QIZ20763.1	63.651	608	218	2	6	610	2	609	0.0	752
MBP37299.1	QIZ20759.1	57.074	417	177	2	5	419	6	422	5.38e-166	469
MBP37300.1	QIZ20758.1	63.669	278	100	1	2	279	4	280	1.88e-126	357
MBP37301.1	QIZ20757.1	38.854	314	180	6	11	316	9	318	8.53e-64	201
MBP37305.1	QIZ20752.1	64.306	353	126	0	1	353	1	353	1.85e-158	444
MBP37306.1	QIZ21008.1	60.870	253	98	1	2	254	3	254	3.05e-110	315
MBP37307.1	QIZ20751.1	56.391	133	58	0	11	143	16	148	5.29e-49	152
MBP37308.1	QIZ21371.1	32.000	275	171	6	22	285	31	300	1.05e-34	128
MBP37310.1	QIZ21369.1	41.311	305	168	6	4	308	11	304	3.78e-59	188
MBP37311.1	QIZ21367.1	48.462	130	66	1	3	132	1	129	1.31e-35	117
MBP37312.1	QIZ21366.1	39.207	227	130	3	21	244	23	244	5.04e-43	142
MBP37313.1	QIZ21382.1	38.071	197	122	0	54	250	58	254	4.14e-42	141
MBP37314.1	QIZ21383.1	41.053	665	366	10	24	673	16	669	1.58e-165	486
MBP37315.1	QIZ21385.1	48.673	678	337	7	8	679	6	678	0.0	618
MBP37316.1	QIZ21365.1	41.339	254	117	5	8	244	4	242	7.41e-54	171
MBP37320.1	QIZ20595.1	50.704	355	162	5	21	364	14	366	1.39e-113	331
MBP37321.1	QIZ20596.1	46.441	295	156	2	1	294	7	300	2.95e-84	251
MBP37322.1	QIZ20597.1	46.243	173	93	0	1	173	112	284	4.10e-55	172
MBP37323.1	QIZ21144.1	48.009	452	230	1	1	447	1	452	7.79e-136	394
MBP37324.1	QIZ21143.1	42.857	259	140	3	4	257	3	258	1.04e-58	184
MBP37325.1	QIZ21019.1	27.674	430	286	12	8	415	16	442	3.09e-43	153
MBP37326.1	QIZ21142.1	42.484	306	170	5	1	302	1	304	4.57e-71	218
MBP37327.1	QIZ21112.1	51.667	180	84	2	3	179	4	183	5.58e-59	178
MBP37328.1	QIZ20779.1	41.558	385	216	4	12	393	13	391	4.29e-93	281
MBP37329.1	QIZ20881.1	30.464	151	81	3	1	140	1	138	4.20e-21	80.1
MBP37330.1	QIZ20525.1	38.293	410	225	8	4	405	8	397	5.15e-79	246
MBP37332.1	QIZ21336.1	42.222	135	75	1	3	134	9	143	1.92e-32	107
MBP37336.1	QIZ20959.1	63.439	599	218	1	1	598	1	599	0.0	828
MBP37337.1	QIZ20960.1	43.788	813	431	12	1	799	1	801	0.0	619
MBP37338.1	QIZ20961.1	55.362	345	151	1	7	351	8	349	7.30e-148	417
MBP37339.1	QIZ20962.1	65.517	116	40	0	1	116	1	116	1.53e-54	162
MBP37341.1	QIZ20964.1	52.096	167	80	0	9	175	14	180	5.53e-61	183
MBP37342.1	QIZ20360.1	34.699	366	217	7	1	365	7	351	1.57e-46	164
MBP37344.1	QIZ20966.1	32.000	250	152	8	1	238	139	382	3.54e-30	111
MBP37349.1	QIZ20215.1	66.667	144	47	1	5	147	2	145	4.34e-72	208
MBP37350.1	QIZ21478.1	35.714	252	148	5	24	275	44	281	4.64e-35	130
MBP37350.1	QIZ21478.1	33.051	236	150	5	295	528	39	268	1.97e-29	114
MBP37354.1	QIZ20585.1	30.137	219	147	4	41	256	48	263	7.52e-27	100
MBP37355.1	QIZ20877.1	37.912	182	110	2	1	182	11	189	1.85e-44	141
MBP37356.1	QIZ20876.1	39.676	247	138	5	2	241	3	245	2.11e-47	153
MBP37357.1	QIZ20875.1	44.043	277	153	2	3	279	2	276	1.98e-75	227
MBP37358.1	QIZ20874.1	39.599	548	309	9	11	545	6	544	1.32e-114	348
MBP37360.1	QIZ20872.1	40.816	196	113	3	4	198	5	198	1.30e-53	166
MBP37361.1	QIZ20943.1	45.732	164	84	3	4	165	6	166	9.25e-41	131
MBP37362.1	QIZ20942.1	33.770	305	200	2	4	306	3	307	9.84e-61	191
MBP37363.1	QIZ20941.1	42.424	165	94	1	1	164	1	165	1.77e-41	135
MBP37364.1	QIZ20423.1	40.930	215	117	4	118	322	360	574	3.76e-40	144
MBP37365.1	QIZ20422.1	38.137	451	263	7	2	442	3	447	1.94e-84	262
MBP37366.1	QIZ20421.1	42.082	461	258	3	1	453	1	460	7.39e-110	328
MBP37368.1	QIZ20783.1	26.484	219	138	4	15	230	16	214	1.18e-22	89.4
MBP37369.1	QIZ20197.1	60.424	283	112	0	4	286	5	287	7.11e-125	353
MBP37373.1	QIZ21173.1	42.361	144	82	1	1	144	16	158	3.87e-43	135
MBP37374.1	QIZ21174.1	51.404	356	160	5	24	377	23	367	1.04e-119	350
MBP37376.1	QIZ21176.1	39.344	183	91	6	4	184	15	179	3.69e-35	118
MBP37377.1	QIZ21177.1	44.146	410	224	4	10	416	8	415	3.55e-115	338
MBP37378.1	QIZ21178.1	46.629	356	187	3	13	366	14	368	5.43e-105	309
MBP37379.1	QIZ21179.1	51.368	329	155	2	1	326	1	327	4.56e-110	319
MBP37380.1	QIZ21180.1	77.108	83	18	1	1	82	1	83	3.99e-40	123
MBP37381.1	QIZ21181.1	44.000	100	55	1	3	101	4	103	8.31e-28	97.1
MBP37382.1	QIZ21182.1	36.759	253	143	4	6	255	1	239	1.25e-53	169
MBP37383.1	QIZ21183.1	45.918	196	106	0	7	202	1	196	5.74e-60	183
MBP37384.1	QIZ21184.1	64.220	109	38	1	1	109	249	356	1.28e-43	142
MBP37386.1	QIZ20896.1	30.332	422	280	6	4	416	2	418	8.58e-49	167
MBP37387.1	QIZ20895.1	44.326	282	149	2	1	276	1	280	1.00e-84	252
MBP37388.1	QIZ20894.1	37.643	263	147	4	6	260	9	262	7.50e-51	163
MBP37389.1	QIZ20893.1	41.710	386	218	5	13	392	14	398	8.15e-102	304
MBP37390.1	QIZ20891.1	34.389	221	131	7	1	213	1	215	9.85e-31	109
MBP37392.1	QIZ20889.1	31.418	557	362	12	10	554	11	559	1.06e-80	259
MBP37393.1	QIZ20888.1	35.938	192	120	3	9	200	12	200	1.43e-25	95.1
MBP37394.1	QIZ20887.1	38.278	418	245	7	16	424	19	432	1.02e-67	218
MBP37395.1	QIZ20886.1	38.494	239	141	4	11	245	19	255	2.01e-52	166
MBP37398.1	QIZ20595.1	46.814	361	181	5	1	352	1	359	4.82e-106	311
MBP37400.1	QIZ20728.1	40.659	273	152	6	26	288	36	308	2.02e-63	198
MBP37403.1	QIZ21437.1	67.692	390	124	2	1	390	1	388	0.0	590
MBP37404.1	QIZ20511.1	29.352	586	364	12	14	565	8	577	1.47e-76	249
MBP37405.1	QIZ20593.1	66.836	591	196	0	1	591	1	591	0.0	871
MBP37406.1	QIZ20594.1	56.225	249	108	1	6	253	3	251	1.69e-90	264
MBP37408.1	QIZ20492.1	28.846	260	165	6	12	266	2	246	3.00e-23	91.7
MBP37409.1	QIZ21479.1	60.337	653	253	3	36	684	67	717	0.0	786
MBP37410.1	QIZ21474.1	56.634	309	131	1	1	309	1	306	6.73e-130	369
MBP37411.1	QIZ21480.1	74.877	203	51	0	1	203	1	203	1.15e-119	342
MBP37412.1	QIZ20347.1	37.849	251	153	1	14	264	12	259	1.30e-43	147
MBP37414.1	QIZ21190.1	51.845	515	241	3	13	526	17	525	0.0	536
MBP37415.1	QIZ21191.1	43.785	354	184	4	1	348	1	345	2.03e-96	286
MBP37416.1	QIZ21192.1	51.899	79	38	0	1	79	1	79	1.09e-24	85.5
MBP37418.1	QIZ20382.1	41.207	381	192	5	5	384	5	354	2.37e-95	286
MBP37419.1	QIZ20950.1	44.759	601	311	7	9	598	10	600	1.93e-161	471
MBP37420.1	QIZ20949.1	67.281	217	71	0	1	217	102	318	2.09e-111	318
MBP37421.1	QIZ21470.1	72.331	459	126	1	1	459	32	489	0.0	729
MBP37422.1	QIZ21469.1	69.968	313	93	1	1	312	1	313	7.67e-166	459
MBP37423.1	QIZ21468.1	75.000	276	69	0	5	280	9	284	1.40e-152	423
MBP37424.1	QIZ21467.1	88.090	445	53	0	10	454	30	474	0.0	839
MBP37425.1	QIZ21466.1	81.416	113	21	0	25	137	21	133	4.76e-70	202
MBP37427.1	QIZ21460.1	65.708	452	144	3	1	452	1	441	0.0	621
MBP37428.1	QIZ21465.1	76.609	466	101	1	1	458	1	466	0.0	723
MBP37430.1	QIZ20355.1	54.255	282	129	0	1	282	1	282	4.89e-100	290
MBP37431.1	QIZ20672.1	46.154	286	154	0	1	286	1	286	4.52e-94	275
MBP37433.1	QIZ21162.1	47.927	386	201	0	1	386	1	386	2.37e-126	365
MBP37434.1	QIZ21163.1	52.249	289	133	2	1	288	1	285	1.10e-97	285
MBP37436.1	QIZ21447.1	32.450	302	187	7	15	309	21	312	1.04e-41	143
MBP37437.1	QIZ21513.1	44.387	579	314	5	1	573	1	577	2.08e-161	476
MBP37439.1	QIZ20180.1	40.074	272	152	3	2	265	15	283	3.78e-64	198
MBP37441.1	QIZ21118.1	36.471	170	103	4	9	175	6	173	1.64e-35	118
MBP37442.1	QIZ21117.1	40.000	585	339	7	35	615	33	609	1.33e-129	390
MBP37443.1	QIZ21116.1	38.129	139	80	3	1	138	6	139	1.72e-22	82.8
MBP37444.1	QIZ21114.1	44.934	227	124	1	6	231	6	232	4.38e-63	192
MBP37448.1	QIZ21452.1	57.432	888	357	7	5	876	7	889	0.0	1032
MBP37449.1	QIZ20977.1	36.186	818	479	15	1	799	1	794	8.57e-179	532
MBP37451.1	QIZ20979.1	72.381	105	29	0	1	105	1	105	6.56e-54	160
MBP37452.1	QIZ20980.1	45.652	138	72	2	8	144	113	248	2.75e-34	118
MBP37456.1	QIZ20732.1	31.336	217	136	6	2	215	7	213	2.34e-26	104
MBP37466.1	QIZ21209.1	50.000	192	92	3	1	192	12	199	2.10e-63	190
MBP37468.1	QIZ20880.1	30.500	200	138	1	55	253	69	268	1.39e-29	108
MBP37479.1	QIZ21152.1	29.096	354	232	9	164	503	190	538	2.15e-32	125
MBP37481.1	QIZ20205.1	34.211	266	174	1	4	268	8	273	3.34e-28	105
MBP37482.1	QIZ21314.1	58.690	397	163	1	4	400	3	398	3.99e-176	493
MBP37484.1	QIZ20617.1	56.250	80	35	0	1	80	1	80	6.11e-32	102
MBP37485.1	QIZ20981.1	43.443	610	297	7	1	605	1	567	3.31e-160	466
MBP37488.1	QIZ20790.1	48.760	363	182	3	1	361	1	361	1.10e-115	336
MBP37489.1	QIZ20789.1	56.667	90	35	1	12	97	6	95	1.07e-28	95.9
MBP37490.1	QIZ20788.1	64.163	466	161	2	1	462	1	464	0.0	608
MBP37492.1	QIZ20943.1	33.548	155	98	2	1	155	1	150	2.33e-22	84.3
MBP37497.1	QIZ20536.1	44.737	152	70	4	3	146	7	152	7.55e-28	97.1
MBP37498.1	QIZ20546.1	27.828	442	296	10	2	435	9	435	1.58e-47	165
MBP37502.1	QIZ20391.1	53.247	77	35	1	1	76	1	77	6.53e-27	91.3
MBP37503.1	QIZ20390.1	44.084	524	270	7	1	512	1	513	8.53e-134	394
MBP37504.1	QIZ20389.1	50.350	286	136	4	16	297	4	287	3.04e-90	266
MBP37505.1	QIZ20388.1	65.347	202	65	1	1	202	1	197	3.52e-94	269
MBP37506.1	QIZ20387.1	60.485	949	351	5	1	929	2	946	0.0	1155
MBP37507.1	QIZ20386.1	52.532	158	69	3	1	157	1	153	1.15e-55	167
MBP37508.1	QIZ20385.1	47.271	861	419	6	1	861	21	846	0.0	764
MBP37509.1	QIZ20384.1	47.500	160	83	1	4	162	3	162	1.13e-49	153
MBP37512.1	QIZ20379.1	39.720	642	381	4	9	649	10	646	1.61e-162	479
MBP37515.1	QIZ21288.1	31.359	287	169	10	7	276	6	281	4.07e-25	97.1
MBP37516.1	QIZ21287.1	36.788	193	121	1	243	435	365	556	2.61e-34	130
MBP37517.1	QIZ21286.1	39.381	226	131	3	12	234	16	238	2.79e-45	147
MBP37519.1	QIZ20618.1	54.878	164	74	0	13	176	3	166	1.58e-52	161
MBP37520.1	QIZ21285.1	44.792	192	93	3	16	205	6	186	1.60e-47	150
MBP37521.1	QIZ21284.1	56.410	351	152	1	4	354	6	355	6.44e-151	425
MBP37522.1	QIZ21282.1	38.806	335	178	6	16	348	10	319	7.49e-69	214
MBP37524.1	QIZ21280.1	27.879	165	118	1	37	201	33	196	5.91e-25	92.4
MBP37525.1	QIZ21279.1	41.892	370	209	3	504	870	486	852	1.55e-89	298
MBP37527.1	QIZ21277.1	57.851	242	97	2	9	247	4	243	2.58e-97	280
MBP37530.1	QIZ20711.1	28.682	258	171	6	45	299	39	286	6.37e-22	90.1
MBP37531.1	QIZ20712.1	29.492	295	187	8	21	308	7	287	5.52e-26	100
MBP37532.1	QIZ20710.1	35.827	254	147	3	9	262	3	240	2.70e-52	166
MBP37533.1	QIZ20981.1	27.479	484	332	10	38	519	35	501	1.08e-41	155
MBP37535.1	QIZ20556.1	37.118	229	131	4	5	231	34	251	7.35e-44	148
MBP37537.1	QIZ21397.1	36.893	103	65	0	1	103	184	286	3.75e-21	80.9
MBP37539.1	QIZ21399.1	44.492	463	224	10	5	444	4	456	2.00e-122	361
MBP37540.1	QIZ21400.1	38.909	275	167	1	7	281	9	282	2.12e-56	180
MBP37541.1	QIZ21401.1	63.790	591	208	2	1	588	1	588	0.0	763
MBP37542.1	QIZ21402.1	40.116	172	101	2	5	174	4	175	5.79e-39	127
MBP37543.1	QIZ21403.1	60.472	339	134	0	1	339	1	339	3.83e-163	454
MBP37544.1	QIZ21404.1	58.027	517	215	2	3	518	5	520	0.0	610
MBP37545.1	QIZ21405.1	61.677	334	124	2	3	336	5	334	4.09e-145	409
MBP37548.1	QIZ21408.1	38.889	630	341	7	8	595	9	636	1.86e-151	447
MBP37549.1	QIZ21409.1	45.658	357	194	0	3	359	13	369	5.82e-100	296
MBP37550.1	QIZ21426.1	64.822	253	89	0	1	253	7	259	8.53e-124	348
MBP37551.1	QIZ21427.1	68.936	235	72	1	1	234	1	235	3.58e-112	317
MBP37552.1	QIZ21428.1	70.790	291	85	0	2	292	1	291	3.96e-154	430
MBP37554.1	QIZ21035.1	41.398	186	109	0	18	203	19	204	1.21e-45	146
MBP37555.1	QIZ21034.1	41.132	265	134	5	1	250	1	258	2.73e-56	177
MBP37556.1	QIZ21033.1	47.745	377	191	4	1	375	1	373	2.30e-121	351
MBP37557.1	QIZ21032.1	72.627	632	168	2	1	631	1	628	0.0	931
MBP37558.1	QIZ21031.1	37.368	190	105	4	23	201	7	193	3.07e-36	122
MBP37561.1	QIZ21030.1	41.765	170	92	2	10	173	30	198	2.04e-28	100
MBP37564.1	QIZ21485.1	75.926	378	88	2	2	376	6	383	0.0	580
MBP37565.1	QIZ21505.1	31.439	264	152	6	16	279	2	236	2.81e-41	139
MBP37566.1	QIZ20304.1	43.493	292	159	4	8	297	4	291	1.04e-80	243
MBP37568.1	QIZ20785.1	45.143	175	93	3	2	175	3	175	5.07e-47	148
MBP37570.1	QIZ20784.1	60.000	75	29	1	1	75	1	74	4.51e-30	97.1
MBP37571.1	QIZ20783.1	45.064	233	108	3	1	229	1	217	3.96e-66	201
MBP37572.1	QIZ20782.1	48.387	186	95	1	1	186	1	185	3.66e-64	192
MBP37574.1	QIZ20778.1	53.754	333	153	1	1	333	3	334	6.84e-126	360
MBP37575.1	QIZ20777.1	54.071	651	284	7	14	659	8	648	0.0	697
MBP37578.1	QIZ20774.1	32.022	178	112	4	16	188	8	181	5.42e-24	89.4
MBP37579.1	QIZ20773.1	45.211	261	139	3	1	260	1	258	2.67e-74	223
MBP37580.1	QIZ20772.1	50.633	237	116	1	1	237	1	236	2.48e-80	237
MBP37582.1	QIZ20770.1	51.852	216	95	1	2	217	17	223	9.28e-70	209
MBP37583.1	QIZ20769.1	52.066	121	58	0	1	121	13	133	8.80e-46	140
MBP37585.1	QIZ20970.1	66.880	468	155	0	1	468	5	472	0.0	635
MBP37586.1	QIZ20882.1	26.481	287	208	3	2	286	4	289	1.14e-30	113
MBP37587.1	QIZ20883.1	46.305	203	107	2	1	203	3	203	2.07e-58	178
MBP37588.1	QIZ20884.1	41.883	308	173	3	13	315	13	319	2.50e-72	222
MBP37590.1	QIZ20609.1	38.286	175	102	3	2	173	3	174	1.65e-37	127
MBP37592.1	QIZ20734.1	45.802	131	71	0	4	134	45	175	4.97e-41	130
MBP37593.1	QIZ20726.1	66.213	367	121	1	1	364	1	367	0.0	506
MBP37594.1	QIZ20725.1	53.768	889	396	8	6	888	9	888	0.0	937
MBP37595.1	QIZ20724.1	63.524	403	147	0	1	403	1	403	0.0	563
MBP37597.1	QIZ20723.1	46.154	208	109	3	7	212	8	214	2.23e-60	184
MBP37598.1	QIZ20722.1	41.451	193	106	4	12	201	20	208	3.33e-39	132
MBP37599.1	QIZ21210.1	26.829	492	351	5	1	483	1	492	2.49e-42	163
MBP37601.1	QIZ20720.1	34.359	195	122	2	3	192	7	200	3.77e-34	116
MBP37602.1	QIZ20717.1	52.703	148	67	2	5	150	10	156	9.42e-39	132
MBP37605.1	QIZ20181.1	58.952	229	94	0	5	233	2	230	1.24e-87	255
MBP37606.1	QIZ20182.1	47.393	211	111	0	21	231	12	222	1.76e-67	203
MBP37608.1	QIZ21484.1	30.952	252	172	2	1	251	4	254	4.05e-39	133
MBP37610.1	QIZ20952.1	40.854	164	74	4	1	144	525	685	6.92e-28	103
MBP37613.1	QIZ21189.1	47.516	463	239	3	1	462	22	481	1.89e-144	417
MBP37615.1	QIZ20878.1	39.871	311	158	7	1	292	1	301	9.55e-64	199
MBP37616.1	QIZ20879.1	45.205	365	199	1	4	367	8	372	4.47e-112	328
MBP37617.1	QIZ20880.1	41.667	252	147	0	5	256	19	270	9.56e-58	181
MBP37619.1	QIZ20756.1	37.624	303	186	3	5	306	8	308	1.73e-63	199
MBP37621.1	QIZ20229.1	52.020	198	95	0	235	432	8	205	1.22e-60	192
MBP37622.1	QIZ20231.1	57.528	445	189	0	4	448	3	447	0.0	590
MBP37623.1	QIZ20232.1	57.613	243	103	0	1	243	1	243	1.37e-108	309
MBP37624.1	QIZ20441.1	30.670	463	289	7	5	442	6	461	2.27e-53	181
MBP37625.1	QIZ20234.1	54.820	529	224	6	4	523	5	527	0.0	578
MBP37626.1	QIZ20235.1	35.500	200	108	5	2	192	22	209	1.46e-24	92.0
MBP37627.1	QIZ21470.1	66.667	54	18	0	1	54	1	54	6.11e-23	84.7
MBP37628.1	QIZ21471.1	60.987	446	168	2	2	447	3	442	0.0	590
MBP37630.1	QIZ21473.1	57.422	768	322	3	19	785	12	775	0.0	938
MBP37632.1	QIZ21495.1	47.718	241	126	0	9	249	9	249	9.20e-79	234
MBP37633.1	QIZ20738.1	43.820	89	49	1	14	101	14	102	1.02e-22	80.9
MBP37634.1	QIZ20737.1	51.343	335	160	3	4	336	3	336	1.44e-118	341
MBP37635.1	QIZ21480.1	68.595	242	76	0	1	242	201	442	9.27e-128	365
MBP37636.1	QIZ21359.1	67.029	276	91	0	1	276	1	276	2.27e-132	396
MBP37636.1	QIZ21359.1	33.203	256	160	3	8	259	559	807	6.34e-45	157
MBP37637.1	QIZ21360.1	52.033	369	175	2	14	381	18	385	1.01e-131	379
MBP37638.1	QIZ21361.1	47.368	152	80	0	1	152	1	152	3.04e-34	113
MBP37639.1	QIZ21362.1	33.726	424	266	9	1	416	1	417	2.26e-65	219
MBP37640.1	QIZ21363.1	55.000	560	218	4	34	593	81	606	0.0	597
MBP37644.1	QIZ20283.1	40.625	192	114	0	1	192	20	211	3.31e-51	160
MBP37645.1	QIZ20284.1	79.528	127	26	0	1	127	1	127	6.59e-74	211
MBP37646.1	QIZ20285.1	77.391	115	26	0	32	146	36	150	2.50e-58	174
MBP37647.1	QIZ20286.1	74.706	340	85	1	1	339	1	340	0.0	519
MBP37648.1	QIZ20287.1	66.187	139	47	0	1	139	1	139	3.18e-64	189
MBP37649.1	QIZ20288.1	44.186	301	167	1	1	301	1	300	1.19e-82	247
MBP37650.1	QIZ20289.1	53.000	200	94	0	1	200	1	200	7.21e-74	218
MBP37651.1	QIZ20290.1	72.210	457	127	0	1	457	1	457	0.0	680
MBP37652.1	QIZ20291.1	44.765	277	136	7	1	268	11	279	4.15e-68	208
MBP37653.1	QIZ20292.1	75.455	110	26	1	1	110	1	109	1.07e-45	144
MBP37654.1	QIZ20276.1	69.307	101	31	0	1	101	1	101	2.90e-46	140
MBP37655.1	QIZ20275.1	63.536	181	66	0	1	181	1	181	6.28e-82	236
MBP37656.1	QIZ20274.1	62.857	70	26	0	1	70	1	70	5.08e-26	87.4
MBP37657.1	QIZ20273.1	80.328	122	24	0	1	122	1	122	1.69e-71	205
MBP37658.1	QIZ20272.1	57.333	75	32	0	1	75	1	75	3.12e-23	80.1
MBP37660.1	QIZ20270.1	77.778	135	30	0	1	135	1	135	2.25e-80	229
MBP37661.1	QIZ20269.1	73.364	214	57	0	1	214	1	214	9.43e-124	346
MBP37662.1	QIZ20268.1	59.701	134	46	2	1	128	1	132	2.55e-51	155
MBP37663.1	QIZ20266.1	63.899	277	99	1	1	276	1	277	1.31e-118	337
MBP37664.1	QIZ20265.1	62.887	97	36	0	1	97	1	97	4.81e-37	116
MBP37665.1	QIZ20264.1	54.327	208	93	2	1	207	1	207	4.95e-70	208
MBP37666.1	QIZ20263.1	69.406	219	67	0	3	221	4	222	1.80e-112	319
MBP37667.1	QIZ20262.1	83.333	102	17	0	1	102	1	102	1.33e-60	176
MBP37668.1	QIZ20261.1	81.498	227	42	0	1	227	465	691	8.21e-137	395
MBP37670.1	QIZ21373.1	47.156	422	216	4	10	430	11	426	5.35e-109	324
MBP37671.1	QIZ21374.1	51.515	363	170	6	14	373	13	372	6.07e-115	335
MBP37672.1	QIZ21375.1	36.620	355	219	5	1	355	1	349	1.07e-68	215
MBP37673.1	QIZ21377.1	50.000	300	146	2	4	300	13	311	2.50e-95	280
