MDB4065404.1	QIZ21450.1	88.496	113	13	0	1	113	1	113	1.59e-74	212
MDB4065405.1	QIZ21449.1	92.677	396	29	0	1	396	1	396	0.0	759
MDB4065406.1	QIZ21448.1	92.678	478	35	0	1	478	1	478	0.0	905
MDB4065407.1	QIZ21447.1	97.806	319	7	0	1	319	1	319	0.0	648
MDB4065408.1	QIZ21446.1	64.758	227	75	1	19	240	19	245	4.31e-104	297
MDB4065409.1	QIZ21445.1	69.626	214	65	0	1	214	1	214	4.45e-110	310
MDB4065410.1	QIZ21444.1	85.000	740	111	0	1	740	1	740	0.0	1294
MDB4065411.1	QIZ20556.1	33.333	243	144	6	28	266	47	275	2.86e-33	126
MDB4065411.1	QIZ20556.1	32.143	224	144	5	376	597	45	262	3.12e-31	120
MDB4065415.1	QIZ20218.1	36.176	340	202	8	60	388	43	378	8.92e-61	197
MDB4065418.1	QIZ21121.1	32.258	372	241	4	8	369	4	374	3.08e-63	203
MDB4065419.1	QIZ21401.1	24.721	538	366	14	8	530	7	520	1.06e-36	139
MDB4065421.1	QIZ21154.1	45.889	377	194	4	3	379	2	368	4.13e-123	356
MDB4065422.1	QIZ20975.1	35.969	392	219	6	5	371	9	393	2.14e-69	219
MDB4065423.1	QIZ21307.1	64.236	288	103	0	4	291	2	289	1.40e-148	414
MDB4065424.1	QIZ21443.1	93.310	284	19	0	1	284	1	284	0.0	508
MDB4065425.1	QIZ21442.1	87.470	415	52	0	1	415	1	415	0.0	750
MDB4065426.1	QIZ21441.1	93.075	361	25	0	13	373	13	373	0.0	699
MDB4065427.1	QIZ21440.1	87.187	359	46	0	3	361	4	362	0.0	659
MDB4065428.1	QIZ21439.1	82.732	388	67	0	19	406	1	388	0.0	686
MDB4065429.1	QIZ21438.1	65.560	241	83	0	5	245	5	245	1.30e-118	334
MDB4065430.1	QIZ20490.1	28.261	276	177	3	3	264	5	273	2.08e-30	112
MDB4065431.1	QIZ21448.1	61.975	476	180	1	1	475	1	476	0.0	595
MDB4065436.1	QIZ20555.1	41.509	265	151	3	57	321	236	496	5.23e-58	191
MDB4065437.1	QIZ20556.1	45.401	337	180	2	2	334	3	339	5.31e-107	313
MDB4065438.1	QIZ20592.1	34.387	253	150	6	6	256	5	243	2.58e-42	140
MDB4065441.1	QIZ21460.1	31.004	458	282	11	25	470	4	439	3.18e-56	189
MDB4065443.1	QIZ20716.1	35.833	120	71	3	14	133	5	118	1.84e-22	82.4
MDB4065444.1	QIZ21506.1	34.615	390	210	13	5	362	17	393	4.17e-65	208
MDB4065450.1	QIZ20495.1	43.750	528	294	3	3	527	4	531	9.37e-148	430
MDB4065451.1	QIZ20216.1	59.621	317	127	1	1	316	1	317	1.56e-130	370
MDB4065453.1	QIZ21437.1	75.835	389	93	1	1	389	1	388	0.0	645
MDB4065454.1	QIZ20511.1	29.828	580	374	11	7	562	3	573	7.80e-75	244
MDB4065456.1	QIZ21436.1	90.256	195	19	0	1	195	1	195	6.43e-133	366
MDB4065457.1	QIZ21435.1	50.602	249	117	3	12	257	14	259	1.75e-87	256
MDB4065458.1	QIZ21434.1	76.423	492	116	0	1	492	1	492	0.0	804
MDB4065459.1	QIZ21433.1	58.596	285	118	0	1	285	1	285	8.01e-115	328
MDB4065460.1	QIZ21432.1	89.924	397	39	1	1	396	1	397	0.0	688
MDB4065461.1	QIZ21431.1	79.762	252	51	0	1	252	1	252	3.58e-138	384
MDB4065462.1	QIZ21429.1	91.196	443	39	0	14	456	1	443	0.0	793
MDB4065463.1	QIZ21428.1	97.024	336	10	0	1	336	1	336	0.0	650
MDB4065464.1	QIZ21427.1	91.915	235	19	0	1	235	1	235	5.66e-154	423
MDB4065465.1	QIZ21426.1	93.561	264	17	0	1	264	1	264	0.0	503
MDB4065467.1	QIZ21425.1	92.079	303	24	0	1	303	1	303	0.0	568
MDB4065468.1	QIZ21424.1	93.458	107	7	0	1	107	1	107	1.97e-67	194
MDB4065469.1	QIZ21423.1	93.590	234	15	0	1	234	1	234	1.56e-164	449
MDB4065470.1	QIZ21422.1	95.019	261	13	0	1	261	1	261	0.0	506
MDB4065471.1	QIZ21421.1	84.146	246	39	0	1	246	1	246	7.98e-157	431
MDB4065472.1	QIZ21420.1	71.920	349	97	1	3	350	2	350	0.0	518
MDB4065473.1	QIZ21419.1	85.859	297	42	0	1	297	1	297	0.0	517
MDB4065474.1	QIZ21418.1	85.230	413	59	1	1	411	1	413	0.0	743
MDB4065475.1	QIZ21417.1	86.275	204	28	0	1	204	1	204	9.49e-118	328
MDB4065476.1	QIZ21416.1	90.816	98	9	0	1	98	1	98	6.37e-64	184
MDB4065477.1	QIZ21415.1	85.714	84	12	0	1	84	1	84	1.34e-53	157
MDB4065478.1	QIZ21414.1	86.992	123	16	0	1	123	1	123	5.66e-80	227
MDB4065479.1	QIZ21413.1	89.899	297	30	0	1	297	1	297	0.0	558
MDB4065480.1	QIZ21412.1	85.489	317	46	0	1	317	1	317	0.0	568
MDB4065481.1	QIZ21411.1	75.000	300	74	1	1	300	1	299	4.06e-164	454
MDB4065482.1	QIZ21410.1	85.680	412	59	0	1	412	1	412	0.0	747
MDB4065483.1	QIZ21409.1	68.548	372	117	0	3	374	2	373	8.10e-178	494
MDB4065484.1	QIZ21408.1	66.208	654	201	3	1	634	1	654	0.0	915
MDB4065485.1	QIZ21407.1	47.853	163	85	0	1	163	4	166	7.01e-41	131
MDB4065486.1	QIZ21406.1	44.211	285	149	3	1	276	1	284	8.60e-75	230
MDB4065487.1	QIZ21405.1	90.828	338	31	0	7	344	8	345	0.0	628
MDB4065488.1	QIZ21404.1	83.365	523	84	2	1	523	1	520	0.0	908
MDB4065489.1	QIZ20556.1	39.056	233	127	6	318	545	40	262	1.91e-42	151
MDB4065489.1	QIZ20556.1	32.157	255	151	6	19	270	41	276	1.32e-33	126
MDB4065493.1	QIZ21403.1	85.294	340	49	1	1	340	1	339	0.0	608
MDB4065494.1	QIZ21402.1	88.462	182	21	0	1	182	1	182	1.17e-118	329
MDB4065495.1	QIZ21401.1	93.027	588	41	0	1	588	1	588	0.0	1108
MDB4065496.1	QIZ21400.1	60.870	299	117	0	1	299	1	299	8.77e-115	329
MDB4065497.1	QIZ21399.1	75.476	473	110	4	1	469	1	471	0.0	687
MDB4065498.1	QIZ21398.1	85.246	61	9	0	1	61	1	61	1.03e-34	107
MDB4065499.1	QIZ21397.1	91.003	289	26	0	1	289	1	289	0.0	522
MDB4065500.1	QIZ21396.1	91.553	367	30	1	1	367	1	366	0.0	646
MDB4065501.1	QIZ21395.1	95.255	274	13	0	1	274	1	274	0.0	531
MDB4065502.1	QIZ21388.1	90.159	315	31	0	1	315	1	315	0.0	601
MDB4065503.1	QIZ20746.1	87.910	885	107	0	1	885	1	885	0.0	1621
MDB4065504.1	QIZ20747.1	69.287	687	211	0	1	687	1	687	0.0	947
MDB4065505.1	QIZ20748.1	88.737	293	33	0	1	293	1	293	0.0	555
MDB4065506.1	QIZ20749.1	85.821	268	38	0	1	268	1	268	1.23e-155	430
MDB4065507.1	QIZ20750.1	81.306	337	63	0	1	337	1	337	0.0	558
MDB4065508.1	QIZ20751.1	73.077	208	56	0	1	208	1	208	1.86e-117	328
MDB4065509.1	QIZ20752.1	90.833	360	33	0	1	360	1	360	0.0	669
MDB4065510.1	QIZ20753.1	88.540	637	73	0	1	637	1	637	0.0	1182
MDB4065511.1	QIZ20754.1	75.862	290	70	0	1	290	1	290	1.11e-154	429
MDB4065512.1	QIZ20755.1	71.795	78	22	0	1	78	1	78	1.15e-32	103
MDB4065513.1	QIZ20756.1	70.000	310	93	0	1	310	1	310	1.80e-157	438
MDB4065514.1	QIZ21199.1	31.718	227	145	3	3	222	5	228	1.41e-33	119
MDB4065516.1	QIZ20757.1	84.520	323	50	0	1	323	1	323	0.0	546
MDB4065517.1	QIZ20758.1	92.833	293	21	0	5	297	1	293	0.0	562
MDB4065518.1	QIZ20759.1	90.698	430	40	0	1	430	1	430	0.0	813
MDB4065519.1	QIZ20760.1	75.185	270	67	0	1	270	1	270	5.60e-147	408
MDB4065520.1	QIZ20761.1	81.490	443	82	0	1	443	1	443	0.0	740
MDB4065521.1	QIZ20762.1	68.768	349	109	0	1	349	1	349	1.31e-160	449
MDB4065522.1	QIZ20763.1	81.675	633	111	2	3	635	1	628	0.0	1014
MDB4065523.1	QIZ20764.1	51.895	343	163	2	1	341	1	343	1.83e-120	347
MDB4065524.1	QIZ20765.1	72.923	325	77	5	6	330	11	324	2.00e-173	479
MDB4065525.1	QIZ20766.1	85.366	164	19	1	1	164	1	159	5.43e-94	265
MDB4065526.1	QIZ20767.1	87.703	431	53	0	17	447	16	446	0.0	800
MDB4065527.1	QIZ20768.1	68.531	286	67	2	3	288	7	269	2.01e-120	342
MDB4065528.1	QIZ20769.1	92.754	138	10	0	1	138	1	138	3.54e-93	261
MDB4065529.1	QIZ20770.1	83.482	224	37	0	1	224	1	224	7.69e-139	384
MDB4065530.1	QIZ20771.1	84.756	164	25	0	1	164	1	164	4.25e-106	296
MDB4065531.1	QIZ20772.1	83.750	240	39	0	1	240	1	240	6.29e-154	423
MDB4065532.1	QIZ20773.1	76.119	268	64	0	1	268	1	268	7.05e-161	443
MDB4065533.1	QIZ20774.1	62.500	112	42	0	1	112	70	181	2.90e-49	150
MDB4065535.1	QIZ21526.1	56.410	78	34	0	16	93	16	93	1.74e-30	99.8
MDB4065536.1	QIZ21226.1	77.876	113	25	0	1	113	1	113	3.04e-64	186
MDB4065537.1	QIZ21228.1	83.617	470	77	0	1	470	1	470	0.0	827
MDB4065538.1	QIZ21229.1	70.615	439	128	1	1	438	1	439	0.0	601
MDB4065539.1	QIZ21230.1	69.159	321	99	0	1	321	1	321	1.28e-159	444
MDB4065540.1	QIZ21231.1	79.204	226	47	0	1	226	1	226	2.68e-136	377
MDB4065541.1	QIZ21232.1	64.651	215	76	0	1	215	1	215	1.01e-91	264
MDB4065542.1	QIZ21233.1	95.530	604	27	0	1	604	1	604	0.0	1191
MDB4065543.1	QIZ21234.1	81.209	612	101	1	1	598	1	612	0.0	928
MDB4065544.1	QIZ21235.1	91.871	529	43	0	1	529	1	529	0.0	981
MDB4065545.1	QIZ21236.1	95.833	96	4	0	1	96	1	96	1.53e-63	183
MDB4065546.1	QIZ21237.1	66.544	272	91	0	1	272	1	272	5.28e-139	388
MDB4065547.1	QIZ21238.1	73.115	305	82	0	2	306	1	305	1.59e-165	458
MDB4065548.1	QIZ21239.1	82.431	905	159	0	1	905	1	905	0.0	1556
MDB4065549.1	QIZ21240.1	49.375	160	81	0	8	167	7	166	5.47e-50	154
MDB4065551.1	QIZ21242.1	60.847	378	147	1	11	387	3	380	2.94e-145	413
MDB4065552.1	QIZ21243.1	60.541	185	73	0	1	185	1	185	1.33e-70	208
MDB4065553.1	QIZ21244.1	66.905	420	139	0	1	420	1	420	0.0	588
MDB4065554.1	QIZ21245.1	71.667	60	17	0	1	60	1	60	5.33e-28	91.3
MDB4065555.1	QIZ21246.1	54.861	288	125	2	1	285	1	286	2.14e-102	296
MDB4065556.1	QIZ21247.1	45.659	311	159	5	1	304	1	308	4.12e-79	239
MDB4065557.1	QIZ21248.1	46.914	405	207	3	1	400	1	402	3.72e-118	346
MDB4065558.1	QIZ21249.1	63.621	580	210	1	1	580	1	579	0.0	751
MDB4065559.1	QIZ21250.1	66.084	286	97	0	1	286	1	286	5.78e-137	384
MDB4065560.1	QIZ21251.1	85.821	134	19	0	1	134	1	134	1.86e-86	244
MDB4065561.1	QIZ21252.1	54.489	323	147	0	1	323	1	323	1.42e-127	363
MDB4065562.1	QIZ21253.1	84.588	279	42	1	1	278	1	279	3.44e-177	485
MDB4065564.1	QIZ21254.1	83.333	78	13	0	31	108	1	78	1.33e-48	145
MDB4065565.1	QIZ21255.1	80.672	119	23	0	1	119	1	119	2.83e-71	204
MDB4065566.1	QIZ21256.1	86.818	220	29	0	1	220	1	220	2.39e-136	377
MDB4065567.1	QIZ21257.1	80.258	233	46	0	1	233	1	233	1.75e-136	379
MDB4065568.1	QIZ21258.1	83.395	271	45	0	1	271	1	271	2.02e-164	452
MDB4065569.1	QIZ21259.1	95.956	544	22	0	1	544	1	544	0.0	1014
MDB4065570.1	QIZ21260.1	85.149	303	45	0	1	303	1	303	0.0	530
MDB4065571.1	QIZ21262.1	82.386	176	31	0	2	177	1	176	4.62e-114	317
MDB4065572.1	QIZ21263.1	85.878	262	37	0	1	262	1	262	2.05e-166	456
MDB4065573.1	QIZ21264.1	66.359	217	73	0	1	217	1	217	2.35e-98	281
MDB4065574.1	QIZ21265.1	72.549	459	125	1	1	459	1	458	0.0	698
MDB4065575.1	QIZ21266.1	73.292	161	43	0	1	161	1	161	2.36e-92	261
MDB4065576.1	QIZ21267.1	73.050	141	38	0	1	141	1	141	7.22e-75	215
MDB4065577.1	QIZ21268.1	64.062	320	114	1	1	319	1	320	1.98e-144	406
MDB4065578.1	QIZ21269.1	75.159	314	78	0	1	314	1	314	1.84e-180	496
MDB4065579.1	QIZ21270.1	58.842	311	128	0	1	311	1	311	5.35e-120	343
MDB4065580.1	QIZ21271.1	68.362	354	112	0	1	354	1	354	1.04e-177	493
MDB4065581.1	QIZ21272.1	61.484	283	109	0	1	283	1	283	1.15e-117	335
MDB4065582.1	QIZ21273.1	81.687	486	88	1	1	486	1	485	0.0	817
MDB4065583.1	QIZ21274.1	79.394	165	34	0	1	165	4	168	8.37e-91	258
MDB4065584.1	QIZ21275.1	76.536	179	42	0	18	196	1	179	1.56e-96	274
MDB4065585.1	QIZ21276.1	100.000	75	0	0	1	75	1	75	1.79e-46	138
MDB4065586.1	QIZ21277.1	92.623	244	18	0	1	244	1	244	3.81e-167	457
MDB4065587.1	QIZ21278.1	79.121	91	19	0	1	91	1	91	1.49e-49	147
MDB4065588.1	QIZ21279.1	83.314	857	143	0	1	857	1	857	0.0	1451
MDB4065589.1	QIZ21280.1	67.978	178	55	1	17	192	19	196	8.57e-89	254
MDB4065590.1	QIZ21281.1	71.605	162	46	0	1	162	1	162	1.71e-76	221
MDB4065591.1	QIZ21282.1	63.323	319	117	0	6	324	6	324	4.53e-149	418
MDB4065592.1	QIZ21283.1	54.688	384	172	2	1	383	1	383	2.87e-143	408
MDB4065593.1	QIZ21284.1	89.326	356	38	0	1	356	1	356	0.0	665
MDB4065594.1	QIZ21285.1	79.032	186	39	0	1	186	1	186	3.04e-104	293
MDB4065595.1	QIZ21286.1	65.021	243	81	1	1	239	1	243	4.12e-107	305
MDB4065596.1	QIZ21287.1	59.781	547	219	1	16	561	15	561	0.0	654
MDB4065597.1	QIZ21288.1	55.872	281	124	0	1	281	1	281	2.51e-100	291
MDB4065598.1	QIZ21289.1	63.270	422	155	0	1	422	1	422	0.0	558
MDB4065599.1	QIZ21290.1	86.709	158	21	0	1	158	1	158	1.23e-99	279
MDB4065600.1	QIZ21291.1	77.007	274	63	0	1	274	1	274	1.32e-160	443
MDB4065601.1	QIZ21292.1	72.973	148	40	0	1	148	1	148	6.58e-80	229
MDB4065602.1	QIZ21293.1	88.166	169	20	0	1	169	1	169	3.57e-107	299
MDB4065603.1	QIZ21294.1	94.033	419	25	0	1	419	1	419	0.0	786
MDB4065604.1	QIZ21295.1	78.378	259	56	0	1	259	1	259	7.85e-149	412
MDB4065605.1	QIZ21296.1	88.235	357	42	0	1	357	1	357	0.0	659
MDB4065606.1	QIZ21297.1	81.081	185	35	0	1	185	1	185	8.10e-112	312
MDB4065607.1	QIZ21298.1	72.321	224	56	2	1	222	1	220	1.99e-104	297
MDB4065608.1	QIZ21299.1	92.258	310	24	0	1	310	1	310	0.0	549
MDB4065609.1	QIZ21300.1	60.870	253	97	2	1	251	1	253	2.98e-88	258
MDB4065610.1	QIZ21301.1	54.651	344	155	1	4	347	5	347	2.59e-126	362
MDB4065611.1	QIZ21302.1	67.323	254	83	0	1	254	1	254	2.94e-124	349
MDB4065612.1	QIZ21303.1	71.429	70	20	0	1	70	1	70	3.29e-30	98.2
MDB4065613.1	QIZ21304.1	67.198	439	144	0	1	439	1	439	0.0	628
MDB4065614.1	QIZ21305.1	79.111	225	47	0	1	225	1	225	3.71e-130	362
MDB4065615.1	QIZ21306.1	82.639	144	25	0	1	144	1	144	2.25e-84	239
MDB4065616.1	QIZ21307.1	88.966	290	32	0	1	290	1	290	0.0	556
MDB4065617.1	QIZ21308.1	90.155	193	19	0	1	193	1	193	1.52e-128	355
MDB4065618.1	QIZ21309.1	90.835	611	56	0	1	611	1	611	0.0	1159
MDB4065619.1	QIZ21310.1	90.780	141	13	0	1	141	1	141	2.88e-88	249
MDB4065620.1	QIZ21312.1	79.200	250	52	0	1	250	1	250	2.01e-146	405
MDB4065621.1	QIZ21313.1	91.725	713	59	0	1	713	1	713	0.0	1370
MDB4065622.1	QIZ21314.1	94.236	399	23	0	1	399	1	399	0.0	782
MDB4065623.1	QIZ21249.1	31.332	533	341	11	65	586	57	575	9.05e-76	247
MDB4065624.1	QIZ21316.1	77.982	218	48	0	1	218	1	218	1.65e-119	334
MDB4065626.1	QIZ20493.1	44.118	102	54	2	24	123	11	111	1.63e-22	82.0
MDB4065627.1	QIZ21317.1	96.178	314	12	0	1	314	1	314	0.0	631
MDB4065628.1	QIZ21318.1	83.758	314	51	0	1	314	1	314	0.0	544
MDB4065629.1	QIZ21319.1	91.781	219	18	0	1	219	1	219	1.15e-154	423
MDB4065630.1	QIZ21358.1	80.342	351	69	0	1	351	1	351	0.0	565
MDB4065631.1	QIZ21359.1	89.199	1074	116	0	1	1074	1	1074	0.0	1979
MDB4065632.1	QIZ21360.1	83.896	385	61	1	1	384	1	385	0.0	667
MDB4065633.1	QIZ21361.1	75.000	152	38	0	1	152	1	152	5.45e-73	211
MDB4065634.1	QIZ21362.1	77.157	591	135	0	1	591	1	591	0.0	918
MDB4065635.1	QIZ21363.1	92.434	608	45	1	1	608	1	607	0.0	1144
MDB4065636.1	QIZ21364.1	66.327	196	62	2	1	193	3	197	2.49e-86	248
MDB4065637.1	QIZ21365.1	56.061	264	113	2	2	265	1	261	1.20e-109	313
MDB4065638.1	QIZ21366.1	65.417	240	83	0	1	240	3	242	2.16e-108	308
MDB4065639.1	QIZ21367.1	90.323	155	15	0	1	155	1	155	3.82e-107	298
MDB4065640.1	QIZ21368.1	77.062	497	107	3	1	492	1	495	0.0	704
MDB4065641.1	QIZ21369.1	70.238	336	100	0	1	336	1	336	3.78e-174	482
MDB4065642.1	QIZ20599.1	72.330	206	57	0	1	206	1	206	9.98e-113	320
MDB4065643.1	QIZ20600.1	73.494	249	65	1	1	249	1	248	4.60e-135	376
MDB4065644.1	QIZ20601.1	95.228	482	23	0	1	482	1	482	0.0	847
MDB4065645.1	QIZ20602.1	78.698	169	35	1	1	168	1	169	7.01e-84	240
MDB4065646.1	QIZ20603.1	95.342	322	15	0	1	322	1	322	0.0	630
MDB4065647.1	QIZ20604.1	88.073	327	39	0	4	330	3	329	0.0	546
MDB4065648.1	QIZ20605.1	88.235	391	46	0	1	391	1	391	0.0	718
MDB4065649.1	QIZ21109.1	28.440	327	202	10	13	312	1	322	6.39e-25	99.0
MDB4065654.1	QIZ20416.1	32.273	220	139	5	8	225	5	216	1.13e-31	112
MDB4065657.1	QIZ20511.1	23.889	540	346	15	64	569	49	557	6.58e-26	107
MDB4065658.1	QIZ20606.1	78.288	479	104	0	1	479	1	479	0.0	803
MDB4065660.1	QIZ20715.1	33.486	218	128	5	42	255	52	256	4.49e-26	99.0
MDB4065666.1	QIZ20501.1	48.438	320	163	1	1	318	1	320	1.71e-100	294
MDB4065669.1	QIZ20492.1	30.469	256	166	6	12	266	2	246	4.62e-27	101
MDB4065673.1	QIZ20609.1	71.212	330	95	0	1	330	1	330	2.98e-179	494
MDB4065674.1	QIZ20610.1	86.188	181	25	0	1	181	1	181	3.26e-116	323
MDB4065675.1	QIZ20611.1	59.494	79	31	1	1	78	1	79	4.82e-29	95.5
MDB4065676.1	QIZ20612.1	73.154	149	40	0	1	149	1	149	2.59e-73	212
MDB4065677.1	QIZ20613.1	75.083	301	75	0	1	301	1	301	1.34e-173	478
MDB4065678.1	QIZ20614.1	61.497	187	72	0	1	187	1	187	5.15e-77	224
MDB4065679.1	QIZ20617.1	79.012	81	17	0	1	81	1	81	5.03e-47	140
MDB4065680.1	QIZ20618.1	89.759	166	17	0	1	166	1	166	2.43e-102	286
MDB4065681.1	QIZ20619.1	63.306	248	91	0	1	248	1	248	3.00e-88	258
MDB4065682.1	QIZ20620.1	68.878	196	61	0	1	196	1	196	3.07e-89	256
MDB4065683.1	QIZ20622.1	84.300	293	46	0	1	293	1	293	7.02e-171	471
MDB4065684.1	QIZ20623.1	65.605	157	54	0	4	160	3	159	7.48e-72	209
MDB4065685.1	QIZ20624.1	93.162	468	32	0	1	468	1	468	0.0	924
MDB4065687.1	QIZ20625.1	82.727	110	19	0	1	110	1	110	5.30e-69	198
MDB4065688.1	QIZ20626.1	76.768	99	22	1	1	99	1	98	3.46e-51	152
MDB4065689.1	QIZ20627.1	88.235	153	18	0	1	153	1	153	2.05e-100	281
MDB4065690.1	QIZ20628.1	90.640	406	38	0	1	406	1	406	0.0	775
MDB4065691.1	QIZ20629.1	51.559	417	195	5	1	412	1	415	5.30e-135	389
MDB4065692.1	QIZ20630.1	79.098	244	51	0	1	244	1	244	8.66e-140	388
MDB4065693.1	QIZ20631.1	93.542	480	31	0	1	480	1	480	0.0	945
MDB4065694.1	QIZ20632.1	77.143	140	32	0	1	140	1	140	4.45e-81	231
MDB4065695.1	QIZ20633.1	90.826	218	20	0	1	218	1	218	1.72e-146	402
MDB4065696.1	QIZ20634.1	52.880	382	168	5	4	382	3	375	9.70e-141	401
MDB4065697.1	QIZ20635.1	81.308	321	60	0	1	321	1	321	0.0	544
MDB4065699.1	QIZ21177.1	79.087	416	87	0	1	416	1	416	0.0	650
MDB4065700.1	QIZ21178.1	75.543	368	90	0	1	368	1	368	0.0	563
MDB4065701.1	QIZ21179.1	77.676	327	73	0	1	327	1	327	0.0	512
MDB4065702.1	QIZ21180.1	95.238	84	4	0	1	84	1	84	4.89e-54	158
MDB4065703.1	QIZ21181.1	79.851	134	24	1	1	131	1	134	3.36e-77	221
MDB4065704.1	QIZ21182.1	69.456	239	73	0	5	243	1	239	3.78e-127	355
MDB4065705.1	QIZ21183.1	74.619	197	50	0	1	197	1	197	4.73e-108	303
MDB4065706.1	QIZ21184.1	76.486	370	87	0	1	370	1	370	0.0	611
MDB4065707.1	QIZ21185.1	68.889	360	112	0	1	360	1	360	0.0	527
MDB4065708.1	QIZ21186.1	70.470	298	88	0	1	298	1	298	5.10e-153	426
MDB4065709.1	QIZ21187.1	68.548	248	78	0	1	248	1	248	2.05e-116	329
MDB4065710.1	QIZ21188.1	88.646	458	52	0	1	458	1	458	0.0	767
MDB4065711.1	QIZ21189.1	79.834	481	95	1	1	479	1	481	0.0	732
MDB4065712.1	QIZ21190.1	84.615	520	80	0	1	520	6	525	0.0	908
MDB4065713.1	QIZ21191.1	69.452	347	106	0	1	347	1	347	3.03e-178	494
MDB4065714.1	QIZ21192.1	86.598	97	13	0	1	97	1	97	4.60e-49	147
MDB4065715.1	QIZ21193.1	80.000	180	36	0	1	180	1	180	2.54e-102	288
MDB4065716.1	QIZ21194.1	93.471	291	19	0	1	291	1	291	0.0	538
MDB4065717.1	QIZ21195.1	89.914	347	35	0	1	347	1	347	0.0	634
MDB4065718.1	QIZ21196.1	81.472	394	71	1	1	394	1	392	0.0	672
MDB4065719.1	QIZ21197.1	90.608	181	17	0	7	187	7	187	5.88e-122	338
MDB4065720.1	QIZ21198.1	62.842	183	68	0	1	183	1	183	1.20e-81	236
MDB4065721.1	QIZ21200.1	85.714	924	132	0	1	924	1	924	0.0	1619
MDB4065722.1	QIZ21201.1	91.489	235	20	0	1	235	1	235	3.84e-160	438
MDB4065723.1	QIZ21202.1	67.969	512	161	2	1	511	1	510	0.0	634
MDB4065724.1	QIZ21203.1	89.720	428	44	0	1	428	1	428	0.0	785
MDB4065725.1	QIZ21204.1	50.000	150	74	1	1	150	1	149	8.38e-47	145
MDB4065726.1	QIZ21205.1	53.943	317	142	3	1	314	2	317	1.75e-105	307
MDB4065727.1	QIZ21206.1	59.735	226	91	0	1	226	1	226	5.62e-92	265
MDB4065728.1	QIZ21207.1	69.328	238	72	1	1	237	1	238	1.88e-123	346
MDB4065729.1	QIZ21209.1	76.142	197	45	1	5	199	3	199	1.02e-115	323
MDB4065730.1	QIZ21210.1	80.462	1039	203	0	1	1039	1	1039	0.0	1660
MDB4065731.1	QIZ21211.1	60.797	301	118	0	1	301	1	301	4.65e-131	372
MDB4065732.1	QIZ21212.1	67.658	269	87	0	1	269	1	269	3.75e-140	391
MDB4065733.1	QIZ21213.1	81.633	147	27	0	1	147	1	147	1.27e-92	260
MDB4065734.1	QIZ21214.1	73.129	294	78	1	1	293	1	294	2.32e-153	426
MDB4065735.1	QIZ21215.1	85.308	211	31	0	1	211	1	211	1.24e-135	374
MDB4065736.1	QIZ21216.1	63.265	98	36	0	1	98	1	98	1.15e-46	140
MDB4065737.1	QIZ21217.1	88.136	177	21	0	1	177	1	177	3.61e-118	327
MDB4065738.1	QIZ21218.1	90.596	436	41	0	1	436	1	436	0.0	795
MDB4065739.1	QIZ21219.1	69.307	101	31	0	1	101	1	101	7.44e-49	146
MDB4065741.1	QIZ21220.1	81.187	691	130	0	1	691	1	691	0.0	1172
MDB4065742.1	QIZ21221.1	66.906	139	45	1	1	138	29	167	7.13e-57	171
MDB4065743.1	QIZ21222.1	27.010	311	214	6	1	311	1	298	6.50e-31	114
MDB4065744.1	QIZ21223.1	71.769	294	83	0	1	294	1	294	2.89e-159	441
MDB4065745.1	QIZ21224.1	83.505	388	64	0	1	388	1	388	0.0	697
MDB4065749.1	QIZ20203.1	31.767	447	275	9	3	432	1	434	2.96e-62	204
MDB4065751.1	QIZ20588.1	35.185	216	139	1	67	281	65	280	2.67e-46	152
MDB4065756.1	QIZ20732.1	81.840	424	77	0	1	424	1	424	0.0	727
MDB4065757.1	QIZ20731.1	80.916	131	25	0	1	131	1	131	3.20e-80	228
MDB4065758.1	QIZ21069.1	82.258	62	11	0	1	62	1	62	2.80e-35	109
MDB4065759.1	QIZ20729.1	73.109	119	31	1	2	120	3	120	1.10e-66	193
MDB4065760.1	QIZ20728.1	68.506	308	97	0	1	308	1	308	2.30e-152	425
MDB4065761.1	QIZ20727.1	53.494	415	191	2	18	430	18	432	2.15e-145	417
MDB4065762.1	QIZ20726.1	93.963	381	23	0	1	381	1	381	0.0	734
MDB4065763.1	QIZ20725.1	76.351	888	210	0	1	888	1	888	0.0	1422
MDB4065764.1	QIZ20724.1	88.119	404	48	0	1	404	1	404	0.0	765
MDB4065765.1	QIZ20723.1	73.953	215	56	0	1	215	1	215	3.12e-123	343
MDB4065766.1	QIZ20722.1	66.791	268	88	1	1	268	1	267	8.95e-128	359
MDB4065767.1	QIZ20721.1	56.623	302	125	3	1	297	1	301	2.65e-125	355
MDB4065768.1	QIZ20720.1	72.414	203	56	0	1	203	1	203	2.44e-106	300
MDB4065769.1	QIZ20719.1	83.799	358	58	0	1	358	1	358	0.0	577
MDB4065770.1	QIZ20718.1	53.793	145	67	0	1	145	1	145	1.45e-52	159
MDB4065771.1	QIZ20717.1	80.998	521	98	1	1	520	1	521	0.0	861
MDB4065772.1	QIZ20716.1	82.734	139	24	0	1	139	1	139	3.80e-89	251
MDB4065773.1	QIZ20715.1	68.872	257	80	0	1	257	1	257	2.51e-131	367
MDB4065774.1	QIZ20714.1	87.255	204	26	0	1	204	1	204	1.51e-122	341
MDB4065775.1	QIZ20713.1	95.694	418	18	0	1	418	1	418	0.0	814
MDB4065776.1	QIZ20712.1	94.444	288	16	0	1	288	1	288	0.0	543
MDB4065777.1	QIZ20711.1	88.955	335	37	0	3	337	2	336	0.0	598
MDB4065778.1	QIZ20710.1	90.833	240	22	0	1	240	1	240	2.19e-161	442
MDB4065779.1	QIZ20709.1	88.085	235	28	0	1	235	1	235	5.07e-155	426
MDB4065780.1	QIZ20708.1	91.954	261	21	0	1	261	1	261	0.0	505
MDB4065781.1	QIZ20707.1	74.390	164	37	2	3	162	1	163	7.18e-83	237
MDB4065782.1	QIZ20706.1	80.469	256	50	0	1	256	9	264	1.05e-157	434
MDB4065783.1	QIZ20705.1	64.035	228	78	1	1	224	1	228	2.50e-106	301
MDB4065784.1	QIZ20704.1	56.329	316	134	3	1	313	1	315	1.51e-124	355
MDB4065785.1	QIZ20703.1	76.109	293	66	1	1	289	1	293	4.71e-154	428
MDB4065786.1	QIZ20702.1	68.392	367	116	0	1	367	1	367	0.0	520
MDB4065787.1	QIZ20701.1	84.127	126	20	0	1	126	1	126	1.28e-78	223
MDB4065788.1	QIZ20700.1	86.555	952	128	0	1	952	1	952	0.0	1718
MDB4065789.1	QIZ20699.1	71.256	414	119	0	1	414	1	414	0.0	608
MDB4065792.1	QIZ21022.1	62.462	333	124	1	6	338	1	332	2.67e-151	424
MDB4065793.1	QIZ21021.1	53.125	128	60	0	1	128	1	128	1.27e-49	150
MDB4065794.1	QIZ21020.1	90.441	136	13	0	1	136	1	136	6.92e-90	253
MDB4065795.1	QIZ21019.1	72.197	446	120	1	1	442	10	455	0.0	660
MDB4065796.1	QIZ21018.1	87.805	328	40	0	1	328	1	328	0.0	594
MDB4065797.1	QIZ21017.1	61.184	152	59	0	1	152	1	152	1.88e-52	159
MDB4065798.1	QIZ21016.1	59.118	499	204	0	16	514	19	517	0.0	550
MDB4065799.1	QIZ21015.1	88.432	389	45	0	1	389	1	389	0.0	700
MDB4065800.1	QIZ21014.1	91.103	517	46	0	1	517	14	530	0.0	936
MDB4065801.1	QIZ21013.1	81.622	740	125	3	3	738	4	736	0.0	1194
MDB4065802.1	QIZ21012.1	82.787	122	21	0	1	122	1	122	3.72e-72	207
MDB4065803.1	QIZ21011.1	86.585	82	11	0	1	82	1	82	1.28e-46	139
MDB4065804.1	QIZ21010.1	96.522	690	24	0	1	690	1	690	0.0	1360
MDB4065806.1	QIZ21008.1	92.720	261	19	0	1	261	1	261	0.0	506
MDB4065807.1	QIZ21007.1	95.037	403	20	0	1	403	1	403	0.0	803
MDB4065808.1	QIZ21006.1	89.157	166	18	0	1	166	1	166	1.41e-111	310
MDB4065809.1	QIZ21005.1	77.778	135	30	0	7	141	7	141	5.47e-78	223
MDB4065810.1	QIZ21004.1	96.350	137	5	0	1	137	1	137	6.15e-97	271
MDB4065811.1	QIZ21003.1	88.262	443	52	0	1	443	1	443	0.0	830
MDB4065812.1	QIZ21002.1	75.000	196	49	0	3	198	1	196	1.61e-114	320
MDB4065813.1	QIZ21001.1	65.734	143	49	0	4	146	6	148	8.46e-71	205
MDB4065814.1	QIZ21000.1	66.000	250	85	0	1	250	1	250	3.84e-122	343
MDB4065815.1	QIZ20999.1	78.621	145	31	0	1	145	1	145	3.19e-84	239
MDB4065816.1	QIZ20998.1	72.319	401	109	1	1	399	1	401	0.0	603
MDB4065817.1	QIZ20997.1	82.567	522	91	0	1	522	1	522	0.0	882
MDB4065818.1	QIZ20996.1	80.687	233	45	0	1	233	1	233	1.07e-143	397
MDB4065819.1	QIZ20995.1	62.718	287	107	0	1	287	1	287	4.79e-116	331
MDB4065820.1	QIZ20994.1	83.721	86	14	0	1	86	1	86	1.18e-47	142
MDB4065821.1	QIZ20993.1	82.618	466	77	2	9	474	9	470	0.0	789
MDB4065822.1	QIZ20992.1	92.703	370	27	0	1	370	1	370	0.0	701
MDB4065823.1	QIZ20991.1	72.961	233	63	0	1	233	1	233	1.24e-119	336
MDB4065824.1	QIZ20990.1	71.535	404	115	0	1	404	1	404	0.0	578
MDB4065825.1	QIZ20989.1	82.705	451	78	0	1	451	1	451	0.0	755
MDB4065826.1	QIZ20988.1	60.819	171	65	2	1	169	1	171	3.61e-71	208
MDB4065827.1	QIZ20987.1	79.104	67	14	0	1	67	1	67	4.60e-26	86.7
MDB4065828.1	QIZ20986.1	66.509	212	71	0	1	212	1	212	2.90e-111	313
MDB4065829.1	QIZ20985.1	87.634	186	23	0	4	189	3	188	5.83e-126	348
MDB4065830.1	QIZ20984.1	84.181	177	28	0	1	177	1	177	5.71e-102	286
MDB4065831.1	QIZ20983.1	58.389	149	62	0	12	160	10	158	1.68e-57	172
MDB4065832.1	QIZ20982.1	66.667	198	66	0	1	198	1	198	2.10e-94	269
MDB4065833.1	QIZ20981.1	61.323	499	183	4	1	499	1	489	0.0	593
MDB4065835.1	QIZ20897.1	57.944	107	42	2	1	105	1	106	8.45e-41	126
MDB4065836.1	QIZ20896.1	47.059	425	218	6	1	421	1	422	3.22e-131	380
MDB4065837.1	QIZ20895.1	70.455	308	91	0	1	308	1	308	6.24e-171	472
MDB4065838.1	QIZ20894.1	28.968	252	170	5	18	266	19	264	1.92e-25	97.1
MDB4065839.1	QIZ20893.1	35.589	399	232	10	14	394	17	408	2.96e-66	212
MDB4065840.1	QIZ20892.1	59.903	207	81	2	1	206	2	207	4.39e-86	249
MDB4065841.1	QIZ20891.1	80.786	229	44	0	2	230	1	229	1.61e-135	376
MDB4065842.1	QIZ20890.1	67.368	95	31	0	1	95	1	95	1.16e-42	130
MDB4065843.1	QIZ20889.1	84.201	576	90	1	1	575	1	576	0.0	996
MDB4065844.1	QIZ20888.1	70.098	204	61	0	13	216	12	215	2.20e-99	283
MDB4065845.1	QIZ20887.1	66.348	419	138	2	20	436	20	437	0.0	533
MDB4065846.1	QIZ20886.1	77.432	257	58	0	1	257	1	257	5.27e-145	402
MDB4065847.1	QIZ20885.1	45.128	195	103	2	1	192	1	194	3.39e-43	139
MDB4065848.1	QIZ20884.1	72.903	310	83	1	12	320	13	322	3.64e-163	453
MDB4065849.1	QIZ20883.1	84.236	203	32	0	1	203	1	203	2.26e-131	363
MDB4065850.1	QIZ20882.1	76.341	317	75	0	1	317	1	317	0.0	520
MDB4065851.1	QIZ20881.1	81.325	166	29	2	1	164	1	166	9.25e-98	275
MDB4065852.1	QIZ20879.1	82.078	385	69	0	1	385	1	385	0.0	627
MDB4065853.1	QIZ20878.1	79.288	309	64	0	1	309	1	309	0.0	499
MDB4065854.1	QIZ20877.1	72.626	179	49	0	1	179	11	189	1.35e-98	278
MDB4065855.1	QIZ20876.1	67.213	244	78	1	2	243	3	246	7.79e-111	314
MDB4065856.1	QIZ20875.1	81.522	276	51	0	1	276	1	276	1.92e-170	468
MDB4065857.1	QIZ20874.1	72.500	560	144	4	1	553	1	557	0.0	788
MDB4065858.1	QIZ20873.1	82.857	105	18	0	1	105	1	105	3.41e-60	175
MDB4065859.1	QIZ20872.1	86.207	203	28	0	1	203	1	203	5.20e-129	357
MDB4065860.1	QIZ20871.1	77.534	730	154	2	1	720	4	733	0.0	1184
MDB4065861.1	QIZ20870.1	78.919	370	70	3	1	364	1	368	0.0	594
MDB4065862.1	QIZ20869.1	78.538	848	179	1	1	845	1	848	0.0	1349
MDB4065863.1	QIZ20868.1	69.977	433	130	0	1	433	1	433	0.0	626
MDB4065864.1	QIZ20867.1	61.538	143	54	1	1	142	1	143	5.78e-53	160
MDB4065865.1	QIZ20866.1	72.803	239	65	0	1	239	1	239	2.20e-129	361
MDB4065866.1	QIZ20865.1	75.682	403	98	0	1	403	1	403	0.0	632
MDB4065867.1	QIZ20864.1	89.071	366	40	0	1	366	1	366	0.0	672
MDB4065868.1	QIZ20863.1	85.714	357	51	0	1	357	1	357	0.0	602
MDB4065869.1	QIZ20862.1	60.714	280	110	0	1	280	1	280	1.30e-119	340
MDB4065870.1	QIZ20861.1	57.042	142	48	3	1	137	1	134	1.21e-38	124
MDB4065871.1	QIZ20860.1	79.134	254	53	0	1	254	179	432	1.41e-153	430
MDB4065872.1	QIZ20372.1	49.393	247	122	2	1	244	64	310	1.74e-69	212
MDB4065873.1	QIZ20371.1	77.778	513	114	0	1	513	1	513	0.0	837
MDB4065874.1	QIZ20370.1	67.857	252	80	1	1	251	1	252	4.30e-117	331
MDB4065875.1	QIZ20369.1	60.938	256	99	1	1	256	3	257	3.84e-113	321
MDB4065876.1	QIZ20368.1	73.248	157	42	0	6	162	14	170	6.90e-83	237
MDB4065877.1	QIZ20367.1	83.333	390	65	0	1	390	1	390	0.0	594
MDB4065878.1	QIZ20366.1	40.230	174	87	6	1	164	1	167	6.18e-28	98.2
MDB4065887.1	QIZ20373.1	70.732	82	22	1	1	80	1	82	1.24e-35	115
MDB4065888.1	QIZ20374.1	73.890	383	100	0	1	383	1	383	0.0	583
MDB4065889.1	QIZ20375.1	51.152	217	102	3	38	253	38	251	1.47e-65	200
MDB4065890.1	QIZ20376.1	61.587	315	121	0	1	315	19	333	1.11e-142	401
MDB4065891.1	QIZ20377.1	69.072	291	90	0	2	292	3	293	4.20e-138	387
MDB4065892.1	QIZ20378.1	52.941	85	40	0	1	85	1	85	6.19e-21	75.1
MDB4065893.1	QIZ20379.1	72.035	683	191	0	1	683	1	683	0.0	986
MDB4065894.1	QIZ20380.1	69.000	200	62	0	6	205	5	204	1.32e-95	273
MDB4065895.1	QIZ20381.1	77.818	275	61	0	1	275	1	275	2.30e-167	460
MDB4065896.1	QIZ20382.1	82.162	370	66	0	1	370	1	370	0.0	647
MDB4065897.1	QIZ20383.1	78.261	184	40	0	1	184	1	184	4.74e-108	303
MDB4065898.1	QIZ20384.1	85.976	164	23	0	1	164	1	164	1.17e-102	287
MDB4065899.1	QIZ20385.1	85.781	858	112	2	1	858	1	848	0.0	1460
MDB4065900.1	QIZ20386.1	88.235	153	15	2	1	150	1	153	7.97e-92	259
MDB4065901.1	QIZ20387.1	93.249	948	64	0	1	948	1	948	0.0	1830
MDB4065902.1	QIZ20388.1	84.000	200	29	1	1	200	1	197	9.09e-121	336
MDB4065903.1	QIZ21085.1	26.562	640	419	19	35	645	56	673	7.93e-47	171
MDB4065904.1	QIZ20389.1	77.966	295	65	0	1	295	1	295	1.03e-167	462
MDB4065905.1	QIZ20390.1	76.015	517	124	0	1	517	1	517	0.0	791
MDB4065906.1	QIZ20391.1	83.696	92	15	0	4	95	3	94	3.01e-54	159
MDB4065907.1	QIZ20392.1	79.245	371	77	0	2	372	47	417	0.0	630
MDB4065908.1	QIZ21534.1	76.812	69	16	0	14	82	14	82	2.22e-35	112
MDB4065909.1	QIZ20541.1	76.849	311	72	0	1	311	1	311	1.01e-179	494
MDB4065910.1	QIZ20540.1	82.745	255	44	0	1	255	1	255	8.28e-156	429
MDB4065911.1	QIZ20218.1	80.319	376	74	0	4	379	5	380	0.0	643
MDB4065912.1	QIZ21525.1	89.882	425	42	1	1	424	1	425	0.0	813
MDB4065914.1	QIZ21524.1	88.819	474	53	0	1	474	1	474	0.0	878
MDB4065915.1	QIZ20310.1	60.976	82	32	0	1	82	1	82	5.03e-33	105
MDB4065918.1	QIZ20730.1	67.027	185	59	1	3	187	1	183	3.04e-90	258
MDB4065919.1	QIZ20508.1	71.243	845	243	0	1	845	17	861	0.0	1179
MDB4065920.1	QIZ20507.1	84.091	220	35	0	1	220	1	220	1.38e-135	375
MDB4065921.1	QIZ20506.1	70.854	199	58	0	1	199	1	199	6.66e-102	288
MDB4065922.1	QIZ21225.1	43.452	168	93	2	15	181	14	180	3.04e-45	143
MDB4065923.1	QIZ20210.1	86.330	534	73	0	8	541	3	536	0.0	919
MDB4065924.1	QIZ20674.1	75.064	393	98	0	1	393	1	393	0.0	622
MDB4065927.1	QIZ20217.1	85.938	448	62	1	1	448	1	447	0.0	802
MDB4065928.1	QIZ21315.1	77.181	149	34	0	1	149	1	149	7.00e-90	254
MDB4065930.1	QIZ20539.1	79.946	369	74	0	1	369	1	369	0.0	607
MDB4065931.1	QIZ20538.1	95.604	91	4	0	1	91	1	91	1.81e-61	177
MDB4065932.1	QIZ20537.1	65.589	433	149	0	1	433	1	433	0.0	529
MDB4065933.1	QIZ20537.1	79.677	433	85	1	1	430	1	433	0.0	655
MDB4065934.1	QIZ20536.1	77.778	153	34	0	1	153	1	153	1.37e-65	193
MDB4065935.1	QIZ20533.1	62.992	127	47	0	1	127	1	127	2.99e-57	169
MDB4065936.1	QIZ20532.1	58.115	191	78	1	1	191	1	189	8.25e-78	227
MDB4065937.1	QIZ20531.1	64.968	157	55	0	1	157	1	157	9.16e-73	211
MDB4065938.1	QIZ20530.1	73.913	184	48	0	4	187	1	184	2.03e-104	293
MDB4065939.1	QIZ20529.1	62.948	251	92	1	4	254	7	256	5.64e-110	313
MDB4065940.1	QIZ20528.1	86.275	51	7	0	1	51	13	63	1.72e-27	89.7
MDB4065941.1	QIZ20527.1	76.152	369	86	2	4	371	3	370	0.0	572
MDB4065942.1	QIZ20526.1	81.330	391	73	0	1	391	1	391	0.0	684
MDB4065943.1	QIZ20525.1	86.453	406	55	0	1	406	1	406	0.0	694
MDB4065945.1	QIZ20494.1	72.177	248	65	3	1	244	1	248	1.79e-131	367
MDB4065946.1	QIZ20493.1	57.143	133	48	1	5	137	11	134	1.03e-49	151
MDB4065947.1	QIZ20492.1	87.209	258	33	0	1	258	1	258	5.22e-171	468
MDB4065948.1	QIZ20491.1	89.307	505	54	0	1	505	1	505	0.0	942
MDB4065949.1	QIZ20490.1	86.275	306	42	0	1	306	1	306	0.0	551
MDB4065950.1	QIZ20489.1	88.122	362	43	0	1	362	1	362	0.0	672
MDB4065951.1	QIZ20488.1	83.105	219	36	1	1	218	1	219	1.31e-124	347
MDB4065952.1	QIZ20487.1	88.209	441	52	0	1	441	1	441	0.0	744
MDB4065953.1	QIZ20486.1	77.627	295	66	0	2	296	1	295	2.54e-170	469
MDB4065954.1	QIZ20485.1	64.948	485	170	0	1	485	1	485	0.0	611
MDB4065956.1	QIZ20483.1	67.925	212	63	3	5	215	7	214	1.29e-99	284
MDB4065958.1	QIZ20482.1	75.000	140	35	0	1	140	1	140	2.73e-78	224
MDB4065959.1	QIZ20481.1	71.946	221	62	0	1	221	1	221	5.07e-119	333
MDB4065960.1	QIZ20480.1	58.580	169	70	0	13	181	13	181	4.00e-69	204
MDB4065963.1	QIZ20479.1	76.250	80	19	0	1	80	1	80	1.32e-42	129
MDB4065964.1	QIZ20478.1	74.949	487	117	2	1	483	1	486	0.0	704
MDB4065965.1	QIZ20477.1	87.192	203	26	0	1	203	1	203	1.20e-135	374
MDB4065966.1	QIZ20476.1	93.602	422	27	0	1	422	1	422	0.0	818
MDB4065967.1	QIZ20475.1	89.029	793	86	1	1	792	2	794	0.0	1418
MDB4065968.1	QIZ20237.1	85.455	110	16	0	1	110	1	110	3.49e-70	201
MDB4065969.1	QIZ20238.1	88.000	75	9	0	1	75	1	75	8.13e-47	139
MDB4065970.1	QIZ20239.1	86.401	728	99	0	1	728	1	728	0.0	1320
MDB4065971.1	QIZ20240.1	81.938	227	41	0	1	227	1	227	4.79e-142	392
MDB4065972.1	QIZ20241.1	86.250	80	11	0	1	80	1	80	7.19e-47	139
MDB4065973.1	QIZ20242.1	91.538	260	22	0	1	260	1	260	7.04e-179	488
MDB4065974.1	QIZ20243.1	88.605	430	49	0	1	430	1	430	0.0	810
MDB4065975.1	QIZ20244.1	86.328	256	35	0	1	256	1	256	2.42e-173	473
MDB4065976.1	QIZ20245.1	78.440	218	47	0	1	218	1	218	7.45e-127	354
MDB4065977.1	QIZ20246.1	83.534	249	41	0	1	249	1	249	4.26e-156	429
MDB4065978.1	QIZ20247.1	82.443	131	23	0	1	131	1	131	2.65e-77	221
MDB4065979.1	QIZ20800.1	44.589	231	125	1	1	228	4	234	9.54e-58	179
MDB4065981.1	QIZ20657.1	61.500	200	77	0	1	200	120	319	2.60e-80	238
MDB4065982.1	QIZ20658.1	65.769	260	89	0	2	261	3	262	1.00e-122	346
MDB4065983.1	QIZ20659.1	76.667	210	49	0	1	210	1	210	8.26e-124	344
MDB4065984.1	QIZ20660.1	92.405	79	6	0	1	79	1	79	1.04e-46	139
MDB4065985.1	QIZ20661.1	82.857	245	42	0	1	245	3	247	4.30e-151	416
MDB4065986.1	QIZ20662.1	69.156	308	95	0	1	308	1	308	3.71e-149	417
MDB4065987.1	QIZ20663.1	81.731	104	19	0	1	104	1	104	2.69e-62	182
MDB4065988.1	QIZ20664.1	95.714	70	3	0	21	90	1	70	7.74e-46	137
MDB4065989.1	QIZ20665.1	80.263	152	30	0	1	152	1	152	8.94e-79	226
MDB4065990.1	QIZ20666.1	86.229	472	65	0	1	472	1	472	0.0	857
MDB4065991.1	QIZ20667.1	81.454	798	143	3	1	797	1	794	0.0	1254
MDB4065992.1	QIZ20668.1	68.508	181	57	0	1	181	1	181	5.39e-85	244
MDB4065993.1	QIZ20669.1	87.917	480	58	0	14	493	14	493	0.0	889
MDB4065995.1	QIZ20670.1	76.334	431	102	0	1	431	1	431	0.0	698
MDB4065996.1	QIZ20671.1	74.110	309	79	1	1	308	1	309	1.18e-171	474
MDB4065997.1	QIZ20672.1	70.280	286	85	0	1	286	1	286	6.66e-154	427
MDB4065998.1	QIZ20673.1	81.132	424	80	0	1	424	1	424	0.0	687
MDB4066000.1	QIZ20676.1	81.988	161	29	0	1	161	1	161	4.22e-87	248
MDB4066001.1	QIZ21307.1	27.969	261	180	6	8	263	9	266	3.01e-28	106
MDB4066015.1	QIZ20679.1	85.333	75	11	0	1	75	1	75	1.08e-45	136
MDB4066016.1	QIZ20680.1	79.539	347	71	0	1	347	1	347	0.0	597
MDB4066017.1	QIZ20681.1	95.095	367	18	0	5	371	4	370	0.0	741
MDB4066018.1	QIZ20682.1	88.642	405	46	0	1	405	1	405	0.0	762
MDB4066019.1	QIZ20683.1	76.744	301	70	0	1	301	1	301	2.16e-166	460
MDB4066020.1	QIZ20684.1	65.181	359	122	1	1	359	55	410	2.36e-164	462
MDB4066021.1	QIZ20733.1	58.525	217	90	0	1	217	1	217	1.37e-87	256
MDB4066023.1	QIZ20734.1	70.175	171	36	1	3	173	25	180	6.15e-84	241
MDB4066027.1	QIZ20736.1	74.879	207	52	0	1	207	1	207	2.53e-120	335
MDB4066028.1	QIZ20737.1	73.373	338	90	0	1	338	1	338	0.0	514
MDB4066029.1	QIZ20738.1	81.132	106	20	0	1	106	1	106	1.89e-63	183
MDB4066031.1	QIZ20739.1	83.794	253	41	0	1	253	1	253	1.89e-156	431
MDB4066032.1	QIZ20740.1	89.524	630	66	0	8	637	1	630	0.0	1186
MDB4066033.1	QIZ20741.1	74.074	108	28	0	1	108	1	108	8.69e-55	162
MDB4066034.1	QIZ20742.1	85.714	434	62	0	1	434	1	434	0.0	792
MDB4066035.1	QIZ20743.1	74.150	294	76	0	1	294	1	294	5.52e-163	451
MDB4066037.1	QIZ20744.1	89.362	329	35	0	1	329	1	329	0.0	620
MDB4066038.1	QIZ20745.1	76.534	277	65	0	1	277	1	277	2.17e-155	430
MDB4066040.1	QIZ21387.1	89.177	462	50	0	1	462	1	462	0.0	827
MDB4066041.1	QIZ21386.1	28.696	460	315	7	41	496	33	483	3.11e-33	127
MDB4066042.1	QIZ21385.1	86.136	678	94	0	1	678	1	678	0.0	1227
MDB4066043.1	QIZ21384.1	62.478	557	208	1	8	564	9	564	0.0	696
MDB4066044.1	QIZ21383.1	66.346	624	210	0	1	624	53	676	0.0	858
MDB4066045.1	QIZ21137.1	73.370	184	49	0	1	184	1	184	5.07e-89	263
MDB4066046.1	QIZ21136.1	95.585	453	20	0	1	453	1	453	0.0	832
MDB4066047.1	QIZ21135.1	85.567	194	28	0	1	194	2	195	4.18e-128	354
MDB4066048.1	QIZ21134.1	92.487	386	27	2	1	385	1	385	0.0	712
MDB4066049.1	QIZ21133.1	85.154	357	53	0	1	357	1	357	0.0	641
MDB4066050.1	QIZ21132.1	81.337	359	67	0	1	359	1	359	0.0	592
MDB4066051.1	QIZ21131.1	94.681	282	15	0	1	282	1	282	0.0	531
MDB4066052.1	QIZ21130.1	96.853	286	9	0	1	286	1	286	0.0	550
MDB4066053.1	QIZ21129.1	94.727	512	26	1	1	512	1	511	0.0	1000
MDB4066054.1	QIZ21128.1	92.068	353	28	0	1	353	1	353	0.0	665
MDB4066055.1	QIZ21127.1	70.994	362	103	1	1	362	1	360	0.0	503
MDB4066056.1	QIZ21126.1	76.808	401	90	1	1	401	1	398	0.0	569
MDB4066057.1	QIZ21125.1	90.221	317	31	0	1	317	1	317	0.0	587
MDB4066060.1	QIZ21124.1	33.732	418	270	5	57	471	41	454	1.24e-77	246
MDB4066061.1	QIZ21123.1	89.896	386	39	0	1	386	1	386	0.0	707
MDB4066062.1	QIZ21122.1	87.990	383	46	0	1	383	1	383	0.0	728
MDB4066063.1	QIZ21120.1	50.667	150	71	2	19	168	23	169	2.10e-50	155
MDB4066064.1	QIZ21119.1	63.866	119	41	1	1	117	1	119	1.55e-46	142
MDB4066065.1	QIZ20524.1	77.333	225	51	0	1	225	163	387	4.38e-120	342
MDB4066066.1	QIZ20523.1	72.973	185	50	0	1	185	1	185	2.08e-87	250
MDB4066067.1	QIZ20522.1	62.745	255	95	0	1	255	1	255	5.17e-114	323
MDB4066068.1	QIZ20521.1	80.303	132	26	0	1	132	1	132	1.88e-80	228
MDB4066069.1	QIZ20520.1	73.485	264	70	0	1	264	1	264	3.12e-154	426
MDB4066070.1	QIZ20519.1	94.872	156	8	0	1	156	1	156	1.67e-113	314
MDB4066071.1	QIZ20518.1	96.769	619	20	0	1	619	1	619	0.0	1272
MDB4066072.1	QIZ20517.1	77.982	109	24	0	3	111	8	116	3.25e-62	181
MDB4066073.1	QIZ20516.1	86.908	359	47	0	1	359	1	359	0.0	578
MDB4066074.1	QIZ20514.1	65.084	358	123	2	1	356	1	358	1.44e-161	452
MDB4066075.1	QIZ20513.1	96.392	388	14	0	1	388	1	388	0.0	781
MDB4066076.1	QIZ20512.1	85.106	94	14	0	1	94	1	94	2.39e-56	164
MDB4066077.1	QIZ20511.1	96.447	591	21	0	1	591	4	594	0.0	1187
MDB4066078.1	QIZ20510.1	76.267	434	103	0	1	434	1	434	0.0	692
MDB4066079.1	QIZ20500.1	87.467	383	48	0	1	383	1	383	0.0	720
MDB4066080.1	QIZ20499.1	79.845	258	52	0	1	258	1	258	6.92e-154	424
MDB4066081.1	QIZ20498.1	61.423	267	98	2	1	266	1	263	1.12e-110	316
MDB4066082.1	QIZ20497.1	88.889	252	28	0	1	252	1	252	8.97e-157	431
MDB4066083.1	QIZ20496.1	91.282	195	17	0	1	195	1	195	2.30e-116	325
MDB4066084.1	QIZ20495.1	85.687	531	76	0	1	531	1	531	0.0	980
MDB4066087.1	QIZ20318.1	81.229	293	55	0	1	293	1	293	1.20e-180	495
MDB4066088.1	QIZ20317.1	81.579	342	63	0	1	342	395	736	0.0	586
MDB4066089.1	QIZ20316.1	95.204	417	20	0	1	417	1	417	0.0	833
MDB4066090.1	QIZ20315.1	86.813	91	12	0	1	91	1	91	2.90e-62	179
MDB4066091.1	QIZ20314.1	80.938	1002	190	1	1	1001	1	1002	0.0	1729
MDB4066092.1	QIZ20313.1	56.684	187	81	0	1	187	1	187	1.39e-83	241
MDB4066093.1	QIZ20312.1	85.882	255	36	0	1	255	1	255	2.13e-159	438
MDB4066094.1	QIZ20311.1	89.300	243	26	0	1	243	1	243	5.85e-135	375
MDB4066095.1	QIZ20306.1	71.338	157	45	0	1	157	1	157	1.29e-85	244
MDB4066096.1	QIZ20305.1	89.474	456	48	0	1	456	1	456	0.0	820
MDB4066097.1	QIZ20304.1	74.172	302	77	1	1	302	1	301	1.46e-170	470
MDB4066098.1	QIZ20303.1	80.093	216	43	0	1	216	1	216	1.42e-129	360
MDB4066099.1	QIZ20302.1	92.464	491	37	0	1	491	1	491	0.0	915
MDB4066100.1	QIZ20301.1	85.567	485	70	0	1	485	1	485	0.0	852
MDB4066101.1	QIZ20300.1	85.263	95	14	0	1	95	1	95	3.61e-55	162
MDB4066102.1	QIZ20299.1	80.132	151	30	0	1	151	1	151	3.90e-85	242
MDB4066103.1	QIZ20298.1	92.971	313	22	0	1	313	1	313	0.0	608
MDB4066104.1	QIZ20742.1	27.751	418	259	12	25	423	22	415	7.86e-39	140
MDB4066105.1	QIZ20297.1	75.556	135	33	0	1	135	1	135	3.16e-73	213
MDB4066107.1	QIZ20800.1	41.395	215	120	4	3	213	5	217	2.70e-44	144
MDB4066109.1	QIZ20787.1	38.889	216	128	3	5	217	6	220	2.78e-38	128
MDB4066110.1	QIZ20793.1	72.260	292	81	0	1	292	1	292	1.84e-153	426
MDB4066111.1	QIZ20792.1	95.122	41	2	0	1	41	1	41	3.81e-23	77.4
MDB4066113.1	QIZ20790.1	80.939	362	69	0	1	362	1	362	0.0	585
MDB4066114.1	QIZ20789.1	91.579	95	8	0	1	95	1	95	1.82e-58	171
MDB4066115.1	QIZ20788.1	93.534	464	30	0	2	465	1	464	0.0	880
MDB4066116.1	QIZ20786.1	95.312	64	3	0	1	64	1	64	1.09e-37	115
MDB4066117.1	QIZ20785.1	83.590	195	32	0	1	195	1	195	3.63e-114	319
MDB4066118.1	QIZ20784.1	86.842	76	10	0	1	76	1	76	1.03e-48	144
MDB4066119.1	QIZ20783.1	65.854	246	84	0	1	246	1	246	1.56e-115	327
MDB4066120.1	QIZ20782.1	82.258	186	33	0	1	186	1	186	5.65e-119	330
MDB4066121.1	QIZ20781.1	65.000	200	69	1	6	204	8	207	8.74e-81	235
MDB4066122.1	QIZ20780.1	78.869	336	71	0	1	336	1	336	0.0	550
MDB4066123.1	QIZ20779.1	73.402	391	104	0	1	391	1	391	0.0	587
MDB4066124.1	QIZ20778.1	87.761	335	41	0	1	335	1	335	0.0	612
MDB4066125.1	QIZ20777.1	84.438	649	101	0	1	649	1	649	0.0	1147
MDB4066126.1	QIZ20776.1	63.551	107	39	0	1	107	1	107	6.61e-36	114
MDB4066127.1	QIZ20775.1	78.899	109	23	0	1	109	1	109	2.40e-59	175
MDB4066128.1	QIZ21158.1	91.032	591	52	1	1	591	1	590	0.0	1140
MDB4066129.1	QIZ21159.1	87.013	231	30	0	1	231	27	257	1.71e-157	432
MDB4066130.1	QIZ21160.1	93.159	497	34	0	1	497	1	497	0.0	969
MDB4066131.1	QIZ21161.1	94.375	320	18	0	1	320	1	320	0.0	608
MDB4066132.1	QIZ21162.1	88.342	386	45	0	1	386	1	386	0.0	696
MDB4066133.1	QIZ21163.1	91.065	291	26	0	1	291	1	291	0.0	511
MDB4066134.1	QIZ21164.1	82.425	973	162	4	1	969	1	968	0.0	1694
MDB4066135.1	QIZ21165.1	80.866	439	70	4	1	439	1	425	0.0	707
MDB4066136.1	QIZ21166.1	85.408	466	68	0	1	466	1	466	0.0	818
MDB4066137.1	QIZ21371.1	62.653	490	183	0	7	496	70	559	0.0	640
MDB4066138.1	QIZ21372.1	57.521	944	398	1	1	944	1	941	0.0	1011
MDB4066140.1	QIZ21373.1	55.399	426	184	4	8	430	8	430	4.58e-148	424
MDB4066141.1	QIZ21374.1	69.519	374	112	2	1	373	1	373	1.47e-171	479
MDB4066142.1	QIZ21375.1	48.876	356	181	1	1	355	1	356	3.03e-120	347
MDB4066143.1	QIZ21376.1	74.138	464	120	0	1	464	1	464	0.0	718
MDB4066144.1	QIZ21377.1	66.323	291	98	0	9	299	22	312	1.33e-134	379
MDB4066145.1	QIZ21378.1	75.329	304	75	0	1	304	1	304	1.66e-155	432
MDB4066146.1	QIZ21379.1	35.152	165	105	2	5	169	7	169	7.35e-21	81.3
MDB4066152.1	QIZ20911.1	75.543	184	44	1	1	184	1	183	4.84e-107	300
MDB4066153.1	QIZ20910.1	54.464	112	51	0	13	124	13	124	1.40e-46	142
MDB4066156.1	QIZ20908.1	47.186	231	115	3	1	224	1	231	2.43e-68	206
MDB4066158.1	QIZ20898.1	34.369	483	302	7	4	485	5	473	1.70e-92	285
MDB4066166.1	QIZ20918.1	49.645	141	66	3	7	143	6	145	1.45e-34	115
MDB4066168.1	QIZ20920.1	48.889	225	114	1	2	226	3	226	1.09e-74	221
MDB4066169.1	QIZ20921.1	48.138	349	176	3	1	348	1	345	3.12e-113	328
MDB4066170.1	QIZ20922.1	62.955	467	168	4	1	464	1	465	0.0	579
MDB4066171.1	QIZ21496.1	67.692	65	21	0	3	67	2	66	1.17e-29	95.9
MDB4066172.1	QIZ20923.1	84.507	71	11	0	1	71	1	71	1.79e-41	125
MDB4066173.1	QIZ20924.1	81.967	427	77	0	1	427	2	428	0.0	694
MDB4066174.1	QIZ20925.1	71.318	129	37	0	1	129	1	129	3.75e-65	190
MDB4066175.1	QIZ20926.1	80.096	417	83	0	1	417	1	417	0.0	672
MDB4066176.1	QIZ20927.1	75.676	185	44	1	1	184	1	185	6.61e-99	280
MDB4066177.1	QIZ20928.1	87.692	65	8	0	1	65	1	65	6.81e-29	93.6
MDB4066178.1	QIZ20929.1	63.158	95	35	0	1	95	145	239	2.30e-37	121
MDB4066179.1	QIZ20944.1	60.645	310	122	0	1	310	277	586	5.40e-122	357
MDB4066180.1	QIZ20943.1	81.977	172	30	1	1	171	1	172	1.81e-103	290
MDB4066181.1	QIZ20942.1	68.525	305	96	0	1	305	1	305	7.81e-159	441
MDB4066182.1	QIZ20941.1	70.325	246	73	0	1	246	1	246	3.79e-132	369
MDB4066183.1	QIZ20940.1	82.581	155	27	0	1	155	1	155	2.00e-97	274
MDB4066184.1	QIZ20939.1	80.583	309	60	0	1	309	1	309	0.0	529
MDB4066185.1	QIZ20937.1	78.906	384	81	0	1	384	1	384	0.0	638
MDB4066186.1	QIZ20936.1	75.000	276	68	1	1	276	1	275	8.56e-159	438
MDB4066187.1	QIZ20935.1	85.973	221	31	0	1	221	1	221	5.07e-146	402
MDB4066188.1	QIZ20934.1	70.833	288	84	0	1	288	1	288	7.42e-147	409
MDB4066189.1	QIZ20933.1	74.014	558	144	1	1	557	1	558	0.0	894
MDB4066190.1	QIZ20932.1	67.470	83	27	0	1	83	1	83	2.68e-37	115
MDB4066191.1	QIZ20931.1	78.947	114	23	1	1	113	1	114	1.35e-56	167
MDB4066196.1	QIZ20685.1	55.652	115	51	0	1	115	1	115	6.14e-46	143
MDB4066197.1	QIZ20686.1	59.124	137	50	2	1	132	1	136	4.56e-55	164
MDB4066198.1	QIZ20687.1	58.333	156	65	0	1	156	1	156	5.87e-58	174
MDB4066199.1	QIZ20689.1	64.130	276	99	0	1	276	1	276	9.17e-137	383
MDB4066200.1	QIZ20690.1	84.783	552	83	1	1	551	1	552	0.0	959
MDB4066201.1	QIZ20691.1	90.130	922	91	0	1	922	1	922	0.0	1778
MDB4066202.1	QIZ20692.1	69.643	280	85	0	4	283	12	291	3.96e-146	415
MDB4066205.1	QIZ21314.1	28.457	376	239	12	1	354	3	370	2.42e-43	151
MDB4066206.1	QIZ20977.1	80.375	800	156	1	1	800	3	801	0.0	1327
MDB4066207.1	QIZ20978.1	61.481	135	51	1	2	135	4	138	4.51e-52	157
MDB4066208.1	QIZ20979.1	84.259	108	17	0	1	108	1	108	3.76e-65	188
MDB4066210.1	QIZ21175.1	81.034	116	22	0	1	116	1	116	5.89e-66	191
MDB4066211.1	QIZ21174.1	82.353	357	63	0	23	379	23	379	0.0	607
MDB4066212.1	QIZ21173.1	72.152	158	44	0	1	158	1	158	9.70e-85	241
MDB4066213.1	QIZ21172.1	80.000	130	26	0	1	130	1	130	2.11e-72	208
MDB4066214.1	QIZ21171.1	95.127	472	23	0	1	472	1	472	0.0	916
MDB4066215.1	QIZ21170.1	86.942	291	38	0	1	291	1	291	0.0	522
MDB4066216.1	QIZ21169.1	93.738	511	32	0	1	511	1	511	0.0	983
MDB4066217.1	QIZ21168.1	94.118	51	3	0	4	54	135	185	1.70e-30	100
MDB4066218.1	QIZ20401.1	74.460	278	71	0	1	278	1	278	2.79e-147	413
MDB4066219.1	QIZ20402.1	83.810	105	17	0	1	105	1	105	1.90e-61	178
MDB4066220.1	QIZ20403.1	79.845	258	52	0	1	258	1	258	2.25e-161	443
MDB4066221.1	QIZ20404.1	79.819	332	67	0	1	332	1	332	0.0	560
MDB4066222.1	QIZ20405.1	80.153	131	26	0	2	132	3	133	5.54e-77	220
MDB4066223.1	QIZ20406.1	79.775	267	54	0	1	267	1	267	1.04e-153	425
MDB4066224.1	QIZ20407.1	71.951	246	69	0	1	246	3	248	6.45e-132	368
MDB4066225.1	QIZ20408.1	67.967	359	92	6	4	340	1	358	2.11e-173	481
MDB4066226.1	QIZ20647.1	68.148	135	43	0	1	135	90	224	1.26e-49	154
MDB4066227.1	QIZ20646.1	83.838	594	96	0	1	594	1	594	0.0	1045
MDB4066228.1	QIZ20645.1	85.036	274	40	1	1	274	1	273	2.62e-171	470
MDB4066229.1	QIZ20644.1	76.271	118	28	0	1	118	1	118	1.19e-64	187
MDB4066230.1	QIZ20643.1	73.469	98	26	0	38	135	35	132	7.40e-52	156
MDB4066231.1	QIZ20642.1	90.337	445	43	0	1	445	1	445	0.0	833
MDB4066233.1	QIZ20649.1	76.901	342	78	1	1	342	1	341	0.0	507
MDB4066234.1	QIZ20650.1	67.708	192	61	1	1	191	1	192	1.07e-83	241
MDB4066235.1	QIZ20651.1	91.912	136	11	0	1	136	1	136	2.56e-81	231
MDB4066236.1	QIZ20652.1	88.660	485	55	0	1	485	1	485	0.0	868
MDB4066237.1	QIZ20653.1	46.884	337	168	2	1	328	1	335	5.39e-103	303
MDB4066238.1	QIZ20947.1	64.286	70	25	0	1	70	10	79	3.04e-27	90.5
MDB4066239.1	QIZ20948.1	78.857	175	37	0	1	175	1	175	1.91e-106	298
MDB4066240.1	QIZ20949.1	91.975	324	26	0	1	324	1	324	0.0	634
MDB4066241.1	QIZ20950.1	68.874	604	181	4	1	599	1	602	0.0	826
MDB4066242.1	QIZ20951.1	67.961	412	132	0	1	412	15	426	0.0	560
MDB4066245.1	QIZ20416.1	31.602	231	149	4	6	235	5	227	1.59e-30	110
MDB4066246.1	QIZ20594.1	76.285	253	60	0	1	253	1	253	1.30e-141	393
MDB4066248.1	QIZ21562.1	56.555	389	169	0	1	389	1	389	2.06e-176	494
MDB4066252.1	QIZ21558.1	36.364	132	76	2	1	125	20	150	6.41e-23	83.6
MDB4066255.1	QIZ20259.1	95.000	120	6	0	1	120	4	123	3.06e-80	227
MDB4066256.1	QIZ20260.1	89.103	156	17	0	1	156	1	156	3.59e-103	288
MDB4066257.1	QIZ20261.1	94.509	692	38	0	1	692	1	692	0.0	1362
MDB4066258.1	QIZ20262.1	99.020	102	1	0	1	102	1	102	2.31e-71	203
MDB4066259.1	QIZ20263.1	88.601	193	22	0	1	193	1	193	8.92e-126	350
MDB4066260.1	QIZ21125.1	53.271	107	50	0	5	111	201	307	5.21e-38	126
MDB4066263.1	QIZ20487.1	34.625	413	262	5	20	427	21	430	7.89e-72	229
MDB4066264.1	QIZ20248.1	69.291	254	78	0	3	256	4	257	6.25e-123	346
MDB4066266.1	QIZ20195.1	71.815	259	73	0	1	259	1	259	1.65e-137	383
MDB4066268.1	QIZ20249.1	91.724	145	12	0	1	145	103	247	1.68e-100	284
MDB4066269.1	QIZ21025.1	78.899	109	22	1	1	109	1	108	1.33e-53	170
MDB4066270.1	QIZ21026.1	85.366	328	48	0	1	328	434	761	0.0	565
MDB4066271.1	QIZ21027.1	74.026	154	40	0	1	154	43	196	2.72e-84	241
MDB4066272.1	QIZ20605.1	32.787	366	202	9	26	377	43	378	2.24e-49	167
MDB4066273.1	QIZ20591.1	77.419	279	63	0	1	279	1	279	3.11e-166	457
MDB4066274.1	QIZ20592.1	91.498	247	21	0	1	247	1	247	2.98e-173	473
MDB4066275.1	QIZ20589.1	75.540	139	34	0	1	139	151	289	3.68e-77	226
MDB4066276.1	QIZ20393.1	85.083	181	27	0	1	181	1	181	1.76e-113	318
MDB4066277.1	QIZ20394.1	66.154	65	19	1	1	65	1	62	1.89e-22	77.8
MDB4066278.1	QIZ20395.1	77.941	68	13	1	1	66	1	68	7.26e-34	106
MDB4066279.1	QIZ20396.1	80.180	222	44	0	10	231	13	234	5.92e-134	372
MDB4066280.1	QIZ20397.1	81.224	245	46	0	1	245	1	245	2.35e-138	384
MDB4066281.1	QIZ20398.1	63.158	209	77	0	2	210	108	316	1.35e-92	269
MDB4066282.1	QIZ21152.1	77.958	431	95	0	1	431	107	537	0.0	724
MDB4066283.1	QIZ21153.1	67.829	258	83	0	1	258	1	258	4.00e-138	385
MDB4066284.1	QIZ21154.1	88.017	242	29	0	1	242	1	242	5.83e-163	451
MDB4066285.1	QIZ20250.1	94.186	172	10	0	1	172	225	396	9.61e-117	332
MDB4066286.1	QIZ20251.1	90.476	63	6	0	1	63	1	63	1.75e-36	112
MDB4066287.1	QIZ20252.1	93.182	176	12	0	1	176	1	176	3.25e-122	338
MDB4066288.1	QIZ20253.1	84.397	141	22	0	1	141	1	141	6.86e-87	246
MDB4066289.1	QIZ20254.1	87.773	229	28	0	1	229	1	229	1.92e-146	403
MDB4066290.1	QIZ20255.1	79.592	98	20	0	2	99	1	98	1.45e-55	165
MDB4066291.1	QIZ20587.1	73.134	134	36	0	1	134	1	134	5.58e-65	193
MDB4066293.1	QIZ21452.1	89.106	872	95	0	1	872	17	888	0.0	1619
MDB4066294.1	QIZ20974.1	94.068	826	48	1	1	825	94	919	0.0	1647
MDB4066295.1	QIZ20412.1	82.222	45	8	0	1	45	356	400	7.67e-22	80.9
MDB4066296.1	QIZ20411.1	89.028	319	35	0	1	319	3	321	0.0	580
MDB4066297.1	QIZ20410.1	93.458	214	14	0	4	217	2	215	1.86e-145	400
MDB4066298.1	QIZ20321.1	79.962	529	102	1	1	525	57	585	0.0	883
MDB4066299.1	QIZ20322.1	81.538	195	36	0	1	195	1	195	2.38e-105	296
MDB4066300.1	QIZ20323.1	71.429	70	20	0	1	70	1	70	2.44e-31	104
MDB4066301.1	QIZ20655.1	43.300	709	375	8	11	717	126	809	0.0	569
MDB4066302.1	QIZ21095.1	87.967	241	29	0	1	241	122	362	4.94e-160	443
MDB4066303.1	QIZ21094.1	76.724	348	79	1	1	346	1	348	0.0	568
MDB4066306.1	QIZ21381.1	69.281	306	94	0	1	306	1	306	3.19e-147	412
MDB4066307.1	QIZ21382.1	58.462	195	81	0	18	212	19	213	1.11e-82	243
MDB4066308.1	QIZ20213.1	59.130	115	47	0	1	115	63	177	3.19e-41	130
MDB4066309.1	QIZ20211.1	69.792	96	29	0	1	96	1	96	3.99e-48	144
MDB4066310.1	QIZ20542.1	49.227	388	194	1	3	387	2	389	2.62e-119	351
