MDA9177090.1	QIZ20459.1	63.636	176	64	0	2	177	72	247	3.52e-72	214
MDA9177091.1	QIZ20458.1	80.978	552	104	1	1	552	1	551	0.0	959
MDA9177092.1	QIZ20457.1	86.250	80	11	0	1	80	1	80	1.17e-39	121
MDA9177093.1	QIZ20456.1	79.955	444	89	0	1	444	1	444	0.0	747
MDA9177094.1	QIZ20455.1	73.415	410	108	1	1	409	1	410	0.0	572
MDA9177095.1	QIZ20454.1	61.062	226	88	0	1	226	1	226	2.61e-97	279
MDA9177096.1	QIZ20453.1	78.669	586	124	1	1	586	1	585	0.0	947
MDA9177100.1	QIZ20555.1	73.054	501	135	0	1	501	1	501	0.0	751
MDA9177101.1	QIZ20556.1	77.907	344	76	0	10	353	5	348	0.0	549
MDA9177102.1	QIZ20557.1	85.312	320	47	0	1	320	1	320	0.0	574
MDA9177103.1	QIZ21214.1	30.877	285	178	5	12	289	8	280	5.05e-31	113
MDA9177104.1	QIZ21533.1	54.902	102	46	0	1	102	1	102	4.07e-36	114
MDA9177105.1	QIZ21532.1	57.944	214	89	1	1	213	1	214	2.14e-81	239
MDA9177106.1	QIZ21531.1	81.948	349	63	0	3	351	4	352	0.0	563
MDA9177107.1	QIZ21530.1	75.047	533	133	0	3	535	4	536	0.0	787
MDA9177108.1	QIZ21527.1	64.012	339	121	1	1	338	1	339	1.08e-167	466
MDA9177109.1	QIZ21523.1	93.559	295	19	0	1	295	1	295	0.0	577
MDA9177110.1	QIZ21522.1	69.670	333	101	0	1	333	1	333	0.0	504
MDA9177111.1	QIZ21521.1	87.129	202	24	1	1	200	1	202	1.82e-135	373
MDA9177112.1	QIZ21520.1	90.968	155	14	0	1	155	1	155	3.06e-108	301
MDA9177113.1	QIZ21519.1	82.258	124	22	0	1	124	1	124	3.17e-78	222
MDA9177115.1	QIZ21516.1	89.981	539	54	0	1	539	1	539	0.0	1027
MDA9177116.1	QIZ21515.1	84.227	317	50	0	1	317	1	317	0.0	558
MDA9177117.1	QIZ21514.1	84.337	249	39	0	1	249	1	249	3.17e-158	435
MDA9177118.1	QIZ21513.1	88.765	810	91	0	1	810	1	810	0.0	1501
MDA9177119.1	QIZ21512.1	59.036	166	68	0	1	166	1	166	5.99e-62	184
MDA9177120.1	QIZ21511.1	83.069	189	32	0	1	189	1	189	3.51e-119	331
MDA9177124.1	QIZ21510.1	51.938	129	62	0	4	132	10	138	5.35e-46	142
MDA9177125.1	QIZ21509.1	82.422	256	45	0	2	257	6	261	3.49e-159	438
MDA9177126.1	QIZ21508.1	88.710	124	14	0	1	124	1	124	1.23e-84	238
MDA9177127.1	QIZ21507.1	74.627	134	34	0	1	134	1	134	6.33e-76	217
MDA9177128.1	QIZ21506.1	72.280	386	107	0	23	408	11	396	0.0	619
MDA9177129.1	QIZ21505.1	81.818	242	44	0	1	242	1	242	2.98e-152	419
MDA9177130.1	QIZ21504.1	90.929	452	41	0	1	452	1	452	0.0	868
MDA9177131.1	QIZ21503.1	85.556	180	26	0	1	180	1	180	9.80e-114	317
MDA9177133.1	QIZ20396.1	85.437	206	30	0	1	206	31	236	9.55e-133	368
MDA9177134.1	QIZ20395.1	82.353	68	10	1	1	66	1	68	1.18e-36	113
MDA9177135.1	QIZ20394.1	77.419	62	14	0	1	62	1	62	1.07e-25	86.3
MDA9177136.1	QIZ20393.1	86.000	250	35	0	1	250	1	250	1.82e-157	433
MDA9177137.1	QIZ20392.1	75.779	417	101	0	1	417	1	417	0.0	674
MDA9177138.1	QIZ20391.1	85.870	92	13	0	4	95	3	94	8.00e-54	158
MDA9177139.1	QIZ20390.1	75.629	517	126	0	1	517	1	517	0.0	781
MDA9177140.1	QIZ20389.1	66.242	157	53	0	1	157	1	157	1.44e-70	210
MDA9177141.1	QIZ20680.1	80.100	201	40	0	1	201	1	201	1.55e-124	351
MDA9177142.1	QIZ20681.1	94.278	367	21	0	5	371	4	370	0.0	734
MDA9177143.1	QIZ20682.1	87.160	405	52	0	1	405	1	405	0.0	754
MDA9177144.1	QIZ20683.1	77.409	301	68	0	1	301	1	301	7.56e-167	461
MDA9177145.1	QIZ20684.1	61.017	413	156	2	1	411	1	410	2.55e-171	481
MDA9177146.1	QIZ20685.1	57.500	200	84	1	1	199	1	200	2.79e-78	229
MDA9177147.1	QIZ20686.1	62.500	136	47	1	1	132	1	136	6.21e-60	177
MDA9177148.1	QIZ20687.1	61.438	153	59	0	5	157	6	158	9.46e-59	176
MDA9177149.1	QIZ20689.1	61.232	276	107	0	1	276	1	276	2.46e-127	359
MDA9177150.1	QIZ20690.1	86.413	552	74	1	1	551	1	552	0.0	984
MDA9177151.1	QIZ20691.1	89.577	921	96	0	1	921	1	921	0.0	1766
MDA9177152.1	QIZ20692.1	66.458	480	161	0	4	483	12	491	0.0	692
MDA9177153.1	QIZ20694.1	86.376	367	50	0	1	367	1	367	0.0	647
MDA9177154.1	QIZ20695.1	72.903	155	42	0	1	155	1	155	8.55e-65	191
MDA9177155.1	QIZ20696.1	57.317	246	105	0	3	248	4	249	1.50e-102	294
MDA9177156.1	QIZ20697.1	64.286	182	65	0	1	182	1	182	5.01e-84	241
MDA9177157.1	QIZ20698.1	71.939	392	110	0	1	392	1	392	0.0	575
MDA9177159.1	QIZ20699.1	71.325	415	118	1	1	415	1	414	0.0	618
MDA9177160.1	QIZ20700.1	86.239	952	131	0	1	952	1	952	0.0	1721
MDA9177161.1	QIZ20701.1	88.095	126	15	0	1	126	1	126	2.28e-82	233
MDA9177162.1	QIZ20702.1	69.146	363	112	0	5	367	5	367	0.0	524
MDA9177163.1	QIZ20703.1	65.188	293	98	1	1	289	1	293	4.06e-133	375
MDA9177164.1	QIZ20704.1	56.634	309	132	2	1	307	7	315	2.95e-120	343
MDA9177165.1	QIZ20977.1	73.724	529	139	0	1	529	273	801	0.0	812
MDA9177166.1	QIZ20978.1	62.963	135	50	0	1	135	4	138	9.45e-56	167
MDA9177167.1	QIZ20979.1	87.037	108	14	0	1	108	1	108	1.31e-67	194
MDA9177168.1	QIZ20980.1	76.721	305	62	5	1	297	1	304	1.03e-143	402
MDA9177169.1	QIZ20981.1	65.432	567	193	2	1	564	1	567	0.0	720
MDA9177170.1	QIZ20982.1	67.677	198	64	0	1	198	1	198	2.02e-96	274
MDA9177171.1	QIZ20983.1	49.020	153	75	2	4	154	2	153	1.05e-43	138
MDA9177172.1	QIZ20984.1	83.815	173	28	0	3	175	5	177	8.52e-98	276
MDA9177173.1	QIZ20985.1	85.484	186	27	0	4	189	3	188	1.48e-122	340
MDA9177174.1	QIZ20986.1	69.444	216	66	0	1	216	1	216	5.29e-115	323
MDA9177175.1	QIZ20987.1	76.119	67	16	0	1	67	1	67	1.10e-24	83.2
MDA9177176.1	QIZ20988.1	57.310	171	71	1	1	169	1	171	5.73e-67	197
MDA9177177.1	QIZ20989.1	80.044	451	90	0	1	451	1	451	0.0	731
MDA9177179.1	QIZ20990.1	67.822	404	130	0	1	404	1	404	0.0	557
MDA9177180.1	QIZ20991.1	69.528	233	71	0	1	233	1	233	1.90e-112	318
MDA9177181.1	QIZ20992.1	88.649	370	42	0	1	370	1	370	0.0	670
MDA9177182.1	QIZ20993.1	82.030	473	82	3	1	473	1	470	0.0	783
MDA9177183.1	QIZ20994.1	84.884	86	13	0	1	86	1	86	2.90e-48	144
MDA9177184.1	QIZ20995.1	64.336	286	102	0	1	286	1	286	3.60e-120	342
MDA9177185.1	QIZ20996.1	77.682	233	52	0	1	233	1	233	1.97e-137	381
MDA9177186.1	QIZ20997.1	82.950	522	89	0	1	522	1	522	0.0	886
MDA9177187.1	QIZ20998.1	74.065	401	102	1	1	399	1	401	0.0	601
MDA9177188.1	QIZ20999.1	71.034	145	42	0	1	145	1	145	1.32e-77	222
MDA9177189.1	QIZ21000.1	67.200	250	82	0	1	250	1	250	2.37e-121	342
MDA9177190.1	QIZ21001.1	63.194	144	53	0	6	149	5	148	1.37e-65	192
MDA9177191.1	QIZ21002.1	75.510	196	47	1	1	195	1	196	9.63e-113	315
MDA9177192.1	QIZ21003.1	84.650	443	68	0	1	443	1	443	0.0	805
MDA9177193.1	QIZ21004.1	94.891	137	7	0	1	137	1	137	2.25e-95	267
MDA9177194.1	QIZ21005.1	80.282	142	28	0	1	142	1	142	3.56e-81	231
MDA9177195.1	QIZ21006.1	89.157	166	18	0	1	166	1	166	1.16e-109	305
MDA9177196.1	QIZ21007.1	94.293	403	23	0	1	403	1	403	0.0	798
MDA9177197.1	QIZ21008.1	89.655	261	27	0	1	261	1	261	0.0	497
MDA9177198.1	QIZ21010.1	94.146	205	12	0	1	205	486	690	2.96e-133	385
MDA9177199.1	QIZ20636.1	43.165	139	79	0	20	158	19	157	1.34e-27	102
MDA9177200.1	QIZ20863.1	41.564	243	134	5	103	341	104	342	3.49e-53	175
MDA9177202.1	QIZ20637.1	78.073	602	108	4	1	592	1	588	0.0	915
MDA9177203.1	QIZ20638.1	87.008	254	33	0	3	256	4	257	1.09e-164	452
MDA9177205.1	QIZ20640.1	73.529	136	36	0	10	145	10	145	6.07e-76	218
MDA9177206.1	QIZ20641.1	73.611	144	35	2	1	144	1	141	1.64e-72	209
MDA9177207.1	QIZ20642.1	92.809	445	32	0	1	445	1	445	0.0	856
MDA9177208.1	QIZ20643.1	60.825	97	38	0	39	135	36	132	2.57e-43	135
MDA9177209.1	QIZ20644.1	73.950	119	30	1	1	119	2	119	9.63e-62	180
MDA9177210.1	QIZ20645.1	81.159	276	46	2	1	273	1	273	6.37e-164	451
MDA9177211.1	QIZ20646.1	83.474	593	98	0	3	595	2	594	0.0	1044
MDA9177212.1	QIZ20647.1	68.807	218	68	0	1	218	5	222	1.22e-97	279
MDA9177213.1	QIZ20648.1	39.769	347	207	1	7	351	13	359	1.01e-82	251
MDA9177214.1	QIZ20649.1	78.886	341	72	0	1	341	1	341	0.0	514
MDA9177215.1	QIZ20650.1	58.421	190	79	0	1	190	1	190	1.06e-74	219
MDA9177216.1	QIZ20651.1	88.235	136	16	0	1	136	1	136	2.71e-77	221
MDA9177217.1	QIZ20652.1	76.074	489	111	2	1	487	1	485	0.0	747
MDA9177218.1	QIZ20653.1	36.828	372	223	7	1	362	1	370	5.29e-71	222
MDA9177219.1	QIZ20654.1	47.339	357	187	1	3	359	2	357	1.59e-89	269
MDA9177220.1	QIZ20655.1	36.115	803	490	10	5	787	8	807	1.67e-147	448
MDA9177222.1	QIZ21085.1	94.286	70	4	0	1	70	611	680	3.76e-42	139
MDA9177223.1	QIZ21084.1	55.072	207	91	1	1	205	1	207	9.23e-76	223
MDA9177224.1	QIZ21083.1	56.977	86	36	1	1	85	1	86	3.04e-31	100
MDA9177225.1	QIZ21082.1	77.541	610	129	3	1	610	1	602	0.0	902
MDA9177226.1	QIZ21081.1	75.000	104	26	0	8	111	12	115	1.36e-54	162
MDA9177227.1	QIZ21080.1	83.028	218	37	0	1	218	1	218	5.69e-131	363
MDA9177229.1	QIZ21079.1	75.842	505	122	0	7	511	14	518	0.0	764
MDA9177231.1	QIZ21078.1	72.093	215	58	1	1	215	1	213	1.08e-113	319
MDA9177232.1	QIZ21077.1	48.077	364	181	4	1	356	14	377	7.16e-109	319
MDA9177233.1	QIZ21076.1	76.149	696	166	0	1	696	1	696	0.0	1027
MDA9177234.1	QIZ21075.1	55.978	184	80	1	1	183	1	184	1.39e-68	202
MDA9177235.1	QIZ21074.1	61.446	166	63	1	1	166	1	165	1.49e-70	206
MDA9177236.1	QIZ21073.1	74.380	121	31	0	1	121	1	121	4.34e-65	189
MDA9177238.1	QIZ21071.1	86.454	251	34	0	1	251	1	251	2.51e-165	453
MDA9177239.1	QIZ21070.1	87.967	241	27	1	1	241	1	239	5.85e-157	431
MDA9177240.1	QIZ21068.1	85.096	208	31	0	1	208	1	208	5.64e-132	365
MDA9177241.1	QIZ21067.1	93.878	196	12	0	1	196	1	196	5.01e-139	382
MDA9177242.1	QIZ21066.1	89.474	171	18	0	1	171	1	171	2.97e-113	315
MDA9177243.1	QIZ21065.1	87.090	457	55	3	1	455	1	455	0.0	781
MDA9177244.1	QIZ21064.1	61.940	134	50	1	4	136	35	168	7.34e-56	168
MDA9177245.1	QIZ21063.1	73.737	198	51	1	1	198	1	197	3.36e-107	301
MDA9177246.1	QIZ21062.1	67.376	141	45	1	1	141	1	140	3.31e-56	168
MDA9177247.1	QIZ21061.1	61.429	140	54	0	1	140	1	140	1.83e-61	181
MDA9177248.1	QIZ21060.1	74.419	215	53	2	1	213	9	223	5.01e-115	323
MDA9177249.1	QIZ21360.1	87.500	232	29	0	2	233	154	385	5.75e-153	427
MDA9177250.1	QIZ21359.1	87.523	1074	134	0	1	1074	1	1074	0.0	1954
MDA9177252.1	QIZ21319.1	87.273	220	28	0	1	220	1	220	1.89e-147	405
MDA9177253.1	QIZ21318.1	64.856	313	109	1	1	312	1	313	8.96e-146	409
MDA9177254.1	QIZ21317.1	91.720	314	26	0	1	314	1	314	0.0	606
MDA9177255.1	QIZ21314.1	76.131	398	91	1	1	394	1	398	0.0	643
MDA9177256.1	QIZ21313.1	90.323	713	69	0	1	713	1	713	0.0	1359
MDA9177257.1	QIZ21312.1	78.000	250	55	0	1	250	1	250	4.19e-138	384
MDA9177258.1	QIZ21310.1	84.397	141	22	0	1	141	1	141	1.79e-81	232
MDA9177259.1	QIZ21309.1	85.270	611	90	0	1	611	1	611	0.0	1100
MDA9177260.1	QIZ21308.1	90.674	193	18	0	1	193	1	193	2.16e-128	355
MDA9177261.1	QIZ21307.1	87.586	290	36	0	1	290	1	290	0.0	545
MDA9177262.1	QIZ21306.1	77.083	144	33	0	1	144	1	144	1.04e-76	220
MDA9177263.1	QIZ21305.1	76.444	225	53	0	1	225	1	225	6.91e-126	351
MDA9177264.1	QIZ21304.1	70.387	439	130	0	1	439	1	439	0.0	644
MDA9177265.1	QIZ21303.1	66.667	66	22	0	1	66	1	66	1.52e-26	89.0
MDA9177266.1	QIZ21302.1	63.758	149	54	0	3	151	88	236	4.23e-70	207
MDA9177267.1	QIZ21209.1	80.357	168	33	0	1	168	32	199	3.22e-101	285
MDA9177268.1	QIZ21210.1	79.307	1039	215	0	1	1039	1	1039	0.0	1642
MDA9177269.1	QIZ21211.1	53.472	288	134	0	1	288	1	288	4.87e-109	314
MDA9177270.1	QIZ21212.1	64.444	270	95	1	1	270	1	269	2.53e-129	363
MDA9177271.1	QIZ21213.1	74.150	147	38	0	1	147	1	147	1.32e-81	233
MDA9177272.1	QIZ21214.1	73.333	285	76	0	13	297	1	285	4.34e-156	434
MDA9177273.1	QIZ21215.1	75.355	211	52	0	1	211	1	211	1.83e-118	331
MDA9177274.1	QIZ21216.1	68.041	97	31	0	4	100	2	98	1.21e-48	145
MDA9177275.1	QIZ20953.1	38.591	298	151	7	2	295	3	272	7.50e-59	185
MDA9177277.1	QIZ21217.1	84.971	173	26	0	1	173	6	178	1.04e-112	313
MDA9177278.1	QIZ21218.1	91.055	436	39	0	1	436	1	436	0.0	798
MDA9177279.1	QIZ21219.1	73.684	95	23	1	9	101	7	101	2.96e-49	147
MDA9177281.1	QIZ21220.1	90.459	283	27	0	1	283	409	691	0.0	541
MDA9177288.1	QIZ20792.1	95.122	41	2	0	1	41	1	41	3.81e-23	77.4
MDA9177290.1	QIZ20790.1	75.967	362	87	0	1	362	1	362	0.0	555
MDA9177291.1	QIZ20789.1	84.211	95	15	0	1	95	1	95	1.42e-53	158
MDA9177292.1	QIZ20788.1	91.164	464	41	0	1	464	1	464	0.0	864
MDA9177293.1	QIZ20853.1	54.310	232	106	0	1	232	7	238	4.66e-88	256
MDA9177294.1	QIZ20786.1	95.312	64	3	0	1	64	1	64	1.09e-37	115
MDA9177295.1	QIZ20785.1	84.000	175	28	0	1	175	1	175	6.61e-111	310
MDA9177296.1	QIZ20784.1	89.474	76	8	0	1	76	1	76	3.49e-50	147
MDA9177297.1	QIZ20783.1	80.081	246	49	0	1	246	1	246	9.39e-149	410
MDA9177298.1	QIZ20782.1	77.957	186	41	0	1	186	1	186	9.79e-116	322
MDA9177299.1	QIZ20781.1	67.150	207	65	2	1	204	1	207	7.07e-82	238
MDA9177300.1	QIZ20780.1	73.353	334	89	0	1	334	1	334	0.0	516
MDA9177301.1	QIZ20779.1	70.175	114	34	0	1	114	279	392	6.53e-50	158
MDA9177305.1	QIZ20542.1	49.370	476	237	2	1	473	1	475	9.03e-154	442
MDA9177306.1	QIZ20211.1	76.042	96	23	0	1	96	1	96	2.52e-51	152
MDA9177307.1	QIZ20213.1	74.000	150	39	0	21	170	28	177	3.49e-77	224
MDA9177308.1	QIZ20589.1	61.404	285	110	0	3	287	4	288	3.93e-129	364
MDA9177310.1	QIZ20589.1	28.070	285	199	5	1	283	1	281	1.95e-24	95.5
MDA9177311.1	QIZ20544.1	60.116	173	63	1	1	173	1	167	8.27e-75	218
MDA9177313.1	QIZ21513.1	41.451	813	466	7	4	809	1	810	0.0	640
MDA9177314.1	QIZ20187.1	32.526	289	180	8	45	326	46	326	1.64e-36	129
MDA9177316.1	QIZ20189.1	42.791	215	120	2	7	220	5	217	2.17e-55	179
MDA9177317.1	QIZ20958.1	48.673	226	113	3	2	225	11	235	8.37e-72	214
MDA9177318.1	QIZ21591.1	80.000	175	35	0	1	175	1	175	2.43e-93	265
MDA9177322.1	QIZ21593.1	85.838	346	49	0	1	346	1	346	0.0	597
MDA9177323.1	QIZ20180.1	77.778	288	59	2	1	288	1	283	7.36e-164	452
MDA9177324.1	QIZ20181.1	90.435	230	22	0	1	230	1	230	3.54e-153	420
MDA9177325.1	QIZ20182.1	83.036	224	38	0	1	224	1	224	2.08e-136	377
MDA9177326.1	QIZ20183.1	85.271	129	19	0	1	129	1	129	2.21e-75	216
MDA9177327.1	QIZ20184.1	68.831	308	96	0	1	308	1	308	7.59e-155	431
MDA9177328.1	QIZ20190.1	73.816	359	94	0	1	359	1	359	0.0	557
MDA9177329.1	QIZ20191.1	70.166	181	54	0	1	181	1	181	6.31e-98	277
MDA9177330.1	QIZ20192.1	82.036	167	30	0	1	167	1	167	5.71e-101	283
MDA9177331.1	QIZ20196.1	71.498	207	51	1	1	207	1	199	7.85e-114	319
MDA9177332.1	QIZ20197.1	86.166	253	35	0	1	253	37	289	9.03e-166	456
MDA9177333.1	QIZ20338.1	96.748	123	4	0	1	123	579	701	5.26e-76	233
MDA9177334.1	QIZ20339.1	52.174	138	66	0	13	150	15	152	2.30e-50	154
MDA9177335.1	QIZ20340.1	58.333	144	59	1	12	155	12	154	2.98e-44	139
MDA9177336.1	QIZ20341.1	90.000	60	6	0	1	60	1	60	8.21e-38	115
MDA9177337.1	QIZ20342.1	76.877	333	77	0	1	333	1	333	0.0	523
MDA9177338.1	QIZ20343.1	76.289	97	23	0	2	98	3	99	2.75e-49	147
MDA9177339.1	QIZ20344.1	61.600	125	47	1	1	124	1	125	1.31e-48	147
MDA9177340.1	QIZ20345.1	92.063	63	5	0	1	63	1	63	5.48e-37	113
MDA9177341.1	QIZ20346.1	71.875	96	27	0	1	96	1	96	2.41e-42	129
MDA9177342.1	QIZ20347.1	56.364	330	144	0	2	331	6	335	3.18e-128	365
MDA9177343.1	QIZ20348.1	85.068	442	66	0	1	442	1	442	0.0	776
MDA9177344.1	QIZ20349.1	81.046	153	28	1	1	152	1	153	9.02e-94	264
MDA9177345.1	QIZ20350.1	75.839	149	32	1	1	145	1	149	7.95e-84	238
MDA9177346.1	QIZ20351.1	69.322	339	103	1	1	338	1	339	4.76e-172	477
MDA9177348.1	QIZ20353.1	73.193	429	115	0	1	429	1	429	0.0	609
MDA9177349.1	QIZ20354.1	66.333	300	100	1	1	299	1	300	3.43e-144	403
MDA9177350.1	QIZ20355.1	66.431	283	94	1	1	283	1	282	1.32e-131	370
MDA9177351.1	QIZ20356.1	93.478	92	6	0	1	92	4	95	9.14e-60	173
MDA9177352.1	QIZ20357.1	81.379	145	27	0	1	145	1	145	3.43e-89	251
MDA9177354.1	QIZ20359.1	61.442	319	108	4	1	318	1	305	3.66e-146	409
MDA9177355.1	QIZ20958.1	44.720	161	82	3	23	183	32	185	4.82e-37	125
MDA9177357.1	QIZ20360.1	43.590	702	369	14	1	688	7	695	1.26e-177	520
MDA9177359.1	QIZ20362.1	44.149	564	310	4	1	560	1	563	9.02e-153	446
MDA9177360.1	QIZ20363.1	67.412	313	102	0	1	313	1	313	1.11e-156	436
MDA9177361.1	QIZ20364.1	54.245	212	91	4	1	209	117	325	1.08e-69	212
MDA9177362.1	QIZ21022.1	63.158	133	48	1	1	133	201	332	1.04e-55	172
MDA9177364.1	QIZ21023.1	76.111	180	42	1	1	179	1	180	1.70e-100	283
MDA9177365.1	QIZ21024.1	78.378	333	72	0	1	333	1	333	0.0	548
MDA9177366.1	QIZ21025.1	69.548	509	154	1	1	509	1	508	0.0	679
MDA9177367.1	QIZ21026.1	84.757	761	115	1	1	761	1	760	0.0	1309
MDA9177368.1	QIZ21027.1	75.510	196	48	0	1	196	1	196	1.81e-112	315
MDA9177369.1	QIZ21028.1	61.871	278	106	0	9	286	10	287	1.73e-121	345
MDA9177370.1	QIZ21029.1	58.854	384	157	1	1	384	1	383	5.91e-153	432
MDA9177371.1	QIZ21265.1	70.031	327	97	1	2	328	133	458	1.39e-169	475
MDA9177372.1	QIZ21266.1	73.292	161	43	0	1	161	1	161	1.70e-90	256
MDA9177373.1	QIZ21267.1	69.504	141	43	0	1	141	1	141	6.83e-72	207
MDA9177374.1	QIZ21268.1	57.500	320	136	0	1	320	1	320	1.37e-127	363
MDA9177375.1	QIZ21269.1	77.070	314	72	0	1	314	1	314	0.0	506
MDA9177376.1	QIZ21270.1	56.494	308	134	0	1	308	4	311	2.13e-107	311
MDA9177377.1	QIZ21271.1	62.147	354	134	0	1	354	1	354	6.55e-166	463
MDA9177378.1	QIZ21272.1	55.477	283	126	0	1	283	1	283	8.34e-101	292
MDA9177379.1	QIZ21273.1	78.763	485	103	0	1	485	1	485	0.0	800
MDA9177380.1	QIZ21274.1	77.576	165	37	0	1	165	4	168	6.56e-88	250
MDA9177381.1	QIZ21275.1	75.000	176	44	0	21	196	4	179	3.37e-93	265
MDA9177382.1	QIZ21276.1	100.000	49	0	0	1	49	27	75	5.87e-30	95.9
MDA9177383.1	QIZ21385.1	83.621	464	75	1	1	463	1	464	0.0	817
MDA9177384.1	QIZ21386.1	26.526	426	296	6	43	459	34	451	3.01e-25	103
MDA9177385.1	QIZ21387.1	88.528	462	53	0	1	462	1	462	0.0	820
MDA9177387.1	QIZ20745.1	75.451	277	68	0	1	277	1	277	1.77e-147	410
MDA9177388.1	QIZ20744.1	87.538	329	41	0	1	329	1	329	0.0	609
MDA9177389.1	QIZ20743.1	72.109	294	82	0	1	294	1	294	1.32e-157	437
MDA9177390.1	QIZ20742.1	85.253	434	64	0	1	434	1	434	0.0	775
MDA9177391.1	QIZ21265.1	55.556	81	36	0	1	81	1	81	8.14e-27	96.7
MDA9177392.1	QIZ21264.1	70.046	217	65	0	1	217	1	217	1.14e-99	284
MDA9177393.1	QIZ21263.1	88.168	262	31	0	1	262	1	262	1.12e-168	462
MDA9177394.1	QIZ21262.1	80.682	176	34	0	2	177	1	176	3.37e-110	307
MDA9177395.1	QIZ21260.1	82.724	301	52	0	4	304	3	303	0.0	509
MDA9177396.1	QIZ21259.1	94.669	544	29	0	1	544	1	544	0.0	993
MDA9177397.1	QIZ21258.1	77.122	271	62	0	1	271	1	271	4.87e-156	431
MDA9177398.1	QIZ21257.1	68.240	233	74	0	1	233	1	233	1.37e-113	320
MDA9177399.1	QIZ21256.1	81.364	220	41	0	1	220	1	220	2.50e-123	344
MDA9177400.1	QIZ21254.1	76.923	78	18	0	1	78	1	78	1.24e-44	134
MDA9177401.1	QIZ21253.1	79.211	279	57	1	1	278	1	279	3.53e-167	460
MDA9177402.1	QIZ21252.1	78.710	155	33	0	1	155	1	155	4.18e-92	266
MDA9177403.1	QIZ20468.1	61.765	136	51	1	1	136	545	679	3.30e-51	167
MDA9177404.1	QIZ20467.1	93.675	332	21	0	1	332	1	332	0.0	624
MDA9177405.1	QIZ20466.1	91.925	161	13	0	1	161	1	161	1.46e-112	312
MDA9177406.1	QIZ20465.1	78.947	209	44	0	1	209	2	210	6.03e-123	342
MDA9177407.1	QIZ20464.1	85.437	103	15	0	1	103	1	103	3.27e-49	147
MDA9177408.1	QIZ20463.1	81.947	637	111	1	1	633	1	637	0.0	1069
MDA9177409.1	QIZ20462.1	84.490	490	74	1	1	490	1	488	0.0	842
MDA9177410.1	QIZ20461.1	76.695	472	109	1	1	472	1	471	0.0	684
MDA9177412.1	QIZ20741.1	71.818	110	31	0	1	110	1	110	6.25e-56	165
MDA9177413.1	QIZ20740.1	86.762	627	83	0	4	630	5	631	0.0	1151
MDA9177414.1	QIZ20739.1	84.190	253	40	0	1	253	1	253	3.24e-156	430
MDA9177415.1	QIZ20738.1	80.189	106	21	0	1	106	1	106	8.03e-63	182
MDA9177416.1	QIZ20737.1	73.373	338	90	0	1	338	1	338	0.0	523
MDA9177417.1	QIZ20736.1	69.565	207	63	0	1	207	1	207	3.13e-112	315
MDA9177418.1	QIZ20734.1	75.152	165	33	1	13	177	24	180	5.78e-89	254
MDA9177421.1	QIZ21054.1	35.117	299	165	10	1	278	39	329	6.26e-50	165
MDA9177423.1	QIZ21052.1	93.839	422	26	0	1	422	1	422	0.0	810
MDA9177424.1	QIZ21590.1	56.444	225	96	2	1	223	1	225	1.34e-89	262
MDA9177425.1	QIZ21050.1	79.458	443	91	0	1	443	1	443	0.0	713
MDA9177426.1	QIZ21049.1	86.838	623	82	0	1	623	1	623	0.0	1120
MDA9177427.1	QIZ20667.1	83.000	300	50	1	1	300	1	299	2.50e-179	510
MDA9177428.1	QIZ20666.1	84.322	472	74	0	1	472	1	472	0.0	836
MDA9177429.1	QIZ20665.1	79.605	152	31	0	1	152	1	152	6.64e-78	224
MDA9177430.1	QIZ20664.1	91.429	70	6	0	21	90	1	70	8.41e-44	132
MDA9177431.1	QIZ20663.1	75.000	104	26	0	1	104	1	104	7.17e-58	171
MDA9177432.1	QIZ20662.1	69.156	308	95	0	1	308	1	308	3.13e-148	414
MDA9177433.1	QIZ20661.1	82.449	245	42	1	1	244	3	247	2.81e-148	409
MDA9177434.1	QIZ20660.1	92.405	79	6	0	1	79	1	79	9.21e-47	139
MDA9177435.1	QIZ20659.1	80.476	210	41	0	1	210	1	210	3.67e-126	350
MDA9177436.1	QIZ20658.1	64.516	217	77	0	1	217	46	262	1.40e-100	288
MDA9177438.1	QIZ20416.1	38.189	254	139	7	1	249	1	241	2.40e-50	161
MDA9177443.1	QIZ21220.1	74.194	341	88	0	1	341	1	341	0.0	530
MDA9177444.1	QIZ21221.1	67.262	168	54	1	1	167	1	168	8.35e-70	204
MDA9177445.1	QIZ21222.1	29.688	320	211	7	1	317	1	309	7.44e-33	119
MDA9177446.1	QIZ21223.1	66.667	294	98	0	1	294	1	294	1.78e-150	419
MDA9177447.1	QIZ21224.1	80.303	396	77	1	1	395	1	396	0.0	672
MDA9177449.1	QIZ20944.1	59.893	187	75	0	3	189	400	586	2.56e-67	211
MDA9177450.1	QIZ20943.1	80.233	172	34	0	1	172	1	172	3.12e-103	289
MDA9177451.1	QIZ20942.1	64.839	310	109	0	1	310	1	310	3.02e-147	412
MDA9177452.1	QIZ20941.1	65.854	246	84	0	1	246	1	246	2.49e-123	346
MDA9177453.1	QIZ20940.1	81.410	156	29	0	1	156	1	156	2.98e-96	271
MDA9177454.1	QIZ20939.1	79.288	309	64	0	1	309	1	309	0.0	519
MDA9177455.1	QIZ20937.1	81.818	253	46	0	1	253	132	384	4.71e-152	424
MDA9177456.1	QIZ21434.1	25.053	471	331	10	484	941	3	464	2.13e-35	137
MDA9177457.1	QIZ21430.1	59.383	389	154	2	3	390	2	387	3.21e-157	444
MDA9177459.1	QIZ20468.1	89.809	314	32	0	1	314	1	314	0.0	609
MDA9177460.1	QIZ20469.1	84.545	440	68	0	1	440	1	440	0.0	793
MDA9177461.1	QIZ20470.1	77.723	202	45	0	1	202	1	202	1.10e-124	346
MDA9177462.1	QIZ20471.1	94.629	391	21	0	1	391	1	391	0.0	773
MDA9177463.1	QIZ20434.1	64.286	70	23	1	1	68	176	245	1.13e-25	90.5
MDA9177464.1	QIZ20433.1	79.798	99	20	0	1	99	1	99	5.08e-55	162
MDA9177465.1	QIZ20432.1	86.989	538	70	0	1	538	1	538	0.0	964
MDA9177466.1	QIZ20431.1	87.546	273	34	0	1	273	1	273	4.71e-177	484
MDA9177467.1	QIZ20430.1	82.574	373	65	0	1	373	1	373	0.0	616
MDA9177468.1	QIZ20965.1	85.953	299	42	0	1	299	1	299	0.0	551
MDA9177469.1	QIZ20966.1	74.479	384	98	0	1	384	1	384	0.0	591
MDA9177470.1	QIZ20967.1	70.082	244	73	0	2	245	3	246	1.05e-114	325
MDA9177471.1	QIZ20969.1	75.227	331	82	0	1	331	1171	1501	8.99e-177	525
MDA9177478.1	QIZ20215.1	74.483	145	37	0	1	145	1	145	1.66e-80	229
MDA9177484.1	QIZ20305.1	82.119	151	27	0	1	151	206	356	1.67e-84	251
MDA9177485.1	QIZ21043.1	79.111	225	47	0	1	225	1	225	6.51e-135	395
MDA9177486.1	QIZ21042.1	54.945	182	74	6	2	181	6	181	2.40e-63	190
MDA9177487.1	QIZ21041.1	35.030	334	184	11	1	308	1	327	6.54e-42	143
MDA9177488.1	QIZ21040.1	58.750	80	33	0	1	80	96	175	4.53e-28	95.5
MDA9177489.1	QIZ20975.1	66.396	369	120	1	1	365	1	369	0.0	517
MDA9177490.1	QIZ20976.1	82.979	141	24	0	1	141	1	141	1.84e-89	252
MDA9177491.1	QIZ20977.1	87.685	203	25	0	1	203	3	205	1.80e-127	374
MDA9177492.1	QIZ20965.1	87.132	272	35	0	1	272	367	638	2.57e-177	499
MDA9177493.1	QIZ20964.1	89.503	181	19	0	1	181	1	181	1.45e-122	339
MDA9177494.1	QIZ20963.1	95.588	68	3	0	1	68	1	68	1.54e-42	128
MDA9177495.1	QIZ20962.1	94.915	118	6	0	1	118	1	118	2.63e-81	229
MDA9177496.1	QIZ20961.1	77.160	162	37	0	1	162	1	162	8.38e-86	251
MDA9177497.1	QIZ20969.1	85.386	828	121	0	1	828	276	1103	0.0	1486
