MDC3331415.1	QIZ21016.1	56.281	398	174	0	1	398	98	495	2.44e-162	462
MDC3331416.1	QIZ21015.1	87.918	389	47	0	1	389	1	389	0.0	696
MDC3331417.1	QIZ21014.1	90.755	530	49	0	1	530	1	530	0.0	956
MDC3331418.1	QIZ21013.1	81.622	740	125	3	3	738	4	736	0.0	1199
MDC3331419.1	QIZ21012.1	83.607	122	20	0	1	122	1	122	3.33e-73	209
MDC3331420.1	QIZ21011.1	87.805	82	10	0	1	82	1	82	1.17e-47	142
MDC3331421.1	QIZ21010.1	95.349	688	32	0	1	688	1	688	0.0	1339
MDC3331423.1	QIZ21008.1	92.308	260	20	0	1	260	1	260	0.0	502
MDC3331424.1	QIZ21007.1	95.037	403	20	0	1	403	1	403	0.0	799
MDC3331425.1	QIZ21006.1	88.554	166	19	0	1	166	1	166	9.80e-111	308
MDC3331426.1	QIZ21005.1	77.778	135	30	0	7	141	7	141	3.61e-77	221
MDC3331427.1	QIZ21004.1	96.350	137	5	0	1	137	1	137	6.15e-97	271
MDC3331428.1	QIZ21003.1	88.036	443	53	0	1	443	1	443	0.0	827
MDC3331429.1	QIZ21002.1	73.469	196	52	0	3	198	1	196	1.88e-112	315
MDC3331430.1	QIZ21001.1	65.035	143	50	0	4	146	6	148	6.15e-70	203
MDC3331431.1	QIZ21000.1	66.000	250	85	0	1	250	1	250	4.48e-122	343
MDC3331432.1	QIZ20999.1	78.621	145	31	0	1	145	1	145	3.19e-84	239
MDC3331433.1	QIZ20998.1	72.569	401	108	1	1	399	1	401	0.0	607
MDC3331434.1	QIZ20997.1	82.567	522	91	0	1	522	1	522	0.0	884
MDC3331435.1	QIZ20996.1	80.258	233	46	0	1	233	1	233	7.37e-143	395
MDC3331436.1	QIZ20995.1	62.718	287	107	0	1	287	1	287	7.41e-116	330
MDC3331437.1	QIZ20994.1	83.721	86	14	0	1	86	1	86	1.18e-47	142
MDC3331438.1	QIZ20993.1	82.403	466	78	2	9	474	9	470	0.0	787
MDC3331439.1	QIZ20992.1	92.703	370	27	0	1	370	1	370	0.0	699
MDC3331440.1	QIZ20991.1	73.391	233	62	0	1	233	1	233	4.79e-121	339
MDC3331441.1	QIZ20990.1	71.040	404	117	0	1	404	1	404	0.0	576
MDC3331442.1	QIZ20989.1	82.262	451	80	0	1	451	1	451	0.0	750
MDC3331443.1	QIZ20988.1	60.234	171	66	1	1	169	1	171	8.03e-71	207
MDC3331444.1	QIZ20987.1	79.104	67	14	0	1	67	1	67	4.60e-26	86.7
MDC3331445.1	QIZ20986.1	66.981	212	70	0	1	212	1	212	2.33e-111	313
MDC3331446.1	QIZ20985.1	87.634	186	23	0	4	189	3	188	5.83e-126	348
MDC3331447.1	QIZ20984.1	84.181	177	28	0	1	177	1	177	6.23e-102	286
MDC3331448.1	QIZ20983.1	57.047	149	64	0	12	160	10	158	3.02e-55	167
MDC3331449.1	QIZ20982.1	66.162	198	67	0	1	198	1	198	1.34e-94	270
MDC3331450.1	QIZ20981.1	59.445	577	223	5	1	576	1	567	0.0	641
MDC3331451.1	QIZ20980.1	87.273	220	25	1	81	297	85	304	2.73e-138	389
MDC3331452.1	QIZ20979.1	84.259	108	17	0	1	108	1	108	3.76e-65	188
MDC3331453.1	QIZ20978.1	61.481	135	51	1	2	135	4	138	4.51e-52	157
MDC3331454.1	QIZ20977.1	80.250	800	157	1	1	800	3	801	0.0	1328
MDC3331455.1	QIZ21314.1	28.497	386	243	13	1	364	3	377	6.40e-44	153
MDC3331458.1	QIZ20976.1	90.780	141	13	0	1	141	1	141	2.00e-96	270
MDC3331460.1	QIZ20974.1	92.194	1012	78	1	1	1011	1	1012	0.0	1969
MDC3331461.1	QIZ20973.1	70.070	431	111	3	1	421	1	423	0.0	620
MDC3331462.1	QIZ20972.1	75.254	295	73	0	1	295	1	295	8.71e-162	447
MDC3331463.1	QIZ20971.1	64.167	240	85	1	1	239	1	240	5.34e-110	313
MDC3331464.1	QIZ20970.1	86.013	479	67	0	1	479	1	479	0.0	842
MDC3331465.1	QIZ20969.1	81.600	1500	276	0	1	1500	1	1500	0.0	2592
MDC3331466.1	QIZ20967.1	71.545	246	70	0	1	246	1	246	1.55e-120	339
MDC3331467.1	QIZ20966.1	77.604	384	86	0	1	384	1	384	0.0	603
MDC3331468.1	QIZ20965.1	87.304	638	81	0	1	638	1	638	0.0	1186
MDC3331469.1	QIZ20964.1	91.160	181	16	0	1	181	1	181	1.24e-124	344
MDC3331472.1	QIZ21200.1	26.584	647	372	26	14	617	335	921	8.83e-47	172
MDC3331476.1	QIZ21588.1	43.220	118	67	0	6	123	1	118	1.99e-33	109
MDC3331483.1	QIZ20908.1	38.723	235	135	5	1	227	1	234	3.47e-50	159
MDC3331506.1	QIZ21587.1	69.919	123	37	0	1	123	1	123	8.37e-63	184
MDC3331553.1	QIZ21152.1	76.820	522	121	0	1	522	16	537	0.0	870
MDC3331554.1	QIZ21153.1	67.829	258	83	0	1	258	1	258	2.26e-138	385
MDC3331555.1	QIZ21154.1	81.572	369	68	0	1	369	1	369	0.0	625
MDC3331556.1	QIZ21155.1	76.292	329	78	0	1	329	1	329	0.0	523
MDC3331557.1	QIZ21156.1	70.079	127	38	0	1	127	1	127	3.55e-64	187
MDC3331558.1	QIZ21157.1	60.185	108	43	0	1	108	1	108	2.63e-37	117
MDC3331559.1	QIZ21158.1	91.201	591	51	1	1	591	1	590	0.0	1142
MDC3331560.1	QIZ21159.1	87.013	231	30	0	1	231	27	257	3.93e-157	432
MDC3331561.1	QIZ21160.1	93.159	497	34	0	1	497	1	497	0.0	969
MDC3331562.1	QIZ21161.1	95.000	320	16	0	1	320	1	320	0.0	612
MDC3331563.1	QIZ21162.1	88.601	386	44	0	1	386	1	386	0.0	701
MDC3331564.1	QIZ21163.1	91.753	291	24	0	1	291	1	291	0.0	513
MDC3331565.1	QIZ21164.1	82.631	973	160	4	1	969	1	968	0.0	1697
MDC3331566.1	QIZ21165.1	80.410	439	72	3	1	439	1	425	0.0	704
MDC3331567.1	QIZ21166.1	85.408	466	68	0	1	466	1	466	0.0	818
MDC3331568.1	QIZ21167.1	82.028	651	117	0	1	651	1	651	0.0	1114
MDC3331569.1	QIZ21168.1	73.514	185	49	0	1	185	1	185	3.57e-93	265
MDC3331570.1	QIZ21169.1	93.738	511	32	0	1	511	1	511	0.0	983
MDC3331571.1	QIZ21170.1	86.942	291	38	0	1	291	1	291	0.0	523
MDC3331572.1	QIZ21171.1	95.127	472	23	0	1	472	1	472	0.0	916
MDC3331573.1	QIZ21172.1	80.000	130	26	0	1	130	1	130	3.31e-72	207
MDC3331574.1	QIZ21173.1	72.152	158	44	0	1	158	1	158	1.33e-84	241
MDC3331575.1	QIZ21174.1	82.073	357	64	0	23	379	23	379	0.0	605
MDC3331576.1	QIZ21175.1	81.034	116	22	0	1	116	1	116	5.89e-66	191
MDC3331577.1	QIZ21176.1	66.474	173	58	0	1	173	8	180	3.51e-77	224
MDC3331578.1	QIZ21177.1	79.327	416	86	0	1	416	1	416	0.0	651
MDC3331579.1	QIZ21178.1	75.272	368	91	0	1	368	1	368	0.0	563
MDC3331580.1	QIZ21179.1	77.982	327	72	0	1	327	1	327	0.0	511
MDC3331581.1	QIZ21180.1	95.238	84	4	0	1	84	1	84	4.89e-54	158
MDC3331582.1	QIZ21181.1	80.597	134	23	1	1	131	1	134	4.67e-77	220
MDC3331583.1	QIZ21182.1	70.293	239	71	0	5	243	1	239	1.28e-128	359
MDC3331584.1	QIZ21183.1	74.619	197	50	0	1	197	1	197	4.73e-108	303
MDC3331585.1	QIZ21184.1	76.216	370	88	0	1	370	1	370	0.0	609
MDC3331586.1	QIZ21185.1	70.520	346	102	0	1	346	1	346	0.0	518
MDC3331587.1	QIZ20801.1	31.900	279	167	9	120	389	1	265	2.19e-21	90.5
MDC3331588.1	QIZ20800.1	51.477	237	103	4	6	238	6	234	1.24e-76	227
MDC3331590.1	QIZ21199.1	31.278	227	146	3	3	222	5	228	4.02e-33	117
MDC3331591.1	QIZ20756.1	71.613	310	88	0	1	310	1	310	1.64e-158	441
MDC3331592.1	QIZ20755.1	69.231	78	24	0	1	78	1	78	4.06e-32	102
MDC3331593.1	QIZ20754.1	75.862	290	70	0	1	290	1	290	1.12e-155	432
MDC3331594.1	QIZ20753.1	89.011	637	70	0	1	637	1	637	0.0	1188
MDC3331595.1	QIZ20752.1	90.833	360	33	0	1	360	1	360	0.0	666
MDC3331596.1	QIZ20751.1	73.558	208	55	0	1	208	1	208	7.82e-118	329
MDC3331597.1	QIZ20750.1	81.009	337	64	0	1	337	1	337	0.0	558
MDC3331598.1	QIZ20749.1	85.821	268	38	0	1	268	1	268	1.48e-156	432
MDC3331599.1	QIZ20748.1	88.055	293	35	0	1	293	1	293	0.0	551
MDC3331600.1	QIZ20747.1	69.287	687	211	0	1	687	1	687	0.0	946
MDC3331601.1	QIZ20746.1	87.232	885	113	0	1	885	1	885	0.0	1613
MDC3331603.1	QIZ21388.1	89.841	315	32	0	1	315	1	315	0.0	600
MDC3331604.1	QIZ21395.1	95.255	274	13	0	1	274	1	274	0.0	531
MDC3331605.1	QIZ21396.1	91.553	367	30	1	1	367	1	366	0.0	646
MDC3331606.1	QIZ21397.1	90.657	289	27	0	1	289	1	289	0.0	522
MDC3331607.1	QIZ21398.1	86.885	61	8	0	1	61	1	61	5.26e-35	108
MDC3331608.1	QIZ21399.1	75.476	473	110	4	1	469	1	471	0.0	687
MDC3331609.1	QIZ21400.1	60.535	299	118	0	1	299	1	299	4.27e-113	325
MDC3331610.1	QIZ21401.1	93.027	588	41	0	1	588	1	588	0.0	1108
MDC3331611.1	QIZ21402.1	87.912	182	22	0	1	182	1	182	1.98e-118	328
MDC3331612.1	QIZ21403.1	85.294	340	49	1	1	340	1	339	0.0	609
MDC3331617.1	QIZ21043.1	71.801	844	235	2	1	842	1	843	0.0	1267
MDC3331618.1	QIZ21042.1	60.773	181	68	3	8	188	8	185	3.77e-74	217
MDC3331619.1	QIZ21041.1	43.902	328	163	7	2	309	3	329	6.17e-76	231
MDC3331620.1	QIZ21040.1	59.429	175	71	0	1	175	1	175	7.84e-69	202
MDC3331621.1	QIZ21039.1	57.339	218	90	1	1	218	1	215	1.83e-89	258
MDC3331622.1	QIZ21038.1	52.439	164	74	4	1	163	1	161	5.23e-47	146
MDC3331623.1	QIZ21037.1	41.146	192	105	3	4	187	2	193	1.67e-38	126
MDC3331624.1	QIZ21036.1	70.550	309	90	1	1	309	1	308	5.48e-162	449
MDC3331625.1	QIZ21035.1	84.103	195	31	0	18	212	18	212	1.10e-126	352
MDC3331626.1	QIZ21034.1	80.934	257	49	0	1	257	1	257	1.16e-153	424
MDC3331627.1	QIZ21033.1	86.133	375	50	1	1	375	1	373	0.0	646
MDC3331628.1	QIZ21032.1	93.153	628	43	0	1	628	1	628	0.0	1182
MDC3331629.1	QIZ21031.1	74.762	210	49	3	1	208	1	208	1.39e-104	296
MDC3331630.1	QIZ21030.1	68.878	196	61	0	3	198	5	200	1.17e-91	262
MDC3331631.1	QIZ21029.1	60.000	385	151	2	15	398	1	383	7.60e-157	443
MDC3331632.1	QIZ21028.1	63.636	286	104	0	1	286	1	286	3.34e-119	339
MDC3331633.1	QIZ21027.1	72.449	196	54	0	1	196	1	196	7.67e-107	300
MDC3331634.1	QIZ21026.1	85.015	327	49	0	1	327	434	760	0.0	562
MDC3331635.1	QIZ21025.1	72.495	509	139	1	1	509	1	508	0.0	716
MDC3331636.1	QIZ21024.1	78.979	333	70	0	1	333	1	333	0.0	550
MDC3331637.1	QIZ21023.1	76.667	180	41	1	1	179	1	180	5.04e-100	282
MDC3331639.1	QIZ21022.1	60.241	332	131	1	6	337	1	331	6.94e-149	418
MDC3331640.1	QIZ21021.1	53.906	128	59	0	1	128	1	128	2.10e-50	152
MDC3331641.1	QIZ21020.1	90.370	135	13	0	1	135	1	135	1.24e-89	252
MDC3331642.1	QIZ20620.1	41.753	194	106	4	7	199	5	192	1.26e-46	148
MDC3331643.1	QIZ21019.1	74.324	444	110	1	14	453	12	455	0.0	670
MDC3331644.1	QIZ21018.1	87.805	328	40	0	1	328	1	328	0.0	594
MDC3331645.1	QIZ21017.1	59.868	152	61	0	1	152	1	152	5.79e-52	158
MDC3331646.1	QIZ21493.1	68.317	101	32	0	1	101	148	248	9.87e-45	140
MDC3331647.1	QIZ21492.1	61.111	144	56	0	1	144	1	144	2.41e-61	181
MDC3331649.1	QIZ21490.1	76.596	282	66	0	1	282	1	282	2.98e-158	437
MDC3331650.1	QIZ21489.1	60.513	195	77	0	1	195	1	195	9.90e-88	252
MDC3331651.1	QIZ21488.1	90.982	998	90	0	1	998	1	998	0.0	1917
MDC3331652.1	QIZ21487.1	93.182	88	6	0	1	88	1	88	5.67e-62	178
MDC3331653.1	QIZ21486.1	95.694	418	18	0	1	418	1	418	0.0	829
MDC3331654.1	QIZ21485.1	95.187	561	27	0	1	561	1	561	0.0	1093
MDC3331655.1	QIZ21484.1	86.692	263	35	0	1	263	1	263	5.57e-174	476
MDC3331656.1	QIZ21483.1	91.473	387	33	0	1	387	1	387	0.0	734
MDC3331657.1	QIZ21481.1	78.070	342	75	0	1	342	1	342	0.0	550
MDC3331659.1	QIZ21480.1	87.810	443	54	0	1	443	1	443	0.0	828
MDC3331660.1	QIZ21479.1	89.400	717	76	0	1	717	1	717	0.0	1295
MDC3331661.1	QIZ21478.1	89.474	342	36	0	1	342	1	342	0.0	631
MDC3331662.1	QIZ21477.1	74.719	178	45	0	15	192	6	183	5.24e-86	247
MDC3331663.1	QIZ21476.1	73.600	125	32	1	1	125	1	124	3.07e-64	187
MDC3331664.1	QIZ21475.1	65.306	147	51	0	1	147	1	147	5.18e-65	191
MDC3331665.1	QIZ21474.1	93.949	314	19	0	1	314	1	314	0.0	616
MDC3331666.1	QIZ21473.1	89.161	775	84	0	1	775	1	775	0.0	1468
MDC3331667.1	QIZ21472.1	82.895	76	13	0	1	76	40	115	3.08e-41	126
MDC3331668.1	QIZ21471.1	88.914	442	49	0	1	442	1	442	0.0	837
MDC3331669.1	QIZ21470.1	94.479	489	27	0	1	489	1	489	0.0	987
MDC3331670.1	QIZ21469.1	95.860	314	13	0	1	314	1	314	0.0	627
MDC3331671.1	QIZ21468.1	94.862	253	13	0	1	253	1	253	0.0	494
MDC3331673.1	QIZ20501.1	47.812	320	165	1	1	318	1	320	3.48e-100	293
MDC3331676.1	QIZ20492.1	30.469	256	166	6	12	266	2	246	2.96e-27	102
MDC3331679.1	QIZ20607.1	48.148	108	52	3	1	104	1	108	4.59e-29	97.1
MDC3331680.1	QIZ20609.1	70.000	330	99	0	1	330	1	330	1.66e-177	490
MDC3331681.1	QIZ20610.1	86.188	181	25	0	1	181	1	181	3.84e-116	323
MDC3331682.1	QIZ20611.1	59.494	79	31	1	1	78	1	79	6.27e-29	95.1
MDC3331683.1	QIZ20612.1	73.154	149	40	0	1	149	1	149	2.68e-73	212
MDC3331684.1	QIZ20613.1	78.073	301	66	0	1	301	1	301	0.0	501
MDC3331685.1	QIZ20614.1	62.567	187	70	0	1	187	1	187	2.66e-82	238
MDC3331686.1	QIZ20617.1	81.481	81	15	0	1	81	1	81	5.18e-48	142
MDC3331687.1	QIZ20618.1	89.157	166	18	0	1	166	1	166	3.90e-102	286
MDC3331688.1	QIZ20619.1	60.241	249	93	3	1	246	1	246	6.29e-79	234
MDC3331689.1	QIZ20620.1	70.769	195	57	0	1	195	1	195	8.65e-91	260
MDC3331690.1	QIZ20621.1	49.837	307	147	3	1	305	1	302	1.51e-96	283
MDC3331691.1	QIZ20622.1	84.354	294	46	0	1	294	1	294	5.66e-172	473
MDC3331692.1	QIZ20623.1	66.242	157	53	0	4	160	3	159	1.96e-71	208
MDC3331693.1	QIZ20624.1	93.162	468	32	0	1	468	1	468	0.0	924
MDC3331695.1	QIZ20625.1	83.636	110	18	0	1	110	1	110	1.00e-69	200
MDC3331696.1	QIZ20626.1	78.788	99	20	1	1	99	1	98	5.30e-52	154
MDC3331697.1	QIZ20627.1	90.850	153	14	0	1	153	1	153	2.11e-104	291
MDC3331698.1	QIZ20628.1	93.317	404	27	0	1	404	1	404	0.0	788
MDC3331699.1	QIZ20629.1	51.799	417	194	5	1	412	1	415	4.27e-137	394
MDC3331700.1	QIZ20630.1	79.508	244	50	0	1	244	1	244	2.35e-140	389
MDC3331701.1	QIZ20631.1	93.333	480	32	0	1	480	1	480	0.0	943
MDC3331702.1	QIZ20632.1	77.143	140	32	0	1	140	1	140	4.45e-81	231
MDC3331703.1	QIZ20633.1	90.367	218	21	0	1	218	1	218	1.20e-145	400
MDC3331704.1	QIZ20634.1	52.618	382	169	6	4	382	3	375	5.30e-137	391
MDC3331705.1	QIZ20635.1	76.471	408	96	0	1	408	1	408	0.0	648
MDC3331706.1	QIZ20636.1	48.998	449	217	7	119	563	290	730	8.48e-126	382
MDC3331707.1	QIZ21074.1	63.057	157	58	0	1	157	1	157	1.89e-72	211
MDC3331708.1	QIZ21073.1	75.207	121	30	0	1	121	1	121	3.12e-66	192
MDC3331709.1	QIZ21072.1	52.174	92	41	2	1	90	1	91	3.44e-22	78.6
MDC3331710.1	QIZ21071.1	88.446	251	29	0	1	251	1	251	1.44e-167	458
MDC3331711.1	QIZ21070.1	90.041	241	22	1	1	241	1	239	5.72e-157	431
MDC3331712.1	QIZ21068.1	88.462	208	24	0	1	208	1	208	5.15e-137	378
MDC3331713.1	QIZ21067.1	92.347	196	15	0	1	196	1	196	5.14e-136	374
MDC3331714.1	QIZ21066.1	87.719	171	21	0	1	171	1	171	1.66e-111	310
MDC3331715.1	QIZ21065.1	88.184	457	52	2	1	457	1	455	0.0	800
MDC3331716.1	QIZ21064.1	61.765	136	50	2	4	137	35	170	1.68e-54	165
MDC3331717.1	QIZ21063.1	71.212	198	56	1	1	198	1	197	7.29e-105	295
MDC3331718.1	QIZ21062.1	67.376	141	45	1	1	141	1	140	3.43e-54	163
MDC3331719.1	QIZ21061.1	62.857	140	52	0	1	140	1	140	2.45e-63	186
MDC3331720.1	QIZ21060.1	76.577	222	50	2	1	220	1	222	2.82e-124	347
MDC3331721.1	QIZ21059.1	61.017	177	69	0	1	177	1	177	2.47e-69	205
MDC3331722.1	QIZ21058.1	61.832	262	100	0	2	263	3	264	8.70e-113	321
MDC3331723.1	QIZ21057.1	71.728	191	54	0	1	191	1	191	1.54e-96	274
MDC3331724.1	QIZ21056.1	78.067	269	59	0	1	269	1	269	5.36e-161	444
MDC3331725.1	QIZ21055.1	75.976	333	80	0	1	333	1	333	0.0	530
MDC3331728.1	QIZ21052.1	95.735	422	18	0	1	422	1	422	0.0	821
MDC3331729.1	QIZ21050.1	82.167	443	79	0	1	443	1	443	0.0	738
MDC3331730.1	QIZ21049.1	87.801	623	76	0	1	623	1	623	0.0	1122
MDC3331731.1	QIZ21048.1	59.906	212	85	0	3	214	2	213	2.05e-93	268
MDC3331732.1	QIZ21047.1	86.742	264	35	0	1	264	1	264	1.34e-171	470
MDC3331733.1	QIZ21046.1	72.401	279	77	0	2	280	4	282	4.91e-148	412
MDC3331734.1	QIZ21045.1	43.500	200	113	0	1	200	127	326	1.94e-49	159
MDC3331735.1	QIZ20636.1	34.752	141	92	0	20	160	19	159	1.59e-22	88.6
MDC3331736.1	QIZ20863.1	40.323	248	140	5	98	341	104	347	8.30e-54	176
MDC3331738.1	QIZ20637.1	78.716	592	110	1	1	576	1	592	0.0	910
MDC3331739.1	QIZ20638.1	89.105	257	28	0	1	257	1	257	2.19e-170	466
MDC3331741.1	QIZ20640.1	78.676	136	29	0	10	145	10	145	1.14e-78	225
MDC3331742.1	QIZ20641.1	74.825	143	31	2	1	140	1	141	3.79e-72	208
MDC3331743.1	QIZ20642.1	89.640	444	46	0	1	444	1	444	0.0	825
MDC3331744.1	QIZ20643.1	71.429	98	28	0	38	135	35	132	2.62e-50	152
MDC3331745.1	QIZ20644.1	77.119	118	27	0	1	118	1	118	2.46e-65	189
MDC3331746.1	QIZ20645.1	84.672	274	41	1	1	274	1	273	8.57e-171	469
MDC3331747.1	QIZ20646.1	84.007	594	95	0	1	594	1	594	0.0	1045
MDC3331748.1	QIZ20647.1	71.074	121	35	0	1	121	104	224	1.12e-45	143
MDC3331751.1	QIZ20757.1	84.211	323	51	0	1	323	1	323	0.0	544
MDC3331752.1	QIZ20758.1	92.833	293	21	0	5	297	1	293	0.0	559
MDC3331753.1	QIZ20759.1	90.465	430	41	0	1	430	1	430	0.0	812
MDC3331754.1	QIZ20760.1	74.444	270	69	0	1	270	1	270	8.28e-146	405
MDC3331755.1	QIZ20761.1	81.941	443	80	0	1	443	1	443	0.0	745
MDC3331756.1	QIZ20762.1	68.857	350	109	0	1	350	1	350	2.56e-160	448
MDC3331757.1	QIZ20763.1	81.043	633	115	2	3	635	1	628	0.0	1009
MDC3331760.1	QIZ20846.1	39.850	266	160	0	16	281	3	268	1.22e-59	190
MDC3331761.1	QIZ20484.1	32.184	261	150	8	1	249	3	248	3.26e-30	108
MDC3331766.1	QIZ20785.1	84.103	195	31	0	1	195	1	195	1.80e-114	320
MDC3331767.1	QIZ20784.1	88.158	76	9	0	1	76	1	76	2.78e-49	145
MDC3331768.1	QIZ20783.1	65.854	246	84	0	1	246	1	246	1.48e-115	327
MDC3331769.1	QIZ20782.1	82.796	186	32	0	1	186	1	186	8.02e-119	330
MDC3331770.1	QIZ20781.1	64.500	200	70	1	6	204	8	207	1.31e-78	229
MDC3331771.1	QIZ20780.1	77.976	336	74	0	1	336	1	336	0.0	541
MDC3331772.1	QIZ20779.1	72.634	391	107	0	1	391	1	391	0.0	575
MDC3331773.1	QIZ20778.1	88.657	335	38	0	1	335	1	335	0.0	613
MDC3331774.1	QIZ20777.1	83.667	649	106	0	1	649	1	649	0.0	1142
MDC3331775.1	QIZ20764.1	51.128	133	65	0	1	133	1	133	5.23e-42	137
MDC3331776.1	QIZ20765.1	73.112	331	78	5	3	330	2	324	2.41e-173	479
MDC3331777.1	QIZ20766.1	84.242	165	20	1	1	165	1	159	8.57e-94	265
MDC3331778.1	QIZ20767.1	87.935	431	52	0	17	447	16	446	0.0	801
MDC3331779.1	QIZ20768.1	67.808	292	71	2	1	292	1	269	3.62e-122	346
MDC3331780.1	QIZ20769.1	92.754	138	10	0	1	138	1	138	3.54e-93	261
MDC3331781.1	QIZ20770.1	83.482	224	37	0	1	224	1	224	6.11e-139	384
MDC3331782.1	QIZ20771.1	85.366	164	24	0	1	164	1	164	8.76e-107	298
MDC3331783.1	QIZ20772.1	83.333	240	40	0	1	240	1	240	6.15e-153	421
MDC3331784.1	QIZ20773.1	75.746	268	65	0	1	268	1	268	7.78e-162	446
MDC3331785.1	QIZ20774.1	65.049	103	36	0	1	103	79	181	3.18e-47	145
MDC3331786.1	QIZ21541.1	83.475	236	39	0	35	270	60	295	1.25e-143	418
MDC3331787.1	QIZ21091.1	81.967	183	33	0	3	185	179	361	1.77e-105	303
MDC3331788.1	QIZ21092.1	86.458	96	13	0	1	96	1	96	4.80e-58	169
MDC3331789.1	QIZ21093.1	90.391	281	27	0	1	281	1	281	0.0	521
MDC3331793.1	QIZ21094.1	77.011	348	78	1	1	346	1	348	0.0	569
MDC3331794.1	QIZ21095.1	82.891	339	58	0	14	352	24	362	0.0	588
MDC3331795.1	QIZ21096.1	88.362	232	27	0	1	232	5	236	1.44e-156	429
MDC3331796.1	QIZ21314.1	94.413	358	20	0	1	358	1	358	0.0	704
MDC3331797.1	QIZ21313.1	91.585	713	60	0	1	713	1	713	0.0	1367
MDC3331798.1	QIZ21312.1	79.200	250	52	0	1	250	1	250	3.76e-146	404
MDC3331799.1	QIZ20594.1	75.889	253	61	0	1	253	1	253	1.05e-140	391
MDC3331800.1	QIZ20416.1	31.602	231	149	4	6	235	5	227	1.59e-30	110
MDC3331805.1	QIZ20495.1	44.129	528	292	3	3	527	4	531	1.67e-148	432
MDC3331806.1	QIZ20216.1	59.621	317	127	1	1	316	1	317	3.50e-130	369
MDC3331808.1	QIZ20511.1	30.172	580	372	11	7	562	3	573	2.32e-75	246
MDC3331809.1	QIZ21437.1	75.835	389	93	1	1	389	1	388	0.0	645
MDC3331811.1	QIZ20648.1	47.200	125	66	0	1	125	22	146	2.68e-33	115
MDC3331812.1	QIZ20649.1	77.485	342	76	1	1	342	1	341	0.0	509
MDC3331813.1	QIZ20650.1	68.617	188	58	1	4	190	4	191	1.04e-83	241
MDC3331814.1	QIZ20651.1	93.382	136	9	0	1	136	1	136	3.32e-82	233
MDC3331815.1	QIZ20652.1	93.787	338	21	0	1	338	148	485	0.0	656
MDC3331816.1	QIZ20850.1	53.378	296	138	0	5	300	3	298	1.64e-112	330
MDC3331817.1	QIZ20851.1	52.062	194	92	1	3	196	135	327	4.04e-71	214
MDC3331818.1	QIZ20851.1	42.982	114	65	0	5	118	3	116	4.89e-25	92.8
MDC3331819.1	QIZ20852.1	59.940	332	131	1	2	333	3	332	1.67e-137	389
MDC3331820.1	QIZ20853.1	51.412	177	86	0	4	180	62	238	5.13e-54	167
MDC3331821.1	QIZ21102.1	98.125	160	3	0	1	160	1	160	7.67e-109	304
MDC3331823.1	QIZ21069.1	80.645	62	12	0	1	62	1	62	3.64e-33	103
MDC3331824.1	QIZ21101.1	93.305	239	16	0	1	239	1	239	1.60e-169	462
MDC3331825.1	QIZ21100.1	88.406	138	16	0	1	138	1	138	1.59e-85	242
MDC3331826.1	QIZ21099.1	97.500	40	1	0	1	40	1	40	2.97e-23	77.4
MDC3331827.1	QIZ21097.1	92.228	386	30	0	1	386	110	495	0.0	748
MDC3331828.1	QIZ21506.1	35.608	337	174	12	6	310	68	393	5.13e-55	180
MDC3331829.1	QIZ20716.1	36.667	120	70	3	14	133	5	118	1.04e-22	82.8
MDC3331831.1	QIZ21460.1	31.195	452	277	11	31	470	10	439	5.30e-56	188
MDC3331833.1	QIZ20592.1	33.992	253	151	6	6	256	5	243	3.74e-41	137
MDC3331834.1	QIZ20556.1	46.588	337	176	2	2	334	3	339	3.97e-109	318
MDC3331835.1	QIZ20555.1	43.777	233	127	3	1	233	268	496	1.03e-56	184
MDC3331837.1	QIZ20788.1	92.026	464	37	0	2	465	1	464	0.0	868
MDC3331838.1	QIZ20789.1	91.579	95	8	0	1	95	1	95	3.08e-58	170
MDC3331839.1	QIZ20790.1	88.142	253	30	0	1	253	110	362	1.59e-161	447
MDC3331840.1	QIZ21309.1	90.385	520	50	0	1	520	92	611	0.0	987
MDC3331841.1	QIZ21308.1	89.637	193	20	0	1	193	1	193	3.58e-128	354
MDC3331842.1	QIZ21307.1	89.175	194	21	0	1	194	97	290	1.32e-132	369
MDC3331843.1	QIZ21151.1	83.396	530	88	0	1	530	1	530	0.0	944
MDC3331844.1	QIZ21150.1	94.293	368	21	0	1	368	1	368	0.0	692
MDC3331845.1	QIZ20601.1	95.228	482	23	0	1	482	1	482	0.0	847
MDC3331846.1	QIZ20600.1	73.896	249	64	1	1	249	1	248	2.63e-135	377
MDC3331847.1	QIZ20599.1	70.229	131	39	0	1	131	1	131	1.26e-66	199
MDC3331848.1	QIZ20513.1	27.919	394	257	8	39	426	7	379	7.12e-37	134
MDC3331851.1	QIZ20487.1	35.505	307	191	4	20	321	21	325	3.35e-49	166
MDC3331854.1	QIZ20197.1	67.220	241	79	0	1	241	49	289	2.83e-125	353
MDC3331855.1	QIZ20196.1	83.590	195	32	0	7	201	5	199	2.23e-126	350
MDC3331856.1	QIZ20675.1	61.765	68	26	0	1	68	1	68	7.56e-24	80.9
MDC3331857.1	QIZ20309.1	62.115	227	83	1	2	228	181	404	3.39e-104	303
