MDA9041980.1	QIZ21440.1	98.033	305	6	0	1	305	58	362	0.0	620
MDA9041981.1	QIZ21441.1	98.123	373	7	0	1	373	1	373	0.0	749
MDA9041982.1	QIZ21442.1	93.735	415	26	0	1	415	1	415	0.0	798
MDA9041983.1	QIZ21443.1	99.648	284	1	0	1	284	1	284	0.0	565
MDA9041984.1	QIZ21444.1	95.811	740	31	0	1	740	1	740	0.0	1449
MDA9041986.1	QIZ21445.1	95.327	214	10	0	1	214	1	214	5.01e-151	414
MDA9041987.1	QIZ21446.1	91.228	228	20	0	18	245	18	245	3.43e-153	422
MDA9041988.1	QIZ21447.1	99.373	319	2	0	1	319	1	319	0.0	657
MDA9041989.1	QIZ21448.1	97.908	478	10	0	1	478	1	478	0.0	966
MDA9041990.1	QIZ21449.1	88.131	396	47	0	1	396	1	396	0.0	737
MDA9041991.1	QIZ21450.1	99.115	113	1	0	1	113	1	113	2.49e-79	224
MDA9041992.1	QIZ21451.1	98.980	196	2	0	1	196	1	196	1.80e-140	385
MDA9041993.1	QIZ21452.1	97.750	889	20	0	1	889	1	889	0.0	1791
MDA9041994.1	QIZ21453.1	94.393	214	12	0	1	214	1	214	2.22e-120	336
MDA9041995.1	QIZ21454.1	95.455	418	19	0	15	432	16	433	0.0	755
MDA9041996.1	QIZ21455.1	96.479	142	5	0	1	142	1	142	7.60e-102	283
MDA9041997.1	QIZ21456.1	98.011	352	7	0	1	352	1	352	0.0	676
MDA9041998.1	QIZ21457.1	91.367	139	12	0	1	139	1	139	2.77e-94	264
MDA9041999.1	QIZ21458.1	94.503	473	26	0	1	473	1	473	0.0	917
MDA9042000.1	QIZ21459.1	97.105	380	11	0	1	380	1	380	0.0	754
MDA9042001.1	QIZ21460.1	99.320	441	3	0	1	441	1	441	0.0	915
MDA9042002.1	QIZ21461.1	99.774	442	1	0	1	442	1	442	0.0	902
MDA9042003.1	QIZ21462.1	97.797	227	5	0	1	227	1	227	1.85e-164	449
MDA9042004.1	QIZ21463.1	98.299	294	5	0	1	294	1	294	0.0	593
MDA9042005.1	QIZ21464.1	94.595	74	4	0	1	74	1	74	1.76e-49	145
MDA9042006.1	QIZ21465.1	95.708	466	20	0	1	466	1	466	0.0	904
MDA9042007.1	QIZ21466.1	97.744	133	3	0	1	133	1	133	1.19e-96	270
MDA9042008.1	QIZ21467.1	99.578	474	2	0	1	474	1	474	0.0	978
MDA9042009.1	QIZ21468.1	99.648	284	1	0	1	284	1	284	0.0	577
MDA9042010.1	QIZ21469.1	98.408	314	5	0	1	314	1	314	0.0	641
MDA9042011.1	QIZ21470.1	98.978	489	5	0	1	489	1	489	0.0	1023
MDA9042012.1	QIZ21471.1	100.000	442	0	0	1	442	1	442	0.0	917
MDA9042013.1	QIZ21472.1	95.652	115	5	0	1	115	1	115	6.18e-81	228
MDA9042014.1	QIZ21473.1	94.323	775	44	0	1	775	1	775	0.0	1538
MDA9042015.1	QIZ21474.1	98.408	314	5	0	1	314	1	314	0.0	639
MDA9042016.1	QIZ21475.1	95.238	147	7	0	1	147	1	147	4.02e-98	274
MDA9042017.1	QIZ21476.1	94.355	124	7	0	1	124	1	124	1.10e-84	238
MDA9042018.1	QIZ21477.1	96.175	183	7	0	1	183	1	183	3.34e-129	356
MDA9042019.1	QIZ21478.1	96.793	343	11	0	1	343	1	343	0.0	678
MDA9042020.1	QIZ21479.1	99.721	717	2	0	1	717	1	717	0.0	1440
MDA9042021.1	QIZ21480.1	97.528	445	11	0	1	445	1	445	0.0	910
MDA9042022.1	QIZ21481.1	95.614	342	15	0	1	342	1	342	0.0	658
MDA9042023.1	QIZ21482.1	96.825	63	2	0	1	63	1	63	2.57e-40	122
MDA9042025.1	QIZ20203.1	29.954	434	297	6	11	441	6	435	5.70e-64	208
MDA9042027.1	QIZ20661.1	37.247	247	143	6	5	247	6	244	9.70e-39	131
MDA9042028.1	QIZ20491.1	28.960	404	282	4	37	435	74	477	2.29e-56	190
MDA9042029.1	QIZ21483.1	89.119	386	42	0	3	388	2	387	0.0	716
MDA9042030.1	QIZ21484.1	94.677	263	14	0	1	263	1	263	0.0	513
MDA9042031.1	QIZ21485.1	99.465	561	3	0	1	561	1	561	0.0	1143
MDA9042032.1	QIZ21486.1	99.522	418	2	0	1	418	1	418	0.0	867
MDA9042033.1	QIZ21487.1	98.864	88	1	0	1	88	1	88	6.55e-65	186
MDA9042034.1	QIZ21488.1	97.595	998	24	0	1	998	1	998	0.0	2019
MDA9042035.1	QIZ21489.1	86.667	195	26	0	1	195	1	195	1.40e-125	348
MDA9042037.1	QIZ21353.1	97.189	676	19	0	14	689	14	689	0.0	1304
MDA9042038.1	QIZ21352.1	80.595	974	164	8	1	965	1	958	0.0	1367
MDA9042038.1	QIZ21352.1	76.000	800	160	10	517	1301	951	1733	0.0	1029
MDA9042038.1	QIZ21352.1	75.381	459	93	6	517	965	659	1107	5.99e-140	463
MDA9042039.1	QIZ21351.1	98.673	226	3	0	1	226	18	243	1.98e-165	452
MDA9042040.1	QIZ21350.1	98.202	445	8	0	1	445	1	445	0.0	875
MDA9042041.1	QIZ21349.1	99.429	701	4	0	1	701	1	701	0.0	1403
MDA9042042.1	QIZ21518.1	33.746	323	205	4	1	322	1	315	1.95e-52	171
MDA9042043.1	QIZ21490.1	96.809	282	9	0	1	282	1	282	0.0	535
MDA9042044.1	QIZ21491.1	89.320	103	11	0	1	103	1	103	6.17e-49	147
MDA9042045.1	QIZ21492.1	94.521	146	8	0	1	146	1	146	3.08e-101	282
MDA9042046.1	QIZ21493.1	93.952	248	15	0	1	248	1	248	2.06e-166	455
MDA9042047.1	QIZ21494.1	66.957	115	38	0	1	115	1	115	2.10e-60	176
MDA9042048.1	QIZ21495.1	78.175	252	55	0	1	252	1	252	3.34e-152	420
MDA9042049.1	QIZ21496.1	100.000	68	0	0	1	68	1	68	2.29e-47	140
MDA9042050.1	QIZ21497.1	94.194	155	9	0	1	155	1	155	3.61e-107	298
MDA9042051.1	QIZ21498.1	94.253	348	20	0	1	348	1	348	0.0	647
MDA9042052.1	QIZ21499.1	95.092	163	8	0	1	163	1	163	1.26e-112	312
MDA9042053.1	QIZ21500.1	97.214	323	9	0	1	323	1	323	0.0	654
MDA9042054.1	QIZ21501.1	97.818	550	12	0	1	550	1	550	0.0	1109
MDA9042055.1	QIZ21502.1	98.030	203	4	0	1	203	1	203	8.76e-145	397
MDA9042057.1	QIZ21503.1	97.790	181	4	0	1	181	1	181	6.16e-125	345
MDA9042059.1	QIZ21504.1	98.673	452	6	0	1	452	1	452	0.0	934
MDA9042060.1	QIZ21505.1	97.934	242	5	0	1	242	1	242	1.57e-177	483
MDA9042061.1	QIZ21506.1	75.315	397	98	0	1	397	1	397	0.0	648
MDA9042062.1	QIZ21507.1	73.134	134	36	0	1	134	1	134	9.51e-72	207
MDA9042063.1	QIZ21508.1	97.581	124	3	0	1	124	1	124	1.80e-91	256
MDA9042064.1	QIZ21509.1	98.467	261	4	0	1	261	1	261	0.0	522
MDA9042065.1	QIZ21510.1	78.261	138	30	0	1	138	1	138	1.57e-79	227
MDA9042067.1	QIZ21511.1	86.243	189	26	0	1	189	1	189	3.06e-124	344
MDA9042068.1	QIZ21512.1	86.585	164	22	0	4	167	3	166	5.96e-100	281
MDA9042069.1	QIZ21513.1	99.012	810	8	0	1	810	1	810	0.0	1660
MDA9042070.1	QIZ21514.1	98.394	249	4	0	1	249	1	249	2.09e-177	483
MDA9042071.1	QIZ21515.1	97.476	317	8	0	1	317	1	317	0.0	634
MDA9042072.1	QIZ21516.1	96.660	539	18	0	1	539	1	539	0.0	1088
MDA9042073.1	QIZ21517.1	81.944	72	13	0	1	72	1	72	3.25e-37	115
MDA9042074.1	QIZ21518.1	76.730	318	74	0	1	318	1	318	1.03e-179	495
MDA9042075.1	QIZ21519.1	100.000	124	0	0	1	124	1	124	1.19e-92	259
MDA9042076.1	QIZ21520.1	98.710	155	2	0	1	155	1	155	1.20e-115	319
MDA9042077.1	QIZ21521.1	100.000	202	0	0	1	202	1	202	2.44e-154	421
MDA9042078.1	QIZ21522.1	97.898	333	7	0	1	333	1	333	0.0	664
MDA9042079.1	QIZ21523.1	98.305	295	5	0	1	295	1	295	0.0	599
MDA9042080.1	QIZ21524.1	98.952	477	5	0	1	477	1	477	0.0	966
MDA9042082.1	QIZ21525.1	99.765	425	1	0	1	425	1	425	0.0	885
MDA9042083.1	QIZ21527.1	96.460	339	12	0	1	339	1	339	0.0	681
MDA9042084.1	QIZ21528.1	100.000	61	0	0	1	61	1	61	1.20e-41	125
MDA9042085.1	QIZ21529.1	91.617	167	14	0	2	168	1	167	1.36e-117	325
MDA9042086.1	QIZ21530.1	96.455	536	19	0	1	536	1	536	0.0	1016
MDA9042087.1	QIZ21531.1	94.886	352	18	0	1	352	1	352	0.0	651
MDA9042088.1	QIZ21532.1	91.667	108	9	0	1	108	1	108	4.91e-65	192
MDA9042090.1	QIZ21077.1	93.182	176	12	0	1	176	202	377	5.77e-113	322
MDA9042091.1	QIZ21078.1	90.141	213	21	0	1	213	1	213	4.25e-141	389
MDA9042093.1	QIZ20500.1	97.403	77	2	0	1	77	307	383	6.89e-52	161
MDA9042098.1	QIZ21079.1	91.683	505	42	0	7	511	14	518	0.0	918
MDA9042100.1	QIZ21080.1	96.347	219	8	0	1	219	1	219	9.12e-153	418
MDA9042101.1	QIZ21081.1	94.068	118	7	0	1	118	1	118	5.43e-81	229
MDA9042102.1	QIZ21082.1	97.342	602	16	0	1	602	1	602	0.0	1180
MDA9042103.1	QIZ21083.1	98.837	86	1	0	1	86	1	86	1.07e-61	177
MDA9042104.1	QIZ21084.1	94.686	207	11	0	1	207	1	207	8.01e-145	397
MDA9042105.1	QIZ21085.1	95.794	642	27	0	40	681	39	680	0.0	1281
MDA9042106.1	QIZ21086.1	94.161	137	8	0	1	137	1	137	5.25e-95	266
MDA9042107.1	QIZ21087.1	95.018	281	14	0	1	281	1	281	0.0	537
MDA9042108.1	QIZ21088.1	94.118	357	21	0	1	357	1	357	0.0	689
MDA9042109.1	QIZ21089.1	94.788	307	16	0	1	307	1	307	0.0	582
MDA9042110.1	QIZ21090.1	96.121	232	9	0	1	232	1	232	8.57e-168	457
MDA9042111.1	QIZ21091.1	98.061	361	7	0	1	361	1	361	0.0	695
MDA9042112.1	QIZ21092.1	98.958	96	1	0	1	96	1	96	4.88e-64	184
MDA9042113.1	QIZ21093.1	96.441	281	10	0	1	281	1	281	0.0	544
MDA9042114.1	QIZ21094.1	93.429	350	23	0	1	350	1	350	0.0	681
MDA9042115.1	QIZ21095.1	95.868	363	15	0	1	363	1	363	0.0	680
MDA9042116.1	QIZ21096.1	98.305	236	4	0	1	236	1	236	3.25e-172	469
MDA9042117.1	QIZ21097.1	97.581	496	12	0	1	496	1	496	0.0	992
MDA9042118.1	QIZ21098.1	97.248	109	3	0	1	109	1	109	3.90e-79	223
MDA9042119.1	QIZ21099.1	100.000	40	0	0	1	40	1	40	6.16e-24	79.3
MDA9042120.1	QIZ21100.1	81.022	137	26	0	4	140	1	137	3.71e-79	226
MDA9042122.1	QIZ21101.1	92.469	239	18	0	1	239	1	239	7.96e-169	461
MDA9042124.1	QIZ21102.1	98.507	201	3	0	1	201	1	201	2.12e-138	380
MDA9042125.1	QIZ21103.1	93.684	380	24	0	1	380	1	380	0.0	732
MDA9042126.1	QIZ21104.1	100.000	126	0	0	1	126	1	126	7.68e-88	247
MDA9042127.1	QIZ21105.1	100.000	152	0	0	1	152	1	152	2.15e-110	306
MDA9042128.1	QIZ21106.1	93.659	205	13	0	1	205	1	205	1.64e-142	391
MDA9042129.1	QIZ21107.1	98.228	395	7	0	1	395	1	395	0.0	793
MDA9042130.1	QIZ21108.1	98.795	166	2	0	1	166	3	168	1.51e-123	340
MDA9042131.1	QIZ21109.1	99.130	345	3	0	1	345	1	345	0.0	712
MDA9042132.1	QIZ21110.1	100.000	253	0	0	1	253	1	253	0.0	495
MDA9042133.1	QIZ21111.1	98.246	114	2	0	1	114	1	114	3.26e-79	224
MDA9042134.1	QIZ21112.1	97.268	183	5	0	1	183	1	183	9.55e-131	360
MDA9042135.1	QIZ21113.1	100.000	106	0	0	1	106	1	106	1.12e-77	219
MDA9042136.1	QIZ21114.1	97.458	236	6	0	1	236	1	236	1.64e-168	459
MDA9042137.1	QIZ21115.1	94.667	75	4	0	1	75	1	75	6.31e-49	144
MDA9042138.1	QIZ21116.1	96.377	138	5	0	1	138	1	138	4.63e-95	266
MDA9042139.1	QIZ21117.1	97.760	625	14	0	1	625	1	625	0.0	1205
MDA9042140.1	QIZ21118.1	86.127	173	24	0	1	173	1	173	8.89e-111	308
MDA9042141.1	QIZ21119.1	92.857	126	9	0	1	126	1	126	2.76e-72	207
MDA9042142.1	QIZ21120.1	95.858	169	7	0	1	169	1	169	1.49e-105	295
MDA9042143.1	QIZ21121.1	99.739	383	1	0	1	383	1	383	0.0	796
MDA9042144.1	QIZ21122.1	98.433	383	6	0	1	383	1	383	0.0	791
MDA9042145.1	QIZ21123.1	98.969	388	4	0	1	388	1	388	0.0	799
MDA9042146.1	QIZ21124.1	99.344	457	3	0	1	457	1	457	0.0	936
MDA9042147.1	QIZ21125.1	98.423	317	5	0	1	317	1	317	0.0	632
MDA9042148.1	QIZ21126.1	98.507	402	6	0	1	402	1	402	0.0	771
MDA9042149.1	QIZ21127.1	96.111	360	14	0	1	360	1	360	0.0	710
MDA9042150.1	QIZ21128.1	99.433	353	2	0	1	353	1	353	0.0	708
MDA9042151.1	QIZ21129.1	100.000	511	0	0	1	511	1	511	0.0	1053
MDA9042152.1	QIZ21130.1	96.853	286	9	0	1	286	1	286	0.0	549
MDA9042153.1	QIZ21131.1	98.582	282	4	0	1	282	1	282	0.0	550
MDA9042154.1	QIZ21132.1	95.543	359	16	0	1	359	1	359	0.0	690
MDA9042155.1	QIZ21133.1	89.356	357	38	0	1	357	1	357	0.0	665
MDA9042158.1	QIZ21134.1	92.228	386	29	1	1	386	1	385	0.0	723
MDA9042159.1	QIZ21135.1	93.846	195	12	0	1	195	1	195	2.32e-141	387
MDA9042160.1	QIZ21136.1	97.572	453	11	0	1	453	1	453	0.0	874
MDA9042161.1	QIZ21137.1	84.719	445	68	0	1	445	1	445	0.0	758
MDA9042162.1	QIZ21138.1	88.136	59	7	0	1	59	1	59	2.01e-33	104
MDA9042163.1	QIZ21139.1	65.870	293	100	0	1	293	1	293	3.91e-133	375
MDA9042164.1	QIZ21141.1	88.770	187	21	0	1	187	1	187	6.55e-123	340
MDA9042165.1	QIZ21142.1	95.738	305	13	0	1	305	1	305	0.0	584
MDA9042166.1	QIZ21143.1	94.526	274	15	0	1	274	1	274	0.0	498
MDA9042167.1	QIZ21144.1	97.345	452	12	0	1	452	1	452	0.0	887
MDA9042168.1	QIZ21145.1	98.131	107	2	0	1	107	1	107	2.32e-74	217
MDA9042169.1	QIZ21146.1	96.930	228	7	0	1	228	1	228	7.51e-167	455
MDA9042170.1	QIZ21148.1	98.501	467	7	0	1	467	1	467	0.0	956
MDA9042171.1	QIZ21149.1	99.507	203	1	0	1	203	9	211	5.56e-149	408
MDA9042172.1	QIZ21150.1	99.185	368	3	0	1	368	1	368	0.0	745
MDA9042173.1	QIZ21151.1	98.637	587	8	0	1	587	1	587	0.0	1197
MDA9042174.1	QIZ21152.1	96.494	542	19	0	1	542	1	542	0.0	1094
MDA9042175.1	QIZ21153.1	93.023	258	18	0	1	258	1	258	0.0	496
MDA9042176.1	QIZ21154.1	92.141	369	29	0	1	369	1	369	0.0	699
MDA9042177.1	QIZ21155.1	80.838	334	63	1	1	334	1	333	0.0	561
MDA9042178.1	QIZ21156.1	81.102	127	24	0	1	127	1	127	3.24e-73	210
MDA9042179.1	QIZ21157.1	78.704	108	23	0	1	108	1	108	3.31e-52	155
MDA9042180.1	QIZ21158.1	98.136	590	11	0	1	590	1	590	0.0	1217
MDA9042181.1	QIZ21159.1	95.238	231	11	0	1	231	27	257	1.87e-167	457
MDA9042182.1	QIZ21160.1	98.793	497	6	0	1	497	1	497	0.0	1007
MDA9042183.1	QIZ21161.1	98.438	320	5	0	1	320	1	320	0.0	631
MDA9042184.1	QIZ21162.1	97.927	386	8	0	1	386	1	386	0.0	755
MDA9042185.1	QIZ21163.1	98.969	291	3	0	1	291	1	291	0.0	577
MDA9042186.1	QIZ21164.1	96.281	968	36	0	1	968	1	968	0.0	1948
MDA9042187.1	QIZ21165.1	91.762	437	24	1	1	437	1	425	0.0	803
MDA9042188.1	QIZ21166.1	95.064	466	23	0	1	466	1	466	0.0	909
MDA9042190.1	QIZ20550.1	96.167	287	11	0	1	287	50	336	0.0	542
MDA9042191.1	QIZ20551.1	93.947	380	23	0	1	380	1	380	0.0	732
MDA9042192.1	QIZ20552.1	96.370	303	11	0	1	303	1	303	0.0	588
MDA9042193.1	QIZ20553.1	90.421	428	41	0	1	428	1	428	0.0	791
MDA9042194.1	QIZ20554.1	71.642	201	57	0	1	201	1	201	1.76e-98	280
MDA9042195.1	QIZ20555.1	95.808	501	21	0	1	501	1	501	0.0	975
MDA9042196.1	QIZ20556.1	96.286	350	13	0	1	350	1	350	0.0	682
MDA9042197.1	QIZ20557.1	99.375	320	2	0	1	320	1	320	0.0	653
MDA9042198.1	QIZ20562.1	93.902	492	30	0	1	492	1	492	0.0	960
MDA9042199.1	QIZ20563.1	93.443	305	20	0	16	320	1	305	0.0	574
MDA9042200.1	QIZ20564.1	38.431	255	141	7	1	241	1	253	1.52e-44	145
MDA9042201.1	QIZ20565.1	97.938	291	6	0	1	291	1	291	0.0	580
MDA9042202.1	QIZ20566.1	85.350	157	23	0	1	157	1	157	7.87e-98	275
MDA9042203.1	QIZ20567.1	94.853	136	7	0	1	136	1	136	8.52e-100	278
MDA9042204.1	QIZ20568.1	91.667	192	16	0	1	192	1	192	2.07e-130	360
MDA9042205.1	QIZ20569.1	96.997	333	10	0	1	333	1	333	0.0	651
MDA9042206.1	QIZ20570.1	98.551	138	2	0	1	138	1	138	1.45e-100	280
MDA9042207.1	QIZ20571.1	84.375	96	14	1	9	103	1	96	3.83e-57	167
MDA9042208.1	QIZ20573.1	97.917	96	2	0	1	96	1	96	3.81e-69	197
MDA9042211.1	QIZ20577.1	84.906	106	16	0	1	106	1	106	1.58e-65	189
MDA9042212.1	QIZ20578.1	100.000	68	0	0	1	68	1	68	1.27e-46	138
MDA9042213.1	QIZ20579.1	99.091	110	1	0	1	110	1	110	1.69e-72	207
MDA9042214.1	QIZ20580.1	100.000	73	0	0	1	73	1	73	2.02e-49	145
MDA9042215.1	QIZ20581.1	100.000	75	0	0	1	75	1	75	1.02e-51	151
MDA9042216.1	QIZ20582.1	99.099	111	1	0	1	111	1	111	8.19e-75	213
MDA9042217.1	QIZ20583.1	92.174	115	9	0	1	115	1	115	1.12e-77	220
MDA9042218.1	QIZ20584.1	93.548	186	12	0	1	186	1	186	1.43e-129	357
MDA9042219.1	QIZ20585.1	93.284	268	18	0	1	268	1	268	0.0	508
MDA9042220.1	QIZ20586.1	100.000	193	0	0	1	193	1	193	1.34e-142	390
MDA9042221.1	QIZ20587.1	99.149	235	2	0	1	235	1	235	1.78e-162	444
MDA9042223.1	QIZ20588.1	91.815	281	23	0	1	281	1	281	0.0	539
MDA9042224.1	QIZ20589.1	93.080	289	20	0	1	289	1	289	0.0	549
MDA9042225.1	QIZ20590.1	91.126	293	26	0	1	293	1	293	1.85e-173	477
MDA9042226.1	QIZ20591.1	94.643	280	15	0	1	280	1	280	0.0	546
MDA9042227.1	QIZ20592.1	97.166	247	7	0	1	247	1	247	0.0	495
MDA9042228.1	QIZ20593.1	98.646	591	8	0	1	591	1	591	0.0	1209
MDA9042229.1	QIZ20594.1	92.490	253	19	0	1	253	1	253	1.92e-172	471
MDA9042230.1	QIZ20595.1	93.169	366	25	0	1	366	1	366	0.0	701
MDA9042231.1	QIZ20596.1	97.667	300	7	0	1	300	1	300	0.0	592
MDA9042232.1	QIZ20597.1	99.655	290	1	0	1	290	1	290	0.0	578
MDA9042233.1	QIZ20598.1	99.045	419	4	0	1	419	1	419	0.0	847
MDA9042234.1	QIZ20599.1	98.333	300	5	0	1	300	1	300	0.0	605
MDA9042235.1	QIZ20600.1	97.177	248	7	0	1	248	1	248	0.0	496
MDA9042236.1	QIZ20601.1	98.785	494	6	0	1	494	1	494	0.0	954
MDA9042237.1	QIZ20602.1	97.041	169	5	0	1	169	1	169	4.99e-112	311
MDA9042238.1	QIZ20603.1	99.690	323	1	0	1	323	1	323	0.0	655
MDA9042239.1	QIZ20604.1	95.468	331	15	0	1	331	1	331	0.0	585
MDA9042240.1	QIZ20605.1	98.210	391	7	0	1	391	1	391	0.0	800
MDA9042241.1	QIZ20606.1	99.792	480	1	0	1	480	1	480	0.0	988
MDA9042242.1	QIZ20607.1	100.000	108	0	0	1	108	1	108	5.18e-77	218
MDA9042243.1	QIZ20608.1	98.556	277	4	0	1	277	1	277	0.0	563
MDA9042244.1	QIZ20609.1	98.788	330	4	0	1	330	1	330	0.0	666
MDA9042245.1	QIZ20610.1	100.000	181	0	0	1	181	1	181	6.01e-133	365
MDA9042246.1	QIZ20611.1	100.000	89	0	0	1	89	1	89	5.53e-59	171
MDA9042247.1	QIZ20612.1	100.000	150	0	0	1	150	1	150	1.57e-106	296
MDA9042248.1	QIZ20613.1	98.671	301	4	0	1	301	1	301	0.0	607
MDA9042249.1	QIZ20614.1	99.471	189	1	0	1	189	1	189	3.45e-134	369
MDA9042250.1	QIZ20615.1	100.000	115	0	0	1	115	1	115	1.33e-84	238
MDA9042251.1	QIZ20616.1	98.451	581	9	0	1	581	1	581	0.0	1182
MDA9042252.1	QIZ20617.1	92.593	81	6	0	7	87	1	81	2.58e-55	161
MDA9042253.1	QIZ20618.1	98.795	166	2	0	1	166	1	166	1.80e-120	332
MDA9042254.1	QIZ20619.1	98.387	248	4	0	1	248	1	248	2.27e-170	465
MDA9042255.1	QIZ20620.1	95.918	196	8	0	1	196	1	196	4.96e-129	357
MDA9042256.1	QIZ20621.1	95.364	302	14	0	1	302	1	302	0.0	567
MDA9042257.1	QIZ20622.1	99.661	295	1	0	1	295	1	295	0.0	573
MDA9042258.1	QIZ20623.1	92.453	159	12	0	1	159	1	159	3.67e-98	275
MDA9042259.1	QIZ20624.1	100.000	468	0	0	1	468	1	468	0.0	973
MDA9042261.1	QIZ20625.1	100.000	110	0	0	1	110	1	110	5.67e-78	221
MDA9042262.1	QIZ20626.1	100.000	98	0	0	1	98	1	98	1.32e-68	196
MDA9042263.1	QIZ20627.1	99.359	156	1	0	1	156	1	156	2.03e-114	316
MDA9042264.1	QIZ20628.1	98.030	406	8	0	1	406	1	406	0.0	823
MDA9042265.1	QIZ20629.1	82.169	415	74	0	7	421	1	415	0.0	665
MDA9042266.1	QIZ20630.1	93.827	243	15	0	1	243	1	243	2.53e-164	450
MDA9042267.1	QIZ20631.1	98.958	480	5	0	1	480	1	480	0.0	992
MDA9042268.1	QIZ20632.1	97.163	141	4	0	1	141	1	141	2.88e-100	279
MDA9042269.1	QIZ20633.1	100.000	218	0	0	1	218	1	218	1.53e-167	456
MDA9042270.1	QIZ20634.1	89.600	375	39	0	1	375	1	375	0.0	681
MDA9042271.1	QIZ20635.1	94.377	409	23	0	1	409	1	409	0.0	768
MDA9042272.1	QIZ20636.1	82.725	712	123	0	19	730	19	730	0.0	1123
MDA9042273.1	QIZ20863.1	41.564	243	134	5	104	342	104	342	1.27e-52	173
MDA9042275.1	QIZ20637.1	95.819	598	25	0	1	598	1	598	0.0	1101
MDA9042276.1	QIZ20638.1	98.054	257	5	0	1	257	1	257	0.0	509
MDA9042278.1	QIZ20640.1	94.891	137	7	0	10	146	10	146	1.74e-94	265
MDA9042279.1	QIZ20641.1	95.035	141	7	0	1	141	1	141	1.37e-94	265
MDA9042280.1	QIZ20642.1	96.404	445	16	0	1	445	1	445	0.0	897
MDA9042281.1	QIZ20643.1	90.909	132	12	0	1	132	1	132	2.48e-78	223
MDA9042282.1	QIZ20644.1	95.798	119	5	0	1	119	1	119	2.99e-82	232
MDA9042283.1	QIZ20645.1	98.535	273	4	0	1	273	1	273	0.0	546
MDA9042284.1	QIZ20646.1	95.455	594	27	0	1	594	1	594	0.0	1170
MDA9042285.1	QIZ20647.1	95.455	220	10	0	1	220	5	224	2.47e-139	385
MDA9042286.1	QIZ20648.1	83.844	359	58	0	1	359	1	359	0.0	584
MDA9042287.1	QIZ20649.1	94.152	342	20	0	1	342	1	342	0.0	612
MDA9042288.1	QIZ20650.1	87.500	192	24	0	1	192	1	192	3.10e-117	326
MDA9042289.1	QIZ20651.1	97.794	136	3	0	1	136	1	136	2.27e-97	271
MDA9042290.1	QIZ20652.1	94.845	485	25	0	1	485	1	485	0.0	932
MDA9042291.1	QIZ20653.1	91.935	186	15	0	1	186	1	186	7.67e-120	340
MDA9042292.1	QIZ20467.1	95.286	297	14	0	1	297	36	332	0.0	569
MDA9042293.1	QIZ20466.1	94.410	161	9	0	1	161	1	161	2.77e-116	322
MDA9042294.1	QIZ20465.1	90.952	210	19	0	1	210	1	210	2.57e-140	386
MDA9042295.1	QIZ20464.1	94.175	103	6	0	1	103	1	103	5.69e-54	159
MDA9042296.1	QIZ20463.1	86.635	636	85	0	1	636	1	636	0.0	1144
MDA9042297.1	QIZ20462.1	91.147	497	44	0	1	497	1	497	0.0	915
MDA9042298.1	QIZ20461.1	85.987	471	66	0	1	471	1	471	0.0	775
MDA9042299.1	QIZ20460.1	82.888	187	32	0	1	187	1	187	6.66e-110	307
MDA9042300.1	QIZ20459.1	92.742	248	18	0	1	248	1	248	2.75e-151	417
MDA9042301.1	QIZ20458.1	99.456	551	3	0	1	551	1	551	0.0	1135
MDA9042302.1	QIZ20457.1	100.000	81	0	0	1	81	1	81	6.95e-55	160
MDA9042303.1	QIZ20456.1	97.973	444	9	0	1	444	1	444	0.0	889
MDA9042304.1	QIZ20455.1	97.073	410	12	0	1	410	1	410	0.0	770
MDA9042305.1	QIZ20454.1	92.544	228	17	0	1	228	1	228	4.13e-154	422
MDA9042306.1	QIZ20453.1	97.452	1138	29	0	1	1138	1	1138	0.0	2260
MDA9042308.1	QIZ20452.1	97.527	283	7	0	1	283	1	283	0.0	545
MDA9042309.1	QIZ20451.1	97.814	183	4	0	1	183	1	183	3.15e-131	361
MDA9042310.1	QIZ20450.1	86.667	225	30	0	1	225	1	225	4.46e-126	352
MDA9042311.1	QIZ20449.1	86.818	220	29	0	1	220	1	220	1.15e-120	337
MDA9042312.1	QIZ20448.1	90.464	388	37	0	1	388	1	388	0.0	693
MDA9042314.1	QIZ20447.1	81.503	173	32	0	1	173	1	173	1.79e-82	237
MDA9042315.1	QIZ20446.1	97.260	146	4	0	5	150	1	146	2.23e-107	298
MDA9042316.1	QIZ20445.1	90.184	326	32	0	1	326	1	326	0.0	584
MDA9042317.1	QIZ20444.1	91.538	260	22	0	1	260	1	260	4.86e-180	491
MDA9042318.1	QIZ20443.1	90.805	261	24	0	1	261	1	261	1.11e-150	417
MDA9042319.1	QIZ20442.1	92.308	377	29	0	1	377	1	377	0.0	672
MDA9042320.1	QIZ20441.1	91.828	465	38	0	1	465	1	465	0.0	887
MDA9042321.1	QIZ20440.1	96.000	225	9	0	1	225	1	225	3.76e-160	437
MDA9042322.1	QIZ20439.1	90.494	263	25	0	1	263	1	263	1.27e-164	452
MDA9042323.1	QIZ20438.1	93.333	330	22	0	1	330	1	330	0.0	627
MDA9042324.1	QIZ20437.1	92.670	191	14	0	1	191	1	191	2.31e-130	359
MDA9042325.1	QIZ20436.1	92.149	484	38	0	1	484	1	484	0.0	867
MDA9042326.1	QIZ20435.1	94.715	473	25	0	1	473	1	473	0.0	812
MDA9042327.1	QIZ20434.1	97.154	246	7	0	1	246	1	246	7.36e-178	484
MDA9042328.1	QIZ20433.1	98.000	100	2	0	1	100	1	100	1.34e-66	191
MDA9042329.1	QIZ20432.1	98.699	538	7	0	1	538	1	538	0.0	1082
MDA9042330.1	QIZ20431.1	97.445	274	7	0	1	274	1	274	0.0	555
MDA9042331.1	QIZ20430.1	97.847	418	9	0	1	418	1	418	0.0	832
MDA9042332.1	QIZ20429.1	99.000	100	1	0	1	100	1	100	4.21e-64	185
MDA9042333.1	QIZ20428.1	97.377	305	8	0	1	305	1	305	0.0	620
MDA9042334.1	QIZ20427.1	62.069	145	55	0	1	145	1	145	3.11e-67	196
MDA9042336.1	QIZ20426.1	70.073	137	41	0	20	156	16	152	8.86e-64	188
MDA9042337.1	QIZ20425.1	94.611	167	9	0	1	167	1	167	9.31e-107	298
MDA9042338.1	QIZ20424.1	91.105	371	33	0	1	371	1	371	0.0	620
MDA9042339.1	QIZ20423.1	95.616	593	26	0	1	593	1	593	0.0	1061
MDA9042340.1	QIZ20422.1	96.674	451	15	0	1	451	1	451	0.0	856
MDA9042341.1	QIZ20421.1	95.464	463	21	0	1	463	1	463	0.0	822
MDA9042342.1	QIZ20420.1	96.162	469	18	0	1	469	1	469	0.0	838
MDA9042343.1	QIZ20419.1	100.000	346	0	0	1	346	1	346	0.0	714
MDA9042344.1	QIZ20418.1	99.213	381	3	0	1	381	1	381	0.0	747
MDA9042345.1	QIZ20417.1	99.296	426	3	0	1	426	1	426	0.0	846
MDA9042346.1	QIZ20416.1	97.917	240	5	0	1	240	5	244	2.72e-177	482
MDA9042347.1	QIZ20415.1	97.561	123	3	0	1	123	1	123	7.48e-84	236
MDA9042348.1	QIZ20414.1	95.657	875	38	0	1	875	1	875	0.0	1712
MDA9042349.1	QIZ20413.1	99.476	572	3	0	1	572	1	572	0.0	1168
MDA9042350.1	QIZ20412.1	94.763	401	21	0	1	401	1	401	0.0	739
MDA9042351.1	QIZ20411.1	99.373	319	2	0	1	319	3	321	0.0	638
MDA9042352.1	QIZ20409.1	95.833	72	3	0	1	72	1	72	3.01e-45	135
MDA9042353.1	QIZ20408.1	88.333	360	6	1	1	324	1	360	0.0	628
MDA9042354.1	QIZ20407.1	98.805	251	3	0	1	251	1	251	0.0	506
MDA9042355.1	QIZ20406.1	98.127	267	5	0	1	267	1	267	0.0	501
MDA9042356.1	QIZ20405.1	99.248	133	1	0	1	133	1	133	7.92e-96	267
MDA9042357.1	QIZ20404.1	98.193	332	6	0	1	332	1	332	0.0	660
MDA9042358.1	QIZ20403.1	96.512	258	9	0	1	258	1	258	0.0	515
MDA9042359.1	QIZ20402.1	100.000	105	0	0	1	105	1	105	1.52e-73	209
MDA9042360.1	QIZ20401.1	97.035	371	11	0	1	371	1	371	0.0	723
MDA9042361.1	QIZ20400.1	96.534	577	20	0	1	577	1	577	0.0	1126
MDA9042362.1	QIZ20399.1	94.253	87	5	0	1	87	1	87	1.58e-52	154
MDA9042363.1	QIZ20398.1	94.937	316	16	0	1	316	1	316	0.0	602
MDA9042364.1	QIZ20397.1	96.748	246	8	0	1	246	1	246	8.81e-175	476
MDA9042365.1	QIZ20396.1	96.000	225	9	0	12	236	12	236	3.18e-163	446
MDA9042366.1	QIZ20395.1	95.588	68	3	0	1	68	1	68	2.41e-43	130
MDA9042367.1	QIZ20394.1	95.890	73	3	0	1	73	1	73	5.07e-40	122
MDA9042368.1	QIZ20393.1	97.396	192	5	0	1	192	1	192	5.70e-135	374
MDA9042369.1	QIZ20765.1	95.918	245	10	0	1	245	80	324	7.43e-177	484
MDA9042370.1	QIZ20764.1	90.313	351	34	0	1	351	1	351	0.0	639
MDA9042371.1	QIZ20763.1	98.885	628	7	0	3	630	1	628	0.0	1265
MDA9042372.1	QIZ20762.1	90.544	349	33	0	1	349	1	349	0.0	575
MDA9042373.1	QIZ20761.1	93.905	443	27	0	1	443	1	443	0.0	832
MDA9042374.1	QIZ20760.1	97.037	270	8	0	1	270	1	270	0.0	523
MDA9042375.1	QIZ20759.1	98.837	430	5	0	1	430	1	430	0.0	865
MDA9042376.1	QIZ20758.1	98.976	293	3	0	1	293	1	293	0.0	593
MDA9042377.1	QIZ20757.1	93.252	326	22	0	1	326	1	326	0.0	599
MDA9042378.1	QIZ20756.1	93.226	310	21	0	1	310	1	310	0.0	578
MDA9042379.1	QIZ20755.1	91.358	81	7	0	1	81	1	81	6.76e-47	140
MDA9042380.1	QIZ20754.1	93.448	290	19	0	1	290	1	290	0.0	522
MDA9042381.1	QIZ20753.1	96.232	637	24	0	1	637	1	637	0.0	1268
MDA9042382.1	QIZ20752.1	98.611	360	5	0	1	360	1	360	0.0	733
MDA9042383.1	QIZ20751.1	98.077	208	4	0	1	208	1	208	3.52e-153	419
MDA9042384.1	QIZ20750.1	98.516	337	5	0	1	337	1	337	0.0	669
MDA9042385.1	QIZ20749.1	99.627	268	1	0	1	268	1	268	0.0	525
MDA9042386.1	QIZ20748.1	97.959	294	6	0	1	294	1	294	0.0	609
MDA9042387.1	QIZ20747.1	97.238	688	19	0	1	688	1	688	0.0	1349
MDA9042388.1	QIZ20746.1	98.083	887	17	0	1	887	1	887	0.0	1788
MDA9042389.1	QIZ20745.1	98.195	277	5	0	1	277	1	277	0.0	541
MDA9042390.1	QIZ20744.1	98.784	329	4	0	1	329	1	329	0.0	670
MDA9042391.1	QIZ20743.1	95.918	294	12	0	1	294	1	294	0.0	568
MDA9042392.1	QIZ20742.1	97.235	434	12	0	1	434	1	434	0.0	878
MDA9042393.1	QIZ20741.1	97.273	110	3	0	1	110	1	110	3.68e-71	203
MDA9042394.1	QIZ20740.1	98.574	631	9	0	1	631	1	631	0.0	1283
MDA9042395.1	QIZ20739.1	96.484	256	9	0	1	256	1	256	9.50e-179	487
MDA9042396.1	QIZ20738.1	94.340	106	6	0	1	106	1	106	4.51e-74	210
MDA9042397.1	QIZ20737.1	94.083	338	20	0	1	338	1	338	0.0	632
MDA9042398.1	QIZ20736.1	87.019	208	27	0	1	208	1	208	8.04e-142	390
MDA9042400.1	QIZ20735.1	56.538	260	109	2	1	260	1	256	1.40e-86	254
MDA9042402.1	QIZ20311.1	34.545	165	107	1	14	177	40	204	2.57e-25	95.1
MDA9042403.1	QIZ20181.1	31.280	211	133	3	15	213	13	223	2.86e-25	94.7
MDA9042404.1	QIZ20416.1	46.457	254	124	2	6	259	3	244	8.79e-80	236
MDA9042405.1	QIZ20734.1	93.889	180	11	0	1	180	1	180	1.73e-113	316
MDA9042407.1	QIZ20733.1	91.724	290	24	0	1	290	1	290	0.0	525
MDA9042408.1	QIZ20732.1	97.418	426	11	0	1	426	1	426	0.0	852
MDA9042409.1	QIZ20731.1	97.710	131	3	0	1	131	1	131	1.75e-92	259
MDA9042410.1	QIZ20730.1	92.063	189	15	0	1	189	1	189	2.35e-127	352
MDA9042411.1	QIZ20729.1	93.333	120	8	0	1	120	1	120	1.47e-83	235
MDA9042412.1	QIZ20728.1	93.831	308	19	0	1	308	1	308	0.0	572
MDA9042413.1	QIZ20727.1	97.454	432	11	0	1	432	1	432	0.0	824
MDA9042414.1	QIZ20726.1	99.478	383	2	0	1	383	1	383	0.0	768
MDA9042415.1	QIZ20725.1	94.038	889	53	0	1	889	1	889	0.0	1705
MDA9042416.1	QIZ20724.1	98.762	404	5	0	1	404	1	404	0.0	829
MDA9042417.1	QIZ20723.1	96.279	215	8	0	1	215	1	215	2.60e-157	429
MDA9042418.1	QIZ20722.1	96.255	267	10	0	1	267	1	267	6.62e-179	488
MDA9042419.1	QIZ20721.1	96.026	302	12	0	1	302	1	302	0.0	595
MDA9042420.1	QIZ20720.1	97.537	203	5	0	1	203	1	203	5.36e-143	392
MDA9042421.1	QIZ20719.1	97.486	358	9	0	1	358	1	358	0.0	686
MDA9042422.1	QIZ20718.1	93.103	145	10	0	1	145	1	145	3.09e-93	262
MDA9042423.1	QIZ20717.1	94.626	521	28	0	1	521	1	521	0.0	982
MDA9042424.1	QIZ20716.1	99.281	139	1	0	1	139	1	139	9.24e-105	290
MDA9042425.1	QIZ20715.1	92.218	257	20	0	1	257	1	257	7.01e-174	475
MDA9042426.1	QIZ20714.1	99.020	204	2	0	1	204	1	204	3.21e-141	388
MDA9042427.1	QIZ20713.1	98.804	418	5	0	1	418	1	418	0.0	853
MDA9042428.1	QIZ20712.1	98.264	288	5	0	1	288	1	288	0.0	560
MDA9042429.1	QIZ20711.1	98.810	336	4	0	1	336	1	336	0.0	655
MDA9042430.1	QIZ20710.1	98.750	240	3	0	1	240	1	240	7.98e-174	473
MDA9042431.1	QIZ20709.1	99.149	235	2	0	1	235	1	235	1.68e-171	467
MDA9042432.1	QIZ20708.1	100.000	261	0	0	1	261	1	261	0.0	540
MDA9042433.1	QIZ20707.1	99.387	163	1	0	1	163	1	163	4.27e-118	326
MDA9042434.1	QIZ20706.1	99.611	257	1	0	1	257	9	265	0.0	522
MDA9042435.1	QIZ20705.1	96.053	228	9	0	1	228	1	228	3.46e-164	448
MDA9042436.1	QIZ20704.1	99.369	317	2	0	1	317	1	317	0.0	635
MDA9042437.1	QIZ20703.1	98.990	297	3	0	1	297	1	297	0.0	571
MDA9042438.1	QIZ20702.1	95.380	368	17	0	1	368	1	368	0.0	711
MDA9042439.1	QIZ20701.1	96.032	126	5	0	1	126	1	126	3.19e-88	248
MDA9042440.1	QIZ20700.1	98.950	952	10	0	1	952	1	952	0.0	1971
MDA9042441.1	QIZ20699.1	93.846	65	4	0	1	65	1	65	1.36e-37	124
MDA9042442.1	QIZ20389.1	98.068	207	4	0	1	207	89	295	2.79e-144	399
MDA9042443.1	QIZ20388.1	96.447	197	7	0	5	201	1	197	3.17e-142	390
MDA9042444.1	QIZ20387.1	97.393	959	25	0	1	959	1	959	0.0	1922
MDA9042445.1	QIZ20386.1	90.196	153	14	1	1	152	1	153	7.57e-94	264
MDA9042446.1	QIZ20385.1	96.584	849	29	0	1	849	1	849	0.0	1648
MDA9042447.1	QIZ20384.1	97.561	164	4	0	1	164	1	164	2.10e-115	319
MDA9042448.1	QIZ20383.1	97.826	184	4	0	1	184	1	184	1.33e-133	367
MDA9042449.1	QIZ20382.1	95.135	370	18	0	1	370	1	370	0.0	729
MDA9042451.1	QIZ21284.1	26.894	264	147	9	23	265	12	250	1.52e-22	91.3
MDA9042452.1	QIZ20381.1	97.455	275	7	0	1	275	1	275	0.0	563
MDA9042453.1	QIZ20380.1	97.030	202	6	0	1	202	1	202	6.65e-142	390
MDA9042454.1	QIZ20379.1	96.925	683	21	0	1	683	1	683	0.0	1339
MDA9042455.1	QIZ20378.1	93.182	88	6	0	1	88	1	88	1.35e-45	137
MDA9042456.1	QIZ20377.1	97.611	293	7	0	1	293	1	293	0.0	560
MDA9042457.1	QIZ20376.1	85.849	318	44	1	16	332	16	333	0.0	553
MDA9042458.1	QIZ20375.1	82.937	252	43	0	1	252	1	252	1.58e-139	388
MDA9042459.1	QIZ20374.1	93.995	383	23	0	1	383	1	383	0.0	729
MDA9042460.1	QIZ20373.1	91.626	203	17	0	1	203	1	203	1.46e-125	348
MDA9042461.1	QIZ20372.1	91.935	310	25	0	1	310	1	310	0.0	550
MDA9042462.1	QIZ20371.1	94.542	513	28	0	1	513	1	513	0.0	1004
MDA9042463.1	QIZ20370.1	92.857	252	18	0	1	252	1	252	1.69e-168	461
MDA9042464.1	QIZ20369.1	88.417	259	30	0	1	259	1	259	3.97e-172	471
MDA9042465.1	QIZ20368.1	91.765	170	14	0	1	170	1	170	7.93e-117	323
MDA9042466.1	QIZ20367.1	96.410	390	14	0	1	390	1	390	0.0	735
MDA9042467.1	QIZ20366.1	66.111	180	49	2	1	180	1	168	2.04e-76	222
MDA9042468.1	QIZ20365.1	94.624	93	5	0	1	93	1	93	1.77e-62	180
MDA9042469.1	QIZ20364.1	79.091	330	69	0	1	330	1	330	0.0	556
MDA9042470.1	QIZ20363.1	91.111	315	28	0	1	315	1	315	0.0	585
MDA9042471.1	QIZ20362.1	88.298	564	66	0	1	564	1	564	0.0	1004
MDA9042472.1	QIZ20361.1	58.228	79	33	0	1	79	1	79	8.57e-30	97.1
MDA9042473.1	QIZ20360.1	43.670	703	370	12	1	691	7	695	1.61e-174	511
MDA9042475.1	QIZ20359.1	63.836	318	102	2	1	318	1	305	1.28e-153	428
MDA9042477.1	QIZ20357.1	88.276	145	17	0	1	145	1	145	2.03e-95	267
MDA9042478.1	QIZ20356.1	95.652	92	4	0	1	92	4	95	2.91e-61	177
MDA9042479.1	QIZ20355.1	97.872	282	6	0	1	282	1	282	0.0	553
MDA9042480.1	QIZ20354.1	98.333	300	5	0	1	300	1	300	0.0	575
MDA9042481.1	QIZ20353.1	98.837	430	5	0	1	430	1	430	0.0	835
MDA9042482.1	QIZ20352.1	97.297	74	2	0	1	74	1	74	9.23e-49	144
MDA9042483.1	QIZ20351.1	94.412	340	19	0	1	340	1	340	0.0	642
MDA9042484.1	QIZ20350.1	97.315	149	4	0	1	149	1	149	1.58e-108	301
MDA9042485.1	QIZ20349.1	96.732	153	5	0	1	153	1	153	2.13e-109	303
MDA9042486.1	QIZ20348.1	98.416	442	7	0	1	442	1	442	0.0	899
MDA9042487.1	QIZ20347.1	91.071	336	30	0	1	336	1	336	0.0	567
MDA9042488.1	QIZ20346.1	98.958	96	1	0	1	96	1	96	2.66e-61	177
MDA9042489.1	QIZ20345.1	100.000	63	0	0	1	63	1	63	4.14e-41	124
MDA9042490.1	QIZ20344.1	93.600	125	8	0	1	125	1	125	1.02e-79	226
MDA9042491.1	QIZ20343.1	96.000	100	4	0	1	100	1	100	1.43e-65	188
MDA9042492.1	QIZ20342.1	93.713	334	21	0	1	334	1	334	0.0	634
MDA9042493.1	QIZ20341.1	96.667	60	2	0	1	60	1	60	1.93e-40	122
MDA9042494.1	QIZ20340.1	95.139	144	7	0	12	155	12	155	1.14e-85	243
MDA9042495.1	QIZ20339.1	88.889	153	17	0	1	153	1	153	3.57e-91	257
MDA9042496.1	QIZ20338.1	99.715	701	2	0	1	701	1	701	0.0	1365
MDA9042497.1	QIZ20337.1	92.790	319	23	0	1	319	1	319	0.0	560
MDA9042498.1	QIZ20336.1	100.000	134	0	0	1	134	1	134	5.57e-96	268
MDA9042499.1	QIZ20335.1	96.094	128	5	0	1	128	1	128	2.14e-88	248
MDA9042500.1	QIZ20334.1	97.814	366	8	0	1	366	1	366	0.0	710
MDA9042501.1	QIZ20333.1	93.909	197	12	0	1	197	1	197	1.17e-135	373
MDA9042503.1	QIZ20332.1	97.368	152	4	0	1	152	1	152	2.44e-108	301
MDA9042504.1	QIZ20331.1	98.165	436	8	0	1	436	1	436	0.0	887
MDA9042505.1	QIZ20330.1	97.163	141	4	0	1	141	1	141	1.76e-100	280
MDA9042506.1	QIZ20329.1	98.122	213	4	0	1	213	1	213	9.21e-161	438
MDA9042507.1	QIZ20328.1	96.049	329	13	0	1	329	1	329	0.0	643
MDA9042508.1	QIZ20327.1	94.690	226	12	0	1	226	1	226	1.50e-147	406
MDA9042509.1	QIZ20326.1	95.495	222	10	0	1	222	1	222	7.90e-154	421
MDA9042510.1	QIZ20325.1	95.082	244	12	0	1	244	1	244	3.05e-172	470
MDA9042511.1	QIZ20324.1	90.625	128	12	0	1	128	1	128	8.67e-80	226
MDA9042512.1	QIZ20323.1	91.632	239	20	0	1	239	1	239	1.37e-151	417
MDA9042513.1	QIZ20322.1	97.949	195	4	0	1	195	1	195	9.81e-137	376
MDA9042514.1	QIZ20321.1	99.145	585	5	0	1	585	1	585	0.0	1186
MDA9042515.1	QIZ20320.1	95.376	173	8	0	1	173	1	173	2.67e-117	325
MDA9042516.1	QIZ20319.1	99.359	156	1	0	1	156	1	156	1.18e-112	312
MDA9042517.1	QIZ20318.1	93.857	293	18	0	1	293	1	293	0.0	573
MDA9042518.1	QIZ20317.1	91.859	737	59	1	1	737	1	736	0.0	1380
MDA9042519.1	QIZ20316.1	97.842	417	9	0	1	417	1	417	0.0	849
MDA9042520.1	QIZ20315.1	96.703	91	3	0	1	91	1	91	5.75e-67	191
MDA9042521.1	QIZ20314.1	93.945	578	35	0	1	578	1	578	0.0	1137
MDA9042522.1	QIZ21287.1	98.052	154	3	0	1	154	408	561	1.09e-108	316
MDA9042523.1	QIZ21288.1	94.306	281	16	0	1	281	1	281	1.29e-178	489
MDA9042524.1	QIZ21289.1	93.868	424	26	0	1	424	1	424	0.0	796
MDA9042525.1	QIZ21290.1	92.405	158	12	0	1	158	1	158	4.76e-104	290
MDA9042526.1	QIZ21291.1	92.000	275	22	0	1	275	1	275	0.0	528
MDA9042527.1	QIZ21292.1	93.464	153	10	0	1	153	1	153	1.20e-107	299
MDA9042528.1	QIZ21293.1	97.041	169	5	0	1	169	1	169	2.73e-125	345
MDA9042529.1	QIZ21294.1	99.523	419	2	0	1	419	1	419	0.0	838
MDA9042530.1	QIZ21295.1	96.139	259	10	0	1	259	1	259	0.0	522
MDA9042531.1	QIZ21296.1	97.759	357	8	0	1	357	1	357	0.0	716
MDA9042532.1	QIZ21297.1	96.774	186	6	0	1	186	1	186	1.74e-131	362
MDA9042533.1	QIZ21298.1	91.364	220	18	1	1	219	1	220	5.46e-139	384
MDA9042534.1	QIZ21299.1	97.097	310	9	0	1	310	1	310	0.0	603
MDA9042535.1	QIZ21300.1	98.024	253	5	0	1	253	1	253	1.70e-178	486
MDA9042536.1	QIZ21301.1	94.813	347	18	0	1	347	1	347	0.0	631
MDA9042537.1	QIZ21302.1	94.882	254	13	0	1	254	1	254	2.26e-177	483
MDA9042538.1	QIZ21303.1	97.619	84	2	0	1	84	1	84	4.72e-51	150
MDA9042539.1	QIZ21304.1	96.782	435	14	0	1	435	5	439	0.0	856
MDA9042540.1	QIZ21305.1	97.778	225	5	0	1	225	1	225	1.66e-156	428
MDA9042541.1	QIZ21306.1	98.621	145	2	0	1	145	1	145	2.65e-99	277
MDA9042542.1	QIZ21307.1	88.966	290	32	0	1	290	1	290	0.0	551
MDA9042543.1	QIZ21308.1	98.969	194	2	0	1	194	1	194	4.03e-139	382
MDA9042544.1	QIZ21309.1	97.709	611	14	0	1	611	1	611	0.0	1231
MDA9042545.1	QIZ21310.1	97.163	141	4	0	1	141	1	141	1.27e-93	263
MDA9042546.1	QIZ21312.1	96.400	250	9	0	1	250	1	250	0.0	494
MDA9042547.1	QIZ21313.1	99.308	723	5	0	1	723	1	723	0.0	1483
MDA9042548.1	QIZ21314.1	98.246	399	7	0	1	399	1	399	0.0	809
MDA9042549.1	QIZ21249.1	31.321	530	345	11	65	586	57	575	1.72e-74	244
MDA9042550.1	QIZ21315.1	95.973	149	6	0	1	149	1	149	3.53e-107	297
MDA9042551.1	QIZ21316.1	80.734	218	42	0	1	218	1	218	7.05e-122	340
MDA9042553.1	QIZ20493.1	43.137	102	55	2	24	123	11	111	2.80e-23	84.0
MDA9042554.1	QIZ21317.1	95.541	314	14	0	1	314	1	314	0.0	627
MDA9042555.1	QIZ21318.1	95.860	314	13	0	1	314	1	314	0.0	597
MDA9042556.1	QIZ21319.1	97.727	220	5	0	1	220	1	220	3.03e-164	447
MDA9042557.1	QIZ21320.1	99.407	337	2	0	1	337	1	337	0.0	691
MDA9042558.1	QIZ21321.1	97.992	249	1	1	1	245	1	249	7.70e-180	489
MDA9042559.1	QIZ21322.1	99.556	225	1	0	1	225	1	225	2.32e-167	456
MDA9042560.1	QIZ21323.1	99.678	311	1	0	1	311	1	311	0.0	644
MDA9042561.1	QIZ21324.1	99.222	257	2	0	1	257	1	257	0.0	529
MDA9042562.1	QIZ21325.1	100.000	174	0	0	1	174	1	174	1.81e-125	346
MDA9042563.1	QIZ21326.1	98.668	1577	21	0	1	1577	1	1577	0.0	3202
MDA9042564.1	QIZ21327.1	94.545	55	3	0	12	66	12	66	5.05e-33	103
MDA9042565.1	QIZ21328.1	97.638	254	6	0	1	254	1	254	4.36e-179	488
MDA9042566.1	QIZ21329.1	99.554	448	2	0	1	448	1	448	0.0	912
MDA9042568.1	QIZ20920.1	51.965	229	109	1	1	229	1	228	2.69e-78	231
MDA9042570.1	QIZ20908.1	54.585	229	97	3	1	222	1	229	3.87e-78	230
MDA9042571.1	QIZ20898.1	35.639	477	296	7	3	475	4	473	7.57e-99	301
MDA9042572.1	QIZ20897.1	59.813	107	40	2	1	105	1	106	2.93e-43	132
MDA9042573.1	QIZ20896.1	48.592	426	211	6	1	422	1	422	4.26e-140	402
MDA9042574.1	QIZ20895.1	89.286	308	33	0	1	308	1	308	0.0	587
MDA9042575.1	QIZ20894.1	98.113	265	5	0	1	265	1	265	0.0	517
MDA9042576.1	QIZ20893.1	96.341	410	15	0	1	410	1	410	0.0	813
MDA9042577.1	QIZ20892.1	94.258	209	12	0	1	209	1	209	1.17e-142	392
MDA9042578.1	QIZ20891.1	90.435	230	22	0	1	230	1	230	2.26e-153	421
MDA9042579.1	QIZ20890.1	97.895	95	2	0	1	95	1	95	5.47e-66	189
MDA9042580.1	QIZ20889.1	98.090	576	11	0	1	576	1	576	0.0	1145
MDA9042581.1	QIZ20888.1	94.660	206	11	0	12	217	12	217	8.56e-135	373
MDA9042582.1	QIZ20887.1	92.217	424	33	0	19	442	19	442	0.0	764
MDA9042583.1	QIZ20886.1	95.736	258	11	0	1	258	1	258	0.0	496
MDA9042584.1	QIZ20885.1	85.052	194	29	0	1	194	1	194	9.45e-116	323
MDA9042585.1	QIZ20884.1	96.594	323	11	0	1	323	1	323	0.0	612
MDA9042586.1	QIZ20883.1	98.522	203	3	0	1	203	1	203	2.46e-149	408
MDA9042587.1	QIZ20882.1	96.584	322	11	0	1	322	1	322	0.0	642
MDA9042588.1	QIZ20881.1	92.169	166	13	0	1	166	1	166	6.42e-115	318
MDA9042589.1	QIZ20880.1	97.407	270	7	0	1	270	1	270	0.0	521
MDA9042590.1	QIZ20879.1	96.134	388	15	0	1	388	1	388	0.0	722
MDA9042591.1	QIZ20878.1	96.440	309	11	0	1	309	1	309	0.0	608
MDA9042592.1	QIZ20877.1	96.089	179	7	0	1	179	11	189	2.73e-127	351
MDA9042593.1	QIZ20876.1	93.902	246	15	0	1	246	1	246	2.88e-159	437
MDA9042594.1	QIZ20875.1	97.826	276	6	0	1	276	1	276	0.0	556
MDA9042595.1	QIZ20874.1	95.153	557	27	0	1	557	1	557	0.0	1044
MDA9042596.1	QIZ20873.1	98.095	105	2	0	1	105	1	105	9.05e-70	199
MDA9042597.1	QIZ20872.1	99.015	203	2	0	1	203	1	203	1.56e-148	406
MDA9042598.1	QIZ20871.1	93.151	730	42	1	1	722	4	733	0.0	1418
MDA9042599.1	QIZ20870.1	97.826	368	8	0	1	368	1	368	0.0	735
MDA9042600.1	QIZ20869.1	97.288	848	23	0	1	848	1	848	0.0	1685
MDA9042601.1	QIZ20868.1	94.226	433	25	0	1	433	1	433	0.0	828
MDA9042602.1	QIZ20867.1	88.811	143	16	0	1	143	1	143	1.37e-83	237
MDA9042603.1	QIZ20866.1	94.583	240	13	0	1	240	1	240	2.87e-165	452
MDA9042604.1	QIZ20865.1	95.782	403	17	0	1	403	1	403	0.0	778
MDA9042605.1	QIZ20864.1	99.454	366	2	0	1	366	1	366	0.0	729
MDA9042606.1	QIZ20863.1	96.919	357	11	0	1	357	1	357	0.0	699
MDA9042607.1	QIZ20862.1	92.857	280	20	0	1	280	1	280	0.0	515
MDA9042608.1	QIZ20861.1	91.667	144	12	0	1	144	1	144	8.53e-87	246
MDA9042609.1	QIZ20860.1	94.585	277	15	0	1	277	156	432	0.0	541
MDA9042610.1	QIZ21330.1	99.250	800	6	0	1	800	1	800	0.0	1593
MDA9042611.1	QIZ21331.1	99.556	225	1	0	1	225	1	225	7.33e-161	439
MDA9042612.1	QIZ21332.1	98.204	167	3	0	1	167	1	167	3.28e-116	322
MDA9042613.1	QIZ21333.1	97.104	518	15	0	1	518	1	518	0.0	1009
MDA9042614.1	QIZ21334.1	99.142	583	5	0	1	583	1	583	0.0	1171
MDA9042615.1	QIZ21335.1	100.000	410	0	0	1	410	1	410	0.0	813
MDA9042616.1	QIZ21336.1	98.611	144	2	0	1	144	1	144	8.90e-104	288
MDA9042617.1	QIZ21337.1	98.990	99	1	0	1	99	1	99	1.48e-66	191
MDA9042618.1	QIZ21338.1	98.936	94	1	0	1	94	1	94	2.68e-65	187
MDA9042619.1	QIZ21339.1	52.000	175	57	9	1	167	1	156	1.76e-38	124
MDA9042620.1	QIZ21340.1	92.517	147	10	1	2	147	16	162	9.15e-94	264
MDA9042621.1	QIZ21341.1	95.833	96	4	0	1	96	1	96	1.02e-57	168
MDA9042622.1	QIZ21342.1	98.165	109	2	0	1	109	1	109	3.37e-77	218
MDA9042623.1	QIZ21343.1	97.852	745	16	0	1	745	1	745	0.0	1489
MDA9042624.1	QIZ21343.1	53.259	721	308	5	4	710	39	744	0.0	774
MDA9042625.1	QIZ21344.1	97.518	282	7	0	1	282	1	282	0.0	541
MDA9042626.1	QIZ21345.1	95.399	326	15	0	1	326	1	326	0.0	596
MDA9042627.1	QIZ21355.1	100.000	114	0	0	1	114	1	114	1.00e-81	230
MDA9042628.1	QIZ21356.1	27.168	692	420	26	7	675	18	648	3.00e-58	206
MDA9042629.1	QIZ21357.1	73.622	762	177	10	1	744	1	756	0.0	1046
MDA9042630.1	QIZ21358.1	96.866	351	11	0	1	351	1	351	0.0	679
MDA9042631.1	QIZ21359.1	98.045	1074	21	0	1	1074	1	1074	0.0	2159
MDA9042632.1	QIZ21360.1	96.734	398	13	0	1	398	1	398	0.0	786
MDA9042633.1	QIZ21361.1	94.118	153	9	0	1	153	1	153	1.28e-94	266
MDA9042634.1	QIZ21362.1	97.970	591	12	0	1	591	1	591	0.0	1175
MDA9042635.1	QIZ21363.1	98.682	607	8	0	1	607	1	607	0.0	1217
MDA9042636.1	QIZ21364.1	93.909	197	12	0	1	197	1	197	9.96e-133	366
MDA9042637.1	QIZ21365.1	91.571	261	22	0	1	261	1	261	0.0	499
MDA9042638.1	QIZ21366.1	89.069	247	27	0	1	247	1	247	9.29e-163	446
MDA9042639.1	QIZ21367.1	99.355	155	1	0	1	155	1	155	3.67e-115	318
MDA9042640.1	QIZ21368.1	95.354	495	23	0	1	495	1	495	0.0	889
MDA9042641.1	QIZ21369.1	96.131	336	13	0	1	336	1	336	0.0	651
MDA9042642.1	QIZ21370.1	92.208	77	6	0	1	77	1	77	2.70e-45	136
MDA9042644.1	QIZ21222.1	86.218	312	43	0	1	312	1	312	0.0	516
MDA9042645.1	QIZ21221.1	93.452	168	11	0	1	168	1	168	5.05e-102	286
MDA9042646.1	QIZ21220.1	94.935	691	35	0	1	691	1	691	0.0	1350
MDA9042647.1	QIZ21219.1	95.699	93	4	0	1	93	9	101	2.39e-63	182
MDA9042648.1	QIZ21218.1	99.771	436	1	0	1	436	1	436	0.0	853
MDA9042649.1	QIZ21217.1	99.438	178	1	0	1	178	1	178	2.03e-132	363
MDA9042650.1	QIZ21216.1	96.939	98	3	0	1	98	1	98	7.62e-70	199
MDA9042651.1	QIZ21215.1	97.630	211	5	0	1	211	1	211	4.49e-151	414
MDA9042652.1	QIZ21214.1	97.959	294	6	0	1	294	1	294	0.0	571
MDA9042653.1	QIZ21213.1	93.197	147	10	0	1	147	1	147	5.01e-103	287
MDA9042654.1	QIZ21212.1	84.444	270	42	0	1	270	1	270	1.94e-175	480
MDA9042655.1	QIZ21211.1	95.082	305	15	0	1	305	1	305	0.0	573
MDA9042656.1	QIZ21210.1	90.962	1040	94	0	1	1040	1	1040	0.0	1855
MDA9042657.1	QIZ21209.1	92.462	199	15	0	1	199	1	199	2.51e-139	383
MDA9042658.1	QIZ21207.1	92.857	238	17	0	1	238	1	238	6.16e-170	463
MDA9042659.1	QIZ21206.1	89.956	229	23	0	1	229	1	229	1.25e-146	404
MDA9042660.1	QIZ21205.1	91.277	321	28	0	1	321	1	321	0.0	577
MDA9042661.1	QIZ21204.1	93.421	152	10	0	1	152	1	152	3.54e-103	288
MDA9042662.1	QIZ21203.1	98.364	428	7	0	1	428	1	428	0.0	866
MDA9042663.1	QIZ21202.1	98.242	512	9	0	1	512	1	512	0.0	999
MDA9042664.1	QIZ21201.1	97.872	235	5	0	1	235	1	235	1.99e-169	462
MDA9042665.1	QIZ21200.1	97.511	924	23	0	1	924	1	924	0.0	1830
MDA9042666.1	QIZ21199.1	95.469	309	14	0	1	309	1	309	0.0	594
MDA9042667.1	QIZ21198.1	96.175	183	7	0	1	183	1	183	4.73e-123	340
MDA9042668.1	QIZ21197.1	95.187	187	9	0	1	187	1	187	1.00e-131	362
MDA9042669.1	QIZ21196.1	92.602	392	29	0	1	392	1	392	0.0	747
MDA9042670.1	QIZ21195.1	98.559	347	5	0	1	347	1	347	0.0	714
MDA9042671.1	QIZ21194.1	98.625	291	4	0	1	291	1	291	0.0	584
MDA9042672.1	QIZ21193.1	96.196	184	7	0	1	184	1	184	2.49e-126	348
MDA9042673.1	QIZ21191.1	84.571	350	54	0	1	350	1	350	0.0	600
MDA9042674.1	QIZ21190.1	94.038	520	31	0	1	520	6	525	0.0	999
MDA9042675.1	QIZ21189.1	93.347	481	32	0	1	481	1	481	0.0	828
MDA9042676.1	QIZ21188.1	95.633	458	20	0	1	458	1	458	0.0	823
MDA9042677.1	QIZ21187.1	95.385	65	3	0	1	65	1	65	6.92e-39	124
MDA9042678.1	QIZ20665.1	96.117	103	4	0	1	103	50	152	7.06e-58	171
MDA9042679.1	QIZ20666.1	98.729	472	6	0	1	472	1	472	0.0	954
MDA9042680.1	QIZ20667.1	97.607	794	19	0	1	794	1	794	0.0	1543
MDA9042681.1	QIZ20668.1	95.580	181	8	0	1	181	1	181	3.45e-111	310
MDA9042682.1	QIZ20669.1	98.580	493	7	0	1	493	1	493	0.0	993
MDA9042683.1	QIZ20670.1	97.448	431	11	0	1	431	1	431	0.0	858
MDA9042684.1	QIZ20671.1	92.880	309	22	0	1	309	1	309	0.0	580
MDA9042685.1	QIZ20672.1	96.503	286	10	0	1	286	1	286	0.0	551
MDA9042686.1	QIZ20673.1	98.383	433	7	0	1	433	1	433	0.0	857
MDA9042687.1	QIZ20674.1	95.929	393	16	0	1	393	1	393	0.0	780
MDA9042688.1	QIZ20675.1	94.118	68	4	0	1	68	1	68	6.27e-43	129
MDA9042689.1	QIZ20676.1	95.031	161	8	0	1	161	1	161	3.82e-99	278
MDA9042690.1	QIZ20679.1	91.892	74	6	0	1	74	1	74	2.60e-48	143
MDA9042691.1	QIZ20680.1	97.406	347	9	0	1	347	1	347	0.0	706
MDA9042692.1	QIZ20681.1	99.189	370	3	0	1	370	1	370	0.0	766
MDA9042693.1	QIZ20682.1	96.543	405	14	0	1	405	1	405	0.0	818
MDA9042694.1	QIZ20683.1	97.342	301	8	0	1	301	1	301	0.0	576
MDA9042695.1	QIZ20684.1	94.458	415	23	0	1	415	1	415	0.0	748
MDA9042696.1	QIZ20685.1	97.030	202	6	0	1	202	1	202	7.36e-144	394
MDA9042697.1	QIZ20686.1	97.059	136	4	0	1	136	1	136	9.37e-97	270
MDA9042698.1	QIZ20687.1	97.516	161	4	0	1	161	1	161	1.28e-110	307
MDA9042699.1	QIZ20689.1	79.710	276	56	0	1	276	1	276	8.36e-166	456
MDA9042700.1	QIZ20690.1	98.551	552	8	0	1	552	1	552	0.0	1112
MDA9042701.1	QIZ20691.1	99.024	922	9	0	1	922	1	922	0.0	1915
MDA9042702.1	QIZ20692.1	94.705	491	26	0	1	491	1	491	0.0	976
MDA9042703.1	QIZ20693.1	99.438	178	1	0	1	178	1	178	1.32e-129	357
MDA9042704.1	QIZ20694.1	99.183	367	3	0	1	367	1	367	0.0	754
MDA9042705.1	QIZ20695.1	94.776	134	7	0	1	134	22	155	1.08e-68	200
MDA9042707.1	QIZ20696.1	94.862	253	13	0	1	253	1	253	0.0	497
MDA9042708.1	QIZ20697.1	92.857	182	13	0	1	182	1	182	1.38e-127	352
MDA9042709.1	QIZ20698.1	88.798	366	41	0	1	366	27	392	0.0	666
MDA9042711.1	QIZ21167.1	95.392	651	30	0	1	651	1	651	0.0	1274
MDA9042712.1	QIZ21168.1	97.297	185	5	0	1	185	1	185	6.65e-130	358
MDA9042713.1	QIZ21169.1	99.022	511	5	0	1	511	1	511	0.0	1022
MDA9042714.1	QIZ21170.1	99.313	291	2	0	1	291	1	291	0.0	587
MDA9042715.1	QIZ21171.1	99.153	472	4	0	1	472	1	472	0.0	949
MDA9042716.1	QIZ21172.1	98.462	130	2	0	1	130	1	130	2.60e-88	248
MDA9042717.1	QIZ21173.1	94.937	158	8	0	1	158	1	158	6.18e-111	308
MDA9042718.1	QIZ21174.1	96.834	379	12	0	1	379	1	379	0.0	738
MDA9042719.1	QIZ21175.1	94.828	116	6	0	1	116	1	116	1.57e-76	217
MDA9042720.1	QIZ21176.1	95.000	180	9	0	1	180	1	180	4.41e-121	335
MDA9042721.1	QIZ21177.1	92.548	416	31	0	1	416	1	416	0.0	770
MDA9042722.1	QIZ21178.1	97.554	368	9	0	1	368	1	368	0.0	717
MDA9042723.1	QIZ21179.1	97.859	327	7	0	1	327	1	327	0.0	647
MDA9042724.1	QIZ21180.1	97.619	84	2	0	1	84	1	84	5.09e-55	160
MDA9042725.1	QIZ21181.1	94.656	131	7	0	1	131	1	131	4.16e-88	248
MDA9042726.1	QIZ21182.1	91.213	239	21	0	1	239	1	239	1.20e-164	450
MDA9042727.1	QIZ21183.1	96.970	198	6	0	1	198	1	198	5.62e-142	389
MDA9042728.1	QIZ21184.1	96.774	372	12	0	1	372	1	372	0.0	746
MDA9042729.1	QIZ21185.1	93.889	360	22	0	1	360	1	360	0.0	681
MDA9042730.1	QIZ21186.1	94.966	298	15	0	1	298	1	298	0.0	562
MDA9042731.1	QIZ21187.1	89.412	85	9	0	1	85	164	248	9.04e-45	140
MDA9042732.1	QIZ21408.1	96.177	654	25	0	1	654	1	654	0.0	1291
MDA9042733.1	QIZ21409.1	95.710	373	16	0	1	373	1	373	0.0	657
MDA9042734.1	QIZ21410.1	96.117	412	16	0	1	412	1	412	0.0	821
MDA9042735.1	QIZ21411.1	93.980	299	18	0	1	299	1	299	0.0	560
MDA9042736.1	QIZ21412.1	98.101	316	6	0	1	316	1	316	0.0	636
MDA9042737.1	QIZ21413.1	90.909	297	27	0	1	297	1	297	0.0	557
MDA9042738.1	QIZ21414.1	95.935	123	5	0	1	123	1	123	4.61e-88	247
MDA9042739.1	QIZ21415.1	94.048	84	5	0	1	84	1	84	2.34e-57	166
MDA9042740.1	QIZ21416.1	98.980	98	1	0	1	98	1	98	2.20e-67	193
MDA9042741.1	QIZ21417.1	90.476	189	18	0	1	189	16	204	4.25e-109	306
MDA9042742.1	QIZ21418.1	99.758	413	1	0	1	413	1	413	0.0	849
MDA9042743.1	QIZ21419.1	99.327	297	2	0	1	297	1	297	0.0	592
MDA9042744.1	QIZ21420.1	98.571	350	5	0	1	350	1	350	0.0	686
MDA9042745.1	QIZ21421.1	97.967	246	5	0	1	246	1	246	8.56e-180	489
MDA9042746.1	QIZ21422.1	99.234	261	2	0	1	261	1	261	0.0	526
MDA9042747.1	QIZ21423.1	95.299	234	11	0	1	234	1	234	1.18e-165	452
MDA9042748.1	QIZ21424.1	92.523	107	8	0	1	107	1	107	6.77e-69	197
MDA9042749.1	QIZ21425.1	85.479	303	44	0	1	303	1	303	0.0	531
MDA9042751.1	QIZ21386.1	86.842	114	15	0	1	114	1	114	5.22e-64	197
MDA9042752.1	QIZ21385.1	97.493	678	17	0	1	678	1	678	0.0	1357
MDA9042753.1	QIZ21384.1	92.553	564	42	0	1	564	1	564	0.0	1057
MDA9042754.1	QIZ21383.1	94.231	676	39	0	1	676	1	676	0.0	1276
MDA9042755.1	QIZ21382.1	92.830	265	19	0	18	282	18	282	0.0	499
MDA9042756.1	QIZ21381.1	95.098	306	15	0	1	306	1	306	0.0	566
MDA9042757.1	QIZ21380.1	91.599	369	31	0	1	369	1	369	0.0	661
MDA9042758.1	QIZ21379.1	92.444	225	17	0	1	225	1	225	8.96e-138	381
MDA9042759.1	QIZ21378.1	94.737	304	16	0	1	304	1	304	0.0	548
MDA9042760.1	QIZ21377.1	93.377	302	20	0	1	302	11	312	0.0	525
MDA9042761.1	QIZ21376.1	96.129	465	18	0	1	465	1	465	0.0	908
MDA9042762.1	QIZ21375.1	95.506	356	16	0	1	356	1	356	0.0	669
MDA9042763.1	QIZ21374.1	96.953	361	11	0	1	361	14	374	0.0	676
MDA9042765.1	QIZ20549.1	98.116	637	12	0	1	637	1	637	0.0	1263
MDA9042766.1	QIZ20548.1	99.245	265	2	0	1	265	1	265	0.0	535
MDA9042767.1	QIZ20547.1	98.947	285	3	0	1	285	1	285	0.0	567
MDA9042768.1	QIZ20546.1	98.438	448	7	0	1	448	1	448	0.0	926
MDA9042769.1	QIZ20545.1	96.216	370	14	0	1	370	1	370	0.0	718
MDA9042770.1	QIZ20544.1	94.611	167	9	0	1	167	1	167	1.04e-116	323
MDA9042771.1	QIZ20542.1	50.000	474	234	1	3	473	2	475	4.40e-158	454
MDA9042772.1	QIZ20541.1	86.817	311	41	0	1	311	1	311	0.0	549
MDA9042773.1	QIZ20540.1	95.294	255	12	0	1	255	1	255	4.92e-177	483
MDA9042776.1	QIZ21077.1	88.158	76	9	0	1	76	14	89	1.21e-43	140
MDA9042777.1	QIZ21076.1	92.960	696	49	0	1	696	1	696	0.0	1236
MDA9042778.1	QIZ21075.1	89.744	156	16	0	1	156	29	184	2.34e-99	279
MDA9042779.1	QIZ21074.1	91.018	167	15	0	1	167	1	167	7.33e-114	316
MDA9042780.1	QIZ21073.1	95.041	121	6	0	1	121	1	121	4.90e-84	237
MDA9042781.1	QIZ21072.1	95.050	101	5	0	1	101	1	101	1.31e-65	189
MDA9042782.1	QIZ21071.1	94.821	251	13	0	1	251	1	251	1.15e-180	491
MDA9042783.1	QIZ21070.1	91.632	239	20	0	1	239	1	239	1.14e-160	440
MDA9042785.1	QIZ21068.1	85.577	208	30	0	1	208	1	208	2.73e-132	366
MDA9042786.1	QIZ21067.1	98.980	196	2	0	1	196	1	196	5.84e-146	399
MDA9042787.1	QIZ21066.1	99.415	171	1	0	1	171	1	171	2.62e-123	340
MDA9042788.1	QIZ21065.1	98.681	455	6	0	1	455	1	455	0.0	897
MDA9042789.1	QIZ21064.1	88.439	173	20	0	1	173	1	173	7.91e-96	271
MDA9042790.1	QIZ21063.1	96.954	197	6	0	1	197	1	197	2.08e-139	383
MDA9042791.1	QIZ21062.1	95.714	140	6	0	1	140	1	140	1.21e-85	242
MDA9042792.1	QIZ21061.1	90.000	140	14	0	1	140	1	140	1.96e-91	257
MDA9042793.1	QIZ21060.1	95.067	223	11	0	1	223	1	223	3.73e-157	430
MDA9042797.1	QIZ21214.1	27.526	287	197	3	7	290	2	280	1.95e-28	106
MDA9042798.1	QIZ21533.1	78.431	102	22	0	1	102	1	102	4.57e-57	167
MDA9042799.1	QIZ21532.1	88.235	119	14	0	1	119	114	232	2.46e-56	170
MDA9042800.1	QIZ21397.1	99.578	237	1	0	1	237	53	289	8.37e-174	475
MDA9042801.1	QIZ21398.1	95.082	61	3	0	1	61	1	61	4.23e-37	114
MDA9042802.1	QIZ21399.1	96.391	471	17	0	1	471	1	471	0.0	887
MDA9042803.1	QIZ21400.1	88.746	311	35	0	1	311	1	311	1.38e-176	486
MDA9042804.1	QIZ21401.1	96.259	588	22	0	1	588	1	588	0.0	1131
MDA9042805.1	QIZ21402.1	98.352	182	3	0	1	182	1	182	5.17e-131	360
MDA9042806.1	QIZ21403.1	99.705	339	1	0	1	339	1	339	0.0	691
MDA9042807.1	QIZ21404.1	97.885	520	11	0	1	520	1	520	0.0	1050
MDA9042808.1	QIZ21405.1	98.551	345	5	0	1	345	1	345	0.0	686
MDA9042809.1	QIZ21406.1	86.717	399	52	1	1	398	1	399	0.0	681
MDA9042810.1	QIZ20842.1	29.730	296	183	9	23	293	5	300	1.39e-32	118
MDA9042811.1	QIZ20841.1	28.315	279	181	7	42	302	53	330	9.51e-25	97.8
MDA9042816.1	QIZ21050.1	94.245	278	16	0	1	278	1	278	0.0	527
MDA9042817.1	QIZ21051.1	79.279	555	115	0	1	555	1	555	0.0	887
MDA9042818.1	QIZ21087.1	39.085	284	160	8	1	277	1	278	7.81e-50	161
MDA9042819.1	QIZ21052.1	100.000	422	0	0	1	422	1	422	0.0	850
MDA9042822.1	QIZ21055.1	92.492	333	25	0	1	333	1	333	0.0	630
MDA9042823.1	QIZ21056.1	94.161	274	16	0	1	274	1	274	0.0	530
MDA9042824.1	QIZ21057.1	92.683	82	6	0	1	82	1	82	1.21e-49	150
MDA9042825.1	QIZ20314.1	96.359	357	13	0	1	357	646	1002	0.0	724
MDA9042826.1	QIZ20313.1	93.583	187	12	0	1	187	1	187	1.90e-130	359
MDA9042827.1	QIZ20312.1	98.431	255	4	0	1	255	1	255	0.0	509
MDA9042828.1	QIZ20311.1	99.593	246	1	0	1	246	1	246	1.31e-173	473
MDA9042829.1	QIZ20310.1	95.556	90	4	0	1	90	1	90	2.11e-60	174
MDA9042830.1	QIZ20306.1	91.304	161	14	0	1	161	1	161	5.12e-110	305
MDA9042831.1	QIZ20305.1	96.711	456	15	0	1	456	1	456	0.0	870
MDA9042832.1	QIZ20304.1	93.688	301	19	0	1	301	1	301	0.0	570
MDA9042833.1	QIZ20303.1	94.907	216	11	0	1	216	1	216	3.40e-152	417
MDA9042834.1	QIZ20302.1	97.076	171	5	0	1	171	321	491	4.67e-115	331
MDA9042835.1	QIZ20774.1	91.765	170	14	0	1	170	12	181	1.39e-113	316
MDA9042836.1	QIZ20773.1	96.269	268	10	0	1	268	1	268	0.0	531
MDA9042837.1	QIZ20772.1	97.925	241	5	0	1	241	1	241	9.05e-178	483
MDA9042838.1	QIZ20771.1	98.171	164	3	0	1	164	1	164	3.94e-119	329
MDA9042839.1	QIZ20770.1	99.107	224	2	0	1	224	1	224	6.27e-163	444
MDA9042840.1	QIZ20769.1	98.551	138	2	0	1	138	1	138	4.94e-97	271
MDA9042841.1	QIZ20768.1	96.654	269	9	0	1	269	1	269	0.0	518
MDA9042842.1	QIZ20767.1	97.528	445	11	0	1	445	1	445	0.0	892
MDA9042843.1	QIZ20766.1	98.125	160	2	1	1	160	1	159	6.11e-115	318
MDA9042844.1	QIZ20785.1	99.074	108	1	0	1	108	1	108	2.77e-77	222
MDA9042845.1	QIZ20784.1	98.684	76	1	0	1	76	1	76	1.48e-53	156
MDA9042846.1	QIZ20783.1	95.528	246	11	0	1	246	1	246	2.33e-176	480
MDA9042847.1	QIZ20782.1	98.925	186	2	0	1	186	1	186	5.26e-138	378
MDA9042848.1	QIZ20781.1	92.271	207	16	0	1	207	1	207	1.27e-121	338
MDA9042849.1	QIZ20780.1	91.667	336	28	0	1	336	1	336	0.0	641
MDA9042850.1	QIZ20779.1	90.051	392	39	0	1	392	1	392	0.0	707
MDA9042851.1	QIZ20778.1	96.685	181	6	0	1	181	155	335	1.90e-129	362
MDA9042853.1	QIZ21225.1	90.419	167	16	0	14	180	14	180	4.91e-112	312
MDA9042854.1	QIZ21226.1	92.174	115	9	0	1	115	1	115	9.61e-76	215
MDA9042855.1	QIZ21227.1	93.333	120	8	0	1	120	1	120	1.17e-82	233
MDA9042856.1	QIZ21228.1	97.872	470	10	0	1	470	1	470	0.0	947
MDA9042857.1	QIZ21229.1	94.771	306	16	0	1	306	1	306	0.0	538
MDA9042858.1	QIZ21040.1	91.250	80	7	0	1	80	96	175	2.78e-48	146
MDA9042859.1	QIZ21041.1	89.666	329	34	0	1	329	1	329	0.0	577
MDA9042860.1	QIZ21042.1	89.730	185	19	0	1	185	1	185	4.67e-124	343
MDA9042861.1	QIZ21043.1	95.251	758	36	0	1	758	1	758	0.0	1510
MDA9042863.1	QIZ20663.1	97.521	121	3	0	1	121	1	121	1.08e-84	238
MDA9042864.1	QIZ20662.1	98.387	310	5	0	1	310	1	310	0.0	605
MDA9042865.1	QIZ20661.1	97.143	245	7	0	1	245	3	247	9.89e-176	479
MDA9042866.1	QIZ20660.1	100.000	79	0	0	1	79	1	79	1.08e-50	149
MDA9042867.1	QIZ20659.1	93.810	210	13	0	1	210	1	210	5.44e-147	403
MDA9042868.1	QIZ20658.1	89.695	262	27	0	1	262	1	262	3.48e-171	469
MDA9042869.1	QIZ20657.1	90.850	153	14	0	2	154	168	320	4.60e-99	283
MDA9042870.1	QIZ21396.1	98.762	323	4	0	1	323	1	323	0.0	648
MDA9042871.1	QIZ21395.1	98.175	274	5	0	1	274	1	274	0.0	545
MDA9042872.1	QIZ21388.1	93.016	315	22	0	1	315	1	315	0.0	615
MDA9042874.1	QIZ21387.1	94.805	231	12	0	1	231	1	231	5.42e-153	429
MDA9042878.1	QIZ20836.1	31.206	282	170	10	20	295	20	283	9.76e-34	121
MDA9042879.1	QIZ21372.1	96.517	689	24	0	1	689	1	689	0.0	1305
MDA9042880.1	QIZ21371.1	95.391	499	23	0	1	499	62	560	0.0	951
MDA9042881.1	QIZ20921.1	47.239	163	83	1	1	163	1	160	2.80e-51	163
MDA9042882.1	QIZ20922.1	71.092	467	131	3	1	465	1	465	0.0	652
MDA9042883.1	QIZ20923.1	100.000	71	0	0	1	71	1	71	2.42e-50	147
MDA9042884.1	QIZ20924.1	98.575	351	5	0	1	351	78	428	0.0	695
MDA9042888.1	QIZ21439.1	98.196	388	7	0	1	388	1	388	0.0	799
MDA9042889.1	QIZ21438.1	97.976	247	5	0	1	247	1	247	5.29e-179	487
MDA9042890.1	QIZ21437.1	97.067	375	11	0	1	375	1	375	0.0	778
MDA9042891.1	QIZ20933.1	100.000	184	0	0	1	184	375	558	1.92e-134	383
MDA9042892.1	QIZ20934.1	84.722	288	44	0	1	288	1	288	2.14e-172	474
MDA9042893.1	QIZ20935.1	99.552	223	1	0	1	223	1	223	2.21e-164	448
MDA9042894.1	QIZ20936.1	87.273	275	32	1	1	272	1	275	1.14e-180	493
MDA9042895.1	QIZ20937.1	96.629	89	3	0	1	89	1	89	9.77e-61	185
MDA9042896.1	QIZ21048.1	85.124	121	18	0	1	121	1	121	1.30e-72	211
MDA9042897.1	QIZ21049.1	94.222	623	36	0	1	623	1	623	0.0	1199
MDA9042901.1	QIZ20937.1	96.018	226	9	0	1	226	159	384	1.38e-158	440
MDA9042902.1	QIZ21069.1	69.355	62	19	0	1	62	1	62	8.37e-30	95.5
MDA9042903.1	QIZ20939.1	94.822	309	16	0	1	309	1	309	0.0	612
MDA9042904.1	QIZ20940.1	91.195	159	14	0	1	159	1	159	4.87e-109	303
MDA9042905.1	QIZ21372.1	91.720	157	13	0	1	157	792	948	1.14e-91	281
MDA9042907.1	QIZ21373.1	91.566	249	21	0	1	249	1	249	1.05e-157	441
MDA9042908.1	QIZ21224.1	95.202	396	19	0	1	396	1	396	0.0	786
MDA9042909.1	QIZ21223.1	89.116	294	32	0	1	294	1	294	0.0	533
MDA9042910.1	QIZ21033.1	97.256	328	9	0	1	328	1	328	0.0	649
MDA9042911.1	QIZ21032.1	97.567	411	10	0	1	411	239	649	0.0	793
MDA9042912.1	QIZ20925.1	92.000	75	6	0	1	75	1	75	5.60e-46	139
MDA9042913.1	QIZ20926.1	95.923	417	17	0	1	417	1	417	0.0	798
MDA9042914.1	QIZ20927.1	98.378	185	3	0	1	185	1	185	1.71e-134	369
MDA9042915.1	QIZ21032.1	30.182	550	306	19	1	509	1	513	6.52e-58	199
MDA9042918.1	QIZ21426.1	96.198	263	10	0	1	263	1	263	0.0	510
MDA9042919.1	QIZ21427.1	97.021	235	7	0	1	235	1	235	2.56e-169	461
MDA9042920.1	QIZ21428.1	98.837	86	1	0	1	86	1	86	9.74e-54	165
