MDB2344467.1	QIZ21493.1	65.323	248	69	1	1	231	1	248	6.34e-109	309
MDB2344468.1	QIZ20549.1	72.214	637	176	1	1	636	1	637	0.0	979
MDB2344469.1	QIZ20548.1	87.121	264	34	0	1	264	1	264	6.54e-174	476
MDB2344470.1	QIZ20547.1	75.399	313	76	1	1	312	1	313	6.06e-175	482
MDB2344471.1	QIZ20546.1	80.089	447	87	1	1	447	1	445	0.0	750
MDB2344472.1	QIZ20545.1	74.595	370	94	0	1	370	1	370	0.0	545
MDB2344481.1	QIZ20851.1	33.645	321	185	9	1	315	1	299	8.30e-39	136
MDB2344483.1	QIZ20793.1	65.979	291	98	1	4	293	2	292	1.34e-138	389
MDB2344484.1	QIZ21591.1	72.571	175	48	0	1	175	1	175	1.54e-82	237
MDB2344485.1	QIZ21592.1	66.867	166	54	1	1	165	1	166	5.44e-82	236
MDB2344486.1	QIZ21311.1	76.923	338	75	2	1	335	1	338	0.0	534
MDB2344488.1	QIZ21593.1	62.209	344	130	0	1	344	1	344	1.15e-157	441
MDB2344490.1	QIZ20183.1	50.407	123	61	0	8	130	4	126	4.88e-33	108
MDB2344491.1	QIZ20184.1	47.078	308	161	1	1	306	1	308	1.08e-94	278
MDB2344492.1	QIZ20190.1	47.778	360	180	4	1	357	1	355	1.01e-116	338
MDB2344493.1	QIZ20191.1	67.778	180	57	1	5	184	4	182	2.11e-93	265
MDB2344494.1	QIZ20192.1	63.473	167	61	0	1	167	1	167	6.69e-75	217
MDB2344496.1	QIZ20196.1	67.857	196	63	0	7	202	4	199	3.15e-103	291
MDB2344497.1	QIZ20197.1	74.048	289	75	0	1	289	1	289	1.07e-166	459
MDB2344498.1	QIZ20198.1	63.636	396	144	0	5	400	4	399	4.61e-157	444
MDB2344499.1	QIZ20199.1	53.571	140	62	2	1	139	1	138	1.27e-44	140
MDB2344500.1	QIZ20204.1	57.862	318	134	0	1	318	1	318	5.05e-140	395
MDB2344501.1	QIZ20205.1	49.231	260	131	1	3	261	18	277	1.82e-59	186
MDB2344502.1	QIZ20220.1	80.833	480	92	0	1	480	5	484	0.0	803
MDB2344503.1	QIZ20221.1	80.277	649	124	2	1	649	1	645	0.0	1093
MDB2344504.1	QIZ20222.1	85.976	328	46	0	8	335	15	342	0.0	613
MDB2344505.1	QIZ20224.1	47.642	212	103	5	3	213	1	205	6.10e-58	177
MDB2344509.1	QIZ20555.1	39.483	271	164	0	7	277	226	496	1.63e-57	187
MDB2344510.1	QIZ20621.1	51.333	300	137	4	6	298	4	301	2.23e-95	280
MDB2344511.1	QIZ20225.1	70.588	374	110	0	1	374	1	374	0.0	565
MDB2344512.1	QIZ20226.1	70.470	298	88	0	1	298	1	298	1.71e-157	437
MDB2344513.1	QIZ21451.1	37.209	172	108	0	20	191	18	189	1.54e-31	109
MDB2344514.1	QIZ20228.1	60.352	227	83	2	1	220	1	227	4.11e-99	283
MDB2344515.1	QIZ20229.1	68.020	197	63	0	15	211	8	204	1.23e-93	268
MDB2344516.1	QIZ20230.1	66.174	609	201	3	1	607	1	606	0.0	813
MDB2344518.1	QIZ20679.1	68.519	54	17	0	3	56	22	75	2.03e-25	84.7
MDB2344519.1	QIZ20231.1	77.996	459	100	1	1	458	1	459	0.0	764
MDB2344520.1	QIZ20232.1	65.272	239	83	0	5	243	5	243	4.20e-116	328
MDB2344521.1	QIZ20233.1	58.499	453	184	2	1	449	1	453	0.0	537
MDB2344522.1	QIZ20234.1	70.169	533	157	1	1	531	1	533	0.0	797
MDB2344523.1	QIZ20235.1	49.576	236	115	2	3	237	4	236	9.03e-65	197
MDB2344524.1	QIZ20236.1	70.244	205	61	0	1	205	1	205	2.79e-113	317
MDB2344526.1	QIZ20958.1	40.984	183	96	4	12	192	13	185	6.54e-35	120
MDB2344528.1	QIZ20237.1	68.627	102	32	0	3	104	5	106	2.06e-52	155
MDB2344529.1	QIZ20238.1	68.493	73	23	0	1	73	1	73	5.95e-33	104
MDB2344530.1	QIZ20239.1	63.686	727	263	1	1	726	1	727	0.0	956
MDB2344531.1	QIZ20240.1	56.444	225	97	1	1	225	1	224	7.64e-92	265
MDB2344532.1	QIZ20241.1	57.895	76	31	1	1	75	1	76	9.20e-29	94.4
MDB2344533.1	QIZ20242.1	69.847	262	77	1	1	262	1	260	1.60e-137	384
MDB2344534.1	QIZ20243.1	67.674	430	139	0	1	430	1	430	0.0	614
MDB2344535.1	QIZ20244.1	65.041	246	86	0	4	249	3	248	1.43e-122	345
MDB2344536.1	QIZ20245.1	55.963	218	96	0	1	218	1	218	4.47e-82	241
MDB2344537.1	QIZ20246.1	55.870	247	107	2	4	250	3	247	8.09e-96	277
MDB2344539.1	QIZ20248.1	64.427	253	85	2	3	250	4	256	9.92e-107	305
MDB2344541.1	QIZ20249.1	52.209	249	116	2	1	248	1	247	1.20e-96	279
MDB2344542.1	QIZ20250.1	86.216	399	52	1	1	399	1	396	0.0	695
MDB2344543.1	QIZ20251.1	62.903	62	23	0	1	62	1	62	1.05e-27	90.5
MDB2344544.1	QIZ20252.1	62.791	172	64	0	2	173	3	174	1.02e-79	230
MDB2344545.1	QIZ20253.1	85.816	141	20	0	1	141	1	141	4.83e-88	248
MDB2344546.1	QIZ20254.1	55.856	222	96	2	5	225	3	223	4.86e-84	245
MDB2344547.1	QIZ20255.1	56.790	162	70	0	1	162	1	162	4.53e-64	190
MDB2344548.1	QIZ20256.1	71.311	122	34	1	1	122	1	121	1.99e-46	142
MDB2344549.1	QIZ20257.1	70.562	1369	391	6	1	1363	1	1363	0.0	1985
MDB2344550.1	QIZ20258.1	76.218	1396	323	4	1	1395	1	1388	0.0	2211
MDB2344551.1	QIZ20259.1	91.870	123	10	0	1	123	1	123	3.31e-81	229
MDB2344552.1	QIZ20260.1	67.308	156	51	0	1	156	1	156	4.28e-80	229
MDB2344553.1	QIZ20261.1	83.068	691	117	0	1	691	1	691	0.0	1212
MDB2344554.1	QIZ20262.1	88.235	102	12	0	1	102	1	102	8.88e-65	186
MDB2344555.1	QIZ20263.1	68.670	233	67	1	1	233	1	227	8.29e-115	324
MDB2344556.1	QIZ20264.1	49.029	206	103	2	1	205	1	205	5.88e-57	175
MDB2344557.1	QIZ20265.1	63.918	97	35	0	1	97	1	97	1.29e-36	115
MDB2344558.1	QIZ20266.1	62.816	277	102	1	1	276	1	277	4.73e-123	348
MDB2344559.1	QIZ20267.1	74.713	87	22	0	1	87	1	87	3.33e-46	139
MDB2344560.1	QIZ20268.1	60.909	110	43	0	8	117	15	124	1.47e-46	142
MDB2344561.1	QIZ20269.1	75.349	215	53	0	1	215	1	215	1.90e-126	352
MDB2344562.1	QIZ20270.1	85.821	134	19	0	1	134	1	134	8.57e-84	237
MDB2344564.1	QIZ20272.1	58.667	75	31	0	1	75	1	75	3.81e-22	77.4
MDB2344565.1	QIZ20273.1	82.787	122	21	0	1	122	1	122	7.76e-72	206
MDB2344566.1	QIZ20274.1	61.429	70	27	0	2	71	1	70	8.71e-25	84.3
MDB2344567.1	QIZ20275.1	60.465	172	68	0	1	172	1	172	1.93e-76	222
MDB2344569.1	QIZ21387.1	76.356	461	109	0	1	461	1	461	0.0	719
MDB2344574.1	QIZ21388.1	80.000	315	63	0	1	315	1	315	0.0	541
MDB2344576.1	QIZ21395.1	69.597	273	82	1	1	273	1	272	1.86e-145	404
MDB2344577.1	QIZ21396.1	74.850	334	81	2	37	367	29	362	1.69e-180	501
MDB2344578.1	QIZ21397.1	78.819	288	60	1	1	288	1	287	6.27e-162	447
MDB2344580.1	QIZ21399.1	63.617	470	158	7	9	470	7	471	0.0	580
MDB2344581.1	QIZ21400.1	53.333	285	133	0	4	288	6	290	2.91e-93	275
MDB2344582.1	QIZ21401.1	82.881	590	97	2	1	588	1	588	0.0	1003
MDB2344583.1	QIZ21402.1	72.928	181	49	0	1	181	1	181	6.49e-97	274
MDB2344584.1	QIZ21403.1	84.071	339	54	0	1	339	1	339	0.0	600
MDB2344585.1	QIZ21404.1	83.493	521	84	2	1	521	1	519	0.0	912
MDB2344586.1	QIZ21405.1	82.687	335	58	0	1	335	11	345	0.0	570
MDB2344587.1	QIZ21406.1	41.833	251	142	3	1	249	1	249	1.70e-57	185
MDB2344588.1	QIZ21407.1	34.503	171	109	2	1	170	4	172	5.69e-21	80.5
MDB2344589.1	QIZ21408.1	52.019	644	293	5	5	634	3	644	0.0	693
MDB2344590.1	QIZ21409.1	59.452	365	148	0	3	367	2	366	7.60e-146	414
MDB2344592.1	QIZ21410.1	60.488	410	158	2	9	418	7	412	0.0	527
MDB2344593.1	QIZ21411.1	49.315	292	148	0	3	294	4	295	4.32e-102	296
MDB2344594.1	QIZ21412.1	64.444	315	112	0	1	315	1	315	7.04e-157	437
MDB2344597.1	QIZ20348.1	69.882	425	127	1	5	428	6	430	0.0	620
MDB2344599.1	QIZ20316.1	72.422	417	114	1	1	416	1	417	0.0	659
MDB2344600.1	QIZ20315.1	64.045	89	32	0	1	89	1	89	1.28e-42	131
MDB2344601.1	QIZ20314.1	44.599	1009	514	15	11	994	12	1000	0.0	866
MDB2344604.1	QIZ21358.1	72.080	351	97	1	1	350	1	351	0.0	509
MDB2344605.1	QIZ21513.1	30.108	837	546	18	1	825	1	810	1.40e-115	365
MDB2344606.1	QIZ21536.1	68.610	223	70	0	1	223	1	223	1.29e-116	328
MDB2344607.1	QIZ20567.1	67.188	128	41	1	2	129	5	131	4.25e-62	182
MDB2344608.1	QIZ20568.1	74.737	190	47	1	1	190	1	189	3.28e-102	288
MDB2344609.1	QIZ21414.1	70.492	122	36	0	3	124	2	123	2.90e-64	187
MDB2344610.1	QIZ20480.1	54.667	150	67	1	37	186	35	183	9.81e-60	180
MDB2344612.1	QIZ20587.1	61.864	236	89	1	2	237	1	235	6.16e-97	278
MDB2344614.1	QIZ21415.1	43.373	83	47	0	1	83	1	83	1.90e-22	78.6
MDB2344615.1	QIZ21416.1	66.667	96	32	0	1	96	1	96	1.67e-41	127
MDB2344616.1	QIZ21417.1	56.863	204	88	0	1	204	1	204	4.93e-76	223
MDB2344617.1	QIZ21418.1	80.583	412	78	1	3	412	2	413	0.0	691
MDB2344618.1	QIZ21419.1	85.522	297	43	0	1	297	1	297	0.0	512
MDB2344619.1	QIZ21420.1	69.054	349	108	0	6	354	2	350	0.0	507
MDB2344620.1	QIZ21421.1	81.301	246	44	1	1	244	1	246	3.65e-153	422
MDB2344621.1	QIZ21422.1	86.590	261	35	0	1	261	1	261	2.98e-170	466
MDB2344622.1	QIZ21423.1	62.931	232	86	0	1	232	1	232	8.18e-114	321
MDB2344623.1	QIZ21424.1	53.398	103	48	0	4	106	2	104	1.14e-36	116
MDB2344624.1	QIZ20565.1	48.805	293	143	3	5	297	6	291	1.60e-95	280
MDB2344627.1	QIZ20485.1	31.911	492	302	7	5	479	9	484	1.66e-85	267
MDB2344631.1	QIZ21425.1	69.595	296	90	0	2	297	6	301	2.21e-151	422
MDB2344632.1	QIZ20187.1	78.834	326	68	1	2	326	1	326	0.0	506
MDB2344633.1	QIZ20188.1	69.872	156	47	0	1	156	1	156	1.87e-77	223
MDB2344634.1	QIZ20189.1	86.774	499	66	0	1	499	1	499	0.0	847
MDB2344637.1	QIZ20185.1	66.949	354	117	0	5	358	2	355	4.69e-143	405
MDB2344639.1	QIZ21419.1	28.522	291	183	8	5	289	13	284	9.64e-30	110
MDB2344640.1	QIZ20711.1	28.076	317	202	6	110	420	39	335	8.80e-30	114
MDB2344641.1	QIZ20710.1	36.538	260	135	6	5	261	3	235	1.13e-49	159
MDB2344642.1	QIZ20709.1	42.060	233	134	1	1	233	2	233	7.75e-62	189
MDB2344643.1	QIZ21432.1	30.861	337	202	12	11	327	5	330	5.56e-25	100
MDB2344644.1	QIZ21450.1	74.545	110	28	0	2	111	4	113	6.17e-62	180
MDB2344645.1	QIZ20215.1	78.621	145	31	0	1	145	1	145	4.06e-87	246
MDB2344646.1	QIZ21539.1	51.744	172	82	1	4	175	10	180	1.70e-48	151
MDB2344648.1	QIZ21540.1	57.447	141	59	1	6	146	8	147	9.97e-58	172
MDB2344649.1	QIZ21451.1	50.276	181	89	1	17	197	17	196	8.01e-61	184
MDB2344650.1	QIZ21452.1	75.928	889	214	0	1	889	1	889	0.0	1422
MDB2344651.1	QIZ20227.1	75.050	497	121	2	6	501	6	500	0.0	773
MDB2344652.1	QIZ21230.1	47.887	142	72	2	3	143	181	321	2.94e-39	130
MDB2344653.1	QIZ20647.1	37.306	193	120	1	3	195	8	199	6.92e-41	135
MDB2344654.1	QIZ20646.1	77.273	594	135	0	1	594	1	594	0.0	962
MDB2344655.1	QIZ20645.1	61.957	276	97	5	1	272	1	272	7.86e-117	332
MDB2344656.1	QIZ20644.1	53.571	112	51	1	6	117	8	118	3.69e-37	118
MDB2344657.1	QIZ20643.1	43.820	89	50	0	82	170	44	132	1.62e-22	83.6
MDB2344658.1	QIZ20642.1	76.072	443	106	0	1	443	1	443	0.0	709
MDB2344659.1	QIZ20641.1	60.839	143	52	3	1	141	1	141	8.90e-57	169
MDB2344660.1	QIZ20640.1	58.394	137	57	0	10	146	10	146	1.46e-51	157
MDB2344662.1	QIZ20638.1	72.619	252	69	0	7	258	6	257	2.31e-134	375
MDB2344663.1	QIZ20637.1	61.831	579	201	6	1	560	1	578	0.0	681
MDB2344665.1	QIZ20863.1	44.545	220	115	4	119	335	105	320	1.11e-52	174
MDB2344666.1	QIZ20636.1	50.543	184	90	1	540	722	543	726	9.47e-52	187
MDB2344667.1	QIZ20635.1	60.000	410	162	1	3	412	2	409	7.87e-176	493
MDB2344668.1	QIZ20634.1	55.615	374	163	2	1	372	1	373	2.61e-147	417
MDB2344669.1	QIZ20633.1	67.742	217	70	0	1	217	1	217	2.72e-106	301
MDB2344670.1	QIZ20632.1	69.925	133	40	0	1	133	1	133	2.96e-67	196
MDB2344671.1	QIZ20631.1	84.906	477	72	0	2	478	4	480	0.0	855
MDB2344672.1	QIZ20630.1	75.309	243	60	0	1	243	1	243	7.93e-133	370
MDB2344673.1	QIZ20629.1	40.759	395	223	5	15	403	18	407	1.81e-85	262
MDB2344674.1	QIZ20628.1	66.253	403	136	0	1	403	1	403	0.0	585
MDB2344675.1	QIZ20627.1	63.194	144	53	0	1	144	1	144	1.19e-65	192
MDB2344676.1	QIZ20626.1	65.306	98	33	1	3	100	2	98	1.17e-44	135
MDB2344677.1	QIZ20625.1	76.636	107	25	0	5	111	4	110	4.98e-61	178
MDB2344678.1	QIZ20624.1	80.086	467	93	0	1	467	1	467	0.0	811
MDB2344679.1	QIZ20622.1	54.762	294	133	0	1	294	1	294	1.52e-112	323
MDB2344681.1	QIZ20478.1	52.874	435	203	2	1	434	1	434	4.19e-156	447
MDB2344682.1	QIZ20477.1	78.713	202	43	0	1	202	1	202	7.40e-124	344
MDB2344683.1	QIZ20476.1	81.951	410	74	0	6	415	5	414	0.0	697
MDB2344684.1	QIZ20475.1	71.648	783	221	1	1	782	2	784	0.0	1131
MDB2344685.1	QIZ20953.1	39.731	297	149	6	3	296	4	273	2.19e-54	174
MDB2344688.1	QIZ20474.1	78.689	122	26	0	1	122	1	122	1.78e-65	190
MDB2344689.1	QIZ20473.1	87.791	172	21	0	7	178	2	173	1.84e-119	331
MDB2344690.1	QIZ20472.1	63.184	201	74	0	3	203	1	201	4.69e-93	266
MDB2344691.1	QIZ20471.1	85.166	391	58	0	1	391	1	391	0.0	707
MDB2344692.1	QIZ20470.1	63.158	190	70	0	1	190	1	190	8.30e-94	268
MDB2344693.1	QIZ20469.1	79.007	443	93	0	1	443	1	443	0.0	752
MDB2344694.1	QIZ20468.1	63.227	688	236	4	1	682	1	677	0.0	899
MDB2344695.1	QIZ20467.1	84.802	329	50	0	3	331	2	330	0.0	565
MDB2344696.1	QIZ20466.1	80.745	161	31	0	1	161	1	161	9.57e-102	285
MDB2344697.1	QIZ20465.1	68.095	210	65	2	1	208	1	210	5.68e-103	291
MDB2344698.1	QIZ20464.1	75.728	103	25	0	1	103	1	103	2.10e-42	130
MDB2344699.1	QIZ20463.1	70.644	637	185	2	1	635	1	637	0.0	899
MDB2344700.1	QIZ20462.1	70.528	492	144	1	1	492	1	491	0.0	732
MDB2344701.1	QIZ20461.1	58.710	465	191	1	2	465	1	465	0.0	514
MDB2344702.1	QIZ20460.1	42.105	171	99	0	1	171	1	171	1.14e-39	129
MDB2344703.1	QIZ20459.1	46.888	241	125	3	4	242	3	242	5.08e-56	175
MDB2344704.1	QIZ20458.1	65.942	552	185	3	3	553	2	551	0.0	795
MDB2344706.1	QIZ20456.1	69.053	433	132	1	1	431	1	433	0.0	624
MDB2344707.1	QIZ20455.1	48.426	413	207	2	1	410	1	410	4.28e-115	338
MDB2344708.1	QIZ20454.1	47.489	219	114	1	10	228	9	226	3.79e-66	200
MDB2344709.1	QIZ20453.1	57.118	1131	479	4	1	1128	2	1129	0.0	1320
MDB2344711.1	QIZ20452.1	50.704	284	132	4	7	286	4	283	6.20e-92	270
MDB2344712.1	QIZ20451.1	60.989	182	71	0	5	186	2	183	1.49e-76	223
MDB2344713.1	QIZ20450.1	52.444	225	104	1	1	222	1	225	7.83e-72	214
MDB2344714.1	QIZ20449.1	43.318	217	111	5	2	209	1	214	7.68e-44	142
MDB2344715.1	QIZ21204.1	47.573	103	54	0	7	109	16	118	1.27e-32	107
MDB2344716.1	QIZ21203.1	86.183	427	59	0	3	429	2	428	0.0	754
MDB2344717.1	QIZ21202.1	48.915	507	250	5	5	504	7	511	4.89e-149	432
MDB2344718.1	QIZ21201.1	84.979	233	33	1	2	232	3	235	8.31e-149	410
MDB2344719.1	QIZ21200.1	69.048	924	283	2	1	921	1	924	0.0	1293
MDB2344720.1	QIZ21199.1	66.452	310	97	4	3	309	4	309	9.14e-147	410
MDB2344721.1	QIZ21198.1	57.377	183	78	0	1	183	1	183	1.28e-71	210
MDB2344722.1	QIZ21197.1	75.843	178	43	0	13	190	10	187	3.86e-100	283
MDB2344723.1	QIZ21196.1	65.990	394	131	2	50	442	1	392	0.0	560
MDB2344724.1	QIZ21195.1	82.164	342	60	1	8	348	6	347	0.0	583
MDB2344725.1	QIZ21194.1	90.034	291	29	0	1	291	1	291	0.0	516
MDB2344726.1	QIZ20951.1	43.855	415	232	1	7	420	4	418	2.33e-113	335
MDB2344727.1	QIZ20952.1	69.376	689	197	4	7	685	1	685	0.0	976
MDB2344728.1	QIZ20992.1	47.568	370	193	1	1	370	1	369	4.49e-122	353
MDB2344729.1	QIZ20993.1	57.812	448	185	2	18	461	16	463	0.0	526
MDB2344730.1	QIZ20994.1	50.602	83	41	0	1	83	1	83	2.82e-24	83.2
MDB2344731.1	QIZ20995.1	41.237	291	165	3	1	289	1	287	4.11e-64	199
MDB2344732.1	QIZ20996.1	58.547	234	97	0	1	234	1	234	2.52e-104	297
MDB2344733.1	QIZ20997.1	58.238	522	217	1	1	521	1	522	0.0	617
MDB2344734.1	QIZ20998.1	53.865	401	179	4	3	401	4	400	9.67e-149	423
MDB2344735.1	QIZ20999.1	61.111	144	56	0	1	144	1	144	1.14e-61	182
MDB2344736.1	QIZ21000.1	52.720	239	110	2	11	246	13	251	5.65e-79	234
MDB2344737.1	QIZ21001.1	40.816	147	85	2	1	147	2	146	7.90e-38	122
MDB2344738.1	QIZ21002.1	66.327	196	66	0	1	196	1	196	1.67e-99	282
MDB2344739.1	QIZ21003.1	80.587	443	85	1	1	442	1	443	0.0	764
MDB2344740.1	QIZ21004.1	93.478	138	9	0	1	138	1	138	5.60e-95	266
MDB2344741.1	QIZ21005.1	53.333	135	62	1	8	142	8	141	5.99e-48	147
MDB2344742.1	QIZ21006.1	74.096	166	43	0	1	166	1	166	1.03e-91	260
MDB2344743.1	QIZ21007.1	95.285	403	19	0	1	403	1	403	0.0	801
MDB2344744.1	QIZ21008.1	95.402	261	12	0	1	261	1	261	0.0	516
MDB2344745.1	QIZ21010.1	79.390	689	142	0	1	689	1	689	0.0	1110
MDB2344746.1	QIZ21011.1	62.667	75	28	0	12	86	8	82	1.06e-28	94.4
MDB2344747.1	QIZ21012.1	58.333	120	49	1	1	120	1	119	3.42e-48	147
MDB2344748.1	QIZ21013.1	54.290	746	308	10	4	727	2	736	0.0	752
MDB2344749.1	QIZ21014.1	65.891	516	176	0	1	516	14	529	0.0	679
MDB2344750.1	QIZ21015.1	75.064	389	94	2	1	388	1	387	0.0	579
MDB2344751.1	QIZ21016.1	37.924	472	272	9	21	483	19	478	1.75e-94	293
MDB2344753.1	QIZ21018.1	63.518	307	112	0	17	323	19	325	5.57e-143	402
MDB2344754.1	QIZ21019.1	57.208	437	183	1	1	433	10	446	2.02e-176	497
MDB2344755.1	QIZ21020.1	76.923	130	30	0	3	132	4	133	3.51e-71	205
MDB2344757.1	QIZ21022.1	50.898	334	160	4	10	343	2	331	2.82e-118	341
MDB2344759.1	QIZ21023.1	48.901	182	90	2	1	182	2	180	8.68e-57	172
MDB2344760.1	QIZ21024.1	64.350	331	116	1	5	333	3	333	2.71e-155	434
MDB2344761.1	QIZ21025.1	56.299	508	221	1	1	508	1	507	0.0	533
MDB2344762.1	QIZ21026.1	64.000	325	116	1	1	324	434	758	7.37e-149	432
MDB2344763.1	QIZ21027.1	60.109	183	70	1	8	187	10	192	2.15e-77	226
MDB2344764.1	QIZ21028.1	52.555	274	125	3	8	278	16	287	8.93e-84	249
MDB2344765.1	QIZ21029.1	38.259	379	228	2	9	382	4	381	1.30e-79	245
MDB2344766.1	QIZ21030.1	50.785	191	88	1	3	187	8	198	2.80e-49	154
MDB2344767.1	QIZ21031.1	54.762	168	76	0	18	185	34	201	5.67e-61	184
MDB2344768.1	QIZ21032.1	81.688	628	115	0	1	628	1	628	0.0	1047
MDB2344769.1	QIZ21033.1	63.807	373	132	2	1	371	1	372	7.97e-174	484
MDB2344771.1	QIZ21034.1	76.357	258	61	0	2	259	1	258	8.62e-148	409
MDB2344772.1	QIZ21035.1	76.500	200	47	0	18	217	18	217	7.78e-121	337
MDB2344773.1	QIZ21036.1	73.052	308	83	0	1	308	1	308	7.36e-168	464
MDB2344775.1	QIZ21037.1	46.341	123	60	3	82	201	73	192	1.84e-25	93.6
MDB2344776.1	QIZ21038.1	41.401	157	89	3	6	161	7	161	2.06e-31	107
MDB2344777.1	QIZ21039.1	58.639	191	78	1	26	216	27	216	1.10e-76	226
MDB2344778.1	QIZ21040.1	41.622	185	94	6	3	182	5	180	1.43e-29	103
MDB2344780.1	QIZ21042.1	49.102	167	80	4	7	171	10	173	1.04e-50	157
MDB2344781.1	QIZ21043.1	57.059	850	344	12	1	835	1	844	0.0	956
MDB2344783.1	QIZ21045.1	33.542	319	207	5	1	315	1	318	1.97e-38	135
MDB2344784.1	QIZ21046.1	50.523	287	128	5	1	282	1	278	6.72e-93	272
MDB2344785.1	QIZ21047.1	66.667	252	83	1	5	255	4	255	8.85e-117	331
MDB2344786.1	QIZ21048.1	35.071	211	130	5	1	204	1	211	5.56e-32	111
MDB2344787.1	QIZ21049.1	69.952	619	184	1	6	624	7	623	0.0	890
MDB2344788.1	QIZ21050.1	57.207	444	187	3	1	442	1	443	5.97e-173	488
MDB2344789.1	QIZ21077.1	34.160	363	207	14	6	351	16	363	6.78e-42	146
MDB2344790.1	QIZ21076.1	76.106	339	81	0	1	339	238	576	0.0	535
MDB2344791.1	QIZ20763.1	77.070	628	143	1	3	630	1	627	0.0	958
MDB2344792.1	QIZ20762.1	50.141	355	165	4	1	350	1	348	2.35e-100	296
MDB2344793.1	QIZ20761.1	73.077	442	119	0	1	442	1	442	0.0	654
MDB2344794.1	QIZ20760.1	68.148	270	86	0	1	270	1	270	8.03e-132	370
MDB2344795.1	QIZ20759.1	82.009	428	77	0	1	428	1	428	0.0	737
MDB2344796.1	QIZ20758.1	71.233	292	82	2	8	298	3	293	1.40e-151	422
MDB2344797.1	QIZ20757.1	49.538	325	164	0	1	325	1	325	8.28e-105	305
MDB2344798.1	QIZ20953.1	37.455	275	146	10	3	261	4	268	3.92e-47	154
MDB2344802.1	QIZ20541.1	32.609	230	149	3	13	238	17	244	8.07e-35	122
MDB2344803.1	QIZ20756.1	47.386	306	161	0	12	317	4	309	6.22e-95	280
MDB2344805.1	QIZ20754.1	53.979	289	133	0	2	290	1	289	9.32e-101	293
MDB2344806.1	QIZ20753.1	74.598	622	158	0	3	624	5	626	0.0	1004
MDB2344807.1	QIZ20752.1	77.994	359	79	0	1	359	1	359	0.0	581
MDB2344808.1	QIZ20751.1	59.420	207	83	1	5	210	2	208	5.19e-91	261
MDB2344809.1	QIZ20750.1	61.424	337	130	0	1	337	1	337	2.30e-149	419
MDB2344810.1	QIZ20749.1	67.407	270	86	2	1	270	1	268	2.50e-124	350
MDB2344811.1	QIZ20748.1	76.207	290	69	0	5	294	4	293	6.91e-174	478
MDB2344812.1	QIZ20747.1	45.481	686	370	1	1	682	1	686	0.0	629
MDB2344813.1	QIZ20746.1	75.395	886	217	1	1	886	1	885	0.0	1415
MDB2344817.1	QIZ20745.1	55.970	268	114	3	4	269	10	275	1.45e-99	288
MDB2344818.1	QIZ20744.1	73.860	329	86	0	1	329	1	329	0.0	520
MDB2344819.1	QIZ20353.1	50.000	424	210	2	4	425	5	428	1.56e-126	369
MDB2344820.1	QIZ20363.1	52.597	308	144	2	1	307	1	307	1.65e-110	319
MDB2344821.1	QIZ20362.1	35.579	579	352	8	4	579	2	562	3.94e-114	347
MDB2344822.1	QIZ20501.1	52.188	320	151	1	1	318	1	320	3.47e-111	321
MDB2344828.1	QIZ20416.1	30.769	234	152	4	1	232	1	226	4.09e-32	114
MDB2344829.1	QIZ20599.1	47.176	301	155	2	1	299	1	299	1.08e-98	288
MDB2344831.1	QIZ21401.1	25.179	560	363	18	37	572	23	550	1.03e-30	122
MDB2344832.1	QIZ20606.1	73.849	478	125	0	1	478	1	478	0.0	762
MDB2344835.1	QIZ20360.1	44.852	709	363	14	1	697	7	699	0.0	529
MDB2344836.1	QIZ20795.1	52.339	342	156	4	4	345	1	335	5.08e-117	338
MDB2344837.1	QIZ20829.1	29.358	327	200	8	9	334	16	312	1.46e-31	119
MDB2344842.1	QIZ20359.1	63.407	317	103	2	1	317	1	304	1.65e-149	418
MDB2344844.1	QIZ20356.1	73.034	89	24	0	1	89	4	92	1.06e-44	135
MDB2344845.1	QIZ20354.1	60.870	299	116	1	1	298	1	299	6.08e-131	370
MDB2344846.1	QIZ20364.1	41.945	329	166	8	5	319	4	321	2.69e-75	231
MDB2344847.1	QIZ20365.1	63.441	93	34	0	1	93	1	93	3.64e-42	129
MDB2344848.1	QIZ20367.1	71.026	390	113	0	1	390	1	390	0.0	511
MDB2344849.1	QIZ20686.1	39.552	134	73	3	5	132	4	135	7.95e-28	95.9
MDB2344850.1	QIZ20368.1	55.901	161	70	1	11	170	1	161	4.68e-61	183
MDB2344851.1	QIZ20369.1	49.027	257	129	2	1	255	1	257	1.08e-78	234
MDB2344852.1	QIZ20370.1	51.383	253	122	1	2	254	1	252	5.98e-84	247
MDB2344853.1	QIZ20371.1	60.707	509	199	1	3	511	2	509	0.0	648
MDB2344854.1	QIZ20884.1	56.044	182	79	1	15	196	15	195	4.13e-66	202
MDB2344855.1	QIZ20883.1	47.849	186	93	2	22	207	22	203	7.10e-55	169
MDB2344856.1	QIZ20882.1	38.994	318	182	8	1	311	1	313	1.99e-68	212
MDB2344857.1	QIZ20582.1	55.238	105	47	0	9	113	6	110	1.19e-29	99.0
MDB2344859.1	QIZ20597.1	24.739	287	199	7	12	290	8	285	6.96e-24	94.0
MDB2344861.1	QIZ20595.1	44.986	369	181	6	1	350	1	366	5.15e-107	313
MDB2344864.1	QIZ20411.1	87.500	320	39	1	1	320	1	319	0.0	567
MDB2344865.1	QIZ20410.1	75.117	213	53	0	1	213	1	213	5.44e-116	325
MDB2344866.1	QIZ20409.1	83.099	71	12	0	3	73	2	72	7.68e-40	121
MDB2344867.1	QIZ20881.1	57.831	166	68	2	1	164	1	166	9.84e-70	204
MDB2344868.1	QIZ20880.1	66.667	270	90	0	1	270	1	270	7.03e-118	334
MDB2344869.1	QIZ20879.1	74.485	388	99	0	1	388	1	388	0.0	578
MDB2344870.1	QIZ20878.1	51.948	308	144	3	1	307	1	305	1.75e-107	311
MDB2344871.1	QIZ20877.1	58.470	183	71	2	1	182	11	189	6.73e-78	226
MDB2344872.1	QIZ20876.1	47.737	243	126	1	1	242	1	243	7.50e-69	208
MDB2344873.1	QIZ20875.1	48.551	276	140	2	5	280	3	276	3.39e-92	270
MDB2344874.1	QIZ20874.1	49.291	564	256	6	4	554	6	552	5.85e-178	509
MDB2344875.1	QIZ20873.1	52.830	106	49	1	1	106	1	105	1.60e-32	105
MDB2344876.1	QIZ20872.1	62.944	197	70	2	4	198	3	198	6.30e-88	253
MDB2344877.1	QIZ20871.1	64.485	718	250	2	9	721	14	731	0.0	984
MDB2344878.1	QIZ20870.1	64.208	366	126	1	1	366	1	361	1.02e-175	489
MDB2344879.1	QIZ21496.1	74.627	67	17	0	3	69	2	68	1.61e-33	105
MDB2344880.1	QIZ20922.1	42.140	458	235	10	13	444	12	465	1.32e-104	314
MDB2344881.1	QIZ20921.1	41.880	351	189	8	1	342	1	345	3.22e-80	244
MDB2344882.1	QIZ20920.1	44.762	210	115	1	2	211	3	211	1.08e-62	191
MDB2344883.1	QIZ21235.1	83.365	529	88	0	1	529	1	529	0.0	898
MDB2344884.1	QIZ21236.1	86.170	94	13	0	1	94	1	94	1.87e-55	162
MDB2344885.1	QIZ21237.1	47.810	274	130	4	7	278	10	272	8.44e-87	256
MDB2344886.1	QIZ20732.1	56.296	135	56	2	1	134	291	423	3.71e-42	140
MDB2344887.1	QIZ20542.1	43.151	438	237	4	4	433	5	438	4.61e-102	308
MDB2344888.1	QIZ20377.1	52.759	290	136	1	2	290	3	292	6.78e-97	283
MDB2344889.1	QIZ20317.1	54.054	703	309	5	48	737	29	730	0.0	768
MDB2344890.1	QIZ20318.1	68.259	293	89	1	1	289	1	293	2.30e-148	413
MDB2344891.1	QIZ20319.1	69.231	156	48	0	1	156	1	156	2.65e-78	225
MDB2344892.1	QIZ20320.1	46.711	152	75	2	3	152	15	162	1.51e-36	120
MDB2344893.1	QIZ20321.1	66.382	586	192	2	1	582	1	585	0.0	800
MDB2344894.1	QIZ20322.1	64.433	194	68	1	1	193	1	194	2.43e-80	233
MDB2344895.1	QIZ20323.1	60.256	234	93	0	5	238	3	236	9.68e-93	268
MDB2344896.1	QIZ20324.1	46.400	125	66	1	1	124	1	125	1.51e-32	107
MDB2344897.1	QIZ20325.1	63.445	238	87	0	8	245	6	243	6.15e-108	307
MDB2344898.1	QIZ20326.1	54.854	206	93	0	8	213	8	213	1.86e-76	225
MDB2344899.1	QIZ20327.1	38.596	228	130	3	1	223	1	223	1.26e-45	147
MDB2344900.1	QIZ20328.1	77.812	329	73	0	1	329	1	329	0.0	536
MDB2344901.1	QIZ20329.1	84.038	213	34	0	1	213	1	213	2.40e-143	394
MDB2344902.1	QIZ20330.1	60.284	141	56	0	5	145	1	141	1.91e-58	174
MDB2344903.1	QIZ20331.1	74.279	416	107	0	2	417	19	434	0.0	635
MDB2344904.1	QIZ20332.1	65.132	152	51	1	1	152	1	150	8.00e-68	198
MDB2344906.1	QIZ20333.1	52.850	193	90	1	1	193	1	192	2.71e-64	192
MDB2344907.1	QIZ20334.1	53.261	368	151	5	1	349	1	366	1.18e-113	330
MDB2344908.1	QIZ20335.1	58.955	134	44	3	2	134	3	126	4.92e-46	142
MDB2344909.1	QIZ20336.1	47.967	123	64	0	8	130	8	130	2.08e-39	125
MDB2344910.1	QIZ20338.1	81.170	701	129	2	1	699	1	700	0.0	1110
MDB2344911.1	QIZ20339.1	41.860	129	75	0	21	149	16	144	1.65e-31	106
MDB2344913.1	QIZ20341.1	63.158	57	20	1	1	56	1	57	1.37e-22	77.0
MDB2344914.1	QIZ20342.1	54.545	341	146	4	1	339	1	334	3.57e-126	361
MDB2344916.1	QIZ20344.1	50.000	116	51	6	7	117	12	125	1.16e-25	89.7
MDB2344917.1	QIZ20345.1	77.778	63	14	0	1	63	1	63	5.61e-31	98.6
MDB2344918.1	QIZ20346.1	60.465	86	34	0	8	93	11	96	1.07e-24	85.1
MDB2344919.1	QIZ20347.1	45.533	347	172	4	1	341	1	336	3.95e-83	251
MDB2344920.1	QIZ20349.1	58.553	152	63	0	1	152	1	152	5.17e-67	196
MDB2344921.1	QIZ20350.1	66.906	139	46	0	8	146	11	149	7.39e-63	185
MDB2344922.1	QIZ20351.1	51.765	340	160	2	6	344	3	339	1.18e-113	329
MDB2344924.1	QIZ20448.1	50.182	275	132	3	1	273	108	379	2.13e-79	241
MDB2344927.1	QIZ20445.1	57.047	298	127	1	22	318	27	324	8.31e-114	328
MDB2344928.1	QIZ20446.1	74.483	145	37	0	6	150	2	146	3.09e-81	232
MDB2344929.1	QIZ20444.1	63.320	259	95	0	1	259	1	259	4.61e-117	332
MDB2344930.1	QIZ20443.1	56.923	260	111	1	1	259	1	260	1.47e-90	264
MDB2344931.1	QIZ21095.1	63.095	336	122	2	20	355	29	362	5.04e-162	453
MDB2344932.1	QIZ20442.1	60.638	376	148	0	1	376	1	376	2.63e-157	443
MDB2344933.1	QIZ20939.1	43.234	303	164	5	7	306	8	305	3.75e-85	254
MDB2344934.1	QIZ21414.1	60.833	120	47	0	32	151	3	122	2.73e-56	168
MDB2344937.1	QIZ20441.1	67.253	455	146	1	5	456	6	460	0.0	623
MDB2344938.1	QIZ20440.1	73.333	225	58	1	1	223	1	225	6.77e-124	346
MDB2344939.1	QIZ20439.1	54.661	236	104	1	19	251	20	255	1.04e-81	242
MDB2344940.1	QIZ20438.1	57.402	331	140	1	1	331	1	330	1.38e-136	387
MDB2344941.1	QIZ20437.1	66.129	186	63	0	1	186	1	186	2.87e-92	263
MDB2344942.1	QIZ20436.1	63.599	489	164	3	3	484	2	483	0.0	583
MDB2344943.1	QIZ20435.1	27.708	480	312	9	16	484	17	472	9.11e-30	117
MDB2344944.1	QIZ20434.1	47.131	244	124	2	3	246	7	245	2.11e-74	222
MDB2344945.1	QIZ20433.1	56.566	99	43	0	1	99	1	99	7.40e-38	118
MDB2344946.1	QIZ20432.1	82.056	535	96	0	1	535	1	535	0.0	925
MDB2344947.1	QIZ20431.1	75.092	273	68	0	1	273	1	273	1.22e-153	425
MDB2344948.1	QIZ20430.1	62.857	420	151	4	1	418	1	417	1.91e-173	487
MDB2344950.1	QIZ20428.1	82.566	304	53	0	1	304	1	304	0.0	516
MDB2344951.1	QIZ20427.1	47.183	142	75	0	1	142	1	142	4.09e-44	137
MDB2344953.1	QIZ20426.1	63.504	137	50	0	19	155	16	152	2.21e-56	169
MDB2344954.1	QIZ20425.1	67.073	164	54	0	1	164	1	164	3.03e-72	211
MDB2344955.1	QIZ20424.1	55.906	381	158	4	1	381	1	371	9.70e-126	363
MDB2344959.1	QIZ20790.1	60.773	362	142	0	1	362	1	362	1.95e-158	445
MDB2344960.1	QIZ20789.1	89.474	95	10	0	1	95	1	95	3.75e-58	170
MDB2344961.1	QIZ20788.1	86.022	465	64	1	2	466	1	464	0.0	816
MDB2344962.1	QIZ21233.1	88.430	605	70	0	1	605	1	605	0.0	1117
MDB2344964.1	QIZ20786.1	79.365	63	13	0	1	63	1	63	1.52e-31	100
MDB2344965.1	QIZ20785.1	58.857	175	72	0	1	175	1	175	1.30e-77	226
MDB2344966.1	QIZ20784.1	82.432	74	13	0	1	74	1	74	1.38e-43	131
MDB2344967.1	QIZ20783.1	50.775	258	110	3	1	258	1	241	8.63e-84	247
MDB2344968.1	QIZ20782.1	67.568	185	60	0	1	185	1	185	1.29e-92	264
MDB2344969.1	QIZ20781.1	55.000	200	89	1	2	200	8	207	7.23e-54	167
MDB2344970.1	QIZ20780.1	62.538	331	124	0	3	333	4	334	1.03e-156	438
MDB2344971.1	QIZ20779.1	49.485	388	193	3	9	395	6	391	2.08e-123	358
MDB2344972.1	QIZ20777.1	62.730	652	235	1	8	659	8	651	0.0	854
MDB2344974.1	QIZ20775.1	50.725	138	68	0	1	138	1	138	3.62e-45	140
MDB2344975.1	QIZ20774.1	50.735	136	66	1	45	180	43	177	7.43e-37	122
MDB2344976.1	QIZ20773.1	63.534	266	95	2	1	266	1	264	1.56e-124	351
MDB2344977.1	QIZ20772.1	56.723	238	103	0	1	238	1	238	9.66e-100	286
MDB2344978.1	QIZ20771.1	58.282	163	66	1	1	161	1	163	1.32e-72	211
MDB2344979.1	QIZ20770.1	67.257	226	72	1	1	226	1	224	6.54e-109	308
MDB2344980.1	QIZ20769.1	83.088	136	23	0	1	136	1	136	8.87e-84	237
MDB2344981.1	QIZ20768.1	64.844	256	88	2	1	255	15	269	5.62e-108	308
MDB2344982.1	QIZ20767.1	79.070	430	88	1	17	444	16	445	0.0	724
MDB2344983.1	QIZ20766.1	69.811	159	47	1	1	158	1	159	6.40e-76	219
MDB2344984.1	QIZ20765.1	56.803	294	113	4	12	295	30	319	2.37e-120	344
MDB2344985.1	QIZ20764.1	45.960	198	103	3	20	215	25	220	1.60e-47	155
MDB2344986.1	QIZ20372.1	38.587	184	109	2	15	194	11	194	2.22e-28	104
MDB2344987.1	QIZ20373.1	49.479	192	87	4	4	194	3	185	9.80e-45	144
MDB2344988.1	QIZ20374.1	60.686	379	145	1	4	382	9	383	3.75e-165	463
MDB2344989.1	QIZ20375.1	35.217	230	142	4	18	245	28	252	2.43e-33	117
MDB2344990.1	QIZ20376.1	63.608	316	113	2	17	331	19	333	4.47e-143	403
MDB2344992.1	QIZ20379.1	55.244	677	296	5	4	677	8	680	0.0	716
MDB2344993.1	QIZ20380.1	62.564	195	73	0	6	200	6	200	1.08e-84	245
MDB2344994.1	QIZ20381.1	59.559	272	110	0	1	272	1	272	8.82e-128	360
MDB2344995.1	QIZ20382.1	59.783	368	148	0	1	368	1	368	2.12e-170	476
MDB2344996.1	QIZ20383.1	63.587	184	66	1	1	183	1	184	1.55e-84	243
MDB2344997.1	QIZ20384.1	66.460	161	54	0	2	162	3	163	1.07e-78	226
MDB2344998.1	QIZ20385.1	72.229	857	230	1	1	857	1	849	0.0	1226
MDB2344999.1	QIZ20386.1	71.795	156	38	2	1	153	1	153	1.52e-79	228
MDB2345000.1	QIZ20387.1	79.452	949	194	1	1	949	1	948	0.0	1577
MDB2345001.1	QIZ20388.1	78.000	200	41	1	1	200	1	197	4.81e-115	321
MDB2345002.1	QIZ20389.1	64.626	294	101	2	6	297	3	295	1.68e-136	384
MDB2345003.1	QIZ20390.1	59.417	515	202	5	1	510	1	513	0.0	591
MDB2345004.1	QIZ20391.1	68.132	91	28	1	5	94	4	94	1.31e-40	125
MDB2345005.1	QIZ20392.1	63.812	362	130	1	1	361	55	416	1.87e-171	479
MDB2345006.1	QIZ21057.1	57.143	126	54	0	1	126	67	192	3.61e-49	151
MDB2345007.1	QIZ21054.1	32.219	329	200	9	12	322	11	334	3.04e-54	177
MDB2345009.1	QIZ21052.1	82.270	423	74	1	1	423	1	422	0.0	720
MDB2345010.1	QIZ21078.1	43.750	208	109	3	5	205	7	213	2.79e-56	173
MDB2345012.1	QIZ21079.1	57.367	509	213	2	8	516	14	518	0.0	570
MDB2345014.1	QIZ21080.1	67.130	216	71	0	5	220	4	219	4.98e-103	293
MDB2345015.1	QIZ21081.1	71.845	103	29	0	9	111	12	114	1.58e-53	159
MDB2345016.1	QIZ21082.1	72.565	616	155	3	1	616	1	602	0.0	857
MDB2345017.1	QIZ21083.1	51.163	86	41	1	1	85	1	86	3.06e-28	93.2
MDB2345018.1	QIZ21084.1	46.842	190	96	2	2	188	17	204	1.80e-51	160
MDB2345019.1	QIZ21085.1	80.938	640	122	0	79	718	40	679	0.0	1096
MDB2345020.1	QIZ21086.1	75.182	137	34	0	1	137	1	137	4.28e-77	221
MDB2345021.1	QIZ21088.1	58.380	358	148	1	1	358	1	357	4.51e-155	436
MDB2345022.1	QIZ21089.1	46.535	303	162	0	3	305	5	307	1.50e-84	252
MDB2345023.1	QIZ21090.1	40.722	194	114	1	1	194	1	193	2.50e-44	143
MDB2345026.1	QIZ21234.1	58.392	423	160	4	1	422	1	408	4.78e-168	485
MDB2345027.1	QIZ20591.1	49.822	281	139	2	1	280	1	280	2.10e-95	278
MDB2345028.1	QIZ21105.1	60.667	150	57	1	2	149	1	150	5.23e-56	168
MDB2345029.1	QIZ21511.1	40.351	171	95	5	3	171	2	167	1.01e-41	135
MDB2345033.1	QIZ21537.1	73.397	312	83	0	1	312	2	313	2.30e-154	431
MDB2345034.1	QIZ20673.1	52.570	428	188	2	1	426	1	415	1.49e-141	407
MDB2345041.1	QIZ21161.1	73.817	317	82	1	3	318	2	318	1.68e-168	466
MDB2345042.1	QIZ21160.1	80.483	497	97	0	1	497	1	497	0.0	864
MDB2345043.1	QIZ21159.1	77.132	258	58	1	1	258	1	257	1.98e-153	423
MDB2345044.1	QIZ21158.1	84.602	591	90	1	1	591	1	590	0.0	1070
MDB2345045.1	QIZ21157.1	68.519	108	34	0	1	108	1	108	1.17e-43	134
MDB2345046.1	QIZ21156.1	60.163	123	49	0	4	126	3	125	1.01e-52	158
MDB2345047.1	QIZ21155.1	66.970	330	108	1	1	329	1	330	1.23e-162	452
MDB2345048.1	QIZ21150.1	81.250	368	69	0	1	368	1	368	0.0	604
MDB2345049.1	QIZ21149.1	69.697	198	60	0	1	198	9	206	2.52e-104	295
MDB2345050.1	QIZ21148.1	78.326	466	101	0	1	466	1	466	0.0	768
MDB2345051.1	QIZ21146.1	68.468	222	68	1	1	222	9	228	5.60e-112	316
MDB2345052.1	QIZ20656.1	33.657	309	177	9	7	302	7	300	1.53e-24	96.7
MDB2345053.1	QIZ20655.1	32.885	818	517	14	1	796	1	808	6.82e-113	358
MDB2345054.1	QIZ20654.1	34.985	343	213	3	23	362	22	357	3.85e-49	164
MDB2345055.1	QIZ20653.1	30.239	377	229	8	6	361	5	368	9.76e-45	154
MDB2345056.1	QIZ20652.1	81.031	485	92	0	1	485	1	485	0.0	801
MDB2345057.1	QIZ20651.1	74.627	134	34	0	2	135	3	136	4.20e-64	187
MDB2345058.1	QIZ20650.1	48.889	180	91	1	6	184	12	191	3.14e-50	156
MDB2345059.1	QIZ20649.1	58.382	346	135	3	1	342	1	341	7.63e-137	388
MDB2345063.1	QIZ20898.1	37.605	476	292	5	1	474	1	473	7.50e-110	329
MDB2345068.1	QIZ21189.1	55.263	228	102	0	1	228	22	249	2.06e-83	252
MDB2345069.1	QIZ21190.1	67.308	520	170	0	1	520	6	525	0.0	734
MDB2345070.1	QIZ21191.1	57.391	345	147	0	1	345	1	345	1.00e-132	378
MDB2345071.1	QIZ21192.1	65.000	80	28	0	1	80	1	80	8.73e-33	105
MDB2345072.1	QIZ21193.1	64.162	173	62	0	7	179	8	180	5.04e-83	239
MDB2345074.1	QIZ20950.1	66.667	378	116	6	38	413	233	602	9.80e-179	507
MDB2345075.1	QIZ20489.1	67.133	286	94	0	1	286	78	363	8.87e-146	409
MDB2345076.1	QIZ20488.1	49.289	211	89	3	4	199	12	219	1.70e-67	202
MDB2345077.1	QIZ20487.1	78.360	439	95	0	4	442	2	440	0.0	651
MDB2345078.1	QIZ20553.1	95.794	428	18	0	1	428	1	428	0.0	830
MDB2345080.1	QIZ20953.1	37.847	288	156	8	2	287	3	269	3.71e-46	152
MDB2345082.1	QIZ21139.1	66.234	154	52	0	1	154	21	174	1.01e-63	193
MDB2345083.1	QIZ21138.1	72.414	58	16	0	1	58	2	59	7.90e-26	85.1
MDB2345084.1	QIZ21137.1	75.057	441	110	0	1	441	1	441	0.0	670
MDB2345085.1	QIZ21136.1	91.391	453	39	0	1	453	1	453	0.0	794
MDB2345086.1	QIZ21135.1	88.144	194	23	0	1	194	2	195	1.55e-132	365
MDB2345087.1	QIZ21134.1	87.273	385	48	1	1	384	1	385	0.0	674
MDB2345088.1	QIZ21125.1	59.621	317	128	0	1	317	1	317	2.19e-139	392
MDB2345089.1	QIZ21384.1	56.383	282	118	2	5	282	276	556	2.93e-103	308
MDB2345090.1	QIZ21383.1	52.741	675	304	7	9	677	8	673	0.0	696
MDB2345091.1	QIZ21382.1	47.442	215	113	0	38	252	43	257	1.99e-69	212
MDB2345092.1	QIZ21381.1	54.945	273	123	0	6	278	6	278	3.19e-102	298
MDB2345094.1	QIZ20393.1	67.672	232	74	1	2	232	4	235	1.16e-116	329
MDB2345097.1	QIZ20396.1	64.186	215	76	1	6	220	13	226	2.41e-106	302
MDB2345098.1	QIZ20397.1	61.885	244	92	1	1	243	1	244	4.75e-92	267
MDB2345099.1	QIZ20398.1	49.359	312	156	2	3	313	5	315	3.23e-97	285
MDB2345101.1	QIZ20400.1	51.300	577	278	2	1	574	1	577	0.0	583
MDB2345102.1	QIZ21166.1	65.148	439	151	2	1	439	1	437	0.0	593
MDB2345103.1	QIZ21165.1	70.934	289	84	0	2	290	137	425	9.02e-161	450
MDB2345104.1	QIZ21165.1	55.046	109	49	0	1	109	1	109	5.62e-31	109
MDB2345105.1	QIZ21164.1	65.294	850	292	3	2	849	120	968	0.0	1203
MDB2345106.1	QIZ20661.1	65.546	238	81	1	2	238	5	242	5.24e-114	322
MDB2345107.1	QIZ20662.1	50.163	307	152	1	1	307	1	306	2.24e-98	288
MDB2345108.1	QIZ20663.1	41.748	103	60	0	1	103	1	103	1.03e-26	91.3
MDB2345109.1	QIZ20664.1	60.000	70	28	0	21	90	1	70	9.20e-25	84.3
MDB2345110.1	QIZ20665.1	46.053	152	79	1	1	149	1	152	4.90e-32	107
MDB2345111.1	QIZ20666.1	65.678	472	157	4	6	477	6	472	0.0	638
MDB2345112.1	QIZ20667.1	53.216	171	80	0	1	171	1	171	1.05e-54	181
MDB2345113.1	QIZ20961.1	86.192	239	33	0	1	239	117	355	3.22e-163	451
MDB2345114.1	QIZ20960.1	59.227	802	325	1	1	800	1	802	0.0	926
MDB2345115.1	QIZ20959.1	83.893	596	96	0	3	598	6	601	0.0	1058
MDB2345116.1	QIZ21144.1	68.363	452	141	1	1	450	1	452	0.0	601
MDB2345117.1	QIZ21143.1	51.111	270	125	3	4	270	3	268	7.74e-72	218
MDB2345118.1	QIZ21142.1	54.934	304	137	0	1	304	1	304	8.91e-108	311
MDB2345119.1	QIZ21140.1	52.174	253	121	0	14	266	19	271	7.54e-100	288
MDB2345121.1	QIZ20727.1	43.446	267	144	3	1	263	167	430	6.97e-66	207
MDB2345122.1	QIZ20726.1	81.471	367	68	0	1	367	1	367	0.0	625
MDB2345123.1	QIZ20725.1	68.065	739	231	3	1	737	1	736	0.0	1058
MDB2345124.1	QIZ21378.1	57.188	313	118	6	4	310	2	304	1.57e-98	288
MDB2345125.1	QIZ21377.1	46.127	284	143	4	21	299	33	311	4.66e-68	210
MDB2345126.1	QIZ21376.1	53.728	456	211	0	3	458	2	457	3.11e-173	490
MDB2345127.1	QIZ21375.1	36.967	211	120	5	2	207	153	355	4.55e-35	122
MDB2345128.1	QIZ21091.1	63.125	320	114	2	2	320	45	361	3.37e-151	424
MDB2345129.1	QIZ21092.1	58.333	96	40	0	1	96	1	96	6.73e-32	103
MDB2345130.1	QIZ21093.1	71.377	276	79	0	1	276	2	277	4.98e-147	409
MDB2345131.1	QIZ21104.1	47.619	126	66	0	1	126	1	126	1.77e-38	122
MDB2345132.1	QIZ21107.1	80.206	389	77	0	2	390	5	393	0.0	659
MDB2345133.1	QIZ21108.1	45.455	99	52	2	1	97	69	167	4.57e-31	103
MDB2345138.1	QIZ21188.1	78.587	453	97	0	5	457	5	457	0.0	683
MDB2345139.1	QIZ21189.1	70.833	96	28	0	1	96	386	481	3.54e-43	142
MDB2345141.1	QIZ20893.1	77.887	407	87	1	2	405	1	407	0.0	682
MDB2345142.1	QIZ20894.1	74.525	263	67	0	3	265	2	264	1.05e-134	377
MDB2345143.1	QIZ20895.1	50.167	299	144	3	1	295	1	298	1.88e-109	316
MDB2345146.1	QIZ21385.1	63.338	671	240	3	8	674	7	675	0.0	871
MDB2345147.1	QIZ21384.1	50.990	202	92	4	1	202	3	197	3.21e-56	182
MDB2345148.1	QIZ20965.1	77.041	588	135	0	2	589	51	638	0.0	971
MDB2345149.1	QIZ20964.1	67.956	181	58	0	1	181	1	181	1.35e-92	263
MDB2345150.1	QIZ20963.1	80.882	68	13	0	1	68	1	68	1.76e-36	112
MDB2345151.1	QIZ20962.1	82.075	106	19	0	1	106	1	106	1.74e-63	184
MDB2345154.1	QIZ20550.1	67.560	336	108	1	1	335	1	336	1.81e-159	445
MDB2345155.1	QIZ20552.1	70.530	302	89	0	1	302	1	302	6.88e-156	433
MDB2345157.1	QIZ20940.1	66.892	148	47	1	1	146	1	148	1.97e-72	210
MDB2345158.1	QIZ20937.1	64.844	384	134	1	1	383	1	384	0.0	530
MDB2345159.1	QIZ20936.1	73.272	217	54	2	1	214	60	275	2.23e-117	331
MDB2345160.1	QIZ21131.1	32.000	175	105	5	4	165	8	181	8.91e-22	84.7
MDB2345161.1	QIZ21130.1	28.169	284	197	4	7	284	4	286	2.12e-21	87.0
MDB2345162.1	QIZ21133.1	49.405	336	165	2	7	337	22	357	1.42e-117	340
MDB2345163.1	QIZ20311.1	78.505	107	22	1	13	119	16	121	4.59e-47	147
MDB2345164.1	QIZ20312.1	81.961	255	46	0	1	255	1	255	6.93e-152	419
MDB2345165.1	QIZ20731.1	71.094	128	37	0	1	128	1	128	6.66e-69	199
MDB2345166.1	QIZ20732.1	65.625	224	73	2	1	222	1	222	7.33e-109	315
MDB2345170.1	QIZ20886.1	35.857	251	159	2	3	251	5	255	9.13e-57	178
MDB2345171.1	QIZ20887.1	42.755	421	233	8	22	438	19	435	4.77e-77	243
MDB2345172.1	QIZ21373.1	39.446	289	152	8	13	286	14	294	1.16e-41	144
MDB2345176.1	QIZ20659.1	47.312	186	95	3	1	184	1	185	5.09e-51	159
MDB2345177.1	QIZ20658.1	44.015	259	136	5	4	258	5	258	1.62e-64	198
MDB2345178.1	QIZ20657.1	49.123	228	112	3	8	233	94	319	1.12e-65	202
MDB2345179.1	QIZ20412.1	68.539	89	28	0	1	89	313	401	1.82e-39	130
MDB2345180.1	QIZ20403.1	60.465	258	102	0	1	258	1	258	7.20e-116	328
MDB2345181.1	QIZ20402.1	51.429	105	50	1	1	104	1	105	3.77e-35	112
MDB2345182.1	QIZ20401.1	62.762	239	89	0	18	256	12	250	4.98e-110	318
MDB2345183.1	QIZ21239.1	73.082	691	186	0	1	691	1	691	0.0	1056
MDB2345187.1	QIZ21163.1	83.103	290	49	0	1	290	1	290	2.36e-169	466
MDB2345188.1	QIZ21162.1	70.026	387	115	1	1	387	1	386	0.0	555
