MDC0520211.1	QIZ20893.1	35.511	352	205	9	1	334	61	408	1.41e-56	185
MDC0520212.1	QIZ20894.1	29.762	252	168	5	18	266	19	264	5.38e-27	101
MDC0520213.1	QIZ20895.1	74.026	308	80	0	1	308	1	308	0.0	501
MDC0520214.1	QIZ20896.1	46.714	426	219	6	1	422	1	422	8.42e-134	387
MDC0520215.1	QIZ20897.1	57.009	107	43	2	1	105	1	106	1.21e-40	126
MDC0520216.1	QIZ20898.1	37.161	479	290	4	4	481	5	473	8.08e-113	337
MDC0520217.1	QIZ20908.1	48.696	230	111	3	1	223	1	230	4.50e-72	215
MDC0520219.1	QIZ20920.1	49.345	229	115	1	1	229	1	228	4.11e-74	220
MDC0520220.1	QIZ21087.1	41.219	279	154	3	1	275	1	273	1.03e-64	200
MDC0520221.1	QIZ20921.1	47.293	351	180	3	1	350	1	347	6.07e-112	325
MDC0520222.1	QIZ20922.1	63.812	467	164	4	1	464	1	465	0.0	578
MDC0520223.1	QIZ21496.1	67.692	65	21	0	3	67	2	66	1.17e-29	95.9
MDC0520224.1	QIZ20923.1	84.507	71	11	0	1	71	1	71	1.79e-41	125
MDC0520225.1	QIZ20924.1	81.733	427	78	0	1	427	2	428	0.0	693
MDC0520226.1	QIZ20925.1	71.318	129	37	0	1	129	1	129	3.75e-65	190
MDC0520227.1	QIZ20926.1	80.815	417	80	0	1	417	1	417	0.0	673
MDC0520228.1	QIZ20927.1	76.216	185	43	1	1	184	1	185	3.70e-99	280
MDC0520229.1	QIZ20928.1	87.692	65	8	0	1	65	1	65	6.81e-29	93.6
MDC0520230.1	QIZ20929.1	65.417	240	82	1	1	240	1	239	1.26e-109	311
MDC0520232.1	QIZ20931.1	78.947	114	23	1	1	113	1	114	1.35e-56	167
MDC0520233.1	QIZ20932.1	65.060	83	29	0	1	83	1	83	1.17e-35	112
MDC0520234.1	QIZ20933.1	73.835	558	145	1	1	557	1	558	0.0	892
MDC0520235.1	QIZ20934.1	70.486	288	85	0	1	288	1	288	3.47e-146	407
MDC0520236.1	QIZ20935.1	85.973	221	31	0	1	221	1	221	5.07e-146	402
MDC0520237.1	QIZ20936.1	74.275	276	70	1	1	276	1	275	1.40e-157	435
MDC0520238.1	QIZ20937.1	78.906	384	81	0	1	384	1	384	0.0	637
MDC0520239.1	QIZ20939.1	80.259	309	61	0	1	309	1	309	0.0	525
MDC0520240.1	QIZ20940.1	82.581	155	27	0	1	155	1	155	2.05e-97	274
MDC0520241.1	QIZ20941.1	70.325	246	73	0	1	246	1	246	3.21e-132	369
MDC0520242.1	QIZ20942.1	68.852	305	95	0	1	305	1	305	2.67e-159	442
MDC0520243.1	QIZ20943.1	80.814	172	32	1	1	171	1	172	5.73e-103	288
MDC0520244.1	QIZ20944.1	56.176	591	250	4	1	587	1	586	0.0	616
MDC0520246.1	QIZ20945.1	61.765	170	65	0	1	170	1	170	1.34e-74	217
MDC0520247.1	QIZ20946.1	66.120	366	124	0	1	366	1	366	1.75e-163	458
MDC0520248.1	QIZ20947.1	66.279	86	29	0	1	86	10	95	5.33e-35	110
MDC0520249.1	QIZ20948.1	79.429	175	36	0	1	175	1	175	3.27e-107	300
MDC0520250.1	QIZ20949.1	91.667	324	27	0	1	324	1	324	0.0	634
MDC0520251.1	QIZ20950.1	69.040	604	180	4	1	599	1	602	0.0	832
MDC0520252.1	QIZ20951.1	68.310	426	135	0	1	426	1	426	0.0	581
MDC0520253.1	QIZ20952.1	88.630	686	77	1	1	686	1	685	0.0	1258
MDC0520254.1	QIZ20959.1	91.973	598	48	0	1	598	4	601	0.0	1139
MDC0520255.1	QIZ20960.1	72.569	802	220	0	1	802	1	802	0.0	1154
MDC0520256.1	QIZ20961.1	85.915	355	50	0	1	355	1	355	0.0	649
MDC0520257.1	QIZ20962.1	94.068	118	7	0	1	118	1	118	3.36e-80	227
MDC0520258.1	QIZ20963.1	98.529	68	1	0	1	68	1	68	3.34e-44	132
MDC0520259.1	QIZ20964.1	91.160	181	16	0	1	181	1	181	1.24e-124	344
MDC0520260.1	QIZ20965.1	87.618	638	79	0	1	638	1	638	0.0	1190
MDC0520261.1	QIZ20966.1	77.083	384	88	0	1	384	1	384	0.0	599
MDC0520262.1	QIZ20967.1	71.545	246	70	0	1	246	1	246	1.68e-121	342
MDC0520263.1	QIZ20969.1	63.750	80	29	0	3	82	1421	1500	3.37e-32	112
MDC0520264.1	QIZ20492.1	89.167	240	26	0	1	240	19	258	4.39e-160	439
MDC0520265.1	QIZ20491.1	89.703	505	52	0	1	505	1	505	0.0	943
MDC0520266.1	QIZ20490.1	85.621	306	44	0	1	306	1	306	0.0	549
MDC0520267.1	QIZ20489.1	88.398	362	42	0	1	362	1	362	0.0	673
MDC0520268.1	QIZ20488.1	83.105	219	36	1	1	218	1	219	3.96e-125	348
MDC0520269.1	QIZ20487.1	87.982	441	53	0	1	441	1	441	0.0	743
MDC0520270.1	QIZ20486.1	77.627	295	66	0	2	296	1	295	3.09e-170	469
MDC0520271.1	QIZ20485.1	64.948	485	170	0	1	485	1	485	0.0	607
MDC0520273.1	QIZ20483.1	67.136	213	65	3	4	215	6	214	2.37e-100	286
MDC0520274.1	QIZ20482.1	73.571	140	37	0	1	140	1	140	1.02e-76	220
MDC0520275.1	QIZ20481.1	70.982	224	65	0	1	224	1	224	4.15e-118	331
MDC0520276.1	QIZ20480.1	59.763	169	68	0	13	181	13	181	3.18e-69	204
MDC0520279.1	QIZ20479.1	75.000	80	20	0	1	80	1	80	6.15e-42	127
MDC0520280.1	QIZ20478.1	74.743	487	118	2	1	483	1	486	0.0	701
MDC0520281.1	QIZ20477.1	88.670	203	23	0	1	203	1	203	7.10e-138	379
MDC0520282.1	QIZ20476.1	93.602	422	27	0	1	422	1	422	0.0	818
MDC0520283.1	QIZ20475.1	89.281	793	84	1	1	792	2	794	0.0	1423
MDC0520289.1	QIZ20733.1	55.172	290	130	0	1	290	1	290	6.99e-110	316
MDC0520291.1	QIZ20734.1	74.843	159	39	1	11	169	23	180	6.34e-85	243
MDC0520295.1	QIZ20736.1	75.845	207	50	0	1	207	1	207	3.48e-121	338
MDC0520296.1	QIZ20737.1	73.669	338	89	0	1	338	1	338	0.0	516
MDC0520297.1	QIZ20738.1	80.189	106	21	0	1	106	1	106	2.27e-63	183
MDC0520299.1	QIZ20739.1	83.794	253	41	0	1	253	1	253	1.89e-156	431
MDC0520300.1	QIZ20740.1	89.524	630	66	0	1	630	1	630	0.0	1185
MDC0520301.1	QIZ20741.1	74.074	108	28	0	1	108	1	108	1.13e-54	162
MDC0520302.1	QIZ20742.1	86.636	434	58	0	1	434	1	434	0.0	800
MDC0520303.1	QIZ20743.1	73.810	294	77	0	1	294	1	294	3.40e-162	449
MDC0520304.1	QIZ20744.1	89.666	329	34	0	1	329	1	329	0.0	621
MDC0520305.1	QIZ20745.1	73.333	135	36	0	1	135	1	135	8.48e-70	207
MDC0520309.1	QIZ20474.1	95.902	122	5	0	1	122	1	122	2.03e-80	228
MDC0520310.1	QIZ20473.1	90.643	171	16	0	1	171	3	173	1.58e-121	335
MDC0520311.1	QIZ20472.1	84.653	202	30	1	1	201	1	202	6.65e-129	357
MDC0520312.1	QIZ20471.1	93.606	391	25	0	1	391	1	391	0.0	769
MDC0520313.1	QIZ20470.1	85.149	202	30	0	1	202	1	202	3.27e-134	370
MDC0520314.1	QIZ20469.1	89.391	443	47	0	1	443	1	443	0.0	841
MDC0520315.1	QIZ20468.1	78.152	682	143	3	1	679	1	679	0.0	1109
MDC0520316.1	QIZ20467.1	93.373	332	22	0	1	332	1	332	0.0	627
MDC0520317.1	QIZ20466.1	90.062	161	16	0	1	161	1	161	1.15e-109	305
MDC0520318.1	QIZ20465.1	80.000	210	42	0	10	219	1	210	1.39e-123	344
MDC0520319.1	QIZ20464.1	85.437	103	15	0	1	103	1	103	6.31e-50	149
MDC0520320.1	QIZ20463.1	83.987	637	102	0	1	637	1	637	0.0	1091
MDC0520321.1	QIZ20462.1	84.490	490	74	1	1	490	1	488	0.0	847
MDC0520322.1	QIZ20461.1	77.944	467	102	1	1	467	1	466	0.0	699
MDC0520323.1	QIZ21273.1	81.687	486	88	1	1	486	1	485	0.0	817
MDC0520324.1	QIZ21274.1	78.788	165	35	0	1	165	4	168	4.10e-90	256
MDC0520325.1	QIZ21275.1	77.095	179	41	0	1	179	1	179	7.14e-99	279
MDC0520326.1	QIZ21276.1	100.000	75	0	0	1	75	1	75	1.79e-46	138
MDC0520327.1	QIZ21277.1	92.623	244	18	0	1	244	1	244	8.40e-167	456
MDC0520328.1	QIZ21278.1	78.022	91	20	0	1	91	1	91	7.23e-49	145
MDC0520329.1	QIZ21279.1	89.051	274	30	0	1	274	584	857	3.30e-175	501
MDC0520330.1	QIZ21287.1	55.062	405	181	1	16	419	15	419	1.79e-148	429
MDC0520331.1	QIZ21286.1	65.021	243	81	1	1	239	1	243	9.77e-107	304
MDC0520332.1	QIZ21285.1	79.781	183	37	0	1	183	1	183	1.44e-103	291
MDC0520333.1	QIZ21284.1	89.326	356	38	0	1	356	1	356	0.0	667
MDC0520334.1	QIZ21283.1	54.167	384	174	2	1	383	1	383	3.38e-141	402
MDC0520335.1	QIZ21282.1	63.323	319	117	0	6	324	6	324	2.41e-148	416
MDC0520336.1	QIZ21281.1	72.222	162	45	0	1	162	1	162	7.20e-78	224
MDC0520337.1	QIZ21280.1	67.614	176	57	0	17	192	21	196	1.88e-88	254
MDC0520338.1	QIZ21279.1	83.197	857	144	0	1	857	1	857	0.0	1451
MDC0520339.1	QIZ21278.1	78.022	91	20	0	1	91	1	91	7.23e-49	145
MDC0520340.1	QIZ21277.1	92.623	244	18	0	1	244	1	244	8.40e-167	456
MDC0520341.1	QIZ21276.1	100.000	75	0	0	1	75	1	75	1.79e-46	138
MDC0520342.1	QIZ21275.1	77.095	179	41	0	1	179	1	179	7.14e-99	279
MDC0520343.1	QIZ21274.1	78.788	165	35	0	1	165	4	168	4.10e-90	256
MDC0520344.1	QIZ21273.1	81.687	486	88	1	1	486	1	485	0.0	817
MDC0520345.1	QIZ21097.1	91.489	47	4	0	1	47	1	47	9.02e-26	92.4
MDC0520346.1	QIZ21096.1	87.288	236	30	0	1	236	1	236	2.30e-157	431
MDC0520347.1	QIZ21095.1	81.994	361	64	1	5	364	2	362	0.0	602
MDC0520348.1	QIZ21094.1	76.149	348	81	1	1	346	1	348	0.0	563
MDC0520353.1	QIZ21093.1	90.036	281	28	0	1	281	1	281	0.0	520
MDC0520354.1	QIZ21092.1	86.458	96	13	0	1	96	1	96	4.80e-58	169
MDC0520355.1	QIZ21091.1	83.657	361	59	0	1	361	1	361	0.0	570
MDC0520356.1	QIZ21090.1	71.552	232	66	0	1	232	1	232	2.25e-125	350
MDC0520357.1	QIZ21089.1	67.763	304	97	1	3	305	4	307	1.45e-145	407
MDC0520358.1	QIZ21088.1	80.392	357	70	0	1	357	1	357	0.0	604
MDC0520359.1	QIZ21086.1	85.401	137	20	0	1	137	1	137	1.80e-87	246
MDC0520360.1	QIZ21085.1	88.162	642	76	0	36	677	39	680	0.0	1189
MDC0520361.1	QIZ21084.1	87.923	207	25	0	1	207	1	207	5.22e-135	372
MDC0520362.1	QIZ21083.1	95.294	85	4	0	1	85	1	85	1.64e-58	169
MDC0520363.1	QIZ21082.1	97.342	602	16	0	1	602	1	602	0.0	1176
MDC0520364.1	QIZ21081.1	96.610	118	4	0	1	118	1	118	2.72e-81	229
MDC0520365.1	QIZ21080.1	84.076	157	25	0	1	157	1	157	8.76e-93	264
MDC0520366.1	QIZ20459.1	67.257	226	74	0	1	226	23	248	9.95e-99	283
MDC0520367.1	QIZ20458.1	87.296	551	70	0	1	551	1	551	0.0	1016
MDC0520368.1	QIZ20457.1	83.951	81	13	0	1	81	1	81	1.45e-38	119
MDC0520369.1	QIZ20456.1	81.306	444	83	0	1	444	1	444	0.0	754
MDC0520370.1	QIZ20455.1	72.993	411	110	1	1	411	1	410	0.0	577
MDC0520371.1	QIZ20454.1	64.444	225	80	0	1	225	1	225	3.11e-106	301
MDC0520372.1	QIZ20453.1	78.295	1138	247	0	1	1138	1	1138	0.0	1861
MDC0520374.1	QIZ20452.1	77.385	283	64	0	1	283	1	283	3.88e-161	445
MDC0520375.1	QIZ20451.1	78.142	183	40	0	1	183	1	183	1.86e-104	293
MDC0520377.1	QIZ21060.1	77.604	192	41	2	1	190	31	222	1.05e-106	301
MDC0520378.1	QIZ21061.1	60.000	140	56	0	1	140	1	140	9.21e-59	174
MDC0520379.1	QIZ21062.1	66.667	141	46	1	1	141	1	140	6.99e-54	162
MDC0520380.1	QIZ21063.1	70.707	198	57	1	1	198	1	197	3.03e-104	294
MDC0520381.1	QIZ21064.1	61.364	132	50	1	4	134	35	166	1.38e-53	162
MDC0520382.1	QIZ21065.1	88.184	457	52	2	1	457	1	455	0.0	799
MDC0520383.1	QIZ21066.1	88.304	171	20	0	1	171	1	171	2.47e-112	312
MDC0520384.1	QIZ21067.1	92.347	196	15	0	1	196	1	196	4.51e-136	374
MDC0520385.1	QIZ21068.1	87.019	208	27	0	1	208	1	208	4.72e-135	373
MDC0520386.1	QIZ21070.1	89.627	241	23	1	1	241	1	239	6.25e-157	431
MDC0520387.1	QIZ21071.1	88.446	251	29	0	1	251	1	251	2.08e-167	458
MDC0520388.1	QIZ21072.1	52.174	92	41	2	1	90	1	91	3.44e-22	78.6
MDC0520389.1	QIZ21073.1	75.207	121	30	0	1	121	1	121	2.35e-66	192
MDC0520390.1	QIZ21074.1	62.424	165	62	0	1	165	1	165	8.33e-75	217
MDC0520391.1	QIZ21075.1	55.263	76	34	0	1	76	109	184	2.54e-27	93.6
MDC0520392.1	QIZ21048.1	59.848	132	53	0	3	134	2	133	5.50e-54	164
MDC0520393.1	QIZ21049.1	88.122	623	74	0	1	623	1	623	0.0	1125
MDC0520394.1	QIZ21050.1	82.619	443	77	0	1	443	1	443	0.0	742
MDC0520395.1	QIZ21087.1	36.620	284	159	7	1	271	3	278	4.78e-44	146
MDC0520396.1	QIZ21052.1	96.209	422	16	0	1	422	1	422	0.0	823
MDC0520399.1	QIZ21055.1	76.038	313	75	0	1	313	21	333	0.0	501
MDC0520400.1	QIZ21439.1	82.216	388	69	0	19	406	1	388	0.0	682
MDC0520401.1	QIZ21440.1	86.908	359	47	0	3	361	4	362	0.0	657
MDC0520402.1	QIZ21441.1	93.906	361	22	0	13	373	13	373	0.0	699
MDC0520403.1	QIZ21442.1	87.229	415	53	0	1	415	1	415	0.0	749
MDC0520404.1	QIZ21443.1	94.718	284	15	0	1	284	1	284	0.0	513
MDC0520405.1	QIZ20975.1	37.209	387	221	6	5	371	9	393	2.31e-70	221
MDC0520406.1	QIZ21444.1	84.211	95	15	0	1	95	1	95	5.97e-50	163
MDC0520408.1	QIZ21177.1	79.327	416	86	0	1	416	1	416	0.0	651
MDC0520409.1	QIZ21178.1	75.272	368	91	0	1	368	1	368	0.0	563
MDC0520410.1	QIZ21179.1	77.676	327	73	0	1	327	1	327	0.0	509
MDC0520411.1	QIZ21180.1	95.238	84	4	0	1	84	1	84	4.89e-54	158
MDC0520412.1	QIZ21181.1	79.851	134	24	1	1	131	1	134	3.36e-77	221
MDC0520413.1	QIZ21182.1	69.874	239	72	0	5	243	1	239	1.47e-127	357
MDC0520414.1	QIZ21183.1	73.604	197	52	0	1	197	1	197	1.24e-106	300
MDC0520415.1	QIZ21184.1	76.216	370	88	0	1	370	1	370	0.0	608
MDC0520416.1	QIZ20551.1	82.909	275	47	0	1	275	106	380	3.95e-169	469
MDC0520417.1	QIZ21440.1	43.051	295	160	3	6	292	8	302	8.81e-82	249
MDC0520420.1	QIZ21344.1	59.929	282	112	1	1	281	1	282	3.85e-118	336
MDC0520421.1	QIZ21518.1	58.065	124	52	0	1	124	195	318	8.56e-44	141
MDC0520423.1	QIZ21175.1	81.034	116	22	0	1	116	1	116	5.89e-66	191
MDC0520424.1	QIZ21174.1	82.073	357	64	0	23	379	23	379	0.0	605
MDC0520425.1	QIZ21173.1	72.152	158	44	0	1	158	1	158	1.33e-84	241
MDC0520426.1	QIZ21172.1	80.000	130	26	0	1	130	1	130	3.31e-72	207
MDC0520427.1	QIZ21171.1	95.339	472	22	0	1	472	1	472	0.0	916
MDC0520428.1	QIZ21170.1	86.942	291	38	0	1	291	1	291	0.0	523
MDC0520429.1	QIZ21169.1	93.960	447	27	0	1	447	65	511	0.0	864
MDC0520430.1	QIZ20401.1	80.000	210	42	0	1	210	1	210	6.36e-121	343
MDC0520431.1	QIZ20402.1	83.810	105	17	0	1	105	1	105	1.90e-61	178
MDC0520432.1	QIZ20403.1	79.457	258	53	0	1	258	1	258	6.09e-161	442
MDC0520433.1	QIZ20404.1	80.120	332	66	0	1	332	1	332	0.0	563
MDC0520434.1	QIZ20405.1	80.153	131	26	0	2	132	3	133	5.54e-77	220
MDC0520435.1	QIZ20406.1	79.775	267	54	0	1	267	1	267	9.11e-154	425
MDC0520436.1	QIZ20407.1	71.951	246	69	0	1	246	3	248	6.45e-132	368
MDC0520437.1	QIZ20408.1	66.185	346	86	5	4	318	1	346	1.23e-162	453
MDC0520438.1	QIZ21041.1	44.606	343	150	11	1	317	1	329	4.04e-70	217
MDC0520439.1	QIZ21042.1	70.833	168	47	1	1	168	19	184	1.01e-86	248
MDC0520440.1	QIZ21043.1	69.421	847	255	3	1	846	1	844	0.0	1236
MDC0520442.1	QIZ20317.1	77.289	568	129	0	1	568	169	736	0.0	924
MDC0520444.1	QIZ20969.1	82.531	1351	236	0	1	1351	1	1351	0.0	2353
MDC0520445.1	QIZ21097.1	91.005	378	34	0	1	378	118	495	0.0	730
MDC0520446.1	QIZ21099.1	97.500	40	1	0	1	40	1	40	2.97e-23	77.4
MDC0520447.1	QIZ21100.1	89.855	138	14	0	1	138	1	138	5.32e-87	246
MDC0520448.1	QIZ21101.1	91.597	238	20	0	1	238	1	238	3.11e-167	457
MDC0520451.1	QIZ21102.1	95.812	191	8	0	1	191	1	191	1.48e-108	305
MDC0520452.1	QIZ20546.1	95.977	174	7	0	1	174	275	448	2.40e-117	335
MDC0520453.1	QIZ20545.1	88.798	366	41	0	1	366	1	366	0.0	631
MDC0520454.1	QIZ21541.1	85.661	537	77	0	1	537	1	537	0.0	956
MDC0520455.1	QIZ20314.1	79.654	231	47	0	1	231	1	231	2.53e-135	400
MDC0520456.1	QIZ20315.1	89.888	89	9	0	1	89	1	89	2.90e-62	179
MDC0520457.1	QIZ20316.1	95.204	417	20	0	1	417	1	417	0.0	832
MDC0520459.1	QIZ20393.1	85.398	226	33	0	1	226	1	226	7.16e-145	400
MDC0520460.1	QIZ20394.1	64.615	65	20	1	1	65	1	62	5.98e-22	76.6
MDC0520461.1	QIZ20395.1	77.941	68	13	1	1	66	1	68	7.26e-34	106
MDC0520462.1	QIZ20396.1	79.730	222	45	0	10	231	13	234	7.13e-134	372
MDC0520463.1	QIZ20397.1	81.224	245	46	0	1	245	1	245	2.35e-138	384
MDC0520464.1	QIZ20398.1	63.243	185	68	0	1	185	132	316	6.27e-81	239
MDC0520465.1	QIZ20355.1	36.250	160	102	0	3	162	118	277	6.30e-21	82.4
MDC0520466.1	QIZ21214.1	37.023	262	158	4	29	286	29	287	6.21e-41	139
MDC0520467.1	QIZ20189.1	94.790	499	26	0	1	499	1	499	0.0	921
MDC0520468.1	QIZ21059.1	62.667	150	56	0	1	150	1	150	5.48e-61	182
MDC0520469.1	QIZ21058.1	61.364	264	102	0	1	264	1	264	1.68e-113	323
MDC0520470.1	QIZ21057.1	70.312	192	57	0	1	192	1	192	6.62e-94	268
MDC0520471.1	QIZ21056.1	78.810	269	57	0	1	269	1	269	8.14e-162	446
MDC0520474.1	QIZ20550.1	79.279	333	68	1	1	332	1	333	0.0	515
MDC0520475.1	QIZ20549.1	91.481	270	23	0	2	271	368	637	0.0	508
MDC0520476.1	QIZ21189.1	77.725	422	92	1	1	420	60	481	0.0	656
MDC0520477.1	QIZ21188.1	88.517	418	48	0	1	418	1	418	0.0	684
MDC0520478.1	QIZ21034.1	89.809	157	16	0	3	159	101	257	1.73e-103	293
MDC0520479.1	QIZ21035.1	84.103	195	31	0	18	212	18	212	4.99e-128	356
MDC0520480.1	QIZ21036.1	69.579	309	93	1	1	309	1	308	2.97e-159	442
MDC0520481.1	QIZ21037.1	53.846	91	42	0	2	92	102	192	2.00e-28	97.4
MDC0520482.1	QIZ20871.1	82.881	479	74	1	1	471	255	733	0.0	840
MDC0520483.1	QIZ20872.1	86.207	203	28	0	1	203	1	203	5.20e-129	357
MDC0520484.1	QIZ20873.1	82.857	105	18	0	2	106	1	105	3.40e-60	175
MDC0520487.1	QIZ21047.1	85.985	264	37	0	1	264	1	264	8.45e-171	468
MDC0520488.1	QIZ21046.1	72.760	279	76	0	2	280	4	282	3.47e-149	414
MDC0520489.1	QIZ21045.1	45.226	199	109	0	2	200	133	331	8.63e-52	165
