MDC1054794.1	QIZ20230.1	95.228	482	23	0	1	482	1	482	0.0	951
MDC1054795.1	QIZ20229.1	89.855	207	21	0	1	207	1	207	1.73e-133	369
MDC1054796.1	QIZ20228.1	98.690	229	3	0	1	229	1	229	8.89e-172	467
MDC1054797.1	QIZ20227.1	98.200	500	9	0	1	500	1	500	0.0	1013
MDC1054798.1	QIZ20226.1	97.315	298	8	0	1	298	1	298	0.0	598
MDC1054799.1	QIZ20225.1	96.524	374	13	0	1	374	1	374	0.0	750
MDC1054800.1	QIZ20222.1	98.246	342	6	0	1	342	1	342	0.0	710
MDC1054801.1	QIZ20221.1	98.760	645	8	0	1	645	1	645	0.0	1331
MDC1054802.1	QIZ20220.1	96.901	484	15	0	1	484	1	484	0.0	966
MDC1054803.1	QIZ20219.1	83.333	90	15	0	1	90	1	90	5.84e-54	158
MDC1054804.1	QIZ20218.1	96.316	380	14	0	1	380	1	380	0.0	757
MDC1054813.1	QIZ20910.1	85.567	97	14	0	1	97	29	125	9.63e-61	177
MDC1054814.1	QIZ20911.1	70.588	187	54	1	1	187	1	186	1.08e-97	276
MDC1054819.1	QIZ20912.1	37.685	337	167	12	1	301	1	330	1.38e-53	174
MDC1054824.1	QIZ21307.1	26.316	266	188	6	9	269	9	271	1.18e-26	102
MDC1054830.1	QIZ20217.1	97.092	447	13	0	1	447	1	447	0.0	895
MDC1054837.1	QIZ21305.1	34.234	222	138	3	5	225	8	222	2.72e-32	113
MDC1054839.1	QIZ20416.1	35.743	249	142	6	8	251	6	241	3.58e-44	145
MDC1054843.1	QIZ21202.1	31.707	246	153	8	110	347	274	512	5.72e-22	92.0
MDC1054844.1	QIZ20411.1	97.819	321	7	0	1	321	1	321	0.0	632
MDC1054848.1	QIZ20216.1	94.006	317	19	0	1	317	2	318	0.0	612
MDC1054852.1	QIZ20215.1	97.931	145	3	0	1	145	1	145	2.12e-106	295
MDC1054854.1	QIZ20348.1	28.605	430	265	4	5	394	4	431	1.06e-50	172
MDC1054855.1	QIZ21347.1	27.206	544	321	20	186	699	89	587	1.96e-24	103
MDC1054857.1	QIZ20214.1	95.238	294	14	0	1	294	1	294	0.0	508
MDC1054858.1	QIZ20213.1	94.915	177	9	0	1	177	1	177	1.27e-110	308
MDC1054860.1	QIZ20212.1	98.148	162	3	0	1	162	1	162	9.56e-121	333
MDC1054861.1	QIZ20211.1	78.351	97	21	0	1	97	1	97	1.44e-55	163
MDC1054862.1	QIZ20210.1	88.213	526	62	0	11	536	11	536	0.0	920
MDC1054863.1	QIZ20208.1	85.606	132	19	0	1	132	1	132	1.02e-77	222
MDC1054864.1	QIZ20207.1	100.000	66	0	0	1	66	1	66	5.61e-44	131
MDC1054865.1	QIZ20206.1	82.949	434	74	0	1	434	1	434	0.0	749
MDC1054866.1	QIZ20205.1	94.245	278	16	0	1	278	1	278	2.07e-161	445
MDC1054867.1	QIZ20204.1	97.256	328	9	0	7	334	1	328	0.0	668
MDC1054868.1	QIZ20203.1	95.485	443	20	0	1	443	1	443	0.0	842
MDC1054869.1	QIZ20202.1	87.805	164	20	0	1	164	1	164	2.23e-105	294
MDC1054870.1	QIZ20201.1	92.560	336	25	0	1	336	1	336	0.0	658
MDC1054871.1	QIZ20200.1	96.850	381	12	0	1	381	1	381	0.0	762
MDC1054872.1	QIZ20199.1	90.857	175	16	0	1	175	1	175	1.67e-113	315
MDC1054873.1	QIZ20198.1	90.796	402	37	0	1	402	1	402	0.0	650
MDC1054874.1	QIZ20197.1	90.210	286	28	0	3	288	4	289	0.0	539
MDC1054875.1	QIZ20196.1	90.452	199	19	0	1	199	1	199	1.88e-139	383
MDC1054877.1	QIZ20193.1	37.457	291	172	4	1	288	2	285	4.96e-58	183
MDC1054878.1	QIZ20309.1	53.211	327	146	4	86	411	84	404	1.11e-123	360
MDC1054879.1	QIZ20309.1	51.698	265	122	4	21	282	146	407	2.59e-88	265
MDC1054880.1	QIZ20566.1	36.364	143	85	2	7	149	9	145	3.11e-22	82.8
MDC1054882.1	QIZ20192.1	95.808	167	7	0	1	167	1	167	4.96e-119	329
MDC1054883.1	QIZ20191.1	89.674	184	19	0	1	184	1	184	1.88e-125	347
MDC1054884.1	QIZ20190.1	93.872	359	22	0	1	359	1	359	0.0	692
MDC1054885.1	QIZ20185.1	30.267	337	223	4	20	352	26	354	3.75e-44	151
MDC1054886.1	QIZ20187.1	30.903	288	186	7	45	326	46	326	8.53e-34	122
MDC1054888.1	QIZ20189.1	40.792	505	276	8	10	504	8	499	7.59e-120	357
MDC1054889.1	QIZ20184.1	89.644	309	32	0	1	309	1	309	0.0	553
MDC1054890.1	QIZ20183.1	95.349	129	6	0	1	129	1	129	1.51e-85	241
MDC1054891.1	QIZ20182.1	99.107	224	2	0	1	224	1	224	3.51e-161	440
MDC1054892.1	QIZ20181.1	98.696	230	3	0	1	230	1	230	5.31e-165	450
MDC1054893.1	QIZ20180.1	83.509	285	45	1	1	285	1	283	2.07e-179	491
MDC1054894.1	QIZ21593.1	98.266	346	6	0	1	346	1	346	0.0	698
MDC1054898.1	QIZ21591.1	86.286	175	24	0	1	175	1	175	9.19e-104	291
MDC1054899.1	QIZ20957.1	31.908	304	179	6	3	284	1	298	1.05e-31	115
MDC1054900.1	QIZ20851.1	31.013	316	184	9	5	311	6	296	1.97e-36	129
MDC1054901.1	QIZ20292.1	30.627	271	145	9	1	235	1	264	6.72e-21	85.5
MDC1054903.1	QIZ21542.1	70.667	75	22	0	1	75	1	75	2.47e-32	102
MDC1054904.1	QIZ21541.1	92.232	811	63	0	1	811	4	814	0.0	1558
MDC1054905.1	QIZ20545.1	92.162	370	29	0	1	370	1	370	0.0	662
MDC1054906.1	QIZ20546.1	98.214	448	8	0	1	448	1	448	0.0	926
MDC1054907.1	QIZ20547.1	91.720	314	25	1	1	313	1	314	0.0	576
MDC1054908.1	QIZ20548.1	95.849	265	11	0	1	265	1	265	0.0	519
MDC1054909.1	QIZ20549.1	86.813	637	84	0	1	637	1	637	0.0	1144
MDC1054910.1	QIZ20550.1	95.238	336	16	0	1	336	1	336	0.0	631
MDC1054911.1	QIZ20551.1	85.789	380	54	0	1	380	1	380	0.0	690
MDC1054912.1	QIZ20552.1	94.389	303	17	0	1	303	1	303	0.0	579
MDC1054913.1	QIZ20553.1	90.187	428	42	0	1	428	1	428	0.0	791
MDC1054914.1	QIZ20554.1	71.642	201	57	0	1	201	1	201	1.21e-97	278
MDC1054915.1	QIZ20555.1	94.810	501	26	0	1	501	1	501	0.0	971
MDC1054916.1	QIZ20556.1	95.429	350	16	0	1	350	1	350	0.0	674
MDC1054917.1	QIZ20557.1	95.312	320	15	0	1	320	1	320	0.0	625
MDC1054918.1	QIZ20562.1	92.683	492	36	0	1	492	1	492	0.0	955
MDC1054919.1	QIZ20563.1	81.404	285	48	1	19	303	19	298	2.16e-168	466
MDC1054920.1	QIZ20567.1	88.148	135	16	0	1	135	1	135	6.16e-93	260
MDC1054921.1	QIZ20568.1	94.241	191	11	0	1	191	1	191	1.93e-132	365
MDC1054922.1	QIZ20569.1	97.898	333	7	0	1	333	1	333	0.0	659
MDC1054923.1	QIZ20570.1	97.826	138	3	0	1	138	1	138	9.58e-100	278
MDC1054924.1	QIZ20571.1	85.417	96	13	1	9	103	1	96	2.24e-57	167
MDC1054925.1	QIZ20563.1	46.667	285	144	5	13	292	13	294	1.35e-78	238
MDC1054927.1	QIZ20576.1	97.959	98	2	0	1	98	1	98	2.31e-66	190
MDC1054928.1	QIZ20577.1	86.792	106	14	0	1	106	1	106	9.57e-68	194
MDC1054929.1	QIZ20579.1	92.727	110	8	0	1	110	1	110	3.10e-69	198
MDC1054930.1	QIZ20583.1	91.228	114	10	0	1	114	1	114	2.27e-75	214
MDC1054931.1	QIZ20584.1	81.522	184	34	0	6	189	3	186	7.61e-111	310
MDC1054932.1	QIZ20585.1	86.194	268	37	0	1	268	1	268	3.18e-173	474
MDC1054933.1	QIZ20586.1	74.611	193	49	0	1	193	1	193	5.00e-110	308
MDC1054934.1	QIZ20587.1	82.128	235	42	0	1	235	1	235	7.04e-141	390
MDC1054935.1	QIZ20588.1	88.214	280	33	0	1	280	1	280	0.0	518
MDC1054936.1	QIZ20589.1	90.311	289	28	0	1	289	1	289	0.0	539
MDC1054937.1	QIZ20606.1	89.167	480	52	0	1	480	1	480	0.0	905
MDC1054938.1	QIZ20609.1	94.242	330	19	0	1	330	1	330	0.0	642
MDC1054939.1	QIZ20610.1	91.713	181	15	0	1	181	1	181	9.25e-124	342
MDC1054940.1	QIZ20611.1	80.952	84	16	0	1	84	1	84	2.10e-40	124
MDC1054941.1	QIZ20612.1	90.667	150	14	0	1	150	1	150	3.39e-90	254
MDC1054942.1	QIZ20613.1	91.362	301	26	0	1	301	1	301	0.0	578
MDC1054943.1	QIZ20614.1	95.238	189	9	0	1	189	1	189	4.47e-119	331
MDC1054944.1	QIZ20615.1	94.783	115	6	0	1	115	1	115	5.59e-82	231
MDC1054945.1	QIZ20616.1	96.923	520	16	0	57	576	62	581	0.0	1043
MDC1054946.1	QIZ20617.1	95.062	81	4	0	7	87	1	81	1.37e-55	162
MDC1054947.1	QIZ20618.1	96.988	166	5	0	1	166	1	166	7.21e-118	326
MDC1054948.1	QIZ20619.1	89.113	248	27	0	1	248	1	248	7.80e-134	373
MDC1054949.1	QIZ20620.1	92.857	196	14	0	1	196	1	196	7.63e-125	346
MDC1054950.1	QIZ20621.1	78.477	302	65	0	1	302	1	302	2.05e-173	478
MDC1054951.1	QIZ21502.1	96.059	203	8	0	1	203	1	203	7.30e-142	389
MDC1054952.1	QIZ21501.1	97.455	550	14	0	1	550	1	550	0.0	1107
MDC1054953.1	QIZ21500.1	96.594	323	11	0	1	323	1	323	0.0	649
MDC1054954.1	QIZ21499.1	95.092	163	8	0	1	163	1	163	7.47e-112	310
MDC1054955.1	QIZ21498.1	93.678	348	22	0	1	348	1	348	0.0	644
MDC1054956.1	QIZ21497.1	95.484	155	7	0	1	155	1	155	5.85e-108	300
MDC1054957.1	QIZ21496.1	100.000	68	0	0	1	68	1	68	2.29e-47	140
MDC1054958.1	QIZ21495.1	89.683	252	26	0	1	252	1	252	2.70e-173	473
MDC1054959.1	QIZ21494.1	78.261	115	25	0	1	115	1	115	5.46e-68	196
MDC1054960.1	QIZ21493.1	81.452	248	46	0	1	248	1	248	2.50e-142	394
MDC1054961.1	QIZ21492.1	55.479	146	65	0	1	146	1	146	2.63e-56	169
MDC1054962.1	QIZ21491.1	81.553	103	19	0	1	103	1	103	2.11e-46	140
MDC1054963.1	QIZ21490.1	94.346	283	16	0	1	283	1	283	0.0	529
MDC1054964.1	QIZ21489.1	89.744	195	20	0	1	195	1	195	2.38e-130	360
MDC1054965.1	QIZ21488.1	96.794	998	32	0	1	998	1	998	0.0	2009
MDC1054966.1	QIZ21487.1	96.591	88	3	0	1	88	1	88	1.78e-64	184
MDC1054967.1	QIZ21486.1	97.608	418	10	0	1	418	1	418	0.0	853
MDC1054968.1	QIZ21485.1	99.109	561	5	0	1	561	1	561	0.0	1142
MDC1054969.1	QIZ21484.1	90.875	263	24	0	1	263	1	263	1.12e-180	493
MDC1054970.1	QIZ21483.1	89.119	386	42	0	3	388	2	387	0.0	713
MDC1054971.1	QIZ20491.1	27.818	417	292	5	26	435	63	477	1.12e-52	180
MDC1054972.1	QIZ20661.1	38.554	249	137	7	5	247	6	244	1.24e-41	138
MDC1054974.1	QIZ20203.1	29.493	434	299	6	11	441	6	435	1.45e-62	204
MDC1054976.1	QIZ21482.1	95.238	63	3	0	1	63	1	63	3.31e-40	122
MDC1054977.1	QIZ21481.1	93.860	342	21	0	1	342	1	342	0.0	646
MDC1054978.1	QIZ21480.1	93.454	443	29	0	1	443	1	443	0.0	874
MDC1054979.1	QIZ21479.1	89.665	716	74	0	1	716	1	716	0.0	1293
MDC1054980.1	QIZ21478.1	88.824	340	38	0	1	340	1	340	0.0	618
MDC1054981.1	QIZ21477.1	73.295	176	47	0	3	178	8	183	1.43e-80	233
MDC1054982.1	QIZ21476.1	77.600	125	27	1	1	125	1	124	7.46e-68	196
MDC1054983.1	QIZ21475.1	68.707	147	46	0	7	153	1	147	9.45e-67	196
MDC1054984.1	QIZ21474.1	92.038	314	25	0	1	314	1	314	0.0	607
MDC1054985.1	QIZ21473.1	92.516	775	58	0	1	775	1	775	0.0	1510
MDC1054986.1	QIZ21472.1	80.702	114	22	0	3	116	2	115	2.35e-65	189
MDC1054987.1	QIZ21471.1	87.783	442	54	0	1	442	1	442	0.0	825
MDC1054988.1	QIZ21470.1	97.955	489	10	0	1	489	1	489	0.0	1014
MDC1054989.1	QIZ21469.1	97.452	314	8	0	1	314	1	314	0.0	630
MDC1054990.1	QIZ21468.1	97.887	284	6	0	1	284	1	284	0.0	570
MDC1054991.1	QIZ21467.1	98.312	474	8	0	1	474	1	474	0.0	970
MDC1054992.1	QIZ21466.1	96.992	133	4	0	1	133	1	133	1.80e-96	269
MDC1054993.1	QIZ21465.1	96.996	466	14	0	1	466	1	466	0.0	912
MDC1054994.1	QIZ21464.1	94.595	74	4	0	1	74	1	74	1.44e-49	146
MDC1054996.1	QIZ21463.1	72.603	292	80	0	1	292	1	292	7.45e-157	435
MDC1054997.1	QIZ21462.1	67.727	220	64	2	11	226	11	227	1.66e-104	297
MDC1054998.1	QIZ21461.1	75.822	426	103	0	10	435	14	439	0.0	599
MDC1054999.1	QIZ21460.1	81.859	441	80	0	1	441	1	441	0.0	766
MDC1055000.1	QIZ21459.1	85.263	380	56	0	1	380	1	380	0.0	679
MDC1055001.1	QIZ21458.1	92.178	473	37	0	1	473	1	473	0.0	902
MDC1055002.1	QIZ21457.1	92.086	139	11	0	1	139	1	139	1.97e-94	265
MDC1055003.1	QIZ21456.1	87.216	352	45	0	1	352	1	352	0.0	591
MDC1055004.1	QIZ21455.1	94.366	142	8	0	1	142	1	142	2.31e-99	277
MDC1055005.1	QIZ21454.1	42.446	417	239	1	17	433	18	433	1.17e-112	333
MDC1055006.1	QIZ21453.1	87.850	214	26	0	1	214	1	214	7.63e-111	312
MDC1055007.1	QIZ21452.1	97.300	889	24	0	1	889	1	889	0.0	1782
MDC1055008.1	QIZ21451.1	76.531	196	45	1	1	195	1	196	3.78e-99	281
MDC1055009.1	QIZ21450.1	90.265	113	11	0	1	113	1	113	1.25e-74	212
MDC1055010.1	QIZ21449.1	87.879	396	48	0	1	396	1	396	0.0	734
MDC1055014.1	QIZ20485.1	31.237	493	307	6	6	482	9	485	1.58e-84	265
MDC1055015.1	QIZ21448.1	94.351	478	27	0	1	478	1	478	0.0	916
MDC1055016.1	QIZ21447.1	95.597	318	14	0	1	318	1	318	0.0	636
MDC1055017.1	QIZ21446.1	90.789	228	21	0	27	254	18	245	4.66e-154	424
MDC1055018.1	QIZ21445.1	89.720	214	22	0	1	214	1	214	2.10e-141	389
MDC1055019.1	QIZ21444.1	92.973	740	52	0	1	740	1	740	0.0	1418
MDC1055020.1	QIZ21443.1	98.239	284	5	0	1	284	1	284	0.0	560
MDC1055021.1	QIZ21442.1	87.470	415	52	0	1	415	1	415	0.0	738
MDC1055022.1	QIZ21441.1	87.812	361	42	2	13	371	13	373	0.0	653
MDC1055023.1	QIZ21440.1	97.238	362	10	0	1	362	1	362	0.0	727
MDC1055024.1	QIZ21439.1	97.680	388	9	0	1	388	1	388	0.0	795
MDC1055025.1	QIZ20715.1	84.436	257	40	0	1	257	1	257	2.43e-161	443
MDC1055026.1	QIZ20716.1	94.964	139	7	0	1	139	1	139	5.22e-101	281
MDC1055027.1	QIZ20717.1	94.242	521	30	0	1	521	1	521	0.0	985
MDC1055028.1	QIZ20718.1	86.207	145	20	0	1	145	1	145	9.22e-88	248
MDC1055029.1	QIZ20719.1	98.045	358	7	0	1	358	1	358	0.0	692
MDC1055030.1	QIZ20720.1	98.522	203	3	0	1	203	1	203	5.47e-145	397
MDC1055031.1	QIZ20721.1	94.040	302	18	0	1	302	1	302	0.0	581
MDC1055032.1	QIZ20722.1	94.007	267	16	0	1	267	1	267	1.86e-174	477
MDC1055033.1	QIZ20723.1	93.953	215	13	0	1	215	1	215	1.25e-154	423
MDC1055034.1	QIZ20724.1	89.604	404	42	0	1	404	1	404	0.0	764
MDC1055035.1	QIZ20725.1	93.926	889	54	0	1	889	1	889	0.0	1707
MDC1055037.1	QIZ20726.1	98.433	383	6	0	1	383	1	383	0.0	762
MDC1055038.1	QIZ20727.1	97.222	432	12	0	1	432	1	432	0.0	823
MDC1055039.1	QIZ20728.1	97.078	308	9	0	1	308	1	308	0.0	605
MDC1055040.1	QIZ20729.1	98.333	120	2	0	1	120	1	120	9.49e-88	246
MDC1055041.1	QIZ20730.1	91.005	189	17	0	1	189	1	189	2.80e-126	349
MDC1055042.1	QIZ20731.1	98.473	131	2	0	1	131	1	131	3.88e-93	260
MDC1055043.1	QIZ20732.1	97.653	426	10	0	1	426	1	426	0.0	855
MDC1055044.1	QIZ20733.1	92.759	290	21	0	1	290	1	290	0.0	520
MDC1055046.1	QIZ20734.1	89.444	180	19	0	1	180	1	180	1.77e-110	308
MDC1055047.1	QIZ20416.1	48.031	254	121	2	8	261	2	244	8.25e-82	241
MDC1055048.1	QIZ20181.1	29.858	211	136	3	15	213	13	223	1.20e-23	90.5
MDC1055049.1	QIZ20311.1	34.545	165	107	1	14	177	40	204	5.88e-26	97.1
MDC1055051.1	QIZ20735.1	60.177	113	45	0	4	116	144	256	4.11e-36	119
MDC1055056.1	QIZ20515.1	41.049	324	189	2	5	326	2	325	2.96e-74	228
MDC1055057.1	QIZ20851.1	27.439	328	200	11	8	330	6	300	5.83e-24	95.9
MDC1055058.1	QIZ20514.1	68.245	359	113	1	1	358	1	359	1.60e-168	470
MDC1055059.1	QIZ20513.1	95.103	388	19	0	1	388	1	388	0.0	775
MDC1055060.1	QIZ20512.1	97.872	94	2	0	1	94	1	94	1.96e-63	182
MDC1055061.1	QIZ20511.1	98.653	594	8	0	1	594	1	594	0.0	1217
MDC1055062.1	QIZ20510.1	91.014	434	39	0	1	434	1	434	0.0	817
MDC1055064.1	QIZ20508.1	95.470	861	39	0	1	861	1	861	0.0	1559
MDC1055065.1	QIZ20507.1	99.548	221	1	0	1	221	1	221	9.23e-161	439
MDC1055066.1	QIZ20506.1	88.725	204	23	0	1	204	1	204	3.86e-132	365
MDC1055068.1	QIZ20500.1	95.039	383	19	0	1	383	1	383	0.0	771
MDC1055069.1	QIZ20499.1	93.023	258	18	0	1	258	1	258	4.88e-174	475
MDC1055070.1	QIZ20498.1	94.361	266	15	0	1	266	1	266	7.73e-168	461
MDC1055071.1	QIZ20497.1	96.825	252	8	0	1	252	1	252	0.0	496
MDC1055072.1	QIZ20496.1	98.469	196	3	0	1	196	1	196	2.31e-135	372
MDC1055073.1	QIZ20495.1	95.480	531	24	0	1	531	1	531	0.0	1073
MDC1055074.1	QIZ20489.1	62.912	364	134	1	1	364	1	363	2.65e-169	472
MDC1055075.1	QIZ20488.1	55.825	206	77	2	19	211	15	219	9.20e-71	211
MDC1055076.1	QIZ20487.1	77.904	439	97	0	4	442	2	440	0.0	664
MDC1055077.1	QIZ20485.1	69.897	485	146	0	1	485	1	485	0.0	669
MDC1055078.1	QIZ20484.1	87.500	248	31	0	1	248	1	248	3.57e-165	452
MDC1055079.1	QIZ20483.1	75.701	214	51	1	1	213	2	215	4.13e-113	318
MDC1055081.1	QIZ20482.1	77.857	140	31	0	1	140	1	140	1.45e-81	232
MDC1055082.1	QIZ20481.1	73.756	221	58	0	1	221	1	221	2.51e-120	337
MDC1055083.1	QIZ20480.1	65.294	170	59	0	13	182	13	182	1.36e-79	231
MDC1055087.1	QIZ20479.1	80.000	80	16	0	1	80	1	80	1.31e-46	139
MDC1055088.1	QIZ20478.1	90.816	490	28	2	1	477	1	486	0.0	858
MDC1055089.1	QIZ20477.1	96.059	203	8	0	1	203	1	203	4.04e-149	408
MDC1055090.1	QIZ20476.1	99.526	422	2	0	1	422	1	422	0.0	862
MDC1055091.1	QIZ20475.1	97.985	794	16	0	1	794	1	794	0.0	1576
MDC1055093.1	QIZ20497.1	45.794	107	55	2	2	106	146	251	6.64e-27	95.5
MDC1055097.1	QIZ20805.1	40.238	420	203	10	193	594	2	391	1.63e-88	276
MDC1055102.1	QIZ20474.1	98.361	122	2	0	1	122	1	122	2.15e-84	238
MDC1055103.1	QIZ20473.1	98.266	173	3	0	1	173	1	173	2.57e-131	360
MDC1055104.1	QIZ20472.1	95.545	202	9	0	1	202	1	202	4.10e-146	400
MDC1055105.1	QIZ20471.1	99.233	391	3	0	1	391	1	391	0.0	804
MDC1055106.1	QIZ20470.1	94.059	202	12	0	1	202	1	202	1.71e-146	401
MDC1055107.1	QIZ20469.1	96.840	443	14	0	1	443	1	443	0.0	893
MDC1055108.1	QIZ20468.1	95.582	679	30	0	1	679	1	679	0.0	1351
MDC1055109.1	QIZ20467.1	96.386	332	12	0	1	332	1	332	0.0	640
MDC1055110.1	QIZ20466.1	98.758	161	2	0	1	161	1	161	1.81e-120	332
MDC1055111.1	QIZ20465.1	95.238	210	10	0	1	210	1	210	6.55e-148	405
MDC1055112.1	QIZ20464.1	92.233	103	8	0	1	103	1	103	1.30e-51	153
MDC1055113.1	QIZ20463.1	94.349	637	36	0	1	637	1	637	0.0	1218
MDC1055114.1	QIZ20462.1	94.970	497	25	0	1	497	1	497	0.0	961
MDC1055115.1	QIZ20461.1	96.815	471	15	0	1	471	1	471	0.0	900
MDC1055116.1	QIZ20460.1	88.235	187	22	0	1	187	1	187	5.40e-116	323
MDC1055117.1	QIZ20459.1	90.726	248	23	0	1	248	1	248	9.38e-150	413
MDC1055118.1	QIZ20458.1	96.189	551	21	0	1	551	1	551	0.0	1105
MDC1055119.1	QIZ20457.1	93.827	81	5	0	1	81	1	81	7.51e-45	134
MDC1055120.1	QIZ20456.1	96.396	444	16	0	1	444	1	444	0.0	873
MDC1055121.1	QIZ20455.1	93.171	410	28	0	1	410	1	410	0.0	718
MDC1055122.1	QIZ20454.1	91.228	228	20	0	1	228	1	228	8.91e-151	414
MDC1055123.1	QIZ20453.1	96.046	1138	45	0	1	1138	1	1138	0.0	2230
MDC1055125.1	QIZ20452.1	94.700	283	15	0	1	283	1	283	0.0	533
MDC1055126.1	QIZ20451.1	96.721	183	6	0	1	183	1	183	7.12e-129	355
MDC1055127.1	QIZ20450.1	74.222	225	58	0	1	225	1	225	1.77e-109	310
MDC1055128.1	QIZ20449.1	68.056	216	69	0	1	216	1	216	1.02e-91	264
MDC1055129.1	QIZ20448.1	61.240	387	149	1	3	388	2	388	3.43e-165	464
MDC1055132.1	QIZ20446.1	86.897	145	19	0	5	149	2	146	1.30e-94	266
MDC1055133.1	QIZ20445.1	65.951	326	111	0	1	326	1	326	3.68e-148	416
MDC1055134.1	QIZ20444.1	70.270	259	76	1	1	258	1	259	7.18e-130	364
MDC1055135.1	QIZ20443.1	57.034	263	110	1	1	263	1	260	3.09e-86	253
MDC1055136.1	QIZ20442.1	68.883	376	117	0	1	376	1	376	0.0	514
MDC1055137.1	QIZ20441.1	84.233	463	73	0	1	463	1	463	0.0	806
MDC1055138.1	QIZ20440.1	98.222	225	4	0	1	225	1	225	5.99e-164	447
MDC1055139.1	QIZ20439.1	95.057	263	13	0	1	263	1	263	3.12e-170	466
MDC1055140.1	QIZ20438.1	94.242	330	19	0	1	330	1	330	0.0	629
MDC1055141.1	QIZ20437.1	87.302	189	24	0	1	189	1	189	1.32e-122	340
MDC1055142.1	QIZ20436.1	84.711	484	74	0	1	484	1	484	0.0	802
MDC1055143.1	QIZ20435.1	66.385	473	159	0	1	473	1	473	0.0	566
MDC1055144.1	QIZ20434.1	95.528	246	11	0	1	246	1	246	3.47e-175	477
MDC1055145.1	QIZ20433.1	97.000	100	3	0	1	100	1	100	1.17e-65	189
MDC1055146.1	QIZ20432.1	97.398	538	14	0	1	538	1	538	0.0	1067
MDC1055147.1	QIZ20431.1	98.175	274	5	0	1	274	1	274	0.0	557
MDC1055148.1	QIZ20430.1	96.411	418	15	0	1	418	1	418	0.0	820
MDC1055149.1	QIZ20429.1	100.000	100	0	0	1	100	1	100	6.30e-65	187
MDC1055150.1	QIZ20428.1	86.039	308	43	0	1	308	1	308	0.0	548
MDC1055151.1	QIZ20427.1	73.103	145	39	0	1	145	1	145	7.12e-79	226
MDC1055152.1	QIZ20426.1	74.342	152	39	0	1	152	1	152	8.41e-74	213
MDC1055153.1	QIZ20425.1	94.012	167	10	0	1	167	1	167	4.93e-107	298
MDC1055154.1	QIZ20424.1	93.801	371	23	0	1	371	1	371	0.0	635
MDC1055155.1	QIZ20423.1	93.761	593	37	0	1	593	1	593	0.0	1049
MDC1055156.1	QIZ20422.1	94.900	451	23	0	1	451	1	451	0.0	840
MDC1055157.1	QIZ20421.1	96.112	463	18	0	1	463	1	463	0.0	830
MDC1055158.1	QIZ20420.1	92.964	469	33	0	1	469	1	469	0.0	721
MDC1055159.1	QIZ20419.1	100.000	346	0	0	1	346	1	346	0.0	714
MDC1055160.1	QIZ20418.1	97.113	381	11	0	1	381	1	381	0.0	736
MDC1055161.1	QIZ20417.1	96.714	426	14	0	1	426	1	426	0.0	829
MDC1055162.1	QIZ20416.1	97.951	244	5	0	1	244	1	244	2.67e-180	490
MDC1055163.1	QIZ20415.1	95.935	123	5	0	1	123	1	123	6.79e-83	234
MDC1055164.1	QIZ20414.1	94.514	875	48	0	1	875	1	875	0.0	1706
MDC1055165.1	QIZ20413.1	98.951	572	6	0	1	572	1	572	0.0	1161
MDC1055166.1	QIZ20412.1	94.264	401	23	0	1	401	1	401	0.0	736
MDC1055167.1	QIZ20409.1	98.611	72	1	0	1	72	1	72	6.76e-46	137
MDC1055170.1	QIZ20404.1	97.289	332	9	0	1	332	1	332	0.0	653
MDC1055171.1	QIZ20403.1	95.349	258	12	0	1	258	1	258	0.0	511
MDC1055172.1	QIZ20402.1	99.048	105	1	0	1	105	1	105	2.83e-73	208
MDC1055173.1	QIZ20401.1	94.879	371	19	0	1	371	1	371	0.0	689
MDC1055174.1	QIZ20400.1	95.147	577	28	0	1	577	1	577	0.0	1113
MDC1055175.1	QIZ20399.1	87.356	87	11	0	1	87	1	87	3.79e-49	146
MDC1055176.1	QIZ20398.1	90.506	316	30	0	1	316	1	316	0.0	573
MDC1055177.1	QIZ20397.1	98.374	246	4	0	1	246	1	246	9.18e-177	481
MDC1055178.1	QIZ21150.1	99.119	227	2	0	1	227	142	368	1.39e-167	462
MDC1055179.1	QIZ21151.1	98.467	587	9	0	1	587	1	587	0.0	1196
MDC1055180.1	QIZ21152.1	97.970	542	11	0	1	542	1	542	0.0	1110
MDC1055181.1	QIZ21153.1	90.310	258	25	0	1	258	1	258	1.41e-177	484
MDC1055182.1	QIZ21154.1	95.122	369	18	0	1	369	1	369	0.0	716
MDC1055183.1	QIZ21155.1	94.595	333	18	0	1	333	1	333	0.0	649
MDC1055184.1	QIZ21156.1	93.701	127	8	0	1	127	1	127	1.96e-84	238
MDC1055185.1	QIZ21157.1	90.741	108	10	0	1	108	1	108	1.20e-58	171
MDC1055186.1	QIZ21158.1	98.475	590	9	0	1	590	1	590	0.0	1218
MDC1055187.1	QIZ21159.1	95.720	257	11	0	1	257	1	257	0.0	508
MDC1055188.1	QIZ21160.1	98.390	497	8	0	1	497	1	497	0.0	1009
MDC1055189.1	QIZ21161.1	99.375	320	2	0	1	320	1	320	0.0	635
MDC1055190.1	QIZ21162.1	94.041	386	23	0	1	386	1	386	0.0	731
MDC1055191.1	QIZ21163.1	97.251	291	8	0	1	291	1	291	0.0	572
MDC1055192.1	QIZ21164.1	89.153	968	104	1	1	967	1	968	0.0	1831
MDC1055193.1	QIZ21165.1	97.647	425	10	0	1	425	1	425	0.0	835
MDC1055194.1	QIZ21166.1	97.854	466	10	0	1	466	1	466	0.0	930
MDC1055195.1	QIZ21167.1	95.545	651	29	0	1	651	1	651	0.0	1278
MDC1055196.1	QIZ21168.1	97.838	185	4	0	1	185	1	185	1.08e-130	360
MDC1055197.1	QIZ21169.1	99.022	511	5	0	1	511	1	511	0.0	1025
MDC1055198.1	QIZ21170.1	99.656	291	1	0	1	291	1	291	0.0	588
MDC1055199.1	QIZ21171.1	99.576	472	2	0	1	472	1	472	0.0	951
MDC1055200.1	QIZ21172.1	99.231	130	1	0	1	130	1	130	5.77e-89	250
MDC1055201.1	QIZ21173.1	96.203	158	6	0	1	158	1	158	5.29e-112	310
MDC1055202.1	QIZ21174.1	98.417	379	6	0	1	379	1	379	0.0	748
MDC1055203.1	QIZ21175.1	96.552	116	4	0	1	116	1	116	5.39e-78	221
MDC1055204.1	QIZ21176.1	95.556	180	8	0	1	180	1	180	4.35e-123	340
MDC1055205.1	QIZ21177.1	93.029	416	29	0	1	416	1	416	0.0	772
MDC1055206.1	QIZ21178.1	97.826	368	8	0	1	368	1	368	0.0	724
MDC1055207.1	QIZ21179.1	98.165	327	6	0	1	327	1	327	0.0	650
MDC1055208.1	QIZ21180.1	100.000	84	0	0	1	84	1	84	2.62e-56	164
MDC1055209.1	QIZ21181.1	95.522	134	6	0	1	134	1	134	3.91e-92	258
MDC1055210.1	QIZ21182.1	93.305	239	16	0	1	239	1	239	7.11e-169	461
MDC1055211.1	QIZ21183.1	98.485	198	3	0	1	198	1	198	1.49e-144	396
MDC1055212.1	QIZ21184.1	98.387	372	6	0	1	372	1	372	0.0	758
MDC1055213.1	QIZ21185.1	96.667	360	12	0	1	360	1	360	0.0	695
MDC1055214.1	QIZ21186.1	96.309	298	11	0	1	298	1	298	0.0	575
MDC1055215.1	QIZ21187.1	89.919	248	25	0	1	248	1	248	1.74e-153	422
MDC1055216.1	QIZ21188.1	96.507	458	16	0	1	458	1	458	0.0	885
MDC1055217.1	QIZ21189.1	99.168	481	4	0	1	481	1	481	0.0	926
MDC1055218.1	QIZ21190.1	95.962	520	21	0	1	520	6	525	0.0	1020
MDC1055219.1	QIZ21191.1	95.714	350	15	0	1	350	1	350	0.0	665
MDC1055220.1	QIZ21193.1	95.109	184	9	0	1	184	1	184	3.59e-124	343
MDC1055221.1	QIZ21194.1	98.282	291	5	0	1	291	1	291	0.0	582
MDC1055222.1	QIZ21195.1	98.847	347	4	0	1	347	1	347	0.0	715
MDC1055223.1	QIZ21196.1	91.837	392	32	0	1	392	1	392	0.0	747
MDC1055224.1	QIZ21197.1	97.861	187	4	0	1	187	1	187	2.20e-135	372
MDC1055225.1	QIZ21198.1	95.628	183	8	0	1	183	1	183	1.36e-122	339
MDC1055226.1	QIZ21199.1	95.793	309	13	0	1	309	1	309	0.0	595
MDC1055227.1	QIZ21200.1	97.619	924	22	0	1	924	1	924	0.0	1831
MDC1055228.1	QIZ21201.1	98.298	235	4	0	1	235	1	235	4.06e-170	464
MDC1055229.1	QIZ21202.1	97.461	512	13	0	1	512	1	512	0.0	983
MDC1055230.1	QIZ21203.1	98.832	428	5	0	1	428	1	428	0.0	871
MDC1055231.1	QIZ21204.1	92.105	152	12	0	1	152	1	152	2.61e-102	285
MDC1055232.1	QIZ21205.1	90.654	321	30	0	1	321	1	321	0.0	573
MDC1055233.1	QIZ21206.1	89.520	229	24	0	1	229	1	229	2.88e-146	403
MDC1055234.1	QIZ21207.1	92.437	238	18	0	1	238	1	238	1.09e-169	463
MDC1055235.1	QIZ21209.1	93.467	199	13	0	1	199	1	199	1.30e-140	386
MDC1055236.1	QIZ21210.1	89.038	1040	114	0	1	1040	1	1040	0.0	1816
MDC1055237.1	QIZ21211.1	85.121	289	43	0	1	289	1	289	0.0	500
MDC1055238.1	QIZ21212.1	88.519	270	31	0	1	270	1	270	0.0	497
MDC1055239.1	QIZ21213.1	93.197	147	10	0	1	147	1	147	7.43e-104	289
MDC1055240.1	QIZ21214.1	67.007	294	97	0	1	294	1	294	7.87e-149	415
MDC1055241.1	QIZ21215.1	91.943	211	17	0	1	211	1	211	1.09e-144	397
MDC1055242.1	QIZ21216.1	91.837	98	8	0	1	98	1	98	1.55e-67	193
MDC1055243.1	QIZ20953.1	38.487	304	145	6	2	296	3	273	2.61e-59	186
MDC1055244.1	QIZ21217.1	96.045	177	7	0	1	177	1	177	1.45e-127	351
MDC1055245.1	QIZ21218.1	99.083	436	4	0	1	436	1	436	0.0	850
MDC1055246.1	QIZ21219.1	93.069	101	7	0	1	101	1	101	2.71e-67	193
MDC1055248.1	QIZ21220.1	95.080	691	34	0	1	691	1	691	0.0	1356
MDC1055249.1	QIZ21221.1	88.623	167	19	0	1	167	1	167	1.28e-97	275
MDC1055250.1	QIZ21222.1	31.731	312	199	6	1	312	1	298	1.04e-37	132
MDC1055251.1	QIZ21223.1	86.131	274	38	0	1	274	1	274	1.14e-177	487
MDC1055257.1	QIZ20516.1	94.986	359	18	0	1	359	1	359	0.0	627
MDC1055259.1	QIZ20517.1	96.552	116	4	0	1	116	1	116	1.88e-81	230
MDC1055260.1	QIZ20518.1	99.192	619	5	0	1	619	1	619	0.0	1296
MDC1055261.1	QIZ20519.1	98.077	156	3	0	1	156	1	156	2.16e-117	324
MDC1055262.1	QIZ20520.1	93.156	263	18	0	1	263	2	264	0.0	514
MDC1055263.1	QIZ20521.1	87.879	132	16	0	13	144	1	132	5.92e-88	248
MDC1055264.1	QIZ20522.1	90.625	256	24	0	1	256	1	256	5.65e-166	455
MDC1055265.1	QIZ20523.1	93.514	185	12	0	1	185	1	185	8.59e-117	325
MDC1055266.1	QIZ20524.1	92.506	387	29	0	1	387	1	387	0.0	685
MDC1055267.1	QIZ20525.1	96.798	406	13	0	1	406	1	406	0.0	779
MDC1055268.1	QIZ20526.1	97.954	391	8	0	1	391	1	391	0.0	787
MDC1055270.1	QIZ20527.1	93.496	369	24	0	1	369	1	369	0.0	705
MDC1055271.1	QIZ20528.1	89.286	56	6	0	1	56	13	68	1.16e-32	102
MDC1055272.1	QIZ20529.1	90.234	256	25	0	1	256	1	256	3.44e-173	473
MDC1055274.1	QIZ20530.1	95.652	184	8	0	1	184	1	184	1.11e-127	352
MDC1055275.1	QIZ20531.1	96.815	157	5	0	1	157	1	157	1.10e-107	299
MDC1055276.1	QIZ20532.1	88.021	192	23	0	1	192	1	192	5.67e-124	343
MDC1055277.1	QIZ20533.1	84.252	127	20	0	1	127	1	127	7.47e-79	224
MDC1055279.1	QIZ20536.1	90.132	152	15	0	1	152	1	152	5.76e-79	226
MDC1055280.1	QIZ20537.1	64.896	433	152	0	1	433	1	433	0.0	525
MDC1055281.1	QIZ20538.1	100.000	91	0	0	1	91	1	91	2.32e-63	182
MDC1055282.1	QIZ20539.1	96.552	377	13	0	1	377	1	377	0.0	741
MDC1055284.1	QIZ20540.1	92.941	255	18	0	1	255	1	255	3.33e-172	471
MDC1055285.1	QIZ20541.1	88.424	311	36	0	1	311	1	311	0.0	559
MDC1055286.1	QIZ20542.1	50.211	474	233	1	3	473	2	475	3.17e-157	451
MDC1055287.1	QIZ20544.1	92.814	167	12	0	1	167	1	167	4.95e-113	314
MDC1055289.1	QIZ21513.1	42.189	813	460	7	4	809	1	810	0.0	644
MDC1055290.1	QIZ21540.1	86.395	147	20	0	1	147	1	147	7.89e-95	266
MDC1055291.1	QIZ21539.1	79.444	180	37	0	1	180	1	180	1.15e-92	263
MDC1055293.1	QIZ21538.1	84.388	237	37	0	1	237	1	237	7.49e-139	385
MDC1055294.1	QIZ21537.1	92.722	316	23	0	1	316	1	316	0.0	561
MDC1055296.1	QIZ21536.1	71.111	225	65	0	1	225	1	225	7.53e-122	345
MDC1055298.1	QIZ21534.1	49.038	104	52	1	18	121	18	120	6.73e-33	107
MDC1055299.1	QIZ21214.1	27.758	281	192	3	13	290	8	280	6.78e-28	105
MDC1055300.1	QIZ21533.1	79.412	102	21	0	1	102	1	102	3.59e-58	170
MDC1055301.1	QIZ21532.1	88.793	232	26	0	1	232	1	232	5.98e-136	377
MDC1055302.1	QIZ21531.1	89.205	352	38	0	1	352	1	352	0.0	614
MDC1055303.1	QIZ21530.1	83.985	537	81	2	3	538	4	536	0.0	866
MDC1055304.1	QIZ21527.1	76.106	339	81	0	1	339	1	339	0.0	560
MDC1055305.1	QIZ21526.1	86.747	83	11	0	15	97	15	97	5.83e-52	154
MDC1055306.1	QIZ21525.1	97.647	425	9	1	1	424	1	425	0.0	864
MDC1055308.1	QIZ21524.1	90.126	476	47	0	1	476	1	476	0.0	896
MDC1055309.1	QIZ21523.1	97.288	295	8	0	1	295	1	295	0.0	597
MDC1055310.1	QIZ21522.1	72.072	333	93	0	1	333	1	333	0.0	518
MDC1055311.1	QIZ21521.1	88.614	202	23	0	1	202	1	202	4.98e-141	387
MDC1055312.1	QIZ21520.1	97.419	155	4	0	1	155	1	155	1.19e-114	317
MDC1055313.1	QIZ21519.1	93.548	124	8	0	1	124	1	124	4.38e-86	242
MDC1055314.1	QIZ21344.1	63.475	282	102	1	1	281	1	282	8.80e-126	355
MDC1055315.1	QIZ21518.1	74.763	317	80	0	1	317	1	317	3.33e-178	491
MDC1055316.1	QIZ21517.1	70.833	72	21	0	1	72	1	72	6.43e-33	103
MDC1055317.1	QIZ21516.1	96.475	539	19	0	1	539	1	539	0.0	1087
MDC1055318.1	QIZ21515.1	90.536	317	30	0	1	317	1	317	0.0	601
MDC1055319.1	QIZ21514.1	87.550	249	31	0	1	249	1	249	4.97e-163	447
MDC1055320.1	QIZ21513.1	94.691	810	43	0	1	810	1	810	0.0	1583
MDC1055321.1	QIZ21512.1	64.458	166	59	0	1	166	1	166	1.14e-74	217
MDC1055322.1	QIZ21511.1	87.302	189	24	0	1	189	1	189	1.89e-125	347
MDC1055326.1	QIZ21510.1	51.128	133	65	0	1	133	6	138	1.31e-46	144
MDC1055327.1	QIZ21509.1	95.785	261	11	0	1	261	1	261	0.0	506
MDC1055328.1	QIZ21508.1	97.581	124	3	0	1	124	1	124	1.96e-91	256
MDC1055329.1	QIZ21507.1	73.134	134	36	0	1	134	1	134	1.13e-72	209
MDC1055330.1	QIZ21506.1	73.300	397	106	0	1	397	1	397	0.0	645
MDC1055331.1	QIZ21505.1	97.934	242	5	0	1	242	1	242	2.22e-178	485
MDC1055332.1	QIZ21504.1	97.566	452	11	0	1	452	1	452	0.0	921
MDC1055333.1	QIZ21503.1	96.685	181	6	0	1	181	1	181	6.29e-125	345
MDC1055335.1	QIZ20622.1	88.722	133	15	0	1	133	161	293	6.46e-71	210
MDC1055336.1	QIZ21244.1	67.033	364	120	0	1	364	1	364	0.0	521
MDC1055337.1	QIZ21245.1	78.689	61	13	0	1	61	1	61	2.49e-33	104
MDC1055338.1	QIZ21246.1	61.888	286	109	0	1	286	1	286	1.84e-132	372
MDC1055339.1	QIZ21247.1	50.482	311	152	1	1	311	1	309	3.46e-100	293
MDC1055340.1	QIZ21248.1	52.419	372	175	2	16	386	40	410	8.34e-118	345
MDC1055341.1	QIZ21249.1	69.257	579	177	1	1	579	1	578	0.0	824
MDC1055342.1	QIZ21250.1	83.624	287	47	0	1	287	1	287	1.73e-176	484
MDC1055343.1	QIZ21251.1	98.507	134	2	0	1	134	1	134	2.06e-98	274
MDC1055344.1	QIZ21252.1	98.148	324	6	0	1	324	1	324	0.0	640
MDC1055345.1	QIZ21253.1	96.057	279	11	0	1	279	1	279	0.0	548
MDC1055346.1	QIZ21254.1	85.897	78	11	0	1	78	1	78	1.31e-49	146
MDC1055347.1	QIZ21255.1	88.235	119	14	0	1	119	1	119	9.36e-77	218
MDC1055348.1	QIZ21256.1	93.636	220	14	0	1	220	1	220	3.62e-144	397
MDC1055349.1	QIZ21257.1	90.558	233	22	0	1	233	1	233	5.37e-151	415
MDC1055350.1	QIZ21258.1	90.037	271	27	0	1	271	1	271	9.82e-180	491
MDC1055351.1	QIZ21259.1	98.162	544	10	0	1	544	1	544	0.0	1074
MDC1055352.1	QIZ21260.1	94.389	303	17	0	1	303	1	303	0.0	575
MDC1055353.1	QIZ21262.1	93.258	178	12	0	1	178	1	178	5.57e-127	350
MDC1055354.1	QIZ21263.1	87.786	262	32	0	1	262	1	262	4.05e-165	453
MDC1055355.1	QIZ21264.1	80.645	217	42	0	1	217	1	217	1.18e-118	332
MDC1055356.1	QIZ21265.1	79.476	458	94	0	1	458	1	458	0.0	763
MDC1055357.1	QIZ21266.1	83.851	161	26	0	1	161	1	161	1.89e-102	286
MDC1055358.1	QIZ21267.1	86.525	141	19	0	1	141	1	141	8.00e-87	245
MDC1055359.1	QIZ21268.1	90.373	322	31	0	1	322	1	322	0.0	590
MDC1055360.1	QIZ21269.1	92.038	314	25	0	1	314	1	314	0.0	597
MDC1055361.1	QIZ21270.1	71.987	307	86	0	6	312	5	311	2.21e-148	415
MDC1055362.1	QIZ21271.1	72.958	355	96	0	1	355	1	355	0.0	535
MDC1055363.1	QIZ21272.1	71.025	283	82	0	1	283	1	283	3.47e-134	377
MDC1055364.1	QIZ21273.1	97.320	485	13	0	1	485	1	485	0.0	970
MDC1055365.1	QIZ21274.1	97.619	168	4	0	1	168	1	168	4.73e-113	314
MDC1055366.1	QIZ21275.1	93.855	179	11	0	18	196	1	179	2.23e-120	334
MDC1055367.1	QIZ21276.1	100.000	75	0	0	1	75	1	75	1.79e-46	138
MDC1055368.1	QIZ21277.1	99.590	244	1	0	1	244	1	244	3.20e-176	480
MDC1055369.1	QIZ21278.1	100.000	91	0	0	1	91	1	91	1.36e-62	180
MDC1055370.1	QIZ21279.1	97.783	857	19	0	1	857	1	857	0.0	1674
MDC1055371.1	QIZ21280.1	93.367	196	13	0	1	196	1	196	3.57e-129	357
MDC1055372.1	QIZ21281.1	97.531	162	4	0	1	162	1	162	3.09e-115	319
MDC1055373.1	QIZ21282.1	96.012	326	13	0	1	326	1	326	0.0	627
MDC1055374.1	QIZ21283.1	92.428	383	29	0	1	383	1	383	0.0	708
MDC1055375.1	QIZ21284.1	98.876	356	4	0	1	356	1	356	0.0	727
MDC1055376.1	QIZ21285.1	96.774	186	6	0	1	186	1	186	1.28e-130	360
MDC1055377.1	QIZ21286.1	92.593	243	18	0	1	243	1	243	5.54e-158	434
MDC1055378.1	QIZ21287.1	93.784	547	34	0	15	561	15	561	0.0	1012
MDC1055379.1	QIZ21288.1	90.391	281	27	0	1	281	1	281	6.11e-175	479
MDC1055380.1	QIZ21289.1	92.925	424	30	0	1	424	1	424	0.0	794
MDC1055381.1	QIZ21290.1	98.101	158	3	0	1	158	1	158	3.17e-111	308
MDC1055382.1	QIZ21291.1	93.091	275	19	0	1	275	1	275	0.0	530
MDC1055383.1	QIZ21292.1	96.732	153	5	0	1	153	1	153	1.78e-110	306
MDC1055384.1	QIZ21293.1	98.817	169	2	0	1	169	1	169	2.90e-127	350
MDC1055385.1	QIZ21294.1	99.523	419	2	0	1	419	1	419	0.0	838
MDC1055386.1	QIZ21295.1	91.892	259	21	0	1	259	1	259	3.29e-176	481
MDC1055387.1	QIZ21296.1	97.759	357	8	0	1	357	1	357	0.0	717
MDC1055388.1	QIZ21297.1	96.237	186	7	0	1	186	1	186	4.09e-131	361
MDC1055389.1	QIZ21298.1	89.545	220	21	1	1	218	1	220	9.47e-136	376
MDC1055390.1	QIZ21299.1	98.065	310	6	0	1	310	1	310	0.0	607
MDC1055391.1	QIZ21300.1	93.651	252	16	0	1	252	2	253	5.32e-147	407
MDC1055392.1	QIZ21301.1	91.643	347	29	0	1	347	1	347	0.0	612
MDC1055393.1	QIZ21302.1	93.307	254	17	0	1	254	1	254	1.09e-175	479
MDC1055394.1	QIZ21303.1	91.429	70	6	0	1	70	1	70	5.01e-40	122
MDC1055395.1	QIZ21304.1	92.938	439	31	0	1	439	1	439	0.0	833
MDC1055396.1	QIZ21305.1	96.444	225	8	0	1	225	1	225	2.26e-155	426
MDC1055397.1	QIZ21306.1	98.621	145	2	0	1	145	1	145	1.45e-99	278
MDC1055398.1	QIZ21307.1	88.966	290	32	0	1	290	1	290	0.0	552
MDC1055399.1	QIZ21308.1	99.485	194	1	0	1	194	1	194	1.22e-139	383
MDC1055400.1	QIZ21309.1	97.054	611	18	0	1	611	1	611	0.0	1221
MDC1055401.1	QIZ21310.1	94.326	141	8	0	1	141	1	141	2.30e-92	259
MDC1055402.1	QIZ21312.1	94.800	250	13	0	1	250	1	250	4.28e-173	473
MDC1055403.1	QIZ21313.1	97.510	723	18	0	1	723	1	723	0.0	1464
MDC1055404.1	QIZ21314.1	97.494	399	10	0	1	399	1	399	0.0	805
MDC1055405.1	QIZ21315.1	96.644	149	5	0	1	149	1	149	1.93e-107	298
MDC1055406.1	QIZ21317.1	94.268	314	18	0	1	314	1	314	0.0	619
MDC1055407.1	QIZ21318.1	76.786	224	52	0	1	224	1	224	1.50e-123	348
MDC1055408.1	QIZ20257.1	98.560	1111	16	0	1	1111	1	1111	0.0	2233
MDC1055409.1	QIZ20256.1	96.694	121	4	0	1	121	1	121	1.05e-77	221
MDC1055410.1	QIZ20255.1	95.181	166	8	0	1	166	1	166	6.26e-117	323
MDC1055411.1	QIZ20254.1	95.197	229	11	0	1	229	1	229	7.19e-159	435
MDC1055412.1	QIZ20253.1	98.582	141	2	0	1	141	1	141	4.05e-100	279
MDC1055413.1	QIZ20252.1	99.432	176	1	0	1	176	1	176	6.44e-127	350
MDC1055414.1	QIZ20251.1	100.000	63	0	0	1	63	1	63	8.54e-41	123
MDC1055415.1	QIZ20250.1	96.970	396	12	0	1	396	1	396	0.0	786
MDC1055416.1	QIZ20249.1	99.190	247	2	0	1	247	1	247	0.0	502
MDC1055425.1	QIZ20248.1	93.822	259	16	0	1	259	1	259	8.72e-177	483
MDC1055426.1	QIZ20247.1	96.241	133	5	0	6	138	1	133	6.82e-93	260
MDC1055427.1	QIZ20246.1	95.984	249	10	0	1	249	1	249	0.0	494
MDC1055428.1	QIZ20245.1	92.202	218	17	0	1	218	1	218	4.78e-148	407
MDC1055431.1	QIZ20244.1	95.312	256	12	0	1	256	1	256	0.0	516
MDC1055432.1	QIZ20243.1	97.674	430	10	0	1	430	1	430	0.0	867
MDC1055433.1	QIZ20242.1	97.308	260	7	0	1	260	1	260	0.0	510
MDC1055434.1	QIZ20241.1	96.250	80	3	0	1	80	1	80	1.33e-52	154
MDC1055435.1	QIZ20240.1	97.797	227	5	0	1	227	1	227	1.62e-167	456
MDC1055436.1	QIZ20239.1	97.123	730	21	0	1	730	1	730	0.0	1462
MDC1055437.1	QIZ20238.1	96.053	76	3	0	1	76	1	76	3.34e-50	148
MDC1055438.1	QIZ20237.1	96.364	110	4	0	1	110	1	110	1.52e-77	219
MDC1055439.1	QIZ21224.1	84.054	370	59	0	3	372	26	395	0.0	661
MDC1055440.1	QIZ20894.1	100.000	60	0	0	1	60	1	60	5.81e-39	124
MDC1055441.1	QIZ20893.1	96.585	410	14	0	1	410	1	410	0.0	820
MDC1055442.1	QIZ20892.1	94.737	209	11	0	1	209	1	209	2.08e-144	396
MDC1055443.1	QIZ20891.1	94.323	229	13	0	1	229	2	230	2.16e-159	436
MDC1055444.1	QIZ20890.1	98.947	95	1	0	1	95	1	95	3.45e-66	189
MDC1055445.1	QIZ20889.1	98.785	576	7	0	1	576	1	576	0.0	1152
MDC1055446.1	QIZ20888.1	96.117	206	8	0	12	217	12	217	4.73e-137	379
MDC1055447.1	QIZ20887.1	92.453	424	32	0	36	459	19	442	0.0	764
MDC1055448.1	QIZ20886.1	88.372	258	30	0	1	258	1	258	9.55e-168	459
MDC1055449.1	QIZ20885.1	52.604	192	90	1	1	191	1	192	6.73e-62	186
MDC1055450.1	QIZ20884.1	84.936	312	47	0	12	323	12	323	0.0	528
MDC1055451.1	QIZ20883.1	96.552	203	7	0	1	203	1	203	2.10e-147	404
MDC1055452.1	QIZ20882.1	96.273	322	12	0	1	322	1	322	0.0	639
MDC1055453.1	QIZ20881.1	95.181	166	8	0	1	166	1	166	3.16e-118	327
MDC1055454.1	QIZ20880.1	92.222	270	21	0	1	270	1	270	1.54e-166	457
MDC1055455.1	QIZ20879.1	95.876	388	16	0	1	388	1	388	0.0	723
MDC1055456.1	QIZ20878.1	95.469	309	14	0	1	309	1	309	0.0	601
MDC1055457.1	QIZ20877.1	87.302	189	24	0	1	189	1	189	9.28e-124	343
MDC1055458.1	QIZ20876.1	88.618	246	28	0	1	246	1	246	7.38e-150	413
MDC1055459.1	QIZ20875.1	94.565	276	15	0	1	276	1	276	0.0	545
MDC1055460.1	QIZ20874.1	94.075	557	33	0	1	557	1	557	0.0	1028
MDC1055461.1	QIZ20873.1	97.143	105	3	0	1	105	1	105	2.15e-69	198
MDC1055462.1	QIZ20872.1	99.015	203	2	0	1	203	1	203	3.39e-148	405
MDC1055463.1	QIZ20871.1	93.562	730	45	1	1	728	4	733	0.0	1427
MDC1055464.1	QIZ20870.1	95.109	368	18	0	1	368	1	368	0.0	719
MDC1055465.1	QIZ20869.1	91.791	536	36	3	1	535	320	848	0.0	986
MDC1055467.1	QIZ20929.1	75.732	239	58	0	1	239	1	239	4.90e-135	375
MDC1055468.1	QIZ20930.1	100.000	54	0	0	1	54	1	54	3.72e-33	103
MDC1055469.1	QIZ20931.1	96.491	114	4	0	1	114	1	114	6.26e-73	208
MDC1055470.1	QIZ20932.1	96.386	83	3	0	1	83	1	83	1.22e-56	164
MDC1055471.1	QIZ20933.1	95.878	558	23	0	1	558	1	558	0.0	1102
MDC1055472.1	QIZ20934.1	84.028	288	46	0	1	288	1	288	1.11e-173	477
MDC1055473.1	QIZ20935.1	97.758	223	5	0	1	223	1	223	2.70e-162	443
MDC1055474.1	QIZ20936.1	98.545	275	4	0	1	275	1	275	0.0	557
MDC1055475.1	QIZ20937.1	96.094	384	15	0	1	384	1	384	0.0	748
MDC1055476.1	QIZ21069.1	69.355	62	19	0	1	62	1	62	2.24e-30	97.1
MDC1055477.1	QIZ20939.1	95.146	309	15	0	1	309	1	309	0.0	613
MDC1055478.1	QIZ20940.1	97.484	159	4	0	1	159	1	159	2.91e-114	316
MDC1055479.1	QIZ20941.1	96.341	246	9	0	1	246	1	246	2.60e-176	480
MDC1055480.1	QIZ20942.1	88.387	310	36	0	1	310	1	310	0.0	561
MDC1055481.1	QIZ20943.1	96.512	172	6	0	1	172	1	172	1.37e-121	336
MDC1055482.1	QIZ20944.1	90.785	586	54	0	1	586	1	586	0.0	1046
MDC1055484.1	QIZ20945.1	89.412	170	18	0	1	170	1	170	4.20e-109	304
MDC1055485.1	QIZ20946.1	87.772	368	45	0	1	368	1	368	0.0	627
MDC1055486.1	QIZ20947.1	86.047	86	12	0	1	86	10	95	4.01e-49	146
MDC1055487.1	QIZ20948.1	100.000	175	0	0	1	175	1	175	4.07e-131	360
MDC1055488.1	QIZ20949.1	98.765	324	4	0	1	324	1	324	0.0	668
MDC1055489.1	QIZ20950.1	96.512	602	21	0	1	602	1	602	0.0	1171
MDC1055490.1	QIZ20951.1	91.549	426	36	0	1	426	1	426	0.0	747
MDC1055491.1	QIZ20952.1	98.540	685	10	0	1	685	1	685	0.0	1377
MDC1055495.1	QIZ20676.1	95.714	70	3	0	1	70	1	70	2.22e-46	140
MDC1055496.1	QIZ20675.1	89.706	68	7	0	1	68	1	68	5.36e-41	124
MDC1055497.1	QIZ20674.1	93.939	66	4	0	1	66	1	66	1.34e-39	130
MDC1055498.1	QIZ20680.1	77.522	347	78	0	1	347	1	347	0.0	589
MDC1055499.1	QIZ20681.1	95.405	370	17	0	1	370	1	370	0.0	746
MDC1055500.1	QIZ20682.1	96.543	405	14	0	1	405	1	405	0.0	816
MDC1055501.1	QIZ20683.1	95.681	301	13	0	1	301	1	301	0.0	543
MDC1055502.1	QIZ20684.1	77.590	415	93	0	1	415	1	415	0.0	632
MDC1055503.1	QIZ20685.1	73.000	200	54	0	1	200	1	200	2.11e-107	303
MDC1055504.1	QIZ20686.1	61.765	136	48	1	1	132	1	136	1.53e-56	168
MDC1055505.1	QIZ20687.1	60.127	158	63	0	1	158	1	158	4.00e-58	174
MDC1055506.1	QIZ20689.1	75.000	276	69	0	1	276	1	276	3.70e-155	429
MDC1055507.1	QIZ20690.1	94.022	552	33	0	1	552	1	552	0.0	1048
MDC1055508.1	QIZ20691.1	96.312	922	34	0	1	922	1	922	0.0	1873
MDC1055509.1	QIZ20692.1	64.167	480	172	0	4	483	12	491	0.0	667
MDC1055510.1	QIZ20694.1	98.365	367	6	0	1	367	1	367	0.0	749
MDC1055511.1	QIZ20695.1	96.129	155	6	0	1	155	1	155	1.41e-84	241
MDC1055512.1	QIZ20696.1	97.628	253	6	0	1	253	1	253	0.0	508
MDC1055513.1	QIZ20697.1	97.802	182	4	0	1	182	1	182	5.75e-133	365
MDC1055514.1	QIZ20698.1	97.091	275	8	0	1	275	118	392	0.0	551
MDC1055515.1	QIZ20646.1	96.034	580	23	0	1	580	15	594	0.0	1150
MDC1055516.1	QIZ20645.1	95.238	273	13	0	1	273	1	273	0.0	531
MDC1055517.1	QIZ20644.1	94.958	119	6	0	1	119	1	119	9.57e-82	231
MDC1055518.1	QIZ20643.1	80.000	135	24	1	1	135	1	132	5.38e-69	200
MDC1055519.1	QIZ20642.1	98.198	444	8	0	1	444	1	444	0.0	910
MDC1055520.1	QIZ20641.1	93.617	141	9	0	1	141	1	141	1.20e-93	263
MDC1055521.1	QIZ20640.1	93.382	136	9	0	10	145	10	145	1.81e-91	258
MDC1055523.1	QIZ20638.1	98.054	257	5	0	1	257	1	257	0.0	511
MDC1055524.1	QIZ20637.1	94.649	598	32	0	1	598	1	598	0.0	1105
MDC1055526.1	QIZ20863.1	41.975	243	133	5	104	342	104	342	3.19e-54	177
MDC1055527.1	QIZ20636.1	85.251	339	50	0	1	339	1	339	1.65e-176	503
MDC1055543.1	QIZ21364.1	91.371	197	17	0	1	197	1	197	2.56e-130	360
MDC1055544.1	QIZ21365.1	88.889	261	29	0	1	261	1	261	6.83e-180	491
MDC1055545.1	QIZ21366.1	82.996	247	42	0	1	247	1	247	5.67e-152	419
MDC1055546.1	QIZ21367.1	98.710	155	2	0	1	155	1	155	1.65e-114	317
MDC1055547.1	QIZ21368.1	94.949	495	25	0	1	495	1	495	0.0	885
MDC1055548.1	QIZ21369.1	96.131	336	13	0	1	336	1	336	0.0	651
MDC1055550.1	QIZ20834.1	30.816	331	206	9	9	325	1	322	1.51e-40	141
MDC1055557.1	QIZ20837.1	31.303	476	299	8	104	561	112	577	2.99e-45	164
MDC1055562.1	QIZ20844.1	32.447	376	214	10	29	396	24	367	5.47e-50	168
MDC1055563.1	QIZ20971.1	93.780	209	13	0	1	209	1	209	2.76e-136	378
MDC1055564.1	QIZ20970.1	97.495	479	12	0	1	479	1	479	0.0	961
MDC1055565.1	QIZ20969.1	97.941	1311	27	0	1	1311	1	1311	0.0	2659
MDC1055566.1	QIZ20975.1	92.899	169	12	0	1	169	227	395	2.95e-114	325
MDC1055567.1	QIZ20974.1	98.221	1012	18	0	1	1012	1	1012	0.0	2068
MDC1055568.1	QIZ20973.1	90.780	423	39	0	1	423	1	423	0.0	777
MDC1055569.1	QIZ20972.1	95.045	222	11	0	1	222	1	222	3.42e-154	425
MDC1055570.1	QIZ20977.1	98.507	268	4	0	1	268	3	270	0.0	544
MDC1055573.1	QIZ20976.1	97.872	141	3	0	1	141	1	141	4.61e-101	281
MDC1055574.1	QIZ20975.1	93.651	126	8	0	1	126	1	126	8.65e-82	241
MDC1055579.1	QIZ20894.1	96.377	138	5	0	1	138	128	265	2.81e-91	261
MDC1055580.1	QIZ20895.1	89.935	308	31	0	1	308	1	308	0.0	591
MDC1055581.1	QIZ20896.1	48.592	426	211	6	1	422	1	422	6.29e-142	407
MDC1055582.1	QIZ20897.1	60.748	107	39	2	1	105	1	106	5.86e-44	134
MDC1055583.1	QIZ20898.1	36.807	451	274	7	2	448	30	473	2.00e-93	286
MDC1055585.1	QIZ21403.1	97.633	338	8	0	1	338	1	338	0.0	678
MDC1055586.1	QIZ21402.1	91.758	182	15	0	1	182	1	182	2.81e-121	336
MDC1055587.1	QIZ21401.1	91.837	588	48	0	1	588	1	588	0.0	1093
MDC1055588.1	QIZ21400.1	80.690	145	28	0	1	145	167	311	4.15e-75	222
MDC1055589.1	QIZ20959.1	98.662	598	8	0	1	598	4	601	0.0	1206
MDC1055591.1	QIZ20953.1	41.395	215	115	4	3	210	2	212	4.98e-45	146
MDC1055592.1	QIZ21406.1	59.364	283	109	2	1	277	1	283	1.90e-105	308
MDC1055593.1	QIZ21405.1	97.391	345	9	0	1	345	1	345	0.0	680
MDC1055594.1	QIZ21404.1	94.615	520	28	0	1	520	1	520	0.0	1021
MDC1055595.1	QIZ20236.1	96.985	199	6	0	1	199	1	199	1.17e-145	399
MDC1055596.1	QIZ20235.1	95.359	237	11	0	1	237	1	237	1.29e-164	450
MDC1055597.1	QIZ20234.1	96.623	533	18	0	1	533	1	533	0.0	1065
MDC1055598.1	QIZ20233.1	93.333	135	9	0	1	135	319	453	4.43e-84	249
MDC1055603.1	QIZ20960.1	82.212	416	74	0	1	416	1	416	0.0	685
MDC1055604.1	QIZ20636.1	97.000	200	6	0	1	200	531	730	1.76e-134	389
MDC1055605.1	QIZ20635.1	94.866	409	21	0	1	409	1	409	0.0	768
MDC1055606.1	QIZ20634.1	92.647	68	5	0	1	68	1	68	6.83e-40	130
MDC1055608.1	QIZ21388.1	92.698	315	23	0	1	315	1	315	0.0	617
MDC1055609.1	QIZ21395.1	95.455	66	3	0	1	66	209	274	3.47e-41	130
