MDB9796579.1	QIZ20762.1	94.488	254	14	0	1	254	97	350	1.34e-165	457
MDB9796580.1	QIZ20761.1	95.034	443	22	0	1	443	1	443	0.0	842
MDB9796581.1	QIZ20760.1	97.778	270	6	0	1	270	1	270	0.0	526
MDB9796582.1	QIZ20759.1	98.605	430	6	0	1	430	1	430	0.0	862
MDB9796583.1	QIZ20758.1	98.635	293	4	0	1	293	1	293	0.0	593
MDB9796584.1	QIZ20757.1	97.239	326	9	0	1	326	1	326	0.0	647
MDB9796585.1	QIZ20756.1	94.194	310	18	0	1	310	1	310	0.0	580
MDB9796586.1	QIZ20755.1	90.123	81	8	0	1	81	1	81	6.88e-45	135
MDB9796587.1	QIZ20754.1	94.828	290	15	0	1	290	1	290	0.0	528
MDB9796588.1	QIZ20753.1	96.546	637	22	0	1	637	1	637	0.0	1273
MDB9796589.1	QIZ20752.1	98.333	360	6	0	1	360	1	360	0.0	732
MDB9796590.1	QIZ20751.1	93.269	208	14	0	1	208	1	208	2.76e-147	404
MDB9796591.1	QIZ20750.1	97.626	337	8	0	1	337	1	337	0.0	667
MDB9796592.1	QIZ20749.1	98.134	268	5	0	1	268	1	268	0.0	520
MDB9796593.1	QIZ20748.1	95.918	294	12	0	1	294	1	294	0.0	599
MDB9796594.1	QIZ20747.1	88.663	688	78	0	1	688	1	688	0.0	1211
MDB9796595.1	QIZ20746.1	95.152	887	43	0	1	887	1	887	0.0	1751
MDB9796596.1	QIZ20745.1	88.448	277	32	0	1	277	1	277	0.0	501
MDB9796597.1	QIZ20744.1	91.489	329	28	0	1	329	1	329	0.0	629
MDB9796598.1	QIZ20743.1	84.014	294	47	0	1	294	1	294	0.0	500
MDB9796599.1	QIZ20742.1	93.088	434	30	0	1	434	1	434	0.0	842
MDB9796600.1	QIZ20741.1	86.364	110	15	0	1	110	1	110	2.14e-64	186
MDB9796601.1	QIZ20740.1	93.661	631	40	0	1	631	1	631	0.0	1233
MDB9796602.1	QIZ20739.1	85.547	256	37	0	1	256	1	256	3.41e-160	440
MDB9796603.1	QIZ20738.1	93.396	106	7	0	1	106	1	106	3.15e-73	208
MDB9796604.1	QIZ20737.1	75.444	338	83	0	1	338	1	338	0.0	531
MDB9796605.1	QIZ20736.1	86.538	208	28	0	1	208	1	208	2.25e-141	389
MDB9796606.1	QIZ20735.1	90.234	256	25	0	1	256	1	256	1.03e-152	421
MDB9796607.1	QIZ20734.1	90.556	180	17	0	1	180	1	180	1.52e-111	311
MDB9796609.1	QIZ20733.1	93.103	290	20	0	1	290	1	290	0.0	527
MDB9796610.1	QIZ20732.1	97.887	426	9	0	1	426	1	426	0.0	853
MDB9796611.1	QIZ20731.1	97.710	131	3	0	1	131	1	131	5.96e-93	260
MDB9796612.1	QIZ20730.1	90.643	171	16	0	1	171	19	189	2.36e-114	318
MDB9796613.1	QIZ20729.1	99.167	120	1	0	1	120	1	120	7.14e-88	246
MDB9796614.1	QIZ20728.1	96.104	308	12	0	1	308	1	308	0.0	603
MDB9796615.1	QIZ20727.1	97.917	432	9	0	1	432	1	432	0.0	831
MDB9796616.1	QIZ20726.1	99.217	383	3	0	1	383	1	383	0.0	766
MDB9796617.1	QIZ20725.1	89.876	889	90	0	1	889	1	889	0.0	1639
MDB9796618.1	QIZ20724.1	89.604	404	42	0	1	404	1	404	0.0	764
MDB9796619.1	QIZ20723.1	93.953	215	13	0	1	215	1	215	4.61e-155	424
MDB9796620.1	QIZ20722.1	93.258	267	18	0	1	267	1	267	9.11e-173	473
MDB9796621.1	QIZ20721.1	94.371	302	17	0	1	302	1	302	0.0	584
MDB9796622.1	QIZ20720.1	98.030	203	4	0	1	203	1	203	2.90e-144	395
MDB9796623.1	QIZ20719.1	97.765	358	8	0	1	358	1	358	0.0	690
MDB9796624.1	QIZ20718.1	88.276	145	17	0	1	145	1	145	1.56e-90	255
MDB9796625.1	QIZ20717.1	94.050	521	31	0	1	521	1	521	0.0	981
MDB9796626.1	QIZ20716.1	94.737	133	7	0	1	133	7	139	9.81e-96	267
MDB9796627.1	QIZ20715.1	88.327	257	30	0	1	257	1	257	2.42e-171	469
MDB9796628.1	QIZ20714.1	99.020	204	2	0	1	204	1	204	2.02e-141	389
MDB9796629.1	QIZ20713.1	98.325	418	7	0	1	418	1	418	0.0	852
MDB9796630.1	QIZ20712.1	97.917	288	6	0	1	288	1	288	0.0	558
MDB9796631.1	QIZ20711.1	98.214	336	6	0	1	336	1	336	0.0	654
MDB9796632.1	QIZ20710.1	98.750	240	3	0	1	240	1	240	1.36e-174	475
MDB9796633.1	QIZ20709.1	98.723	235	3	0	1	235	1	235	2.45e-170	464
MDB9796634.1	QIZ20708.1	97.318	261	7	0	1	261	1	261	0.0	530
MDB9796635.1	QIZ20707.1	90.184	163	16	0	1	163	1	163	1.91e-107	299
MDB9796636.1	QIZ20706.1	95.238	126	6	0	1	126	140	265	4.27e-86	247
MDB9796637.1	QIZ20275.1	99.457	184	1	0	1	184	1	184	1.12e-133	367
MDB9796638.1	QIZ20276.1	98.020	101	2	0	1	101	1	101	1.55e-70	201
MDB9796639.1	QIZ20277.1	99.237	131	1	0	1	131	1	131	5.57e-94	263
MDB9796640.1	QIZ20278.1	95.531	179	8	0	1	179	1	179	1.13e-121	337
MDB9796641.1	QIZ20279.1	99.153	118	1	0	1	118	1	118	7.21e-82	231
MDB9796642.1	QIZ20280.1	98.235	170	3	0	1	170	1	170	2.31e-121	335
MDB9796643.1	QIZ20281.1	98.693	153	2	0	1	153	1	153	2.85e-106	295
MDB9796644.1	QIZ20282.1	98.122	426	8	0	1	426	1	426	0.0	833
MDB9796645.1	QIZ20283.1	94.836	213	11	0	1	213	1	213	6.50e-153	418
MDB9796646.1	QIZ20284.1	99.213	127	1	0	1	127	1	127	4.54e-91	255
MDB9796647.1	QIZ20285.1	98.667	150	2	0	1	150	1	150	1.80e-107	298
MDB9796648.1	QIZ20286.1	98.538	342	5	0	1	342	1	342	0.0	682
MDB9796649.1	QIZ20287.1	100.000	145	0	0	1	145	1	145	2.77e-105	292
MDB9796650.1	QIZ20288.1	98.684	304	4	0	1	304	1	304	0.0	618
MDB9796651.1	QIZ20289.1	92.233	206	16	0	1	206	1	206	2.01e-137	379
MDB9796652.1	QIZ20290.1	97.812	457	10	0	1	457	1	457	0.0	898
MDB9796653.1	QIZ20291.1	87.143	280	36	0	1	280	1	280	2.49e-174	478
MDB9796654.1	QIZ20292.1	95.926	270	11	0	1	270	1	270	0.0	494
MDB9796655.1	QIZ20293.1	94.907	432	22	0	1	432	1	432	0.0	795
MDB9796656.1	QIZ20294.1	97.386	153	4	0	1	153	1	153	1.57e-108	301
MDB9796657.1	QIZ20295.1	96.000	100	4	0	1	100	1	100	1.94e-62	181
MDB9796658.1	QIZ20296.1	97.335	863	23	0	1	863	1	863	0.0	1726
MDB9796659.1	QIZ20297.1	95.812	191	8	0	1	191	1	191	6.04e-123	341
MDB9796660.1	QIZ20742.1	25.369	406	278	10	28	423	25	415	1.34e-34	129
MDB9796661.1	QIZ20298.1	98.722	313	4	0	1	313	1	313	0.0	638
MDB9796662.1	QIZ20299.1	98.675	151	2	0	1	151	1	151	2.08e-106	296
MDB9796663.1	QIZ20300.1	94.737	95	5	0	1	95	1	95	1.78e-61	177
MDB9796664.1	QIZ20301.1	97.727	484	11	0	1	484	1	484	0.0	969
MDB9796665.1	QIZ20302.1	96.130	491	19	0	1	491	1	491	0.0	951
MDB9796666.1	QIZ20303.1	92.593	216	16	0	1	216	1	216	8.22e-149	408
MDB9796667.1	QIZ20304.1	91.362	301	26	0	1	301	1	301	0.0	557
MDB9796668.1	QIZ20305.1	95.833	456	19	0	1	456	1	456	0.0	865
MDB9796669.1	QIZ20306.1	93.168	161	11	0	1	161	1	161	2.27e-111	309
MDB9796670.1	QIZ20310.1	93.333	90	3	1	1	87	1	90	1.28e-56	165
MDB9796671.1	QIZ20311.1	97.154	246	7	0	1	246	1	246	3.89e-170	464
MDB9796672.1	QIZ20312.1	95.294	255	12	0	1	255	1	255	9.32e-174	474
MDB9796673.1	QIZ20313.1	89.840	187	19	0	1	187	1	187	4.71e-124	343
MDB9796674.1	QIZ20314.1	93.713	1002	63	0	1	1002	1	1002	0.0	1973
MDB9796675.1	QIZ20315.1	98.901	91	1	0	1	91	1	91	1.82e-67	192
MDB9796676.1	QIZ20316.1	98.561	417	6	0	1	417	1	417	0.0	855
MDB9796677.1	QIZ20317.1	81.682	737	134	1	1	737	1	736	0.0	1250
MDB9796678.1	QIZ20318.1	94.198	293	17	0	1	293	1	293	0.0	574
MDB9796679.1	QIZ20319.1	98.718	156	2	0	1	156	1	156	4.17e-112	310
MDB9796680.1	QIZ20320.1	89.017	173	19	0	1	173	1	173	3.32e-107	300
MDB9796681.1	QIZ20321.1	87.179	585	71	1	1	581	1	585	0.0	1065
MDB9796682.1	QIZ20322.1	96.923	195	6	0	1	195	1	195	4.23e-135	372
MDB9796683.1	QIZ20323.1	91.213	239	21	0	1	239	1	239	1.73e-150	414
MDB9796684.1	QIZ20324.1	94.531	128	7	0	1	128	1	128	3.14e-83	235
MDB9796685.1	QIZ20325.1	94.262	244	14	0	1	244	1	244	3.37e-171	467
MDB9796686.1	QIZ20326.1	94.144	222	13	0	1	222	1	222	7.33e-152	416
MDB9796687.1	QIZ20327.1	96.460	226	8	0	1	226	1	226	1.10e-159	436
MDB9796688.1	QIZ20328.1	95.745	329	14	0	1	329	1	329	0.0	645
MDB9796689.1	QIZ20329.1	89.671	213	22	0	1	213	1	213	1.03e-151	415
MDB9796690.1	QIZ20330.1	93.617	141	9	0	1	141	1	141	4.07e-97	271
MDB9796691.1	QIZ20331.1	97.706	436	10	0	1	436	1	436	0.0	883
MDB9796692.1	QIZ20332.1	98.684	152	2	0	1	152	1	152	8.68e-110	304
MDB9796694.1	QIZ21464.1	94.595	74	4	0	1	74	1	74	1.44e-49	146
MDB9796695.1	QIZ21465.1	96.567	466	16	0	1	466	1	466	0.0	909
MDB9796696.1	QIZ21466.1	96.992	133	4	0	1	133	1	133	1.80e-96	269
MDB9796697.1	QIZ21467.1	98.312	474	8	0	1	474	1	474	0.0	970
MDB9796698.1	QIZ21468.1	97.887	284	6	0	1	284	1	284	0.0	570
MDB9796699.1	QIZ21469.1	96.815	314	10	0	1	314	1	314	0.0	627
MDB9796700.1	QIZ21470.1	97.546	489	12	0	1	489	1	489	0.0	1011
MDB9796701.1	QIZ21471.1	87.783	442	54	0	1	442	1	442	0.0	825
MDB9796702.1	QIZ21472.1	82.456	114	20	0	3	116	2	115	3.33e-66	191
MDB9796703.1	QIZ21473.1	92.903	775	55	0	1	775	1	775	0.0	1514
MDB9796704.1	QIZ21474.1	95.860	314	13	0	1	314	1	314	0.0	625
MDB9796705.1	QIZ21476.1	82.192	73	13	0	5	77	52	124	7.99e-40	123
MDB9796706.1	QIZ21477.1	72.727	176	48	0	3	178	8	183	2.34e-80	232
MDB9796707.1	QIZ21478.1	89.412	340	36	0	1	340	1	340	0.0	624
MDB9796708.1	QIZ21479.1	90.223	716	70	0	1	716	1	716	0.0	1298
MDB9796709.1	QIZ21480.1	93.905	443	27	0	1	443	1	443	0.0	878
MDB9796710.1	QIZ21481.1	93.860	342	21	0	1	342	1	342	0.0	645
MDB9796711.1	QIZ21482.1	96.875	64	2	0	1	64	1	64	1.58e-41	125
MDB9796712.1	QIZ21483.1	93.023	387	27	0	1	387	1	387	0.0	746
MDB9796713.1	QIZ21484.1	91.635	263	22	0	1	263	1	263	0.0	494
MDB9796714.1	QIZ21485.1	98.752	561	7	0	1	561	1	561	0.0	1140
MDB9796715.1	QIZ21486.1	97.368	418	11	0	1	418	1	418	0.0	853
MDB9796716.1	QIZ21487.1	96.591	88	3	0	1	88	1	88	1.78e-64	184
MDB9796717.1	QIZ21488.1	97.295	998	27	0	1	998	1	998	0.0	2019
MDB9796718.1	QIZ21489.1	86.667	195	26	0	1	195	1	195	4.46e-126	349
MDB9796719.1	QIZ21490.1	94.700	283	15	0	1	283	1	283	0.0	532
MDB9796720.1	QIZ21491.1	78.641	103	22	0	1	103	1	103	7.20e-45	136
MDB9796721.1	QIZ21492.1	56.164	146	64	0	1	146	1	146	8.25e-57	170
MDB9796722.1	QIZ21493.1	82.661	248	43	0	1	248	1	248	4.38e-144	399
MDB9796723.1	QIZ21494.1	78.261	115	25	0	1	115	1	115	5.46e-68	196
MDB9796724.1	QIZ21495.1	90.476	252	24	0	1	252	1	252	7.72e-176	479
MDB9796725.1	QIZ21496.1	100.000	68	0	0	1	68	1	68	2.29e-47	140
MDB9796726.1	QIZ21497.1	94.839	155	8	0	1	155	1	155	4.64e-108	300
MDB9796727.1	QIZ21498.1	93.391	348	23	0	1	348	1	348	0.0	642
MDB9796728.1	QIZ21499.1	94.479	163	9	0	1	163	1	163	3.43e-111	309
MDB9796729.1	QIZ21500.1	96.594	323	11	0	1	323	1	323	0.0	652
MDB9796730.1	QIZ21501.1	97.091	550	16	0	1	550	1	550	0.0	1101
MDB9796731.1	QIZ21502.1	96.552	203	7	0	1	203	1	203	1.02e-142	392
MDB9796733.1	QIZ21503.1	97.790	181	4	0	1	181	1	181	1.82e-125	346
MDB9796734.1	QIZ21504.1	96.648	358	12	0	1	358	95	452	0.0	721
MDB9796735.1	QIZ21158.1	98.814	590	7	0	1	590	1	590	0.0	1224
MDB9796736.1	QIZ21159.1	95.671	231	10	0	1	231	27	257	5.41e-168	459
MDB9796737.1	QIZ21160.1	98.189	497	9	0	1	497	1	497	0.0	1007
MDB9796738.1	QIZ21161.1	99.062	320	3	0	1	320	1	320	0.0	634
MDB9796739.1	QIZ21162.1	94.301	386	22	0	1	386	1	386	0.0	731
MDB9796740.1	QIZ21163.1	97.251	291	8	0	1	291	1	291	0.0	572
MDB9796741.1	QIZ21164.1	88.946	968	106	1	1	967	1	968	0.0	1827
MDB9796742.1	QIZ21165.1	95.765	425	18	0	1	425	1	425	0.0	824
MDB9796743.1	QIZ21166.1	98.069	466	9	0	1	466	1	466	0.0	932
MDB9796744.1	QIZ21167.1	96.313	651	24	0	1	651	1	651	0.0	1284
MDB9796745.1	QIZ21168.1	98.378	185	3	0	1	185	1	185	2.39e-131	362
MDB9796746.1	QIZ21169.1	99.413	511	3	0	1	511	1	511	0.0	1027
MDB9796747.1	QIZ21170.1	99.313	291	2	0	1	291	1	291	0.0	585
MDB9796748.1	QIZ21171.1	99.364	472	3	0	1	472	1	472	0.0	949
MDB9796749.1	QIZ21172.1	100.000	130	0	0	1	130	1	130	1.19e-89	251
MDB9796750.1	QIZ21173.1	96.203	158	6	0	1	158	1	158	5.29e-112	310
MDB9796751.1	QIZ21174.1	98.153	379	7	0	1	379	1	379	0.0	747
MDB9796752.1	QIZ21175.1	96.552	116	4	0	1	116	1	116	5.39e-78	221
MDB9796753.1	QIZ21176.1	95.000	180	9	0	1	180	1	180	6.18e-123	340
MDB9796754.1	QIZ21177.1	93.990	416	25	0	1	416	1	416	0.0	776
MDB9796755.1	QIZ21178.1	98.098	368	7	0	1	368	1	368	0.0	725
MDB9796756.1	QIZ21179.1	98.165	327	6	0	1	327	1	327	0.0	651
MDB9796757.1	QIZ21180.1	100.000	84	0	0	1	84	1	84	2.62e-56	164
MDB9796758.1	QIZ21181.1	97.015	134	4	0	1	134	1	134	9.19e-93	260
MDB9796759.1	QIZ21182.1	92.050	239	19	0	1	239	1	239	1.37e-167	457
MDB9796760.1	QIZ21183.1	97.980	198	4	0	1	198	1	198	1.12e-143	394
MDB9796761.1	QIZ21184.1	98.387	372	6	0	1	372	1	372	0.0	759
MDB9796762.1	QIZ21185.1	96.667	360	12	0	1	360	1	360	0.0	694
MDB9796763.1	QIZ21186.1	96.644	298	10	0	1	298	1	298	0.0	575
MDB9796764.1	QIZ21187.1	89.919	248	25	0	1	248	1	248	2.11e-155	427
MDB9796765.1	QIZ21188.1	95.988	324	13	0	1	324	135	458	0.0	573
MDB9796766.1	QIZ20557.1	85.714	49	7	0	1	49	272	320	6.10e-26	91.3
MDB9796767.1	QIZ20556.1	95.989	349	14	0	1	349	1	349	0.0	676
MDB9796768.1	QIZ20555.1	94.611	501	27	0	1	501	1	501	0.0	968
MDB9796769.1	QIZ20554.1	72.139	201	56	0	1	201	1	201	2.09e-97	277
MDB9796770.1	QIZ20553.1	90.187	428	42	0	1	428	1	428	0.0	791
MDB9796771.1	QIZ20552.1	94.389	303	17	0	1	303	1	303	0.0	580
MDB9796772.1	QIZ20551.1	81.316	380	71	0	1	380	1	380	0.0	657
MDB9796773.1	QIZ20550.1	95.833	336	14	0	1	336	1	336	0.0	635
MDB9796774.1	QIZ20549.1	87.127	637	82	0	1	637	1	637	0.0	1149
MDB9796775.1	QIZ20548.1	96.981	265	8	0	1	265	1	265	0.0	525
MDB9796776.1	QIZ20547.1	92.357	314	23	1	1	313	1	314	0.0	578
MDB9796777.1	QIZ20546.1	97.991	448	9	0	1	448	1	448	0.0	924
MDB9796778.1	QIZ20545.1	95.946	370	15	0	1	370	1	370	0.0	691
MDB9796779.1	QIZ20544.1	94.611	167	9	0	1	167	1	167	3.63e-115	319
MDB9796780.1	QIZ20542.1	50.633	474	231	1	3	473	2	475	1.41e-158	455
MDB9796781.1	QIZ20541.1	87.781	311	38	0	1	311	1	311	0.0	557
MDB9796782.1	QIZ20540.1	92.157	255	20	0	1	255	1	255	4.10e-171	468
MDB9796784.1	QIZ20539.1	96.286	377	14	0	1	377	1	377	0.0	738
MDB9796785.1	QIZ20538.1	98.901	91	1	0	1	91	1	91	4.58e-63	181
MDB9796786.1	QIZ20537.1	65.358	433	150	0	1	433	1	433	0.0	527
MDB9796787.1	QIZ20536.1	88.079	151	18	0	1	151	2	152	3.48e-76	219
MDB9796788.1	QIZ20533.1	85.827	127	18	0	1	127	1	127	3.50e-79	225
MDB9796789.1	QIZ20532.1	91.237	194	17	0	1	194	1	194	6.17e-132	363
MDB9796790.1	QIZ20531.1	95.541	157	7	0	1	157	1	157	8.57e-107	297
MDB9796791.1	QIZ20530.1	98.913	184	2	0	1	184	1	184	7.56e-132	363
MDB9796793.1	QIZ20529.1	96.875	256	8	0	1	256	1	256	0.0	507
MDB9796794.1	QIZ20528.1	98.529	68	1	0	1	68	1	68	3.82e-43	129
MDB9796795.1	QIZ20527.1	96.496	371	13	0	1	371	1	371	0.0	730
MDB9796796.1	QIZ20526.1	97.442	391	10	0	1	391	1	391	0.0	786
MDB9796797.1	QIZ20525.1	96.059	406	16	0	1	406	1	406	0.0	751
MDB9796798.1	QIZ20201.1	94.585	277	15	0	1	277	1	277	0.0	555
MDB9796799.1	QIZ20200.1	97.900	381	8	0	1	381	1	381	0.0	769
MDB9796800.1	QIZ20199.1	93.714	175	11	0	1	175	1	175	1.26e-116	323
MDB9796801.1	QIZ20198.1	70.398	402	119	0	1	402	1	402	0.0	522
MDB9796802.1	QIZ20197.1	84.965	286	43	0	3	288	4	289	0.0	514
MDB9796803.1	QIZ20196.1	77.387	199	45	0	1	199	1	199	1.35e-121	338
MDB9796804.1	QIZ20599.1	39.867	301	175	3	5	304	1	296	6.37e-73	223
MDB9796806.1	QIZ21130.1	29.796	245	159	7	46	283	43	281	2.53e-21	87.0
MDB9796807.1	QIZ21131.1	28.302	265	170	7	21	270	23	282	2.02e-29	108
MDB9796809.1	QIZ20595.1	58.038	367	144	3	1	364	1	360	4.06e-153	431
MDB9796810.1	QIZ20192.1	94.611	167	9	0	1	167	1	167	2.21e-118	327
MDB9796811.1	QIZ20191.1	91.304	184	16	0	1	184	1	184	6.90e-128	353
MDB9796812.1	QIZ20190.1	94.444	360	20	0	1	360	1	360	0.0	699
MDB9796813.1	QIZ20184.1	90.645	310	29	0	1	310	1	310	0.0	560
MDB9796814.1	QIZ20183.1	96.124	129	5	0	1	129	1	129	2.27e-86	243
MDB9796815.1	QIZ20182.1	99.107	224	2	0	1	224	1	224	1.84e-161	441
MDB9796816.1	QIZ20181.1	98.261	230	4	0	1	230	1	230	2.26e-164	449
MDB9796817.1	QIZ20180.1	98.587	283	4	0	1	283	1	283	0.0	569
MDB9796818.1	QIZ21593.1	98.266	346	6	0	1	346	1	346	0.0	698
MDB9796819.1	QIZ21592.1	94.706	170	9	0	1	170	1	170	1.62e-118	328
MDB9796820.1	QIZ21591.1	96.000	175	7	0	1	175	1	175	2.85e-114	317
MDB9796832.1	QIZ21401.1	92.157	306	24	0	1	306	1	306	0.0	577
MDB9796833.1	QIZ21400.1	88.424	311	36	0	1	311	1	311	3.96e-178	490
MDB9796834.1	QIZ21399.1	90.021	471	46	1	1	470	1	471	0.0	838
MDB9796835.1	QIZ21398.1	95.082	61	3	0	1	61	1	61	2.17e-37	114
MDB9796836.1	QIZ21397.1	90.625	288	27	0	1	288	1	288	0.0	516
MDB9796837.1	QIZ21396.1	91.257	366	32	0	1	366	1	366	0.0	640
MDB9796838.1	QIZ21395.1	98.905	274	3	0	18	291	1	274	0.0	549
MDB9796839.1	QIZ21388.1	93.016	315	22	0	1	315	1	315	0.0	616
MDB9796841.1	QIZ21387.1	96.753	462	15	0	1	462	1	462	0.0	920
MDB9796842.1	QIZ21386.1	78.054	483	106	0	1	483	1	483	0.0	710
MDB9796843.1	QIZ21385.1	97.493	678	17	0	1	678	1	678	0.0	1355
MDB9796844.1	QIZ21384.1	91.312	564	49	0	1	564	1	564	0.0	1033
MDB9796845.1	QIZ21383.1	93.926	675	41	0	1	675	1	675	0.0	1280
MDB9796846.1	QIZ21382.1	95.472	265	12	0	18	282	18	282	0.0	508
MDB9796847.1	QIZ21381.1	95.098	306	15	0	1	306	1	306	0.0	569
MDB9796848.1	QIZ21380.1	90.786	369	34	0	1	369	1	369	0.0	664
MDB9796849.1	QIZ21379.1	87.111	225	29	0	1	225	1	225	2.39e-126	352
MDB9796850.1	QIZ21378.1	94.408	304	17	0	1	304	1	304	0.0	545
MDB9796851.1	QIZ21377.1	95.192	312	15	0	1	312	1	312	0.0	551
MDB9796852.1	QIZ21376.1	97.198	464	13	0	1	464	1	464	0.0	914
MDB9796853.1	QIZ21375.1	90.449	356	34	0	1	356	1	356	0.0	640
MDB9796854.1	QIZ21374.1	93.496	369	24	0	1	369	6	374	0.0	625
MDB9796855.1	QIZ21026.1	89.891	732	73	1	1	732	1	731	0.0	1345
MDB9796856.1	QIZ21025.1	82.874	508	87	0	1	508	1	508	0.0	828
MDB9796857.1	QIZ21024.1	86.186	333	46	0	1	333	1	333	0.0	591
MDB9796858.1	QIZ21023.1	94.444	180	10	0	1	180	1	180	1.81e-124	343
MDB9796860.1	QIZ21022.1	87.952	332	40	0	1	332	1	332	0.0	610
MDB9796861.1	QIZ21021.1	92.969	128	9	0	1	128	1	128	5.12e-86	242
MDB9796862.1	QIZ21020.1	100.000	136	0	0	1	136	1	136	1.23e-97	272
MDB9796863.1	QIZ21019.1	94.066	455	27	0	1	455	1	455	0.0	855
MDB9796864.1	QIZ21018.1	98.198	333	6	0	1	333	1	333	0.0	661
MDB9796865.1	QIZ21017.1	92.157	153	12	0	1	153	1	153	4.99e-89	252
MDB9796866.1	QIZ21016.1	89.980	499	50	0	16	514	19	517	0.0	842
MDB9796867.1	QIZ21015.1	97.429	389	10	0	1	389	1	389	0.0	788
MDB9796868.1	QIZ21014.1	99.623	530	2	0	1	530	1	530	0.0	1057
MDB9796869.1	QIZ21013.1	97.422	737	15	2	1	734	1	736	0.0	1442
MDB9796870.1	QIZ21012.1	98.361	122	2	0	1	122	1	122	8.14e-86	241
MDB9796871.1	QIZ21011.1	97.561	82	2	0	1	82	1	82	6.36e-54	157
MDB9796872.1	QIZ21010.1	97.826	690	15	0	1	690	1	690	0.0	1374
MDB9796873.1	QIZ21009.1	91.270	126	11	0	1	126	1	126	1.12e-85	241
MDB9796874.1	QIZ21008.1	97.701	261	6	0	1	261	1	261	0.0	525
MDB9796875.1	QIZ21007.1	87.637	364	45	0	1	364	40	403	0.0	676
MDB9796876.1	QIZ21122.1	93.033	244	17	0	1	244	140	383	4.10e-176	485
MDB9796877.1	QIZ21123.1	87.306	386	49	0	1	386	1	386	0.0	698
MDB9796878.1	QIZ21124.1	33.492	421	271	6	57	473	41	456	2.11e-74	238
MDB9796880.1	QIZ21122.1	88.189	127	15	0	1	127	1	127	1.37e-82	243
MDB9796881.1	QIZ21120.1	97.041	169	5	0	1	169	1	169	3.14e-120	332
MDB9796882.1	QIZ21119.1	96.032	126	5	0	1	126	1	126	4.36e-75	214
MDB9796883.1	QIZ21118.1	90.173	173	17	0	1	173	1	173	4.84e-115	319
MDB9796884.1	QIZ21117.1	94.880	625	32	0	1	625	1	625	0.0	1117
MDB9796885.1	QIZ21115.1	93.333	75	5	0	1	75	1	75	1.39e-48	144
MDB9796886.1	QIZ21114.1	96.610	236	8	0	1	236	1	236	3.27e-168	459
MDB9796887.1	QIZ21113.1	100.000	106	0	0	1	106	1	106	1.12e-77	219
MDB9796888.1	QIZ21112.1	95.628	183	8	0	1	183	1	183	8.50e-128	352
MDB9796889.1	QIZ21111.1	97.368	114	3	0	1	114	1	114	4.12e-78	221
MDB9796890.1	QIZ21110.1	97.233	253	7	0	1	253	1	253	6.83e-179	487
MDB9796891.1	QIZ21109.1	96.522	345	12	0	1	345	1	345	0.0	698
MDB9796892.1	QIZ21108.1	72.619	168	46	0	1	168	1	168	2.70e-92	261
MDB9796893.1	QIZ21107.1	97.975	395	8	0	1	395	1	395	0.0	791
MDB9796894.1	QIZ21106.1	90.732	205	19	0	1	205	1	205	5.44e-139	382
MDB9796895.1	QIZ21105.1	96.053	152	6	0	1	152	1	152	1.05e-106	296
MDB9796896.1	QIZ21104.1	100.000	126	0	0	1	126	1	126	7.68e-88	247
MDB9796897.1	QIZ21103.1	90.000	380	38	0	1	380	1	380	0.0	709
MDB9796899.1	QIZ21124.1	32.877	292	192	3	57	347	41	329	2.76e-44	157
MDB9796900.1	QIZ21123.1	87.306	386	49	0	1	386	1	386	0.0	698
MDB9796901.1	QIZ21122.1	93.033	244	17	0	1	244	140	383	4.10e-176	485
MDB9796902.1	QIZ20952.1	98.810	420	5	0	1	420	266	685	0.0	849
MDB9796903.1	QIZ20951.1	91.784	426	35	0	1	426	1	426	0.0	748
MDB9796904.1	QIZ20950.1	96.346	602	22	0	1	602	1	602	0.0	1169
MDB9796905.1	QIZ20949.1	99.074	324	3	0	1	324	1	324	0.0	669
MDB9796906.1	QIZ20948.1	100.000	175	0	0	1	175	1	175	4.07e-131	360
MDB9796907.1	QIZ20947.1	86.047	86	12	0	1	86	10	95	1.03e-47	142
MDB9796908.1	QIZ20946.1	88.043	368	44	0	1	368	1	368	0.0	624
MDB9796909.1	QIZ20945.1	90.588	170	16	0	1	170	1	170	2.56e-111	310
MDB9796910.1	QIZ20944.1	90.273	586	57	0	1	586	1	586	0.0	1043
MDB9796911.1	QIZ20943.1	97.093	172	5	0	1	172	1	172	3.76e-123	340
MDB9796912.1	QIZ20942.1	88.065	310	37	0	1	310	1	310	0.0	556
MDB9796913.1	QIZ20941.1	95.935	246	10	0	1	246	1	246	1.98e-176	481
MDB9796914.1	QIZ20940.1	96.855	159	5	0	1	159	1	159	9.63e-114	315
MDB9796915.1	QIZ20939.1	94.498	309	17	0	1	309	1	309	0.0	608
MDB9796916.1	QIZ21069.1	69.355	62	19	0	1	62	1	62	2.24e-30	97.1
MDB9796917.1	QIZ20937.1	94.366	213	12	0	1	213	172	384	1.44e-145	406
MDB9796918.1	QIZ20646.1	95.960	594	24	0	1	594	1	594	0.0	1179
MDB9796919.1	QIZ20645.1	95.238	273	13	0	1	273	1	273	0.0	531
MDB9796920.1	QIZ20644.1	94.118	119	7	0	1	119	1	119	8.88e-81	228
MDB9796921.1	QIZ20643.1	79.259	135	25	1	1	135	1	132	2.61e-68	198
MDB9796922.1	QIZ20642.1	97.973	444	9	0	1	444	1	444	0.0	909
MDB9796923.1	QIZ20641.1	93.617	141	9	0	1	141	1	141	1.20e-93	263
MDB9796924.1	QIZ20640.1	94.853	136	7	0	10	145	10	145	8.19e-94	263
MDB9796926.1	QIZ20638.1	98.444	257	4	0	1	257	1	257	0.0	513
MDB9796927.1	QIZ20637.1	94.314	598	34	0	1	598	1	598	0.0	1096
MDB9796930.1	QIZ20863.1	41.975	243	133	5	104	342	104	342	3.59e-54	177
MDB9796931.1	QIZ20636.1	86.364	132	18	0	1	132	1	132	7.43e-62	197
MDB9796932.1	QIZ20225.1	96.078	255	10	0	1	255	120	374	0.0	513
MDB9796933.1	QIZ21152.1	25.714	490	321	11	52	508	60	539	1.01e-39	147
MDB9796935.1	QIZ20504.1	27.653	311	214	6	3	312	2	302	6.56e-28	106
MDB9796936.1	QIZ20503.1	44.235	477	259	6	22	493	23	497	2.71e-126	373
MDB9796937.1	QIZ20224.1	88.889	207	23	0	1	207	1	207	4.82e-138	380
MDB9796938.1	QIZ20222.1	98.246	342	6	0	1	342	1	342	0.0	710
MDB9796939.1	QIZ20221.1	98.760	645	8	0	1	645	1	645	0.0	1330
MDB9796940.1	QIZ20220.1	96.755	339	11	0	1	339	1	339	0.0	678
MDB9796941.1	QIZ21189.1	98.705	386	5	0	1	386	1	386	0.0	749
MDB9796942.1	QIZ21190.1	96.346	520	19	0	1	520	6	525	0.0	1021
MDB9796943.1	QIZ21191.1	96.000	350	14	0	1	350	1	350	0.0	667
MDB9796944.1	QIZ21192.1	96.262	107	4	0	1	107	1	107	3.69e-70	201
MDB9796945.1	QIZ21193.1	95.652	184	8	0	1	184	1	184	2.61e-125	346
MDB9796946.1	QIZ21194.1	97.938	291	6	0	1	291	1	291	0.0	582
MDB9796947.1	QIZ21195.1	98.559	347	5	0	1	347	1	347	0.0	714
MDB9796948.1	QIZ21196.1	92.857	392	28	0	1	392	1	392	0.0	752
MDB9796949.1	QIZ21197.1	97.605	167	4	0	1	167	1	167	8.35e-120	332
MDB9796950.1	QIZ20239.1	90.769	65	6	0	1	65	666	730	8.22e-35	119
MDB9796951.1	QIZ20238.1	97.368	76	2	0	1	76	1	76	4.53e-51	150
MDB9796952.1	QIZ20237.1	95.455	110	5	0	1	110	1	110	2.08e-76	216
MDB9796953.1	QIZ21224.1	83.038	395	67	0	1	395	1	395	0.0	702
MDB9796954.1	QIZ20236.1	97.561	205	5	0	1	205	1	205	1.44e-150	412
MDB9796955.1	QIZ20235.1	95.359	237	11	0	1	237	1	237	3.03e-165	451
MDB9796956.1	QIZ20234.1	95.872	533	22	0	1	533	1	533	0.0	1063
MDB9796957.1	QIZ20233.1	94.264	401	23	0	1	401	53	453	0.0	770
MDB9796958.1	QIZ20231.1	97.674	215	5	0	7	221	245	459	1.35e-159	445
MDB9796959.1	QIZ21223.1	78.571	126	27	0	3	128	169	294	1.65e-68	204
MDB9796960.1	QIZ21228.1	99.495	198	1	0	1	198	273	470	1.13e-143	404
MDB9796961.1	QIZ21229.1	95.672	439	19	0	1	439	1	439	0.0	808
MDB9796962.1	QIZ21230.1	91.331	323	28	0	1	323	1	323	0.0	592
MDB9796963.1	QIZ21231.1	94.248	226	13	0	1	226	1	226	1.75e-158	433
MDB9796964.1	QIZ21232.1	89.302	215	23	0	1	215	1	215	2.11e-137	379
MDB9796965.1	QIZ21233.1	98.684	608	8	0	1	608	1	608	0.0	1221
MDB9796966.1	QIZ20557.1	99.507	203	1	0	1	203	1	203	1.16e-148	411
MDB9796967.1	QIZ20562.1	92.886	492	35	0	1	492	1	492	0.0	955
MDB9796968.1	QIZ20563.1	81.754	285	47	1	19	303	19	298	1.04e-169	469
MDB9796969.1	QIZ20567.1	88.148	135	16	0	1	135	1	135	6.16e-93	260
MDB9796970.1	QIZ20568.1	93.194	191	13	0	1	191	1	191	3.53e-133	367
MDB9796971.1	QIZ20569.1	95.604	91	4	0	1	91	1	91	4.80e-57	174
MDB9796972.1	QIZ20628.1	84.091	352	56	0	1	352	53	404	0.0	647
MDB9796973.1	QIZ20627.1	85.897	156	22	0	1	156	1	156	2.11e-98	276
MDB9796974.1	QIZ20626.1	98.980	98	1	0	1	98	1	98	4.33e-68	194
MDB9796975.1	QIZ20625.1	100.000	110	0	0	1	110	1	110	5.67e-78	221
MDB9796977.1	QIZ20624.1	97.987	447	9	0	1	447	22	468	0.0	917
MDB9796978.1	QIZ20612.1	92.308	52	4	0	1	52	99	150	2.84e-31	101
MDB9796979.1	QIZ20613.1	92.027	301	24	0	1	301	1	301	0.0	581
MDB9796980.1	QIZ20614.1	95.238	189	9	0	1	189	1	189	4.32e-120	333
MDB9796981.1	QIZ20615.1	94.783	115	6	0	1	115	1	115	5.59e-82	231
MDB9796982.1	QIZ20616.1	97.093	516	15	0	1	516	66	581	0.0	1058
MDB9796983.1	QIZ20765.1	95.408	196	9	0	1	196	129	324	1.94e-139	388
MDB9796984.1	QIZ20764.1	91.738	351	29	0	1	351	1	351	0.0	640
MDB9796985.1	QIZ20763.1	99.204	628	5	0	3	630	1	628	0.0	1273
MDB9796986.1	QIZ20652.1	98.387	310	5	0	1	310	176	485	0.0	626
MDB9796987.1	QIZ20651.1	95.588	136	6	0	1	136	1	136	4.00e-83	236
MDB9796988.1	QIZ20650.1	88.542	192	22	0	1	192	1	192	2.97e-115	321
MDB9796989.1	QIZ20649.1	92.690	342	25	0	1	342	1	342	0.0	606
MDB9796990.1	QIZ20648.1	95.804	143	6	0	1	143	1	143	1.17e-90	263
MDB9796992.1	QIZ21225.1	93.889	180	11	0	1	180	1	180	9.33e-118	327
MDB9796993.1	QIZ21226.1	99.130	115	1	0	1	115	1	115	4.96e-81	229
MDB9796994.1	QIZ21227.1	94.167	120	7	0	1	120	1	120	3.01e-83	234
MDB9796995.1	QIZ21228.1	97.458	236	6	0	1	236	1	236	2.15e-168	468
MDB9796996.1	QIZ20634.1	92.329	365	28	0	1	365	1	365	0.0	682
MDB9796997.1	QIZ20635.1	94.866	409	21	0	1	409	1	409	0.0	767
MDB9796998.1	QIZ20636.1	97.006	167	5	0	1	167	564	730	9.56e-110	324
MDB9796999.1	QIZ21421.1	96.341	246	9	0	1	246	1	246	5.43e-176	479
MDB9797000.1	QIZ21422.1	94.636	261	14	0	1	261	1	261	0.0	504
MDB9797001.1	QIZ21423.1	97.436	234	6	0	1	234	1	234	2.56e-170	464
MDB9797002.1	QIZ21424.1	89.412	85	9	0	1	85	1	85	5.24e-50	149
MDB9797003.1	QIZ20489.1	62.712	177	66	0	3	179	187	363	6.37e-77	229
MDB9797004.1	QIZ20488.1	55.825	206	77	2	19	211	15	219	9.50e-71	211
MDB9797005.1	QIZ20487.1	77.904	439	97	0	4	442	2	440	0.0	664
MDB9797006.1	QIZ21290.1	97.945	146	3	0	1	146	1	146	2.56e-102	285
MDB9797007.1	QIZ21291.1	93.455	275	18	0	1	275	1	275	0.0	531
MDB9797008.1	QIZ21292.1	98.039	153	3	0	1	153	1	153	4.99e-112	310
MDB9797009.1	QIZ21293.1	98.817	169	2	0	1	169	1	169	8.32e-127	348
MDB9797010.1	QIZ21294.1	100.000	92	0	0	1	92	1	92	3.75e-65	197
MDB9797011.1	QIZ20202.1	87.805	164	20	0	9	172	1	164	2.12e-105	295
MDB9797012.1	QIZ20203.1	95.485	443	20	0	1	443	1	443	0.0	842
MDB9797013.1	QIZ20204.1	97.436	234	6	0	7	240	1	234	2.97e-174	478
MDB9797014.1	QIZ21094.1	92.920	226	16	0	1	226	125	350	6.52e-161	444
MDB9797015.1	QIZ21095.1	92.562	363	27	0	1	363	1	363	0.0	664
MDB9797016.1	QIZ21096.1	97.315	149	4	0	115	263	88	236	4.19e-102	293
MDB9797017.1	QIZ21029.1	89.306	346	37	0	1	346	1	346	0.0	603
MDB9797018.1	QIZ21028.1	92.334	287	22	0	1	287	1	287	0.0	509
MDB9797019.1	QIZ21027.1	95.652	161	7	0	1	161	1	161	1.53e-110	308
MDB9797020.1	QIZ21373.1	90.909	319	29	0	1	319	1	319	0.0	538
MDB9797022.1	QIZ21372.1	93.846	65	4	0	1	65	884	948	1.13e-34	118
MDB9797023.1	QIZ21283.1	84.375	64	10	0	1	64	262	325	3.15e-33	112
MDB9797024.1	QIZ21279.1	94.853	408	18	1	7	411	33	440	0.0	768
MDB9797025.1	QIZ21295.1	90.323	155	15	0	1	155	105	259	3.43e-95	271
MDB9797026.1	QIZ21296.1	100.000	92	0	0	1	92	266	357	6.52e-66	197
