WP_006996810.1	QIZ20262.1	100.000	102	0	0	1	102	1	102	9.82e-72	204
WP_020169389.1	QIZ20419.1	100.000	346	0	0	1	346	1	346	0.0	714
WP_023648302.1	QIZ20572.1	92.126	127	10	0	1	127	1	127	1.57e-89	251
WP_168606286.1	QIZ20391.1	100.000	94	0	0	1	94	1	94	1.87e-64	185
WP_168606322.1	QIZ20428.1	100.000	308	0	0	1	308	1	308	0.0	640
WP_168606438.1	QIZ20547.1	100.000	314	0	0	1	314	1	314	0.0	631
WP_168606464.1	QIZ20577.1	100.000	106	0	0	1	106	1	106	3.45e-76	216
WP_168606467.1	QIZ20580.1	100.000	73	0	0	1	73	1	73	2.02e-49	145
WP_168606473.1	QIZ20586.1	100.000	193	0	0	1	193	1	193	1.34e-142	390
WP_168607328.1	QIZ21471.1	100.000	442	0	0	1	442	1	442	0.0	917
WP_169036396.1	QIZ20259.1	95.935	123	5	0	1	123	1	123	1.39e-84	238
WP_271492406.1	QIZ20279.1	83.051	118	20	0	1	118	1	118	1.42e-68	197
WP_271492425.1	QIZ20272.1	96.154	78	3	0	1	78	1	78	2.58e-51	150
WP_271492428.1	QIZ20271.1	92.063	63	5	0	1	63	1	63	1.33e-36	112
WP_271492435.1	QIZ20268.1	97.727	132	3	0	1	132	1	132	3.15e-92	258
WP_271492437.1	QIZ20267.1	98.851	87	1	0	1	87	1	87	1.36e-60	176
WP_271492627.1	QIZ21251.1	91.791	134	11	0	1	134	1	134	1.29e-93	262
WP_271511428.1	QIZ20571.1	84.375	96	14	1	9	103	1	96	2.05e-57	168
WP_271516307.1	QIZ21254.1	93.671	79	5	0	1	79	1	79	1.62e-54	159
WP_271525481.1	QIZ20546.1	99.537	216	1	0	1	216	1	216	5.58e-163	453
WP_271525482.1	QIZ20559.1	98.817	169	2	0	1	169	1	169	1.39e-123	340
WP_271525484.1	QIZ20560.1	99.532	427	2	0	1	427	1	427	0.0	811
WP_271525485.1	QIZ20561.1	95.954	346	14	0	1	346	1	346	0.0	681
WP_271525487.1	QIZ20548.1	99.623	265	1	0	1	265	1	265	0.0	537
WP_271525488.1	QIZ20549.1	98.116	637	12	0	1	637	1	637	0.0	1264
WP_271525489.1	QIZ20550.1	95.238	336	16	0	1	336	1	336	0.0	632
WP_271525491.1	QIZ20551.1	90.263	380	37	0	1	380	1	380	0.0	708
WP_271525493.1	QIZ20552.1	97.030	303	9	0	1	303	1	303	0.0	591
WP_271525494.1	QIZ20553.1	89.953	428	43	0	1	428	1	428	0.0	788
WP_271525496.1	QIZ20554.1	70.149	201	60	0	1	201	1	201	5.89e-96	273
WP_271525497.1	QIZ20555.1	96.208	501	19	0	1	501	1	501	0.0	981
WP_271525498.1	QIZ20556.1	96.571	350	12	0	1	350	1	350	0.0	682
WP_271525499.1	QIZ20557.1	97.500	320	8	0	1	320	1	320	0.0	640
WP_271525500.1	QIZ20562.1	93.089	492	34	0	1	492	1	492	0.0	952
WP_271525502.1	QIZ20567.1	94.030	134	8	0	1	134	1	134	3.02e-97	271
WP_271525503.1	QIZ20568.1	98.438	192	3	0	1	192	1	192	3.34e-140	384
WP_271525504.1	QIZ20569.1	97.898	333	7	0	1	333	1	333	0.0	662
WP_271525505.1	QIZ20570.1	97.826	138	3	0	1	138	1	138	9.58e-100	278
WP_271525506.1	QIZ20573.1	96.104	77	3	0	1	77	19	95	5.72e-54	158
WP_271525508.1	QIZ20563.1	45.714	280	144	5	1	275	18	294	7.66e-76	230
WP_271525510.1	QIZ20574.1	83.721	86	14	0	1	86	37	122	5.35e-53	157
WP_271525511.1	QIZ20576.1	96.939	98	3	0	1	98	1	98	4.62e-65	187
WP_271525512.1	QIZ20578.1	95.588	68	3	0	1	68	1	68	1.04e-44	133
WP_271525513.1	QIZ20579.1	98.182	110	2	0	1	110	1	110	4.58e-72	206
WP_271525514.1	QIZ20581.1	97.333	75	2	0	1	75	1	75	1.30e-49	146
WP_271525515.1	QIZ20582.1	98.198	111	2	0	1	111	1	111	1.60e-74	212
WP_271525516.1	QIZ20583.1	90.351	114	11	0	1	114	1	114	9.87e-75	213
WP_271525517.1	QIZ20584.1	88.172	186	22	0	1	186	1	186	8.64e-122	337
WP_271525518.1	QIZ20585.1	93.284	268	18	0	1	268	1	268	0.0	508
WP_271525519.1	QIZ20587.1	98.723	235	3	0	1	235	1	235	7.90e-162	442
WP_271525521.1	QIZ20761.1	95.349	387	18	0	1	387	57	443	0.0	744
WP_271525522.1	QIZ20760.1	97.407	270	7	0	1	270	1	270	0.0	521
WP_271525523.1	QIZ20759.1	98.605	430	6	0	1	430	1	430	0.0	863
WP_271525524.1	QIZ20758.1	98.635	293	4	0	1	293	1	293	0.0	592
WP_271525525.1	QIZ20757.1	93.558	326	21	0	1	326	1	326	0.0	603
WP_271525526.1	QIZ20756.1	93.548	310	20	0	1	310	1	310	0.0	576
WP_271525527.1	QIZ20755.1	86.420	81	11	0	1	81	1	81	6.25e-44	132
WP_271525528.1	QIZ20754.1	92.759	290	21	0	1	290	1	290	0.0	518
WP_271525529.1	QIZ20752.1	98.889	360	4	0	1	360	1	360	0.0	736
WP_271525530.1	QIZ20751.1	99.038	208	2	0	1	208	1	208	1.13e-154	422
WP_271525531.1	QIZ20750.1	98.813	337	4	0	16	352	1	337	0.0	671
WP_271525532.1	QIZ20749.1	99.254	268	2	0	1	268	1	268	0.0	520
WP_271525534.1	QIZ20748.1	97.619	294	7	0	1	294	1	294	0.0	604
WP_271525535.1	QIZ20747.1	95.930	688	28	0	1	688	1	688	0.0	1312
WP_271525536.1	QIZ20746.1	97.630	886	21	0	1	886	1	886	0.0	1778
WP_271525537.1	QIZ20745.1	89.531	277	29	0	1	277	1	277	0.0	495
WP_271525538.1	QIZ20744.1	97.568	329	8	0	1	329	1	329	0.0	663
WP_271525539.1	QIZ20743.1	93.537	294	19	0	1	294	1	294	0.0	558
WP_271525540.1	QIZ20742.1	95.853	434	18	0	1	434	1	434	0.0	864
WP_271525541.1	QIZ20741.1	99.091	110	1	0	1	110	1	110	2.82e-72	206
WP_271525542.1	QIZ20740.1	98.415	631	10	0	1	631	1	631	0.0	1282
WP_271525544.1	QIZ20739.1	99.219	256	2	0	1	256	1	256	0.0	495
WP_271525546.1	QIZ20738.1	95.283	106	5	0	1	106	1	106	1.09e-74	212
WP_271525547.1	QIZ20737.1	91.420	338	29	0	1	338	1	338	0.0	617
WP_271525548.1	QIZ20736.1	81.818	66	12	0	1	66	1	66	9.67e-35	112
WP_271525549.1	QIZ20753.1	95.918	637	26	0	1	637	1	637	0.0	1262
WP_271525551.1	QIZ20401.1	97.688	173	4	0	1	173	1	173	5.55e-124	349
WP_271525553.1	QIZ20402.1	99.048	105	1	0	1	105	1	105	1.39e-72	206
WP_271525555.1	QIZ20403.1	96.512	258	9	0	1	258	1	258	0.0	517
WP_271525556.1	QIZ20404.1	96.687	332	11	0	2	333	1	332	0.0	650
WP_271525559.1	QIZ20405.1	86.719	128	17	0	2	129	3	130	8.92e-80	227
WP_271525560.1	QIZ20406.1	79.775	267	54	0	1	267	1	267	1.05e-154	427
WP_271525561.1	QIZ20407.1	73.387	248	65	1	1	247	1	248	3.94e-134	374
WP_271525562.1	QIZ20408.1	71.588	359	88	6	4	349	1	358	0.0	507
WP_271525563.1	QIZ20409.1	98.611	72	1	0	1	72	1	72	6.76e-46	137
WP_271525567.1	QIZ20410.1	98.598	214	3	0	4	217	2	215	2.97e-152	417
WP_271525569.1	QIZ20411.1	99.373	319	2	0	1	319	3	321	0.0	637
WP_271525579.1	QIZ20412.1	95.012	401	20	0	1	401	1	401	0.0	740
WP_271525580.1	QIZ20413.1	98.951	572	6	0	1	572	1	572	0.0	1160
WP_271525581.1	QIZ20414.1	96.571	875	30	0	1	875	1	875	0.0	1727
WP_271525582.1	QIZ20415.1	96.748	123	4	0	1	123	1	123	4.28e-83	234
WP_271525583.1	QIZ20416.1	98.361	244	4	0	1	244	1	244	1.53e-180	491
WP_271525584.1	QIZ20417.1	98.592	426	6	0	1	426	1	426	0.0	844
WP_271525587.1	QIZ20418.1	98.425	381	6	0	1	381	1	381	0.0	743
WP_271525589.1	QIZ20290.1	98.082	365	7	0	1	365	1	365	0.0	724
WP_271525590.1	QIZ20289.1	91.748	206	17	0	1	206	1	206	3.97e-135	373
WP_271525591.1	QIZ20288.1	97.697	304	7	0	1	304	1	304	0.0	612
WP_271525592.1	QIZ20287.1	99.310	145	1	0	1	145	1	145	4.45e-104	289
WP_271525593.1	QIZ20286.1	98.830	342	4	0	1	342	1	342	0.0	684
WP_271525594.1	QIZ20285.1	97.333	150	4	0	1	150	1	150	1.24e-106	296
WP_271525595.1	QIZ20284.1	99.213	127	1	0	1	127	1	127	2.21e-90	253
WP_271525596.1	QIZ20283.1	94.366	213	12	0	1	213	1	213	5.47e-150	411
WP_271525597.1	QIZ20282.1	99.531	426	2	0	1	426	1	426	0.0	842
WP_271525598.1	QIZ20281.1	95.425	153	7	0	1	153	1	153	3.07e-94	265
WP_271525599.1	QIZ20280.1	97.059	170	5	0	1	170	1	170	6.29e-118	326
WP_271525601.1	QIZ20278.1	91.620	179	15	0	1	179	1	179	1.47e-116	323
WP_271525603.1	QIZ20277.1	90.076	131	13	0	1	131	1	131	1.85e-86	244
WP_271525604.1	QIZ20276.1	95.050	101	5	0	1	101	1	101	1.40e-67	194
WP_271525606.1	QIZ20275.1	93.478	184	12	0	1	184	1	184	6.93e-125	345
WP_271525608.1	QIZ20274.1	95.714	70	3	0	1	70	1	70	8.29e-42	127
WP_271525609.1	QIZ20273.1	94.262	122	7	0	1	122	1	122	1.83e-82	233
WP_271525610.1	QIZ20270.1	98.529	136	2	0	1	136	1	136	1.16e-97	272
WP_271525611.1	QIZ20269.1	95.575	226	10	0	1	226	1	226	1.44e-163	446
WP_271525612.1	QIZ20266.1	91.103	281	25	0	1	281	1	281	0.0	514
WP_271525613.1	QIZ20265.1	90.722	97	9	0	1	97	1	97	1.31e-59	173
WP_271525614.1	QIZ20264.1	89.372	207	22	0	1	207	1	207	4.73e-135	373
WP_271525615.1	QIZ20263.1	92.070	227	18	0	1	227	1	227	1.93e-154	424
WP_271525618.1	QIZ20261.1	95.231	692	33	0	1	692	1	692	0.0	1374
WP_271525619.1	QIZ20260.1	99.359	156	1	0	1	156	1	156	5.35e-113	313
WP_271525621.1	QIZ20258.1	98.488	1389	21	0	1	1389	1	1389	0.0	2815
WP_271525623.1	QIZ20257.1	99.268	683	5	0	1	683	681	1363	0.0	1379
WP_271525626.1	QIZ20725.1	94.624	372	20	0	1	372	518	889	0.0	686
WP_271525627.1	QIZ20724.1	88.614	404	46	0	1	404	1	404	0.0	756
WP_271525628.1	QIZ20723.1	94.419	215	12	0	1	215	1	215	3.87e-155	424
WP_271525629.1	QIZ20722.1	97.004	267	8	0	1	267	1	267	0.0	512
WP_271525631.1	QIZ20721.1	87.748	302	37	0	1	302	1	302	0.0	550
WP_271525632.1	QIZ20720.1	97.537	203	5	0	1	203	1	203	2.93e-144	395
WP_271525633.1	QIZ20718.1	92.361	144	11	0	1	144	1	144	2.30e-93	262
WP_271525634.1	QIZ20717.1	94.434	521	29	0	1	521	1	521	0.0	986
WP_271525635.1	QIZ20716.1	95.683	139	6	0	1	139	1	139	1.13e-101	283
WP_271525636.1	QIZ20715.1	91.051	257	23	0	1	257	1	257	1.65e-171	469
WP_271525637.1	QIZ21439.1	95.619	388	17	0	1	388	1	388	0.0	777
WP_271525638.1	QIZ21440.1	97.790	362	8	0	1	362	1	362	0.0	733
WP_271525639.1	QIZ21441.1	86.427	361	47	2	13	371	13	373	0.0	640
WP_271525640.1	QIZ21442.1	86.988	415	54	0	1	415	1	415	0.0	734
WP_271525642.1	QIZ21443.1	98.592	284	4	0	1	284	1	284	0.0	563
WP_271525644.1	QIZ21444.1	97.568	740	18	0	1	740	1	740	0.0	1471
WP_271525646.1	QIZ21445.1	98.598	214	3	0	1	214	1	214	2.31e-155	424
WP_271525647.1	QIZ21446.1	99.592	245	1	0	1	245	1	245	4.07e-179	487
WP_271525648.1	QIZ21447.1	100.000	296	0	0	1	296	1	296	0.0	614
WP_271525649.1	QIZ20719.1	97.486	358	9	0	1	358	1	358	0.0	689
WP_271525650.1	QIZ20221.1	100.000	158	0	0	1	158	1	158	9.89e-112	327
WP_271525651.1	QIZ20220.1	96.488	484	17	0	1	484	1	484	0.0	966
WP_271525652.1	QIZ20219.1	86.957	92	12	0	1	92	1	92	9.18e-59	171
WP_271525654.1	QIZ20218.1	96.842	380	12	0	1	380	1	380	0.0	763
WP_271525657.1	QIZ20909.1	85.784	204	19	1	1	194	1	204	4.19e-123	342
WP_271525663.1	QIZ20910.1	75.221	113	27	1	13	124	13	125	1.20e-62	183
WP_271525664.1	QIZ20911.1	77.059	170	39	0	1	170	17	186	1.39e-97	275
WP_271525668.1	QIZ20216.1	96.845	317	10	0	1	317	2	318	0.0	618
WP_271525671.1	QIZ20215.1	95.172	145	7	0	1	145	1	145	1.44e-104	290
WP_271525673.1	QIZ20214.1	96.259	294	11	0	1	294	1	294	0.0	515
WP_271525674.1	QIZ20213.1	92.135	178	13	1	1	178	1	177	8.52e-109	304
WP_271525676.1	QIZ20212.1	96.296	162	6	0	1	162	1	162	2.85e-118	327
WP_271525678.1	QIZ20211.1	96.907	97	3	0	1	97	1	97	2.58e-66	190
WP_271525679.1	QIZ20210.1	99.292	424	3	0	1	424	113	536	0.0	838
WP_271525680.1	QIZ21043.1	71.640	744	204	3	4	743	2	742	0.0	1124
WP_271525681.1	QIZ21042.1	52.096	167	76	2	1	166	1	164	3.11e-56	171
WP_271525682.1	QIZ21041.1	31.638	354	199	13	1	336	1	329	2.10e-30	113
WP_271525685.1	QIZ21040.1	51.705	176	83	1	5	180	1	174	5.20e-55	168
WP_271525686.1	QIZ21039.1	78.539	219	43	1	1	219	1	215	6.12e-125	348
WP_271525687.1	QIZ21038.1	83.333	162	27	0	1	162	1	162	1.81e-94	266
WP_271525689.1	QIZ21037.1	84.375	192	30	0	6	197	1	192	3.99e-112	314
WP_271525690.1	QIZ21036.1	87.379	309	39	0	1	309	1	309	0.0	562
WP_271525691.1	QIZ21035.1	93.000	200	14	0	18	217	18	217	1.84e-144	397
WP_271525692.1	QIZ21034.1	90.698	258	24	0	1	258	1	258	2.05e-173	474
WP_271525693.1	QIZ21033.1	97.587	373	9	0	1	373	1	373	0.0	743
WP_271525694.1	QIZ21032.1	97.689	649	14	1	1	648	1	649	0.0	1263
WP_271525695.1	QIZ21031.1	89.100	211	23	0	1	211	1	211	2.07e-135	374
WP_271525696.1	QIZ21030.1	91.500	200	17	0	1	200	1	200	3.89e-124	344
WP_271525697.1	QIZ21029.1	89.817	383	39	0	1	383	1	383	0.0	679
WP_271525698.1	QIZ21028.1	92.776	263	19	0	1	263	1	263	1.83e-171	470
WP_271525699.1	QIZ20691.1	98.872	266	3	0	1	266	1	266	0.0	558
WP_271525700.1	QIZ20690.1	98.188	552	10	0	1	552	1	552	0.0	1108
WP_271525701.1	QIZ20689.1	92.419	277	21	0	1	277	1	277	0.0	528
WP_271525702.1	QIZ20687.1	99.379	161	1	0	1	161	1	161	2.70e-111	309
WP_271525703.1	QIZ20686.1	93.382	136	9	0	1	136	1	136	1.67e-93	262
WP_271525704.1	QIZ20685.1	96.535	202	7	0	1	202	1	202	1.18e-144	397
WP_271525705.1	QIZ20684.1	93.253	415	28	0	1	415	1	415	0.0	743
WP_271525706.1	QIZ20683.1	97.674	301	7	0	1	301	1	301	0.0	574
WP_271525707.1	QIZ20682.1	96.296	405	15	0	1	405	1	405	0.0	815
WP_271525708.1	QIZ20681.1	98.649	370	5	0	1	370	1	370	0.0	764
WP_271525709.1	QIZ20680.1	98.271	347	6	0	1	347	1	347	0.0	708
WP_271525714.1	QIZ20679.1	96.000	75	3	0	1	75	1	75	1.47e-51	151
WP_271525716.1	QIZ21365.1	68.548	248	78	0	1	248	14	261	1.50e-132	370
WP_271525717.1	QIZ21364.1	78.788	198	41	1	1	198	1	197	1.16e-109	308
WP_271525718.1	QIZ21363.1	98.353	607	10	0	1	607	1	607	0.0	1207
WP_271525719.1	QIZ21362.1	97.462	591	15	0	1	591	1	591	0.0	1170
WP_271525720.1	QIZ21361.1	93.464	153	10	0	1	153	1	153	4.17e-94	265
WP_271525721.1	QIZ21360.1	96.985	398	12	0	1	398	1	398	0.0	787
WP_271525722.1	QIZ21359.1	98.324	1074	18	0	1	1074	1	1074	0.0	2163
WP_271525723.1	QIZ21358.1	97.151	351	10	0	1	351	1	351	0.0	682
WP_271525724.1	QIZ21346.1	27.924	419	245	14	259	663	280	655	7.99e-35	136
WP_271525725.1	QIZ20390.1	94.971	517	26	0	1	517	1	517	0.0	979
WP_271525726.1	QIZ20389.1	96.271	295	11	0	1	295	1	295	0.0	556
WP_271525727.1	QIZ20388.1	96.954	197	6	0	1	197	1	197	3.88e-141	387
WP_271525728.1	QIZ20387.1	97.914	959	20	0	1	959	1	959	0.0	1928
WP_271525729.1	QIZ20386.1	92.157	153	12	0	1	153	1	153	4.50e-95	267
WP_271525730.1	QIZ20385.1	97.055	849	25	0	1	849	1	849	0.0	1658
WP_271525731.1	QIZ20384.1	95.732	164	7	0	1	164	1	164	2.18e-114	317
WP_271525732.1	QIZ20383.1	98.370	184	3	0	1	184	1	184	2.60e-134	369
WP_271525733.1	QIZ20382.1	94.865	370	19	0	1	370	1	370	0.0	725
WP_271525734.1	QIZ20381.1	92.727	275	20	0	1	275	1	275	0.0	543
WP_271525735.1	QIZ20380.1	98.953	191	2	0	1	191	1	191	2.08e-136	375
WP_271525736.1	QIZ21262.1	95.294	170	8	0	1	170	1	170	2.24e-121	335
WP_271525737.1	QIZ21260.1	94.389	303	17	0	1	303	1	303	0.0	579
WP_271525738.1	QIZ21259.1	98.346	544	9	0	1	544	1	544	0.0	1074
WP_271525739.1	QIZ21258.1	91.882	271	22	0	1	271	1	271	0.0	501
WP_271525740.1	QIZ21257.1	93.133	233	16	0	1	233	1	233	9.99e-158	432
WP_271525741.1	QIZ21256.1	94.009	217	13	0	1	217	1	217	9.30e-142	391
WP_271525745.1	QIZ21255.1	96.639	119	4	0	1	119	1	119	4.73e-83	234
WP_271525748.1	QIZ21253.1	96.774	279	9	0	1	279	1	279	0.0	553
WP_271525749.1	QIZ21252.1	96.605	324	11	0	1	324	1	324	0.0	633
WP_271525750.1	QIZ21250.1	83.624	287	47	0	1	287	1	287	1.01e-176	484
WP_271525751.1	QIZ21249.1	67.580	438	141	1	1	438	1	437	0.0	605
WP_271525752.1	QIZ21186.1	90.805	87	8	0	1	87	1	87	1.15e-48	151
WP_271525753.1	QIZ21185.1	93.889	360	22	0	1	360	1	360	0.0	682
WP_271525755.1	QIZ21184.1	97.581	372	9	0	1	372	1	372	0.0	753
WP_271525756.1	QIZ21183.1	96.970	198	6	0	1	198	1	198	1.88e-142	390
WP_271525757.1	QIZ21182.1	92.050	239	19	0	1	239	1	239	1.33e-167	457
WP_271525758.1	QIZ21181.1	94.656	131	7	0	1	131	1	131	7.95e-88	248
WP_271525759.1	QIZ21180.1	97.619	84	2	0	1	84	1	84	5.09e-55	160
WP_271525760.1	QIZ21179.1	97.859	327	7	0	1	327	1	327	0.0	647
WP_271525761.1	QIZ21178.1	95.924	368	15	0	1	368	1	368	0.0	692
WP_271525762.1	QIZ21177.1	91.346	416	36	0	1	416	1	416	0.0	764
WP_271525763.1	QIZ21176.1	95.000	180	9	0	1	180	1	180	2.94e-121	335
WP_271525764.1	QIZ21175.1	95.690	116	5	0	1	116	1	116	9.25e-77	218
WP_271525765.1	QIZ21094.1	94.536	183	10	0	74	256	168	350	3.65e-129	365
WP_271525766.1	QIZ21495.1	87.500	184	23	0	1	184	69	252	4.96e-123	343
WP_271525767.1	QIZ21095.1	93.778	225	14	0	1	225	139	363	3.81e-157	435
WP_271525768.1	QIZ21195.1	98.847	347	4	0	1	347	1	347	0.0	715
WP_271525769.1	QIZ21194.1	98.969	291	3	0	1	291	1	291	0.0	587
WP_271525770.1	QIZ21193.1	96.196	184	7	0	1	184	1	184	4.41e-126	348
WP_271525771.1	QIZ21191.1	85.143	350	52	0	1	350	1	350	0.0	603
WP_271525772.1	QIZ21190.1	93.462	520	34	0	1	520	6	525	0.0	997
WP_271525773.1	QIZ21189.1	94.595	481	26	0	1	481	1	481	0.0	840
WP_271525774.1	QIZ21188.1	96.507	458	16	0	1	458	1	458	0.0	883
WP_271525775.1	QIZ21187.1	90.323	248	24	0	1	248	1	248	3.00e-158	435
WP_271525776.1	QIZ21186.1	94.406	143	8	0	1	143	156	298	1.46e-95	273
WP_271525777.1	QIZ21491.1	56.311	103	44	1	1	102	1	103	5.14e-30	99.0
WP_271525779.1	QIZ21490.1	93.286	283	19	0	11	293	1	283	0.0	526
WP_271525780.1	QIZ21489.1	87.179	195	25	0	1	195	1	195	7.54e-127	351
WP_271525781.1	QIZ21488.1	97.295	998	27	0	1	998	1	998	0.0	2014
WP_271525782.1	QIZ21487.1	98.864	88	1	0	1	88	1	88	6.55e-65	186
WP_271525783.1	QIZ21486.1	99.282	418	3	0	1	418	1	418	0.0	867
WP_271525784.1	QIZ21485.1	99.109	561	5	0	1	561	1	561	0.0	1141
WP_271525785.1	QIZ21484.1	95.057	263	13	0	1	263	1	263	0.0	514
WP_271525786.1	QIZ21483.1	94.558	147	8	0	1	147	241	387	7.56e-102	293
WP_271525787.1	QIZ21483.1	83.140	172	29	0	3	174	2	173	1.42e-102	296
WP_271525788.1	QIZ20491.1	28.465	404	284	4	37	435	74	477	1.21e-54	186
WP_271525789.1	QIZ20661.1	37.600	250	138	7	5	247	6	244	2.06e-39	132
WP_271525791.1	QIZ20203.1	30.184	434	296	6	11	441	6	435	3.36e-64	209
WP_271525793.1	QIZ21482.1	96.825	63	2	0	4	66	1	63	2.70e-40	122
WP_271525794.1	QIZ21473.1	97.009	468	14	0	1	468	308	775	0.0	959
WP_271525796.1	QIZ21472.1	95.652	115	5	0	1	115	1	115	6.18e-81	228
WP_271525797.1	QIZ21470.1	99.182	489	4	0	1	489	1	489	0.0	1025
WP_271525798.1	QIZ21469.1	98.726	314	4	0	1	314	1	314	0.0	641
WP_271525799.1	QIZ20976.1	96.454	141	5	0	1	141	1	141	1.78e-99	277
WP_271525802.1	QIZ20977.1	96.064	559	22	0	11	569	1	559	0.0	1100
WP_271525804.1	QIZ21542.1	52.703	74	32	1	1	71	1	74	7.27e-21	73.9
WP_271525805.1	QIZ21541.1	92.875	814	58	0	1	814	1	814	0.0	1560
WP_271525806.1	QIZ20545.1	95.405	370	17	0	1	370	1	370	0.0	685
WP_271525807.1	QIZ20546.1	97.576	165	4	0	1	165	284	448	1.34e-118	338
WP_271525808.1	QIZ20420.1	95.556	225	10	0	1	225	1	225	2.55e-126	361
WP_271525809.1	QIZ20421.1	96.544	463	16	0	1	463	1	463	0.0	887
WP_271525810.1	QIZ20422.1	96.231	451	17	0	1	451	1	451	0.0	855
WP_271525811.1	QIZ20423.1	92.074	593	47	0	1	593	1	593	0.0	1026
WP_271525812.1	QIZ20424.1	90.847	295	27	0	7	301	77	371	0.0	512
WP_271525813.1	QIZ20425.1	94.012	167	10	0	1	167	1	167	6.64e-105	293
WP_271525814.1	QIZ20427.1	99.310	145	1	0	1	145	1	145	3.06e-105	292
WP_271525816.1	QIZ20429.1	99.000	100	1	0	1	100	1	100	1.11e-64	186
WP_271525817.1	QIZ20430.1	96.890	418	13	0	1	418	1	418	0.0	822
WP_271525818.1	QIZ20379.1	96.032	630	25	0	1	630	1	630	0.0	1192
WP_271525819.1	QIZ20378.1	88.636	88	10	0	1	88	1	88	2.48e-45	136
WP_271525820.1	QIZ20377.1	97.270	293	8	0	1	293	1	293	0.0	560
WP_271525821.1	QIZ20376.1	89.623	318	33	0	16	333	16	333	0.0	583
WP_271525822.1	QIZ20375.1	86.957	184	24	0	1	184	32	215	1.26e-110	311
WP_271525823.1	QIZ21286.1	95.062	243	12	0	1	243	1	243	5.15e-161	441
WP_271525824.1	QIZ21285.1	96.774	186	6	0	1	186	1	186	9.53e-131	360
WP_271525825.1	QIZ21284.1	99.157	356	3	0	1	356	1	356	0.0	727
WP_271525826.1	QIZ21283.1	94.886	352	18	0	1	352	32	383	0.0	668
WP_271525827.1	QIZ21048.1	83.099	213	36	0	1	213	1	213	6.47e-130	360
WP_271525828.1	QIZ21047.1	93.561	264	17	0	1	264	1	264	0.0	510
WP_271525829.1	QIZ21046.1	86.170	282	39	0	1	282	1	282	2.84e-177	486
WP_271525830.1	QIZ21045.1	77.946	331	73	0	1	331	1	331	0.0	504
WP_271525833.1	QIZ21449.1	87.626	396	49	0	1	396	1	396	0.0	731
WP_271525834.1	QIZ21450.1	96.460	113	4	0	1	113	1	113	9.73e-78	220
WP_271525835.1	QIZ21454.1	44.767	172	95	0	3	174	235	406	1.57e-45	151
WP_271525836.1	QIZ21452.1	97.863	889	19	0	1	889	1	889	0.0	1793
WP_271525837.1	QIZ20736.1	93.333	75	5	0	1	75	134	208	1.43e-49	150
WP_271525838.1	QIZ20735.1	95.312	256	12	0	1	256	1	256	5.52e-160	440
WP_271525839.1	QIZ20734.1	91.667	180	14	1	1	179	1	180	2.52e-111	310
WP_271525842.1	QIZ21263.1	98.537	205	3	0	1	205	58	262	8.00e-149	409
WP_271525843.1	QIZ21264.1	83.410	217	36	0	1	217	1	217	4.87e-123	343
WP_271525844.1	QIZ21265.1	83.217	429	72	0	1	429	1	429	0.0	745
WP_271525845.1	QIZ21507.1	73.134	134	36	0	1	134	1	134	5.94e-72	207
WP_271525846.1	QIZ21506.1	74.811	397	100	0	1	397	1	397	0.0	652
WP_271525847.1	QIZ21505.1	97.717	219	5	0	1	219	1	219	9.54e-159	434
WP_271525848.1	QIZ21282.1	95.279	233	11	0	1	233	1	233	5.97e-165	454
WP_271525849.1	QIZ21281.1	96.296	162	6	0	1	162	1	162	4.22e-113	313
WP_271525850.1	QIZ21280.1	90.816	196	18	0	1	196	1	196	5.67e-127	351
WP_271525851.1	QIZ21279.1	98.492	199	3	0	1	199	1	199	2.03e-143	416
WP_271525852.1	QIZ20725.1	95.556	450	20	0	1	450	1	450	0.0	906
WP_271525854.1	QIZ20488.1	96.512	86	3	0	1	86	134	219	2.88e-59	176
WP_271525856.1	QIZ20487.1	97.732	441	10	0	1	441	1	441	0.0	836
WP_271525857.1	QIZ20486.1	98.667	75	1	0	1	75	222	296	2.11e-46	145
WP_271525859.1	QIZ20292.1	92.620	271	20	0	1	271	1	271	1.05e-174	478
WP_271525860.1	QIZ20291.1	86.786	280	37	0	1	280	1	280	3.94e-172	473
WP_271525861.1	QIZ21288.1	95.374	281	13	0	1	281	1	281	0.0	495
WP_271525862.1	QIZ21287.1	97.368	152	4	0	1	152	410	561	8.98e-107	311
