WP_006997462.1	QIZ20963.1	98.529	68	1	0	1	68	1	68	1.82e-44	132
WP_006997791.1	QIZ21276.1	100.000	75	0	0	1	75	1	75	1.79e-46	138
WP_011282128.1	QIZ20341.1	100.000	60	0	0	1	60	1	60	7.22e-42	125
WP_018413543.1	QIZ21277.1	100.000	244	0	0	1	244	1	244	1.29e-176	481
WP_168606182.1	QIZ20284.1	100.000	127	0	0	1	127	1	127	9.87e-92	256
WP_168606216.1	QIZ20319.1	100.000	156	0	0	1	156	1	156	3.30e-113	313
WP_168606412.1	QIZ20519.1	100.000	156	0	0	1	156	1	156	2.03e-119	329
WP_168607384.1	QIZ21528.1	100.000	61	0	0	1	61	1	61	1.20e-41	125
WP_271492005.1	QIZ21319.1	80.311	193	38	0	1	193	27	219	5.16e-117	327
WP_271492008.1	QIZ21358.1	95.726	351	15	0	1	351	1	351	0.0	671
WP_271492011.1	QIZ21359.1	97.765	1074	24	0	1	1074	1	1074	0.0	2153
WP_271492014.1	QIZ21360.1	95.584	385	17	0	1	385	1	385	0.0	756
WP_271492017.1	QIZ21361.1	91.503	153	13	0	1	153	1	153	5.26e-91	257
WP_271492020.1	QIZ21362.1	96.616	591	20	0	1	591	1	591	0.0	1160
WP_271492023.1	QIZ21363.1	97.694	607	14	0	1	607	1	607	0.0	1202
WP_271492029.1	QIZ20834.1	41.776	304	159	7	6	297	1	298	7.11e-71	220
WP_271492032.1	QIZ20876.1	32.653	245	151	8	15	253	7	243	2.70e-24	93.6
WP_271492045.1	QIZ20661.1	35.000	240	146	4	5	235	6	244	1.23e-38	130
WP_271492047.1	QIZ20946.1	34.591	318	182	7	4	302	5	315	2.62e-42	146
WP_271492049.1	QIZ20501.1	31.679	262	157	6	56	302	53	307	8.53e-27	102
WP_271492051.1	QIZ21364.1	77.320	194	44	0	5	198	4	197	3.01e-109	306
WP_271492053.1	QIZ21365.1	68.821	263	79	2	1	262	1	261	6.76e-134	374
WP_271492055.1	QIZ21366.1	76.518	247	58	0	1	247	1	247	3.98e-136	379
WP_271492057.1	QIZ21367.1	97.419	155	4	0	1	155	1	155	3.23e-113	313
WP_271492059.1	QIZ21368.1	94.141	495	29	0	1	495	1	495	0.0	874
WP_271492061.1	QIZ21369.1	95.536	336	15	0	1	336	1	336	0.0	647
WP_271492063.1	QIZ21370.1	83.333	102	17	0	1	102	1	102	1.17e-54	161
WP_271492064.1	QIZ21371.1	91.055	559	49	1	1	559	3	560	0.0	1022
WP_271492067.1	QIZ21372.1	90.401	948	91	0	1	948	1	948	0.0	1641
WP_271492074.1	QIZ21373.1	86.543	431	58	0	1	431	1	431	0.0	694
WP_271492077.1	QIZ21374.1	92.246	374	29	0	1	374	1	374	0.0	626
WP_271492080.1	QIZ21375.1	85.674	356	51	0	1	356	1	356	0.0	617
WP_271492082.1	QIZ21376.1	95.259	464	22	0	1	464	1	464	0.0	901
WP_271492085.1	QIZ21377.1	92.053	302	24	0	1	302	11	312	0.0	519
WP_271492088.1	QIZ21378.1	91.776	304	25	0	1	304	1	304	0.0	535
WP_271492091.1	QIZ21379.1	82.667	225	39	0	1	225	1	225	5.58e-122	341
WP_271492094.1	QIZ21380.1	85.095	369	55	0	1	369	1	369	0.0	640
WP_271492097.1	QIZ21381.1	92.484	306	23	0	1	306	1	306	0.0	550
WP_271492100.1	QIZ21382.1	89.057	265	28	1	18	281	18	282	7.97e-173	474
WP_271492103.1	QIZ21383.1	92.899	676	48	0	1	676	1	676	0.0	1256
WP_271492106.1	QIZ21384.1	91.135	564	50	0	1	564	1	564	0.0	1033
WP_271492109.1	QIZ21385.1	97.788	678	15	0	1	678	1	678	0.0	1355
WP_271492114.1	QIZ21386.1	65.361	485	166	1	1	485	1	483	0.0	590
WP_271492117.1	QIZ21387.1	96.537	462	16	0	1	462	1	462	0.0	914
WP_271492145.1	QIZ21388.1	93.333	315	21	0	1	315	1	315	0.0	617
WP_271492148.1	QIZ21395.1	98.905	274	3	0	1	274	1	274	0.0	548
WP_271492151.1	QIZ21396.1	98.361	366	6	0	1	366	1	366	0.0	730
WP_271492154.1	QIZ21397.1	99.654	289	1	0	1	289	1	289	0.0	573
WP_271492157.1	QIZ21398.1	78.689	61	13	0	1	61	1	61	2.40e-31	99.4
WP_271492160.1	QIZ21399.1	88.347	472	53	2	1	471	1	471	0.0	813
WP_271492163.1	QIZ21400.1	75.563	311	76	0	1	311	1	311	3.02e-150	420
WP_271492165.1	QIZ21401.1	96.259	588	22	0	1	588	1	588	0.0	1138
WP_271492168.1	QIZ21402.1	95.604	182	8	0	1	182	1	182	6.19e-128	352
WP_271492171.1	QIZ21403.1	100.000	69	0	0	1	69	1	69	2.58e-42	135
WP_271492175.1	QIZ21259.1	40.472	551	294	9	38	577	4	531	1.00e-124	375
WP_271492187.1	QIZ21260.1	75.172	290	68	1	10	299	18	303	2.08e-162	449
WP_271492190.1	QIZ21265.1	89.738	458	47	0	1	458	1	458	0.0	849
WP_271492192.1	QIZ21266.1	89.441	161	17	0	1	161	1	161	5.71e-110	305
WP_271492195.1	QIZ21267.1	96.454	141	5	0	1	141	1	141	1.97e-97	272
WP_271492198.1	QIZ21268.1	91.304	322	28	0	1	322	1	322	0.0	594
WP_271492201.1	QIZ21269.1	94.586	314	17	0	1	314	1	314	0.0	607
WP_271492204.1	QIZ21270.1	90.876	274	25	0	1	274	38	311	1.83e-176	484
WP_271492207.1	QIZ21271.1	91.011	356	31	1	1	356	1	355	0.0	643
WP_271492210.1	QIZ21272.1	89.399	283	30	0	1	283	1	283	1.09e-175	482
WP_271492213.1	QIZ21273.1	98.351	485	8	0	1	485	1	485	0.0	980
WP_271492217.1	QIZ21274.1	97.024	168	5	0	1	168	1	168	7.26e-112	311
WP_271492220.1	QIZ21275.1	96.089	179	7	0	18	196	1	179	2.20e-121	337
WP_271492225.1	QIZ21278.1	97.802	91	2	0	1	91	1	91	3.58e-61	176
WP_271492227.1	QIZ21279.1	93.816	857	53	0	1	857	1	857	0.0	1612
WP_271492229.1	QIZ21280.1	90.816	196	18	0	1	196	1	196	2.72e-127	352
WP_271492231.1	QIZ21281.1	96.914	162	5	0	1	162	1	162	1.06e-113	315
WP_271492233.1	QIZ21282.1	97.546	326	8	0	1	326	1	326	0.0	633
WP_271492235.1	QIZ21283.1	94.256	383	22	0	1	383	1	383	0.0	718
WP_271492238.1	QIZ21284.1	98.876	356	4	0	1	356	1	356	0.0	728
WP_271492241.1	QIZ21285.1	96.237	186	7	0	1	186	1	186	1.74e-130	359
WP_271492244.1	QIZ21286.1	94.239	243	14	0	1	243	1	243	4.72e-161	441
WP_271492247.1	QIZ21287.1	96.613	561	19	0	1	561	1	561	0.0	1081
WP_271492252.1	QIZ21288.1	93.594	281	18	0	1	281	1	281	3.82e-177	485
WP_271492255.1	QIZ21289.1	95.283	424	20	0	1	424	1	424	0.0	810
WP_271492258.1	QIZ21290.1	92.405	158	12	0	1	158	1	158	4.76e-104	290
WP_271492261.1	QIZ21291.1	92.000	275	22	0	1	275	1	275	0.0	525
WP_271492264.1	QIZ21292.1	96.078	153	6	0	1	153	1	153	7.02e-111	307
WP_271492267.1	QIZ21293.1	97.041	169	5	0	1	169	1	169	1.03e-125	346
WP_271492270.1	QIZ21294.1	98.807	419	5	0	1	419	1	419	0.0	837
WP_271492273.1	QIZ21295.1	96.525	259	9	0	1	259	1	259	0.0	523
WP_271492276.1	QIZ21296.1	97.759	357	8	0	1	357	1	357	0.0	713
WP_271492280.1	QIZ21297.1	97.312	186	5	0	1	186	1	186	3.14e-132	364
WP_271492284.1	QIZ21298.1	90.909	220	19	1	1	219	1	220	4.20e-138	382
WP_271492287.1	QIZ21299.1	96.774	310	10	0	1	310	1	310	0.0	601
WP_271492290.1	QIZ21301.1	92.507	347	26	0	1	347	1	347	0.0	615
WP_271492293.1	QIZ21302.1	94.882	254	13	0	1	254	1	254	3.31e-178	486
WP_271492296.1	QIZ21303.1	97.143	70	2	0	1	70	1	70	6.41e-43	130
WP_271492298.1	QIZ21304.1	93.850	439	27	0	1	439	1	439	0.0	840
WP_271492301.1	QIZ21305.1	96.000	225	9	0	1	225	1	225	1.57e-154	423
WP_271492305.1	QIZ21306.1	94.483	145	8	0	1	145	1	145	1.88e-95	268
WP_271492307.1	QIZ21307.1	97.241	290	8	0	1	290	1	290	0.0	593
WP_271492308.1	QIZ21308.1	98.969	194	2	0	1	194	1	194	7.51e-140	384
WP_271492310.1	QIZ21309.1	96.399	611	22	0	1	611	1	611	0.0	1216
WP_271492313.1	QIZ21310.1	96.454	141	5	0	1	141	1	141	7.75e-94	263
WP_271492315.1	QIZ21312.1	96.000	250	10	0	1	250	1	250	1.68e-174	476
WP_271492318.1	QIZ21313.1	95.933	713	29	0	1	713	1	713	0.0	1424
WP_271492321.1	QIZ21314.1	97.487	398	10	0	1	398	1	398	0.0	800
WP_271492324.1	QIZ21249.1	32.642	530	338	11	65	586	57	575	2.93e-80	259
WP_271492327.1	QIZ21315.1	98.571	70	1	0	1	70	1	70	1.40e-49	148
WP_271492330.1	QIZ20457.1	63.077	65	24	0	9	73	17	81	7.36e-23	79.0
WP_271492333.1	QIZ21300.1	94.048	252	15	0	1	252	2	253	2.15e-147	407
WP_271492338.1	QIZ20327.1	100.000	61	0	0	1	61	1	61	2.26e-39	124
WP_271492341.1	QIZ20326.1	95.495	222	10	0	1	222	1	222	4.66e-154	422
WP_271492344.1	QIZ20325.1	94.262	244	14	0	1	244	1	244	3.60e-170	464
WP_271492346.1	QIZ20324.1	91.406	128	11	0	1	128	1	128	9.57e-80	226
WP_271492348.1	QIZ20323.1	96.234	239	9	0	1	239	1	239	1.87e-165	452
WP_271492351.1	QIZ20322.1	97.436	195	5	0	1	195	1	195	2.63e-137	377
WP_271492353.1	QIZ20321.1	97.778	585	13	0	1	585	1	585	0.0	1172
WP_271492355.1	QIZ20320.1	94.220	173	10	0	1	173	1	173	1.32e-116	323
WP_271492357.1	QIZ20318.1	93.857	293	18	0	1	293	1	293	0.0	573
WP_271492359.1	QIZ20317.1	83.039	737	124	1	1	737	1	736	0.0	1265
WP_271492361.1	QIZ20316.1	98.082	417	8	0	1	417	1	417	0.0	852
WP_271492363.1	QIZ20315.1	98.901	91	1	0	1	91	1	91	4.08e-68	194
WP_271492365.1	QIZ20314.1	94.212	1002	58	0	1	1002	1	1002	0.0	1992
WP_271492367.1	QIZ20313.1	91.979	187	15	0	1	187	1	187	1.33e-127	352
WP_271492369.1	QIZ20312.1	96.863	255	8	0	1	255	1	255	0.0	501
WP_271492371.1	QIZ20311.1	98.374	246	4	0	1	246	1	246	4.99e-172	469
WP_271492373.1	QIZ20310.1	93.333	90	6	0	1	90	1	90	6.32e-60	173
WP_271492376.1	QIZ20306.1	87.578	161	20	0	1	161	1	161	5.88e-106	295
WP_271492377.1	QIZ20305.1	96.711	456	15	0	1	456	1	456	0.0	868
WP_271492378.1	QIZ20304.1	89.369	301	32	0	1	301	1	301	0.0	553
WP_271492379.1	QIZ20303.1	91.667	216	18	0	1	216	1	216	1.10e-144	398
WP_271492380.1	QIZ20302.1	95.723	491	21	0	1	491	1	491	0.0	945
WP_271492381.1	QIZ20301.1	97.320	485	13	0	1	485	1	485	0.0	966
WP_271492382.1	QIZ20300.1	94.737	95	5	0	1	95	1	95	6.16e-61	176
WP_271492383.1	QIZ20299.1	98.675	151	2	0	1	151	1	151	2.08e-106	296
WP_271492384.1	QIZ20298.1	98.403	313	5	0	1	313	1	313	0.0	638
WP_271492385.1	QIZ20742.1	25.369	406	278	10	28	423	25	415	8.30e-35	129
WP_271492386.1	QIZ20297.1	94.764	191	10	0	1	191	1	191	2.57e-122	339
WP_271492387.1	QIZ20296.1	96.292	863	32	0	1	863	1	863	0.0	1710
WP_271492389.1	QIZ20294.1	92.810	153	11	0	1	153	1	153	5.41e-104	290
WP_271492390.1	QIZ20293.1	93.056	432	30	0	1	432	1	432	0.0	779
WP_271492391.1	QIZ20292.1	94.834	271	14	0	1	271	1	271	4.82e-177	484
WP_271492392.1	QIZ20291.1	86.071	280	39	0	1	280	1	280	2.10e-167	461
WP_271492393.1	QIZ20290.1	98.249	457	8	0	1	457	1	457	0.0	901
WP_271492394.1	QIZ20289.1	87.864	206	25	0	1	206	1	206	7.19e-133	367
WP_271492395.1	QIZ20288.1	98.684	304	4	0	1	304	1	304	0.0	617
WP_271492396.1	QIZ20287.1	95.862	145	6	0	1	145	1	145	2.48e-100	280
WP_271492397.1	QIZ20286.1	99.123	342	3	0	1	342	1	342	0.0	686
WP_271492398.1	QIZ20285.1	98.000	150	3	0	1	150	1	150	9.05e-107	296
WP_271492399.1	QIZ20283.1	92.958	213	15	0	1	213	1	213	2.97e-147	404
WP_271492400.1	QIZ20282.1	97.418	426	11	0	1	426	1	426	0.0	828
WP_271492402.1	QIZ20281.1	91.503	153	13	0	1	153	1	153	5.15e-90	254
WP_271492404.1	QIZ20280.1	97.647	170	4	0	1	170	1	170	7.57e-119	328
WP_271492406.1	QIZ20279.1	83.051	118	20	0	1	118	1	118	1.42e-68	197
WP_271492409.1	QIZ20278.1	92.737	179	13	0	1	179	1	179	3.68e-118	328
WP_271492411.1	QIZ20277.1	90.840	131	12	0	1	131	1	131	2.74e-87	246
WP_271492416.1	QIZ20276.1	96.040	101	4	0	1	101	1	101	3.63e-68	195
WP_271492418.1	QIZ20275.1	95.652	184	8	0	1	184	1	184	3.73e-128	353
WP_271492420.1	QIZ20274.1	91.429	70	6	0	1	70	1	70	2.49e-41	126
WP_271492422.1	QIZ20273.1	93.443	122	8	0	1	122	1	122	8.32e-82	231
WP_271492425.1	QIZ20272.1	96.154	78	3	0	1	78	1	78	2.58e-51	150
WP_271492428.1	QIZ20271.1	92.063	63	5	0	1	63	1	63	1.33e-36	112
WP_271492431.1	QIZ20270.1	98.529	136	2	0	1	136	1	136	3.16e-97	271
WP_271492433.1	QIZ20269.1	95.575	226	10	0	1	226	1	226	1.76e-163	446
WP_271492435.1	QIZ20268.1	97.727	132	3	0	1	132	1	132	3.15e-92	258
WP_271492437.1	QIZ20267.1	98.851	87	1	0	1	87	1	87	1.36e-60	176
WP_271492439.1	QIZ20266.1	89.243	251	27	0	1	251	31	281	1.08e-163	450
WP_271492442.1	QIZ21234.1	98.095	420	7	1	1	419	1	420	0.0	840
WP_271492444.1	QIZ21233.1	96.875	608	19	0	1	608	1	608	0.0	1207
WP_271492445.1	QIZ21232.1	94.884	215	11	0	1	215	1	215	3.12e-142	391
WP_271492447.1	QIZ21231.1	92.920	226	16	0	1	226	1	226	1.98e-156	428
WP_271492449.1	QIZ21230.1	86.687	323	43	0	1	323	1	323	0.0	566
WP_271492451.1	QIZ21229.1	95.900	439	18	0	1	439	1	439	0.0	803
WP_271492453.1	QIZ21228.1	97.872	470	10	0	1	470	1	470	0.0	942
WP_271492455.1	QIZ21227.1	93.333	120	8	0	1	120	1	120	1.21e-82	233
WP_271492457.1	QIZ21226.1	95.652	115	5	0	1	115	1	115	9.86e-79	223
WP_271492459.1	QIZ21225.1	85.556	180	26	0	1	180	1	180	1.75e-105	296
WP_271492462.1	QIZ21224.1	75.505	396	97	0	1	396	1	396	0.0	643
WP_271492463.1	QIZ21223.1	83.673	294	48	0	1	294	1	294	0.0	511
WP_271492464.1	QIZ20795.1	28.205	312	190	10	1	282	1	308	8.27e-25	97.8
WP_271492465.1	QIZ21222.1	75.962	312	75	0	1	312	1	312	3.15e-170	470
WP_271492466.1	QIZ21221.1	88.024	167	20	0	1	167	1	167	2.51e-94	266
WP_271492467.1	QIZ21220.1	94.790	691	36	0	1	691	1	691	0.0	1348
WP_271492468.1	QIZ21219.1	87.912	91	11	0	10	100	11	101	7.06e-58	169
WP_271492469.1	QIZ21218.1	76.835	436	94	1	1	429	1	436	0.0	681
WP_271492470.1	QIZ21217.1	59.763	169	66	2	1	168	6	173	2.80e-76	221
WP_271492481.1	QIZ21216.1	92.857	98	7	0	1	98	1	98	1.12e-68	196
WP_271492482.1	QIZ21215.1	95.735	211	9	0	1	211	1	211	2.87e-149	409
WP_271492483.1	QIZ21214.1	66.327	294	99	0	1	294	1	294	4.44e-148	413
WP_271492484.1	QIZ21213.1	93.197	147	10	0	1	147	1	147	4.84e-104	289
WP_271492485.1	QIZ21212.1	88.148	270	32	0	1	270	1	270	0.0	496
WP_271492486.1	QIZ21211.1	90.698	301	28	0	1	301	1	301	0.0	543
WP_271492487.1	QIZ21210.1	90.577	1040	98	0	1	1040	1	1040	0.0	1839
WP_271492488.1	QIZ21209.1	89.447	199	21	0	1	199	1	199	5.62e-134	369
WP_271492489.1	QIZ21208.1	61.290	124	48	0	1	124	1	124	6.25e-51	153
WP_271492490.1	QIZ21207.1	90.336	238	23	0	1	238	1	238	1.98e-166	454
WP_271492491.1	QIZ21206.1	87.336	229	29	0	1	229	1	229	4.41e-142	392
WP_271492492.1	QIZ21205.1	90.654	321	30	0	1	321	1	321	0.0	570
WP_271492493.1	QIZ21204.1	93.464	153	10	0	1	153	1	153	8.98e-103	286
WP_271492494.1	QIZ21203.1	97.973	148	3	0	1	148	281	428	8.51e-107	306
WP_271492501.1	QIZ20739.1	41.810	232	135	0	2	233	25	256	7.77e-73	218
WP_271492504.1	QIZ20611.1	86.076	79	11	0	1	79	1	79	2.21e-43	131
WP_271492505.1	QIZ20612.1	92.667	150	11	0	1	150	1	150	1.64e-91	258
WP_271492506.1	QIZ20613.1	97.010	301	9	0	1	301	1	301	0.0	600
WP_271492507.1	QIZ20614.1	98.942	189	2	0	1	189	1	189	3.73e-134	369
WP_271492508.1	QIZ20615.1	99.130	115	1	0	1	115	1	115	5.32e-84	236
WP_271492509.1	QIZ20616.1	98.967	581	6	0	1	581	1	581	0.0	1187
WP_271492510.1	QIZ20617.1	93.827	81	5	0	7	87	1	81	1.21e-55	162
WP_271492511.1	QIZ20618.1	97.590	166	4	0	1	166	1	166	3.97e-120	332
WP_271492512.1	QIZ20619.1	92.742	248	18	0	1	248	1	248	6.15e-136	378
WP_271492513.1	QIZ20620.1	91.327	196	17	0	1	196	1	196	1.96e-121	337
WP_271492514.1	QIZ20621.1	94.702	302	16	0	1	302	1	302	0.0	563
WP_271492515.1	QIZ20622.1	98.639	294	4	0	1	294	1	294	0.0	565
WP_271492516.1	QIZ20623.1	84.277	159	25	0	1	159	1	159	2.57e-92	261
WP_271492517.1	QIZ20624.1	95.085	468	23	0	1	468	1	468	0.0	937
WP_271492519.1	QIZ20625.1	96.364	110	4	0	1	110	1	110	1.21e-76	217
WP_271492520.1	QIZ20626.1	95.918	98	4	0	1	98	1	98	1.32e-65	188
WP_271492521.1	QIZ20627.1	82.353	153	27	0	1	153	1	153	2.84e-95	268
WP_271492522.1	QIZ20628.1	82.178	404	72	0	1	404	1	404	0.0	728
WP_271492523.1	QIZ20629.1	59.080	413	168	1	2	413	3	415	8.33e-169	475
WP_271492524.1	QIZ20630.1	79.835	243	49	0	1	243	1	243	4.11e-140	389
WP_271492525.1	QIZ20631.1	91.560	391	33	0	1	391	90	480	0.0	749
WP_271492526.1	QIZ20656.1	68.354	79	23	1	5	83	6	82	2.13e-25	92.0
WP_271492527.1	QIZ20655.1	61.529	811	309	1	1	808	1	811	0.0	1041
WP_271492528.1	QIZ20654.1	70.803	274	80	0	1	274	84	357	1.28e-118	340
WP_271492529.1	QIZ21126.1	86.335	322	41	1	1	322	39	357	0.0	519
WP_271492530.1	QIZ21125.1	96.466	283	10	0	1	283	1	283	0.0	557
WP_271492531.1	QIZ21124.1	82.018	456	82	0	3	458	2	457	0.0	791
WP_271492532.1	QIZ21123.1	93.523	386	25	0	1	386	1	386	0.0	738
WP_271492533.1	QIZ21122.1	95.039	383	19	0	1	383	1	383	0.0	769
WP_271492534.1	QIZ21121.1	98.429	382	6	0	1	382	1	382	0.0	784
WP_271492535.1	QIZ21120.1	65.468	139	48	0	32	170	31	169	3.76e-65	193
WP_271492536.1	QIZ21119.1	81.356	118	22	0	1	118	1	118	1.16e-62	183
WP_271492537.1	QIZ21118.1	85.549	173	25	0	1	173	1	173	3.46e-110	307
WP_271492538.1	QIZ21117.1	95.200	625	30	0	1	625	1	625	0.0	1117
WP_271492539.1	QIZ21116.1	94.203	138	8	0	1	138	1	138	3.94e-94	264
WP_271492540.1	QIZ21115.1	89.333	75	8	0	1	75	1	75	4.10e-47	140
WP_271492541.1	QIZ21114.1	95.763	236	10	0	1	236	1	236	4.21e-166	454
WP_271492542.1	QIZ21113.1	99.057	106	1	0	1	106	1	106	5.76e-77	218
WP_271492543.1	QIZ21112.1	96.721	183	6	0	1	183	1	183	1.60e-129	357
WP_271492544.1	QIZ21111.1	96.491	114	4	0	1	114	1	114	5.48e-78	221
WP_271492545.1	QIZ21110.1	98.814	253	3	0	1	253	1	253	2.02e-179	489
WP_271492546.1	QIZ21109.1	95.072	345	17	0	1	345	1	345	0.0	689
WP_271492547.1	QIZ21108.1	71.176	170	47	1	1	170	1	168	4.26e-94	266
WP_271492548.1	QIZ21107.1	97.722	395	9	0	1	395	1	395	0.0	788
WP_271492549.1	QIZ21106.1	95.610	205	9	0	1	205	1	205	9.43e-147	402
WP_271492550.1	QIZ21105.1	96.053	152	6	0	1	152	1	152	1.34e-106	296
WP_271492551.1	QIZ21104.1	96.825	126	4	0	1	126	1	126	5.10e-85	239
WP_271492552.1	QIZ21103.1	90.000	380	38	0	1	380	1	380	0.0	704
WP_271492553.1	QIZ21102.1	99.005	201	2	0	1	201	1	201	2.92e-138	380
WP_271492555.1	QIZ21101.1	95.397	239	11	0	1	239	1	239	7.02e-173	471
WP_271492557.1	QIZ21100.1	83.212	137	23	0	1	137	1	137	1.92e-80	229
WP_271492558.1	QIZ21099.1	95.000	40	2	0	1	40	1	40	4.31e-23	77.0
WP_271492559.1	QIZ21098.1	93.578	109	7	0	1	109	1	109	7.50e-77	218
WP_271492560.1	QIZ21097.1	97.661	342	8	0	1	342	155	496	0.0	694
WP_271492562.1	QIZ20911.1	92.473	186	14	0	1	186	1	186	2.67e-131	361
WP_271492563.1	QIZ20910.1	87.611	113	14	0	13	125	13	125	7.73e-75	214
WP_271492564.1	QIZ20218.1	96.579	380	13	0	1	380	1	380	0.0	758
WP_271492565.1	QIZ20219.1	90.217	92	9	0	1	92	1	92	7.09e-61	176
WP_271492566.1	QIZ20220.1	97.107	484	14	0	1	484	1	484	0.0	968
WP_271492567.1	QIZ20221.1	97.984	645	13	0	1	645	1	645	0.0	1322
WP_271492568.1	QIZ20222.1	99.110	337	3	0	1	337	6	342	0.0	705
WP_271492569.1	QIZ20224.1	91.827	208	17	0	1	208	1	208	2.99e-143	394
WP_271492570.1	QIZ20225.1	95.722	374	16	0	1	374	1	374	0.0	744
WP_271492571.1	QIZ20226.1	97.987	298	6	0	1	298	1	298	0.0	601
WP_271492572.1	QIZ20227.1	97.400	500	13	0	1	500	1	500	0.0	1004
WP_271492573.1	QIZ20228.1	96.507	229	8	0	1	229	1	229	9.25e-168	457
WP_271492574.1	QIZ20229.1	93.204	206	14	0	1	206	1	206	2.82e-137	378
WP_271492575.1	QIZ20230.1	95.545	606	27	0	1	606	1	606	0.0	1192
WP_271492576.1	QIZ20231.1	92.375	459	35	0	1	459	1	459	0.0	900
WP_271492577.1	QIZ20232.1	93.061	245	17	0	1	245	1	245	5.51e-173	472
WP_271492578.1	QIZ20233.1	92.274	453	35	0	1	453	1	453	0.0	852
WP_271492579.1	QIZ20234.1	95.497	533	24	0	1	533	1	533	0.0	1059
WP_271492580.1	QIZ20235.1	95.339	236	11	0	1	236	1	236	5.18e-164	448
WP_271492582.1	QIZ20236.1	98.537	205	3	0	1	205	1	205	6.88e-152	415
WP_271492584.1	QIZ20237.1	94.545	110	6	0	1	110	1	110	1.02e-76	217
WP_271492586.1	QIZ20238.1	97.368	76	2	0	1	76	1	76	9.01e-52	152
WP_271492588.1	QIZ20239.1	94.326	282	16	0	1	282	449	730	0.0	551
WP_271492595.1	QIZ21235.1	98.559	555	7	1	1	554	1	555	0.0	1081
WP_271492597.1	QIZ21236.1	96.875	96	3	0	1	96	1	96	8.55e-64	184
WP_271492599.1	QIZ21237.1	92.647	272	20	0	1	272	1	272	0.0	511
WP_271492601.1	QIZ21238.1	91.803	305	25	0	1	305	1	305	0.0	550
WP_271492602.1	QIZ21239.1	90.276	905	88	0	1	905	1	905	0.0	1687
WP_271492604.1	QIZ21240.1	70.909	165	48	0	1	165	1	165	1.02e-77	224
WP_271492606.1	QIZ21241.1	60.185	108	42	1	1	108	1	107	4.03e-33	108
WP_271492608.1	QIZ21242.1	83.641	379	62	0	1	379	1	379	0.0	601
WP_271492611.1	QIZ21243.1	75.936	187	45	0	1	187	1	187	1.04e-93	266
WP_271492613.1	QIZ21244.1	80.998	421	80	0	1	421	1	421	0.0	701
WP_271492615.1	QIZ21245.1	88.525	61	7	0	1	61	1	61	3.06e-36	111
WP_271492617.1	QIZ21246.1	77.972	286	63	0	1	286	1	286	1.62e-165	456
WP_271492619.1	QIZ21247.1	75.796	314	76	0	1	314	1	314	7.46e-174	479
WP_271492621.1	QIZ21248.1	76.667	420	98	0	1	420	1	420	0.0	606
WP_271492623.1	QIZ21249.1	84.801	579	88	0	1	579	1	579	0.0	1011
WP_271492625.1	QIZ21250.1	93.706	286	18	0	1	286	1	286	0.0	541
WP_271492627.1	QIZ21251.1	91.791	134	11	0	1	134	1	134	1.29e-93	262
WP_271492629.1	QIZ21252.1	96.914	324	10	0	1	324	1	324	0.0	632
WP_271492631.1	QIZ21253.1	94.265	279	16	0	1	279	1	279	0.0	540
WP_271492635.1	QIZ21254.1	87.179	78	10	0	1	78	1	78	3.87e-50	148
WP_271492637.1	QIZ21255.1	95.161	62	3	0	1	62	1	62	2.53e-39	121
WP_271492639.1	QIZ20185.1	98.880	357	4	0	1	357	1	357	0.0	694
WP_271492641.1	QIZ20184.1	93.548	310	20	0	1	310	1	310	0.0	565
WP_271492643.1	QIZ20183.1	97.674	129	3	0	1	129	1	129	8.70e-88	247
WP_271492645.1	QIZ20182.1	98.214	224	4	0	1	224	1	224	9.14e-160	436
WP_271492648.1	QIZ20181.1	98.261	230	4	0	1	230	1	230	2.26e-164	449
WP_271492649.1	QIZ20180.1	97.173	283	8	0	1	283	1	283	0.0	563
WP_271492651.1	QIZ21593.1	84.104	346	55	0	1	346	1	346	0.0	590
WP_271492666.1	QIZ21591.1	91.429	175	15	0	1	175	1	175	5.59e-110	306
WP_271492668.1	QIZ21542.1	86.667	75	10	0	1	75	1	75	4.69e-43	129
WP_271492670.1	QIZ21541.1	93.980	814	49	0	1	814	1	814	0.0	1579
WP_271492672.1	QIZ21540.1	91.156	147	13	0	1	147	1	147	5.77e-99	276
WP_271492674.1	QIZ21539.1	87.591	137	17	0	1	137	6	142	5.55e-77	222
WP_271492678.1	QIZ20744.1	97.872	329	7	0	1	329	1	329	0.0	665
WP_271492680.1	QIZ20743.1	93.537	294	19	0	1	294	1	294	0.0	558
WP_271492682.1	QIZ20742.1	95.853	434	18	0	1	434	1	434	0.0	869
WP_271492684.1	QIZ20741.1	95.455	110	5	0	1	110	1	110	9.08e-70	200
WP_271492686.1	QIZ20740.1	97.940	631	13	0	1	631	1	631	0.0	1278
WP_271492687.1	QIZ20739.1	96.875	256	8	0	1	256	1	256	3.14e-179	488
WP_271492689.1	QIZ20738.1	96.226	106	4	0	1	106	1	106	3.23e-76	216
WP_271492692.1	QIZ20737.1	94.379	338	19	0	1	338	1	338	0.0	635
WP_271492694.1	QIZ20736.1	84.135	208	33	0	1	208	1	208	1.63e-135	374
WP_271492698.1	QIZ20735.1	56.154	260	110	2	1	260	1	256	8.93e-85	249
WP_271492702.1	QIZ20311.1	33.939	165	108	1	14	177	40	204	7.25e-25	94.0
WP_271492704.1	QIZ20181.1	30.332	211	135	3	15	213	13	223	6.70e-24	91.3
WP_271492706.1	QIZ20416.1	46.850	254	123	2	6	259	3	244	2.88e-79	235
WP_271492708.1	QIZ20734.1	97.015	134	4	0	1	134	47	180	6.96e-98	275
WP_271492711.1	QIZ20745.1	86.643	277	37	0	1	277	1	277	4.97e-174	477
WP_271492714.1	QIZ20746.1	94.927	887	45	0	1	887	1	887	0.0	1741
WP_271492716.1	QIZ20747.1	92.878	688	49	0	1	688	1	688	0.0	1271
WP_271492718.1	QIZ20748.1	98.299	294	5	0	1	294	1	294	0.0	612
WP_271492720.1	QIZ20749.1	98.507	268	4	0	1	268	1	268	0.0	521
WP_271492722.1	QIZ20750.1	97.329	337	9	0	1	337	1	337	0.0	660
WP_271492723.1	QIZ20751.1	94.231	208	12	0	1	208	1	208	1.36e-148	407
WP_271492725.1	QIZ20752.1	98.333	360	6	0	1	360	1	360	0.0	733
WP_271492727.1	QIZ20754.1	95.455	264	12	0	1	264	27	290	5.58e-176	482
WP_271492729.1	QIZ20753.1	95.447	637	29	0	1	637	1	637	0.0	1262
WP_271492731.1	QIZ20206.1	80.759	369	71	0	1	369	1	369	0.0	627
WP_271492733.1	QIZ20205.1	47.710	262	136	1	1	261	16	277	6.82e-60	187
WP_271492735.1	QIZ20204.1	59.375	320	130	0	1	320	1	320	2.17e-149	419
WP_271492737.1	QIZ20199.1	93.143	175	9	1	1	172	1	175	2.81e-113	315
WP_271492739.1	QIZ20198.1	89.950	398	40	0	1	398	5	402	0.0	636
WP_271492741.1	QIZ20197.1	96.886	289	9	0	1	289	1	289	0.0	577
WP_271492743.1	QIZ20196.1	92.462	199	15	0	1	199	1	199	2.50e-141	388
WP_271492745.1	QIZ20195.1	86.154	260	36	0	1	260	1	260	1.84e-169	464
WP_271492747.1	QIZ20192.1	97.006	167	5	0	1	167	1	167	2.28e-118	327
WP_271492749.1	QIZ20191.1	88.587	184	21	0	1	184	1	184	1.05e-124	345
WP_271492751.1	QIZ20190.1	93.889	360	22	0	1	360	1	360	0.0	696
WP_271492753.1	QIZ20189.1	99.000	500	5	0	1	500	1	500	0.0	977
WP_271492755.1	QIZ20188.1	98.718	156	2	0	1	156	1	156	1.74e-110	306
WP_271492757.1	QIZ20187.1	99.080	326	3	0	1	326	1	326	0.0	655
WP_271492760.1	QIZ20186.1	96.721	61	2	0	1	61	1	61	1.84e-37	120
WP_271492762.1	QIZ21433.1	51.852	270	130	0	1	270	1	270	2.16e-92	270
WP_271492764.1	QIZ21434.1	95.335	493	23	0	1	493	1	493	0.0	979
WP_271492766.1	QIZ21435.1	86.154	260	36	0	1	260	1	260	1.78e-174	477
WP_271492768.1	QIZ21436.1	94.872	195	10	0	1	195	1	195	7.63e-137	376
WP_271492770.1	QIZ21437.1	92.268	388	30	0	1	388	1	388	0.0	767
WP_271492772.1	QIZ21438.1	64.777	247	87	0	1	247	1	247	4.80e-120	338
WP_271492774.1	QIZ21439.1	97.423	388	10	0	1	388	1	388	0.0	790
WP_271492776.1	QIZ21440.1	98.066	362	7	0	1	362	1	362	0.0	736
WP_271492778.1	QIZ21441.1	97.587	373	9	0	1	373	1	373	0.0	744
WP_271492780.1	QIZ21442.1	92.771	415	30	0	1	415	1	415	0.0	793
WP_271492782.1	QIZ21443.1	99.293	283	2	0	1	283	1	283	0.0	561
WP_271492784.1	QIZ20974.1	95.949	1012	41	0	1	1012	1	1012	0.0	2029
WP_271492786.1	QIZ20976.1	94.326	141	8	0	1	141	1	141	3.72e-98	274
WP_271492792.1	QIZ21314.1	27.957	372	230	15	9	354	11	370	2.29e-34	127
WP_271492794.1	QIZ21085.1	24.916	594	406	15	2	570	102	680	1.50e-45	166
WP_271492796.1	QIZ20961.1	97.200	250	7	0	1	250	106	355	0.0	518
WP_271492798.1	QIZ20960.1	83.292	802	134	0	1	802	1	802	0.0	1319
WP_271492800.1	QIZ20952.1	96.759	216	7	0	1	216	1	216	6.31e-150	429
WP_271492802.1	QIZ20949.1	98.431	255	4	0	1	255	1	255	0.0	520
WP_271492805.1	QIZ20959.1	98.662	598	8	0	1	598	4	601	0.0	1208
WP_271492807.1	QIZ20646.1	94.949	594	30	0	1	594	1	594	0.0	1169
WP_271492809.1	QIZ20645.1	97.802	273	6	0	1	273	1	273	0.0	541
WP_271492811.1	QIZ20644.1	94.958	119	6	0	1	119	1	119	4.69e-82	231
WP_271492813.1	QIZ20643.1	79.259	135	25	1	1	135	1	132	2.85e-67	195
WP_271492815.1	QIZ20642.1	95.955	445	18	0	1	445	1	445	0.0	881
WP_271492817.1	QIZ20641.1	93.617	141	9	0	1	141	1	141	1.53e-93	262
WP_271492819.1	QIZ20640.1	92.701	137	10	0	5	141	10	146	8.90e-92	258
WP_271492822.1	QIZ20210.1	89.163	526	57	0	11	536	11	536	0.0	927
WP_271492825.1	QIZ20211.1	96.907	97	3	0	1	97	1	97	3.01e-66	190
WP_271492827.1	QIZ20212.1	95.000	160	8	0	1	160	1	160	9.10e-116	320
WP_271492834.1	QIZ20213.1	95.506	178	7	1	1	178	1	177	4.70e-112	312
WP_271492837.1	QIZ20214.1	95.918	245	10	0	1	245	50	294	2.28e-150	416
WP_271492841.1	QIZ20208.1	82.576	132	23	0	1	132	1	132	8.18e-75	214
WP_271492847.1	QIZ20733.1	64.966	294	98	2	1	293	1	290	2.13e-134	378
WP_271492851.1	QIZ21307.1	24.615	260	190	5	8	263	9	266	1.57e-25	99.0
WP_271492854.1	QIZ20732.1	95.540	426	19	0	1	426	1	426	0.0	843
WP_271492857.1	QIZ20731.1	97.710	131	3	0	1	131	1	131	3.02e-92	258
WP_271492860.1	QIZ20730.1	83.117	77	13	0	1	77	1	77	2.43e-41	129
WP_271492862.1	QIZ20649.1	92.398	342	26	0	1	342	1	342	0.0	607
WP_271492864.1	QIZ20650.1	89.062	192	21	0	1	192	1	192	8.77e-119	330
WP_271492867.1	QIZ20651.1	97.059	136	4	0	1	136	1	136	1.36e-96	270
WP_271492870.1	QIZ20652.1	88.454	485	56	0	1	485	1	485	0.0	872
WP_271492873.1	QIZ20653.1	69.014	355	110	0	1	355	1	355	2.01e-172	480
WP_271492875.1	QIZ20986.1	87.615	218	27	0	1	218	1	218	4.35e-148	406
WP_271492878.1	QIZ20985.1	95.745	188	8	0	1	188	1	188	1.10e-137	378
WP_271492880.1	QIZ20984.1	98.305	177	3	0	1	177	1	177	9.90e-125	344
WP_271492882.1	QIZ20983.1	91.824	159	13	0	1	159	1	159	1.84e-95	269
WP_271492884.1	QIZ20982.1	94.444	198	11	0	1	198	1	198	3.99e-136	375
WP_271492887.1	QIZ20981.1	94.215	484	28	0	1	484	1	484	0.0	897
WP_271492889.1	QIZ20962.1	100.000	71	0	0	1	71	1	71	9.22e-48	143
WP_271492891.1	QIZ20964.1	98.895	181	2	0	1	181	1	181	1.41e-132	364
WP_271492893.1	QIZ20965.1	98.433	638	10	0	1	638	1	638	0.0	1299
WP_271492894.1	QIZ20966.1	92.969	384	27	0	1	384	1	384	0.0	707
WP_271492897.1	QIZ20980.1	90.132	304	30	0	1	304	1	304	3.78e-180	495
WP_271492900.1	QIZ20979.1	89.815	108	11	0	1	108	1	108	7.44e-69	197
WP_271492903.1	QIZ20978.1	70.833	144	39	1	1	144	1	141	1.62e-69	202
WP_271492906.1	QIZ20977.1	88.764	801	90	0	11	811	1	801	0.0	1467
WP_271492909.1	QIZ20328.1	94.529	329	18	0	1	329	1	329	0.0	632
WP_271492912.1	QIZ20329.1	97.183	213	6	0	1	213	1	213	1.35e-159	435
WP_271492915.1	QIZ20330.1	95.035	141	7	0	1	141	1	141	1.40e-98	275
WP_271492918.1	QIZ20331.1	97.018	436	13	0	1	436	1	436	0.0	880
WP_271492921.1	QIZ20332.1	98.684	152	2	0	1	152	1	152	1.96e-109	303
WP_271492923.1	QIZ20355.1	59.659	176	71	0	1	176	101	276	2.02e-68	206
WP_271492927.1	QIZ20556.1	33.471	242	143	6	28	265	47	274	2.69e-33	126
WP_271492927.1	QIZ20556.1	32.468	231	148	5	376	604	45	269	3.80e-33	126
WP_271492936.1	QIZ21531.1	96.875	352	11	0	1	352	1	352	0.0	696
WP_271492939.1	QIZ21532.1	93.103	232	16	0	1	232	1	232	1.52e-139	386
WP_271492942.1	QIZ21533.1	85.294	102	15	0	1	102	1	102	1.03e-61	179
WP_271492945.1	QIZ21214.1	31.559	263	165	5	1	259	14	265	1.72e-26	100
WP_271492948.1	QIZ21428.1	95.536	336	15	0	1	336	1	336	0.0	637
WP_271492951.1	QIZ21429.1	94.582	443	24	0	14	456	1	443	0.0	812
WP_271492954.1	QIZ21430.1	89.474	342	36	0	1	342	1	342	0.0	590
WP_271492956.1	QIZ20968.1	88.500	200	23	0	1	200	1	200	1.12e-128	359
WP_271492959.1	QIZ20969.1	97.646	977	23	0	1	977	525	1501	0.0	1960
WP_271492962.1	QIZ20261.1	94.364	692	39	0	1	692	1	692	0.0	1362
WP_271492964.1	QIZ20262.1	98.039	102	2	0	1	102	1	102	3.87e-71	202
WP_271492967.1	QIZ20263.1	91.630	227	19	0	1	227	1	227	4.21e-153	421
WP_271492970.1	QIZ20264.1	93.590	78	5	0	1	78	1	78	2.28e-49	150
WP_271492973.1	QIZ21526.1	77.108	83	19	0	15	97	15	97	8.06e-48	143
WP_271492976.1	QIZ21527.1	96.755	339	11	0	1	339	1	339	0.0	685
WP_271492981.1	QIZ21529.1	93.413	167	11	0	2	168	1	167	2.88e-120	332
WP_271492984.1	QIZ21530.1	95.169	207	10	0	1	207	1	207	1.92e-137	391
WP_271492987.1	QIZ21083.1	72.414	87	23	1	1	87	1	86	2.14e-41	126
WP_271492990.1	QIZ21082.1	87.043	602	78	0	1	602	1	602	0.0	1024
WP_271492994.1	QIZ21081.1	75.455	110	27	0	5	114	6	115	2.19e-61	179
WP_271492996.1	QIZ21080.1	94.783	115	6	0	1	115	1	115	4.68e-77	222
WP_271492999.1	QIZ21040.1	74.453	137	35	0	2	138	39	175	8.29e-69	201
WP_271493004.1	QIZ21041.1	44.444	333	165	3	1	317	1	329	7.45e-81	244
WP_271493007.1	QIZ21042.1	73.596	178	45	2	13	189	5	181	1.70e-95	271
WP_271493010.1	QIZ21043.1	92.395	263	20	0	1	263	1	263	0.0	518
WP_271493013.1	QIZ20517.1	94.681	94	5	0	1	94	1	94	2.03e-64	186
WP_271493016.1	QIZ20518.1	99.838	619	1	0	1	619	1	619	0.0	1300
WP_271493025.1	QIZ21483.1	88.083	386	46	0	3	388	2	387	0.0	707
WP_271493028.1	QIZ21484.1	90.875	263	24	0	1	263	1	263	4.87e-180	491
WP_271493030.1	QIZ21485.1	98.125	160	3	0	1	160	402	561	1.58e-112	326
WP_271493033.1	QIZ21055.1	94.340	159	9	0	1	159	175	333	1.60e-109	311
WP_271493042.1	QIZ21052.1	100.000	268	0	0	1	268	1	268	0.0	540
WP_271493044.1	QIZ20347.1	87.500	336	42	0	1	336	1	336	0.0	549
WP_271493048.1	QIZ20348.1	86.323	446	57	1	1	446	1	442	0.0	786
WP_271493051.1	QIZ20338.1	97.147	701	20	0	1	701	1	701	0.0	1334
WP_271493054.1	QIZ21404.1	97.308	520	14	0	1	520	1	520	0.0	1047
WP_271493057.1	QIZ21403.1	99.507	203	1	0	1	203	137	339	4.15e-150	416
WP_271493070.1	QIZ21537.1	92.722	316	23	0	1	316	1	316	0.0	559
WP_271493073.1	QIZ21536.1	96.916	227	7	0	1	227	1	227	2.77e-166	453
WP_271493076.1	QIZ20715.1	93.923	181	11	0	1	181	1	181	2.02e-123	344
WP_271493080.1	QIZ20716.1	98.561	139	2	0	1	139	1	139	1.33e-103	288
WP_271493083.1	QIZ20344.1	97.600	125	3	0	1	125	1	125	3.73e-84	237
WP_271493085.1	QIZ20343.1	96.000	100	4	0	1	100	1	100	1.43e-65	188
WP_271493087.1	QIZ20342.1	94.012	334	20	0	1	334	1	334	0.0	634
