WP_006996661.1	QIZ21533.1	77.451	102	23	0	1	102	1	102	8.18e-57	167
WP_006996702.1	QIZ20212.1	98.148	162	3	0	1	162	1	162	9.56e-121	333
WP_006996753.1	QIZ20911.1	71.123	187	53	1	1	187	1	186	5.36e-98	277
WP_006996769.1	QIZ20222.1	98.246	342	6	0	1	342	1	342	0.0	711
WP_006996772.1	QIZ20226.1	97.315	298	8	0	1	298	1	298	0.0	598
WP_006996778.1	QIZ20232.1	94.286	245	14	0	1	245	1	245	7.29e-177	481
WP_006996786.1	QIZ20238.1	97.368	76	2	0	1	76	1	76	4.53e-51	150
WP_006996790.1	QIZ20242.1	98.077	260	5	0	1	260	1	260	0.0	512
WP_006996797.1	QIZ20249.1	98.381	247	4	0	1	247	1	247	0.0	499
WP_006996799.1	QIZ20251.1	100.000	63	0	0	1	63	1	63	8.54e-41	123
WP_006996800.1	QIZ20252.1	99.432	176	1	0	1	176	1	176	6.44e-127	350
WP_006996804.1	QIZ20256.1	96.694	121	4	0	1	121	1	121	1.05e-77	221
WP_006996807.1	QIZ20259.1	100.000	123	0	0	1	123	1	123	2.65e-87	245
WP_006996818.1	QIZ20270.1	99.265	136	1	0	1	136	1	136	2.83e-98	274
WP_006996819.1	QIZ20271.1	98.413	63	1	0	1	63	1	63	1.62e-39	120
WP_006996821.1	QIZ20273.1	99.180	122	1	0	1	122	1	122	2.52e-85	240
WP_006996822.1	QIZ20274.1	98.780	82	1	0	1	82	1	82	3.00e-52	153
WP_006996823.1	QIZ20275.1	99.457	184	1	0	1	184	1	184	1.12e-133	367
WP_006996824.1	QIZ20276.1	98.020	101	2	0	1	101	1	101	1.55e-70	201
WP_006996825.1	QIZ20277.1	99.237	131	1	0	1	131	1	131	5.57e-94	263
WP_006996827.1	QIZ20279.1	99.153	118	1	0	1	118	1	118	7.21e-82	231
WP_006996828.1	QIZ20280.1	98.235	170	3	0	1	170	1	170	2.31e-121	335
WP_006996829.1	QIZ20281.1	98.693	153	2	0	1	153	1	153	2.85e-106	295
WP_006996830.1	QIZ20282.1	98.122	426	8	0	1	426	1	426	0.0	833
WP_006996832.1	QIZ20284.1	99.213	127	1	0	1	127	1	127	4.54e-91	255
WP_006996833.1	QIZ20285.1	98.667	150	2	0	1	150	1	150	1.80e-107	298
WP_006996836.1	QIZ20288.1	99.013	304	3	0	1	304	1	304	0.0	618
WP_006996838.1	QIZ20290.1	98.249	457	8	0	1	457	1	457	0.0	901
WP_006996847.1	QIZ20298.1	98.722	313	4	0	1	313	1	313	0.0	638
WP_006996848.1	QIZ20299.1	98.675	151	2	0	1	151	1	151	2.08e-106	296
WP_006996849.1	QIZ20300.1	94.737	95	5	0	1	95	1	95	1.78e-61	177
WP_006996854.1	QIZ20305.1	95.833	456	19	0	1	456	1	456	0.0	864
WP_006996856.1	QIZ20310.1	94.444	90	2	1	1	87	1	90	9.83e-58	167
WP_006996857.1	QIZ20311.1	97.561	246	6	0	1	246	1	246	1.45e-170	466
WP_006996861.1	QIZ20315.1	98.901	91	1	0	1	91	1	91	1.82e-67	192
WP_006996862.1	QIZ20316.1	98.561	417	6	0	1	417	1	417	0.0	855
WP_006996878.1	QIZ20332.1	98.684	152	2	0	1	152	1	152	8.68e-110	304
WP_006996882.1	QIZ20335.1	96.875	128	4	0	1	128	1	128	5.86e-89	249
WP_006996887.1	QIZ20340.1	94.444	144	8	0	12	155	12	155	1.73e-85	243
WP_006996892.1	QIZ20345.1	100.000	63	0	0	1	63	1	63	4.14e-41	124
WP_006996893.1	QIZ20346.1	98.958	96	1	0	1	96	1	96	2.66e-61	177
WP_006996896.1	QIZ20349.1	98.039	153	3	0	1	153	1	153	1.18e-110	306
WP_006996897.1	QIZ20350.1	95.302	149	7	0	1	149	1	149	2.05e-105	293
WP_006996901.1	QIZ20354.1	86.333	300	41	0	1	300	1	300	0.0	522
WP_006996903.1	QIZ20356.1	94.565	92	5	0	1	92	4	95	8.17e-61	176
WP_006996929.1	QIZ20381.1	97.091	275	8	0	1	275	1	275	0.0	562
WP_006996934.1	QIZ20386.1	98.039	153	2	1	1	152	1	153	2.11e-109	303
WP_006996939.1	QIZ20391.1	98.936	94	1	0	1	94	1	94	1.03e-63	183
WP_006996941.1	QIZ20393.1	96.032	252	10	0	1	252	1	252	3.26e-177	483
WP_006996943.1	QIZ20395.1	94.118	68	2	1	1	66	1	68	1.15e-40	123
WP_006996944.1	QIZ20396.1	95.556	225	10	0	9	233	12	236	1.18e-162	445
WP_006996950.1	QIZ20402.1	99.048	105	1	0	1	105	1	105	2.83e-73	208
WP_006996973.1	QIZ20427.1	73.793	145	38	0	1	145	1	145	1.03e-79	228
WP_006997022.1	QIZ20460.1	88.235	187	22	0	1	187	1	187	5.40e-116	323
WP_006997024.1	QIZ20462.1	94.970	497	25	0	1	497	1	497	0.0	961
WP_006997026.1	QIZ20464.1	92.233	103	8	0	1	103	1	103	1.30e-51	153
WP_006997027.1	QIZ20465.1	95.238	210	10	0	1	210	1	210	6.55e-148	405
WP_006997028.1	QIZ20466.1	98.758	161	2	0	1	161	1	161	1.81e-120	332
WP_006997033.1	QIZ20471.1	99.233	391	3	0	1	391	1	391	0.0	804
WP_006997034.1	QIZ20472.1	96.535	202	7	0	1	202	1	202	1.53e-146	401
WP_006997035.1	QIZ20473.1	98.266	173	3	0	1	173	1	173	2.57e-131	360
WP_006997036.1	QIZ20474.1	98.361	122	2	0	1	122	1	122	2.15e-84	238
WP_006997038.1	QIZ20476.1	99.526	422	2	0	1	422	1	422	0.0	862
WP_006997044.1	QIZ20480.1	65.294	170	59	0	13	182	13	182	1.77e-79	230
WP_006997045.1	QIZ20481.1	74.661	221	56	0	1	221	1	221	1.52e-121	340
WP_006997046.1	QIZ20482.1	77.143	140	32	0	1	140	1	140	3.31e-81	231
WP_006997049.1	QIZ20484.1	96.371	248	9	0	1	248	1	248	2.06e-179	488
WP_006997052.1	QIZ20487.1	98.413	441	7	0	1	441	1	441	0.0	838
WP_006997074.1	QIZ20512.1	97.872	94	2	0	1	94	1	94	1.96e-63	182
WP_006997079.1	QIZ20517.1	95.690	116	5	0	1	116	1	116	2.99e-81	229
WP_006997094.1	QIZ20530.1	98.913	184	2	0	1	184	1	184	7.56e-132	363
WP_006997102.1	QIZ20538.1	100.000	91	0	0	1	91	1	91	2.32e-63	182
WP_006997109.1	QIZ20544.1	95.210	167	8	0	1	167	1	167	3.12e-116	322
WP_006997132.1	QIZ20584.1	81.522	184	34	0	6	189	3	186	7.61e-111	310
WP_006997157.1	QIZ20615.1	94.783	115	6	0	1	115	1	115	5.59e-82	231
WP_006997169.1	QIZ20626.1	97.959	98	2	0	1	98	1	98	3.61e-67	192
WP_006997189.1	QIZ20644.1	95.798	119	5	0	1	119	1	119	2.59e-82	232
WP_006997190.1	QIZ20645.1	95.238	273	13	0	1	273	1	273	0.0	531
WP_006997229.1	QIZ20686.1	61.765	136	48	1	1	132	1	136	1.53e-56	168
WP_006997232.1	QIZ20690.1	94.022	552	33	0	1	552	1	552	0.0	1048
WP_006997244.1	QIZ20701.1	98.413	126	2	0	1	126	1	126	1.29e-89	251
WP_006997256.1	QIZ20719.1	98.045	358	7	0	1	358	1	358	0.0	692
WP_006997257.1	QIZ20720.1	98.522	203	3	0	1	203	1	203	5.47e-145	397
WP_006997278.1	QIZ20738.1	92.453	106	8	0	1	106	1	106	1.99e-72	206
WP_006997279.1	QIZ20739.1	86.166	253	35	0	1	253	1	253	1.22e-159	439
WP_006997281.1	QIZ20741.1	86.364	110	15	0	1	110	1	110	2.14e-64	186
WP_006997284.1	QIZ20744.1	91.489	329	28	0	1	329	1	329	0.0	629
WP_006997289.1	QIZ20749.1	98.881	268	3	0	1	268	1	268	0.0	522
WP_006997290.1	QIZ20750.1	97.923	337	7	0	1	337	1	337	0.0	667
WP_006997292.1	QIZ20752.1	98.333	360	6	0	1	360	1	360	0.0	732
WP_006997309.1	QIZ20769.1	98.551	138	2	0	1	138	1	138	9.97e-97	270
WP_006997314.1	QIZ20774.1	91.758	182	14	1	1	182	1	181	5.86e-118	327
WP_006997324.1	QIZ20784.1	97.368	76	2	0	1	76	1	76	8.59e-53	154
WP_006997326.1	QIZ20786.1	100.000	64	0	0	1	64	1	64	4.42e-39	119
WP_006997331.1	QIZ20792.1	100.000	41	0	0	1	41	1	41	1.01e-23	78.6
WP_006997394.1	QIZ20872.1	99.507	203	1	0	1	203	1	203	2.23e-149	409
WP_006997395.1	QIZ20873.1	98.095	105	2	0	1	105	1	105	3.60e-70	200
WP_006997397.1	QIZ20875.1	94.928	276	14	0	1	276	1	276	0.0	547
WP_006997402.1	QIZ20880.1	92.222	270	21	0	1	270	1	270	1.54e-166	457
WP_006997403.1	QIZ20881.1	95.181	166	8	0	1	166	1	166	3.16e-118	327
WP_006997411.1	QIZ20889.1	98.785	576	7	0	1	576	1	576	0.0	1152
WP_006997412.1	QIZ20890.1	98.947	95	1	0	1	95	1	95	3.45e-66	189
WP_006997426.1	QIZ21496.1	75.385	65	16	0	3	67	2	66	5.04e-32	101
WP_006997427.1	QIZ20923.1	100.000	71	0	0	1	71	1	71	2.42e-50	147
WP_006997429.1	QIZ20925.1	96.947	131	4	0	1	131	1	131	2.75e-90	253
WP_006997431.1	QIZ20927.1	97.838	185	4	0	1	185	1	185	7.96e-134	368
WP_006997435.1	QIZ20930.1	100.000	54	0	0	1	54	1	54	3.72e-33	103
WP_006997451.1	QIZ20946.1	88.587	368	42	0	1	368	1	368	0.0	630
WP_006997453.1	QIZ20948.1	100.000	175	0	0	1	175	1	175	4.07e-131	360
WP_006997454.1	QIZ20949.1	98.765	324	4	0	1	324	1	324	0.0	668
WP_006997457.1	QIZ20952.1	98.832	685	8	0	1	685	1	685	0.0	1379
WP_006997460.1	QIZ20961.1	94.648	355	19	0	1	355	1	355	0.0	697
WP_006997461.1	QIZ20962.1	98.305	118	2	0	1	118	1	118	1.40e-84	238
WP_006997462.1	QIZ20963.1	98.529	68	1	0	1	68	1	68	1.82e-44	132
WP_006997463.1	QIZ20964.1	99.448	181	1	0	1	181	1	181	5.56e-133	365
WP_006997464.1	QIZ20965.1	98.589	638	9	0	1	638	1	638	0.0	1304
WP_006997482.1	QIZ20979.1	99.074	108	1	0	1	108	1	108	3.71e-75	213
WP_006997486.1	QIZ20982.1	95.455	198	9	0	1	198	1	198	5.24e-137	377
WP_006997488.1	QIZ20984.1	97.175	177	5	0	1	177	1	177	9.08e-124	342
WP_006997489.1	QIZ20985.1	97.872	188	4	0	1	188	1	188	4.03e-140	384
WP_006997502.1	QIZ20997.1	97.701	522	12	0	1	522	1	522	0.0	1031
WP_006997504.1	QIZ20999.1	95.172	145	7	0	1	145	1	145	3.15e-101	282
WP_006997506.1	QIZ21001.1	89.262	149	16	0	1	149	1	149	3.60e-96	270
WP_006997507.1	QIZ21002.1	88.832	197	22	0	1	197	1	197	2.13e-131	362
WP_006997508.1	QIZ21003.1	96.840	443	14	0	1	443	1	443	0.0	901
WP_006997509.1	QIZ21004.1	99.275	138	1	0	1	138	1	138	2.86e-101	281
WP_006997510.1	QIZ21005.1	92.958	142	10	0	1	142	1	142	6.31e-97	271
WP_006997515.1	QIZ21010.1	97.971	690	14	0	1	690	1	690	0.0	1376
WP_006997516.1	QIZ21011.1	100.000	82	0	0	1	82	1	82	9.37e-56	162
WP_006997519.1	QIZ21014.1	99.623	530	2	0	1	530	1	530	0.0	1057
WP_006997520.1	QIZ21015.1	97.429	389	10	0	1	389	1	389	0.0	788
WP_006997525.1	QIZ21020.1	100.000	136	0	0	1	136	1	136	1.23e-97	272
WP_006997526.1	QIZ21021.1	92.969	128	9	0	1	128	1	128	5.12e-86	242
WP_006997529.1	QIZ21023.1	94.444	180	10	0	1	180	1	180	1.81e-124	343
WP_006997539.1	QIZ21032.1	96.764	649	19	1	1	647	1	649	0.0	1253
WP_006997560.1	QIZ21052.1	99.526	422	2	0	1	422	1	422	0.0	847
WP_006997574.1	QIZ21066.1	99.415	171	1	0	1	171	1	171	6.65e-123	339
WP_006997590.1	QIZ21081.1	94.915	118	6	0	1	118	1	118	1.43e-80	228
WP_006997592.1	QIZ21083.1	98.837	86	1	0	1	86	1	86	1.07e-61	177
WP_006997624.1	QIZ21113.1	100.000	106	0	0	1	106	1	106	1.12e-77	219
WP_006997644.1	QIZ21134.1	92.487	386	28	1	1	386	1	385	0.0	725
WP_006997647.1	QIZ21137.1	85.843	445	63	0	1	445	1	445	0.0	764
WP_006997650.1	QIZ21141.1	75.936	187	45	0	1	187	1	187	2.99e-104	293
WP_006997657.1	QIZ21148.1	98.715	467	6	0	1	467	1	467	0.0	955
WP_006997659.1	QIZ21150.1	99.185	368	3	0	1	368	1	368	0.0	746
WP_006997667.1	QIZ21158.1	98.644	590	8	0	1	590	1	590	0.0	1221
WP_006997689.1	QIZ21180.1	100.000	84	0	0	1	84	1	84	2.62e-56	164
WP_006997701.1	QIZ21191.1	96.286	350	13	0	1	350	1	350	0.0	668
WP_006997707.1	QIZ21197.1	97.861	187	4	0	1	187	1	187	2.20e-135	372
WP_006997711.1	QIZ21201.1	98.298	235	4	0	1	235	1	235	4.06e-170	464
WP_006997713.1	QIZ21203.1	98.832	428	5	0	1	428	1	428	0.0	871
WP_006997714.1	QIZ21204.1	92.763	152	11	0	1	152	1	152	1.28e-102	286
WP_006997728.1	QIZ21218.1	99.083	436	4	0	1	436	1	436	0.0	850
WP_006997781.1	QIZ21266.1	83.851	161	26	0	1	161	1	161	1.65e-102	286
WP_006997789.1	QIZ21274.1	97.619	168	4	0	1	168	1	168	4.73e-113	314
WP_006997791.1	QIZ21276.1	100.000	75	0	0	1	75	1	75	1.79e-46	138
WP_006997792.1	QIZ21277.1	99.590	244	1	0	1	244	1	244	3.20e-176	480
WP_006997793.1	QIZ21278.1	98.901	91	1	0	1	91	1	91	5.42e-62	179
WP_006997795.1	QIZ21280.1	94.898	196	10	0	1	196	1	196	1.40e-131	363
WP_006997805.1	QIZ21290.1	98.101	158	3	0	1	158	1	158	3.17e-111	308
WP_006997976.1	QIZ21464.1	94.595	74	4	0	1	74	1	74	1.44e-49	146
WP_006997978.1	QIZ21466.1	96.992	133	4	0	1	133	1	133	1.80e-96	269
WP_006997999.1	QIZ21487.1	97.727	88	2	0	1	88	1	88	1.06e-64	185
WP_006998006.1	QIZ21494.1	78.261	115	25	0	1	115	1	115	5.46e-68	196
WP_006998008.1	QIZ21496.1	100.000	68	0	0	1	68	1	68	2.29e-47	140
WP_006998011.1	QIZ21499.1	94.479	163	9	0	1	163	1	163	3.43e-111	309
WP_006998016.1	QIZ21503.1	97.790	181	4	0	1	181	1	181	1.82e-125	346
WP_006998022.1	QIZ21508.1	97.581	124	3	0	1	124	1	124	1.96e-91	256
WP_011281470.1	QIZ21294.1	99.284	419	3	0	1	419	1	419	0.0	837
WP_011281496.1	QIZ21259.1	97.978	544	11	0	1	544	1	544	0.0	1073
WP_011281536.1	QIZ21209.1	93.970	199	12	0	1	199	1	199	1.80e-141	388
WP_011281538.1	QIZ21207.1	92.017	238	19	0	1	238	1	238	1.36e-169	462
WP_011281559.1	QIZ21165.1	96.000	425	17	0	1	425	1	425	0.0	825
WP_011281561.1	QIZ21163.1	97.251	291	8	0	1	291	1	291	0.0	572
WP_011281562.1	QIZ21162.1	94.041	386	23	0	1	386	1	386	0.0	731
WP_011281563.1	QIZ21161.1	99.375	320	2	0	1	320	1	320	0.0	635
WP_011281574.1	QIZ21146.1	96.930	228	7	0	1	228	1	228	2.16e-165	451
WP_011281575.1	QIZ21145.1	99.065	107	1	0	1	107	1	107	2.80e-75	219
WP_011281578.1	QIZ21139.1	92.833	293	21	0	1	293	1	293	0.0	518
WP_011281580.1	QIZ21135.1	93.299	194	13	0	1	194	2	195	3.27e-140	385
WP_011281586.1	QIZ21129.1	98.043	511	10	0	1	511	1	511	0.0	1036
WP_011281587.1	QIZ21128.1	99.433	353	2	0	1	353	1	353	0.0	708
WP_011281601.1	QIZ21115.1	93.333	75	5	0	1	75	1	75	1.39e-48	144
WP_011281603.1	QIZ21111.1	99.123	114	1	0	1	114	1	114	1.95e-79	224
WP_011281609.1	QIZ21105.1	96.053	152	6	0	1	152	1	152	1.05e-106	296
WP_011281617.1	QIZ21096.1	95.339	236	11	0	1	236	1	236	6.45e-168	458
WP_011281670.1	QIZ21018.1	98.198	333	6	0	1	333	1	333	0.0	661
WP_011281671.1	QIZ21017.1	92.157	153	12	0	1	153	1	153	4.99e-89	252
WP_011281685.1	QIZ20996.1	97.436	234	6	0	1	234	1	234	6.69e-173	471
WP_011281687.1	QIZ20994.1	98.837	86	1	0	1	86	1	86	1.23e-54	160
WP_011281689.1	QIZ20992.1	98.649	370	5	0	1	370	1	370	0.0	729
WP_011281705.1	QIZ20971.1	92.917	240	17	0	1	240	1	240	6.65e-156	429
WP_011281708.1	QIZ20968.1	90.034	291	29	0	1	291	1	291	0.0	522
WP_011281731.1	QIZ20934.1	85.069	288	43	0	1	288	1	288	3.92e-174	478
WP_011281733.1	QIZ20931.1	96.491	114	4	0	1	114	1	114	6.26e-73	208
WP_011281744.1	QIZ20897.1	60.748	107	39	2	1	105	1	106	5.86e-44	134
WP_011281763.1	QIZ20870.1	94.837	368	19	0	1	368	1	368	0.0	718
WP_011281766.1	QIZ20867.1	90.909	143	13	0	1	143	1	143	1.46e-84	240
WP_011281767.1	QIZ20866.1	95.417	240	11	0	1	240	1	240	2.46e-167	457
WP_011281790.1	QIZ20785.1	96.923	195	6	0	1	195	1	195	5.52e-140	384
WP_011281798.1	QIZ20772.1	99.167	240	2	0	1	240	1	240	1.28e-178	486
WP_011281835.1	QIZ20723.1	93.953	215	13	0	1	215	1	215	4.61e-155	424
WP_011281838.1	QIZ20717.1	94.242	521	30	0	1	521	1	521	0.0	984
WP_011281841.1	QIZ20713.1	98.325	418	7	0	1	418	1	418	0.0	852
WP_011281843.1	QIZ20711.1	97.917	336	7	0	1	336	1	336	0.0	652
WP_011281851.1	QIZ20703.1	80.808	297	53	1	1	293	1	297	6.95e-163	450
WP_011281858.1	QIZ20696.1	97.628	253	6	0	1	253	1	253	0.0	508
WP_011281903.1	QIZ20635.1	95.355	409	19	0	1	409	1	409	0.0	772
WP_011281905.1	QIZ20633.1	99.541	218	1	0	1	218	1	218	1.25e-166	453
WP_011281907.1	QIZ20630.1	80.247	243	48	0	1	243	1	243	6.96e-141	390
WP_011281912.1	QIZ20624.1	98.077	468	9	0	1	468	1	468	0.0	960
WP_011281947.1	QIZ20567.1	88.235	136	16	0	1	136	1	136	8.74e-94	263
WP_011281962.1	QIZ20546.1	98.661	448	6	0	1	448	1	448	0.0	928
WP_011281984.1	QIZ20519.1	98.077	156	3	0	1	156	1	156	2.16e-117	324
WP_011281992.1	QIZ20507.1	99.095	221	2	0	1	221	1	221	2.73e-160	437
WP_011281993.1	QIZ20506.1	88.235	204	24	0	1	204	1	204	5.13e-132	365
WP_011282023.1	QIZ20457.1	95.062	81	4	0	1	81	1	81	2.32e-45	136
WP_011282062.1	QIZ20421.1	96.112	463	18	0	1	463	1	463	0.0	830
WP_011282074.1	QIZ20399.1	88.506	87	10	0	1	87	1	87	2.16e-50	149
WP_011282085.1	QIZ20384.1	95.732	164	7	0	1	164	1	164	7.44e-114	315
WP_011282086.1	QIZ20383.1	96.196	184	7	0	1	184	1	184	2.31e-132	364
WP_011282093.1	QIZ20377.1	95.563	293	13	0	1	293	1	293	0.0	506
WP_011282096.1	QIZ20374.1	94.517	383	21	0	1	383	1	383	0.0	733
WP_011282132.1	QIZ20336.1	98.507	134	2	0	1	134	1	134	6.09e-95	265
WP_011282144.1	QIZ20302.1	96.130	491	19	0	1	491	1	491	0.0	951
WP_011282145.1	QIZ20301.1	97.938	485	10	0	1	485	1	485	0.0	972
WP_011282155.1	QIZ20269.1	99.558	226	1	0	1	226	1	226	4.83e-168	457
WP_011282191.1	QIZ21305.1	34.234	222	138	3	5	225	8	222	2.72e-32	113
WP_011282268.1	QIZ21500.1	97.214	323	9	0	1	323	1	323	0.0	653
WP_011282278.1	QIZ21486.1	97.368	418	11	0	1	418	1	418	0.0	853
WP_011282292.1	QIZ21472.1	80.702	114	22	0	3	116	2	115	2.35e-65	189
WP_011282296.1	QIZ21468.1	98.239	284	5	0	1	284	1	284	0.0	571
WP_011282304.1	QIZ21455.1	93.571	140	9	0	1	140	1	140	2.96e-97	272
WP_011282329.1	QIZ21426.1	95.076	264	13	0	1	264	1	264	0.0	506
WP_011282331.1	QIZ21425.1	86.469	303	41	0	1	303	1	303	0.0	537
WP_011282332.1	QIZ21424.1	89.623	106	11	0	1	106	1	106	4.21e-65	188
WP_011282333.1	QIZ21423.1	97.436	234	6	0	1	234	1	234	2.56e-170	464
WP_018413539.1	QIZ21281.1	97.531	162	4	0	1	162	1	162	3.09e-115	319
WP_018413590.1	QIZ21205.1	91.277	321	28	0	1	321	1	321	0.0	575
WP_018413593.1	QIZ21198.1	96.175	183	7	0	1	183	1	183	5.28e-123	340
WP_018413601.1	QIZ21188.1	96.725	458	15	0	1	458	1	458	0.0	886
WP_018413609.1	QIZ21178.1	97.826	368	8	0	1	368	1	368	0.0	724
WP_018413620.1	QIZ21157.1	90.741	108	10	0	1	108	1	108	1.20e-58	171
WP_018413625.1	QIZ21147.1	96.552	174	6	0	1	174	1	174	1.91e-120	333
WP_018413640.1	QIZ21122.1	92.167	383	30	0	1	383	1	383	0.0	754
WP_018413652.1	QIZ21102.1	84.577	201	31	0	1	201	1	201	6.98e-105	296
WP_018413682.1	QIZ21072.1	97.030	101	3	0	1	101	1	101	9.76e-68	194
WP_018413686.1	QIZ21067.1	100.000	196	0	0	1	196	1	196	4.14e-147	402
WP_018413688.1	QIZ21064.1	90.751	173	16	0	1	173	1	173	3.52e-100	281
WP_018413745.1	QIZ20990.1	94.059	404	24	0	1	404	1	404	0.0	759
WP_018413748.1	QIZ20987.1	95.522	67	3	0	1	67	1	67	4.49e-31	99.0
WP_018413760.1	QIZ20970.1	97.704	479	11	0	1	479	1	479	0.0	963
WP_018413875.1	QIZ20775.1	95.946	148	6	0	1	148	1	148	3.66e-100	280
WP_018413901.1	QIZ20743.1	84.014	294	47	0	1	294	1	294	0.0	500
WP_018413913.1	QIZ20731.1	98.473	131	2	0	1	131	1	131	3.88e-93	260
WP_018413915.1	QIZ20729.1	98.333	120	2	0	1	120	1	120	9.49e-88	246
WP_018413918.1	QIZ20726.1	98.956	383	4	0	1	383	1	383	0.0	766
WP_018413933.1	QIZ20697.1	97.253	182	5	0	1	182	1	182	8.00e-132	362
WP_018413937.1	QIZ20691.1	96.312	922	34	0	1	922	1	922	0.0	1871
WP_018413966.1	QIZ20637.1	94.649	598	32	0	1	598	1	598	0.0	1099
WP_018413975.1	QIZ20627.1	85.897	156	22	0	1	156	1	156	2.11e-98	276
WP_018414029.1	QIZ20511.1	98.822	594	7	0	1	594	1	594	0.0	1219
WP_018414038.1	QIZ20497.1	96.825	252	8	0	1	252	1	252	0.0	496
WP_018414054.1	QIZ20479.1	80.000	80	16	0	1	80	1	80	8.19e-46	137
WP_018414148.1	QIZ20343.1	96.000	100	4	0	1	100	1	100	1.86e-65	188
WP_018414173.1	QIZ20286.1	98.538	342	5	0	1	342	1	342	0.0	682
WP_018414188.1	QIZ20236.1	97.073	205	6	0	1	205	1	205	2.30e-150	411
WP_018414315.1	QIZ21427.1	96.170	235	9	0	1	235	1	235	4.02e-168	459
WP_018414320.1	QIZ21419.1	95.960	297	12	0	1	297	1	297	0.0	580
WP_020168841.1	QIZ21233.1	98.849	608	7	0	1	608	1	608	0.0	1222
WP_020168842.1	QIZ21232.1	88.372	215	25	0	1	215	1	215	3.16e-137	379
WP_020168845.1	QIZ21229.1	95.444	439	20	0	1	439	1	439	0.0	807
WP_020168870.1	QIZ21195.1	98.559	347	5	0	1	347	1	347	0.0	713
WP_020168874.1	QIZ21187.1	88.306	248	29	0	1	248	1	248	6.68e-152	419
WP_020168875.1	QIZ21186.1	97.651	298	7	0	1	298	1	298	0.0	577
WP_020168902.1	QIZ21138.1	88.136	59	7	0	1	59	1	59	8.16e-34	105
WP_020168911.1	QIZ21114.1	97.034	236	7	0	1	236	1	236	8.20e-169	460
WP_020168938.1	QIZ21078.1	92.381	210	16	0	2	211	4	213	3.31e-144	396
WP_020168973.1	QIZ21040.1	82.222	180	32	0	1	180	1	180	5.20e-106	297
WP_020168997.1	QIZ21006.1	98.193	166	3	0	1	166	1	166	1.31e-120	333
WP_020169003.1	QIZ20993.1	97.447	470	12	0	1	470	1	470	0.0	927
WP_020169032.1	QIZ20932.1	100.000	83	0	0	1	83	1	83	7.85e-58	167
WP_020169033.1	QIZ20928.1	100.000	65	0	0	10	74	1	65	4.74e-43	129
WP_020169042.1	QIZ20894.1	97.736	265	6	0	1	265	1	265	0.0	514
WP_020169043.1	QIZ20893.1	97.073	410	12	0	1	410	1	410	0.0	822
WP_020169046.1	QIZ20888.1	96.774	217	7	0	1	217	1	217	8.00e-153	418
WP_020169049.1	QIZ20885.1	80.928	194	37	0	1	194	1	194	5.40e-112	313
WP_020169051.1	QIZ20883.1	98.030	203	4	0	1	203	1	203	1.47e-149	409
WP_020169062.1	QIZ20864.1	99.727	366	1	0	1	366	1	366	0.0	732
WP_020169177.1	QIZ20712.1	97.917	288	6	0	1	288	1	288	0.0	558
WP_020169179.1	QIZ20707.1	90.798	163	15	0	1	163	1	163	1.42e-108	302
WP_020169232.1	QIZ20641.1	92.199	141	11	0	1	141	1	141	2.62e-92	259
WP_020169243.1	QIZ20625.1	100.000	110	0	0	1	110	1	110	5.67e-78	221
WP_020169360.1	QIZ20449.1	87.273	220	28	0	1	220	1	220	6.30e-123	343
WP_020169363.1	QIZ20447.1	64.497	169	57	1	4	172	8	173	5.86e-58	175
WP_020169364.1	QIZ20446.1	97.260	146	4	0	5	150	1	146	1.49e-106	296
WP_020169376.1	QIZ20433.1	98.000	100	2	0	1	100	1	100	1.74e-66	191
WP_020169402.1	QIZ20394.1	94.521	73	4	0	1	73	1	73	2.58e-39	120
WP_020169446.1	QIZ20339.1	90.196	153	15	0	1	153	1	153	4.95e-94	265
WP_020169452.1	QIZ20330.1	93.617	141	9	0	1	141	1	141	4.07e-97	271
WP_020169462.1	QIZ20319.1	98.718	156	2	0	1	156	1	156	4.17e-112	310
WP_020169492.1	QIZ20245.1	94.495	218	12	0	1	218	1	218	5.03e-151	415
WP_020169493.1	QIZ20244.1	96.875	256	8	0	1	256	1	256	0.0	525
WP_020169494.1	QIZ20243.1	97.674	430	10	0	1	430	1	430	0.0	867
WP_020169507.1	QIZ20225.1	96.791	374	12	0	1	374	1	374	0.0	751
WP_020169518.1	QIZ20416.1	35.743	249	142	6	8	251	6	241	3.58e-44	145
WP_020169521.1	QIZ21202.1	31.707	246	153	8	110	347	274	512	5.02e-22	92.4
WP_020169555.1	QIZ21531.1	89.489	352	37	0	1	352	1	352	0.0	620
WP_020169573.1	QIZ21498.1	93.966	348	21	0	1	348	1	348	0.0	645
WP_020169575.1	QIZ21493.1	82.258	248	44	0	1	248	1	248	8.93e-144	398
WP_020169576.1	QIZ21492.1	56.164	146	64	0	1	146	1	146	8.25e-57	170
WP_020169577.1	QIZ21491.1	79.612	103	21	0	1	103	1	103	5.59e-45	137
WP_020169595.1	QIZ21475.1	68.707	147	46	0	7	153	1	147	9.45e-67	196
WP_020169651.1	QIZ21411.1	94.649	299	16	0	1	299	1	299	0.0	561
WP_026225075.1	QIZ20228.1	98.253	229	4	0	1	229	1	229	7.39e-171	465
WP_026362699.1	QIZ20877.1	87.709	179	22	0	1	179	11	189	2.86e-117	326
WP_027306676.1	QIZ20685.1	73.000	200	54	0	1	200	1	200	3.27e-107	302
WP_027306780.1	QIZ20898.1	36.059	477	294	7	3	475	4	473	1.31e-99	303
WP_027306833.1	QIZ21013.1	97.422	737	15	2	1	734	1	736	0.0	1442
WP_027306873.1	QIZ21104.1	100.000	126	0	0	1	126	1	126	7.68e-88	247
WP_027306899.1	QIZ21182.1	92.469	239	18	0	1	239	1	239	1.93e-167	457
WP_027306903.1	QIZ21189.1	98.960	481	5	0	1	481	1	481	0.0	925
WP_027306906.1	QIZ21194.1	97.938	291	6	0	1	291	1	291	0.0	580
WP_027306908.1	QIZ21200.1	97.403	924	24	0	1	924	1	924	0.0	1828
WP_027307086.1	QIZ21470.1	98.160	489	9	0	1	489	1	489	0.0	1016
WP_168606116.1	QIZ20207.1	100.000	66	0	0	1	66	1	66	5.61e-44	131
WP_230454319.1	QIZ21275.1	93.855	179	11	0	18	196	1	179	2.23e-120	334
WP_230454322.1	QIZ21429.1	94.808	443	23	0	14	456	1	443	0.0	821
WP_236608322.1	QIZ21190.1	96.346	520	19	0	1	520	6	525	0.0	1021
WP_271479680.1	QIZ20321.1	87.009	585	72	1	1	581	1	585	0.0	1063
WP_271479776.1	QIZ21522.1	72.673	333	91	0	1	333	1	333	0.0	521
WP_271479778.1	QIZ21523.1	97.627	295	7	0	1	295	1	295	0.0	597
WP_271479814.1	QIZ20706.1	96.109	257	10	0	1	257	9	265	0.0	507
WP_271479817.1	QIZ20709.1	98.723	235	3	0	1	235	1	235	2.45e-170	464
WP_271479932.1	QIZ20976.1	97.872	141	3	0	1	141	1	141	1.39e-101	283
WP_271480044.1	QIZ20451.1	97.110	173	5	0	1	173	11	183	1.36e-121	336
WP_271480083.1	QIZ20499.1	93.023	258	18	0	1	258	1	258	1.30e-172	472
WP_271480085.1	QIZ20498.1	94.737	266	14	0	1	266	1	266	3.22e-168	461
WP_271480381.1	QIZ21012.1	99.180	122	1	0	1	122	1	122	2.78e-86	243
WP_271480464.1	QIZ20935.1	97.758	223	5	0	1	223	1	223	2.70e-162	443
WP_271480553.1	QIZ21422.1	94.636	261	14	0	1	261	1	261	0.0	504
WP_271480554.1	QIZ21421.1	96.341	246	9	0	1	246	1	246	5.43e-176	479
WP_271480556.1	QIZ21420.1	94.286	350	20	0	1	350	1	350	0.0	663
WP_271480678.1	QIZ20577.1	85.849	106	15	0	1	106	1	106	6.05e-67	192
WP_271480703.1	QIZ20549.1	86.656	637	85	0	1	637	1	637	0.0	1142
WP_271480704.1	QIZ20548.1	95.094	265	13	0	1	265	1	265	0.0	515
WP_271480705.1	QIZ20547.1	92.038	314	24	1	1	313	1	314	0.0	578
WP_271480710.1	QIZ20540.1	92.549	255	19	0	1	255	1	255	1.18e-171	469
WP_271480834.1	QIZ20492.1	85.088	228	34	0	1	228	31	258	2.80e-147	407
WP_271480859.1	QIZ20477.1	95.567	203	9	0	1	203	1	203	4.87e-148	405
WP_271480912.1	QIZ20432.1	97.212	538	15	0	1	538	1	538	0.0	1069
WP_271480913.1	QIZ20431.1	97.445	274	7	0	1	274	1	274	0.0	556
WP_271480929.1	QIZ20326.1	94.595	222	12	0	1	222	1	222	1.56e-151	416
WP_271481031.1	QIZ20770.1	99.107	224	2	0	1	224	1	224	2.85e-161	440
WP_271481068.1	QIZ21284.1	99.157	356	3	0	1	356	1	356	0.0	728
WP_271481074.1	QIZ21291.1	93.455	275	18	0	1	275	1	275	0.0	531
WP_271481078.1	QIZ21293.1	99.408	169	1	0	1	169	1	169	2.72e-127	350
WP_271481191.1	QIZ20415.1	95.935	123	5	0	1	123	1	123	6.79e-83	234
WP_271481240.1	QIZ21482.1	96.875	64	2	0	1	64	1	64	1.58e-41	125
WP_271481284.1	QIZ20516.1	95.543	359	16	0	1	359	1	359	0.0	625
WP_271481318.1	QIZ20205.1	94.245	278	16	0	1	278	1	278	2.07e-161	445
WP_271481321.1	QIZ20204.1	96.951	328	10	0	7	334	1	328	0.0	665
WP_271481366.1	QIZ21123.1	87.306	386	49	0	1	386	1	386	0.0	698
WP_271481423.1	QIZ21179.1	98.471	327	5	0	1	327	1	327	0.0	652
WP_271481469.1	QIZ20378.1	88.636	88	10	0	1	88	1	88	3.49e-44	133
WP_271481508.1	QIZ21450.1	90.265	113	11	0	1	113	1	113	1.25e-74	212
WP_271481566.1	QIZ21530.1	84.544	537	78	2	3	538	4	536	0.0	870
WP_271481567.1	QIZ21527.1	76.331	338	80	0	1	338	1	338	0.0	561
WP_271481580.1	QIZ21457.1	90.647	139	13	0	1	139	1	139	5.52e-95	266
WP_271485875.1	QIZ20771.1	99.390	164	1	0	1	164	1	164	1.13e-120	333
WP_271486119.1	QIZ21093.1	98.577	281	4	0	1	281	1	281	0.0	554
WP_271486317.1	QIZ21416.1	97.959	98	2	0	1	98	1	98	1.08e-67	194
WP_271486482.1	QIZ21467.1	98.312	474	8	0	1	474	1	474	0.0	970
WP_271486516.1	QIZ21481.1	94.737	342	18	0	1	342	1	342	0.0	651
WP_271486577.1	QIZ21451.1	76.531	196	45	1	1	195	1	196	3.78e-99	281
WP_271487021.1	QIZ20440.1	98.222	225	4	0	1	225	1	225	5.99e-164	447
WP_271499193.1	QIZ21447.1	95.597	318	14	0	1	318	1	318	0.0	636
WP_271499487.1	QIZ20523.1	93.514	185	12	0	1	185	1	185	8.59e-117	325
WP_271520740.1	QIZ20253.1	97.872	141	3	0	1	141	1	141	9.74e-100	278
WP_271563404.1	QIZ20250.1	97.222	396	11	0	1	396	1	396	0.0	787
WP_271563510.1	QIZ20344.1	96.800	125	4	0	1	125	1	125	3.27e-83	235
WP_271563544.1	QIZ21474.1	92.038	314	25	0	1	314	1	314	0.0	608
WP_271563546.1	QIZ21476.1	76.800	125	28	1	1	125	1	124	3.35e-67	194
WP_271563683.1	QIZ20191.1	91.848	184	15	0	1	184	1	184	1.89e-128	354
WP_271563706.1	QIZ20776.1	98.131	107	2	0	1	107	1	107	3.76e-67	193
WP_271563720.1	QIZ20768.1	97.590	249	6	0	1	249	21	269	3.80e-177	483
WP_271563802.1	QIZ20700.1	99.160	952	8	0	1	952	1	952	0.0	1972
WP_271563892.1	QIZ20936.1	98.182	275	5	0	1	275	1	275	0.0	556
WP_271563894.1	QIZ21069.1	69.355	62	19	0	1	62	1	62	3.67e-30	96.7
WP_271563967.1	QIZ20485.1	31.034	493	308	6	6	482	9	485	1.78e-84	264
WP_271564028.1	QIZ21181.1	96.269	134	5	0	1	134	1	134	1.56e-92	259
WP_271564037.1	QIZ21160.1	98.390	497	8	0	1	497	1	497	0.0	1009
WP_271564170.1	QIZ20683.1	96.678	301	10	0	1	301	1	301	0.0	575
WP_271564171.1	QIZ20680.1	77.522	347	78	0	1	347	1	347	0.0	590
WP_271564256.1	QIZ20643.1	80.741	135	23	1	1	135	1	132	6.00e-70	202
WP_271564295.1	QIZ20461.1	96.815	471	15	0	1	471	1	471	0.0	900
WP_271564373.1	QIZ21076.1	96.360	467	17	0	1	467	230	696	0.0	924
WP_271564374.1	QIZ21075.1	85.326	184	27	0	1	184	1	184	1.00e-113	317
WP_271564375.1	QIZ21074.1	93.413	167	11	0	1	167	1	167	1.28e-115	320
WP_271564376.1	QIZ21073.1	93.388	121	8	0	1	121	1	121	3.11e-82	232
WP_271564377.1	QIZ21071.1	97.211	251	7	0	1	251	1	251	0.0	501
WP_271564378.1	QIZ21070.1	92.050	239	19	0	1	239	1	239	7.22e-164	448
WP_271564379.1	QIZ21068.1	92.788	208	15	0	1	208	1	208	3.69e-142	390
WP_271564380.1	QIZ21065.1	98.242	455	8	0	1	455	1	455	0.0	894
WP_271564381.1	QIZ21063.1	95.431	197	9	0	1	197	1	197	5.01e-138	379
WP_271564382.1	QIZ21062.1	95.000	140	7	0	1	140	1	140	9.48e-85	240
WP_271564383.1	QIZ21061.1	92.143	140	11	0	1	140	1	140	1.15e-93	263
WP_271564384.1	QIZ21060.1	93.722	223	14	0	1	223	1	223	1.54e-155	426
WP_271564385.1	QIZ21059.1	92.655	177	13	0	1	177	1	177	2.45e-115	321
WP_271564386.1	QIZ21058.1	92.830	265	19	0	1	265	1	265	0.0	493
WP_271564387.1	QIZ21057.1	91.282	195	17	0	1	195	1	195	5.59e-131	361
WP_271564388.1	QIZ21056.1	94.891	274	14	0	1	274	1	274	0.0	534
WP_271564389.1	QIZ21055.1	87.988	333	40	0	1	333	1	333	0.0	610
WP_271564392.1	QIZ21051.1	37.972	503	291	7	59	549	61	554	4.44e-96	299
WP_271564393.1	QIZ21050.1	93.002	443	31	0	1	443	1	443	0.0	821
WP_271564394.1	QIZ21049.1	95.024	623	31	0	1	623	1	623	0.0	1209
WP_271564395.1	QIZ21048.1	84.038	213	34	0	1	213	1	213	5.49e-130	360
WP_271564396.1	QIZ21047.1	93.182	264	18	0	1	264	1	264	0.0	505
WP_271564397.1	QIZ21046.1	88.298	282	33	0	1	282	1	282	0.0	501
WP_271564398.1	QIZ21045.1	80.967	331	63	0	1	331	1	331	0.0	534
WP_271564399.1	QIZ21044.1	55.714	140	60	1	15	154	17	154	2.17e-46	144
WP_271564400.1	QIZ21043.1	90.995	844	76	0	1	844	1	844	0.0	1587
WP_271564401.1	QIZ21042.1	71.348	178	47	3	5	182	5	178	7.56e-88	251
WP_271564402.1	QIZ21041.1	41.499	347	170	8	1	332	1	329	9.61e-65	203
WP_271564403.1	QIZ21039.1	85.648	216	31	0	1	216	1	216	4.38e-140	386
WP_271564404.1	QIZ21038.1	88.608	158	18	0	1	158	5	162	1.43e-97	274
WP_271564405.1	QIZ21037.1	87.047	193	25	0	1	193	1	193	1.50e-116	325
WP_271564406.1	QIZ21036.1	85.761	309	44	0	1	309	1	309	0.0	555
WP_271564407.1	QIZ21035.1	94.000	200	12	0	18	217	18	217	3.87e-145	399
WP_271564408.1	QIZ21034.1	93.023	258	18	0	1	258	1	258	3.28e-178	486
WP_271564409.1	QIZ21033.1	95.745	376	13	1	1	376	1	373	0.0	728
WP_271564410.1	QIZ21031.1	90.521	211	20	0	1	211	1	211	4.46e-137	378
WP_271564411.1	QIZ21030.1	95.000	200	10	0	1	200	1	200	1.70e-129	358
WP_271564412.1	QIZ21029.1	89.817	383	39	0	1	383	1	383	0.0	674
WP_271564413.1	QIZ21028.1	90.941	287	26	0	1	287	1	287	0.0	504
WP_271564414.1	QIZ21027.1	96.954	197	6	0	1	197	1	197	1.13e-137	379
WP_271564415.1	QIZ21026.1	90.682	762	70	1	1	762	1	761	0.0	1402
WP_271564416.1	QIZ21025.1	82.677	508	88	0	1	508	1	508	0.0	825
WP_271564417.1	QIZ21024.1	85.886	333	47	0	1	333	1	333	0.0	588
WP_271564419.1	QIZ21022.1	88.253	332	39	0	1	332	1	332	0.0	611
WP_271564420.1	QIZ21019.1	94.286	455	26	0	1	455	1	455	0.0	856
WP_271564421.1	QIZ21016.1	90.581	499	47	0	16	514	19	517	0.0	849
WP_271564422.1	QIZ21009.1	91.270	126	11	0	1	126	1	126	8.61e-86	242
WP_271564423.1	QIZ21008.1	98.084	261	5	0	1	261	1	261	0.0	526
WP_271564424.1	QIZ21007.1	87.841	403	49	0	1	403	1	403	0.0	750
WP_271564425.1	QIZ21000.1	94.821	251	13	0	1	251	1	251	2.22e-173	473
WP_271564426.1	QIZ20998.1	92.519	401	30	0	1	401	1	401	0.0	760
WP_271564427.1	QIZ20995.1	93.031	287	20	0	1	287	1	287	0.0	510
WP_271564428.1	QIZ20991.1	92.275	233	18	0	1	233	1	233	1.11e-148	409
WP_271564429.1	QIZ20989.1	96.891	386	12	0	1	386	77	462	0.0	768
WP_271564430.1	QIZ20989.1	96.053	76	3	0	1	76	1	76	5.52e-45	145
WP_271564431.1	QIZ20988.1	87.273	110	14	0	1	110	1	110	3.39e-67	196
WP_271564432.1	QIZ20986.1	93.119	218	15	0	1	218	1	218	4.14e-154	422
WP_271564433.1	QIZ20983.1	90.566	159	15	0	1	159	1	159	6.73e-94	265
WP_271564434.1	QIZ20981.1	96.127	568	22	0	1	568	1	568	0.0	1030
WP_271564435.1	QIZ20980.1	91.776	304	25	0	1	304	1	304	0.0	500
WP_271564436.1	QIZ20978.1	90.780	141	13	0	1	141	1	141	2.87e-91	256
WP_271564437.1	QIZ20977.1	95.620	799	35	0	1	799	3	801	0.0	1565
WP_271564438.1	QIZ21085.1	26.202	645	431	17	30	648	55	680	1.18e-52	188
WP_271564439.1	QIZ20975.1	94.684	395	21	0	1	395	1	395	0.0	769
WP_271564440.1	QIZ20974.1	98.123	1012	19	0	1	1012	1	1012	0.0	2067
WP_271564441.1	QIZ20972.1	95.932	295	12	0	1	295	1	295	0.0	563
WP_271564442.1	QIZ20969.1	97.668	1501	35	0	1	1501	1	1501	0.0	3038
WP_271564443.1	QIZ20967.1	92.032	251	20	0	1	251	1	251	8.88e-161	441
WP_271564444.1	QIZ20966.1	94.010	384	23	0	1	384	1	384	0.0	718
WP_271564445.1	QIZ20960.1	83.541	802	132	0	1	802	1	802	0.0	1331
WP_271564446.1	QIZ20951.1	91.549	426	36	0	1	426	1	426	0.0	746
WP_271564447.1	QIZ20950.1	96.013	602	24	0	1	602	1	602	0.0	1128
WP_271564448.1	QIZ20947.1	86.047	86	12	0	1	86	10	95	4.01e-49	146
WP_271564449.1	QIZ20945.1	89.412	170	18	0	1	170	1	170	4.20e-109	304
WP_271564450.1	QIZ20944.1	90.444	586	56	0	1	586	1	586	0.0	1042
WP_271564451.1	QIZ20943.1	97.093	172	5	0	1	172	1	172	2.59e-122	337
WP_271564452.1	QIZ20942.1	88.387	310	36	0	1	310	1	310	0.0	560
WP_271564453.1	QIZ20941.1	96.341	246	9	0	1	246	1	246	1.14e-175	479
WP_271564454.1	QIZ20940.1	96.226	159	6	0	1	159	1	159	2.64e-113	314
WP_271564455.1	QIZ20939.1	94.175	309	18	0	1	309	1	309	0.0	605
WP_271564456.1	QIZ20937.1	97.135	384	11	0	1	384	1	384	0.0	758
WP_271564457.1	QIZ20933.1	98.208	558	10	0	1	558	1	558	0.0	1121
WP_271564458.1	QIZ20929.1	80.335	239	47	0	1	239	1	239	2.29e-143	396
WP_271564459.1	QIZ20926.1	95.923	417	17	0	1	417	1	417	0.0	798
WP_271564460.1	QIZ20924.1	96.495	428	15	0	1	428	1	428	0.0	820
WP_271564461.1	QIZ20922.1	70.450	467	134	3	1	465	1	465	0.0	650
WP_271564462.1	QIZ20921.1	47.714	350	178	3	1	349	1	346	1.84e-113	329
WP_271564463.1	QIZ20920.1	52.838	229	107	1	1	229	1	228	1.65e-79	234
WP_271564465.1	QIZ20908.1	55.022	229	97	3	1	223	1	229	3.89e-80	236
WP_271564466.1	QIZ20896.1	48.826	426	210	6	1	422	1	422	1.03e-142	409
WP_271564467.1	QIZ20895.1	89.935	308	31	0	1	308	1	308	0.0	591
WP_271564468.1	QIZ20892.1	93.780	209	13	0	1	209	1	209	1.53e-144	397
WP_271564469.1	QIZ20891.1	93.450	229	15	0	1	229	2	230	2.31e-158	433
WP_271564470.1	QIZ20887.1	93.160	424	29	0	19	442	19	442	0.0	764
WP_271564471.1	QIZ20886.1	96.512	258	9	0	1	258	1	258	0.0	502
WP_271564472.1	QIZ20884.1	95.192	312	15	0	12	323	12	323	0.0	583
WP_271564473.1	QIZ20882.1	96.273	322	12	0	1	322	1	322	0.0	639
WP_271564474.1	QIZ20879.1	95.181	166	8	0	1	166	1	166	9.79e-117	332
WP_271564475.1	QIZ20973.1	91.489	423	36	0	1	423	1	423	0.0	785
WP_271564476.1	QIZ20959.1	98.328	598	10	0	1	598	4	601	0.0	1202
WP_271564478.1	QIZ21532.1	88.362	232	27	0	1	232	1	232	2.54e-135	375
WP_271564479.1	QIZ21525.1	98.118	425	7	1	1	424	1	425	0.0	868
WP_271564481.1	QIZ21524.1	90.336	476	46	0	1	476	1	476	0.0	893
WP_271564482.1	QIZ21521.1	89.109	202	22	0	1	202	1	202	1.40e-141	389
WP_271564483.1	QIZ21520.1	96.774	155	5	0	8	162	1	155	1.81e-114	317
WP_271564484.1	QIZ21519.1	95.968	124	5	0	1	124	1	124	9.48e-89	249
WP_271564485.1	QIZ21344.1	63.121	282	103	1	1	281	1	282	1.58e-124	352
WP_271564486.1	QIZ21518.1	74.843	318	80	0	1	318	1	318	4.47e-178	491
WP_271564487.1	QIZ21517.1	72.222	72	20	0	1	72	1	72	5.69e-33	104
WP_271564488.1	QIZ21516.1	96.660	539	18	0	1	539	1	539	0.0	1090
WP_271564489.1	QIZ21515.1	89.590	317	33	0	1	317	1	317	0.0	597
WP_271564490.1	QIZ21514.1	87.550	249	31	0	1	249	1	249	1.09e-162	446
WP_271564491.1	QIZ21513.1	94.321	810	46	0	1	810	1	810	0.0	1580
WP_271564492.1	QIZ21512.1	73.043	115	31	0	1	115	52	166	5.37e-62	182
WP_271564493.1	QIZ21511.1	86.772	189	25	0	1	189	1	189	1.10e-125	347
WP_271564495.1	QIZ21510.1	51.128	133	65	0	1	133	6	138	3.05e-45	140
WP_271564496.1	QIZ21509.1	96.169	261	10	0	1	261	1	261	0.0	509
WP_271564497.1	QIZ21507.1	73.881	134	35	0	1	134	1	134	6.07e-73	210
WP_271564498.1	QIZ21506.1	73.804	397	104	0	1	397	1	397	0.0	644
WP_271564499.1	QIZ21505.1	98.347	242	4	0	1	242	1	242	1.24e-178	486
WP_271564500.1	QIZ21504.1	96.903	452	14	0	1	452	1	452	0.0	917
WP_271564501.1	QIZ21502.1	97.537	203	5	0	1	203	1	203	3.81e-144	395
WP_271564502.1	QIZ21501.1	97.273	550	15	0	1	550	1	550	0.0	1105
WP_271564503.1	QIZ21497.1	96.774	155	5	0	1	155	1	155	7.10e-110	305
WP_271564504.1	QIZ21495.1	90.476	252	24	0	1	252	1	252	1.44e-174	476
WP_271564505.1	QIZ21490.1	94.346	283	16	0	1	283	1	283	0.0	531
WP_271564506.1	QIZ21489.1	87.692	195	24	0	1	195	1	195	1.74e-127	352
WP_271564507.1	QIZ21488.1	96.994	998	30	0	1	998	1	998	0.0	2011
WP_271564508.1	QIZ21485.1	99.109	561	5	0	1	561	1	561	0.0	1143
WP_271564509.1	QIZ21484.1	91.255	263	23	0	1	263	1	263	0.0	496
WP_271564510.1	QIZ21483.1	91.990	387	31	0	1	387	1	387	0.0	738
WP_271564511.1	QIZ21480.1	93.454	443	29	0	1	443	1	443	0.0	876
WP_271564512.1	QIZ21479.1	89.819	717	73	0	1	717	1	717	0.0	1298
WP_271564513.1	QIZ21478.1	88.529	340	39	0	1	340	1	340	0.0	619
WP_271564514.1	QIZ21477.1	73.295	176	47	0	3	178	8	183	3.72e-81	234
WP_271564515.1	QIZ21473.1	93.161	775	53	0	1	775	1	775	0.0	1519
WP_271564516.1	QIZ21471.1	87.330	442	56	0	1	442	1	442	0.0	822
WP_271564517.1	QIZ21469.1	97.134	314	9	0	1	314	1	314	0.0	629
WP_271564518.1	QIZ21465.1	96.781	466	15	0	1	466	1	466	0.0	912
WP_271564519.1	QIZ21463.1	72.260	292	81	0	1	292	1	292	6.90e-157	435
WP_271564520.1	QIZ21462.1	67.727	220	64	2	11	226	11	227	1.49e-104	297
WP_271564521.1	QIZ21461.1	75.822	426	103	0	10	435	14	439	0.0	599
WP_271564522.1	QIZ21460.1	81.633	441	81	0	1	441	1	441	0.0	765
WP_271564523.1	QIZ21459.1	85.526	380	55	0	1	380	1	380	0.0	679
WP_271564524.1	QIZ21458.1	91.543	473	40	0	1	473	1	473	0.0	895
WP_271564525.1	QIZ21456.1	88.352	352	41	0	1	352	1	352	0.0	593
WP_271564526.1	QIZ21454.1	89.952	418	42	0	15	432	16	433	0.0	719
WP_271564527.1	QIZ21453.1	89.252	214	23	0	1	214	1	214	2.04e-114	321
WP_271564528.1	QIZ21452.1	97.075	889	26	0	1	889	1	889	0.0	1779
WP_271564529.1	QIZ21449.1	87.626	396	49	0	1	396	1	396	0.0	734
WP_271564532.1	QIZ21448.1	94.351	478	27	0	1	478	1	478	0.0	915
WP_271564533.1	QIZ21079.1	95.050	505	25	0	7	511	14	518	0.0	949
WP_271564535.1	QIZ21080.1	94.977	219	11	0	1	219	1	219	4.20e-150	412
WP_271564536.1	QIZ21082.1	97.508	602	15	0	1	602	1	602	0.0	1181
WP_271564537.1	QIZ21084.1	94.203	207	12	0	1	207	1	207	1.57e-143	394
WP_271564538.1	QIZ21085.1	95.639	642	28	0	40	681	39	680	0.0	1279
WP_271564539.1	QIZ21086.1	93.431	137	9	0	1	137	1	137	1.12e-94	265
WP_271564540.1	QIZ21088.1	97.479	357	9	0	1	357	1	357	0.0	709
WP_271564541.1	QIZ21089.1	94.463	307	17	0	1	307	1	307	0.0	583
WP_271564542.1	QIZ21090.1	93.534	232	15	0	1	232	1	232	5.44e-162	443
WP_271564543.1	QIZ21091.1	87.812	361	44	0	1	361	1	361	0.0	593
WP_271564544.1	QIZ21092.1	96.875	96	3	0	1	96	1	96	2.20e-62	180
WP_271564545.1	QIZ21094.1	92.727	330	24	0	1	330	21	350	0.0	639
WP_271564547.1	QIZ21095.1	92.818	362	26	0	1	362	1	362	0.0	662
WP_271564548.1	QIZ21097.1	97.531	81	2	0	1	81	1	81	1.22e-51	164
WP_271564549.1	QIZ21099.1	92.500	40	3	0	1	40	1	40	5.00e-22	74.3
WP_271564550.1	QIZ21100.1	90.441	136	13	0	1	136	1	136	1.89e-85	241
WP_271564551.1	QIZ21103.1	90.526	380	36	0	1	380	1	380	0.0	714
WP_271564552.1	QIZ21106.1	91.220	205	18	0	1	205	1	205	1.15e-139	384
WP_271564553.1	QIZ21107.1	97.975	395	8	0	1	395	1	395	0.0	791
WP_271564554.1	QIZ21108.1	73.810	168	44	0	1	168	1	168	6.29e-93	263
WP_271564555.1	QIZ21109.1	76.522	345	81	0	1	345	1	345	0.0	582
WP_271564556.1	QIZ21110.1	96.838	253	8	0	1	253	1	253	1.41e-178	486
WP_271564557.1	QIZ21112.1	95.082	183	9	0	1	183	1	183	3.00e-127	351
WP_271564558.1	QIZ21116.1	94.203	138	8	0	1	138	1	138	6.82e-94	263
WP_271564559.1	QIZ21117.1	94.720	625	33	0	1	625	1	625	0.0	1117
WP_271564560.1	QIZ21118.1	90.173	173	17	0	1	173	1	173	9.03e-116	321
WP_271564561.1	QIZ21119.1	96.032	126	5	0	1	126	1	126	1.93e-75	215
WP_271564562.1	QIZ21120.1	96.450	169	6	0	1	169	1	169	5.75e-120	331
WP_271564563.1	QIZ21124.1	33.492	421	271	6	57	473	41	456	5.48e-74	236
WP_271564564.1	QIZ21125.1	94.006	317	19	0	1	317	1	317	0.0	614
WP_271564565.1	QIZ21126.1	86.420	405	52	1	1	405	1	402	0.0	643
WP_271564566.1	QIZ21127.1	89.444	360	38	0	1	360	1	360	0.0	624
WP_271564567.1	QIZ21130.1	98.601	286	4	0	1	286	1	286	0.0	563
WP_271564568.1	QIZ21131.1	99.645	282	1	0	1	282	1	282	0.0	552
WP_271564569.1	QIZ21132.1	97.493	359	9	0	1	359	1	359	0.0	700
WP_271564570.1	QIZ21133.1	90.196	357	35	0	1	357	1	357	0.0	674
WP_271564573.1	QIZ21136.1	97.130	453	13	0	1	453	1	453	0.0	869
WP_271564574.1	QIZ21142.1	95.738	305	13	0	1	305	1	305	0.0	585
WP_271564575.1	QIZ21143.1	91.971	274	22	0	1	274	1	274	9.00e-179	489
WP_271564576.1	QIZ21144.1	96.239	452	17	0	1	452	1	452	0.0	878
WP_271564577.1	QIZ21149.1	98.522	203	3	0	1	203	9	211	3.56e-147	403
WP_271564578.1	QIZ21151.1	98.637	587	8	0	1	587	1	587	0.0	1197
WP_271564579.1	QIZ21152.1	98.155	542	10	0	1	542	1	542	0.0	1110
WP_271564580.1	QIZ21153.1	91.085	258	23	0	1	258	1	258	1.13e-178	487
WP_271564581.1	QIZ21154.1	95.393	369	17	0	1	369	1	369	0.0	715
WP_271564582.1	QIZ21155.1	94.895	333	17	0	1	333	1	333	0.0	650
WP_271564583.1	QIZ21156.1	94.488	127	7	0	1	127	1	127	3.99e-85	240
WP_271564584.1	QIZ21159.1	94.942	257	13	0	1	257	1	257	0.0	504
WP_271564585.1	QIZ21164.1	89.669	968	99	1	1	967	1	968	0.0	1842
WP_271564586.1	QIZ21166.1	96.352	466	17	0	1	466	1	466	0.0	920
WP_271564588.1	QIZ21097.1	97.150	386	11	0	1	386	110	495	0.0	780
WP_271564589.1	QIZ20491.1	94.632	503	27	0	3	505	4	506	0.0	989
WP_271564590.1	QIZ20490.1	96.753	308	10	0	1	308	1	308	0.0	610
WP_271564591.1	QIZ20489.1	97.521	363	9	0	1	363	1	363	0.0	734
WP_271564592.1	QIZ20488.1	96.804	219	7	0	1	219	1	219	1.92e-161	440
WP_271564593.1	QIZ20486.1	97.297	296	8	0	1	296	1	296	0.0	562
WP_271564594.1	QIZ20485.1	94.227	485	28	0	1	485	1	485	0.0	868
WP_271564595.1	QIZ20483.1	76.168	214	50	1	1	213	2	215	1.11e-113	319
WP_271564597.1	QIZ20478.1	90.816	490	28	2	1	477	1	486	0.0	861
WP_271564598.1	QIZ20475.1	97.985	794	16	0	1	794	1	794	0.0	1577
WP_271564599.1	QIZ20470.1	94.059	202	12	0	1	202	1	202	5.70e-146	400
WP_271564600.1	QIZ20469.1	97.291	443	12	0	1	443	1	443	0.0	896
WP_271564601.1	QIZ20468.1	95.876	679	28	0	1	679	1	679	0.0	1360
WP_271564602.1	QIZ20467.1	96.687	332	11	0	1	332	1	332	0.0	642
WP_271564603.1	QIZ20463.1	93.721	637	40	0	1	637	1	637	0.0	1212
WP_271564604.1	QIZ20459.1	91.129	248	22	0	1	248	1	248	1.57e-150	415
WP_271564605.1	QIZ20458.1	96.189	551	21	0	1	551	1	551	0.0	1106
WP_271564606.1	QIZ20456.1	95.270	444	21	0	1	444	1	444	0.0	866
WP_271564607.1	QIZ20455.1	93.415	410	27	0	1	410	1	410	0.0	721
WP_271564608.1	QIZ20454.1	91.228	228	20	0	1	228	1	228	4.47e-151	415
WP_271564609.1	QIZ20453.1	95.079	1138	56	0	1	1138	1	1138	0.0	2220
WP_271564610.1	QIZ20452.1	92.933	283	20	0	1	283	1	283	0.0	525
WP_271564611.1	QIZ20450.1	87.111	225	29	0	1	225	1	225	3.43e-126	352
WP_271564612.1	QIZ20448.1	81.186	388	73	0	1	388	1	388	0.0	620
WP_271564614.1	QIZ20445.1	88.957	326	36	0	1	326	1	326	0.0	579
WP_271564615.1	QIZ20444.1	91.923	260	21	0	1	260	1	260	0.0	493
WP_271564616.1	QIZ20443.1	85.824	261	37	0	1	261	1	261	4.62e-142	395
WP_271564617.1	QIZ20442.1	91.512	377	32	0	1	377	1	377	0.0	662
WP_271564618.1	QIZ20441.1	91.202	466	41	0	1	466	1	466	0.0	878
WP_271564619.1	QIZ20439.1	96.578	263	9	0	1	263	1	263	0.0	493
WP_271564620.1	QIZ20438.1	93.636	330	21	0	1	330	1	330	0.0	625
WP_271564621.1	QIZ20437.1	91.623	191	16	0	1	191	1	191	2.73e-128	354
WP_271564622.1	QIZ20436.1	86.364	484	66	0	1	484	1	484	0.0	810
WP_271564623.1	QIZ20435.1	66.808	473	157	0	1	473	1	473	0.0	569
WP_271564624.1	QIZ20434.1	91.463	246	21	0	1	246	1	246	3.53e-169	462
WP_271564625.1	QIZ20430.1	96.172	418	16	0	1	418	1	418	0.0	818
WP_271564626.1	QIZ20429.1	99.000	100	1	0	1	100	1	100	2.54e-64	185
WP_271564627.1	QIZ20428.1	85.714	308	44	0	1	308	1	308	0.0	543
WP_271564628.1	QIZ20426.1	73.684	152	40	0	1	152	1	152	2.04e-73	212
WP_271564629.1	QIZ20425.1	92.814	167	12	0	1	167	1	167	6.09e-103	288
WP_271564630.1	QIZ20424.1	92.954	369	26	0	1	369	1	369	0.0	630
WP_271564631.1	QIZ20423.1	93.592	593	38	0	1	593	1	593	0.0	1048
WP_271564632.1	QIZ20422.1	95.122	451	22	0	1	451	1	451	0.0	845
WP_271564633.1	QIZ20420.1	89.683	252	15	1	1	241	1	252	1.84e-130	372
WP_271564634.1	QIZ20419.1	100.000	160	0	0	1	160	1	160	7.23e-115	325
WP_271564635.1	QIZ20268.1	100.000	92	0	0	1	92	41	132	2.17e-65	189
WP_271564636.1	QIZ20278.1	95.531	179	8	0	1	179	1	179	3.54e-122	338
WP_271564637.1	QIZ20283.1	94.366	213	12	0	1	213	1	213	1.30e-152	417
WP_271564638.1	QIZ20287.1	98.621	145	2	0	1	145	1	145	1.78e-102	285
WP_271564639.1	QIZ20289.1	93.204	206	14	0	1	206	1	206	1.37e-138	382
WP_271564640.1	QIZ20291.1	86.786	280	37	0	1	280	1	280	5.24e-172	472
WP_271564641.1	QIZ20292.1	95.941	271	11	0	1	271	1	271	0.0	498
WP_271564642.1	QIZ20293.1	93.519	432	28	0	1	432	1	432	0.0	787
WP_271564643.1	QIZ20294.1	96.732	153	5	0	1	153	1	153	4.71e-108	300
WP_271564644.1	QIZ20295.1	91.000	100	9	0	1	100	1	100	6.46e-59	172
WP_271564645.1	QIZ20296.1	97.335	863	23	0	1	863	1	863	0.0	1727
WP_271564646.1	QIZ20297.1	94.764	191	10	0	1	191	1	191	2.90e-122	339
WP_271564647.1	QIZ20742.1	25.369	406	278	10	28	423	25	415	8.06e-35	129
WP_271564648.1	QIZ20303.1	93.519	216	14	0	1	216	1	216	7.36e-150	411
WP_271564649.1	QIZ20304.1	92.027	301	24	0	1	301	1	301	0.0	562
WP_271564650.1	QIZ20306.1	91.925	161	13	0	1	161	1	161	3.19e-110	306
WP_271564651.1	QIZ20312.1	94.510	255	14	0	1	255	1	255	2.62e-172	471
WP_271564652.1	QIZ20313.1	89.840	187	19	0	1	187	1	187	4.76e-124	343
WP_271564653.1	QIZ20314.1	93.713	1002	63	0	1	1002	1	1002	0.0	1979
WP_271564654.1	QIZ20317.1	81.004	737	139	1	1	737	1	736	0.0	1241
WP_271564655.1	QIZ20318.1	93.174	293	20	0	1	293	1	293	0.0	570
WP_271564656.1	QIZ20320.1	87.861	173	21	0	1	173	1	173	2.45e-105	295
WP_271564657.1	QIZ20322.1	96.923	195	6	0	1	195	1	195	1.59e-135	373
WP_271564658.1	QIZ20323.1	91.213	239	21	0	1	239	1	239	9.77e-150	412
WP_271564659.1	QIZ20324.1	92.969	128	9	0	1	128	1	128	3.40e-81	230
WP_271564660.1	QIZ20325.1	94.262	244	14	0	1	244	1	244	3.40e-172	469
WP_271564661.1	QIZ20327.1	96.018	226	9	0	1	226	1	226	2.82e-150	413
WP_271564662.1	QIZ20328.1	95.441	329	15	0	1	329	1	329	0.0	644
WP_271564663.1	QIZ20329.1	89.671	213	22	0	1	213	1	213	1.03e-151	415
WP_271564664.1	QIZ20331.1	97.706	436	10	0	1	436	1	436	0.0	884
WP_271564666.1	QIZ20333.1	94.924	197	10	0	1	197	1	197	1.74e-135	373
WP_271564667.1	QIZ20334.1	97.814	366	8	0	1	366	1	366	0.0	707
WP_271564668.1	QIZ20337.1	90.909	319	29	0	1	319	1	319	0.0	549
WP_271564669.1	QIZ20338.1	98.573	701	10	0	1	701	1	701	0.0	1349
WP_271564670.1	QIZ20341.1	98.333	60	1	0	1	60	1	60	5.22e-41	123
WP_271564671.1	QIZ20342.1	93.114	334	22	1	1	333	1	334	0.0	629
WP_271564672.1	QIZ20347.1	92.560	336	25	0	1	336	1	336	0.0	578
WP_271564673.1	QIZ20348.1	90.498	442	42	0	1	442	1	442	0.0	813
WP_271564674.1	QIZ20351.1	92.647	340	25	0	1	340	1	340	0.0	634
WP_271564675.1	QIZ20352.1	90.541	74	7	0	1	74	1	74	3.79e-46	137
WP_271564676.1	QIZ20353.1	95.349	430	20	0	1	430	1	430	0.0	785
WP_271564677.1	QIZ20355.1	96.691	272	9	0	1	272	1	272	0.0	525
WP_271564678.1	QIZ20272.1	100.000	76	0	0	5	80	3	78	3.70e-51	150
WP_271564679.1	QIZ20753.1	96.629	623	21	0	1	623	15	637	0.0	1246
WP_271564680.1	QIZ20751.1	93.750	208	13	0	1	208	1	208	6.13e-148	405
WP_271564681.1	QIZ20748.1	95.918	294	12	0	1	294	1	294	0.0	601
WP_271564682.1	QIZ20747.1	88.227	688	81	0	1	688	1	688	0.0	1211
WP_271564683.1	QIZ20746.1	95.039	887	44	0	1	887	1	887	0.0	1750
WP_271564684.1	QIZ20745.1	88.809	277	31	0	1	277	1	277	0.0	502
WP_271564685.1	QIZ20742.1	93.318	434	29	0	1	434	1	434	0.0	845
WP_271564686.1	QIZ20740.1	93.027	631	44	0	1	631	1	631	0.0	1228
WP_271564687.1	QIZ20737.1	92.308	338	26	0	1	338	1	338	0.0	617
WP_271564688.1	QIZ20736.1	84.615	208	32	0	1	208	1	208	1.78e-137	379
WP_271564690.1	QIZ20735.1	56.154	260	110	2	1	260	1	256	3.17e-85	251
WP_271564692.1	QIZ20311.1	34.545	165	107	1	14	177	40	204	6.39e-26	96.7
WP_271564693.1	QIZ20181.1	29.858	211	136	3	15	213	13	223	1.20e-23	90.5
WP_271564694.1	QIZ20416.1	47.638	254	122	2	8	261	2	244	5.55e-81	239
WP_271564695.1	QIZ20734.1	90.556	180	17	0	1	180	1	180	1.85e-113	316
WP_271564697.1	QIZ20733.1	93.103	290	20	0	1	290	1	290	0.0	523
WP_271564698.1	QIZ20732.1	97.418	426	11	0	1	426	1	426	0.0	850
WP_271564699.1	QIZ20730.1	91.534	189	16	0	1	189	1	189	1.34e-127	352
WP_271564700.1	QIZ20728.1	97.403	308	8	0	1	308	1	308	0.0	608
WP_271564701.1	QIZ20727.1	98.148	432	8	0	1	432	1	432	0.0	832
WP_271564702.1	QIZ20725.1	94.038	889	53	0	1	889	1	889	0.0	1708
WP_271564703.1	QIZ20724.1	89.604	404	42	0	1	404	1	404	0.0	763
WP_271564704.1	QIZ20722.1	94.007	267	16	0	1	267	1	267	1.10e-173	475
WP_271564705.1	QIZ20721.1	94.702	302	16	0	1	302	1	302	0.0	585
WP_271564706.1	QIZ20718.1	88.276	145	17	0	1	145	1	145	2.97e-90	254
WP_271564707.1	QIZ20716.1	94.964	139	7	0	1	139	1	139	6.02e-101	281
WP_271564708.1	QIZ20715.1	88.327	257	30	0	1	257	1	257	1.37e-170	467
WP_271564709.1	QIZ20714.1	99.020	204	2	0	1	204	1	204	1.07e-141	389
WP_271564710.1	QIZ20710.1	98.333	240	4	0	1	240	1	240	4.82e-173	471
WP_271564711.1	QIZ20708.1	97.701	261	6	0	1	261	1	261	0.0	532
WP_271564712.1	QIZ20705.1	96.053	228	9	0	1	228	1	228	9.70e-165	449
WP_271564713.1	QIZ20704.1	94.006	317	19	0	1	317	1	317	0.0	587
WP_271564714.1	QIZ20702.1	94.565	368	20	0	1	368	1	368	0.0	705
WP_271564715.1	QIZ20699.1	96.618	414	14	0	1	414	1	414	0.0	818
WP_271564717.1	QIZ20698.1	96.173	392	15	0	1	392	1	392	0.0	759
WP_271564718.1	QIZ20695.1	95.484	155	7	0	1	155	1	155	3.61e-84	240
WP_271564719.1	QIZ20694.1	98.093	367	7	0	1	367	1	367	0.0	749
WP_271564721.1	QIZ20571.1	93.827	81	5	0	9	89	1	81	4.18e-55	161
WP_271564722.1	QIZ20570.1	95.620	137	6	0	1	137	1	137	2.51e-97	271
WP_271564723.1	QIZ20569.1	96.997	333	10	0	1	333	1	333	0.0	655
WP_271564724.1	QIZ20568.1	92.708	192	14	0	1	192	1	192	1.26e-131	363
WP_271564725.1	QIZ20566.1	89.103	156	17	0	1	156	1	156	1.33e-102	286
WP_271564726.1	QIZ20565.1	97.251	291	8	0	1	291	1	291	0.0	578
WP_271564727.1	QIZ20564.1	43.077	260	121	9	1	240	1	253	1.74e-52	166
WP_271564728.1	QIZ20309.1	33.679	386	224	11	13	384	17	384	4.39e-60	197
WP_271564730.1	QIZ20563.1	82.178	303	49	1	16	318	1	298	1.35e-180	497
WP_271564731.1	QIZ20562.1	92.276	492	38	0	1	492	1	492	0.0	952
WP_271564732.1	QIZ20557.1	95.000	320	16	0	1	320	1	320	0.0	624
WP_271564733.1	QIZ20556.1	95.702	349	15	0	1	349	1	349	0.0	674
WP_271564734.1	QIZ20555.1	94.411	501	28	0	1	501	1	501	0.0	965
WP_271564735.1	QIZ20554.1	71.642	201	57	0	1	201	1	201	1.44e-97	277
WP_271564736.1	QIZ20553.1	89.720	428	44	0	1	428	1	428	0.0	788
WP_271564737.1	QIZ20552.1	94.719	303	16	0	1	303	1	303	0.0	580
WP_271564738.1	QIZ20551.1	85.526	380	55	0	1	380	1	380	0.0	685
WP_271564739.1	QIZ20550.1	95.238	336	16	0	1	336	1	336	0.0	632
WP_271564740.1	QIZ20545.1	95.676	370	16	0	1	370	1	370	0.0	689
WP_271564742.1	QIZ20542.1	50.211	474	233	1	3	473	2	475	2.50e-156	449
WP_271564743.1	QIZ20541.1	87.138	311	40	0	1	311	1	311	0.0	553
WP_271564745.1	QIZ20539.1	96.021	377	15	0	1	377	1	377	0.0	716
WP_271564746.1	QIZ20537.1	65.127	433	151	0	1	433	1	433	0.0	526
WP_271564747.1	QIZ20536.1	88.235	153	18	0	1	153	1	153	2.44e-77	223
WP_271564749.1	QIZ20533.1	84.252	127	20	0	1	127	1	127	5.14e-79	224
WP_271564750.1	QIZ20532.1	87.113	194	25	0	1	194	1	194	4.87e-127	351
WP_271564751.1	QIZ20529.1	96.484	256	9	0	1	256	1	256	0.0	506
WP_271564752.1	QIZ20528.1	98.529	68	1	0	1	68	1	68	9.48e-44	131
WP_271564753.1	QIZ20527.1	96.496	371	13	0	1	371	1	371	0.0	731
WP_271564754.1	QIZ20526.1	97.442	391	10	0	1	391	1	391	0.0	784
WP_271564755.1	QIZ20525.1	97.291	406	11	0	1	406	1	406	0.0	783
WP_271564756.1	QIZ20524.1	92.248	387	30	0	1	387	1	387	0.0	684
WP_271564757.1	QIZ20522.1	89.844	256	26	0	1	256	1	256	3.64e-164	450
WP_271564758.1	QIZ20521.1	89.394	132	14	0	13	144	1	132	1.05e-88	250
WP_271564759.1	QIZ20520.1	93.182	264	18	0	1	264	1	264	0.0	516
WP_271564760.1	QIZ20518.1	99.031	619	6	0	1	619	1	619	0.0	1295
WP_271564761.1	QIZ20514.1	66.201	358	119	1	1	356	1	358	3.26e-162	454
WP_271564762.1	QIZ20513.1	94.845	388	20	0	1	388	1	388	0.0	774
WP_271564763.1	QIZ20510.1	90.553	434	41	0	1	434	1	434	0.0	816
WP_271564764.1	QIZ20508.1	95.935	861	35	0	1	861	1	861	0.0	1567
WP_271564766.1	QIZ20500.1	95.300	383	18	0	1	383	1	383	0.0	773
WP_271564767.1	QIZ20496.1	98.469	196	3	0	1	196	1	196	2.31e-135	372
WP_271564768.1	QIZ20495.1	95.669	531	23	0	1	531	1	531	0.0	1071
WP_271564769.1	QIZ20494.1	93.952	248	15	0	1	248	1	248	6.58e-172	469
WP_271564770.1	QIZ20493.1	47.009	117	62	0	1	117	16	132	6.63e-31	103
WP_271564771.1	QIZ20531.1	95.862	145	6	0	1	145	13	157	3.51e-98	275
WP_271564775.1	QIZ20910.1	91.667	108	9	0	13	120	13	120	4.01e-74	212
WP_271564790.1	QIZ20218.1	95.789	380	16	0	1	380	1	380	0.0	750
WP_271564791.1	QIZ20219.1	85.556	90	13	0	1	90	1	90	1.86e-55	162
WP_271564792.1	QIZ20220.1	96.074	484	19	0	1	484	1	484	0.0	939
WP_271564793.1	QIZ20221.1	98.915	645	7	0	1	645	1	645	0.0	1330
WP_271564795.1	QIZ20227.1	98.000	500	10	0	1	500	1	500	0.0	1011
WP_271564796.1	QIZ20229.1	94.203	207	12	0	1	207	1	207	3.62e-139	383
WP_271564797.1	QIZ20230.1	96.370	606	22	0	1	606	1	606	0.0	1206
WP_271564798.1	QIZ20231.1	98.693	459	6	0	1	459	1	459	0.0	947
WP_271564799.1	QIZ20233.1	92.936	453	32	0	1	453	1	453	0.0	858
WP_271564800.1	QIZ20234.1	95.685	533	23	0	1	533	1	533	0.0	1056
WP_271564801.1	QIZ20235.1	94.093	237	14	0	1	237	1	237	9.83e-163	445
WP_271564802.1	QIZ21224.1	82.785	395	68	0	1	395	1	395	0.0	699
WP_271564803.1	QIZ20237.1	96.364	110	4	0	1	110	1	110	1.52e-77	219
WP_271564804.1	QIZ20239.1	96.849	730	23	0	1	730	1	730	0.0	1458
WP_271564805.1	QIZ20240.1	96.035	227	9	0	1	227	1	227	2.78e-165	451
WP_271564806.1	QIZ20241.1	93.750	80	5	0	1	80	1	80	3.59e-51	150
WP_271564807.1	QIZ20246.1	94.378	249	14	0	1	249	1	249	2.78e-178	485
WP_271564808.1	QIZ20247.1	89.474	133	14	0	1	133	1	133	3.07e-86	243
WP_271564810.1	QIZ20248.1	93.822	259	16	0	1	259	1	259	5.50e-176	480
WP_271564811.1	QIZ20254.1	94.323	229	13	0	1	229	1	229	2.87e-157	431
WP_271564812.1	QIZ20255.1	95.783	166	7	0	1	166	1	166	6.12e-117	323
WP_271564813.1	QIZ20946.1	36.398	261	146	6	35	279	37	293	2.88e-40	139
WP_271564814.1	QIZ20661.1	31.250	240	151	4	1	227	6	244	2.54e-30	108
WP_271564816.1	QIZ21167.1	83.673	49	8	0	1	49	1	49	8.23e-26	92.8
WP_271564822.1	QIZ20805.1	36.930	417	217	9	193	592	2	389	5.04e-83	261
WP_271564823.1	QIZ21167.1	94.931	651	33	0	1	651	1	651	0.0	1269
WP_271564824.1	QIZ21168.1	98.378	185	3	0	1	185	1	185	9.01e-132	362
WP_271564825.1	QIZ21169.1	99.413	511	3	0	1	511	1	511	0.0	1027
WP_271564826.1	QIZ21170.1	99.656	291	1	0	1	291	1	291	0.0	588
WP_271564827.1	QIZ21171.1	99.364	472	3	0	1	472	1	472	0.0	949
WP_271564828.1	QIZ21172.1	96.923	130	4	0	1	130	1	130	1.18e-86	244
WP_271564829.1	QIZ21173.1	96.203	158	6	0	1	158	1	158	1.99e-112	311
WP_271564830.1	QIZ21174.1	98.417	379	6	0	1	379	1	379	0.0	749
WP_271564831.1	QIZ21175.1	96.552	116	4	0	1	116	1	116	5.39e-78	221
WP_271564832.1	QIZ21176.1	95.000	180	9	0	1	180	1	180	6.18e-123	340
WP_271564833.1	QIZ21177.1	93.269	416	28	0	1	416	1	416	0.0	773
WP_271564834.1	QIZ21183.1	97.980	198	4	0	1	198	1	198	1.44e-143	393
WP_271564835.1	QIZ21184.1	98.387	372	6	0	1	372	1	372	0.0	759
WP_271564836.1	QIZ21185.1	95.833	360	15	0	1	360	1	360	0.0	691
WP_271564837.1	QIZ21193.1	95.109	184	9	0	1	184	1	184	4.52e-125	345
WP_271564838.1	QIZ21196.1	92.602	392	29	0	1	392	1	392	0.0	751
WP_271564839.1	QIZ21199.1	95.469	309	14	0	1	309	1	309	0.0	592
WP_271564840.1	QIZ21202.1	97.796	363	8	0	1	363	1	363	0.0	696
WP_271564841.1	QIZ20418.1	96.063	381	15	0	1	381	1	381	0.0	731
WP_271564842.1	QIZ20417.1	95.775	426	18	0	1	426	1	426	0.0	825
WP_271564843.1	QIZ20416.1	97.951	244	5	0	1	244	1	244	2.76e-180	490
WP_271564854.1	QIZ20414.1	94.743	875	46	0	1	875	1	875	0.0	1708
WP_271564855.1	QIZ20413.1	98.951	572	6	0	1	572	1	572	0.0	1161
WP_271564856.1	QIZ20412.1	94.264	401	23	0	1	401	1	401	0.0	736
WP_271564857.1	QIZ20409.1	98.611	72	1	0	1	72	1	72	6.76e-46	137
WP_271564859.1	QIZ20404.1	97.289	332	9	0	1	332	1	332	0.0	653
WP_271564860.1	QIZ20403.1	95.349	258	12	0	1	258	1	258	0.0	511
WP_271564861.1	QIZ20401.1	94.879	371	19	0	1	371	1	371	0.0	689
WP_271564862.1	QIZ20400.1	94.801	577	30	0	1	577	1	577	0.0	1110
WP_271564863.1	QIZ20398.1	90.823	316	29	0	1	316	1	316	0.0	575
WP_271564864.1	QIZ20397.1	98.374	246	4	0	1	246	1	246	9.18e-177	481
WP_271564865.1	QIZ20392.1	93.317	419	28	0	1	419	1	419	0.0	810
WP_271564866.1	QIZ20390.1	93.424	517	34	0	1	517	1	517	0.0	971
WP_271564867.1	QIZ20389.1	95.254	295	14	0	1	295	1	295	0.0	556
WP_271564868.1	QIZ20388.1	95.939	197	8	0	1	197	1	197	7.02e-140	384
WP_271564869.1	QIZ20387.1	98.853	959	11	0	1	959	1	959	0.0	1941
WP_271564870.1	QIZ20385.1	97.291	849	23	0	1	849	1	849	0.0	1660
WP_271564871.1	QIZ20382.1	94.737	361	19	0	1	361	1	361	0.0	711
WP_271564877.1	QIZ21401.1	31.100	582	363	12	2	568	6	564	2.71e-87	278
WP_271564881.1	QIZ20837.1	28.401	588	401	6	2	574	3	585	1.51e-67	226
WP_271564882.1	QIZ20796.1	44.410	322	161	5	2	318	3	311	4.67e-89	265
WP_271564883.1	QIZ20795.1	54.094	342	149	3	2	341	4	339	1.11e-123	355
WP_271564890.1	QIZ20804.1	33.010	206	131	4	3	206	9	209	7.17e-23	94.0
WP_271564894.1	QIZ20858.1	31.805	349	213	11	7	349	29	358	1.05e-29	115
WP_271564896.1	QIZ20829.1	31.458	391	229	9	2	390	15	368	8.70e-38	136
WP_271564903.1	QIZ20790.1	89.503	362	38	0	1	362	1	362	0.0	655
WP_271564904.1	QIZ20789.1	98.039	102	2	0	1	102	1	102	6.32e-69	197
WP_271564905.1	QIZ20788.1	96.121	464	18	0	1	464	1	464	0.0	896
WP_271564906.1	QIZ20853.1	48.276	232	118	1	2	233	9	238	8.56e-74	220
WP_271564907.1	QIZ20817.1	50.714	280	134	3	5	282	2	279	2.87e-94	276
WP_271564909.1	QIZ20203.1	95.465	441	20	0	1	441	3	443	0.0	837
WP_271564910.1	QIZ20206.1	83.180	434	73	0	1	434	1	434	0.0	751
WP_271564911.1	QIZ20208.1	86.364	132	18	0	1	132	1	132	5.15e-77	220
WP_271564912.1	QIZ20210.1	88.973	526	58	0	11	536	11	536	0.0	928
WP_271564913.1	QIZ20211.1	76.289	97	23	0	1	97	1	97	3.96e-54	159
WP_271564915.1	QIZ20213.1	94.350	177	10	0	1	177	1	177	4.78e-111	310
WP_271564916.1	QIZ20214.1	96.259	294	11	0	1	294	1	294	0.0	562
WP_271564918.1	QIZ20215.1	97.931	145	3	0	1	145	1	145	2.12e-106	295
WP_271564922.1	QIZ20216.1	95.584	317	14	0	1	317	2	318	0.0	619
WP_271564924.1	QIZ20411.1	97.508	321	8	0	1	321	1	321	0.0	631
WP_271564928.1	QIZ20217.1	95.749	447	19	0	1	447	1	447	0.0	885
WP_271564930.1	QIZ20309.1	53.543	381	162	5	14	380	17	396	1.02e-122	358
WP_271564934.1	QIZ21356.1	33.333	501	300	11	508	986	231	719	3.80e-68	238
WP_271564935.1	QIZ20563.1	44.765	277	144	5	24	294	21	294	7.76e-68	210
WP_271564937.1	QIZ21307.1	26.692	266	187	6	9	269	9	271	2.43e-27	103
WP_271564941.1	QIZ20879.1	95.294	170	8	0	1	170	219	388	2.40e-108	310
WP_271564942.1	QIZ20878.1	94.822	309	16	0	1	309	1	309	0.0	598
WP_271564943.1	QIZ20876.1	88.618	246	28	0	1	246	1	246	1.64e-150	415
WP_271564944.1	QIZ20874.1	95.135	555	27	0	1	555	1	555	0.0	1036
WP_271564945.1	QIZ20871.1	93.836	730	43	1	1	728	4	733	0.0	1433
WP_271564946.1	QIZ20869.1	93.684	855	46	3	1	854	1	848	0.0	1619
WP_271564947.1	QIZ20868.1	91.686	433	36	0	1	433	1	433	0.0	805
WP_271564948.1	QIZ20865.1	96.030	403	16	0	1	403	1	403	0.0	783
WP_271564949.1	QIZ20863.1	98.039	357	7	0	1	357	1	357	0.0	709
WP_271564950.1	QIZ20862.1	92.857	280	20	0	1	280	1	280	0.0	513
WP_271564951.1	QIZ20861.1	93.103	145	9	1	1	145	1	144	1.55e-87	248
WP_271564952.1	QIZ20860.1	93.500	400	26	0	33	432	33	432	0.0	762
WP_271564955.1	QIZ20844.1	32.055	365	223	10	20	378	22	367	6.15e-41	144
WP_271564959.1	QIZ20766.1	98.077	156	3	0	22	177	1	156	3.95e-114	317
WP_271564960.1	QIZ20767.1	98.655	446	6	0	1	446	1	446	0.0	902
WP_271564961.1	QIZ20773.1	96.642	268	9	0	1	268	1	268	0.0	536
WP_271564962.1	QIZ20777.1	95.399	652	30	0	1	652	1	652	0.0	1291
WP_271564963.1	QIZ20778.1	97.015	335	10	0	1	335	1	335	0.0	667
WP_271564964.1	QIZ20779.1	90.051	392	39	0	1	392	1	392	0.0	706
WP_271564965.1	QIZ20780.1	90.476	336	32	0	1	336	1	336	0.0	637
WP_271564966.1	QIZ20781.1	93.720	207	13	0	1	207	1	207	8.66e-122	339
WP_271564967.1	QIZ20782.1	97.849	186	4	0	1	186	1	186	2.73e-137	377
WP_271564968.1	QIZ20783.1	97.154	246	7	0	1	246	1	246	3.64e-179	487
WP_271564969.1	QIZ20846.1	34.317	271	151	4	20	289	20	264	3.83e-36	129
WP_271564970.1	QIZ20831.1	53.571	112	51	1	9	120	2	112	6.10e-34	110
WP_271564971.1	QIZ20813.1	43.612	227	125	1	7	230	6	232	1.23e-64	196
WP_271564972.1	QIZ20814.1	43.952	248	115	6	19	258	1	232	6.45e-49	157
WP_271564974.1	QIZ20692.1	64.792	480	169	0	4	483	12	491	0.0	674
WP_271564975.1	QIZ20689.1	75.725	276	67	0	1	276	1	276	3.21e-155	429
WP_271564976.1	QIZ20687.1	60.127	158	63	0	1	158	1	158	1.57e-57	172
WP_271564977.1	QIZ20684.1	77.590	415	93	0	1	415	1	415	0.0	631
WP_271564978.1	QIZ20682.1	96.296	405	15	0	1	405	1	405	0.0	814
WP_271564979.1	QIZ20681.1	95.405	370	17	0	1	370	1	370	0.0	746
WP_271564980.1	QIZ20679.1	86.667	75	10	0	1	75	1	75	1.91e-45	135
WP_271564984.1	QIZ20676.1	93.789	161	10	0	1	161	1	161	1.12e-99	280
WP_271564985.1	QIZ20800.1	42.424	231	130	1	1	228	4	234	1.85e-54	170
WP_271564987.1	QIZ21431.1	87.192	203	26	0	1	203	1	203	8.33e-126	351
WP_271564988.1	QIZ21430.1	92.765	387	28	0	1	387	1	387	0.0	695
WP_271564989.1	QIZ21428.1	95.833	336	14	0	1	336	1	336	0.0	638
WP_271564991.1	QIZ21418.1	95.642	413	18	0	1	413	1	413	0.0	817
WP_271564992.1	QIZ21417.1	95.098	204	10	0	1	204	1	204	6.41e-124	344
WP_271564993.1	QIZ21415.1	92.857	84	6	0	1	84	1	84	1.19e-56	164
WP_271564995.1	QIZ20193.1	31.985	272	159	9	6	267	22	277	1.39e-29	109
WP_271564996.1	QIZ20610.1	91.124	169	15	0	1	169	1	169	3.15e-113	315
WP_271564997.1	QIZ20609.1	94.242	330	19	0	1	330	1	330	0.0	640
WP_271564998.1	QIZ20608.1	78.125	64	14	0	1	64	1	64	1.34e-24	87.8
WP_271565001.1	QIZ20492.1	28.516	256	171	6	12	266	2	246	3.91e-24	94.0
WP_271565004.1	QIZ20501.1	50.314	318	156	1	6	321	3	320	4.13e-104	303
WP_271565006.1	QIZ20606.1	80.000	480	96	0	1	480	1	480	0.0	818
WP_271565007.1	QIZ20511.1	23.694	536	352	15	64	569	49	557	2.41e-24	102
WP_271565010.1	QIZ20710.1	32.432	222	142	2	8	229	3	216	2.53e-31	111
WP_271565012.1	QIZ20636.1	93.227	251	17	0	1	251	480	730	5.34e-162	462
WP_271565013.1	QIZ20634.1	91.733	375	31	0	1	375	1	375	0.0	694
WP_271565014.1	QIZ20632.1	95.745	141	6	0	1	141	1	141	4.78e-99	276
WP_271565015.1	QIZ20631.1	92.083	480	38	0	1	480	1	480	0.0	928
WP_271565016.1	QIZ20629.1	60.396	404	159	1	1	403	12	415	7.66e-166	467
WP_271565017.1	QIZ20628.1	82.921	404	69	0	1	404	1	404	0.0	731
WP_271565018.1	QIZ20623.1	84.277	159	25	0	1	159	1	159	1.66e-89	253
WP_271565019.1	QIZ20622.1	87.458	295	37	0	1	295	1	295	1.02e-180	495
WP_271565020.1	QIZ20621.1	78.477	302	65	0	1	302	1	302	1.66e-172	475
WP_271565021.1	QIZ20620.1	97.030	101	3	0	1	101	96	196	1.32e-69	202
WP_271565022.1	QIZ20366.1	72.781	169	44	1	1	169	1	167	2.38e-83	239
WP_271565023.1	QIZ20367.1	95.128	390	19	0	1	390	1	390	0.0	670
WP_271565024.1	QIZ20368.1	87.647	170	21	0	1	170	1	170	1.28e-110	308
WP_271565025.1	QIZ20793.1	66.897	290	95	1	3	291	2	291	1.37e-137	386
WP_271565026.1	QIZ20380.1	97.549	204	5	0	1	204	1	204	8.66e-145	397
WP_271565027.1	QIZ20379.1	95.754	683	29	0	1	683	1	683	0.0	1288
WP_271565028.1	QIZ20376.1	91.509	318	27	0	16	333	16	333	0.0	590
WP_271565029.1	QIZ20375.1	88.889	252	28	0	1	252	1	252	4.58e-149	412
WP_271565030.1	QIZ20373.1	92.308	117	9	0	1	117	1	117	3.08e-76	220
WP_271565031.1	QIZ21408.1	84.848	495	74	1	1	495	161	654	0.0	878
WP_271565032.1	QIZ21409.1	94.370	373	21	0	1	373	1	373	0.0	655
WP_271565033.1	QIZ21410.1	95.874	412	17	0	1	412	1	412	0.0	822
WP_271565034.1	QIZ21412.1	95.886	316	13	0	1	316	1	316	0.0	625
WP_271565035.1	QIZ21413.1	93.266	297	20	0	1	297	1	297	0.0	570
WP_271565036.1	QIZ21414.1	99.187	123	1	0	1	123	1	123	8.64e-91	254
WP_271565037.1	QIZ20565.1	27.875	287	187	9	6	281	11	288	1.24e-24	95.9
WP_271565047.1	QIZ21273.1	96.907	485	15	0	1	485	1	485	0.0	970
WP_271565048.1	QIZ21279.1	94.049	857	51	0	1	857	1	857	0.0	1614
WP_271565049.1	QIZ20197.1	90.559	286	27	0	6	291	4	289	0.0	541
WP_271565050.1	QIZ20196.1	93.970	199	12	0	1	199	1	199	3.07e-143	393
WP_271565051.1	QIZ20192.1	95.808	167	7	0	1	167	1	167	4.25e-119	329
WP_271565052.1	QIZ20190.1	95.000	360	18	0	1	360	1	360	0.0	705
WP_271565053.1	QIZ20189.1	98.200	500	9	0	1	500	1	500	0.0	975
WP_271565054.1	QIZ20188.1	99.359	156	1	0	1	156	1	156	2.05e-110	306
WP_271565055.1	QIZ20187.1	98.344	302	5	0	1	302	25	326	0.0	607
WP_271565056.1	QIZ20640.1	90.909	132	12	0	1	132	15	146	1.98e-87	246
WP_271565057.1	QIZ20642.1	97.297	444	12	0	1	444	1	444	0.0	905
WP_271565058.1	QIZ20646.1	95.960	594	24	0	1	594	1	594	0.0	1182
WP_271565059.1	QIZ20647.1	96.403	139	5	0	1	139	86	224	1.12e-79	230
WP_271565064.1	QIZ20359.1	62.579	318	106	2	1	318	1	305	2.64e-154	430
WP_271565066.1	QIZ20357.1	87.586	145	18	0	1	145	1	145	2.76e-95	267
WP_271565067.1	QIZ20638.1	98.729	236	3	0	1	236	22	257	1.41e-173	473
WP_271565069.1	QIZ20258.1	98.210	1341	24	0	1	1341	49	1389	0.0	2717
WP_271565070.1	QIZ21292.1	97.386	153	4	0	1	153	1	153	1.27e-111	309
WP_271565071.1	QIZ21295.1	91.120	259	23	0	1	259	1	259	2.19e-174	476
WP_271565072.1	QIZ21296.1	100.000	89	0	0	1	89	269	357	2.78e-63	191
WP_271565074.1	QIZ20675.1	85.294	68	10	0	1	68	1	68	2.53e-39	120
WP_271565075.1	QIZ20674.1	95.420	393	18	0	1	393	1	393	0.0	775
WP_271565076.1	QIZ20673.1	79.446	433	89	0	1	433	1	433	0.0	694
WP_271565077.1	QIZ20672.1	97.203	286	8	0	1	286	1	286	0.0	554
WP_271565081.1	QIZ21109.1	29.769	346	206	13	13	329	1	338	1.70e-28	108
WP_271565082.1	QIZ20605.1	97.698	391	9	0	1	391	1	391	0.0	798
WP_271565083.1	QIZ20604.1	97.744	133	3	0	1	133	199	331	5.30e-94	270
WP_271565084.1	QIZ21210.1	89.554	718	68	1	1	711	323	1040	0.0	1253
WP_271565086.1	QIZ21087.1	41.549	284	159	3	1	283	1	278	1.39e-66	205
WP_271565087.1	QIZ21077.1	90.741	216	20	0	1	216	162	377	2.61e-137	385
WP_271565088.1	QIZ21220.1	96.535	404	14	0	1	404	288	691	0.0	808
WP_271565089.1	QIZ21219.1	93.069	101	7	0	1	101	1	101	3.93e-67	192
WP_271565090.1	QIZ21217.1	95.294	85	4	0	1	85	94	178	7.44e-59	173
WP_271565091.1	QIZ20614.1	96.296	189	7	0	1	189	1	189	2.05e-130	359
WP_271565092.1	QIZ20613.1	91.694	301	25	0	1	301	1	301	0.0	580
WP_271565093.1	QIZ20612.1	92.391	92	7	0	1	92	55	146	2.63e-59	174
WP_271565094.1	QIZ20616.1	96.941	523	16	0	2	524	59	581	0.0	1071
WP_271565095.1	QIZ20583.1	87.719	114	14	0	1	114	1	114	5.67e-73	208
WP_271565096.1	QIZ20579.1	94.545	110	6	0	1	110	1	110	2.69e-70	201
WP_271565098.1	QIZ20574.1	94.262	122	7	0	1	122	1	122	5.49e-76	216
WP_271565101.1	QIZ20595.1	34.615	182	94	3	7	181	4	167	6.15e-26	97.8
WP_271565102.1	QIZ21230.1	87.209	86	11	0	1	86	1	86	1.21e-49	154
WP_271565103.1	QIZ21228.1	98.372	430	7	0	1	430	41	470	0.0	870
WP_271565104.1	QIZ21206.1	91.398	93	8	0	1	93	1	93	8.88e-55	165
WP_271565105.1	QIZ20369.1	56.593	182	79	0	1	182	1	182	8.67e-67	201
WP_271565106.1	QIZ20370.1	86.508	252	34	0	1	252	1	252	1.51e-153	423
WP_271565107.1	QIZ20371.1	91.968	498	40	0	1	498	16	513	0.0	949
WP_271565108.1	QIZ21445.1	93.373	166	11	0	1	166	49	214	7.28e-114	318
WP_271565109.1	QIZ21444.1	93.514	740	48	0	1	740	1	740	0.0	1425
WP_271565110.1	QIZ21283.1	92.167	383	26	1	1	379	1	383	0.0	694
WP_271565111.1	QIZ21260.1	96.124	258	10	0	1	258	1	258	0.0	498
WP_271565112.1	QIZ21405.1	98.261	345	6	0	1	345	1	345	0.0	683
WP_271565113.1	QIZ21404.1	95.072	487	24	0	1	487	34	520	0.0	961
WP_271565114.1	QIZ21267.1	83.688	141	23	0	1	141	1	141	2.77e-84	239
WP_271565115.1	QIZ21265.1	78.802	434	92	0	1	434	25	458	0.0	718
