WP_006997791.1	QIZ21276.1	100.000	75	0	0	1	75	1	75	1.79e-46	138
WP_075520364.1	QIZ20580.1	68.493	73	23	0	1	73	1	73	5.57e-34	107
WP_075520961.1	QIZ20714.1	83.824	204	32	1	1	203	1	204	2.64e-119	332
WP_075520970.1	QIZ20698.1	66.580	386	129	0	7	392	7	392	0.0	512
WP_075520971.1	QIZ20697.1	61.878	181	69	0	1	181	1	181	5.19e-79	229
WP_075520982.1	QIZ20609.1	71.818	330	93	0	1	330	1	330	2.82e-179	494
WP_075520983.1	QIZ20616.1	84.109	516	80	1	1	514	66	581	0.0	905
WP_075520988.1	QIZ20685.1	53.266	199	90	3	1	197	1	198	2.65e-68	203
WP_075521027.1	QIZ20615.1	64.815	108	38	0	1	108	1	108	1.12e-52	157
WP_075521031.1	QIZ21004.1	92.754	138	10	0	1	138	1	138	1.49e-94	265
WP_075521083.1	QIZ20784.1	87.838	74	9	0	1	74	1	74	1.53e-48	144
WP_075521090.1	QIZ20786.1	92.188	64	5	0	1	64	1	64	3.07e-37	114
WP_075521098.1	QIZ21523.1	86.102	295	41	0	1	295	1	295	0.0	538
WP_075521106.1	QIZ21514.1	85.141	249	37	0	1	249	1	249	8.23e-161	441
WP_075521111.1	QIZ21510.1	42.361	144	74	1	3	146	7	141	7.69e-37	119
WP_075521123.1	QIZ21503.1	79.006	181	38	0	1	181	1	181	9.58e-107	299
WP_075521124.1	QIZ21502.1	56.650	203	87	1	1	202	1	203	1.30e-81	237
WP_075521127.1	QIZ21499.1	74.847	163	39	1	2	164	3	163	6.48e-86	245
WP_075521130.1	QIZ21497.1	65.772	149	51	0	1	149	2	150	2.98e-73	212
WP_075521141.1	QIZ21131.1	29.412	272	173	7	10	266	14	281	3.00e-37	129
WP_075521149.1	QIZ21479.1	88.006	717	86	0	1	717	1	717	0.0	1271
WP_075521150.1	QIZ21478.1	89.766	342	34	1	1	341	1	342	0.0	631
WP_075521152.1	QIZ21476.1	75.200	125	30	1	1	125	1	124	7.53e-69	199
WP_075521153.1	QIZ21474.1	91.429	315	26	1	1	315	1	314	0.0	596
WP_075521156.1	QIZ21471.1	82.955	440	75	0	2	441	3	442	0.0	776
WP_075521158.1	QIZ21469.1	89.490	314	32	1	1	313	1	314	0.0	587
WP_075521159.1	QIZ21468.1	89.085	284	31	0	1	284	1	284	0.0	520
WP_075521160.1	QIZ21467.1	91.648	455	36	1	9	463	22	474	0.0	872
WP_075521162.1	QIZ21465.1	87.124	466	60	0	1	466	1	466	0.0	832
WP_075521163.1	QIZ21464.1	61.644	73	27	1	1	72	1	73	6.65e-31	99.4
WP_075521166.1	QIZ21461.1	75.701	428	104	0	11	438	14	441	0.0	603
WP_075521188.1	QIZ20203.1	91.196	443	39	0	1	443	1	443	0.0	812
WP_075521190.1	QIZ20201.1	89.881	336	34	0	1	336	1	336	0.0	638
WP_075521200.1	QIZ20627.1	79.085	153	32	0	1	153	1	153	3.18e-88	250
WP_075521202.1	QIZ20625.1	82.243	107	19	0	5	111	4	110	3.67e-66	191
WP_075521204.1	QIZ20624.1	87.821	468	57	0	1	468	1	468	0.0	879
WP_075521208.1	QIZ21490.1	68.198	283	90	0	1	283	1	283	8.04e-143	399
WP_075521214.1	QIZ20586.1	72.775	191	52	0	3	193	2	192	5.47e-102	288
WP_075521227.1	QIZ21342.1	77.778	108	24	0	1	108	2	109	1.31e-58	171
WP_075521230.1	QIZ21340.1	46.809	141	70	4	8	144	23	162	6.70e-38	122
WP_075521232.1	QIZ21337.1	75.758	99	24	0	1	99	1	99	3.17e-49	147
WP_075521240.1	QIZ21320.1	83.086	337	57	0	1	337	1	337	0.0	591
WP_075521260.1	QIZ21403.1	84.071	339	53	1	1	339	1	338	0.0	600
WP_075521288.1	QIZ20572.1	60.630	127	50	0	1	127	1	127	4.12e-59	174
WP_075521305.1	QIZ21534.1	36.036	111	70	1	17	127	13	122	4.66e-23	82.8
WP_075521306.1	QIZ21540.1	50.694	144	67	1	6	149	8	147	9.83e-51	154
WP_075521308.1	QIZ20215.1	78.231	147	30	1	1	147	1	145	1.06e-86	245
WP_075521313.1	QIZ20542.1	48.637	477	235	3	3	471	2	476	1.13e-146	424
WP_075521315.1	QIZ20538.1	90.110	91	9	0	1	91	1	91	2.18e-58	169
WP_075521318.1	QIZ20533.1	70.079	127	38	0	1	127	1	127	8.87e-68	196
WP_075521321.1	QIZ20528.1	83.636	55	9	0	1	55	13	67	1.56e-28	92.4
WP_075521324.1	QIZ20523.1	71.892	185	52	0	1	185	1	185	4.67e-87	249
WP_075521330.1	QIZ20517.1	68.103	116	37	0	1	116	1	116	3.66e-60	176
WP_075521334.1	QIZ20512.1	88.043	92	11	0	4	95	3	94	5.84e-57	166
WP_075521337.1	QIZ21123.1	29.111	371	253	6	17	378	18	387	2.98e-47	161
WP_075521343.1	QIZ20203.1	37.143	420	255	5	13	423	17	436	6.70e-80	249
WP_075521367.1	QIZ21455.1	80.986	142	27	0	1	142	1	142	4.45e-86	244
WP_075521374.1	QIZ21447.1	94.044	319	19	0	1	319	1	319	0.0	627
WP_075521415.1	QIZ21370.1	48.810	84	42	1	1	84	1	83	5.36e-24	83.6
WP_075521434.1	QIZ20402.1	82.857	105	18	0	1	105	1	105	8.01e-61	177
WP_075521437.1	QIZ20399.1	53.488	86	40	0	1	86	1	86	1.06e-25	87.0
WP_075521440.1	QIZ20396.1	81.193	218	41	0	7	224	13	230	8.37e-136	377
WP_075521441.1	QIZ20395.1	77.778	72	10	2	1	70	1	68	3.38e-33	104
WP_075521445.1	QIZ20391.1	84.043	94	15	0	1	94	1	94	3.70e-56	164
WP_075521452.1	QIZ20384.1	79.141	163	34	0	1	163	1	163	1.86e-93	264
WP_075521470.1	QIZ20356.1	75.824	91	22	0	1	91	4	94	1.06e-47	142
WP_075521487.1	QIZ21153.1	43.182	264	141	2	1	263	1	256	6.45e-79	235
WP_075521492.1	QIZ20345.1	95.238	63	3	0	1	63	1	63	3.86e-39	119
WP_075521496.1	QIZ20341.1	75.000	60	14	1	1	59	1	60	4.99e-29	93.6
WP_075521502.1	QIZ20335.1	72.093	129	35	1	1	129	1	128	1.12e-62	183
WP_075521506.1	QIZ20332.1	90.789	152	14	0	1	152	1	152	7.55e-103	287
WP_075521509.1	QIZ20329.1	71.642	201	57	0	7	207	13	213	3.99e-113	317
WP_075521516.1	QIZ20321.1	74.701	585	144	1	1	581	1	585	0.0	917
WP_075521519.1	QIZ20318.1	72.014	293	82	0	1	293	1	293	5.14e-160	443
WP_075521521.1	QIZ20316.1	92.566	417	31	0	1	417	1	417	0.0	812
WP_075521522.1	QIZ20315.1	84.615	91	14	0	1	91	1	91	1.06e-60	175
WP_075521529.1	QIZ20300.1	73.684	95	25	0	1	95	1	95	6.49e-47	141
WP_075521543.1	QIZ20286.1	89.474	342	36	0	1	342	1	342	0.0	626
WP_075521547.1	QIZ20282.1	87.324	426	54	0	1	426	1	426	0.0	764
WP_075521549.1	QIZ20280.1	85.455	165	24	0	2	166	6	170	3.92e-102	286
WP_075521551.1	QIZ20278.1	77.654	179	40	0	1	179	1	179	9.82e-100	281
WP_075521555.1	QIZ20273.1	93.443	122	8	0	1	122	1	122	7.70e-82	231
WP_075521556.1	QIZ20272.1	77.027	74	17	0	1	74	1	74	3.17e-31	100
WP_075521557.1	QIZ20271.1	65.000	60	21	0	1	60	1	60	1.17e-24	82.4
WP_075521559.1	QIZ20269.1	88.991	218	24	0	1	218	1	218	1.15e-147	406
WP_075521561.1	QIZ20267.1	83.908	87	14	0	1	87	1	87	1.45e-52	155
WP_075521562.1	QIZ20266.1	79.783	277	55	1	1	276	1	277	1.29e-159	441
WP_075521563.1	QIZ20265.1	80.412	97	19	0	1	97	1	97	5.70e-53	156
WP_075521566.1	QIZ20262.1	93.137	102	7	0	1	102	1	102	2.67e-67	193
WP_075521568.1	QIZ20260.1	77.564	156	35	0	1	156	1	156	3.44e-92	260
WP_075521569.1	QIZ20259.1	95.122	123	6	0	1	123	1	123	2.05e-83	235
WP_075521572.1	QIZ20256.1	82.114	123	20	1	1	123	1	121	2.43e-56	167
WP_075521585.1	QIZ21443.1	86.620	284	38	0	1	284	1	284	2.32e-171	471
WP_075521586.1	QIZ21442.1	70.743	417	119	2	4	420	2	415	0.0	619
WP_075521588.1	QIZ21440.1	82.597	362	62	1	1	361	1	362	0.0	626
WP_075521589.1	QIZ20473.1	90.173	173	17	0	1	173	1	173	2.45e-123	340
WP_075521598.1	QIZ20464.1	87.379	103	13	0	1	103	1	103	1.89e-50	150
WP_075521605.1	QIZ20457.1	62.963	81	30	0	1	81	1	81	1.15e-27	91.7
WP_075521618.1	QIZ20446.1	83.448	145	24	0	5	149	2	146	4.34e-90	254
WP_075521647.1	QIZ21297.1	82.162	185	33	0	1	185	1	185	1.45e-111	311
WP_075521649.1	QIZ21295.1	73.359	259	68	1	1	258	1	259	2.65e-140	390
WP_075521651.1	QIZ21293.1	82.036	167	30	0	7	173	3	169	4.36e-99	279
WP_075521658.1	QIZ21285.1	69.355	186	57	0	1	186	1	186	1.12e-91	261
WP_075521665.1	QIZ21278.1	69.231	91	28	0	1	91	1	91	1.76e-40	124
WP_075521688.1	QIZ21251.1	84.328	134	21	0	1	134	1	134	4.00e-86	243
WP_075521694.1	QIZ21245.1	73.333	60	16	0	1	60	1	60	2.51e-29	94.4
WP_075521696.1	QIZ21243.1	47.849	186	97	0	1	186	1	186	4.87e-55	169
WP_075521698.1	QIZ21240.1	50.602	166	81	1	1	165	1	166	1.46e-50	155
WP_075521702.1	QIZ21236.1	94.681	94	5	0	1	94	1	94	1.00e-61	178
WP_075521710.1	QIZ21226.1	65.487	113	39	0	1	113	1	113	1.51e-52	157
WP_075521711.1	QIZ21526.1	50.633	79	39	0	17	95	17	95	2.73e-25	86.7
WP_075521758.1	QIZ20987.1	73.134	67	17	1	1	66	1	67	4.21e-21	73.9
WP_075521760.1	QIZ20985.1	86.702	188	24	1	1	188	1	187	6.17e-123	340
WP_075521765.1	QIZ20979.1	84.259	108	17	0	1	108	1	108	6.27e-66	190
WP_075521780.1	QIZ20963.1	91.176	68	6	0	1	68	1	68	1.57e-40	123
WP_075521781.1	QIZ20962.1	90.678	118	11	0	1	118	1	118	1.03e-77	220
WP_075521789.1	QIZ20949.1	88.889	324	36	0	1	324	1	324	0.0	625
WP_075521790.1	QIZ20948.1	77.714	175	39	0	1	175	1	175	5.73e-104	291
WP_075521793.1	QIZ20945.1	55.357	168	75	0	1	168	1	168	2.45e-60	181
WP_075521799.1	QIZ20940.1	74.684	158	40	0	1	158	1	158	1.07e-90	256
WP_075521807.1	QIZ20931.1	66.667	114	37	1	1	113	1	114	9.65e-46	139
WP_075521815.1	QIZ20923.1	75.714	70	17	0	1	70	1	70	5.01e-38	117
WP_075521867.1	QIZ20251.1	82.540	63	11	0	1	63	1	63	2.30e-34	107
WP_075521878.1	QIZ20242.1	72.308	260	72	0	1	260	1	260	3.76e-144	400
WP_075521888.1	QIZ20232.1	82.041	245	44	0	1	245	1	245	9.73e-153	421
WP_075521931.1	QIZ20182.1	84.821	224	34	0	1	224	1	224	5.34e-142	392
WP_075521958.1	QIZ20409.1	86.111	72	10	0	1	72	1	72	2.35e-40	122
WP_075521959.1	QIZ21305.1	34.222	225	138	4	3	225	6	222	7.02e-34	117
WP_082256614.1	QIZ20741.1	72.727	110	30	0	1	110	1	110	2.78e-54	160
WP_082256615.1	QIZ21339.1	69.355	62	19	0	3	64	4	65	1.04e-22	84.3
WP_082256618.1	QIZ20268.1	68.657	134	40	2	1	134	1	132	3.14e-62	182
WP_085068308.1	QIZ20407.1	74.274	241	62	0	5	245	8	248	2.79e-133	372
WP_085068311.1	QIZ20406.1	79.026	267	56	0	1	267	1	267	1.61e-152	422
WP_085068313.1	QIZ20416.1	38.189	254	139	7	1	249	1	241	2.38e-50	161
WP_085068326.1	QIZ20412.1	82.500	400	70	0	1	400	1	400	0.0	648
WP_085068329.1	QIZ20413.1	87.238	572	73	0	1	572	1	572	0.0	1041
WP_085068331.1	QIZ20414.1	73.257	875	234	0	1	875	1	875	0.0	1371
WP_085068334.1	QIZ20415.1	85.366	123	18	0	1	123	1	123	3.62e-74	212
WP_085068336.1	QIZ20416.1	88.115	244	29	0	1	244	1	244	1.33e-164	450
WP_085068338.1	QIZ20417.1	59.548	487	129	5	1	480	1	426	0.0	556
WP_085068340.1	QIZ20419.1	92.775	346	25	0	1	346	1	346	0.0	670
WP_085068342.1	QIZ20420.1	58.209	469	196	0	1	469	1	469	4.71e-157	449
WP_085068344.1	QIZ20421.1	76.026	463	105	1	1	457	1	463	0.0	666
WP_085068346.1	QIZ20422.1	72.124	452	124	2	1	451	1	451	0.0	647
WP_085068348.1	QIZ20423.1	59.391	591	235	3	1	587	1	590	0.0	647
WP_085068350.1	QIZ20424.1	49.596	371	176	3	1	364	1	367	5.30e-104	306
WP_085068352.1	QIZ20425.1	67.470	166	54	0	1	166	1	166	2.89e-78	226
WP_085068356.1	QIZ20427.1	77.931	145	32	0	1	145	1	145	3.73e-82	234
WP_085068358.1	QIZ20428.1	84.106	302	48	0	5	306	3	304	0.0	518
WP_085068360.1	QIZ20429.1	65.625	96	33	0	1	96	1	96	4.69e-37	116
WP_085068362.1	QIZ20430.1	78.897	417	88	0	1	417	1	417	0.0	656
WP_085068364.1	QIZ20431.1	82.117	274	49	0	1	274	1	274	4.48e-169	464
WP_085068366.1	QIZ20432.1	77.840	537	119	0	1	537	1	537	0.0	881
WP_085068368.1	QIZ20433.1	74.000	100	26	0	1	100	1	100	8.78e-54	159
WP_085068370.1	QIZ20435.1	37.815	476	290	4	1	473	1	473	7.51e-90	278
WP_085068372.1	QIZ20436.1	72.727	484	131	1	1	484	1	483	0.0	675
WP_085068374.1	QIZ20437.1	76.344	186	44	0	1	186	1	186	2.35e-103	291
WP_085068376.1	QIZ20438.1	74.242	330	85	0	1	330	1	330	0.0	502
WP_085068378.1	QIZ20439.1	68.061	263	84	0	1	263	1	263	1.36e-124	351
WP_085068380.1	QIZ20440.1	87.168	226	28	1	1	226	1	225	3.79e-145	400
WP_085068382.1	QIZ20441.1	72.668	461	126	0	1	461	1	461	0.0	702
WP_085068384.1	QIZ20442.1	56.117	376	165	0	1	376	1	376	2.09e-148	420
WP_085068386.1	QIZ20443.1	54.753	263	117	1	1	263	1	261	9.99e-83	244
WP_085068388.1	QIZ20444.1	56.420	257	112	0	1	257	1	257	3.63e-105	301
WP_085068390.1	QIZ20445.1	57.716	324	135	2	4	325	3	326	1.95e-119	343
WP_085068396.1	QIZ20449.1	46.341	164	84	2	47	207	52	214	1.76e-41	136
WP_085068398.1	QIZ20450.1	61.086	221	86	0	5	225	5	225	2.68e-85	248
WP_085068400.1	QIZ20451.1	77.596	183	41	0	1	183	1	183	1.03e-103	291
WP_085068402.1	QIZ20452.1	71.025	283	82	0	1	283	1	283	3.62e-149	415
WP_085068406.1	QIZ20453.1	67.671	1129	364	1	1	1128	1	1129	0.0	1603
WP_085068408.1	QIZ20454.1	65.198	227	79	0	1	227	1	227	2.80e-106	301
WP_085068410.1	QIZ20455.1	64.649	413	139	3	1	409	1	410	8.66e-180	503
WP_085068412.1	QIZ20456.1	78.947	437	90	2	1	436	1	436	0.0	724
WP_085068414.1	QIZ20458.1	77.899	552	121	1	1	552	1	551	0.0	930
WP_085068416.1	QIZ20459.1	57.255	255	95	4	1	248	1	248	4.25e-79	234
WP_085068418.1	QIZ20460.1	54.110	146	65	2	1	144	1	146	1.42e-40	131
WP_085068420.1	QIZ20461.1	73.036	471	127	0	1	471	1	471	0.0	651
WP_085068422.1	QIZ20462.1	77.419	496	110	1	1	496	1	494	0.0	781
WP_085068425.1	QIZ20463.1	75.314	636	157	0	1	636	1	636	0.0	993
WP_085068427.1	QIZ20465.1	76.077	209	50	0	1	209	1	209	3.91e-119	333
WP_085068429.1	QIZ20466.1	85.093	161	24	0	1	161	1	161	4.82e-106	295
WP_085068431.1	QIZ20467.1	87.613	331	41	0	3	333	2	332	0.0	584
WP_085068433.1	QIZ20468.1	68.235	680	211	2	1	676	1	679	0.0	994
WP_085068434.1	QIZ20469.1	81.038	443	84	0	1	443	1	443	0.0	774
WP_085068436.1	QIZ20470.1	70.792	202	59	0	1	202	1	202	6.58e-109	306
WP_085068438.1	QIZ20471.1	90.281	391	38	0	1	391	1	391	0.0	749
WP_085068440.1	QIZ20472.1	71.134	194	56	0	1	194	1	194	2.22e-104	295
WP_085068443.1	QIZ20474.1	86.066	122	17	0	1	122	1	122	6.86e-74	211
WP_085068445.1	QIZ20475.1	84.906	795	118	1	1	795	2	794	0.0	1358
WP_085068449.1	QIZ20477.1	86.139	202	28	0	1	202	1	202	1.83e-135	373
WP_085068451.1	QIZ20478.1	63.934	488	164	3	1	478	1	486	0.0	583
WP_085068453.1	QIZ20479.1	68.293	82	26	0	1	82	1	82	2.30e-42	128
WP_085068455.1	QIZ20480.1	64.242	165	59	0	19	183	19	183	1.80e-75	220
WP_085068457.1	QIZ20481.1	62.212	217	82	0	1	217	1	217	1.08e-97	280
WP_085068459.1	QIZ20482.1	61.905	126	48	0	1	126	1	126	7.19e-54	162
WP_085068463.1	QIZ20487.1	74.260	439	113	0	4	442	2	440	0.0	641
WP_085068465.1	QIZ20488.1	56.796	206	75	2	8	200	15	219	4.80e-70	208
WP_085068467.1	QIZ20489.1	57.143	364	155	1	1	364	1	363	3.77e-153	431
WP_085068469.1	QIZ20495.1	68.284	536	165	1	1	536	1	531	0.0	803
WP_085068471.1	QIZ20496.1	81.959	194	32	2	1	193	5	196	4.91e-99	280
WP_085068473.1	QIZ20497.1	83.333	252	42	0	1	252	1	252	9.75e-149	411
WP_085068475.1	QIZ20498.1	67.200	250	77	2	13	261	18	263	3.49e-110	314
WP_085068479.1	QIZ20500.1	82.245	383	68	0	1	383	1	383	0.0	675
WP_085068481.1	QIZ20730.1	64.171	187	65	1	1	187	1	185	1.20e-85	246
WP_085068491.1	QIZ20226.1	30.282	284	188	4	10	289	11	288	9.08e-44	147
WP_085068498.1	QIZ21339.1	75.862	58	14	0	4	61	5	62	4.50e-23	85.1
WP_085068500.1	QIZ20510.1	67.972	434	139	0	1	434	1	434	0.0	612
WP_085068502.1	QIZ20511.1	91.892	592	48	0	1	592	1	592	0.0	1140
WP_085068505.1	QIZ20513.1	88.918	388	43	0	1	388	1	388	0.0	721
WP_085068507.1	QIZ20514.1	65.439	353	121	1	1	353	1	352	1.87e-159	447
WP_085068509.1	QIZ20516.1	72.571	350	96	0	1	350	1	350	1.11e-165	463
WP_085068511.1	QIZ20518.1	87.561	619	77	0	1	619	1	619	0.0	1135
WP_085068514.1	QIZ20519.1	85.897	156	22	0	1	156	1	156	6.07e-105	292
WP_085068516.1	QIZ20520.1	70.455	264	78	0	1	264	1	264	6.48e-144	400
WP_085068518.1	QIZ20521.1	66.412	131	44	0	1	131	1	131	1.38e-62	183
WP_085068520.1	QIZ20522.1	56.693	254	109	1	1	253	1	254	2.16e-92	269
WP_085068522.1	QIZ20524.1	64.031	392	130	4	14	404	6	387	2.71e-162	457
WP_085068524.1	QIZ20525.1	77.171	403	92	0	3	405	2	404	0.0	598
WP_085068526.1	QIZ20526.1	80.051	391	78	0	1	391	1	391	0.0	660
WP_085068528.1	QIZ20527.1	73.713	369	95	2	4	371	3	370	0.0	573
WP_085068530.1	QIZ20529.1	62.348	247	90	2	7	252	7	251	2.06e-109	312
WP_085068532.1	QIZ20531.1	62.420	157	59	0	1	157	1	157	4.83e-71	207
WP_085068534.1	QIZ20536.1	63.194	144	52	1	7	149	8	151	6.41e-47	145
WP_085068536.1	QIZ20537.1	63.510	433	157	1	1	432	1	433	0.0	514
WP_085068538.1	QIZ20539.1	76.152	369	88	0	1	369	1	369	0.0	585
WP_085068542.1	QIZ20310.1	65.476	84	27	1	1	82	1	84	8.71e-38	117
WP_085068546.1	QIZ20218.1	80.319	376	74	0	4	379	5	380	0.0	644
WP_085068548.1	QIZ20540.1	81.569	255	47	0	1	255	1	255	1.01e-153	424
WP_085068552.1	QIZ21539.1	56.024	166	73	0	9	174	14	179	1.49e-51	159
WP_085068554.1	QIZ20545.1	83.243	370	62	0	1	370	1	370	0.0	602
WP_085068556.1	QIZ20546.1	80.804	448	85	1	1	447	1	448	0.0	774
WP_085068558.1	QIZ20549.1	72.586	642	170	3	1	641	1	637	0.0	967
WP_085068562.1	QIZ21344.1	65.603	282	97	0	1	282	1	282	2.68e-140	392
WP_085068564.1	QIZ20552.1	77.558	303	68	0	1	303	1	303	3.22e-174	479
WP_085068566.1	QIZ20553.1	84.579	428	66	0	1	428	1	428	0.0	751
WP_085068568.1	QIZ20554.1	62.871	202	75	0	1	202	1	202	7.45e-81	235
WP_085068570.1	QIZ21430.1	58.505	388	158	2	1	387	1	386	8.18e-154	435
WP_085068572.1	QIZ21493.1	60.729	247	80	1	1	230	1	247	2.13e-101	290
WP_085068574.1	QIZ20568.1	82.812	192	33	0	1	192	1	192	1.10e-118	330
WP_085068578.1	QIZ20576.1	44.330	97	51	2	1	95	1	96	4.58e-21	75.9
WP_085068580.1	QIZ20574.1	65.714	105	35	1	20	124	17	120	5.64e-47	143
WP_085068583.1	QIZ20577.1	71.698	106	30	0	1	106	1	106	4.91e-55	162
WP_085068589.1	QIZ20579.1	65.138	109	38	0	1	109	1	109	4.97e-45	137
WP_085068591.1	QIZ20584.1	64.516	186	66	0	1	186	1	186	3.38e-86	247
WP_085068597.1	QIZ21101.1	77.311	238	54	0	3	240	2	239	4.42e-141	390
WP_085068600.1	QIZ20585.1	62.692	260	97	0	6	265	8	267	4.10e-121	342
WP_085068604.1	QIZ20587.1	66.383	235	79	0	1	235	1	235	2.68e-109	310
WP_085068608.1	QIZ20591.1	76.619	278	65	0	1	278	1	278	1.80e-159	441
WP_085068610.1	QIZ20589.1	52.837	282	133	0	2	283	3	284	1.99e-103	299
WP_085068612.1	QIZ20606.1	78.914	479	101	0	1	479	1	479	0.0	811
WP_085068614.1	QIZ20621.1	45.277	307	160	4	1	304	1	302	1.33e-90	268
WP_085068616.1	QIZ20622.1	81.293	294	55	0	1	294	1	294	4.00e-168	464
WP_085068618.1	QIZ20623.1	67.296	159	52	0	1	159	1	159	8.67e-72	209
WP_085068620.1	QIZ20626.1	74.490	98	25	0	1	98	1	98	1.29e-52	155
WP_085068622.1	QIZ20628.1	79.703	404	82	0	1	404	1	404	0.0	698
WP_085068624.1	QIZ20629.1	54.569	383	164	3	29	405	33	411	8.67e-123	358
WP_085068626.1	QIZ20630.1	81.070	243	46	0	1	243	1	243	7.81e-142	393
WP_085068628.1	QIZ20631.1	89.308	477	51	0	2	478	4	480	0.0	900
WP_085068634.1	QIZ20632.1	71.324	136	39	0	1	136	1	136	4.27e-70	203
WP_085068636.1	QIZ20634.1	46.438	379	185	5	1	365	1	375	5.88e-111	325
WP_085068638.1	QIZ20635.1	72.727	407	108	2	1	405	1	406	0.0	597
WP_085068640.1	QIZ20636.1	46.408	515	265	6	349	859	223	730	1.14e-124	388
WP_085068644.1	QIZ20637.1	69.468	583	147	2	1	553	1	582	0.0	781
WP_085068646.1	QIZ20638.1	80.709	254	49	0	5	258	4	257	1.26e-154	426
WP_085068651.1	QIZ20640.1	64.706	136	48	0	9	144	10	145	4.06e-63	186
WP_085068653.1	QIZ20641.1	68.310	142	44	1	1	142	1	141	1.40e-64	189
WP_085068655.1	QIZ20642.1	86.517	445	60	0	1	445	1	445	0.0	800
WP_085068657.1	QIZ20643.1	54.745	137	53	2	1	134	2	132	3.68e-46	142
WP_085068659.1	QIZ20644.1	66.949	118	39	0	1	118	1	118	1.19e-56	167
WP_085068661.1	QIZ20645.1	76.344	279	57	5	1	276	1	273	2.30e-149	414
WP_085068663.1	QIZ20646.1	78.752	593	126	0	1	593	1	593	0.0	990
WP_085068667.1	QIZ20648.1	35.159	347	225	0	11	357	13	359	3.11e-68	214
WP_085068669.1	QIZ20649.1	68.035	341	108	1	1	340	1	341	6.05e-164	457
WP_085068671.1	QIZ20650.1	63.351	191	69	1	1	190	1	191	2.40e-75	221
WP_085068673.1	QIZ20651.1	80.882	136	26	0	1	136	1	136	3.61e-71	205
WP_085068675.1	QIZ20652.1	71.882	441	117	5	38	474	48	485	0.0	624
WP_085068677.1	QIZ20653.1	39.247	372	219	2	1	365	1	372	2.40e-86	262
WP_085068679.1	QIZ20654.1	44.345	336	186	1	23	358	22	356	2.64e-75	232
WP_085068681.1	QIZ20655.1	33.374	812	512	13	5	792	8	814	8.43e-137	421
WP_085068683.1	QIZ20656.1	38.889	306	173	5	1	298	1	300	4.82e-53	171
WP_085068685.1	QIZ20657.1	48.910	321	145	5	6	314	6	319	6.40e-92	272
WP_085068687.1	QIZ20658.1	54.023	261	119	1	1	261	1	260	1.08e-93	272
WP_085068689.1	QIZ20659.1	58.173	208	86	1	1	207	1	208	4.01e-83	241
WP_085068691.1	QIZ20660.1	88.608	79	9	0	1	79	1	79	8.89e-44	132
WP_085068693.1	QIZ20661.1	68.033	244	78	0	1	244	3	246	7.11e-120	337
WP_085068695.1	QIZ20662.1	60.197	304	121	0	1	304	1	304	1.94e-128	364
WP_085068697.1	QIZ20663.1	75.728	103	25	0	1	103	1	103	1.58e-56	167
WP_085068699.1	QIZ20664.1	85.714	70	10	0	20	89	1	70	4.98e-40	122
WP_085068701.1	QIZ20665.1	72.368	152	42	0	1	152	1	152	7.26e-67	196
WP_085068703.1	QIZ20666.1	82.979	470	79	1	1	469	1	470	0.0	809
WP_085068705.1	QIZ20667.1	78.086	794	169	4	1	790	1	793	0.0	1178
WP_085068707.1	QIZ20668.1	60.403	149	59	0	33	181	33	181	3.34e-71	209
WP_085068709.1	QIZ20669.1	81.837	479	87	0	15	493	15	493	0.0	834
WP_085068715.1	QIZ20670.1	69.374	431	132	0	1	431	1	431	0.0	639
WP_085068717.1	QIZ20671.1	68.608	309	97	0	1	309	1	309	6.88e-152	424
WP_085068719.1	QIZ20673.1	54.734	433	191	2	1	433	1	428	2.27e-163	463
WP_085068728.1	QIZ21483.1	79.534	386	79	0	3	388	2	387	0.0	647
WP_085068732.1	QIZ20676.1	79.503	161	33	0	1	161	1	161	1.22e-83	239
WP_085068744.1	QIZ20679.1	77.333	75	17	0	1	75	1	75	9.68e-43	129
WP_085068746.1	QIZ20680.1	88.473	347	40	0	1	347	1	347	0.0	659
WP_085068748.1	QIZ20681.1	91.081	370	33	0	1	370	1	370	0.0	723
WP_085068750.1	QIZ20682.1	83.704	405	66	0	1	405	1	405	0.0	728
WP_085068752.1	QIZ20683.1	71.429	301	86	0	1	301	1	301	6.15e-155	431
WP_085068754.1	QIZ20684.1	55.932	413	174	3	1	408	1	410	1.13e-150	429
WP_085068756.1	QIZ20686.1	54.815	135	57	1	1	131	1	135	5.59e-47	144
WP_085068758.1	QIZ20687.1	60.390	154	61	0	3	156	6	159	5.16e-61	181
WP_085068760.1	QIZ20689.1	58.696	276	114	0	1	276	1	276	5.96e-119	338
WP_085068762.1	QIZ20690.1	87.681	552	68	0	1	552	1	552	0.0	994
WP_085068764.1	QIZ20691.1	85.668	921	132	0	1	921	1	921	0.0	1691
WP_085068766.1	QIZ20607.1	55.963	109	42	4	1	104	1	108	8.86e-34	108
WP_085068768.1	QIZ20610.1	76.243	181	43	0	1	181	1	181	3.02e-104	293
WP_085068772.1	QIZ20612.1	67.586	145	47	0	1	145	1	145	2.03e-61	182
WP_085068774.1	QIZ20614.1	53.254	169	79	0	1	169	1	169	9.41e-68	201
WP_085068776.1	QIZ20617.1	80.247	81	16	0	1	81	1	81	2.05e-46	139
WP_085068778.1	QIZ20618.1	80.723	166	32	0	1	166	1	166	6.31e-88	250
WP_085068780.1	QIZ20619.1	63.374	243	89	0	1	243	1	243	1.18e-82	243
WP_085068782.1	QIZ20694.1	90.191	367	36	0	1	367	1	367	0.0	676
WP_085068784.1	QIZ20695.1	63.226	155	56	1	1	154	1	155	6.28e-50	153
WP_085068786.1	QIZ20696.1	57.724	246	104	0	2	247	4	249	3.58e-102	293
WP_085068790.1	QIZ20699.1	64.407	413	145	2	1	411	1	413	0.0	553
WP_085068792.1	QIZ20700.1	81.381	956	174	2	1	956	1	952	0.0	1626
WP_085068794.1	QIZ20701.1	74.603	126	32	0	1	126	1	126	7.41e-70	201
WP_085068796.1	QIZ20702.1	65.565	363	124	1	2	363	3	365	5.78e-176	489
WP_085068797.1	QIZ20703.1	64.516	279	95	1	1	275	1	279	1.78e-129	365
WP_085068799.1	QIZ20705.1	64.912	228	76	1	1	224	1	228	1.70e-107	305
WP_085068801.1	QIZ20707.1	67.485	163	50	2	1	160	1	163	1.06e-72	211
WP_085068803.1	QIZ20715.1	59.302	258	104	1	1	258	1	257	6.16e-112	318
WP_085068805.1	QIZ20718.1	56.338	142	59	1	3	144	7	145	4.64e-50	152
WP_085068807.1	QIZ20719.1	78.187	353	77	0	1	353	1	353	0.0	545
WP_085068809.1	QIZ20720.1	66.010	203	69	0	1	203	1	203	2.57e-96	274
WP_085068811.1	QIZ20722.1	64.045	267	95	1	1	266	1	267	6.88e-117	332
WP_085068813.1	QIZ20723.1	77.209	215	49	0	1	215	1	215	2.22e-126	351
WP_085068815.1	QIZ20724.1	86.386	404	55	0	1	404	1	404	0.0	738
WP_085068819.1	QIZ20725.1	77.288	885	201	0	3	887	4	888	0.0	1419
WP_085068822.1	QIZ20726.1	84.073	383	51	2	1	373	1	383	0.0	655
WP_085068824.1	QIZ20727.1	54.348	414	185	3	20	430	20	432	1.65e-149	427
WP_085068826.1	QIZ20728.1	63.754	309	111	1	1	309	1	308	2.91e-140	394
WP_085068828.1	QIZ20729.1	62.810	121	44	1	1	121	1	120	2.14e-55	164
WP_085068830.1	QIZ20729.1	52.459	122	56	1	4	125	1	120	1.19e-47	145
WP_085068835.1	QIZ20731.1	79.389	131	27	0	1	131	1	131	2.26e-78	223
WP_085068837.1	QIZ20732.1	79.953	424	85	0	1	424	1	424	0.0	721
WP_085068839.1	QIZ20733.1	55.749	287	127	0	1	287	1	287	1.86e-115	330
WP_085068845.1	QIZ20736.1	65.550	209	71	1	1	209	1	208	3.40e-99	282
WP_085068847.1	QIZ20737.1	72.997	337	91	0	1	337	1	337	0.0	515
WP_085068849.1	QIZ20738.1	72.381	105	29	0	1	105	1	105	2.37e-57	168
WP_085068854.1	QIZ20739.1	76.172	256	61	0	1	256	1	256	2.98e-144	400
WP_085068856.1	QIZ20740.1	83.810	630	102	0	1	630	1	630	0.0	1132
WP_085068860.1	QIZ20742.1	82.299	435	76	1	1	435	1	434	0.0	763
WP_085068864.1	QIZ21387.1	81.169	462	87	0	1	462	1	462	0.0	761
WP_085068866.1	QIZ21386.1	28.000	425	281	11	13	427	36	445	3.85e-23	97.1
WP_085068868.1	QIZ21385.1	75.185	677	164	3	1	673	1	677	0.0	1043
WP_085068869.1	QIZ21384.1	54.676	556	241	4	12	563	16	564	0.0	575
WP_085068871.1	QIZ21383.1	62.444	671	249	2	2	669	3	673	0.0	841
WP_085068873.1	QIZ21382.1	62.551	243	91	0	18	260	19	261	1.28e-110	317
WP_085068875.1	QIZ21381.1	62.418	306	115	0	1	306	1	306	7.93e-139	390
WP_085068877.1	QIZ21380.1	31.156	398	223	10	3	385	8	369	2.72e-45	155
WP_085068881.1	QIZ21378.1	66.013	306	102	2	1	306	1	304	6.83e-133	375
WP_085068884.1	QIZ21377.1	59.507	284	115	0	18	301	29	312	4.67e-115	330
WP_085068886.1	QIZ21376.1	63.261	460	168	1	1	459	1	460	0.0	597
WP_085068888.1	QIZ21375.1	43.417	357	195	3	2	354	3	356	1.04e-96	287
WP_085068890.1	QIZ21374.1	60.165	364	142	2	8	368	11	374	2.00e-139	397
WP_085068894.1	QIZ21369.1	54.012	324	147	2	9	330	10	333	4.72e-117	337
WP_085068896.1	QIZ21368.1	71.630	497	117	4	1	475	1	495	0.0	634
WP_085068898.1	QIZ21367.1	78.808	151	32	0	1	151	1	151	5.49e-91	257
WP_085068900.1	QIZ21366.1	57.676	241	93	3	7	240	4	242	2.56e-87	255
WP_085068904.1	QIZ21364.1	56.545	191	79	1	8	194	6	196	2.94e-72	213
WP_085068914.1	QIZ20918.1	59.633	109	44	0	3	111	4	112	1.77e-42	134
WP_085068928.1	QIZ20912.1	31.282	195	107	5	6	178	8	197	1.83e-23	94.7
WP_085068930.1	QIZ21363.1	88.744	613	61	3	1	611	1	607	0.0	1097
WP_085068932.1	QIZ21362.1	67.343	591	193	0	1	591	1	591	0.0	790
WP_085068934.1	QIZ21361.1	69.536	151	46	0	1	151	1	151	2.24e-63	187
WP_085068936.1	QIZ21360.1	77.419	372	84	0	13	384	14	385	0.0	602
WP_085068938.1	QIZ21359.1	79.963	1073	215	0	1	1073	1	1073	0.0	1797
WP_085068940.1	QIZ21319.1	70.909	220	64	0	1	220	1	220	2.44e-120	337
WP_085068942.1	QIZ21318.1	70.607	313	92	0	1	313	1	313	7.11e-164	454
WP_085068943.1	QIZ21317.1	88.217	314	37	0	1	314	1	314	0.0	578
WP_085068945.1	QIZ21314.1	76.382	398	94	0	1	398	1	398	0.0	651
WP_085068947.1	QIZ21313.1	85.815	712	101	0	1	712	1	712	0.0	1303
WP_085068949.1	QIZ21309.1	76.105	611	146	0	1	611	1	611	0.0	996
WP_085068951.1	QIZ21308.1	84.737	190	29	0	4	193	4	193	2.77e-115	322
WP_085068953.1	QIZ21307.1	81.379	290	54	0	1	290	1	290	0.0	517
WP_085068959.1	QIZ21306.1	71.034	145	42	0	1	145	1	145	6.25e-74	213
WP_085068961.1	QIZ21305.1	73.333	225	60	0	1	225	1	225	3.82e-119	334
WP_085068963.1	QIZ21304.1	63.098	439	160	1	1	437	1	439	0.0	572
WP_085068965.1	QIZ21303.1	69.118	68	21	0	1	68	1	68	1.51e-28	94.0
WP_085068967.1	QIZ21302.1	62.651	249	92	1	1	248	1	249	1.06e-119	338
WP_085068969.1	QIZ21301.1	48.688	343	169	4	4	342	8	347	1.00e-107	314
WP_085068971.1	QIZ21300.1	56.349	252	107	1	1	249	1	252	4.61e-83	244
WP_085068973.1	QIZ21299.1	86.129	310	43	0	1	310	1	310	0.0	523
WP_085068975.1	QIZ21298.1	61.497	187	72	0	1	187	1	187	4.13e-85	248
WP_085068977.1	QIZ21296.1	77.654	358	79	1	1	358	1	357	0.0	573
WP_085068979.1	QIZ21294.1	90.843	415	38	0	1	415	1	415	0.0	758
WP_085068981.1	QIZ21292.1	72.789	147	40	0	10	156	5	151	4.13e-81	232
WP_085068983.1	QIZ21291.1	71.898	274	77	0	1	274	1	274	5.51e-149	414
WP_085068986.1	QIZ21290.1	82.278	158	28	0	1	158	1	158	4.91e-95	268
WP_085068988.1	QIZ21289.1	52.927	427	195	2	1	424	1	424	6.32e-154	438
WP_085068990.1	QIZ21288.1	52.518	278	130	2	5	281	5	281	1.97e-78	235
WP_085068992.1	QIZ21287.1	51.013	543	264	2	14	554	15	557	0.0	543
WP_085068994.1	QIZ21286.1	53.712	229	97	2	14	233	15	243	9.06e-73	217
WP_085068996.1	QIZ21283.1	46.736	383	198	2	1	377	1	383	2.64e-117	341
WP_085068998.1	QIZ21282.1	56.173	324	139	1	1	324	1	321	9.95e-123	351
WP_085069000.1	QIZ21281.1	54.321	162	72	1	1	160	1	162	8.14e-54	163
WP_085069004.1	QIZ21280.1	56.471	170	74	0	23	192	27	196	2.99e-71	210
WP_085069006.1	QIZ21279.1	75.991	858	204	2	1	857	1	857	0.0	1285
WP_085069008.1	QIZ21277.1	88.934	244	27	0	1	244	1	244	7.89e-163	446
WP_085069010.1	QIZ21275.1	61.212	165	64	0	21	185	5	169	2.26e-68	202
WP_085069012.1	QIZ21274.1	64.024	164	59	0	1	164	5	168	2.42e-69	203
WP_085069014.1	QIZ21273.1	80.206	485	94	2	1	483	1	485	0.0	809
WP_085069016.1	QIZ21272.1	60.071	283	112	1	1	283	1	282	5.02e-111	318
WP_085069018.1	QIZ21271.1	63.099	355	131	0	1	355	1	355	9.96e-162	452
WP_085069020.1	QIZ21270.1	51.118	313	134	7	1	299	4	311	3.07e-87	259
WP_085069022.1	QIZ21269.1	73.567	314	83	0	1	314	1	314	2.33e-172	476
WP_085069024.1	QIZ21268.1	56.563	320	139	0	1	320	1	320	6.74e-129	366
WP_085069026.1	QIZ21267.1	62.044	137	52	0	1	137	1	137	5.69e-59	175
WP_085069030.1	QIZ21266.1	54.037	161	74	0	1	161	1	161	1.57e-65	193
WP_085069032.1	QIZ21265.1	62.335	454	170	1	1	453	1	454	0.0	600
WP_085069034.1	QIZ21264.1	57.286	199	81	2	21	217	21	217	2.11e-74	220
WP_085069036.1	QIZ21263.1	78.244	262	57	0	1	262	1	262	2.33e-153	424
WP_085069038.1	QIZ21260.1	74.296	284	73	0	19	302	20	303	5.95e-155	431
WP_085069040.1	QIZ21259.1	92.096	544	43	0	1	544	1	544	0.0	975
WP_085069042.1	QIZ21258.1	78.682	258	55	0	1	258	1	258	7.42e-150	415
WP_085069044.1	QIZ21257.1	58.120	234	95	2	1	232	1	233	1.07e-93	270
WP_085069046.1	QIZ21256.1	79.545	220	45	0	1	220	1	220	9.86e-122	340
WP_085069048.1	QIZ21253.1	81.004	279	52	1	1	278	1	279	2.25e-171	471
WP_085069050.1	QIZ21252.1	77.469	324	73	0	1	324	1	324	0.0	527
WP_085069052.1	QIZ21250.1	69.231	286	88	0	1	286	1	286	1.15e-143	401
WP_085069053.1	QIZ21249.1	63.731	579	209	1	1	579	1	578	0.0	743
WP_085069055.1	QIZ21248.1	44.878	410	222	2	1	406	1	410	6.21e-112	330
WP_085069057.1	QIZ21247.1	44.884	303	157	5	1	296	1	300	4.84e-75	228
WP_085069059.1	QIZ21246.1	53.310	287	131	2	1	285	1	286	1.10e-103	300
WP_085069061.1	QIZ21244.1	60.238	420	167	0	1	420	1	420	0.0	536
WP_085069065.1	QIZ21239.1	75.497	906	213	4	1	901	1	902	0.0	1397
WP_085069067.1	QIZ21238.1	63.816	304	110	0	4	307	1	304	6.70e-134	378
WP_085069069.1	QIZ21237.1	58.088	272	113	1	1	271	1	272	2.58e-114	325
WP_085069071.1	QIZ21233.1	88.449	606	70	0	1	606	1	606	0.0	1117
WP_085069073.1	QIZ21232.1	67.453	212	69	0	1	212	1	212	3.92e-95	272
WP_085069075.1	QIZ21231.1	51.570	223	104	1	5	227	6	224	5.71e-78	230
WP_085069077.1	QIZ21230.1	54.206	321	147	0	1	321	1	321	4.96e-118	339
WP_085069079.1	QIZ21229.1	67.426	439	142	1	1	438	1	439	0.0	570
WP_085069081.1	QIZ21228.1	84.894	470	71	0	1	470	1	470	0.0	827
WP_085069085.1	QIZ21525.1	90.588	425	39	1	1	424	1	425	0.0	815
WP_085069089.1	QIZ21524.1	83.966	474	76	0	1	474	1	474	0.0	846
WP_085069095.1	QIZ21224.1	69.367	395	121	0	1	395	1	395	0.0	596
WP_085069097.1	QIZ21223.1	61.224	294	114	0	1	294	1	294	2.13e-135	380
WP_085069100.1	QIZ21220.1	79.016	691	145	0	1	691	1	691	0.0	1146
WP_085069104.1	QIZ21219.1	56.566	99	43	0	2	100	3	101	4.76e-40	124
WP_085069106.1	QIZ21218.1	90.826	436	40	0	1	436	1	436	0.0	795
WP_085069108.1	QIZ21217.1	77.273	176	40	0	1	176	1	176	1.89e-104	293
WP_085069110.1	QIZ21216.1	66.327	98	33	0	1	98	1	98	4.83e-49	146
WP_085069112.1	QIZ21215.1	72.512	211	55	1	1	208	1	211	1.22e-111	313
WP_085069114.1	QIZ21214.1	78.912	294	61	1	1	293	1	294	1.08e-167	462
WP_085069116.1	QIZ21213.1	68.027	147	47	0	1	147	1	147	3.30e-78	224
WP_085069118.1	QIZ21212.1	57.621	269	114	0	1	269	1	269	9.33e-117	332
WP_085069120.1	QIZ21211.1	56.623	302	131	0	1	302	1	302	1.88e-122	350
WP_085069122.1	QIZ21210.1	75.650	1039	253	0	1	1039	1	1039	0.0	1568
WP_085069124.1	QIZ21209.1	74.611	193	47	1	7	199	9	199	1.38e-110	310
WP_085069126.1	QIZ20306.1	52.143	140	60	3	27	166	25	157	6.26e-46	144
WP_085069130.1	QIZ21208.1	51.786	112	52	1	3	112	6	117	2.13e-36	117
WP_085069132.1	QIZ21207.1	62.762	239	86	2	1	237	1	238	1.52e-117	331
WP_085069134.1	QIZ21206.1	51.770	226	108	1	1	225	1	226	1.74e-77	229
WP_085069136.1	QIZ21205.1	55.082	305	130	4	4	301	6	310	1.01e-99	292
WP_085069138.1	QIZ21204.1	46.980	149	78	1	1	149	1	148	1.19e-45	142
WP_085069140.1	QIZ21203.1	85.280	428	63	0	1	428	1	428	0.0	749
WP_085069142.1	QIZ21202.1	62.818	511	188	2	1	509	1	511	0.0	595
WP_085069144.1	QIZ21201.1	86.147	231	30	1	3	231	4	234	2.23e-151	416
WP_085069146.1	QIZ21200.1	76.732	924	215	0	1	924	1	924	0.0	1437
WP_085069148.1	QIZ21198.1	62.842	183	68	0	1	183	1	183	5.76e-79	229
WP_085069150.1	QIZ21197.1	87.845	181	22	0	7	187	7	187	2.15e-117	326
WP_085069152.1	QIZ21196.1	79.082	392	82	0	1	392	1	392	0.0	666
WP_085069154.1	QIZ21195.1	86.127	346	48	0	1	346	1	346	0.0	612
WP_085069159.1	QIZ21193.1	79.121	182	38	0	1	182	1	182	1.08e-106	299
WP_085069161.1	QIZ21192.1	75.000	80	20	0	1	80	1	80	6.39e-42	129
WP_085069163.1	QIZ21191.1	60.632	348	135	1	1	346	1	348	8.52e-149	419
WP_085069165.1	QIZ21190.1	79.576	519	106	0	1	519	6	524	0.0	859
WP_085069167.1	QIZ21189.1	74.844	481	121	0	1	481	1	481	0.0	680
WP_085069169.1	QIZ21188.1	81.278	454	85	0	4	457	5	458	0.0	707
WP_085069171.1	QIZ21187.1	52.400	250	115	1	1	250	1	246	2.43e-84	248
WP_085069174.1	QIZ21186.1	56.711	298	125	2	2	296	1	297	6.84e-114	327
WP_085069176.1	QIZ21185.1	62.117	359	135	1	1	358	1	359	2.18e-154	434
WP_085069178.1	QIZ21184.1	78.591	369	79	0	1	369	1	369	0.0	616
WP_085069182.1	QIZ21183.1	72.081	197	55	0	1	197	1	197	5.99e-105	296
WP_085069184.1	QIZ21182.1	60.669	239	93	1	1	238	1	239	6.66e-107	304
WP_085069187.1	QIZ21181.1	72.388	134	37	0	1	134	1	134	3.05e-71	205
WP_085069196.1	QIZ21180.1	91.667	84	7	0	1	84	1	84	3.86e-52	153
WP_085069198.1	QIZ21179.1	77.064	327	75	0	1	327	1	327	3.90e-176	486
WP_085069200.1	QIZ21178.1	77.989	368	81	0	1	368	1	368	0.0	562
WP_085069202.1	QIZ21177.1	62.740	416	153	2	1	414	1	416	1.53e-178	500
WP_085069204.1	QIZ21176.1	60.819	171	66	1	7	176	10	180	7.36e-67	198
WP_085069207.1	QIZ21175.1	75.862	116	28	0	1	116	1	116	5.13e-61	178
WP_085069209.1	QIZ21174.1	77.222	360	81	1	22	380	20	379	0.0	578
WP_085069211.1	QIZ21173.1	72.185	151	42	0	8	158	8	158	5.59e-81	232
WP_085069213.1	QIZ21172.1	63.846	130	47	0	1	130	1	130	4.47e-57	169
WP_085069215.1	QIZ21171.1	94.068	472	28	0	1	472	1	472	0.0	903
WP_085069217.1	QIZ21170.1	88.660	291	33	0	1	291	1	291	0.0	535
WP_085069220.1	QIZ21169.1	92.172	511	40	0	1	511	1	511	0.0	971
WP_085069222.1	QIZ21167.1	63.594	651	237	0	1	651	1	651	0.0	865
WP_085069224.1	QIZ21166.1	75.751	466	112	1	1	465	1	466	0.0	741
WP_085069226.1	QIZ21165.1	69.731	446	112	5	1	444	1	425	0.0	625
WP_085069228.1	QIZ21164.1	79.506	971	192	3	1	967	1	968	0.0	1641
WP_085069230.1	QIZ21163.1	88.660	291	33	0	1	291	1	291	0.0	501
WP_085069232.1	QIZ21162.1	78.238	386	84	0	1	386	1	386	0.0	619
WP_085069234.1	QIZ21161.1	85.312	320	47	0	1	320	1	320	0.0	556
WP_085069236.1	QIZ21160.1	83.099	497	84	0	1	497	1	497	0.0	884
WP_085069238.1	QIZ21159.1	84.047	257	41	0	1	257	1	257	1.16e-168	462
WP_085069240.1	QIZ21158.1	91.201	591	51	1	1	591	1	590	0.0	1140
WP_085069242.1	QIZ21157.1	67.593	108	35	0	1	108	1	108	2.76e-43	133
WP_085069244.1	QIZ21156.1	67.200	125	41	0	2	126	3	127	2.52e-58	172
WP_085069246.1	QIZ21155.1	74.018	331	86	0	1	331	1	331	0.0	520
WP_085069248.1	QIZ21154.1	73.442	369	98	0	1	369	1	369	0.0	572
WP_085069250.1	QIZ21152.1	76.667	540	126	0	1	540	1	540	0.0	894
WP_085069252.1	QIZ21151.1	67.572	589	185	4	1	585	1	587	0.0	835
WP_085069254.1	QIZ21150.1	89.946	368	37	0	1	368	1	368	0.0	660
WP_085069257.1	QIZ21149.1	80.100	201	40	0	1	201	9	209	4.95e-121	337
WP_085069259.1	QIZ21148.1	85.225	467	69	0	1	467	1	467	0.0	838
WP_085069261.1	QIZ21147.1	68.421	171	51	1	1	171	1	168	1.88e-81	235
WP_085069265.1	QIZ21146.1	69.298	228	70	0	1	228	1	228	9.28e-124	346
WP_085069267.1	QIZ21145.1	80.189	106	21	0	1	106	1	106	4.16e-59	177
WP_085069269.1	QIZ21144.1	85.398	452	66	0	1	452	1	452	0.0	756
WP_085069271.1	QIZ21143.1	60.219	274	109	0	1	274	1	274	3.36e-109	313
WP_085069273.1	QIZ21142.1	73.267	303	81	0	1	303	1	303	1.59e-163	453
WP_085069275.1	QIZ21141.1	56.989	186	74	2	1	180	1	186	3.41e-72	212
WP_085069277.1	QIZ21140.1	55.118	254	110	3	20	270	20	272	1.86e-97	283
WP_085069279.1	QIZ21139.1	69.310	290	89	0	2	291	4	293	1.78e-136	384
WP_085069281.1	QIZ21137.1	70.748	441	128	1	1	440	1	441	0.0	609
WP_085069283.1	QIZ21136.1	85.210	453	67	0	1	453	1	453	0.0	758
WP_085069289.1	QIZ21135.1	86.082	194	27	0	1	194	2	195	4.46e-130	359
WP_085069291.1	QIZ21134.1	87.013	385	50	0	1	385	1	385	0.0	689
WP_085069293.1	QIZ21125.1	82.650	317	55	0	1	317	1	317	0.0	549
WP_085069299.1	QIZ21124.1	33.014	418	273	5	57	471	41	454	2.00e-74	238
WP_085069301.1	QIZ21122.1	81.201	383	72	0	1	383	1	383	0.0	674
WP_085069303.1	QIZ21120.1	61.905	147	56	0	19	165	23	169	8.88e-65	192
WP_085069305.1	QIZ21119.1	49.573	117	58	1	3	118	2	118	6.62e-30	100
WP_085069307.1	QIZ21118.1	44.444	171	94	1	4	173	3	173	3.19e-50	155
WP_085069309.1	QIZ21117.1	60.920	609	235	3	1	607	2	609	0.0	706
WP_085069311.1	QIZ21116.1	65.468	139	48	0	1	139	1	139	8.12e-63	184
WP_085069313.1	QIZ21115.1	57.534	73	31	0	1	73	1	73	1.57e-27	90.9
WP_085069315.1	QIZ21114.1	69.492	236	71	1	1	235	1	236	1.25e-124	348
WP_085069320.1	QIZ21113.1	94.340	106	6	0	1	106	1	106	3.32e-74	211
WP_085069322.1	QIZ21112.1	79.235	183	38	0	1	183	1	183	1.95e-108	303
WP_085069325.1	QIZ21111.1	84.956	113	17	0	1	113	1	113	1.54e-65	189
WP_085069327.1	QIZ21110.1	81.818	253	45	1	1	252	1	253	6.81e-150	414
WP_085069329.1	QIZ21109.1	68.116	345	109	1	1	344	1	345	0.0	512
WP_085069331.1	QIZ21108.1	61.905	168	62	2	1	166	1	168	1.68e-76	221
WP_085069333.1	QIZ21107.1	84.518	394	61	0	1	394	1	394	0.0	696
WP_085069335.1	QIZ21105.1	84.868	152	23	0	1	152	1	152	5.12e-87	247
WP_085069338.1	QIZ21104.1	89.683	126	13	0	1	126	1	126	2.12e-79	225
WP_085069340.1	QIZ21103.1	72.074	376	102	3	1	374	2	376	0.0	566
WP_085069344.1	QIZ21099.1	80.000	40	8	0	1	40	1	40	9.94e-21	71.2
WP_085069346.1	QIZ21097.1	81.212	495	93	0	1	495	1	495	0.0	822
WP_085069349.1	QIZ21096.1	78.814	236	50	0	1	236	1	236	1.97e-143	396
WP_085069351.1	QIZ21095.1	74.852	338	85	0	15	352	25	362	0.0	535
WP_085069353.1	QIZ21094.1	69.886	352	101	2	1	350	1	349	0.0	515
WP_085069355.1	QIZ21093.1	87.544	281	35	0	1	281	1	281	0.0	502
WP_085069357.1	QIZ21092.1	73.958	96	25	0	1	96	1	96	8.32e-51	151
WP_085069359.1	QIZ21091.1	80.055	361	72	0	1	361	1	361	0.0	559
WP_085069361.1	QIZ21090.1	62.931	232	86	0	1	232	1	232	1.20e-110	313
WP_085069363.1	QIZ21089.1	55.556	306	131	2	1	301	1	306	1.60e-112	323
WP_085069365.1	QIZ21088.1	72.549	357	98	0	1	357	1	357	0.0	540
WP_085069367.1	QIZ21086.1	75.182	137	34	0	1	137	1	137	2.50e-77	221
WP_085069369.1	QIZ21085.1	87.850	642	78	0	50	691	39	680	0.0	1195
WP_085069374.1	QIZ21083.1	89.535	86	9	0	1	86	1	86	1.11e-55	162
WP_085069378.1	QIZ21081.1	90.678	118	11	0	1	118	1	118	3.48e-79	224
WP_085069380.1	QIZ21080.1	75.576	217	53	0	1	217	1	217	6.42e-120	335
WP_085069382.1	QIZ21079.1	68.442	507	158	1	7	513	14	518	0.0	676
WP_085069391.1	QIZ21087.1	43.972	282	154	3	1	282	1	278	3.23e-67	206
WP_085069396.1	QIZ21077.1	41.192	369	205	5	1	362	14	377	8.36e-80	245
WP_085069398.1	QIZ21076.1	69.928	695	203	5	2	692	4	696	0.0	919
WP_085069400.1	QIZ21075.1	46.667	180	95	1	1	179	1	180	1.61e-48	152
WP_085069402.1	QIZ21074.1	55.152	165	74	0	1	165	1	165	1.16e-65	194
WP_085069404.1	QIZ21073.1	74.167	120	31	0	1	120	1	120	1.89e-63	185
WP_085069406.1	QIZ21163.1	54.608	293	128	2	1	292	1	289	2.60e-106	307
WP_085069408.1	QIZ21162.1	46.632	386	206	0	1	386	1	386	2.08e-125	362
WP_085069422.1	QIZ21071.1	84.861	251	37	1	1	250	1	251	4.98e-157	432
WP_085069424.1	QIZ21070.1	83.402	241	38	1	1	241	1	239	3.49e-144	399
WP_085069427.1	QIZ21068.1	82.212	208	37	0	1	208	1	208	9.87e-128	354
WP_085069430.1	QIZ21067.1	86.735	196	26	0	1	196	1	196	1.67e-130	360
WP_085069432.1	QIZ21066.1	87.719	171	21	0	1	171	1	171	3.48e-109	304
WP_085069446.1	QIZ21065.1	86.154	455	63	0	1	455	1	455	0.0	787
WP_085069460.1	QIZ21064.1	53.383	133	58	2	7	137	38	168	1.25e-41	132
WP_085069462.1	QIZ21063.1	61.026	195	74	1	1	193	1	195	5.44e-76	222
WP_085069464.1	QIZ21062.1	65.217	138	45	1	1	138	1	135	8.55e-54	162
WP_085069466.1	QIZ21061.1	42.963	135	77	0	6	140	6	140	4.26e-38	122
WP_085069468.1	QIZ21060.1	71.622	222	63	0	1	222	1	222	1.80e-117	329
WP_085069470.1	QIZ21059.1	53.488	172	80	0	1	172	1	172	4.10e-60	182
WP_085069472.1	QIZ21058.1	55.344	262	117	0	2	263	3	264	2.75e-106	305
WP_085069474.1	QIZ21057.1	66.489	188	63	0	2	189	4	191	4.35e-91	260
WP_085069476.1	QIZ21056.1	68.773	269	84	0	1	269	1	269	4.84e-141	393
WP_085069478.1	QIZ21055.1	68.168	333	105	1	1	332	1	333	2.67e-170	472
WP_085069480.1	QIZ21054.1	32.628	331	203	8	4	319	7	332	3.90e-58	187
WP_085069484.1	QIZ21052.1	90.071	423	41	1	1	423	1	422	0.0	778
WP_085069486.1	QIZ21050.1	66.591	443	147	1	1	442	1	443	0.0	597
WP_085069488.1	QIZ21049.1	81.380	623	116	0	1	623	1	623	0.0	1057
WP_085069490.1	QIZ21048.1	45.729	199	105	2	15	211	14	211	1.52e-59	182
WP_085069492.1	QIZ21047.1	76.426	263	62	0	4	266	2	264	4.73e-151	418
WP_085069494.1	QIZ21045.1	47.222	324	170	1	1	323	1	324	5.51e-97	286
WP_085069498.1	QIZ21043.1	68.128	844	267	2	5	847	2	844	0.0	1204
WP_085069500.1	QIZ21042.1	64.607	178	58	3	1	175	3	178	1.61e-78	228
WP_085069502.1	QIZ21041.1	37.500	336	182	10	1	315	1	329	2.13e-52	171
WP_085069504.1	QIZ21040.1	54.598	174	78	1	1	173	1	174	5.05e-62	185
WP_085069506.1	QIZ21039.1	61.468	218	81	1	1	218	1	215	1.93e-97	278
WP_085069510.1	QIZ21038.1	55.280	161	72	0	1	161	1	161	4.04e-56	169
WP_085069512.1	QIZ21037.1	41.885	191	102	3	5	187	4	193	8.97e-42	135
WP_085069514.1	QIZ21036.1	70.874	309	89	1	1	309	1	308	5.01e-161	447
WP_085069516.1	QIZ21035.1	81.500	200	37	0	18	217	18	217	3.33e-126	351
WP_085069518.1	QIZ21034.1	76.357	258	61	0	1	258	1	258	6.01e-145	402
WP_085069520.1	QIZ21033.1	78.989	376	75	3	1	375	1	373	0.0	593
WP_085069522.1	QIZ21032.1	88.571	630	69	2	1	629	1	628	0.0	1127
WP_085069524.1	QIZ21031.1	63.033	211	69	4	1	207	1	206	1.44e-89	258
WP_085069526.1	QIZ21030.1	66.500	200	67	0	1	200	1	200	1.49e-86	249
WP_085069528.1	QIZ21029.1	57.702	383	162	0	1	383	1	383	4.26e-149	422
WP_085069530.1	QIZ21028.1	52.632	285	135	0	1	285	3	287	9.49e-98	285
WP_085069532.1	QIZ21026.1	81.842	760	138	0	1	760	1	760	0.0	1289
WP_085069534.1	QIZ21025.1	65.619	509	174	1	1	509	1	508	0.0	639
WP_085069536.1	QIZ21024.1	75.676	333	81	0	1	333	1	333	0.0	534
WP_085069538.1	QIZ21023.1	68.333	180	57	0	1	180	1	180	1.13e-90	258
WP_085069542.1	QIZ21021.1	42.188	128	72	1	1	126	1	128	8.45e-32	105
WP_085069546.1	QIZ21020.1	84.328	134	21	0	1	134	1	134	9.50e-84	237
WP_085069548.1	QIZ21018.1	82.985	335	55	1	1	335	1	333	0.0	565
WP_085069550.1	QIZ21017.1	50.336	149	63	2	1	143	1	144	1.58e-31	106
WP_085069552.1	QIZ21016.1	51.889	503	235	6	16	515	19	517	4.91e-160	461
WP_085069554.1	QIZ21015.1	82.171	387	69	0	1	387	1	387	0.0	651
WP_085069556.1	QIZ21014.1	87.427	517	65	0	1	517	14	530	0.0	902
WP_085069558.1	QIZ21013.1	75.101	743	175	5	1	740	1	736	0.0	1098
WP_085069560.1	QIZ21012.1	69.492	118	35	1	4	120	5	122	6.90e-59	173
WP_085069562.1	QIZ21010.1	87.663	689	85	0	1	689	1	689	0.0	1248
WP_085069566.1	QIZ21005.1	66.917	133	44	0	7	139	7	139	1.45e-63	186
WP_085069568.1	QIZ21003.1	74.718	443	110	1	1	441	1	443	0.0	706
WP_085069571.1	QIZ21002.1	69.898	196	59	0	1	196	1	196	6.66e-108	303
WP_085069574.1	QIZ21000.1	59.363	251	101	1	1	250	1	251	2.84e-103	296
WP_085069576.1	QIZ20999.1	68.276	145	46	0	1	145	1	145	1.37e-75	217
WP_085069578.1	QIZ20998.1	67.830	401	127	1	1	399	1	401	0.0	552
WP_085069580.1	QIZ20996.1	74.359	234	60	0	1	234	1	234	9.32e-133	369
WP_085069582.1	QIZ20995.1	63.066	287	106	0	1	287	1	287	3.98e-122	347
WP_085069584.1	QIZ20994.1	73.256	86	23	0	1	86	1	86	6.08e-41	125
WP_085069586.1	QIZ20993.1	76.271	472	107	1	2	473	4	470	0.0	741
WP_085069588.1	QIZ20992.1	81.892	370	67	0	1	370	1	370	0.0	624
WP_085069590.1	QIZ20991.1	67.241	232	76	0	1	232	1	232	7.43e-108	306
WP_085069592.1	QIZ20990.1	68.317	404	128	0	1	404	1	404	0.0	556
WP_085069594.1	QIZ20989.1	68.293	451	143	0	1	451	1	451	0.0	642
WP_085069596.1	QIZ20988.1	51.829	164	79	0	11	174	6	169	1.81e-58	176
WP_085069598.1	QIZ20986.1	71.429	217	62	0	1	217	1	217	4.11e-120	336
WP_085069600.1	QIZ20984.1	78.531	177	38	0	1	177	1	177	9.20e-94	266
WP_085069602.1	QIZ20983.1	39.490	157	92	3	5	158	2	158	1.42e-29	102
WP_085069604.1	QIZ20982.1	45.876	194	102	3	1	192	1	193	1.24e-52	163
WP_085069606.1	QIZ20981.1	65.432	567	195	1	1	566	1	567	0.0	733
WP_085069608.1	QIZ20980.1	85.782	211	30	0	60	270	71	281	4.46e-133	375
WP_085069610.1	QIZ20978.1	53.237	139	65	0	1	139	1	139	1.92e-47	145
WP_085069612.1	QIZ20977.1	73.000	800	215	1	1	800	3	801	0.0	1217
WP_085069614.1	QIZ21085.1	24.127	630	441	15	37	643	58	673	2.52e-41	155
WP_085069616.1	QIZ20976.1	60.000	130	52	0	1	130	1	130	5.66e-59	174
WP_085069618.1	QIZ20974.1	80.572	1014	191	3	1	1010	1	1012	0.0	1743
WP_085069621.1	QIZ20973.1	64.720	428	141	5	1	423	1	423	0.0	556
WP_085069626.1	QIZ20972.1	56.207	290	127	0	1	290	1	290	1.18e-121	346
WP_085069628.1	QIZ20971.1	52.083	240	114	1	1	239	1	240	2.50e-84	248
WP_085069631.1	QIZ20970.1	82.255	479	83	1	1	477	1	479	0.0	806
WP_085069632.1	QIZ20969.1	78.543	1496	318	1	1	1493	1	1496	0.0	2510
WP_085069634.1	QIZ20967.1	64.516	248	88	0	1	248	1	248	2.59e-111	316
WP_085069636.1	QIZ20966.1	68.490	384	121	0	1	384	1	384	0.0	549
WP_085069638.1	QIZ20965.1	83.203	637	107	0	1	637	1	637	0.0	1130
WP_085069640.1	QIZ20964.1	82.320	181	32	0	1	181	1	181	6.45e-110	307
WP_085069642.1	QIZ20961.1	84.507	355	55	0	1	355	1	355	0.0	638
WP_085069644.1	QIZ20960.1	69.576	802	243	1	1	801	1	802	0.0	1113
WP_085069648.1	QIZ20952.1	81.406	683	125	1	4	684	3	685	0.0	1157
WP_085069650.1	QIZ20951.1	64.066	423	151	1	1	422	1	423	0.0	529
WP_085069652.1	QIZ20950.1	66.000	600	203	1	2	600	3	602	0.0	783
WP_085069654.1	QIZ20947.1	52.326	86	41	0	1	86	10	95	5.97e-25	85.5
WP_085069656.1	QIZ20946.1	51.801	361	174	0	6	366	6	366	1.56e-121	351
WP_085069660.1	QIZ20944.1	47.279	588	298	6	1	578	1	586	4.11e-161	468
WP_085069662.1	QIZ20943.1	77.586	174	37	1	1	174	1	172	1.14e-96	273
WP_085069664.1	QIZ20942.1	55.987	309	132	2	1	305	1	309	2.68e-126	358
WP_085069666.1	QIZ20941.1	62.195	246	93	0	1	246	1	246	4.16e-109	310
WP_085069668.1	QIZ20939.1	77.346	309	70	0	1	309	1	309	0.0	506
WP_085069670.1	QIZ20937.1	77.344	384	87	0	1	384	1	384	0.0	619
WP_085069674.1	QIZ20935.1	55.204	221	99	0	1	221	1	221	4.71e-82	240
WP_085069676.1	QIZ20934.1	56.584	281	122	0	2	282	8	288	6.23e-115	328
WP_085069678.1	QIZ20933.1	66.011	559	189	1	1	559	1	558	0.0	800
WP_085069682.1	QIZ20929.1	55.649	239	106	0	1	239	1	239	6.43e-95	274
WP_085069686.1	QIZ20927.1	60.000	185	73	1	1	184	1	185	4.96e-85	244
WP_085069688.1	QIZ20926.1	65.000	420	144	2	1	420	1	417	0.0	535
WP_085069690.1	QIZ20925.1	53.543	127	59	0	1	127	1	127	3.84e-44	137
WP_085069692.1	QIZ20924.1	55.374	428	184	2	1	421	1	428	8.60e-165	466
WP_085069694.1	QIZ21496.1	69.231	65	20	0	3	67	2	66	2.62e-30	97.4
WP_085069696.1	QIZ20922.1	53.105	467	212	5	1	462	1	465	1.14e-167	476
WP_085069698.1	QIZ20921.1	48.000	350	177	3	1	349	1	346	1.69e-109	319
WP_085069700.1	QIZ20920.1	49.333	225	113	1	1	225	5	228	1.71e-71	213
WP_085069704.1	QIZ20908.1	48.927	233	112	3	1	226	1	233	4.45e-69	207
WP_085069706.1	QIZ20898.1	36.667	480	287	8	3	476	4	472	9.89e-103	311
WP_085069708.1	QIZ20896.1	47.294	425	217	6	1	421	1	422	6.35e-133	384
WP_085069710.1	QIZ20895.1	63.430	309	112	1	1	309	1	308	8.41e-155	431
WP_085069712.1	QIZ20894.1	79.008	262	55	0	5	266	4	265	4.63e-143	398
WP_085069714.1	QIZ20893.1	84.559	408	63	0	2	409	1	408	0.0	729
WP_085069716.1	QIZ20892.1	56.585	205	89	0	3	207	5	209	5.10e-80	233
WP_085069718.1	QIZ20891.1	50.000	228	103	6	6	226	6	229	2.34e-65	197
WP_085069720.1	QIZ20890.1	58.511	94	39	0	1	94	1	94	7.57e-35	110
WP_085069722.1	QIZ20889.1	69.671	577	173	2	1	576	1	576	0.0	830
WP_085069726.1	QIZ20887.1	67.303	419	136	1	19	436	19	437	0.0	514
WP_085069729.1	QIZ20886.1	62.403	258	97	0	1	258	1	258	4.69e-118	334
WP_085069733.1	QIZ20884.1	56.230	313	133	4	13	324	13	322	1.21e-119	343
WP_085069735.1	QIZ20883.1	68.966	203	63	0	1	203	1	203	1.12e-102	290
WP_085069737.1	QIZ20882.1	61.587	315	120	1	1	314	1	315	3.28e-147	413
WP_085069741.1	QIZ20881.1	62.048	166	60	2	1	163	1	166	8.91e-73	212
WP_085069743.1	QIZ20879.1	79.328	387	80	0	4	390	2	388	0.0	600
WP_085069745.1	QIZ20878.1	79.612	309	63	0	1	309	1	309	0.0	507
WP_085069747.1	QIZ20877.1	65.556	180	60	2	1	179	11	189	1.43e-86	248
WP_085069749.1	QIZ20876.1	56.048	248	106	2	1	248	1	245	6.91e-85	249
WP_085069751.1	QIZ20875.1	62.409	274	103	0	2	275	3	276	1.24e-128	362
WP_085069753.1	QIZ20874.1	64.376	553	180	5	1	537	1	552	0.0	683
WP_085069755.1	QIZ20873.1	78.095	105	23	0	1	105	1	105	1.59e-56	166
WP_085069757.1	QIZ20872.1	72.959	196	52	1	1	196	1	195	1.83e-107	302
WP_085069759.1	QIZ20871.1	74.003	727	178	3	1	716	4	730	0.0	1126
WP_085069761.1	QIZ20870.1	77.507	369	81	2	1	368	1	368	0.0	592
WP_085069763.1	QIZ20869.1	72.438	849	225	2	1	841	1	848	0.0	1247
WP_085069765.1	QIZ20868.1	62.587	433	162	0	1	433	1	433	0.0	577
WP_085069767.1	QIZ20867.1	52.414	145	64	3	1	142	1	143	1.76e-42	133
WP_085069769.1	QIZ20866.1	69.748	238	72	0	4	241	2	239	2.41e-125	351
WP_085069771.1	QIZ20865.1	70.968	403	117	0	1	403	1	403	0.0	583
WP_085069773.1	QIZ20864.1	77.961	363	80	0	1	363	1	363	0.0	596
WP_085069775.1	QIZ20863.1	75.000	356	89	0	1	356	1	356	0.0	528
WP_085069777.1	QIZ20862.1	46.237	279	150	0	1	279	1	279	8.76e-76	228
WP_085069779.1	QIZ20861.1	52.308	130	49	5	13	133	16	141	6.01e-32	107
WP_085069781.1	QIZ20860.1	60.519	385	147	3	48	430	51	432	4.70e-161	457
WP_085069793.1	QIZ20846.1	34.386	285	158	8	31	309	10	271	4.20e-39	137
WP_085069805.1	QIZ20805.1	39.192	421	213	9	193	597	2	395	2.26e-88	275
WP_085069811.1	QIZ20837.1	32.492	594	373	12	1	575	1	585	3.23e-72	238
WP_085069813.1	QIZ20778.1	30.925	346	216	10	1	339	3	332	1.01e-46	157
WP_085069817.1	QIZ21403.1	28.028	289	180	5	3	278	17	290	2.01e-32	118
WP_085069819.1	QIZ20661.1	31.667	240	152	7	2	233	9	244	6.98e-30	107
WP_085069834.1	QIZ20293.1	31.106	434	255	14	11	422	2	413	4.99e-33	124
WP_085069842.1	QIZ20842.1	40.867	323	182	5	8	326	3	320	3.68e-72	222
WP_085069844.1	QIZ20841.1	35.410	305	192	5	3	305	6	307	3.85e-59	190
WP_085069849.1	QIZ20829.1	34.584	373	229	6	3	367	8	373	3.66e-55	181
WP_085069854.1	QIZ20793.1	70.890	292	85	0	1	292	1	292	2.07e-155	431
WP_085069880.1	QIZ20792.1	95.122	41	2	0	1	41	1	41	5.21e-22	74.3
WP_085069884.1	QIZ20790.1	73.481	362	96	0	1	362	1	362	0.0	528
WP_085069886.1	QIZ20789.1	86.316	95	13	0	1	95	1	95	9.10e-56	164
WP_085069888.1	QIZ20788.1	86.422	464	63	0	1	464	1	464	0.0	825
WP_085069890.1	QIZ20853.1	50.655	229	112	1	3	230	10	238	1.38e-77	229
WP_085069892.1	QIZ20785.1	77.714	175	39	0	1	175	1	175	1.22e-104	295
WP_085069894.1	QIZ20783.1	59.677	248	98	1	1	248	1	246	1.64e-107	306
WP_085069896.1	QIZ20782.1	77.957	186	41	0	1	186	1	186	1.73e-113	317
WP_085069898.1	QIZ20781.1	69.307	202	62	0	4	205	6	207	7.49e-89	256
WP_085069900.1	QIZ20780.1	74.850	334	84	0	1	334	1	334	0.0	520
WP_085069902.1	QIZ20779.1	65.051	392	135	1	1	390	1	392	9.88e-179	498
WP_085069904.1	QIZ20778.1	74.251	334	86	0	1	334	1	334	0.0	523
WP_085069908.1	QIZ20776.1	54.206	107	49	0	1	107	1	107	4.41e-25	87.0
WP_085069911.1	QIZ20775.1	64.865	148	52	0	1	148	1	148	1.75e-64	189
WP_085069913.1	QIZ20774.1	51.412	177	81	2	1	174	1	175	9.58e-56	170
WP_085069916.1	QIZ20773.1	67.045	264	87	0	1	264	1	264	9.17e-131	367
WP_085069918.1	QIZ20772.1	70.000	240	72	0	1	240	1	240	2.02e-128	358
WP_085069921.1	QIZ20771.1	61.006	159	59	2	1	156	1	159	5.19e-73	212
WP_085069923.1	QIZ20770.1	77.232	224	51	0	1	224	1	224	2.40e-130	362
WP_085069925.1	QIZ20769.1	91.304	138	12	0	1	138	1	138	1.65e-91	257
WP_085069927.1	QIZ20768.1	56.656	323	86	2	1	323	1	269	8.67e-111	318
WP_085069930.1	QIZ20767.1	87.471	431	54	0	20	450	16	446	0.0	792
WP_085069932.1	QIZ20766.1	83.951	162	23	1	1	162	1	159	1.11e-94	267
WP_085069934.1	QIZ20765.1	63.964	333	107	3	1	329	1	324	5.31e-153	428
WP_085069937.1	QIZ20764.1	44.348	345	179	7	6	345	7	343	2.69e-81	247
WP_085069939.1	QIZ20763.1	86.624	628	84	0	3	630	1	628	0.0	1085
WP_085069942.1	QIZ20762.1	63.793	348	122	3	1	345	1	347	1.73e-139	395
WP_085069944.1	QIZ20761.1	72.831	438	119	0	1	438	1	438	0.0	644
WP_085069947.1	QIZ20760.1	71.375	269	77	0	1	269	1	269	1.50e-142	397
WP_085069950.1	QIZ20759.1	82.944	428	73	0	1	428	1	428	0.0	733
WP_085069952.1	QIZ20758.1	85.862	290	41	0	7	296	4	293	0.0	520
WP_085069954.1	QIZ20757.1	68.634	322	101	0	1	322	1	322	1.74e-153	429
WP_085069959.1	QIZ20541.1	31.718	227	153	2	5	230	6	231	3.84e-30	110
WP_085069962.1	QIZ20756.1	60.194	309	119	2	1	306	1	308	3.59e-131	371
WP_085069965.1	QIZ20755.1	58.025	81	33	1	1	80	1	81	8.57e-23	79.3
WP_085069967.1	QIZ20754.1	65.862	290	98	1	1	289	1	290	5.19e-127	359
WP_085069969.1	QIZ20753.1	73.858	635	166	0	1	635	1	635	0.0	1006
WP_085069971.1	QIZ20752.1	82.173	359	64	0	1	359	1	359	0.0	612
WP_085069973.1	QIZ20750.1	72.997	337	91	0	1	337	1	337	0.0	508
WP_085069975.1	QIZ20749.1	79.554	269	54	1	1	269	1	268	1.59e-143	399
WP_085069977.1	QIZ20748.1	78.498	293	63	0	2	294	1	293	0.0	505
WP_085069979.1	QIZ20747.1	57.205	687	292	2	1	686	1	686	0.0	803
WP_085069982.1	QIZ20746.1	81.469	885	164	0	1	885	1	885	0.0	1516
WP_085069984.1	QIZ20745.1	68.705	278	86	1	1	278	1	277	1.29e-132	372
WP_085069986.1	QIZ20744.1	79.331	329	68	0	1	329	1	329	0.0	564
WP_085069988.1	QIZ21388.1	83.974	312	50	0	1	312	1	312	0.0	566
WP_085069989.1	QIZ21395.1	83.212	274	46	0	1	274	1	274	5.14e-171	469
WP_085069990.1	QIZ21396.1	81.121	339	60	3	28	362	28	366	0.0	554
WP_085069992.1	QIZ21397.1	86.505	289	39	0	1	289	1	289	4.79e-179	491
WP_085069995.1	QIZ21398.1	81.967	61	11	0	1	61	1	61	3.31e-33	103
WP_085069997.1	QIZ21399.1	72.863	468	123	2	5	468	4	471	0.0	665
WP_085069999.1	QIZ21400.1	60.870	299	117	0	1	299	1	299	1.29e-116	334
WP_085070001.1	QIZ21401.1	82.653	588	102	0	1	588	1	588	0.0	1019
WP_085070004.1	QIZ21402.1	79.006	181	38	0	1	181	1	181	1.42e-103	291
WP_085070006.1	QIZ21404.1	84.924	524	75	3	1	524	1	520	0.0	918
WP_085070008.1	QIZ21405.1	88.563	341	38	1	4	343	5	345	0.0	610
WP_085070010.1	QIZ21406.1	44.211	285	141	6	4	276	2	280	1.41e-65	206
WP_085070012.1	QIZ21407.1	47.552	143	74	1	18	160	18	159	4.77e-27	96.3
WP_085070014.1	QIZ21408.1	55.969	645	275	4	8	648	8	647	0.0	748
WP_085070015.1	QIZ21409.1	61.765	374	142	1	1	374	1	373	4.26e-157	442
WP_085070016.1	QIZ21344.1	31.227	269	181	2	1	268	1	266	1.05e-40	138
WP_085070018.1	QIZ21518.1	33.564	289	181	3	3	290	2	280	2.02e-43	147
WP_085070020.1	QIZ21329.1	72.131	427	117	1	3	429	24	448	0.0	630
WP_085070031.1	QIZ21326.1	34.919	1240	578	33	370	1469	427	1577	0.0	671
WP_085070035.1	QIZ21323.1	34.663	326	142	14	1	276	1	305	1.29e-46	154
WP_085070037.1	QIZ21322.1	34.975	203	91	6	16	178	10	211	4.63e-30	105
WP_085070041.1	QIZ21330.1	64.717	547	181	6	26	568	260	798	0.0	714
WP_085070043.1	QIZ21331.1	53.363	223	93	2	1	212	3	225	1.89e-69	207
WP_085070045.1	QIZ21332.1	42.500	120	67	2	28	145	46	165	9.54e-28	97.1
WP_085070047.1	QIZ21333.1	60.878	524	189	9	1	514	1	518	0.0	596
WP_085070049.1	QIZ21334.1	76.936	581	133	1	1	580	1	581	0.0	938
WP_085070051.1	QIZ21335.1	73.350	409	107	2	4	411	2	409	0.0	568
WP_085070053.1	QIZ21336.1	54.198	131	59	1	5	134	10	140	2.49e-45	140
WP_085070055.1	QIZ21339.1	44.242	165	78	7	3	163	2	156	5.77e-30	102
WP_085070057.1	QIZ21343.1	55.587	707	300	3	8	701	39	744	0.0	814
WP_085070059.1	QIZ21343.1	72.215	745	205	2	1	743	1	745	0.0	1102
WP_085070063.1	QIZ21410.1	74.453	411	104	1	3	412	2	412	0.0	661
WP_085070065.1	QIZ21326.1	32.862	1202	603	42	430	1476	422	1574	9.52e-171	550
WP_085070067.1	QIZ21326.1	31.653	1210	620	39	401	1460	422	1574	2.00e-168	543
WP_085070069.1	QIZ21412.1	78.481	316	68	0	1	316	1	316	0.0	517
WP_085070071.1	QIZ21413.1	78.451	297	64	0	1	297	1	297	1.19e-174	480
WP_085070073.1	QIZ21414.1	77.966	118	26	0	3	120	4	121	4.63e-68	196
WP_085070075.1	QIZ20193.1	26.056	284	184	8	4	269	1	276	9.84e-24	93.6
WP_085070079.1	QIZ21415.1	67.857	84	27	0	1	84	1	84	2.02e-40	124
WP_085070081.1	QIZ21416.1	80.208	96	19	0	2	97	3	98	9.00e-52	153
WP_085070083.1	QIZ21417.1	77.451	204	46	0	1	204	1	204	1.65e-104	295
WP_085070085.1	QIZ20213.1	62.500	152	57	0	17	168	26	177	2.66e-63	188
WP_085070088.1	QIZ21426.1	79.134	254	53	0	3	256	5	258	1.05e-150	417
WP_085070089.1	QIZ21427.1	78.723	235	50	0	1	235	1	235	6.48e-133	370
WP_085070090.1	QIZ21434.1	74.593	492	125	0	1	492	1	492	0.0	799
WP_085070091.1	QIZ21435.1	50.980	255	121	3	6	256	6	260	1.54e-84	249
WP_085070092.1	QIZ21436.1	83.938	193	31	0	1	193	1	193	9.06e-121	335
WP_085070093.1	QIZ20511.1	28.055	581	382	12	7	561	3	573	2.20e-69	230
WP_085070094.1	QIZ21437.1	75.835	389	93	1	1	389	1	388	0.0	649
WP_085070096.1	QIZ20216.1	56.151	317	138	1	1	316	2	318	9.29e-123	350
WP_085070097.1	QIZ20495.1	43.315	531	294	4	2	527	3	531	2.43e-142	416
WP_085070122.1	QIZ20592.1	32.143	252	157	5	4	254	5	243	3.52e-35	122
WP_085070129.1	QIZ20556.1	44.737	342	185	2	2	339	3	344	1.84e-101	298
WP_085070135.1	QIZ20490.1	28.261	276	177	3	3	264	5	273	3.41e-29	109
WP_085070140.1	QIZ21438.1	63.968	247	89	0	1	247	1	247	4.91e-116	328
WP_085070142.1	QIZ21439.1	80.928	388	74	0	1	388	1	388	0.0	668
WP_085070143.1	QIZ21441.1	76.033	363	83	3	13	373	13	373	0.0	564
WP_085070145.1	QIZ21307.1	66.090	289	98	0	4	292	2	290	8.93e-155	429
WP_085070147.1	QIZ20975.1	35.897	390	222	6	5	371	9	393	1.23e-67	214
WP_085070149.1	QIZ21154.1	44.297	377	200	4	3	379	2	368	5.32e-118	343
WP_085070153.1	QIZ21401.1	24.497	547	356	17	8	530	7	520	1.66e-36	139
WP_085070155.1	QIZ21122.1	29.427	384	253	2	8	378	4	382	1.06e-61	199
WP_085070158.1	QIZ20218.1	36.735	343	194	10	60	387	43	377	3.84e-60	196
WP_085070164.1	QIZ21440.1	34.649	228	139	5	376	603	23	240	5.03e-33	126
WP_085070164.1	QIZ21440.1	31.944	216	127	6	22	235	20	217	3.59e-24	100
WP_085070166.1	QIZ21444.1	79.189	740	154	0	1	740	1	740	0.0	1211
WP_085070168.1	QIZ21445.1	57.944	214	90	0	1	214	1	214	2.49e-92	265
WP_085070170.1	QIZ21446.1	49.107	224	113	1	18	240	19	242	9.10e-75	223
WP_085070172.1	QIZ21448.1	76.520	477	112	0	1	477	1	477	0.0	755
WP_085070174.1	QIZ21449.1	76.709	395	89	1	1	392	1	395	0.0	641
WP_085070176.1	QIZ21451.1	55.612	196	87	0	1	196	1	196	1.38e-75	221
WP_085070178.1	QIZ21452.1	85.489	889	129	0	1	889	1	889	0.0	1579
WP_085070180.1	QIZ21453.1	53.271	214	99	1	1	213	1	214	1.14e-62	190
WP_085070184.1	QIZ21456.1	60.526	342	134	1	7	347	5	346	1.11e-141	401
WP_085070186.1	QIZ21457.1	74.820	139	35	0	1	139	1	139	1.18e-80	229
WP_085070188.1	QIZ21345.1	28.417	278	173	8	4	269	13	276	5.73e-21	87.0
WP_085070193.1	QIZ21353.1	62.107	636	206	4	18	619	14	648	0.0	816
WP_085070195.1	QIZ21352.1	31.931	1284	681	41	1751	2894	503	1733	2.80e-107	377
WP_085070195.1	QIZ21352.1	36.878	583	249	18	12	480	5	582	1.63e-84	305
WP_085070195.1	QIZ21352.1	33.660	817	392	25	579	1321	636	1376	3.21e-63	235
WP_085070195.1	QIZ21352.1	35.825	709	354	21	736	1398	499	1152	7.75e-53	201
WP_085070195.1	QIZ21352.1	44.034	352	139	11	1703	2014	1040	1373	2.58e-45	176
WP_085070195.1	QIZ21352.1	62.992	127	36	3	1659	1776	1280	1404	3.01e-27	117
WP_085070197.1	QIZ21352.1	36.250	560	266	17	11	504	6	540	7.15e-80	289
WP_085070197.1	QIZ21352.1	41.667	444	184	10	768	1148	840	1271	7.38e-44	171
WP_085070197.1	QIZ21352.1	68.852	122	36	1	1412	1531	838	959	2.56e-27	117
WP_085070199.1	QIZ21351.1	68.595	242	70	3	1	238	1	240	1.66e-116	328
WP_085070200.1	QIZ21350.1	62.697	445	164	2	1	443	1	445	0.0	536
WP_085070201.1	QIZ21349.1	63.909	701	252	1	1	700	1	701	0.0	937
WP_085070202.1	QIZ21458.1	61.945	473	180	0	1	473	1	473	0.0	631
WP_085070203.1	QIZ21459.1	55.526	380	168	1	1	379	1	380	2.61e-159	448
WP_085070204.1	QIZ21460.1	79.819	441	89	0	1	441	1	441	0.0	754
WP_085070205.1	QIZ21462.1	69.444	216	65	1	12	226	12	227	2.99e-106	301
WP_085070215.1	QIZ21463.1	72.260	292	81	0	1	292	1	292	1.00e-157	437
WP_085070218.1	QIZ21466.1	88.889	117	13	0	18	134	17	133	2.16e-78	223
WP_085070220.1	QIZ21470.1	83.027	489	83	0	1	489	1	489	0.0	881
WP_085070222.1	QIZ21472.1	77.477	111	25	0	6	116	5	115	2.02e-63	184
WP_085070224.1	QIZ21473.1	63.625	778	279	1	1	778	2	775	0.0	1058
WP_085070226.1	QIZ21477.1	73.333	180	48	0	2	181	4	183	6.59e-86	246
WP_085070228.1	QIZ21480.1	85.553	443	64	0	1	443	1	443	0.0	810
WP_085070234.1	QIZ21132.1	37.604	359	211	5	1	353	1	352	4.19e-77	237
WP_085070236.1	QIZ21133.1	48.603	358	178	3	1	353	1	357	1.03e-117	340
WP_085070240.1	QIZ21481.1	58.772	342	141	0	1	342	1	342	2.93e-144	407
WP_085070242.1	QIZ21484.1	42.969	256	146	0	4	259	6	261	8.02e-75	224
WP_085070246.1	QIZ21486.1	85.646	418	60	0	1	418	1	418	0.0	754
WP_085070248.1	QIZ21487.1	79.545	88	18	0	1	88	1	88	9.88e-53	155
WP_085070250.1	QIZ21488.1	77.756	998	222	0	1	998	1	998	0.0	1657
WP_085070252.1	QIZ21489.1	50.256	195	96	1	1	194	1	195	4.04e-72	213
WP_085070254.1	QIZ21536.1	67.111	225	74	0	1	225	1	225	3.03e-114	326
WP_085070258.1	QIZ21492.1	59.310	145	59	0	1	145	1	145	1.80e-62	184
WP_085070262.1	QIZ21498.1	63.664	333	120	1	16	347	16	348	9.30e-157	439
WP_085070264.1	QIZ21500.1	75.466	322	79	0	1	322	1	322	0.0	534
WP_085070266.1	QIZ21501.1	74.727	550	139	0	1	550	1	550	0.0	863
WP_085070268.1	QIZ21504.1	91.372	452	39	0	1	452	1	452	0.0	866
WP_085070270.1	QIZ21505.1	86.364	242	33	0	1	242	1	242	3.59e-158	434
WP_085070272.1	QIZ20555.1	37.455	275	151	6	20	285	237	499	1.09e-53	178
WP_085070278.1	QIZ21513.1	35.142	811	515	7	1	801	1	810	7.19e-168	501
WP_085070282.1	QIZ21506.1	60.668	389	153	0	2	390	8	396	0.0	520
WP_085070286.1	QIZ21507.1	72.388	134	37	0	1	134	1	134	1.83e-71	206
WP_085070288.1	QIZ21508.1	87.903	124	15	0	1	124	1	124	9.39e-84	236
WP_085070290.1	QIZ21509.1	80.078	256	51	0	2	257	6	261	3.15e-154	426
WP_085070292.1	QIZ21510.1	58.993	139	57	0	1	139	1	139	9.93e-57	169
WP_085070296.1	QIZ21512.1	61.594	138	53	0	21	158	29	166	6.56e-59	176
WP_085070298.1	QIZ21513.1	90.988	810	73	0	1	810	1	810	0.0	1528
WP_085070300.1	QIZ21515.1	78.233	317	69	0	1	317	1	317	0.0	519
WP_085070302.1	QIZ21516.1	88.497	539	62	0	1	539	1	539	0.0	1017
WP_085070305.1	QIZ21519.1	79.839	124	25	0	1	124	1	124	4.99e-76	217
WP_085070307.1	QIZ20620.1	54.082	196	82	2	1	192	1	192	1.24e-62	189
WP_085070309.1	QIZ20620.1	36.041	197	120	3	6	202	2	192	6.79e-39	128
WP_085070311.1	QIZ21520.1	83.871	155	25	0	1	155	1	155	1.99e-102	286
WP_085070313.1	QIZ21521.1	81.188	202	36	1	1	200	1	202	7.97e-126	349
WP_085070315.1	QIZ21522.1	67.066	334	109	1	1	334	1	333	2.49e-174	483
WP_085070318.1	QIZ21527.1	75.882	340	81	1	1	340	1	339	0.0	530
WP_085070320.1	QIZ21530.1	74.953	535	131	1	2	536	5	536	0.0	770
WP_085070322.1	QIZ21531.1	80.398	352	69	0	1	352	1	352	0.0	553
WP_085070324.1	QIZ21329.1	32.653	245	160	3	465	708	207	447	1.21e-33	130
WP_085070361.1	QIZ20812.1	32.320	362	231	8	11	363	8	364	2.22e-42	148
WP_085070371.1	QIZ20534.1	39.035	228	123	9	1	218	1	222	6.57e-34	119
WP_085070381.1	QIZ20795.1	58.876	338	139	0	1	338	1	338	7.44e-147	414
WP_085070383.1	QIZ20515.1	42.284	324	185	2	7	328	3	326	1.34e-81	246
WP_085070385.1	QIZ21541.1	65.025	812	284	0	1	812	1	812	0.0	1111
WP_085070387.1	QIZ20851.1	26.220	328	204	10	4	326	6	300	2.07e-25	100
WP_085070391.1	QIZ21591.1	81.143	175	33	0	1	175	1	175	2.81e-96	272
WP_085070399.1	QIZ21593.1	78.613	346	74	0	1	346	1	346	0.0	557
WP_085070401.1	QIZ20180.1	86.926	283	37	0	1	283	1	283	0.0	498
WP_085070403.1	QIZ20181.1	88.696	230	26	0	1	230	1	230	4.18e-151	415
WP_085070407.1	QIZ20183.1	84.496	129	20	0	1	129	1	129	5.86e-75	214
WP_085070409.1	QIZ20184.1	66.019	309	105	0	1	309	1	309	1.29e-144	405
WP_085070412.1	QIZ20570.1	54.745	137	61	1	1	137	1	136	1.14e-53	161
WP_085070414.1	QIZ20190.1	68.056	360	114	1	1	360	1	359	0.0	516
WP_085070416.1	QIZ20191.1	73.481	181	48	0	5	185	4	184	2.20e-103	291
WP_085070418.1	QIZ20192.1	83.832	167	27	0	1	167	1	167	1.16e-104	293
WP_085070420.1	QIZ20196.1	64.824	199	70	0	1	199	1	199	9.86e-103	290
WP_085070422.1	QIZ20197.1	84.775	289	44	0	1	289	1	289	0.0	518
WP_085070424.1	QIZ20198.1	71.393	402	115	0	1	402	1	402	0.0	522
WP_085070428.1	QIZ20199.1	66.857	175	53	2	1	170	1	175	6.95e-77	223
WP_085070432.1	QIZ20218.1	34.181	354	214	10	39	380	32	378	6.39e-53	176
WP_085070437.1	QIZ21479.1	28.387	620	374	8	95	706	160	717	2.92e-68	233
WP_085070437.1	QIZ21479.1	35.169	236	153	0	469	704	156	391	2.69e-35	138
WP_085070439.1	QIZ21478.1	49.704	338	162	3	7	344	6	335	3.74e-118	341
WP_085070441.1	QIZ21214.1	28.374	289	199	5	20	308	12	292	3.23e-30	111
WP_085070443.1	QIZ21483.1	36.939	379	238	1	15	392	3	381	3.37e-91	275
WP_085070445.1	QIZ21137.1	24.736	473	307	15	1	459	1	438	6.25e-26	105
WP_085070461.1	QIZ21448.1	61.975	476	180	1	1	475	1	476	0.0	598
WP_085070463.1	QIZ20200.1	83.158	380	64	0	1	380	1	380	0.0	664
WP_085070465.1	QIZ20202.1	85.802	162	23	0	1	162	1	162	5.38e-102	285
WP_085070467.1	QIZ20205.1	76.534	277	65	0	1	277	1	277	9.18e-133	373
WP_085070469.1	QIZ20206.1	72.350	434	120	0	1	434	1	434	0.0	654
WP_085070471.1	QIZ20207.1	86.364	66	9	0	1	66	1	66	8.02e-40	121
WP_085070473.1	QIZ20561.1	26.336	262	184	7	3	257	5	264	7.13e-28	106
WP_085070478.1	QIZ20560.1	34.091	352	220	4	48	392	47	393	1.17e-57	191
WP_085070480.1	QIZ21509.1	28.682	258	179	4	5	260	7	261	1.96e-21	86.3
WP_085070482.1	QIZ20200.1	40.209	383	222	5	1	380	1	379	6.91e-98	293
WP_085070484.1	QIZ21124.1	24.510	510	315	16	14	517	8	453	7.73e-38	143
WP_085070486.1	QIZ20605.1	31.073	354	214	10	38	376	49	387	1.59e-35	130
WP_085070490.1	QIZ20220.1	83.264	484	81	0	1	484	1	484	0.0	825
WP_085070492.1	QIZ20221.1	84.806	645	98	0	1	645	1	645	0.0	1159
WP_085070494.1	QIZ20222.1	88.889	342	33	2	1	337	1	342	0.0	642
WP_085070496.1	QIZ20225.1	87.166	374	48	0	1	374	1	374	0.0	681
WP_085070498.1	QIZ20226.1	82.550	298	52	0	1	298	1	298	0.0	521
WP_085070500.1	QIZ20227.1	81.600	500	92	0	1	500	1	500	0.0	854
WP_085070502.1	QIZ20228.1	68.750	224	70	0	5	228	6	229	2.60e-120	337
WP_085070504.1	QIZ20229.1	71.220	205	59	0	1	205	1	205	2.82e-101	287
WP_085070506.1	QIZ20230.1	76.238	606	144	0	1	606	1	606	0.0	970
WP_085070508.1	QIZ20231.1	83.007	459	78	0	1	459	1	459	0.0	813
WP_085070510.1	QIZ20233.1	67.550	453	147	0	1	453	1	453	0.0	647
WP_085070512.1	QIZ20235.1	72.458	236	65	0	1	236	1	236	5.58e-125	350
WP_085070514.1	QIZ20236.1	80.976	205	39	0	1	205	1	205	1.05e-129	359
WP_085070516.1	QIZ20237.1	71.560	109	31	0	1	109	1	109	1.66e-59	174
WP_085070518.1	QIZ20238.1	89.333	75	8	0	1	75	1	75	1.58e-47	141
WP_085070520.1	QIZ20239.1	78.904	730	154	0	1	730	1	730	0.0	1207
WP_085070522.1	QIZ20240.1	72.566	226	62	0	1	226	1	226	6.82e-128	356
WP_085070524.1	QIZ20241.1	66.234	77	26	0	1	77	1	77	2.81e-35	110
WP_085070526.1	QIZ20243.1	79.535	430	88	0	1	430	1	430	0.0	726
WP_085070528.1	QIZ20244.1	80.632	253	49	0	4	256	3	255	3.50e-159	438
WP_085070530.1	QIZ20245.1	64.220	218	74	1	1	214	1	218	7.74e-103	293
WP_085070532.1	QIZ20246.1	70.850	247	72	0	1	247	1	247	4.18e-132	369
WP_085070534.1	QIZ20247.1	77.099	131	30	0	1	131	1	131	7.00e-71	204
WP_085070536.1	QIZ21532.1	60.748	214	83	1	1	213	1	214	5.07e-83	243
WP_085070538.1	QIZ21533.1	52.525	99	47	0	4	102	3	101	2.65e-33	107
WP_085070552.1	QIZ20248.1	64.567	254	89	1	3	256	4	256	1.03e-112	320
WP_085070554.1	QIZ21475.1	56.849	146	63	0	1	146	1	146	8.48e-52	157
WP_085070558.1	QIZ20249.1	75.102	245	61	0	1	245	1	245	1.28e-140	390
WP_085070560.1	QIZ20250.1	89.394	396	42	0	1	396	1	396	0.0	714
WP_085070563.1	QIZ20252.1	90.341	176	17	0	1	176	1	176	2.15e-119	330
WP_085070569.1	QIZ20253.1	86.331	139	19	0	4	142	3	141	9.71e-88	248
WP_085070571.1	QIZ20254.1	76.856	229	53	0	1	229	1	229	1.01e-129	361
WP_085070573.1	QIZ20257.1	85.411	1364	194	2	1	1360	1	1363	0.0	2419
WP_085070575.1	QIZ20258.1	87.346	1383	175	0	1	1383	1	1383	0.0	2516
WP_085070577.1	QIZ20261.1	88.679	689	78	0	1	689	1	689	0.0	1279
WP_085070579.1	QIZ20263.1	78.761	226	48	0	1	226	1	226	2.85e-134	373
WP_085070581.1	QIZ20264.1	77.670	206	46	0	1	206	1	206	1.19e-115	323
WP_085070583.1	QIZ20270.1	84.444	135	21	0	1	135	1	135	1.22e-85	242
WP_085070585.1	QIZ20274.1	77.143	70	16	0	1	70	1	70	3.50e-35	110
WP_085070587.1	QIZ20275.1	76.630	184	43	0	1	184	1	184	6.92e-105	295
WP_085070590.1	QIZ20276.1	87.129	101	13	0	1	101	1	101	9.20e-61	176
WP_085070592.1	QIZ20277.1	80.916	131	25	0	1	131	1	131	3.91e-77	220
WP_085070594.1	QIZ20279.1	72.881	118	31	1	1	117	1	118	7.49e-58	170
WP_085070596.1	QIZ20281.1	63.158	152	53	2	1	149	1	152	3.33e-54	164
WP_085070598.1	QIZ20283.1	47.887	213	85	1	1	187	1	213	2.02e-64	193
WP_085070602.1	QIZ20284.1	88.189	127	15	0	1	127	1	127	6.52e-81	229
WP_085070604.1	QIZ20285.1	93.043	115	8	0	33	147	36	150	4.74e-72	209
WP_085070607.1	QIZ20287.1	83.673	147	22	1	1	147	1	145	4.41e-84	239
WP_085070609.1	QIZ20288.1	71.287	303	87	0	1	303	1	303	4.71e-158	439
WP_085070611.1	QIZ20289.1	66.827	208	64	3	1	205	1	206	6.52e-95	271
WP_085070615.1	QIZ20292.1	79.259	270	56	0	1	270	1	270	4.67e-151	418
WP_085070619.1	QIZ20294.1	73.856	153	40	0	1	153	1	153	2.42e-84	240
WP_085070621.1	QIZ20296.1	76.408	852	193	1	1	844	1	852	0.0	1335
WP_085070623.1	QIZ20297.1	73.298	191	51	0	1	191	1	191	4.57e-95	270
WP_085070625.1	QIZ20742.1	28.682	387	254	10	48	423	40	415	2.35e-41	147
WP_085070627.1	QIZ20298.1	89.457	313	32	1	1	312	1	313	0.0	585
WP_085070629.1	QIZ20299.1	71.523	151	43	0	1	151	1	151	1.27e-74	215
WP_085070631.1	QIZ20301.1	82.025	484	87	0	1	484	1	484	0.0	807
WP_085070635.1	QIZ20303.1	44.651	215	116	2	1	214	1	213	5.58e-59	181
WP_085070637.1	QIZ20305.1	42.953	447	252	2	1	444	5	451	5.25e-120	353
WP_085070639.1	QIZ20313.1	44.706	170	89	1	15	179	15	184	5.26e-51	158
WP_085070641.1	QIZ20314.1	73.674	999	260	3	4	1000	5	1002	0.0	1585
WP_085070645.1	QIZ20317.1	64.037	748	252	4	1	743	1	736	0.0	967
WP_085070647.1	QIZ20319.1	82.051	156	28	0	1	156	1	156	5.28e-92	259
WP_085070652.1	QIZ20322.1	73.980	196	50	1	1	196	1	195	5.86e-97	275
WP_085070654.1	QIZ20323.1	64.957	234	82	0	4	237	3	236	4.11e-100	287
WP_085070658.1	QIZ20324.1	57.143	126	54	0	1	126	1	126	5.45e-47	144
WP_085070660.1	QIZ20325.1	68.750	240	75	0	2	241	4	243	5.71e-124	348
WP_085070662.1	QIZ20326.1	56.306	222	96	1	1	221	1	222	2.10e-83	243
WP_085070664.1	QIZ20327.1	51.101	227	108	2	1	225	1	226	1.33e-70	211
WP_085070667.1	QIZ20330.1	57.042	142	59	2	1	141	1	141	1.36e-53	161
WP_085070669.1	QIZ20331.1	87.126	435	56	0	1	435	1	435	0.0	799
WP_085070671.1	QIZ20333.1	64.467	197	70	0	1	197	1	197	1.08e-90	259
WP_085070673.1	QIZ20334.1	76.776	366	85	0	1	366	1	366	0.0	554
WP_085070677.1	QIZ20336.1	68.657	134	42	0	1	134	1	134	3.08e-65	190
WP_085070679.1	QIZ20337.1	50.157	319	158	1	1	318	1	319	1.00e-97	287
WP_085070681.1	QIZ20338.1	87.589	701	87	0	1	701	1	701	0.0	1192
WP_085070683.1	QIZ20339.1	42.336	137	79	0	13	149	15	151	1.70e-40	129
WP_085070688.1	QIZ20340.1	47.222	144	76	0	12	155	12	155	2.29e-33	111
WP_085070690.1	QIZ20342.1	66.269	335	112	1	1	335	1	334	7.10e-160	446
WP_085070693.1	QIZ20343.1	60.638	94	37	0	2	95	3	96	1.21e-36	115
WP_085070695.1	QIZ20344.1	65.574	122	41	1	1	121	1	122	1.44e-48	147
WP_085070697.1	QIZ20346.1	64.583	96	34	0	1	96	1	96	7.77e-37	115
WP_085070699.1	QIZ20347.1	48.397	343	166	6	1	339	1	336	7.88e-94	278
WP_085070703.1	QIZ20348.1	42.118	425	231	5	1	418	1	417	1.02e-119	352
WP_085070705.1	QIZ20349.1	70.588	153	44	1	1	152	1	153	9.99e-81	231
WP_085070707.1	QIZ20350.1	76.296	135	32	0	8	142	15	149	6.46e-78	223
WP_085070709.1	QIZ20351.1	63.422	339	124	0	1	339	1	339	1.97e-155	435
WP_085070713.1	QIZ20353.1	73.944	426	111	0	4	429	5	430	0.0	606
WP_085070715.1	QIZ20367.1	77.179	390	89	0	1	390	1	390	0.0	557
WP_085070717.1	QIZ20366.1	39.766	171	91	4	1	163	1	167	1.95e-30	104
WP_085070719.1	QIZ20365.1	77.419	93	21	0	1	93	1	93	1.82e-48	145
WP_085070721.1	QIZ20364.1	81.818	330	60	0	1	330	1	330	0.0	559
WP_085070723.1	QIZ20363.1	62.258	310	116	1	1	310	1	309	1.67e-136	385
WP_085070725.1	QIZ20361.1	52.439	82	39	0	1	82	1	82	1.88e-21	76.3
WP_085070727.1	QIZ20360.1	39.884	346	196	6	1	336	359	702	5.57e-69	224
WP_085070731.1	QIZ20359.1	62.025	316	108	1	1	316	1	304	1.63e-150	420
WP_085070735.1	QIZ20355.1	57.762	277	117	0	1	277	1	277	4.29e-105	303
WP_085070737.1	QIZ20354.1	73.244	299	80	0	1	299	1	299	2.65e-160	444
WP_085070739.1	QIZ20369.1	60.630	254	100	0	1	254	1	254	3.48e-114	324
WP_085070741.1	QIZ20370.1	65.079	252	87	1	1	251	1	252	1.00e-115	328
WP_085070743.1	QIZ20371.1	71.316	509	144	2	1	507	1	509	0.0	768
WP_085070745.1	QIZ20372.1	42.424	297	169	1	7	301	13	309	5.47e-69	213
WP_085070747.1	QIZ20373.1	55.978	184	79	2	5	187	3	185	5.96e-60	182
WP_085070749.1	QIZ20374.1	71.654	381	107	1	5	385	4	383	0.0	573
WP_085070751.1	QIZ20375.1	47.391	230	116	1	23	252	26	250	3.30e-63	194
WP_085070753.1	QIZ20376.1	59.871	309	123	1	25	332	25	333	2.91e-129	368
WP_085070755.1	QIZ20377.1	67.235	293	96	0	1	293	1	293	2.42e-136	383
WP_085070757.1	QIZ20379.1	62.500	680	251	4	3	680	6	683	0.0	843
WP_085070760.1	QIZ20380.1	74.752	202	49	1	5	206	5	204	2.06e-102	290
WP_085070762.1	QIZ20381.1	69.597	273	83	0	1	273	1	273	4.45e-153	424
WP_085070764.1	QIZ20382.1	75.405	370	91	0	1	370	1	370	0.0	593
WP_085070767.1	QIZ20385.1	80.630	857	157	2	1	857	1	848	0.0	1359
WP_085070769.1	QIZ20386.1	83.007	153	21	2	1	148	1	153	4.92e-86	244
WP_085070771.1	QIZ20387.1	87.250	949	120	1	1	949	1	948	0.0	1744
WP_085070773.1	QIZ20388.1	80.000	200	37	1	1	200	1	197	1.85e-120	335
WP_085070775.1	QIZ20389.1	76.610	295	67	2	4	297	2	295	5.66e-160	443
WP_085070777.1	QIZ20390.1	70.600	517	152	0	1	517	1	517	0.0	743
WP_085070779.1	QIZ20392.1	75.721	416	101	0	1	416	1	416	0.0	674
WP_085070782.1	QIZ20393.1	81.855	248	45	0	2	249	5	252	8.20e-152	419
WP_085070784.1	QIZ20394.1	61.333	75	26	1	1	75	1	72	2.09e-21	75.5
WP_085070786.1	QIZ20397.1	75.000	240	60	0	3	242	5	244	4.01e-121	340
WP_085070788.1	QIZ20398.1	55.627	311	138	0	7	317	6	316	2.17e-117	337
WP_085070790.1	QIZ20400.1	71.231	577	163	3	1	574	1	577	0.0	834
WP_085070792.1	QIZ20401.1	71.159	371	106	1	1	370	1	371	0.0	520
WP_085070794.1	QIZ20403.1	73.643	258	68	0	1	258	1	258	3.67e-145	402
WP_085070796.1	QIZ20404.1	77.410	332	75	0	1	332	1	332	0.0	543
WP_085070815.1	QIZ20484.1	77.823	248	55	0	1	248	1	248	2.99e-144	399
WP_085070819.1	QIZ20547.1	83.121	314	52	1	1	313	1	314	0.0	529
WP_085070823.1	QIZ20550.1	74.174	333	85	1	1	332	1	333	0.0	509
WP_085070827.1	QIZ20569.1	81.381	333	62	0	1	333	1	333	0.0	558
WP_085070829.1	QIZ20556.1	38.843	242	141	5	318	558	40	275	1.73e-45	159
WP_085070829.1	QIZ20556.1	32.917	240	148	8	19	256	41	269	1.33e-31	120
WP_085070837.1	QIZ20704.1	52.698	315	146	2	1	312	1	315	6.44e-118	338
WP_085070841.1	QIZ20717.1	76.008	521	124	1	1	520	1	521	0.0	816
WP_085070843.1	QIZ20743.1	64.286	294	104	1	1	293	1	294	1.14e-135	381
WP_085070849.1	QIZ21312.1	75.806	248	60	0	1	248	1	248	1.16e-139	388
WP_085070851.1	QIZ21310.1	75.887	141	34	0	1	141	1	141	4.31e-76	218
WP_085070857.1	QIZ21221.1	46.429	168	89	1	1	168	1	167	1.46e-42	135
WP_085070859.1	QIZ21194.1	83.505	291	48	0	5	295	1	291	1.45e-174	480
WP_085070861.1	QIZ21168.1	55.056	178	80	0	7	184	8	185	6.28e-67	198
WP_085070867.1	QIZ21046.1	63.121	282	103	1	1	281	1	282	3.47e-126	356
WP_085070875.1	QIZ21011.1	79.268	82	17	0	1	82	1	82	3.88e-43	130
WP_085070877.1	QIZ21006.1	83.133	166	28	0	1	166	1	166	8.68e-102	285
WP_085070881.1	QIZ20997.1	82.184	522	93	0	1	522	1	522	0.0	860
WP_085070883.1	QIZ20852.1	34.535	333	200	10	2	327	3	324	3.15e-49	163
WP_085070887.1	QIZ20751.1	63.462	208	75	1	1	207	1	208	4.96e-97	276
WP_085070893.1	QIZ21428.1	80.060	336	67	0	1	336	1	336	0.0	561
WP_085070897.1	QIZ21432.1	81.612	397	69	2	1	393	1	397	0.0	625
WP_085070905.1	QIZ20204.1	85.671	328	47	0	1	328	1	328	0.0	593
WP_085070907.1	QIZ20234.1	79.887	532	107	0	1	532	1	532	0.0	901
WP_085070911.1	QIZ20255.1	69.277	166	51	0	1	166	1	166	1.89e-84	241
WP_085070913.1	QIZ20304.1	52.465	284	134	1	1	284	2	284	4.56e-103	299
WP_102133172.1	QIZ20672.1	69.580	286	87	0	1	286	1	286	5.85e-151	420
WP_102133184.1	QIZ21284.1	78.125	352	77	0	1	352	1	352	0.0	590
WP_157101706.1	QIZ20499.1	56.641	256	111	0	2	257	3	258	2.68e-100	289
WP_157101707.1	QIZ20633.1	87.097	217	28	0	5	221	2	218	4.47e-141	389
WP_157101708.1	QIZ20863.1	40.206	291	161	6	68	351	51	335	5.12e-56	182
WP_157101709.1	QIZ21371.1	56.089	542	232	3	2	537	16	557	0.0	618
WP_157101710.1	QIZ21242.1	59.394	330	131	2	61	389	52	379	3.79e-130	374
WP_157101712.1	QIZ21008.1	89.272	261	28	0	1	261	1	261	1.16e-179	490
WP_157101713.1	QIZ21007.1	87.841	403	49	0	1	403	1	403	0.0	751
WP_157101714.1	QIZ20936.1	71.014	276	79	1	1	276	1	275	1.70e-148	412
WP_157101718.1	QIZ20777.1	75.425	647	159	0	5	651	5	651	0.0	1028
WP_157101719.1	QIZ21485.1	82.944	557	95	0	5	561	5	561	0.0	972
WP_157101726.1	QIZ20368.1	64.458	166	59	0	21	186	5	170	9.19e-79	228
WP_157101732.1	QIZ20408.1	67.907	215	59	3	1	209	148	358	2.59e-103	298
WP_179850052.1	QIZ21138.1	68.966	58	18	0	1	58	2	59	9.07e-24	80.1
WP_198150947.1	QIZ20888.1	41.489	188	106	1	15	198	12	199	1.59e-38	129
WP_198150951.1	QIZ21324.1	39.615	260	112	8	1	220	1	255	2.47e-43	142
WP_198150952.1	QIZ21454.1	39.454	403	241	3	21	422	31	431	1.84e-91	279
WP_198150956.1	QIZ20719.1	34.097	349	206	8	15	349	8	346	7.78e-53	174
WP_198150958.1	QIZ20291.1	52.878	278	115	4	1	270	11	280	1.55e-87	258
WP_198150959.1	QIZ20302.1	80.855	491	90	1	1	487	1	491	0.0	814
WP_198150962.1	QIZ20485.1	48.963	482	246	0	1	482	1	482	6.18e-166	473
WP_198150963.1	QIZ20548.1	91.667	264	22	0	1	264	1	264	0.0	496
WP_198150966.1	QIZ21379.1	35.802	162	101	2	36	197	65	223	4.38e-26	96.3
WP_198150967.1	QIZ21225.1	52.288	153	73	0	26	178	25	177	9.06e-53	162
WP_232311380.1	QIZ21328.1	61.382	246	94	1	8	252	8	253	2.99e-106	303
WP_232311381.1	QIZ21411.1	65.886	299	102	0	5	303	1	299	3.57e-141	396
WP_232311382.1	QIZ21429.1	73.409	440	117	0	14	453	1	440	0.0	675
WP_232311384.1	QIZ21450.1	82.301	113	20	0	2	114	1	113	3.16e-70	201
WP_232311387.1	QIZ20290.1	87.090	457	59	0	10	466	1	457	0.0	820
WP_232311388.1	QIZ20293.1	64.720	428	150	1	1	428	5	431	0.0	557
WP_232311389.1	QIZ20320.1	50.286	175	85	1	1	175	1	173	1.77e-54	166
WP_232311390.1	QIZ20328.1	74.154	325	84	0	2	326	1	325	0.0	514
WP_232311391.1	QIZ20348.1	81.136	440	83	0	2	441	3	442	0.0	742
WP_232311392.1	QIZ20383.1	81.761	159	28	1	1	158	26	184	3.31e-95	269
WP_232311393.1	QIZ20405.1	76.923	130	30	0	9	138	4	133	4.32e-72	207
WP_232311394.1	QIZ20418.1	72.365	351	97	0	1	351	31	381	0.0	510
WP_232311395.1	QIZ20426.1	72.263	137	38	0	16	152	16	152	9.15e-72	208
WP_232311396.1	QIZ20434.1	53.815	249	109	2	1	248	1	244	2.08e-91	265
WP_232311397.1	QIZ20448.1	52.815	373	172	3	3	372	1	372	1.53e-124	360
WP_232311398.1	QIZ20483.1	67.961	206	62	2	3	207	12	214	2.61e-95	273
WP_232311399.1	QIZ20530.1	71.196	184	52	1	4	186	1	184	1.81e-97	276
WP_232311400.1	QIZ20541.1	76.206	311	74	0	6	316	1	311	6.56e-179	493
WP_232311404.1	QIZ20647.1	56.881	218	94	0	1	218	5	222	3.20e-76	225
WP_232311405.1	QIZ20613.1	68.750	304	91	2	3	305	1	301	1.25e-159	443
WP_232311406.1	QIZ20706.1	77.821	257	57	0	10	266	8	264	7.92e-148	410
WP_232311407.1	QIZ20734.1	75.912	137	33	0	2	138	44	180	1.31e-78	226
WP_232311408.1	QIZ21373.1	58.548	427	175	2	5	430	5	430	2.29e-151	432
WP_232311409.1	QIZ21372.1	53.417	951	419	7	2	939	1	940	0.0	877
WP_232311410.1	QIZ21365.1	60.000	250	99	1	1	250	13	261	1.99e-114	324
WP_232311412.1	QIZ21262.1	69.663	178	53	1	2	179	1	177	2.23e-91	260
WP_232311413.1	QIZ21123.1	90.674	386	36	0	3	388	1	386	0.0	716
WP_232311414.1	QIZ21084.1	81.081	185	35	0	1	185	23	207	6.11e-111	311
WP_232311415.1	QIZ21082.1	92.013	601	48	0	1	601	2	602	0.0	1085
WP_232311417.1	QIZ21078.1	61.972	213	81	0	4	216	1	213	6.07e-95	272
WP_232311418.1	QIZ21027.1	70.558	197	57	1	2	197	1	197	1.35e-99	282
WP_232311419.1	QIZ21022.1	65.714	315	108	0	11	325	15	329	2.64e-157	439
WP_232311420.1	QIZ21019.1	69.635	438	132	1	1	437	9	446	0.0	632
WP_232311421.1	QIZ21001.1	58.503	147	60	1	1	147	2	147	1.87e-62	184
WP_252100564.1	QIZ20959.1	88.294	598	70	0	1	598	4	601	0.0	1109
WP_269466643.1	QIZ21235.1	90.359	529	51	0	2	530	1	529	0.0	955
WP_269466644.1	QIZ20476.1	91.469	422	34	1	1	420	1	422	0.0	798
