WP_006996810.1	QIZ20262.1	100.000	102	0	0	1	102	1	102	9.82e-72	204
WP_008544079.1	QIZ20273.1	95.902	122	5	0	1	122	1	122	8.88e-82	231
WP_023648301.1	QIZ20573.1	96.842	95	3	0	1	95	1	95	8.72e-68	194
WP_028036888.1	QIZ20260.1	88.462	156	18	0	1	156	1	156	9.33e-103	287
WP_028037239.1	QIZ21467.1	97.162	458	13	0	12	469	17	474	0.0	929
WP_271479013.1	QIZ20495.1	86.252	531	73	0	1	531	1	531	0.0	982
WP_271479017.1	QIZ20494.1	70.968	248	69	2	1	245	1	248	8.48e-132	368
WP_271479018.1	QIZ20493.1	63.710	124	45	0	5	128	11	134	4.56e-55	164
WP_271479020.1	QIZ20492.1	87.597	258	32	0	1	258	1	258	9.75e-172	469
WP_271479022.1	QIZ20491.1	89.328	506	54	0	1	506	1	506	0.0	946
WP_271479024.1	QIZ20490.1	82.026	306	55	0	1	306	1	306	0.0	522
WP_271479026.1	QIZ20489.1	88.122	362	43	0	1	362	1	362	0.0	672
WP_271479028.1	QIZ20488.1	82.192	219	38	1	1	218	1	219	1.82e-123	344
WP_271479030.1	QIZ20487.1	88.209	441	52	0	1	441	1	441	0.0	746
WP_271479032.1	QIZ20486.1	78.716	296	63	0	2	297	1	296	7.03e-174	478
WP_271479034.1	QIZ20485.1	62.062	485	184	0	1	485	1	485	0.0	586
WP_271479036.1	QIZ20484.1	79.032	248	52	0	1	248	1	248	9.17e-149	410
WP_271479039.1	QIZ20483.1	66.497	197	62	2	20	215	21	214	6.09e-93	267
WP_271479042.1	QIZ20482.1	74.286	140	36	0	1	140	1	140	4.19e-79	226
WP_271479044.1	QIZ20481.1	67.411	224	73	0	1	224	1	224	1.12e-108	307
WP_271479046.1	QIZ20480.1	57.055	163	70	0	19	181	19	181	4.11e-62	186
WP_271479052.1	QIZ20479.1	72.500	80	22	0	1	80	1	80	9.77e-41	124
WP_271479054.1	QIZ20478.1	74.949	487	115	2	1	481	1	486	0.0	712
WP_271479056.1	QIZ20477.1	89.163	203	22	0	1	203	1	203	6.42e-139	382
WP_271479058.1	QIZ20476.1	93.602	422	27	0	1	422	1	422	0.0	817
WP_271479059.1	QIZ20475.1	89.660	793	81	1	1	792	2	794	0.0	1431
WP_271479060.1	QIZ20248.1	71.200	250	72	0	6	255	7	256	5.36e-123	346
WP_271479062.1	QIZ20599.1	41.196	301	167	3	4	301	1	294	4.00e-75	228
WP_271479063.1	QIZ20249.1	87.045	247	32	0	1	247	1	247	4.96e-168	459
WP_271479064.1	QIZ20250.1	95.960	396	16	0	1	396	1	396	0.0	750
WP_271479065.1	QIZ20251.1	88.889	63	7	0	1	63	1	63	3.25e-36	111
WP_271479066.1	QIZ20252.1	94.318	176	10	0	1	176	1	176	5.32e-123	340
WP_271479067.1	QIZ20253.1	87.234	141	18	0	1	141	1	141	8.62e-89	250
WP_271479068.1	QIZ20254.1	85.153	229	34	0	1	229	1	229	1.40e-142	394
WP_271479069.1	QIZ20255.1	81.928	166	30	0	2	167	1	166	6.88e-99	278
WP_271479070.1	QIZ20256.1	89.256	121	12	1	1	120	1	121	6.91e-61	178
WP_271479071.1	QIZ20257.1	92.076	1363	107	1	1	1362	1	1363	0.0	2599
WP_271479072.1	QIZ20258.1	90.791	1390	126	2	1	1389	1	1389	0.0	2623
WP_271479073.1	QIZ20259.1	97.561	123	3	0	1	123	1	123	3.58e-85	239
WP_271479074.1	QIZ20261.1	94.364	692	39	0	1	692	1	692	0.0	1366
WP_271479079.1	QIZ20263.1	83.700	227	37	0	1	227	1	227	1.91e-141	391
WP_271479081.1	QIZ20264.1	83.092	207	35	0	1	207	1	207	3.61e-128	355
WP_271479083.1	QIZ20265.1	88.660	97	11	0	1	97	1	97	2.03e-58	170
WP_271479085.1	QIZ20266.1	87.544	281	34	1	1	280	1	281	3.29e-176	483
WP_271479087.1	QIZ20267.1	86.207	87	12	0	1	87	1	87	1.24e-54	160
WP_271479089.1	QIZ20268.1	85.606	132	19	0	1	132	1	132	2.50e-82	233
WP_271479091.1	QIZ20269.1	94.690	226	12	0	1	226	1	226	2.61e-161	441
WP_271479093.1	QIZ20270.1	90.441	136	13	0	1	136	1	136	1.44e-89	252
WP_271479095.1	QIZ20271.1	85.714	63	9	0	1	63	1	63	3.26e-35	109
WP_271479097.1	QIZ20272.1	88.462	78	9	0	1	78	1	78	3.73e-39	120
WP_271479100.1	QIZ20274.1	91.429	70	6	0	1	70	1	70	3.04e-41	125
WP_271479102.1	QIZ20275.1	82.065	184	33	0	1	184	1	184	1.83e-115	321
WP_271479104.1	QIZ20276.1	89.109	101	11	0	1	101	1	101	6.87e-64	184
WP_271479106.1	QIZ20277.1	85.496	131	19	0	1	131	1	131	6.44e-82	232
WP_271479108.1	QIZ20278.1	83.240	179	30	0	1	179	1	179	4.05e-106	297
WP_271479110.1	QIZ20279.1	77.966	118	26	0	1	118	1	118	5.60e-65	188
WP_271479112.1	QIZ20280.1	86.982	169	22	0	3	171	2	170	2.68e-105	295
WP_271479114.1	QIZ20281.1	83.007	153	23	2	1	150	1	153	2.77e-74	214
WP_271479116.1	QIZ20282.1	92.254	426	33	0	1	426	1	426	0.0	792
WP_271479118.1	QIZ20283.1	71.622	148	42	0	1	148	1	148	3.23e-76	221
WP_271479121.1	QIZ20556.1	45.994	337	178	2	2	334	3	339	1.08e-106	312
WP_271479123.1	QIZ20592.1	35.317	252	149	6	6	256	5	243	5.62e-41	137
WP_271479145.1	QIZ20706.1	31.760	233	157	2	4	234	13	245	3.22e-43	142
WP_271479147.1	QIZ20642.1	45.169	445	238	5	2	446	3	441	3.48e-121	369
WP_271479156.1	QIZ21483.1	34.595	370	198	12	37	387	34	378	8.23e-56	184
WP_271479172.1	QIZ20739.1	43.534	232	131	0	2	233	25	256	1.75e-73	219
WP_271479178.1	QIZ20628.1	93.380	287	19	0	1	287	118	404	0.0	569
WP_271479180.1	QIZ20627.1	91.333	150	13	0	1	150	1	150	3.99e-103	288
WP_271479182.1	QIZ20626.1	79.798	99	19	1	1	99	1	98	4.21e-52	154
WP_271479184.1	QIZ20625.1	85.455	110	16	0	1	110	1	110	2.87e-69	199
WP_271479187.1	QIZ20624.1	92.735	468	34	0	1	468	1	468	0.0	917
WP_271479189.1	QIZ20623.1	74.843	159	40	0	1	159	1	159	5.44e-80	229
WP_271479191.1	QIZ20622.1	83.276	293	49	0	1	293	1	293	4.27e-168	463
WP_271479192.1	QIZ20620.1	80.412	194	38	0	1	194	1	194	1.64e-108	305
WP_271479194.1	QIZ20619.1	69.636	247	75	0	1	247	1	247	3.28e-101	290
WP_271479196.1	QIZ20618.1	92.771	166	12	0	1	166	1	166	3.79e-107	299
WP_271479198.1	QIZ20617.1	82.716	81	14	0	1	81	1	81	1.46e-49	146
WP_271479199.1	QIZ20616.1	87.791	516	63	0	1	516	66	581	0.0	944
WP_271479200.1	QIZ20615.1	86.957	115	15	0	1	115	1	115	7.72e-76	216
WP_271479202.1	QIZ20614.1	59.302	172	70	0	3	174	16	187	2.85e-68	202
WP_271479204.1	QIZ20613.1	71.287	303	85	1	1	303	1	301	2.68e-163	452
WP_271479207.1	QIZ20612.1	85.906	149	21	0	1	149	1	149	1.27e-85	243
WP_271479208.1	QIZ20611.1	74.684	79	20	0	1	79	1	79	1.01e-36	115
WP_271479210.1	QIZ20610.1	90.055	181	18	0	1	181	1	181	1.30e-121	337
WP_271479212.1	QIZ20609.1	88.788	330	37	0	1	330	1	330	0.0	607
WP_271479214.1	QIZ20607.1	55.914	93	37	3	1	90	1	92	7.62e-31	101
WP_271479220.1	QIZ20492.1	29.412	255	170	5	12	266	2	246	1.43e-25	97.8
WP_271479225.1	QIZ20501.1	48.125	320	164	1	1	318	1	320	1.86e-101	296
WP_271479238.1	QIZ20606.1	79.920	249	50	0	1	249	231	479	4.69e-152	428
WP_271479240.1	QIZ21483.1	92.248	387	30	0	1	387	1	387	0.0	738
WP_271479242.1	QIZ21481.1	78.363	342	74	0	1	342	1	342	0.0	556
WP_271479246.1	QIZ21480.1	88.488	443	51	0	1	443	1	443	0.0	840
WP_271479248.1	QIZ21479.1	89.261	717	77	0	1	717	1	717	0.0	1291
WP_271479251.1	QIZ21478.1	88.012	342	41	0	1	342	1	342	0.0	626
WP_271479253.1	QIZ21477.1	73.770	183	48	0	1	183	1	183	1.57e-86	248
WP_271479254.1	QIZ21476.1	72.000	125	34	1	1	125	1	124	1.34e-63	185
WP_271479256.1	QIZ21475.1	66.667	147	49	0	1	147	1	147	3.54e-66	194
WP_271479258.1	QIZ21474.1	93.949	314	19	0	1	314	1	314	0.0	614
WP_271479261.1	QIZ21473.1	88.129	775	92	0	1	775	1	775	0.0	1451
WP_271479264.1	QIZ21472.1	79.825	114	23	0	1	114	1	114	4.92e-64	186
WP_271479265.1	QIZ21471.1	88.688	442	50	0	1	442	1	442	0.0	837
WP_271479267.1	QIZ21470.1	94.683	489	26	0	4	492	1	489	0.0	990
WP_271479269.1	QIZ21469.1	96.178	314	12	0	1	314	1	314	0.0	630
WP_271479271.1	QIZ21468.1	92.606	284	21	0	1	284	1	284	0.0	540
WP_271479274.1	QIZ21466.1	94.017	117	7	0	24	140	17	133	9.89e-84	237
WP_271479276.1	QIZ21465.1	96.567	466	16	0	1	466	1	466	0.0	915
WP_271479278.1	QIZ21464.1	90.541	74	7	0	1	74	1	74	8.03e-48	142
WP_271479280.1	QIZ21463.1	92.517	294	22	0	1	294	1	294	0.0	543
WP_271479281.1	QIZ21462.1	96.104	154	6	0	1	154	1	154	7.61e-108	302
WP_271479283.1	QIZ21444.1	81.356	118	22	0	1	118	1	118	8.72e-63	199
WP_271479284.1	QIZ20556.1	33.036	224	142	5	376	597	45	262	4.07e-32	123
WP_271479284.1	QIZ20556.1	33.058	242	144	6	28	265	47	274	6.94e-32	122
WP_271479292.1	QIZ20218.1	36.471	340	201	8	60	388	43	378	2.93e-61	198
WP_271479298.1	QIZ21121.1	31.622	370	242	4	8	367	4	372	1.39e-61	199
WP_271479300.1	QIZ21401.1	24.314	547	357	16	8	530	7	520	7.64e-37	140
WP_271479304.1	QIZ21154.1	46.154	377	193	4	3	379	2	368	1.99e-123	357
WP_271479306.1	QIZ20975.1	36.548	394	214	8	5	371	9	393	4.78e-69	218
WP_271479308.1	QIZ21307.1	67.361	288	94	0	4	291	2	289	2.26e-155	431
WP_271479310.1	QIZ20560.1	26.765	340	246	2	47	383	48	387	1.10e-31	120
WP_271479315.1	QIZ21443.1	93.662	284	18	0	1	284	1	284	0.0	508
WP_271479317.1	QIZ21442.1	86.506	415	56	0	1	415	1	415	0.0	746
WP_271479319.1	QIZ20562.1	88.112	143	17	0	1	143	1	143	2.15e-91	269
WP_271479321.1	QIZ20566.1	57.812	128	54	0	1	128	29	156	3.35e-53	160
WP_271479323.1	QIZ20567.1	97.037	135	4	0	1	135	1	135	1.62e-100	280
WP_271479325.1	QIZ20568.1	81.053	190	35	1	1	189	1	190	1.55e-113	317
WP_271479327.1	QIZ20569.1	92.749	331	24	0	2	332	3	333	0.0	622
WP_271479329.1	QIZ20570.1	76.642	137	32	0	1	137	1	137	6.98e-82	233
WP_271479331.1	QIZ20571.1	92.708	96	7	0	9	104	1	96	4.93e-65	187
WP_271479338.1	QIZ20577.1	85.849	106	15	0	1	106	1	106	5.86e-67	192
WP_271479340.1	QIZ20579.1	92.727	110	8	0	1	110	1	110	2.76e-67	193
WP_271479342.1	QIZ20581.1	69.333	75	23	0	1	75	1	75	1.00e-34	108
WP_271479344.1	QIZ20582.1	69.091	110	34	0	1	110	1	110	5.00e-44	135
WP_271479346.1	QIZ20583.1	63.063	111	41	0	1	111	1	111	7.94e-52	155
WP_271479348.1	QIZ20584.1	71.585	183	52	0	5	187	4	186	1.29e-100	284
WP_271479350.1	QIZ20585.1	71.269	268	77	0	1	268	1	268	2.01e-149	414
WP_271479354.1	QIZ20586.1	92.228	193	15	0	1	193	1	193	6.12e-134	369
WP_271479356.1	QIZ20587.1	75.745	235	57	0	1	235	1	235	1.07e-126	354
WP_271479361.1	QIZ20980.1	83.077	195	22	3	7	194	114	304	2.69e-115	326
WP_271479371.1	QIZ21155.1	78.244	262	57	0	1	262	70	331	2.09e-153	427
WP_271479372.1	QIZ21156.1	70.866	127	37	0	1	127	1	127	2.50e-65	190
WP_271479373.1	QIZ21157.1	62.963	108	40	0	1	108	1	108	5.22e-39	122
WP_271479374.1	QIZ21158.1	92.217	591	45	1	1	591	1	590	0.0	1152
WP_271479375.1	QIZ21159.1	89.105	257	28	0	1	257	1	257	3.97e-176	481
WP_271479376.1	QIZ21160.1	93.763	497	31	0	1	497	1	497	0.0	974
WP_271479377.1	QIZ21161.1	95.625	320	14	0	1	320	1	320	0.0	617
WP_271479378.1	QIZ21162.1	88.601	386	44	0	1	386	1	386	0.0	692
WP_271479379.1	QIZ21163.1	91.065	291	26	0	1	291	1	291	0.0	513
WP_271479380.1	QIZ21164.1	82.766	969	166	1	1	969	1	968	0.0	1697
WP_271479381.1	QIZ21165.1	79.770	435	76	3	1	433	1	425	0.0	693
WP_271479382.1	QIZ21166.1	83.691	466	76	0	1	466	1	466	0.0	806
WP_271479384.1	QIZ21399.1	81.413	269	47	2	5	272	6	272	1.49e-151	427
WP_271479385.1	QIZ21398.1	86.885	61	8	0	1	61	1	61	5.03e-35	108
WP_271479386.1	QIZ21397.1	94.810	289	15	0	1	289	1	289	0.0	535
WP_271479387.1	QIZ21396.1	91.553	367	30	1	1	367	1	366	0.0	645
WP_271479388.1	QIZ21395.1	95.620	274	12	0	18	291	1	274	0.0	532
WP_271479389.1	QIZ21388.1	92.698	315	23	0	1	315	1	315	0.0	616
WP_271479390.1	QIZ20746.1	87.571	885	110	0	1	885	1	885	0.0	1620
WP_271479391.1	QIZ20747.1	68.850	687	214	0	1	687	1	687	0.0	950
WP_271479392.1	QIZ20749.1	86.567	268	36	0	1	268	1	268	3.97e-157	434
WP_271479393.1	QIZ20750.1	80.119	337	67	0	1	337	1	337	0.0	556
WP_271479394.1	QIZ20751.1	75.481	208	51	0	1	208	1	208	3.15e-120	335
WP_271479395.1	QIZ20752.1	91.389	360	31	0	1	360	1	360	0.0	669
WP_271479396.1	QIZ20753.1	85.714	91	13	0	1	91	547	637	7.21e-52	167
WP_271479397.1	QIZ20748.1	86.689	293	39	0	1	293	1	293	0.0	546
WP_271479398.1	QIZ20690.1	82.831	332	56	1	1	331	1	332	0.0	551
WP_271479399.1	QIZ20689.1	65.580	276	95	0	1	276	1	276	4.50e-134	376
WP_271479400.1	QIZ20687.1	60.256	156	62	0	1	156	1	156	1.11e-57	173
WP_271479401.1	QIZ20686.1	60.294	136	48	2	1	131	1	135	9.92e-55	164
WP_271479402.1	QIZ20685.1	54.082	196	89	1	1	195	1	196	7.15e-75	220
WP_271479403.1	QIZ20684.1	63.438	413	148	1	1	413	1	410	1.51e-178	500
WP_271479404.1	QIZ20683.1	76.744	301	70	0	1	301	1	301	2.52e-165	457
WP_271479405.1	QIZ20682.1	87.160	405	52	0	1	405	1	405	0.0	759
WP_271479406.1	QIZ20681.1	94.823	367	19	0	5	371	4	370	0.0	736
WP_271479407.1	QIZ20680.1	78.674	347	74	0	1	347	1	347	0.0	587
WP_271479408.1	QIZ20679.1	82.667	75	13	0	1	75	1	75	1.58e-44	133
WP_271479414.1	QIZ20675.1	58.824	68	28	0	1	68	1	68	1.40e-24	82.8
WP_271479416.1	QIZ20725.1	75.676	888	216	0	1	888	1	888	0.0	1404
WP_271479417.1	QIZ20724.1	88.119	404	48	0	1	404	1	404	0.0	762
WP_271479418.1	QIZ20723.1	75.349	215	53	0	1	215	1	215	1.99e-128	357
WP_271479419.1	QIZ20722.1	66.171	269	87	3	1	267	1	267	4.95e-124	350
WP_271479420.1	QIZ20720.1	75.862	203	49	0	1	203	1	203	4.24e-109	306
WP_271479421.1	QIZ20719.1	83.799	358	58	0	1	358	1	358	0.0	573
WP_271479422.1	QIZ20718.1	55.862	145	64	0	1	145	1	145	1.30e-52	159
WP_271479423.1	QIZ20717.1	67.857	168	53	1	1	167	1	168	1.53e-65	221
WP_271479424.1	QIZ20976.1	85.106	141	21	0	1	141	1	141	7.96e-91	255
WP_271479425.1	QIZ20974.1	91.897	1012	82	0	1	1012	1	1012	0.0	1974
WP_271479426.1	QIZ20969.1	87.342	1501	190	0	1	1501	1	1501	0.0	2760
WP_271479427.1	QIZ20967.1	72.358	246	68	0	1	246	1	246	4.79e-120	338
WP_271479428.1	QIZ20966.1	76.042	384	92	0	1	384	1	384	0.0	599
WP_271479429.1	QIZ20965.1	86.834	638	84	0	1	638	1	638	0.0	1177
WP_271479430.1	QIZ20964.1	91.160	181	16	0	1	181	1	181	4.15e-124	343
WP_271479431.1	QIZ20963.1	92.647	68	5	0	1	68	1	68	3.80e-42	127
WP_271479432.1	QIZ20962.1	94.068	118	7	0	1	118	1	118	3.82e-81	229
WP_271479433.1	QIZ20961.1	92.394	355	27	0	1	355	1	355	0.0	689
WP_271479434.1	QIZ21144.1	89.617	183	19	0	1	183	1	183	8.76e-114	327
WP_271479435.1	QIZ21143.1	73.723	274	72	0	1	274	1	274	2.59e-144	402
WP_271479436.1	QIZ21142.1	84.262	305	48	0	1	305	1	305	0.0	522
WP_271479437.1	QIZ21141.1	68.449	187	59	0	1	187	1	187	9.41e-94	266
WP_271479438.1	QIZ21140.1	71.260	254	73	0	19	272	19	272	5.20e-141	393
WP_271479439.1	QIZ21139.1	78.819	288	61	0	3	290	5	292	1.23e-157	437
WP_271479440.1	QIZ21126.1	58.968	407	162	1	1	407	1	402	1.06e-153	436
WP_271479441.1	QIZ20487.1	32.258	310	156	6	2	309	6	263	1.75e-36	139
WP_271479443.1	QIZ21134.1	31.487	343	231	3	1	340	6	347	2.99e-39	139
WP_271479444.1	QIZ21408.1	71.642	268	55	1	1	247	377	644	1.62e-134	389
WP_271479445.1	QIZ21409.1	68.280	372	118	0	3	374	2	373	1.60e-175	489
WP_271479446.1	QIZ21410.1	83.252	412	69	0	1	412	1	412	0.0	729
WP_271479447.1	QIZ21329.1	70.561	428	124	1	2	429	23	448	0.0	618
WP_271479448.1	QIZ21328.1	60.744	242	93	2	3	242	2	243	1.66e-106	304
WP_271479449.1	QIZ21329.1	33.191	235	154	1	431	665	215	446	3.15e-36	137
WP_271479451.1	QIZ21239.1	78.742	461	97	1	1	461	445	904	0.0	766
WP_271479452.1	QIZ21240.1	48.101	158	82	0	8	165	7	164	4.36e-45	142
WP_271479454.1	QIZ21242.1	58.730	378	154	1	8	383	3	380	3.02e-141	402
WP_271479455.1	QIZ21243.1	65.426	188	65	0	1	188	1	188	6.31e-78	226
WP_271479456.1	QIZ21244.1	65.238	420	146	0	1	420	1	420	0.0	579
WP_271479457.1	QIZ21245.1	80.000	60	12	0	1	60	1	60	2.18e-32	102
WP_271479458.1	QIZ21246.1	61.888	286	109	0	1	286	1	286	2.45e-128	362
WP_271479459.1	QIZ21247.1	59.936	312	125	0	1	312	1	312	7.65e-133	376
WP_271479460.1	QIZ21248.1	57.857	420	173	1	1	416	1	420	9.16e-158	447
WP_271479461.1	QIZ21249.1	77.011	174	40	0	1	174	405	578	6.60e-91	272
WP_271479463.1	QIZ20780.1	77.976	336	74	0	1	336	1	336	0.0	545
WP_271479464.1	QIZ21326.1	34.940	1245	602	31	302	1401	392	1573	0.0	694
WP_271479466.1	QIZ21324.1	39.768	259	120	8	1	227	1	255	1.53e-44	145
WP_271479467.1	QIZ21323.1	38.158	304	128	10	1	262	20	305	2.90e-57	181
WP_271479469.1	QIZ21401.1	34.231	260	166	5	2	258	6	263	5.82e-36	130
WP_271479470.1	QIZ21437.1	74.807	389	97	1	1	389	1	388	0.0	637
WP_271479473.1	QIZ20216.1	55.836	317	139	1	1	316	1	317	5.81e-123	351
WP_271479474.1	QIZ20495.1	42.992	528	298	3	3	527	4	531	3.69e-143	419
WP_271479476.1	QIZ20946.1	66.358	324	109	0	1	324	1	324	4.39e-154	432
WP_271479477.1	QIZ20945.1	58.333	168	70	0	1	168	1	168	1.35e-68	201
WP_271479479.1	QIZ20944.1	57.823	588	245	3	1	587	1	586	0.0	633
WP_271479480.1	QIZ20943.1	81.977	172	31	0	1	172	1	172	1.45e-105	295
WP_271479481.1	QIZ20942.1	68.730	307	96	0	1	307	1	307	1.12e-156	436
WP_271479482.1	QIZ20708.1	94.253	261	15	0	12	272	1	261	0.0	519
WP_271479483.1	QIZ20709.1	85.973	221	31	0	1	221	15	235	1.10e-141	391
WP_271479484.1	QIZ20851.1	27.160	324	197	8	9	327	6	295	4.86e-30	112
WP_271479487.1	QIZ20805.1	37.678	422	219	8	193	598	2	395	3.65e-93	288
WP_271479491.1	QIZ20875.1	83.088	136	23	0	5	140	141	276	1.78e-82	239
WP_271479492.1	QIZ20871.1	79.735	528	99	1	260	779	206	733	0.0	892
WP_271479493.1	QIZ20872.1	85.222	203	30	0	1	203	1	203	7.71e-130	359
WP_271479494.1	QIZ20873.1	81.905	105	19	0	1	105	1	105	5.78e-59	172
WP_271479495.1	QIZ20874.1	74.336	565	122	4	1	550	1	557	0.0	805
WP_271479496.1	QIZ20214.1	84.722	288	44	0	1	288	1	288	1.20e-160	444
WP_271479497.1	QIZ20676.1	90.062	161	16	0	1	161	1	161	1.88e-96	271
WP_271479499.1	QIZ20500.1	87.467	383	48	0	1	383	1	383	0.0	713
WP_271479500.1	QIZ20499.1	75.486	257	63	0	1	257	1	257	1.10e-144	401
WP_271479501.1	QIZ20498.1	61.798	267	97	2	1	266	1	263	6.27e-109	311
WP_271479502.1	QIZ20497.1	90.476	252	24	0	1	252	1	252	8.49e-158	434
WP_271479503.1	QIZ20496.1	92.453	53	4	0	1	53	144	196	1.35e-28	95.9
WP_271479504.1	QIZ21029.1	60.067	298	118	1	1	298	1	297	1.57e-124	357
WP_271479505.1	QIZ21028.1	63.763	287	104	0	1	287	1	287	1.32e-126	358
WP_271479506.1	QIZ21027.1	76.263	198	45	1	1	198	1	196	3.96e-112	314
WP_271479507.1	QIZ21026.1	84.757	761	115	1	1	761	1	760	0.0	1312
WP_271479508.1	QIZ21278.1	84.615	91	14	0	1	91	1	91	9.04e-52	153
WP_271479509.1	QIZ21279.1	82.030	857	154	0	1	857	1	857	0.0	1429
WP_271479511.1	QIZ21461.1	97.511	442	11	0	1	442	1	442	0.0	885
WP_271479512.1	QIZ21460.1	82.313	441	78	0	1	441	1	441	0.0	764
WP_271479513.1	QIZ21428.1	96.726	336	11	0	1	336	1	336	0.0	646
WP_271479514.1	QIZ21427.1	93.191	235	16	0	1	235	1	235	6.17e-155	425
WP_271479515.1	QIZ21426.1	94.845	194	10	0	1	194	71	264	9.03e-135	374
WP_271479516.1	QIZ20876.1	62.273	220	81	1	2	219	3	222	7.03e-86	250
WP_271479517.1	QIZ20877.1	72.067	179	50	0	1	179	11	189	5.10e-99	280
WP_271479518.1	QIZ20878.1	80.259	309	61	0	1	309	1	309	0.0	503
WP_271479519.1	QIZ20879.1	66.667	84	28	0	1	84	302	385	2.93e-31	108
WP_271479520.1	QIZ20232.1	84.082	245	39	0	1	245	1	245	7.98e-158	433
WP_271479521.1	QIZ20231.1	90.974	421	38	0	1	421	39	459	0.0	805
WP_271479522.1	QIZ21425.1	90.099	303	30	0	1	303	1	303	0.0	556
WP_271479523.1	QIZ21424.1	89.720	107	11	0	1	107	1	107	4.36e-65	187
WP_271479524.1	QIZ21423.1	94.444	234	13	0	1	234	1	234	3.21e-164	449
WP_271479525.1	QIZ21422.1	97.115	104	3	0	1	104	158	261	2.33e-67	199
WP_271479529.1	QIZ20882.1	75.563	311	76	0	1	311	11	321	0.0	499
WP_271479530.1	QIZ20881.1	78.313	166	34	1	1	164	1	166	7.04e-96	270
WP_271479531.1	QIZ20879.1	86.561	253	34	0	1	253	1	253	6.95e-160	444
WP_271479532.1	QIZ20690.1	88.889	153	17	0	1	153	400	552	1.19e-99	292
WP_271479533.1	QIZ20691.1	91.840	576	47	0	1	576	1	576	0.0	1131
WP_271479534.1	QIZ21013.1	76.412	301	59	3	3	299	4	296	8.96e-155	446
WP_271479535.1	QIZ21014.1	93.781	402	25	0	1	402	129	530	0.0	744
