MDC0161237.1	ADE03423.2	28.511	235	144	6	27	255	172	388	4.53e-24	96.7
MDC0161244.1	ADE03982.1	50.711	211	101	2	5	212	7	217	1.84e-63	195
MDC0161248.1	ADE03059.1	31.600	250	139	9	4	232	124	362	8.51e-27	103
MDC0161252.1	ADE04937.1	25.670	522	321	18	7	507	5	480	3.08e-39	145
MDC0161253.1	ADE03363.1	49.135	289	137	5	1	283	1	285	8.51e-80	244
MDC0161255.1	ADE04745.1	41.860	559	286	15	13	533	10	567	3.93e-140	414
MDC0161256.1	ADE04419.1	31.818	264	153	11	4	256	17	264	9.93e-28	107
MDC0161257.1	ADE02619.1	32.734	278	183	3	3	277	2	278	7.51e-41	139
MDC0161258.1	ADE01530.1	45.161	124	66	2	1	123	1	123	2.91e-32	107
MDC0161264.1	ADE02382.1	38.701	385	223	6	15	396	10	384	5.76e-84	258
MDC0161267.1	ADE04193.1	31.000	300	194	4	20	318	24	311	1.14e-51	172
MDC0161270.1	ADE03487.1	52.208	385	180	2	7	387	2	386	9.04e-149	423
MDC0161271.1	ADE02529.1	49.677	310	155	1	12	321	6	314	1.07e-118	342
MDC0161272.1	ADE02369.1	33.573	417	247	11	22	426	2	400	1.70e-70	225
MDC0161273.1	ADE05091.1	24.672	685	412	21	21	625	28	688	1.97e-49	181
MDC0161276.1	ADE02873.1	26.004	473	280	13	91	500	35	500	1.37e-29	118
MDC0161278.1	ADE05176.1	32.203	177	120	0	14	190	11	187	3.78e-28	104
MDC0161280.1	ADE03724.1	29.108	426	291	7	10	430	11	430	3.48e-39	145
MDC0161281.1	ADE02525.1	46.221	344	172	6	3	338	10	348	1.19e-90	272
MDC0161290.1	ADE03359.1	42.977	477	268	2	14	488	25	499	3.15e-150	435
MDC0161292.1	ADE02816.1	29.457	258	148	5	22	260	12	254	2.47e-26	103
MDC0161296.1	ADE05118.1	34.432	273	164	7	4	271	10	272	7.24e-34	121
MDC0161300.1	ADE01291.1	26.741	359	220	10	12	337	6	354	6.82e-36	132
MDC0161302.1	ADE03869.1	32.234	273	177	3	48	313	44	315	1.05e-24	99.0
MDC0161303.1	ADE03594.1	39.381	226	132	4	7	231	34	255	8.17e-53	170
MDC0161310.1	ADE03958.1	42.373	295	159	6	6	295	2	290	8.87e-79	239
MDC0161320.1	ADE02787.1	44.388	392	208	5	1	387	2	388	4.35e-115	338
MDC0161322.1	ADE03211.1	49.392	411	202	3	1	411	9	413	3.58e-139	401
MDC0161323.1	ADE03868.1	29.085	306	201	8	8	308	3	297	2.84e-33	121
MDC0161325.1	ADE03421.1	40.867	323	135	5	26	300	13	327	1.07e-61	196
MDC0161326.1	ADE04077.1	36.555	238	136	5	17	242	26	260	5.81e-42	140
MDC0161327.1	ADE03772.1	40.128	937	498	18	9	894	22	946	0.0	619
MDC0161333.1	ADE04227.1	38.222	225	137	1	10	232	13	237	7.55e-40	139
MDC0161335.1	ADE04540.1	34.203	345	218	7	17	353	21	364	3.00e-53	177
MDC0161341.1	ADE03335.1	41.100	309	171	4	3	306	2	304	1.85e-73	226
MDC0161343.1	ADE04974.1	38.788	330	184	2	14	327	21	348	6.19e-61	195
MDC0161345.1	ADE01296.1	30.085	472	316	7	27	490	18	483	1.96e-66	219
MDC0161354.1	ADE02385.1	39.222	334	182	9	1	316	1	331	9.50e-75	231
MDC0161355.1	ADE01727.1	46.753	77	41	0	70	146	17	93	1.38e-25	90.5
MDC0161356.1	ADE02358.1	35.874	223	143	0	22	244	52	274	1.96e-46	153
MDC0161357.1	ADE03979.1	38.922	167	98	3	1	166	1	164	1.11e-35	119
MDC0161364.1	ADE04242.1	54.265	551	246	1	19	563	11	561	0.0	638
MDC0161369.1	ADE04791.1	46.649	388	203	2	1	387	818	1202	3.94e-119	370
MDC0161370.1	ADE02411.1	44.944	267	131	6	1	251	1	267	2.11e-68	210
MDC0161372.1	ADE02553.1	44.574	599	316	7	3	586	6	603	0.0	537
MDC0161375.1	ADE04973.1	33.684	190	123	2	2	191	1	187	2.89e-34	117
MDC0161376.1	ADE04925.1	37.143	140	81	5	4	139	3	139	9.79e-22	82.0
MDC0161377.1	ADE03822.1	34.529	223	131	4	7	228	14	222	2.89e-44	145
MDC0161380.1	ADE03484.1	26.778	239	169	4	9	243	12	248	2.30e-31	115
MDC0161381.1	ADE05108.1	54.237	531	229	8	2	527	13	534	0.0	558
MDC0161385.1	ADE04129.1	31.452	248	160	4	10	250	460	704	3.41e-33	124
MDC0161388.1	ADE03937.1	40.278	144	84	1	2	143	5	148	1.68e-36	121
MDC0161389.1	ADE03166.1	32.107	299	189	9	3	290	2	297	3.86e-33	124
MDC0161390.1	ADE03415.1	38.938	113	69	0	1	113	1	113	5.52e-29	99.4
MDC0161391.1	ADE04220.1	51.358	405	189	4	6	404	8	410	4.92e-151	431
MDC0161393.1	ADE03743.1	26.944	360	216	7	12	335	4	352	1.69e-35	129
MDC0161395.1	ADE03512.1	53.372	519	236	2	7	525	10	522	0.0	570
MDC0161397.1	ADE02047.1	28.475	446	293	10	7	446	1	426	1.50e-47	166
MDC0161398.1	ADE03372.1	41.398	186	102	5	1	180	1	185	9.61e-41	133
MDC0161415.1	ADE03473.1	31.029	593	352	11	4	573	2	560	1.95e-83	268
MDC0161417.1	ADE03224.1	51.155	303	142	3	3	302	5	304	1.14e-107	312
MDC0161418.1	ADE02597.1	40.268	149	83	3	3	149	4	148	4.65e-34	114
MDC0161419.1	ADE04471.1	44.898	147	81	0	1	147	1	147	1.27e-40	130
MDC0161420.1	ADE03005.1	45.912	159	73	2	24	182	3	148	1.62e-41	134
MDC0161422.1	ADE02725.1	51.734	346	157	2	8	344	15	359	8.35e-111	325
MDC0161428.1	ADE01966.1	23.983	467	318	9	4	450	7	456	3.70e-41	150
MDC0161431.1	ADE01616.1	24.599	374	241	14	9	355	19	378	8.33e-21	89.4
MDC0161434.1	ADE05062.1	39.510	367	214	5	5	366	4	367	2.36e-68	217
MDC0161442.1	ADE03276.1	30.396	227	147	6	30	248	41	264	3.71e-26	109
MDC0161444.1	ADE03568.1	31.696	224	143	4	7	222	37	258	1.69e-28	105
MDC0161449.1	ADE03459.1	42.784	388	211	6	1	387	1	378	1.95e-96	290
MDC0161450.1	ADE03528.1	44.531	128	58	1	2	116	1	128	1.11e-31	105
MDC0161451.1	ADE02740.1	29.412	340	219	11	16	339	21	355	7.31e-35	127
MDC0161452.1	ADE02325.1	48.797	291	149	0	13	303	19	309	2.32e-101	297
MDC0161453.1	ADE03054.1	43.210	162	88	2	9	167	1	161	1.98e-40	137
MDC0161454.1	ADE02970.1	44.244	443	207	13	5	418	4	435	4.63e-116	343
MDC0161459.1	ADE04690.1	45.481	343	174	6	1	335	1	338	1.39e-100	296
MDC0161460.1	ADE02763.1	44.444	261	132	4	1	261	1	248	3.87e-68	208
MDC0161462.1	ADE04069.1	50.000	214	103	2	16	225	17	230	5.24e-66	201
MDC0161463.1	ADE02957.1	50.758	132	60	1	29	155	9	140	5.12e-44	139
MDC0161465.1	ADE03162.1	42.254	213	113	1	6	218	6	208	4.69e-58	184
MDC0161467.1	ADE02790.1	41.667	96	55	1	1	95	1	96	2.96e-22	80.1
MDC0161469.1	ADE03144.1	47.170	106	51	2	9	109	3	108	6.32e-25	88.2
MDC0161470.1	ADE03526.1	52.273	132	63	0	1	132	1	132	4.82e-44	137
MDC0161472.1	ADE04620.1	27.679	224	155	3	5	222	4	226	1.03e-31	113
MDC0161473.1	ADE03897.1	40.854	164	95	1	1	164	9	170	1.84e-47	149
MDC0161482.1	ADE02963.1	45.817	251	134	2	16	266	571	819	1.68e-58	196
MDC0161486.1	ADE04543.1	28.922	204	139	3	1	198	1	204	5.66e-21	85.9
MDC0161487.1	ADE02774.1	33.333	690	388	23	17	661	24	686	3.47e-103	326
MDC0161488.1	ADE04702.1	41.096	219	127	2	6	223	15	232	1.01e-54	172
MDC0161493.1	ADE02379.1	36.378	613	344	12	1	569	11	621	3.13e-120	365
MDC0161494.1	ADE02246.1	39.130	391	227	8	4	387	2	388	1.76e-90	276
MDC0161498.1	ADE05189.1	35.586	222	135	3	2	222	119	333	2.56e-42	143
MDC0161499.1	ADE03245.1	47.774	337	156	3	3	335	5	325	8.20e-114	330
MDC0161500.1	ADE02602.1	37.719	228	142	0	190	417	293	520	2.83e-52	179
MDC0161500.1	ADE02602.1	39.521	167	87	1	1	167	1	153	6.81e-24	100
MDC0161501.1	ADE04480.1	42.827	474	254	9	7	472	10	474	3.78e-119	354
MDC0161503.1	ADE04552.1	31.515	495	281	10	3	447	25	511	3.36e-84	265
MDC0161504.1	ADE04045.1	34.630	257	140	6	26	254	18	274	1.53e-37	134
MDC0161506.1	ADE03335.1	36.634	303	185	4	3	300	4	304	8.89e-57	183
MDC0161508.1	ADE03626.1	35.602	191	117	1	3	193	4	188	2.51e-37	129
MDC0161515.1	ADE01721.1	56.823	447	185	2	1	439	128	574	0.0	524
MDC0161516.1	ADE03449.1	30.894	246	151	7	4	239	4	240	1.93e-35	129
MDC0161517.1	ADE04626.1	43.103	232	111	6	26	241	2	228	9.63e-50	175
MDC0161517.1	ADE04626.1	46.341	205	107	1	335	539	258	459	1.43e-42	155
MDC0161520.1	ADE02005.1	40.176	341	195	5	9	348	7	339	2.30e-65	207
MDC0161523.1	ADE02567.1	43.874	253	137	3	5	254	36	286	9.28e-71	216
MDC0161524.1	ADE04879.1	44.635	233	128	1	13	245	4	235	1.71e-69	211
MDC0161526.1	ADE05080.1	38.462	221	123	5	1	212	1	217	1.80e-42	140
MDC0161528.1	ADE02239.1	53.793	145	67	0	2	146	5	149	4.33e-59	178
MDC0161529.1	ADE04797.1	37.975	158	95	3	1	156	175	331	1.48e-30	113
MDC0161535.1	ADE04442.1	28.727	275	169	6	141	406	244	500	1.47e-32	126
MDC0161537.1	ADE03524.1	29.206	315	202	10	1	304	1	305	6.73e-29	109
MDC0161541.1	ADE04323.1	28.996	269	151	8	5	268	1	234	2.41e-26	100
MDC0161543.1	ADE04044.1	27.611	699	371	25	217	880	139	737	5.30e-42	161
MDC0161550.1	ADE02580.1	44.670	197	109	0	2	198	6	202	7.86e-59	183
MDC0161551.1	ADE03734.1	44.918	305	161	3	1	305	2	299	2.50e-96	283
MDC0161552.1	ADE03802.1	35.039	254	155	5	1	251	1	247	1.27e-45	150
MDC0161553.1	ADE03141.1	41.146	192	111	1	1	192	41	230	4.38e-50	159
MDC0161554.1	ADE04376.1	39.271	247	144	3	2	246	3	245	3.24e-58	192
MDC0161561.1	ADE02303.1	50.595	336	137	3	9	315	6	341	4.90e-120	345
MDC0161567.1	ADE03539.1	29.369	412	266	11	20	423	3	397	8.82e-54	181
MDC0161568.1	ADE04791.1	36.039	727	366	12	7	647	3	716	2.97e-141	439
MDC0161570.1	ADE04503.1	31.163	215	133	5	11	215	68	277	6.51e-27	102
MDC0161571.1	ADE03860.1	32.791	430	210	13	2	382	178	577	2.58e-54	187
MDC0161574.1	ADE04729.1	45.370	108	51	3	5	105	20	126	5.42e-23	83.2
